[0.0 'Conceptual' 1.0644806433135638 78.09038674314995 0.0 13 8 0 0 0.0]
[4.044235151937291 'Conceptual' 1.0644806433135638 78.09038674314995
 0.9999999999999999 13 8 0 1 4.044235151937291]
[3.9372248590068204 'Conceptual' 1.0644806433135638 78.09038674314995
 0.8305084745762711 13 8 0 2 3.9372248590068204]
[2.963479977396497 'Conceptual' 1.0644806433135638 78.09038674314995
 4.796610169491525 13 8 0 3 2.963479977396497]
[3.5554557083167753 'Conceptual' 1.0644806433135638 78.09038674314995
 4.999999999999999 13 8 0 4 3.5554557083167753]
[2.77261872178979 'Conceptual' 1.0644806433135638 78.09038674314995
 2.711864406779661 13 8 0 5 2.77261872178979]
[0.17702897767030254 'Conceptual' 1.0644806433135638 78.09038674314995
 1.6440677966101693 13 8 0 6 0.17702897767030254]
[4.0432760774786685 'Conceptual' 1.0644806433135638 78.09038674314995
 0.4915254237288135 13 8 0 7 4.0432760774786685]
[3.761207083577311 'Conceptual' 1.0644806433135638 78.09038674314995
 4.0508474576271185 13 8 0 8 3.761207083577311]
[0.6934672279891785 'Conceptual' 1.0644806433135638 78.09038674314995
 1.3559322033898304 13 8 0 9 0.6934672279891785]
[4.055671792318734 'Conceptual' 1.0644806433135638 78.09038674314995
 0.45762711864406774 13 8 0 10 4.055671792318734]
[3.0995322480778515 'Conceptual' 1.0644806433135638 78.09038674314995
 2.4576271186440675 13 8 0 11 3.0995322480778515]
[2.639118416484687 'Conceptual' 1.0644806433135638 78.09038674314995
 1.8644067796610169 13 8 0 12 2.639118416484687]
[2.493364126793324 'Conceptual' 1.0644806433135638 78.09038674314995
 1.6779661016949152 13 8 0 13 2.493364126793324]
[3.6890667277224476 'Conceptual' 1.0644806433135638 78.09038674314995
 2.966101694915254 13 8 0 14 3.6890667277224476]
[3.475349854723186 'Conceptual' 1.0644806433135638 78.09038674314995
 2.3559322033898304 13 8 0 15 3.475349854723186]
[3.9889858984144118 'Conceptual' 1.0644806433135638 78.09038674314995
 3.1355932203389827 13 8 0 16 3.9889858984144118]
[3.596443940112461 'Conceptual' 1.0644806433135638 78.09038674314995
 2.1864406779661016 13 8 0 17 3.596443940112461]
[1.609555905472648 'Conceptual' 1.0644806433135638 78.09038674314995
 1.1864406779661016 13 8 0 18 1.609555905472648]
[3.792941618795982 'Conceptual' 1.0644806433135638 78.09038674314995
 2.1864406779661016 13 8 0 19 3.792941618795982]
[0.0 'Conceptual' 1.0644806433135638 78.09038674314995 0.0 13 8 1 0 0.0]
[4.044235151937291 'Conceptual' 1.0644806433135638 78.09038674314995
 0.9999999999999999 13 8 1 1 4.044235151937291]
[3.9372248590068204 'Conceptual' 1.0644806433135638 78.09038674314995
 0.8305084745762711 13 8 1 2 3.9372248590068204]
[2.963479977396497 'Conceptual' 1.0644806433135638 78.09038674314995
 4.796610169491525 13 8 1 3 2.963479977396497]
[3.5554557083167753 'Conceptual' 1.0644806433135638 78.09038674314995
 4.999999999999999 13 8 1 4 3.5554557083167753]
[2.77261872178979 'Conceptual' 1.0644806433135638 78.09038674314995
 2.711864406779661 13 8 1 5 2.77261872178979]
[0.17702897767030254 'Conceptual' 1.0644806433135638 78.09038674314995
 1.6440677966101693 13 8 1 6 0.17702897767030254]
[4.0432760774786685 'Conceptual' 1.0644806433135638 78.09038674314995
 0.4915254237288135 13 8 1 7 4.0432760774786685]
[3.761207083577311 'Conceptual' 1.0644806433135638 78.09038674314995
 4.0508474576271185 13 8 1 8 3.761207083577311]
[0.6934672279891785 'Conceptual' 1.0644806433135638 78.09038674314995
 1.3559322033898304 13 8 1 9 0.6934672279891785]
[4.055671792318734 'Conceptual' 1.0644806433135638 78.09038674314995
 0.45762711864406774 13 8 1 10 4.055671792318734]
[3.0995322480778515 'Conceptual' 1.0644806433135638 78.09038674314995
 2.4576271186440675 13 8 1 11 3.0995322480778515]
[2.639118416484687 'Conceptual' 1.0644806433135638 78.09038674314995
 1.8644067796610169 13 8 1 12 2.639118416484687]
[2.493364126793324 'Conceptual' 1.0644806433135638 78.09038674314995
 1.6779661016949152 13 8 1 13 2.493364126793324]
[3.6890667277224476 'Conceptual' 1.0644806433135638 78.09038674314995
 2.966101694915254 13 8 1 14 3.6890667277224476]
[3.475349854723186 'Conceptual' 1.0644806433135638 78.09038674314995
 2.3559322033898304 13 8 1 15 3.475349854723186]
[3.9889858984144118 'Conceptual' 1.0644806433135638 78.09038674314995
 3.1355932203389827 13 8 1 16 3.9889858984144118]
[3.596443940112461 'Conceptual' 1.0644806433135638 78.09038674314995
 2.1864406779661016 13 8 1 17 3.596443940112461]
[1.609555905472648 'Conceptual' 1.0644806433135638 78.09038674314995
 1.1864406779661016 13 8 1 18 1.609555905472648]
[3.792941618795982 'Conceptual' 1.0644806433135638 78.09038674314995
 2.1864406779661016 13 8 1 19 3.792941618795982]
[0.0 'Conceptual' 1.0644806433135638 78.09038674314995 0.0 13 8 2 0 0.0]
[4.044235151937291 'Conceptual' 1.0644806433135638 78.09038674314995
 0.9999999999999999 13 8 2 1 4.044235151937291]
[3.9372248590068204 'Conceptual' 1.0644806433135638 78.09038674314995
 0.8305084745762711 13 8 2 2 3.9372248590068204]
[2.963479977396497 'Conceptual' 1.0644806433135638 78.09038674314995
 4.796610169491525 13 8 2 3 2.963479977396497]
[3.5554557083167753 'Conceptual' 1.0644806433135638 78.09038674314995
 4.999999999999999 13 8 2 4 3.5554557083167753]
[2.77261872178979 'Conceptual' 1.0644806433135638 78.09038674314995
 2.711864406779661 13 8 2 5 2.77261872178979]
[0.17702897767030254 'Conceptual' 1.0644806433135638 78.09038674314995
 1.6440677966101693 13 8 2 6 0.17702897767030254]
[4.0432760774786685 'Conceptual' 1.0644806433135638 78.09038674314995
 0.4915254237288135 13 8 2 7 4.0432760774786685]
[3.761207083577311 'Conceptual' 1.0644806433135638 78.09038674314995
 4.0508474576271185 13 8 2 8 3.761207083577311]
[0.6934672279891785 'Conceptual' 1.0644806433135638 78.09038674314995
 1.3559322033898304 13 8 2 9 0.6934672279891785]
[4.055671792318734 'Conceptual' 1.0644806433135638 78.09038674314995
 0.45762711864406774 13 8 2 10 4.055671792318734]
[3.0995322480778515 'Conceptual' 1.0644806433135638 78.09038674314995
 2.4576271186440675 13 8 2 11 3.0995322480778515]
[2.639118416484687 'Conceptual' 1.0644806433135638 78.09038674314995
 1.8644067796610169 13 8 2 12 2.639118416484687]
[2.493364126793324 'Conceptual' 1.0644806433135638 78.09038674314995
 1.6779661016949152 13 8 2 13 2.493364126793324]
[3.6890667277224476 'Conceptual' 1.0644806433135638 78.09038674314995
 2.966101694915254 13 8 2 14 3.6890667277224476]
[3.475349854723186 'Conceptual' 1.0644806433135638 78.09038674314995
 2.3559322033898304 13 8 2 15 3.475349854723186]
[3.9889858984144118 'Conceptual' 1.0644806433135638 78.09038674314995
 3.1355932203389827 13 8 2 16 3.9889858984144118]
[3.596443940112461 'Conceptual' 1.0644806433135638 78.09038674314995
 2.1864406779661016 13 8 2 17 3.596443940112461]
[1.609555905472648 'Conceptual' 1.0644806433135638 78.09038674314995
 1.1864406779661016 13 8 2 18 1.609555905472648]
[3.792941618795982 'Conceptual' 1.0644806433135638 78.09038674314995
 2.1864406779661016 13 8 2 19 3.792941618795982]
[0.0 'Conceptual' 1.0644806433135638 78.09038674314995 0.0 13 8 3 0 0.0]
[4.044235151937291 'Conceptual' 1.0644806433135638 78.09038674314995
 0.9999999999999999 13 8 3 1 4.044235151937291]
[3.9372248590068204 'Conceptual' 1.0644806433135638 78.09038674314995
 0.8305084745762711 13 8 3 2 3.9372248590068204]
[2.963479977396497 'Conceptual' 1.0644806433135638 78.09038674314995
 4.796610169491525 13 8 3 3 2.963479977396497]
[3.5554557083167753 'Conceptual' 1.0644806433135638 78.09038674314995
 4.999999999999999 13 8 3 4 3.5554557083167753]
[2.77261872178979 'Conceptual' 1.0644806433135638 78.09038674314995
 2.711864406779661 13 8 3 5 2.77261872178979]
[0.17702897767030254 'Conceptual' 1.0644806433135638 78.09038674314995
 1.6440677966101693 13 8 3 6 0.17702897767030254]
[4.0432760774786685 'Conceptual' 1.0644806433135638 78.09038674314995
 0.4915254237288135 13 8 3 7 4.0432760774786685]
[3.761207083577311 'Conceptual' 1.0644806433135638 78.09038674314995
 4.0508474576271185 13 8 3 8 3.761207083577311]
[0.6934672279891785 'Conceptual' 1.0644806433135638 78.09038674314995
 1.3559322033898304 13 8 3 9 0.6934672279891785]
[4.055671792318734 'Conceptual' 1.0644806433135638 78.09038674314995
 0.45762711864406774 13 8 3 10 4.055671792318734]
[3.0995322480778515 'Conceptual' 1.0644806433135638 78.09038674314995
 2.4576271186440675 13 8 3 11 3.0995322480778515]
[2.639118416484687 'Conceptual' 1.0644806433135638 78.09038674314995
 1.8644067796610169 13 8 3 12 2.639118416484687]
[2.493364126793324 'Conceptual' 1.0644806433135638 78.09038674314995
 1.6779661016949152 13 8 3 13 2.493364126793324]
[3.6890667277224476 'Conceptual' 1.0644806433135638 78.09038674314995
 2.966101694915254 13 8 3 14 3.6890667277224476]
[3.475349854723186 'Conceptual' 1.0644806433135638 78.09038674314995
 2.3559322033898304 13 8 3 15 3.475349854723186]
[3.9889858984144118 'Conceptual' 1.0644806433135638 78.09038674314995
 3.1355932203389827 13 8 3 16 3.9889858984144118]
[3.596443940112461 'Conceptual' 1.0644806433135638 78.09038674314995
 2.1864406779661016 13 8 3 17 3.596443940112461]
[1.609555905472648 'Conceptual' 1.0644806433135638 78.09038674314995
 1.1864406779661016 13 8 3 18 1.609555905472648]
[3.792941618795982 'Conceptual' 1.0644806433135638 78.09038674314995
 2.1864406779661016 13 8 3 19 3.792941618795982]
[0.0 'Conceptual' 1.0644806433135638 78.09038674314995 0.0 13 8 4 0 0.0]
[4.044235151937291 'Conceptual' 1.0644806433135638 78.09038674314995
 0.9999999999999999 13 8 4 1 4.044235151937291]
[3.9372248590068204 'Conceptual' 1.0644806433135638 78.09038674314995
 0.8305084745762711 13 8 4 2 3.9372248590068204]
[2.963479977396497 'Conceptual' 1.0644806433135638 78.09038674314995
 4.796610169491525 13 8 4 3 2.963479977396497]
[3.5554557083167753 'Conceptual' 1.0644806433135638 78.09038674314995
 4.999999999999999 13 8 4 4 3.5554557083167753]
[2.77261872178979 'Conceptual' 1.0644806433135638 78.09038674314995
 2.711864406779661 13 8 4 5 2.77261872178979]
[0.17702897767030254 'Conceptual' 1.0644806433135638 78.09038674314995
 1.6440677966101693 13 8 4 6 0.17702897767030254]
[4.0432760774786685 'Conceptual' 1.0644806433135638 78.09038674314995
 0.4915254237288135 13 8 4 7 4.0432760774786685]
[3.761207083577311 'Conceptual' 1.0644806433135638 78.09038674314995
 4.0508474576271185 13 8 4 8 3.761207083577311]
[0.6934672279891785 'Conceptual' 1.0644806433135638 78.09038674314995
 1.3559322033898304 13 8 4 9 0.6934672279891785]
[4.055671792318734 'Conceptual' 1.0644806433135638 78.09038674314995
 0.45762711864406774 13 8 4 10 4.055671792318734]
[3.0995322480778515 'Conceptual' 1.0644806433135638 78.09038674314995
 2.4576271186440675 13 8 4 11 3.0995322480778515]
[2.639118416484687 'Conceptual' 1.0644806433135638 78.09038674314995
 1.8644067796610169 13 8 4 12 2.639118416484687]
[2.493364126793324 'Conceptual' 1.0644806433135638 78.09038674314995
 1.6779661016949152 13 8 4 13 2.493364126793324]
[3.6890667277224476 'Conceptual' 1.0644806433135638 78.09038674314995
 2.966101694915254 13 8 4 14 3.6890667277224476]
[3.475349854723186 'Conceptual' 1.0644806433135638 78.09038674314995
 2.3559322033898304 13 8 4 15 3.475349854723186]
[3.9889858984144118 'Conceptual' 1.0644806433135638 78.09038674314995
 3.1355932203389827 13 8 4 16 3.9889858984144118]
[3.596443940112461 'Conceptual' 1.0644806433135638 78.09038674314995
 2.1864406779661016 13 8 4 17 3.596443940112461]
[1.609555905472648 'Conceptual' 1.0644806433135638 78.09038674314995
 1.1864406779661016 13 8 4 18 1.609555905472648]
[3.792941618795982 'Conceptual' 1.0644806433135638 78.09038674314995
 2.1864406779661016 13 8 4 19 3.792941618795982]
[0.0 'Conceptual' 1.0644806433135638 78.09038674314995 0.0 13 8 5 0 0.0]
[4.044235151937291 'Conceptual' 1.0644806433135638 78.09038674314995
 0.9999999999999999 13 8 5 1 4.044235151937291]
[3.9372248590068204 'Conceptual' 1.0644806433135638 78.09038674314995
 0.8305084745762711 13 8 5 2 3.9372248590068204]
[2.963479977396497 'Conceptual' 1.0644806433135638 78.09038674314995
 4.796610169491525 13 8 5 3 2.963479977396497]
[3.5554557083167753 'Conceptual' 1.0644806433135638 78.09038674314995
 4.999999999999999 13 8 5 4 3.5554557083167753]
[2.77261872178979 'Conceptual' 1.0644806433135638 78.09038674314995
 2.711864406779661 13 8 5 5 2.77261872178979]
[0.17702897767030254 'Conceptual' 1.0644806433135638 78.09038674314995
 1.6440677966101693 13 8 5 6 0.17702897767030254]
[4.0432760774786685 'Conceptual' 1.0644806433135638 78.09038674314995
 0.4915254237288135 13 8 5 7 4.0432760774786685]
[3.761207083577311 'Conceptual' 1.0644806433135638 78.09038674314995
 4.0508474576271185 13 8 5 8 3.761207083577311]
[0.6934672279891785 'Conceptual' 1.0644806433135638 78.09038674314995
 1.3559322033898304 13 8 5 9 0.6934672279891785]
[4.055671792318734 'Conceptual' 1.0644806433135638 78.09038674314995
 0.45762711864406774 13 8 5 10 4.055671792318734]
[3.0995322480778515 'Conceptual' 1.0644806433135638 78.09038674314995
 2.4576271186440675 13 8 5 11 3.0995322480778515]
[2.639118416484687 'Conceptual' 1.0644806433135638 78.09038674314995
 1.8644067796610169 13 8 5 12 2.639118416484687]
[2.493364126793324 'Conceptual' 1.0644806433135638 78.09038674314995
 1.6779661016949152 13 8 5 13 2.493364126793324]
[3.6890667277224476 'Conceptual' 1.0644806433135638 78.09038674314995
 2.966101694915254 13 8 5 14 3.6890667277224476]
[3.475349854723186 'Conceptual' 1.0644806433135638 78.09038674314995
 2.3559322033898304 13 8 5 15 3.475349854723186]
[3.9889858984144118 'Conceptual' 1.0644806433135638 78.09038674314995
 3.1355932203389827 13 8 5 16 3.9889858984144118]
[3.596443940112461 'Conceptual' 1.0644806433135638 78.09038674314995
 2.1864406779661016 13 8 5 17 3.596443940112461]
[1.609555905472648 'Conceptual' 1.0644806433135638 78.09038674314995
 1.1864406779661016 13 8 5 18 1.609555905472648]
[3.792941618795982 'Conceptual' 1.0644806433135638 78.09038674314995
 2.1864406779661016 13 8 5 19 3.792941618795982]
[0.0 'Conceptual' 1.0644806433135638 78.09038674314995 0.0 13 8 6 0 0.0]
[4.044235151937291 'Conceptual' 1.0644806433135638 78.09038674314995
 0.9999999999999999 13 8 6 1 4.044235151937291]
[3.9372248590068204 'Conceptual' 1.0644806433135638 78.09038674314995
 0.8305084745762711 13 8 6 2 3.9372248590068204]
[2.963479977396497 'Conceptual' 1.0644806433135638 78.09038674314995
 4.796610169491525 13 8 6 3 2.963479977396497]
[3.5554557083167753 'Conceptual' 1.0644806433135638 78.09038674314995
 4.999999999999999 13 8 6 4 3.5554557083167753]
[2.77261872178979 'Conceptual' 1.0644806433135638 78.09038674314995
 2.711864406779661 13 8 6 5 2.77261872178979]
[0.17702897767030254 'Conceptual' 1.0644806433135638 78.09038674314995
 1.6440677966101693 13 8 6 6 0.17702897767030254]
[4.0432760774786685 'Conceptual' 1.0644806433135638 78.09038674314995
 0.4915254237288135 13 8 6 7 4.0432760774786685]
[3.761207083577311 'Conceptual' 1.0644806433135638 78.09038674314995
 4.0508474576271185 13 8 6 8 3.761207083577311]
[0.6934672279891785 'Conceptual' 1.0644806433135638 78.09038674314995
 1.3559322033898304 13 8 6 9 0.6934672279891785]
[4.055671792318734 'Conceptual' 1.0644806433135638 78.09038674314995
 0.45762711864406774 13 8 6 10 4.055671792318734]
[3.0995322480778515 'Conceptual' 1.0644806433135638 78.09038674314995
 2.4576271186440675 13 8 6 11 3.0995322480778515]
[2.639118416484687 'Conceptual' 1.0644806433135638 78.09038674314995
 1.8644067796610169 13 8 6 12 2.639118416484687]
[2.493364126793324 'Conceptual' 1.0644806433135638 78.09038674314995
 1.6779661016949152 13 8 6 13 2.493364126793324]
[3.6890667277224476 'Conceptual' 1.0644806433135638 78.09038674314995
 2.966101694915254 13 8 6 14 3.6890667277224476]
[3.475349854723186 'Conceptual' 1.0644806433135638 78.09038674314995
 2.3559322033898304 13 8 6 15 3.475349854723186]
[3.9889858984144118 'Conceptual' 1.0644806433135638 78.09038674314995
 3.1355932203389827 13 8 6 16 3.9889858984144118]
[3.596443940112461 'Conceptual' 1.0644806433135638 78.09038674314995
 2.1864406779661016 13 8 6 17 3.596443940112461]
[1.609555905472648 'Conceptual' 1.0644806433135638 78.09038674314995
 1.1864406779661016 13 8 6 18 1.609555905472648]
[3.792941618795982 'Conceptual' 1.0644806433135638 78.09038674314995
 2.1864406779661016 13 8 6 19 3.792941618795982]
[0.0 'Conceptual' 1.0644806433135638 78.09038674314995 0.0 13 8 7 0 0.0]
[4.044235151937291 'Conceptual' 1.0644806433135638 78.09038674314995
 0.9999999999999999 13 8 7 1 4.044235151937291]
[3.9372248590068204 'Conceptual' 1.0644806433135638 78.09038674314995
 0.8305084745762711 13 8 7 2 3.9372248590068204]
[2.963479977396497 'Conceptual' 1.0644806433135638 78.09038674314995
 4.796610169491525 13 8 7 3 2.963479977396497]
[3.5554557083167753 'Conceptual' 1.0644806433135638 78.09038674314995
 4.999999999999999 13 8 7 4 3.5554557083167753]
[2.77261872178979 'Conceptual' 1.0644806433135638 78.09038674314995
 2.711864406779661 13 8 7 5 2.77261872178979]
[0.17702897767030254 'Conceptual' 1.0644806433135638 78.09038674314995
 1.6440677966101693 13 8 7 6 0.17702897767030254]
[4.0432760774786685 'Conceptual' 1.0644806433135638 78.09038674314995
 0.4915254237288135 13 8 7 7 4.0432760774786685]
[3.761207083577311 'Conceptual' 1.0644806433135638 78.09038674314995
 4.0508474576271185 13 8 7 8 3.761207083577311]
[0.6934672279891785 'Conceptual' 1.0644806433135638 78.09038674314995
 1.3559322033898304 13 8 7 9 0.6934672279891785]
[4.055671792318734 'Conceptual' 1.0644806433135638 78.09038674314995
 0.45762711864406774 13 8 7 10 4.055671792318734]
[3.0995322480778515 'Conceptual' 1.0644806433135638 78.09038674314995
 2.4576271186440675 13 8 7 11 3.0995322480778515]
[2.639118416484687 'Conceptual' 1.0644806433135638 78.09038674314995
 1.8644067796610169 13 8 7 12 2.639118416484687]
[2.493364126793324 'Conceptual' 1.0644806433135638 78.09038674314995
 1.6779661016949152 13 8 7 13 2.493364126793324]
[3.6890667277224476 'Conceptual' 1.0644806433135638 78.09038674314995
 2.966101694915254 13 8 7 14 3.6890667277224476]
[3.475349854723186 'Conceptual' 1.0644806433135638 78.09038674314995
 2.3559322033898304 13 8 7 15 3.475349854723186]
[3.9889858984144118 'Conceptual' 1.0644806433135638 78.09038674314995
 3.1355932203389827 13 8 7 16 3.9889858984144118]
[3.596443940112461 'Conceptual' 1.0644806433135638 78.09038674314995
 2.1864406779661016 13 8 7 17 3.596443940112461]
[1.609555905472648 'Conceptual' 1.0644806433135638 78.09038674314995
 1.1864406779661016 13 8 7 18 1.609555905472648]
[3.792941618795982 'Conceptual' 1.0644806433135638 78.09038674314995
 2.1864406779661016 13 8 7 19 3.792941618795982]
