[0.0 'Spatial' 0.18862070339737444 1.2161013953253008 0.0 17 0 1 0 0.0]
[3.579588305375917 'Spatial' 0.18862070339737444 1.2161013953253008
 2.796610169491525 17 0 1 1 3.579588305375917]
[1.772464446933118 'Spatial' 0.18862070339737444 1.2161013953253008
 3.949152542372881 17 0 1 2 1.772464446933118]
[2.2487699419203997 'Spatial' 0.18862070339737444 1.2161013953253008
 3.101694915254237 17 0 1 3 2.2487699419203997]
[3.423889471172571 'Spatial' 0.18862070339737444 1.2161013953253008
 3.4406779661016946 17 0 1 4 3.423889471172571]
[1.7977673211354825 'Spatial' 0.18862070339737444 1.2161013953253008
 3.2033898305084745 17 0 1 5 1.7977673211354825]
[2.562141817594576 'Spatial' 0.18862070339737444 1.2161013953253008
 4.1525423728813555 17 0 1 6 2.562141817594576]
[3.0965952508461263 'Spatial' 0.18862070339737444 1.2161013953253008
 5.7627118644067785 17 0 1 7 3.0965952508461263]
[3.602498838190304 'Spatial' 0.18862070339737444 1.2161013953253008
 7.610169491525423 17 0 1 8 3.602498838190304]
[0.2873334734194201 'Spatial' 0.18862070339737444 1.2161013953253008
 1.6779661016949152 17 0 1 9 0.2873334734194201]
[0.01588271048229456 'Spatial' 0.18862070339737444 1.2161013953253008
 0.6610169491525423 17 0 1 10 0.01588271048229456]
[1.5770825793661898 'Spatial' 0.18862070339737444 1.2161013953253008
 3.9830508474576267 17 0 1 11 1.5770825793661898]
[0.0006298016333097749 'Spatial' 0.18862070339737444 1.2161013953253008
 0.5084745762711864 17 0 1 12 0.0006298016333097749]
[0.0006298016333097749 'Spatial' 0.18862070339737444 1.2161013953253008
 0.1694915254237288 17 0 1 13 0.0006298016333097749]
[0.0006298016333097749 'Spatial' 0.18862070339737444 1.2161013953253008
 0.1694915254237288 17 0 1 14 0.0006298016333097749]
[0.0006298016333097749 'Spatial' 0.18862070339737444 1.2161013953253008
 0.1694915254237288 17 0 1 15 0.0006298016333097749]
[0.0006298016333097749 'Spatial' 0.18862070339737444 1.2161013953253008
 0.1694915254237288 17 0 1 16 0.0006298016333097749]
[0.0006298016333097749 'Spatial' 0.18862070339737444 1.2161013953253008
 0.1694915254237288 17 0 1 17 0.0006298016333097749]
[0.0006298016333097749 'Spatial' 0.18862070339737444 1.2161013953253008
 0.1694915254237288 17 0 1 18 0.0006298016333097749]
[0.0006298016333097749 'Spatial' 0.18862070339737444 1.2161013953253008
 0.1694915254237288 17 0 1 19 0.0006298016333097749]
[0.0 'Spatial' 0.18862070339737444 1.2161013953253008 0.0 17 0 2 0 0.0]
[3.579588305375917 'Spatial' 0.18862070339737444 1.2161013953253008
 2.796610169491525 17 0 2 1 3.579588305375917]
[1.772464446933118 'Spatial' 0.18862070339737444 1.2161013953253008
 3.949152542372881 17 0 2 2 1.772464446933118]
[2.2487699419203997 'Spatial' 0.18862070339737444 1.2161013953253008
 3.101694915254237 17 0 2 3 2.2487699419203997]
[3.423889471172571 'Spatial' 0.18862070339737444 1.2161013953253008
 3.4406779661016946 17 0 2 4 3.423889471172571]
[1.7977673211354825 'Spatial' 0.18862070339737444 1.2161013953253008
 3.2033898305084745 17 0 2 5 1.7977673211354825]
[2.562141817594576 'Spatial' 0.18862070339737444 1.2161013953253008
 4.1525423728813555 17 0 2 6 2.562141817594576]
[3.0965952508461263 'Spatial' 0.18862070339737444 1.2161013953253008
 5.7627118644067785 17 0 2 7 3.0965952508461263]
[3.602498838190304 'Spatial' 0.18862070339737444 1.2161013953253008
 7.610169491525423 17 0 2 8 3.602498838190304]
[0.2873334734194201 'Spatial' 0.18862070339737444 1.2161013953253008
 1.6779661016949152 17 0 2 9 0.2873334734194201]
[0.01588271048229456 'Spatial' 0.18862070339737444 1.2161013953253008
 0.6610169491525423 17 0 2 10 0.01588271048229456]
[1.5770825793661898 'Spatial' 0.18862070339737444 1.2161013953253008
 3.9830508474576267 17 0 2 11 1.5770825793661898]
[0.0006298016333097749 'Spatial' 0.18862070339737444 1.2161013953253008
 0.5084745762711864 17 0 2 12 0.0006298016333097749]
[0.0006298016333097749 'Spatial' 0.18862070339737444 1.2161013953253008
 0.1694915254237288 17 0 2 13 0.0006298016333097749]
[0.0006298016333097749 'Spatial' 0.18862070339737444 1.2161013953253008
 0.1694915254237288 17 0 2 14 0.0006298016333097749]
[0.0006298016333097749 'Spatial' 0.18862070339737444 1.2161013953253008
 0.1694915254237288 17 0 2 15 0.0006298016333097749]
[0.0006298016333097749 'Spatial' 0.18862070339737444 1.2161013953253008
 0.1694915254237288 17 0 2 16 0.0006298016333097749]
[0.0006298016333097749 'Spatial' 0.18862070339737444 1.2161013953253008
 0.1694915254237288 17 0 2 17 0.0006298016333097749]
[0.0006298016333097749 'Spatial' 0.18862070339737444 1.2161013953253008
 0.1694915254237288 17 0 2 18 0.0006298016333097749]
[0.0006298016333097749 'Spatial' 0.18862070339737444 1.2161013953253008
 0.1694915254237288 17 0 2 19 0.0006298016333097749]
[0.0 'Spatial' 0.18862070339737444 1.2161013953253008 0.0 17 0 3 0 0.0]
[3.579588305375917 'Spatial' 0.18862070339737444 1.2161013953253008
 2.796610169491525 17 0 3 1 3.579588305375917]
[1.772464446933118 'Spatial' 0.18862070339737444 1.2161013953253008
 3.949152542372881 17 0 3 2 1.772464446933118]
[2.2487699419203997 'Spatial' 0.18862070339737444 1.2161013953253008
 3.101694915254237 17 0 3 3 2.2487699419203997]
[3.423889471172571 'Spatial' 0.18862070339737444 1.2161013953253008
 3.4406779661016946 17 0 3 4 3.423889471172571]
[1.7977673211354825 'Spatial' 0.18862070339737444 1.2161013953253008
 3.2033898305084745 17 0 3 5 1.7977673211354825]
[2.562141817594576 'Spatial' 0.18862070339737444 1.2161013953253008
 4.1525423728813555 17 0 3 6 2.562141817594576]
[3.0965952508461263 'Spatial' 0.18862070339737444 1.2161013953253008
 5.7627118644067785 17 0 3 7 3.0965952508461263]
[3.602498838190304 'Spatial' 0.18862070339737444 1.2161013953253008
 7.610169491525423 17 0 3 8 3.602498838190304]
[0.2873334734194201 'Spatial' 0.18862070339737444 1.2161013953253008
 1.6779661016949152 17 0 3 9 0.2873334734194201]
[0.01588271048229456 'Spatial' 0.18862070339737444 1.2161013953253008
 0.6610169491525423 17 0 3 10 0.01588271048229456]
[1.5770825793661898 'Spatial' 0.18862070339737444 1.2161013953253008
 3.9830508474576267 17 0 3 11 1.5770825793661898]
[0.0006298016333097749 'Spatial' 0.18862070339737444 1.2161013953253008
 0.5084745762711864 17 0 3 12 0.0006298016333097749]
[0.0006298016333097749 'Spatial' 0.18862070339737444 1.2161013953253008
 0.1694915254237288 17 0 3 13 0.0006298016333097749]
[0.0006298016333097749 'Spatial' 0.18862070339737444 1.2161013953253008
 0.1694915254237288 17 0 3 14 0.0006298016333097749]
[0.0006298016333097749 'Spatial' 0.18862070339737444 1.2161013953253008
 0.1694915254237288 17 0 3 15 0.0006298016333097749]
[0.0006298016333097749 'Spatial' 0.18862070339737444 1.2161013953253008
 0.1694915254237288 17 0 3 16 0.0006298016333097749]
[0.0006298016333097749 'Spatial' 0.18862070339737444 1.2161013953253008
 0.1694915254237288 17 0 3 17 0.0006298016333097749]
[0.0006298016333097749 'Spatial' 0.18862070339737444 1.2161013953253008
 0.1694915254237288 17 0 3 18 0.0006298016333097749]
[0.0006298016333097749 'Spatial' 0.18862070339737444 1.2161013953253008
 0.1694915254237288 17 0 3 19 0.0006298016333097749]
[0.0 'Spatial' 0.18862070339737444 1.2161013953253008 0.0 17 0 4 0 0.0]
[3.579588305375917 'Spatial' 0.18862070339737444 1.2161013953253008
 2.796610169491525 17 0 4 1 3.579588305375917]
[1.772464446933118 'Spatial' 0.18862070339737444 1.2161013953253008
 3.949152542372881 17 0 4 2 1.772464446933118]
[2.2487699419203997 'Spatial' 0.18862070339737444 1.2161013953253008
 3.101694915254237 17 0 4 3 2.2487699419203997]
[3.423889471172571 'Spatial' 0.18862070339737444 1.2161013953253008
 3.4406779661016946 17 0 4 4 3.423889471172571]
[1.7977673211354825 'Spatial' 0.18862070339737444 1.2161013953253008
 3.2033898305084745 17 0 4 5 1.7977673211354825]
[2.562141817594576 'Spatial' 0.18862070339737444 1.2161013953253008
 4.1525423728813555 17 0 4 6 2.562141817594576]
[3.0965952508461263 'Spatial' 0.18862070339737444 1.2161013953253008
 5.7627118644067785 17 0 4 7 3.0965952508461263]
[3.602498838190304 'Spatial' 0.18862070339737444 1.2161013953253008
 7.610169491525423 17 0 4 8 3.602498838190304]
[0.2873334734194201 'Spatial' 0.18862070339737444 1.2161013953253008
 1.6779661016949152 17 0 4 9 0.2873334734194201]
[0.01588271048229456 'Spatial' 0.18862070339737444 1.2161013953253008
 0.6610169491525423 17 0 4 10 0.01588271048229456]
[1.5770825793661898 'Spatial' 0.18862070339737444 1.2161013953253008
 3.9830508474576267 17 0 4 11 1.5770825793661898]
[0.0006298016333097749 'Spatial' 0.18862070339737444 1.2161013953253008
 0.5084745762711864 17 0 4 12 0.0006298016333097749]
[0.0006298016333097749 'Spatial' 0.18862070339737444 1.2161013953253008
 0.1694915254237288 17 0 4 13 0.0006298016333097749]
[0.0006298016333097749 'Spatial' 0.18862070339737444 1.2161013953253008
 0.1694915254237288 17 0 4 14 0.0006298016333097749]
[0.0006298016333097749 'Spatial' 0.18862070339737444 1.2161013953253008
 0.1694915254237288 17 0 4 15 0.0006298016333097749]
[0.0006298016333097749 'Spatial' 0.18862070339737444 1.2161013953253008
 0.1694915254237288 17 0 4 16 0.0006298016333097749]
[0.0006298016333097749 'Spatial' 0.18862070339737444 1.2161013953253008
 0.1694915254237288 17 0 4 17 0.0006298016333097749]
[0.0006298016333097749 'Spatial' 0.18862070339737444 1.2161013953253008
 0.1694915254237288 17 0 4 18 0.0006298016333097749]
[0.0006298016333097749 'Spatial' 0.18862070339737444 1.2161013953253008
 0.1694915254237288 17 0 4 19 0.0006298016333097749]
[0.0 'Spatial' 0.18862070339737444 1.2161013953253008 0.0 17 0 5 0 0.0]
[3.579588305375917 'Spatial' 0.18862070339737444 1.2161013953253008
 2.796610169491525 17 0 5 1 3.579588305375917]
[1.772464446933118 'Spatial' 0.18862070339737444 1.2161013953253008
 3.949152542372881 17 0 5 2 1.772464446933118]
[2.2487699419203997 'Spatial' 0.18862070339737444 1.2161013953253008
 3.101694915254237 17 0 5 3 2.2487699419203997]
[3.423889471172571 'Spatial' 0.18862070339737444 1.2161013953253008
 3.4406779661016946 17 0 5 4 3.423889471172571]
[1.7977673211354825 'Spatial' 0.18862070339737444 1.2161013953253008
 3.2033898305084745 17 0 5 5 1.7977673211354825]
[2.562141817594576 'Spatial' 0.18862070339737444 1.2161013953253008
 4.1525423728813555 17 0 5 6 2.562141817594576]
[3.0965952508461263 'Spatial' 0.18862070339737444 1.2161013953253008
 5.7627118644067785 17 0 5 7 3.0965952508461263]
[3.602498838190304 'Spatial' 0.18862070339737444 1.2161013953253008
 7.610169491525423 17 0 5 8 3.602498838190304]
[0.2873334734194201 'Spatial' 0.18862070339737444 1.2161013953253008
 1.6779661016949152 17 0 5 9 0.2873334734194201]
[0.01588271048229456 'Spatial' 0.18862070339737444 1.2161013953253008
 0.6610169491525423 17 0 5 10 0.01588271048229456]
[1.5770825793661898 'Spatial' 0.18862070339737444 1.2161013953253008
 3.9830508474576267 17 0 5 11 1.5770825793661898]
[0.0006298016333097749 'Spatial' 0.18862070339737444 1.2161013953253008
 0.5084745762711864 17 0 5 12 0.0006298016333097749]
[0.0006298016333097749 'Spatial' 0.18862070339737444 1.2161013953253008
 0.1694915254237288 17 0 5 13 0.0006298016333097749]
[0.0006298016333097749 'Spatial' 0.18862070339737444 1.2161013953253008
 0.1694915254237288 17 0 5 14 0.0006298016333097749]
[0.0006298016333097749 'Spatial' 0.18862070339737444 1.2161013953253008
 0.1694915254237288 17 0 5 15 0.0006298016333097749]
[0.0006298016333097749 'Spatial' 0.18862070339737444 1.2161013953253008
 0.1694915254237288 17 0 5 16 0.0006298016333097749]
[0.0006298016333097749 'Spatial' 0.18862070339737444 1.2161013953253008
 0.1694915254237288 17 0 5 17 0.0006298016333097749]
[0.0006298016333097749 'Spatial' 0.18862070339737444 1.2161013953253008
 0.1694915254237288 17 0 5 18 0.0006298016333097749]
[0.0006298016333097749 'Spatial' 0.18862070339737444 1.2161013953253008
 0.1694915254237288 17 0 5 19 0.0006298016333097749]
[0.0 'Spatial' 0.18862070339737444 1.2161013953253008 0.0 17 0 6 0 0.0]
[3.579588305375917 'Spatial' 0.18862070339737444 1.2161013953253008
 2.796610169491525 17 0 6 1 3.579588305375917]
[1.772464446933118 'Spatial' 0.18862070339737444 1.2161013953253008
 3.949152542372881 17 0 6 2 1.772464446933118]
[2.2487699419203997 'Spatial' 0.18862070339737444 1.2161013953253008
 3.101694915254237 17 0 6 3 2.2487699419203997]
[3.423889471172571 'Spatial' 0.18862070339737444 1.2161013953253008
 3.4406779661016946 17 0 6 4 3.423889471172571]
[1.7977673211354825 'Spatial' 0.18862070339737444 1.2161013953253008
 3.2033898305084745 17 0 6 5 1.7977673211354825]
[2.562141817594576 'Spatial' 0.18862070339737444 1.2161013953253008
 4.1525423728813555 17 0 6 6 2.562141817594576]
[3.0965952508461263 'Spatial' 0.18862070339737444 1.2161013953253008
 5.7627118644067785 17 0 6 7 3.0965952508461263]
[3.602498838190304 'Spatial' 0.18862070339737444 1.2161013953253008
 7.610169491525423 17 0 6 8 3.602498838190304]
[0.2873334734194201 'Spatial' 0.18862070339737444 1.2161013953253008
 1.6779661016949152 17 0 6 9 0.2873334734194201]
[0.01588271048229456 'Spatial' 0.18862070339737444 1.2161013953253008
 0.6610169491525423 17 0 6 10 0.01588271048229456]
[1.5770825793661898 'Spatial' 0.18862070339737444 1.2161013953253008
 3.9830508474576267 17 0 6 11 1.5770825793661898]
[0.0006298016333097749 'Spatial' 0.18862070339737444 1.2161013953253008
 0.5084745762711864 17 0 6 12 0.0006298016333097749]
[0.0006298016333097749 'Spatial' 0.18862070339737444 1.2161013953253008
 0.1694915254237288 17 0 6 13 0.0006298016333097749]
[0.0006298016333097749 'Spatial' 0.18862070339737444 1.2161013953253008
 0.1694915254237288 17 0 6 14 0.0006298016333097749]
[0.0006298016333097749 'Spatial' 0.18862070339737444 1.2161013953253008
 0.1694915254237288 17 0 6 15 0.0006298016333097749]
[0.0006298016333097749 'Spatial' 0.18862070339737444 1.2161013953253008
 0.1694915254237288 17 0 6 16 0.0006298016333097749]
[0.0006298016333097749 'Spatial' 0.18862070339737444 1.2161013953253008
 0.1694915254237288 17 0 6 17 0.0006298016333097749]
[0.0006298016333097749 'Spatial' 0.18862070339737444 1.2161013953253008
 0.1694915254237288 17 0 6 18 0.0006298016333097749]
[0.0006298016333097749 'Spatial' 0.18862070339737444 1.2161013953253008
 0.1694915254237288 17 0 6 19 0.0006298016333097749]
[0.0 'Spatial' 0.18862070339737444 1.2161013953253008 0.0 17 0 7 0 0.0]
[3.579588305375917 'Spatial' 0.18862070339737444 1.2161013953253008
 2.796610169491525 17 0 7 1 3.579588305375917]
[1.772464446933118 'Spatial' 0.18862070339737444 1.2161013953253008
 3.949152542372881 17 0 7 2 1.772464446933118]
[2.2487699419203997 'Spatial' 0.18862070339737444 1.2161013953253008
 3.101694915254237 17 0 7 3 2.2487699419203997]
[3.423889471172571 'Spatial' 0.18862070339737444 1.2161013953253008
 3.4406779661016946 17 0 7 4 3.423889471172571]
[1.7977673211354825 'Spatial' 0.18862070339737444 1.2161013953253008
 3.2033898305084745 17 0 7 5 1.7977673211354825]
[2.562141817594576 'Spatial' 0.18862070339737444 1.2161013953253008
 4.1525423728813555 17 0 7 6 2.562141817594576]
[3.0965952508461263 'Spatial' 0.18862070339737444 1.2161013953253008
 5.7627118644067785 17 0 7 7 3.0965952508461263]
[3.602498838190304 'Spatial' 0.18862070339737444 1.2161013953253008
 7.610169491525423 17 0 7 8 3.602498838190304]
[0.2873334734194201 'Spatial' 0.18862070339737444 1.2161013953253008
 1.6779661016949152 17 0 7 9 0.2873334734194201]
[0.01588271048229456 'Spatial' 0.18862070339737444 1.2161013953253008
 0.6610169491525423 17 0 7 10 0.01588271048229456]
[1.5770825793661898 'Spatial' 0.18862070339737444 1.2161013953253008
 3.9830508474576267 17 0 7 11 1.5770825793661898]
[0.0006298016333097749 'Spatial' 0.18862070339737444 1.2161013953253008
 0.5084745762711864 17 0 7 12 0.0006298016333097749]
[0.0006298016333097749 'Spatial' 0.18862070339737444 1.2161013953253008
 0.1694915254237288 17 0 7 13 0.0006298016333097749]
[0.0006298016333097749 'Spatial' 0.18862070339737444 1.2161013953253008
 0.1694915254237288 17 0 7 14 0.0006298016333097749]
[0.0006298016333097749 'Spatial' 0.18862070339737444 1.2161013953253008
 0.1694915254237288 17 0 7 15 0.0006298016333097749]
[0.0006298016333097749 'Spatial' 0.18862070339737444 1.2161013953253008
 0.1694915254237288 17 0 7 16 0.0006298016333097749]
[0.0006298016333097749 'Spatial' 0.18862070339737444 1.2161013953253008
 0.1694915254237288 17 0 7 17 0.0006298016333097749]
[0.0006298016333097749 'Spatial' 0.18862070339737444 1.2161013953253008
 0.1694915254237288 17 0 7 18 0.0006298016333097749]
[0.0006298016333097749 'Spatial' 0.18862070339737444 1.2161013953253008
 0.1694915254237288 17 0 7 19 0.0006298016333097749]
[0.0 'Spatial' 0.18862070339737444 1.2161013953253008 0.0 17 0 8 0 0.0]
[3.579588305375917 'Spatial' 0.18862070339737444 1.2161013953253008
 2.796610169491525 17 0 8 1 3.579588305375917]
[1.772464446933118 'Spatial' 0.18862070339737444 1.2161013953253008
 3.949152542372881 17 0 8 2 1.772464446933118]
[2.2487699419203997 'Spatial' 0.18862070339737444 1.2161013953253008
 3.101694915254237 17 0 8 3 2.2487699419203997]
[3.423889471172571 'Spatial' 0.18862070339737444 1.2161013953253008
 3.4406779661016946 17 0 8 4 3.423889471172571]
[1.7977673211354825 'Spatial' 0.18862070339737444 1.2161013953253008
 3.2033898305084745 17 0 8 5 1.7977673211354825]
[2.562141817594576 'Spatial' 0.18862070339737444 1.2161013953253008
 4.1525423728813555 17 0 8 6 2.562141817594576]
[3.0965952508461263 'Spatial' 0.18862070339737444 1.2161013953253008
 5.7627118644067785 17 0 8 7 3.0965952508461263]
[3.602498838190304 'Spatial' 0.18862070339737444 1.2161013953253008
 7.610169491525423 17 0 8 8 3.602498838190304]
[0.2873334734194201 'Spatial' 0.18862070339737444 1.2161013953253008
 1.6779661016949152 17 0 8 9 0.2873334734194201]
[0.01588271048229456 'Spatial' 0.18862070339737444 1.2161013953253008
 0.6610169491525423 17 0 8 10 0.01588271048229456]
[1.5770825793661898 'Spatial' 0.18862070339737444 1.2161013953253008
 3.9830508474576267 17 0 8 11 1.5770825793661898]
[0.0006298016333097749 'Spatial' 0.18862070339737444 1.2161013953253008
 0.5084745762711864 17 0 8 12 0.0006298016333097749]
[0.0006298016333097749 'Spatial' 0.18862070339737444 1.2161013953253008
 0.1694915254237288 17 0 8 13 0.0006298016333097749]
[0.0006298016333097749 'Spatial' 0.18862070339737444 1.2161013953253008
 0.1694915254237288 17 0 8 14 0.0006298016333097749]
[0.0006298016333097749 'Spatial' 0.18862070339737444 1.2161013953253008
 0.1694915254237288 17 0 8 15 0.0006298016333097749]
[0.0006298016333097749 'Spatial' 0.18862070339737444 1.2161013953253008
 0.1694915254237288 17 0 8 16 0.0006298016333097749]
[0.0006298016333097749 'Spatial' 0.18862070339737444 1.2161013953253008
 0.1694915254237288 17 0 8 17 0.0006298016333097749]
[0.0006298016333097749 'Spatial' 0.18862070339737444 1.2161013953253008
 0.1694915254237288 17 0 8 18 0.0006298016333097749]
[0.0006298016333097749 'Spatial' 0.18862070339737444 1.2161013953253008
 0.1694915254237288 17 0 8 19 0.0006298016333097749]
