[0.0 'Spatial' 0.03894855866885869 0.5637597143587822 0.0 77 3 0 0 0.0]
[4.090931904972468 'Spatial' 0.03894855866885869 0.5637597143587822
 0.559322033898305 77 3 0 1 4.090931904972468]
[2.776141272740203 'Spatial' 0.03894855866885869 0.5637597143587822
 6.423728813559322 77 3 0 2 2.776141272740203]
[2.731973379219933 'Spatial' 0.03894855866885869 0.5637597143587822
 5.576271186440677 77 3 0 3 2.731973379219933]
[2.5340790494301064 'Spatial' 0.03894855866885869 0.5637597143587822
 4.999999999999999 77 3 0 4 2.5340790494301064]
[2.3433423338417576 'Spatial' 0.03894855866885869 0.5637597143587822
 4.627118644067796 77 3 0 5 2.3433423338417576]
[3.0964071968273092 'Spatial' 0.03894855866885869 0.5637597143587822
 5.423728813559322 77 3 0 6 3.0964071968273092]
[1.6876413463936748 'Spatial' 0.03894855866885869 0.5637597143587822
 1.847457627118644 77 3 0 7 1.6876413463936748]
[0.5478926280822005 'Spatial' 0.03894855866885869 0.5637597143587822
 1.271186440677966 77 3 0 8 0.5478926280822005]
[0.010709338722179568 'Spatial' 0.03894855866885869 0.5637597143587822
 0.38983050847457623 77 3 0 9 0.010709338722179568]
[0.0006298016333097749 'Spatial' 0.03894855866885869 0.5637597143587822
 0.1694915254237288 77 3 0 10 0.0006298016333097749]
[4.1588830833596715 'Spatial' 0.03894855866885869 0.5637597143587822
 8.644067796610168 77 3 0 11 4.1588830833596715]
[4.1588830833596715 'Spatial' 0.03894855866885869 0.5637597143587822
 6.779661016949152 77 3 0 12 4.1588830833596715]
[0.16506479814802089 'Spatial' 0.03894855866885869 0.5637597143587822
 2.3559322033898304 77 3 0 13 0.16506479814802089]
[3.987775444467707 'Spatial' 0.03894855866885869 0.5637597143587822
 4.1525423728813555 77 3 0 14 3.987775444467707]
[4.1588830833596715 'Spatial' 0.03894855866885869 0.5637597143587822
 5.7627118644067785 77 3 0 15 4.1588830833596715]
[4.1588830833596715 'Spatial' 0.03894855866885869 0.5637597143587822
 5.423728813559322 77 3 0 16 4.1588830833596715]
[0.035266658209050464 'Spatial' 0.03894855866885869 0.5637597143587822
 1.3389830508474576 77 3 0 17 0.035266658209050464]
[0.0006298016333102192 'Spatial' 0.03894855866885869 0.5637597143587822
 0.5084745762711864 77 3 0 18 0.0006298016333102192]
[0.0006298016333102192 'Spatial' 0.03894855866885869 0.5637597143587822
 0.1694915254237288 77 3 0 19 0.0006298016333102192]
[0.0 'Spatial' 0.03894855866885869 0.5637597143587822 0.0 77 3 1 0 0.0]
[4.090931904972468 'Spatial' 0.03894855866885869 0.5637597143587822
 0.559322033898305 77 3 1 1 4.090931904972468]
[2.776141272740203 'Spatial' 0.03894855866885869 0.5637597143587822
 6.423728813559322 77 3 1 2 2.776141272740203]
[2.731973379219933 'Spatial' 0.03894855866885869 0.5637597143587822
 5.576271186440677 77 3 1 3 2.731973379219933]
[2.5340790494301064 'Spatial' 0.03894855866885869 0.5637597143587822
 4.999999999999999 77 3 1 4 2.5340790494301064]
[2.3433423338417576 'Spatial' 0.03894855866885869 0.5637597143587822
 4.627118644067796 77 3 1 5 2.3433423338417576]
[3.0964071968273092 'Spatial' 0.03894855866885869 0.5637597143587822
 5.423728813559322 77 3 1 6 3.0964071968273092]
[1.6876413463936748 'Spatial' 0.03894855866885869 0.5637597143587822
 1.847457627118644 77 3 1 7 1.6876413463936748]
[0.5478926280822005 'Spatial' 0.03894855866885869 0.5637597143587822
 1.271186440677966 77 3 1 8 0.5478926280822005]
[0.010709338722179568 'Spatial' 0.03894855866885869 0.5637597143587822
 0.38983050847457623 77 3 1 9 0.010709338722179568]
[0.0006298016333097749 'Spatial' 0.03894855866885869 0.5637597143587822
 0.1694915254237288 77 3 1 10 0.0006298016333097749]
[4.1588830833596715 'Spatial' 0.03894855866885869 0.5637597143587822
 8.644067796610168 77 3 1 11 4.1588830833596715]
[4.1588830833596715 'Spatial' 0.03894855866885869 0.5637597143587822
 6.779661016949152 77 3 1 12 4.1588830833596715]
[0.16506479814802089 'Spatial' 0.03894855866885869 0.5637597143587822
 2.3559322033898304 77 3 1 13 0.16506479814802089]
[3.987775444467707 'Spatial' 0.03894855866885869 0.5637597143587822
 4.1525423728813555 77 3 1 14 3.987775444467707]
[4.1588830833596715 'Spatial' 0.03894855866885869 0.5637597143587822
 5.7627118644067785 77 3 1 15 4.1588830833596715]
[4.1588830833596715 'Spatial' 0.03894855866885869 0.5637597143587822
 5.423728813559322 77 3 1 16 4.1588830833596715]
[0.035266658209050464 'Spatial' 0.03894855866885869 0.5637597143587822
 1.3389830508474576 77 3 1 17 0.035266658209050464]
[0.0006298016333102192 'Spatial' 0.03894855866885869 0.5637597143587822
 0.5084745762711864 77 3 1 18 0.0006298016333102192]
[0.0006298016333102192 'Spatial' 0.03894855866885869 0.5637597143587822
 0.1694915254237288 77 3 1 19 0.0006298016333102192]
[0.0 'Spatial' 0.03894855866885869 0.5637597143587822 0.0 77 3 2 0 0.0]
[4.090931904972468 'Spatial' 0.03894855866885869 0.5637597143587822
 0.559322033898305 77 3 2 1 4.090931904972468]
[2.776141272740203 'Spatial' 0.03894855866885869 0.5637597143587822
 6.423728813559322 77 3 2 2 2.776141272740203]
[2.731973379219933 'Spatial' 0.03894855866885869 0.5637597143587822
 5.576271186440677 77 3 2 3 2.731973379219933]
[2.5340790494301064 'Spatial' 0.03894855866885869 0.5637597143587822
 4.999999999999999 77 3 2 4 2.5340790494301064]
[2.3433423338417576 'Spatial' 0.03894855866885869 0.5637597143587822
 4.627118644067796 77 3 2 5 2.3433423338417576]
[3.0964071968273092 'Spatial' 0.03894855866885869 0.5637597143587822
 5.423728813559322 77 3 2 6 3.0964071968273092]
[1.6876413463936748 'Spatial' 0.03894855866885869 0.5637597143587822
 1.847457627118644 77 3 2 7 1.6876413463936748]
[0.5478926280822005 'Spatial' 0.03894855866885869 0.5637597143587822
 1.271186440677966 77 3 2 8 0.5478926280822005]
[0.010709338722179568 'Spatial' 0.03894855866885869 0.5637597143587822
 0.38983050847457623 77 3 2 9 0.010709338722179568]
[0.0006298016333097749 'Spatial' 0.03894855866885869 0.5637597143587822
 0.1694915254237288 77 3 2 10 0.0006298016333097749]
[4.1588830833596715 'Spatial' 0.03894855866885869 0.5637597143587822
 8.644067796610168 77 3 2 11 4.1588830833596715]
[4.1588830833596715 'Spatial' 0.03894855866885869 0.5637597143587822
 6.779661016949152 77 3 2 12 4.1588830833596715]
[0.16506479814802089 'Spatial' 0.03894855866885869 0.5637597143587822
 2.3559322033898304 77 3 2 13 0.16506479814802089]
[3.987775444467707 'Spatial' 0.03894855866885869 0.5637597143587822
 4.1525423728813555 77 3 2 14 3.987775444467707]
[4.1588830833596715 'Spatial' 0.03894855866885869 0.5637597143587822
 5.7627118644067785 77 3 2 15 4.1588830833596715]
[4.1588830833596715 'Spatial' 0.03894855866885869 0.5637597143587822
 5.423728813559322 77 3 2 16 4.1588830833596715]
[0.035266658209050464 'Spatial' 0.03894855866885869 0.5637597143587822
 1.3389830508474576 77 3 2 17 0.035266658209050464]
[0.0006298016333102192 'Spatial' 0.03894855866885869 0.5637597143587822
 0.5084745762711864 77 3 2 18 0.0006298016333102192]
[0.0006298016333102192 'Spatial' 0.03894855866885869 0.5637597143587822
 0.1694915254237288 77 3 2 19 0.0006298016333102192]
[0.0 'Spatial' 0.03894855866885869 0.5637597143587822 0.0 77 3 4 0 0.0]
[4.090931904972468 'Spatial' 0.03894855866885869 0.5637597143587822
 0.559322033898305 77 3 4 1 4.090931904972468]
[2.776141272740203 'Spatial' 0.03894855866885869 0.5637597143587822
 6.423728813559322 77 3 4 2 2.776141272740203]
[2.731973379219933 'Spatial' 0.03894855866885869 0.5637597143587822
 5.576271186440677 77 3 4 3 2.731973379219933]
[2.5340790494301064 'Spatial' 0.03894855866885869 0.5637597143587822
 4.999999999999999 77 3 4 4 2.5340790494301064]
[2.3433423338417576 'Spatial' 0.03894855866885869 0.5637597143587822
 4.627118644067796 77 3 4 5 2.3433423338417576]
[3.0964071968273092 'Spatial' 0.03894855866885869 0.5637597143587822
 5.423728813559322 77 3 4 6 3.0964071968273092]
[1.6876413463936748 'Spatial' 0.03894855866885869 0.5637597143587822
 1.847457627118644 77 3 4 7 1.6876413463936748]
[0.5478926280822005 'Spatial' 0.03894855866885869 0.5637597143587822
 1.271186440677966 77 3 4 8 0.5478926280822005]
[0.010709338722179568 'Spatial' 0.03894855866885869 0.5637597143587822
 0.38983050847457623 77 3 4 9 0.010709338722179568]
[0.0006298016333097749 'Spatial' 0.03894855866885869 0.5637597143587822
 0.1694915254237288 77 3 4 10 0.0006298016333097749]
[4.1588830833596715 'Spatial' 0.03894855866885869 0.5637597143587822
 8.644067796610168 77 3 4 11 4.1588830833596715]
[4.1588830833596715 'Spatial' 0.03894855866885869 0.5637597143587822
 6.779661016949152 77 3 4 12 4.1588830833596715]
[0.16506479814802089 'Spatial' 0.03894855866885869 0.5637597143587822
 2.3559322033898304 77 3 4 13 0.16506479814802089]
[3.987775444467707 'Spatial' 0.03894855866885869 0.5637597143587822
 4.1525423728813555 77 3 4 14 3.987775444467707]
[4.1588830833596715 'Spatial' 0.03894855866885869 0.5637597143587822
 5.7627118644067785 77 3 4 15 4.1588830833596715]
[4.1588830833596715 'Spatial' 0.03894855866885869 0.5637597143587822
 5.423728813559322 77 3 4 16 4.1588830833596715]
[0.035266658209050464 'Spatial' 0.03894855866885869 0.5637597143587822
 1.3389830508474576 77 3 4 17 0.035266658209050464]
[0.0006298016333102192 'Spatial' 0.03894855866885869 0.5637597143587822
 0.5084745762711864 77 3 4 18 0.0006298016333102192]
[0.0006298016333102192 'Spatial' 0.03894855866885869 0.5637597143587822
 0.1694915254237288 77 3 4 19 0.0006298016333102192]
[0.0 'Spatial' 0.03894855866885869 0.5637597143587822 0.0 77 3 5 0 0.0]
[4.090931904972468 'Spatial' 0.03894855866885869 0.5637597143587822
 0.559322033898305 77 3 5 1 4.090931904972468]
[2.776141272740203 'Spatial' 0.03894855866885869 0.5637597143587822
 6.423728813559322 77 3 5 2 2.776141272740203]
[2.731973379219933 'Spatial' 0.03894855866885869 0.5637597143587822
 5.576271186440677 77 3 5 3 2.731973379219933]
[2.5340790494301064 'Spatial' 0.03894855866885869 0.5637597143587822
 4.999999999999999 77 3 5 4 2.5340790494301064]
[2.3433423338417576 'Spatial' 0.03894855866885869 0.5637597143587822
 4.627118644067796 77 3 5 5 2.3433423338417576]
[3.0964071968273092 'Spatial' 0.03894855866885869 0.5637597143587822
 5.423728813559322 77 3 5 6 3.0964071968273092]
[1.6876413463936748 'Spatial' 0.03894855866885869 0.5637597143587822
 1.847457627118644 77 3 5 7 1.6876413463936748]
[0.5478926280822005 'Spatial' 0.03894855866885869 0.5637597143587822
 1.271186440677966 77 3 5 8 0.5478926280822005]
[0.010709338722179568 'Spatial' 0.03894855866885869 0.5637597143587822
 0.38983050847457623 77 3 5 9 0.010709338722179568]
[0.0006298016333097749 'Spatial' 0.03894855866885869 0.5637597143587822
 0.1694915254237288 77 3 5 10 0.0006298016333097749]
[4.1588830833596715 'Spatial' 0.03894855866885869 0.5637597143587822
 8.644067796610168 77 3 5 11 4.1588830833596715]
[4.1588830833596715 'Spatial' 0.03894855866885869 0.5637597143587822
 6.779661016949152 77 3 5 12 4.1588830833596715]
[0.16506479814802089 'Spatial' 0.03894855866885869 0.5637597143587822
 2.3559322033898304 77 3 5 13 0.16506479814802089]
[3.987775444467707 'Spatial' 0.03894855866885869 0.5637597143587822
 4.1525423728813555 77 3 5 14 3.987775444467707]
[4.1588830833596715 'Spatial' 0.03894855866885869 0.5637597143587822
 5.7627118644067785 77 3 5 15 4.1588830833596715]
[4.1588830833596715 'Spatial' 0.03894855866885869 0.5637597143587822
 5.423728813559322 77 3 5 16 4.1588830833596715]
[0.035266658209050464 'Spatial' 0.03894855866885869 0.5637597143587822
 1.3389830508474576 77 3 5 17 0.035266658209050464]
[0.0006298016333102192 'Spatial' 0.03894855866885869 0.5637597143587822
 0.5084745762711864 77 3 5 18 0.0006298016333102192]
[0.0006298016333102192 'Spatial' 0.03894855866885869 0.5637597143587822
 0.1694915254237288 77 3 5 19 0.0006298016333102192]
[0.0 'Spatial' 0.03894855866885869 0.5637597143587822 0.0 77 3 6 0 0.0]
[4.090931904972468 'Spatial' 0.03894855866885869 0.5637597143587822
 0.559322033898305 77 3 6 1 4.090931904972468]
[2.776141272740203 'Spatial' 0.03894855866885869 0.5637597143587822
 6.423728813559322 77 3 6 2 2.776141272740203]
[2.731973379219933 'Spatial' 0.03894855866885869 0.5637597143587822
 5.576271186440677 77 3 6 3 2.731973379219933]
[2.5340790494301064 'Spatial' 0.03894855866885869 0.5637597143587822
 4.999999999999999 77 3 6 4 2.5340790494301064]
[2.3433423338417576 'Spatial' 0.03894855866885869 0.5637597143587822
 4.627118644067796 77 3 6 5 2.3433423338417576]
[3.0964071968273092 'Spatial' 0.03894855866885869 0.5637597143587822
 5.423728813559322 77 3 6 6 3.0964071968273092]
[1.6876413463936748 'Spatial' 0.03894855866885869 0.5637597143587822
 1.847457627118644 77 3 6 7 1.6876413463936748]
[0.5478926280822005 'Spatial' 0.03894855866885869 0.5637597143587822
 1.271186440677966 77 3 6 8 0.5478926280822005]
[0.010709338722179568 'Spatial' 0.03894855866885869 0.5637597143587822
 0.38983050847457623 77 3 6 9 0.010709338722179568]
[0.0006298016333097749 'Spatial' 0.03894855866885869 0.5637597143587822
 0.1694915254237288 77 3 6 10 0.0006298016333097749]
[4.1588830833596715 'Spatial' 0.03894855866885869 0.5637597143587822
 8.644067796610168 77 3 6 11 4.1588830833596715]
[4.1588830833596715 'Spatial' 0.03894855866885869 0.5637597143587822
 6.779661016949152 77 3 6 12 4.1588830833596715]
[0.16506479814802089 'Spatial' 0.03894855866885869 0.5637597143587822
 2.3559322033898304 77 3 6 13 0.16506479814802089]
[3.987775444467707 'Spatial' 0.03894855866885869 0.5637597143587822
 4.1525423728813555 77 3 6 14 3.987775444467707]
[4.1588830833596715 'Spatial' 0.03894855866885869 0.5637597143587822
 5.7627118644067785 77 3 6 15 4.1588830833596715]
[4.1588830833596715 'Spatial' 0.03894855866885869 0.5637597143587822
 5.423728813559322 77 3 6 16 4.1588830833596715]
[0.035266658209050464 'Spatial' 0.03894855866885869 0.5637597143587822
 1.3389830508474576 77 3 6 17 0.035266658209050464]
[0.0006298016333102192 'Spatial' 0.03894855866885869 0.5637597143587822
 0.5084745762711864 77 3 6 18 0.0006298016333102192]
[0.0006298016333102192 'Spatial' 0.03894855866885869 0.5637597143587822
 0.1694915254237288 77 3 6 19 0.0006298016333102192]
[0.0 'Spatial' 0.03894855866885869 0.5637597143587822 0.0 77 3 7 0 0.0]
[4.090931904972468 'Spatial' 0.03894855866885869 0.5637597143587822
 0.559322033898305 77 3 7 1 4.090931904972468]
[2.776141272740203 'Spatial' 0.03894855866885869 0.5637597143587822
 6.423728813559322 77 3 7 2 2.776141272740203]
[2.731973379219933 'Spatial' 0.03894855866885869 0.5637597143587822
 5.576271186440677 77 3 7 3 2.731973379219933]
[2.5340790494301064 'Spatial' 0.03894855866885869 0.5637597143587822
 4.999999999999999 77 3 7 4 2.5340790494301064]
[2.3433423338417576 'Spatial' 0.03894855866885869 0.5637597143587822
 4.627118644067796 77 3 7 5 2.3433423338417576]
[3.0964071968273092 'Spatial' 0.03894855866885869 0.5637597143587822
 5.423728813559322 77 3 7 6 3.0964071968273092]
[1.6876413463936748 'Spatial' 0.03894855866885869 0.5637597143587822
 1.847457627118644 77 3 7 7 1.6876413463936748]
[0.5478926280822005 'Spatial' 0.03894855866885869 0.5637597143587822
 1.271186440677966 77 3 7 8 0.5478926280822005]
[0.010709338722179568 'Spatial' 0.03894855866885869 0.5637597143587822
 0.38983050847457623 77 3 7 9 0.010709338722179568]
[0.0006298016333097749 'Spatial' 0.03894855866885869 0.5637597143587822
 0.1694915254237288 77 3 7 10 0.0006298016333097749]
[4.1588830833596715 'Spatial' 0.03894855866885869 0.5637597143587822
 8.644067796610168 77 3 7 11 4.1588830833596715]
[4.1588830833596715 'Spatial' 0.03894855866885869 0.5637597143587822
 6.779661016949152 77 3 7 12 4.1588830833596715]
[0.16506479814802089 'Spatial' 0.03894855866885869 0.5637597143587822
 2.3559322033898304 77 3 7 13 0.16506479814802089]
[3.987775444467707 'Spatial' 0.03894855866885869 0.5637597143587822
 4.1525423728813555 77 3 7 14 3.987775444467707]
[4.1588830833596715 'Spatial' 0.03894855866885869 0.5637597143587822
 5.7627118644067785 77 3 7 15 4.1588830833596715]
[4.1588830833596715 'Spatial' 0.03894855866885869 0.5637597143587822
 5.423728813559322 77 3 7 16 4.1588830833596715]
[0.035266658209050464 'Spatial' 0.03894855866885869 0.5637597143587822
 1.3389830508474576 77 3 7 17 0.035266658209050464]
[0.0006298016333102192 'Spatial' 0.03894855866885869 0.5637597143587822
 0.5084745762711864 77 3 7 18 0.0006298016333102192]
[0.0006298016333102192 'Spatial' 0.03894855866885869 0.5637597143587822
 0.1694915254237288 77 3 7 19 0.0006298016333102192]
[0.0 'Spatial' 0.03894855866885869 0.5637597143587822 0.0 77 3 8 0 0.0]
[4.090931904972468 'Spatial' 0.03894855866885869 0.5637597143587822
 0.559322033898305 77 3 8 1 4.090931904972468]
[2.776141272740203 'Spatial' 0.03894855866885869 0.5637597143587822
 6.423728813559322 77 3 8 2 2.776141272740203]
[2.731973379219933 'Spatial' 0.03894855866885869 0.5637597143587822
 5.576271186440677 77 3 8 3 2.731973379219933]
[2.5340790494301064 'Spatial' 0.03894855866885869 0.5637597143587822
 4.999999999999999 77 3 8 4 2.5340790494301064]
[2.3433423338417576 'Spatial' 0.03894855866885869 0.5637597143587822
 4.627118644067796 77 3 8 5 2.3433423338417576]
[3.0964071968273092 'Spatial' 0.03894855866885869 0.5637597143587822
 5.423728813559322 77 3 8 6 3.0964071968273092]
[1.6876413463936748 'Spatial' 0.03894855866885869 0.5637597143587822
 1.847457627118644 77 3 8 7 1.6876413463936748]
[0.5478926280822005 'Spatial' 0.03894855866885869 0.5637597143587822
 1.271186440677966 77 3 8 8 0.5478926280822005]
[0.010709338722179568 'Spatial' 0.03894855866885869 0.5637597143587822
 0.38983050847457623 77 3 8 9 0.010709338722179568]
[0.0006298016333097749 'Spatial' 0.03894855866885869 0.5637597143587822
 0.1694915254237288 77 3 8 10 0.0006298016333097749]
[4.1588830833596715 'Spatial' 0.03894855866885869 0.5637597143587822
 8.644067796610168 77 3 8 11 4.1588830833596715]
[4.1588830833596715 'Spatial' 0.03894855866885869 0.5637597143587822
 6.779661016949152 77 3 8 12 4.1588830833596715]
[0.16506479814802089 'Spatial' 0.03894855866885869 0.5637597143587822
 2.3559322033898304 77 3 8 13 0.16506479814802089]
[3.987775444467707 'Spatial' 0.03894855866885869 0.5637597143587822
 4.1525423728813555 77 3 8 14 3.987775444467707]
[4.1588830833596715 'Spatial' 0.03894855866885869 0.5637597143587822
 5.7627118644067785 77 3 8 15 4.1588830833596715]
[4.1588830833596715 'Spatial' 0.03894855866885869 0.5637597143587822
 5.423728813559322 77 3 8 16 4.1588830833596715]
[0.035266658209050464 'Spatial' 0.03894855866885869 0.5637597143587822
 1.3389830508474576 77 3 8 17 0.035266658209050464]
[0.0006298016333102192 'Spatial' 0.03894855866885869 0.5637597143587822
 0.5084745762711864 77 3 8 18 0.0006298016333102192]
[0.0006298016333102192 'Spatial' 0.03894855866885869 0.5637597143587822
 0.1694915254237288 77 3 8 19 0.0006298016333102192]
