[0.0 'Conceptual' 0.021501291321421326 0.11609464487552983 0.0 78 5 0 0
 0.0]
[4.057727565877616 'Conceptual' 0.021501291321421326 0.11609464487552983
 0.6610169491525423 78 5 0 1 4.057727565877616]
[4.008590932395923 'Conceptual' 0.021501291321421326 0.11609464487552983
 0.559322033898305 78 5 0 2 4.008590932395923]
[1.6156132905057086 'Conceptual' 0.021501291321421326 0.11609464487552983
 2.11864406779661 78 5 0 3 1.6156132905057086]
[0.6342708004123059 'Conceptual' 0.021501291321421326 0.11609464487552983
 1.5084745762711864 78 5 0 4 0.6342708004123059]
[1.328008324986583 'Conceptual' 0.021501291321421326 0.11609464487552983
 2.932203389830508 78 5 0 5 1.328008324986583]
[0.0938081176285993 'Conceptual' 0.021501291321421326 0.11609464487552983
 0.1694915254237288 78 5 0 6 0.0938081176285993]
[0.0006298016333102192 'Conceptual' 0.021501291321421326
 0.11609464487552983 1.3559322033898304 78 5 0 7 0.0006298016333102192]
[0.009998179822039273 'Conceptual' 0.021501291321421326
 0.11609464487552983 0.1694915254237288 78 5 0 8 0.009998179822039273]
[0.000629801633309997 'Conceptual' 0.021501291321421326
 0.11609464487552983 0.1694915254237288 78 5 0 9 0.000629801633309997]
[0.000629801633309997 'Conceptual' 0.021501291321421326
 0.11609464487552983 0.1694915254237288 78 5 0 10 0.000629801633309997]
[0.000629801633309997 'Conceptual' 0.021501291321421326
 0.11609464487552983 0.1694915254237288 78 5 0 11 0.000629801633309997]
[0.000709327972717608 'Conceptual' 0.021501291321421326
 0.11609464487552983 2.152542372881356 78 5 0 12 0.000709327972717608]
[0.000629801633309997 'Conceptual' 0.021501291321421326
 0.11609464487552983 0.1694915254237288 78 5 0 13 0.000629801633309997]
[0.000629801633309997 'Conceptual' 0.021501291321421326
 0.11609464487552983 0.1694915254237288 78 5 0 14 0.000629801633309997]
[4.1588830833596715 'Conceptual' 0.021501291321421326 0.11609464487552983
 7.796610169491524 78 5 0 15 4.1588830833596715]
[0.000629801633309997 'Conceptual' 0.021501291321421326
 0.11609464487552983 0.1694915254237288 78 5 0 16 0.000629801633309997]
[0.000629801633309997 'Conceptual' 0.021501291321421326
 0.11609464487552983 0.1694915254237288 78 5 0 17 0.000629801633309997]
[0.000629801633309997 'Conceptual' 0.021501291321421326
 0.11609464487552983 0.1694915254237288 78 5 0 18 0.000629801633309997]
[0.000629801633309997 'Conceptual' 0.021501291321421326
 0.11609464487552983 0.1694915254237288 78 5 0 19 0.000629801633309997]
[0.0 'Conceptual' 0.021501291321421326 0.11609464487552983 0.0 78 5 1 0
 0.0]
[4.057727565877616 'Conceptual' 0.021501291321421326 0.11609464487552983
 0.6610169491525423 78 5 1 1 4.057727565877616]
[4.008590932395923 'Conceptual' 0.021501291321421326 0.11609464487552983
 0.559322033898305 78 5 1 2 4.008590932395923]
[1.6156132905057086 'Conceptual' 0.021501291321421326 0.11609464487552983
 2.11864406779661 78 5 1 3 1.6156132905057086]
[0.6342708004123059 'Conceptual' 0.021501291321421326 0.11609464487552983
 1.5084745762711864 78 5 1 4 0.6342708004123059]
[1.328008324986583 'Conceptual' 0.021501291321421326 0.11609464487552983
 2.932203389830508 78 5 1 5 1.328008324986583]
[0.0938081176285993 'Conceptual' 0.021501291321421326 0.11609464487552983
 0.1694915254237288 78 5 1 6 0.0938081176285993]
[0.0006298016333102192 'Conceptual' 0.021501291321421326
 0.11609464487552983 1.3559322033898304 78 5 1 7 0.0006298016333102192]
[0.009998179822039273 'Conceptual' 0.021501291321421326
 0.11609464487552983 0.1694915254237288 78 5 1 8 0.009998179822039273]
[0.000629801633309997 'Conceptual' 0.021501291321421326
 0.11609464487552983 0.1694915254237288 78 5 1 9 0.000629801633309997]
[0.000629801633309997 'Conceptual' 0.021501291321421326
 0.11609464487552983 0.1694915254237288 78 5 1 10 0.000629801633309997]
[0.000629801633309997 'Conceptual' 0.021501291321421326
 0.11609464487552983 0.1694915254237288 78 5 1 11 0.000629801633309997]
[0.000709327972717608 'Conceptual' 0.021501291321421326
 0.11609464487552983 2.152542372881356 78 5 1 12 0.000709327972717608]
[0.000629801633309997 'Conceptual' 0.021501291321421326
 0.11609464487552983 0.1694915254237288 78 5 1 13 0.000629801633309997]
[0.000629801633309997 'Conceptual' 0.021501291321421326
 0.11609464487552983 0.1694915254237288 78 5 1 14 0.000629801633309997]
[4.1588830833596715 'Conceptual' 0.021501291321421326 0.11609464487552983
 7.796610169491524 78 5 1 15 4.1588830833596715]
[0.000629801633309997 'Conceptual' 0.021501291321421326
 0.11609464487552983 0.1694915254237288 78 5 1 16 0.000629801633309997]
[0.000629801633309997 'Conceptual' 0.021501291321421326
 0.11609464487552983 0.1694915254237288 78 5 1 17 0.000629801633309997]
[0.000629801633309997 'Conceptual' 0.021501291321421326
 0.11609464487552983 0.1694915254237288 78 5 1 18 0.000629801633309997]
[0.000629801633309997 'Conceptual' 0.021501291321421326
 0.11609464487552983 0.1694915254237288 78 5 1 19 0.000629801633309997]
[0.0 'Conceptual' 0.021501291321421326 0.11609464487552983 0.0 78 5 2 0
 0.0]
[4.057727565877616 'Conceptual' 0.021501291321421326 0.11609464487552983
 0.6610169491525423 78 5 2 1 4.057727565877616]
[4.008590932395923 'Conceptual' 0.021501291321421326 0.11609464487552983
 0.559322033898305 78 5 2 2 4.008590932395923]
[1.6156132905057086 'Conceptual' 0.021501291321421326 0.11609464487552983
 2.11864406779661 78 5 2 3 1.6156132905057086]
[0.6342708004123059 'Conceptual' 0.021501291321421326 0.11609464487552983
 1.5084745762711864 78 5 2 4 0.6342708004123059]
[1.328008324986583 'Conceptual' 0.021501291321421326 0.11609464487552983
 2.932203389830508 78 5 2 5 1.328008324986583]
[0.0938081176285993 'Conceptual' 0.021501291321421326 0.11609464487552983
 0.1694915254237288 78 5 2 6 0.0938081176285993]
[0.0006298016333102192 'Conceptual' 0.021501291321421326
 0.11609464487552983 1.3559322033898304 78 5 2 7 0.0006298016333102192]
[0.009998179822039273 'Conceptual' 0.021501291321421326
 0.11609464487552983 0.1694915254237288 78 5 2 8 0.009998179822039273]
[0.000629801633309997 'Conceptual' 0.021501291321421326
 0.11609464487552983 0.1694915254237288 78 5 2 9 0.000629801633309997]
[0.000629801633309997 'Conceptual' 0.021501291321421326
 0.11609464487552983 0.1694915254237288 78 5 2 10 0.000629801633309997]
[0.000629801633309997 'Conceptual' 0.021501291321421326
 0.11609464487552983 0.1694915254237288 78 5 2 11 0.000629801633309997]
[0.000709327972717608 'Conceptual' 0.021501291321421326
 0.11609464487552983 2.152542372881356 78 5 2 12 0.000709327972717608]
[0.000629801633309997 'Conceptual' 0.021501291321421326
 0.11609464487552983 0.1694915254237288 78 5 2 13 0.000629801633309997]
[0.000629801633309997 'Conceptual' 0.021501291321421326
 0.11609464487552983 0.1694915254237288 78 5 2 14 0.000629801633309997]
[4.1588830833596715 'Conceptual' 0.021501291321421326 0.11609464487552983
 7.796610169491524 78 5 2 15 4.1588830833596715]
[0.000629801633309997 'Conceptual' 0.021501291321421326
 0.11609464487552983 0.1694915254237288 78 5 2 16 0.000629801633309997]
[0.000629801633309997 'Conceptual' 0.021501291321421326
 0.11609464487552983 0.1694915254237288 78 5 2 17 0.000629801633309997]
[0.000629801633309997 'Conceptual' 0.021501291321421326
 0.11609464487552983 0.1694915254237288 78 5 2 18 0.000629801633309997]
[0.000629801633309997 'Conceptual' 0.021501291321421326
 0.11609464487552983 0.1694915254237288 78 5 2 19 0.000629801633309997]
[0.0 'Conceptual' 0.021501291321421326 0.11609464487552983 0.0 78 5 3 0
 0.0]
[4.057727565877616 'Conceptual' 0.021501291321421326 0.11609464487552983
 0.6610169491525423 78 5 3 1 4.057727565877616]
[4.008590932395923 'Conceptual' 0.021501291321421326 0.11609464487552983
 0.559322033898305 78 5 3 2 4.008590932395923]
[1.6156132905057086 'Conceptual' 0.021501291321421326 0.11609464487552983
 2.11864406779661 78 5 3 3 1.6156132905057086]
[0.6342708004123059 'Conceptual' 0.021501291321421326 0.11609464487552983
 1.5084745762711864 78 5 3 4 0.6342708004123059]
[1.328008324986583 'Conceptual' 0.021501291321421326 0.11609464487552983
 2.932203389830508 78 5 3 5 1.328008324986583]
[0.0938081176285993 'Conceptual' 0.021501291321421326 0.11609464487552983
 0.1694915254237288 78 5 3 6 0.0938081176285993]
[0.0006298016333102192 'Conceptual' 0.021501291321421326
 0.11609464487552983 1.3559322033898304 78 5 3 7 0.0006298016333102192]
[0.009998179822039273 'Conceptual' 0.021501291321421326
 0.11609464487552983 0.1694915254237288 78 5 3 8 0.009998179822039273]
[0.000629801633309997 'Conceptual' 0.021501291321421326
 0.11609464487552983 0.1694915254237288 78 5 3 9 0.000629801633309997]
[0.000629801633309997 'Conceptual' 0.021501291321421326
 0.11609464487552983 0.1694915254237288 78 5 3 10 0.000629801633309997]
[0.000629801633309997 'Conceptual' 0.021501291321421326
 0.11609464487552983 0.1694915254237288 78 5 3 11 0.000629801633309997]
[0.000709327972717608 'Conceptual' 0.021501291321421326
 0.11609464487552983 2.152542372881356 78 5 3 12 0.000709327972717608]
[0.000629801633309997 'Conceptual' 0.021501291321421326
 0.11609464487552983 0.1694915254237288 78 5 3 13 0.000629801633309997]
[0.000629801633309997 'Conceptual' 0.021501291321421326
 0.11609464487552983 0.1694915254237288 78 5 3 14 0.000629801633309997]
[4.1588830833596715 'Conceptual' 0.021501291321421326 0.11609464487552983
 7.796610169491524 78 5 3 15 4.1588830833596715]
[0.000629801633309997 'Conceptual' 0.021501291321421326
 0.11609464487552983 0.1694915254237288 78 5 3 16 0.000629801633309997]
[0.000629801633309997 'Conceptual' 0.021501291321421326
 0.11609464487552983 0.1694915254237288 78 5 3 17 0.000629801633309997]
[0.000629801633309997 'Conceptual' 0.021501291321421326
 0.11609464487552983 0.1694915254237288 78 5 3 18 0.000629801633309997]
[0.000629801633309997 'Conceptual' 0.021501291321421326
 0.11609464487552983 0.1694915254237288 78 5 3 19 0.000629801633309997]
[0.0 'Conceptual' 0.021501291321421326 0.11609464487552983 0.0 78 5 4 0
 0.0]
[4.057727565877616 'Conceptual' 0.021501291321421326 0.11609464487552983
 0.6610169491525423 78 5 4 1 4.057727565877616]
[4.008590932395923 'Conceptual' 0.021501291321421326 0.11609464487552983
 0.559322033898305 78 5 4 2 4.008590932395923]
[1.6156132905057086 'Conceptual' 0.021501291321421326 0.11609464487552983
 2.11864406779661 78 5 4 3 1.6156132905057086]
[0.6342708004123059 'Conceptual' 0.021501291321421326 0.11609464487552983
 1.5084745762711864 78 5 4 4 0.6342708004123059]
[1.328008324986583 'Conceptual' 0.021501291321421326 0.11609464487552983
 2.932203389830508 78 5 4 5 1.328008324986583]
[0.0938081176285993 'Conceptual' 0.021501291321421326 0.11609464487552983
 0.1694915254237288 78 5 4 6 0.0938081176285993]
[0.0006298016333102192 'Conceptual' 0.021501291321421326
 0.11609464487552983 1.3559322033898304 78 5 4 7 0.0006298016333102192]
[0.009998179822039273 'Conceptual' 0.021501291321421326
 0.11609464487552983 0.1694915254237288 78 5 4 8 0.009998179822039273]
[0.000629801633309997 'Conceptual' 0.021501291321421326
 0.11609464487552983 0.1694915254237288 78 5 4 9 0.000629801633309997]
[0.000629801633309997 'Conceptual' 0.021501291321421326
 0.11609464487552983 0.1694915254237288 78 5 4 10 0.000629801633309997]
[0.000629801633309997 'Conceptual' 0.021501291321421326
 0.11609464487552983 0.1694915254237288 78 5 4 11 0.000629801633309997]
[0.000709327972717608 'Conceptual' 0.021501291321421326
 0.11609464487552983 2.152542372881356 78 5 4 12 0.000709327972717608]
[0.000629801633309997 'Conceptual' 0.021501291321421326
 0.11609464487552983 0.1694915254237288 78 5 4 13 0.000629801633309997]
[0.000629801633309997 'Conceptual' 0.021501291321421326
 0.11609464487552983 0.1694915254237288 78 5 4 14 0.000629801633309997]
[4.1588830833596715 'Conceptual' 0.021501291321421326 0.11609464487552983
 7.796610169491524 78 5 4 15 4.1588830833596715]
[0.000629801633309997 'Conceptual' 0.021501291321421326
 0.11609464487552983 0.1694915254237288 78 5 4 16 0.000629801633309997]
[0.000629801633309997 'Conceptual' 0.021501291321421326
 0.11609464487552983 0.1694915254237288 78 5 4 17 0.000629801633309997]
[0.000629801633309997 'Conceptual' 0.021501291321421326
 0.11609464487552983 0.1694915254237288 78 5 4 18 0.000629801633309997]
[0.000629801633309997 'Conceptual' 0.021501291321421326
 0.11609464487552983 0.1694915254237288 78 5 4 19 0.000629801633309997]
[0.0 'Conceptual' 0.021501291321421326 0.11609464487552983 0.0 78 5 6 0
 0.0]
[4.057727565877616 'Conceptual' 0.021501291321421326 0.11609464487552983
 0.6610169491525423 78 5 6 1 4.057727565877616]
[4.008590932395923 'Conceptual' 0.021501291321421326 0.11609464487552983
 0.559322033898305 78 5 6 2 4.008590932395923]
[1.6156132905057086 'Conceptual' 0.021501291321421326 0.11609464487552983
 2.11864406779661 78 5 6 3 1.6156132905057086]
[0.6342708004123059 'Conceptual' 0.021501291321421326 0.11609464487552983
 1.5084745762711864 78 5 6 4 0.6342708004123059]
[1.328008324986583 'Conceptual' 0.021501291321421326 0.11609464487552983
 2.932203389830508 78 5 6 5 1.328008324986583]
[0.0938081176285993 'Conceptual' 0.021501291321421326 0.11609464487552983
 0.1694915254237288 78 5 6 6 0.0938081176285993]
[0.0006298016333102192 'Conceptual' 0.021501291321421326
 0.11609464487552983 1.3559322033898304 78 5 6 7 0.0006298016333102192]
[0.009998179822039273 'Conceptual' 0.021501291321421326
 0.11609464487552983 0.1694915254237288 78 5 6 8 0.009998179822039273]
[0.000629801633309997 'Conceptual' 0.021501291321421326
 0.11609464487552983 0.1694915254237288 78 5 6 9 0.000629801633309997]
[0.000629801633309997 'Conceptual' 0.021501291321421326
 0.11609464487552983 0.1694915254237288 78 5 6 10 0.000629801633309997]
[0.000629801633309997 'Conceptual' 0.021501291321421326
 0.11609464487552983 0.1694915254237288 78 5 6 11 0.000629801633309997]
[0.000709327972717608 'Conceptual' 0.021501291321421326
 0.11609464487552983 2.152542372881356 78 5 6 12 0.000709327972717608]
[0.000629801633309997 'Conceptual' 0.021501291321421326
 0.11609464487552983 0.1694915254237288 78 5 6 13 0.000629801633309997]
[0.000629801633309997 'Conceptual' 0.021501291321421326
 0.11609464487552983 0.1694915254237288 78 5 6 14 0.000629801633309997]
[4.1588830833596715 'Conceptual' 0.021501291321421326 0.11609464487552983
 7.796610169491524 78 5 6 15 4.1588830833596715]
[0.000629801633309997 'Conceptual' 0.021501291321421326
 0.11609464487552983 0.1694915254237288 78 5 6 16 0.000629801633309997]
[0.000629801633309997 'Conceptual' 0.021501291321421326
 0.11609464487552983 0.1694915254237288 78 5 6 17 0.000629801633309997]
[0.000629801633309997 'Conceptual' 0.021501291321421326
 0.11609464487552983 0.1694915254237288 78 5 6 18 0.000629801633309997]
[0.000629801633309997 'Conceptual' 0.021501291321421326
 0.11609464487552983 0.1694915254237288 78 5 6 19 0.000629801633309997]
[0.0 'Conceptual' 0.021501291321421326 0.11609464487552983 0.0 78 5 7 0
 0.0]
[4.057727565877616 'Conceptual' 0.021501291321421326 0.11609464487552983
 0.6610169491525423 78 5 7 1 4.057727565877616]
[4.008590932395923 'Conceptual' 0.021501291321421326 0.11609464487552983
 0.559322033898305 78 5 7 2 4.008590932395923]
[1.6156132905057086 'Conceptual' 0.021501291321421326 0.11609464487552983
 2.11864406779661 78 5 7 3 1.6156132905057086]
[0.6342708004123059 'Conceptual' 0.021501291321421326 0.11609464487552983
 1.5084745762711864 78 5 7 4 0.6342708004123059]
[1.328008324986583 'Conceptual' 0.021501291321421326 0.11609464487552983
 2.932203389830508 78 5 7 5 1.328008324986583]
[0.0938081176285993 'Conceptual' 0.021501291321421326 0.11609464487552983
 0.1694915254237288 78 5 7 6 0.0938081176285993]
[0.0006298016333102192 'Conceptual' 0.021501291321421326
 0.11609464487552983 1.3559322033898304 78 5 7 7 0.0006298016333102192]
[0.009998179822039273 'Conceptual' 0.021501291321421326
 0.11609464487552983 0.1694915254237288 78 5 7 8 0.009998179822039273]
[0.000629801633309997 'Conceptual' 0.021501291321421326
 0.11609464487552983 0.1694915254237288 78 5 7 9 0.000629801633309997]
[0.000629801633309997 'Conceptual' 0.021501291321421326
 0.11609464487552983 0.1694915254237288 78 5 7 10 0.000629801633309997]
[0.000629801633309997 'Conceptual' 0.021501291321421326
 0.11609464487552983 0.1694915254237288 78 5 7 11 0.000629801633309997]
[0.000709327972717608 'Conceptual' 0.021501291321421326
 0.11609464487552983 2.152542372881356 78 5 7 12 0.000709327972717608]
[0.000629801633309997 'Conceptual' 0.021501291321421326
 0.11609464487552983 0.1694915254237288 78 5 7 13 0.000629801633309997]
[0.000629801633309997 'Conceptual' 0.021501291321421326
 0.11609464487552983 0.1694915254237288 78 5 7 14 0.000629801633309997]
[4.1588830833596715 'Conceptual' 0.021501291321421326 0.11609464487552983
 7.796610169491524 78 5 7 15 4.1588830833596715]
[0.000629801633309997 'Conceptual' 0.021501291321421326
 0.11609464487552983 0.1694915254237288 78 5 7 16 0.000629801633309997]
[0.000629801633309997 'Conceptual' 0.021501291321421326
 0.11609464487552983 0.1694915254237288 78 5 7 17 0.000629801633309997]
[0.000629801633309997 'Conceptual' 0.021501291321421326
 0.11609464487552983 0.1694915254237288 78 5 7 18 0.000629801633309997]
[0.000629801633309997 'Conceptual' 0.021501291321421326
 0.11609464487552983 0.1694915254237288 78 5 7 19 0.000629801633309997]
[0.0 'Conceptual' 0.021501291321421326 0.11609464487552983 0.0 78 5 8 0
 0.0]
[4.057727565877616 'Conceptual' 0.021501291321421326 0.11609464487552983
 0.6610169491525423 78 5 8 1 4.057727565877616]
[4.008590932395923 'Conceptual' 0.021501291321421326 0.11609464487552983
 0.559322033898305 78 5 8 2 4.008590932395923]
[1.6156132905057086 'Conceptual' 0.021501291321421326 0.11609464487552983
 2.11864406779661 78 5 8 3 1.6156132905057086]
[0.6342708004123059 'Conceptual' 0.021501291321421326 0.11609464487552983
 1.5084745762711864 78 5 8 4 0.6342708004123059]
[1.328008324986583 'Conceptual' 0.021501291321421326 0.11609464487552983
 2.932203389830508 78 5 8 5 1.328008324986583]
[0.0938081176285993 'Conceptual' 0.021501291321421326 0.11609464487552983
 0.1694915254237288 78 5 8 6 0.0938081176285993]
[0.0006298016333102192 'Conceptual' 0.021501291321421326
 0.11609464487552983 1.3559322033898304 78 5 8 7 0.0006298016333102192]
[0.009998179822039273 'Conceptual' 0.021501291321421326
 0.11609464487552983 0.1694915254237288 78 5 8 8 0.009998179822039273]
[0.000629801633309997 'Conceptual' 0.021501291321421326
 0.11609464487552983 0.1694915254237288 78 5 8 9 0.000629801633309997]
[0.000629801633309997 'Conceptual' 0.021501291321421326
 0.11609464487552983 0.1694915254237288 78 5 8 10 0.000629801633309997]
[0.000629801633309997 'Conceptual' 0.021501291321421326
 0.11609464487552983 0.1694915254237288 78 5 8 11 0.000629801633309997]
[0.000709327972717608 'Conceptual' 0.021501291321421326
 0.11609464487552983 2.152542372881356 78 5 8 12 0.000709327972717608]
[0.000629801633309997 'Conceptual' 0.021501291321421326
 0.11609464487552983 0.1694915254237288 78 5 8 13 0.000629801633309997]
[0.000629801633309997 'Conceptual' 0.021501291321421326
 0.11609464487552983 0.1694915254237288 78 5 8 14 0.000629801633309997]
[4.1588830833596715 'Conceptual' 0.021501291321421326 0.11609464487552983
 7.796610169491524 78 5 8 15 4.1588830833596715]
[0.000629801633309997 'Conceptual' 0.021501291321421326
 0.11609464487552983 0.1694915254237288 78 5 8 16 0.000629801633309997]
[0.000629801633309997 'Conceptual' 0.021501291321421326
 0.11609464487552983 0.1694915254237288 78 5 8 17 0.000629801633309997]
[0.000629801633309997 'Conceptual' 0.021501291321421326
 0.11609464487552983 0.1694915254237288 78 5 8 18 0.000629801633309997]
[0.000629801633309997 'Conceptual' 0.021501291321421326
 0.11609464487552983 0.1694915254237288 78 5 8 19 0.000629801633309997]
