[0.0 'Conceptual' 0.9659763397370499 65.38878353357697 0.0 116 6 0 0 0.0]
[3.3670664641717343 'Conceptual' 0.9659763397370499 65.38878353357697
 2.1864406779661016 116 6 0 1 3.3670664641717343]
[2.4884739288456124 'Conceptual' 0.9659763397370499 65.38878353357697
 2.3559322033898304 116 6 0 2 2.4884739288456124]
[4.046209624397239 'Conceptual' 0.9659763397370499 65.38878353357697
 0.5084745762711864 116 6 0 3 4.046209624397239]
[2.9391388285898192 'Conceptual' 0.9659763397370499 65.38878353357697
 1.406779661016949 116 6 0 4 2.9391388285898192]
[3.638352915401434 'Conceptual' 0.9659763397370499 65.38878353357697
 0.8983050847457626 116 6 0 5 3.638352915401434]
[3.2713993745521286 'Conceptual' 0.9659763397370499 65.38878353357697
 4.220338983050847 116 6 0 6 3.2713993745521286]
[4.040517287220483 'Conceptual' 0.9659763397370499 65.38878353357697
 0.3389830508474576 116 6 0 7 4.040517287220483]
[2.2104059528571582 'Conceptual' 0.9659763397370499 65.38878353357697
 2.864406779661017 116 6 0 8 2.2104059528571582]
[2.4524925572041134 'Conceptual' 0.9659763397370499 65.38878353357697
 2.4576271186440675 116 6 0 9 2.4524925572041134]
[2.861557584813489 'Conceptual' 0.9659763397370499 65.38878353357697
 2.4576271186440675 116 6 0 10 2.861557584813489]
[3.33965453400193 'Conceptual' 0.9659763397370499 65.38878353357697
 2.7288135593220337 116 6 0 11 3.33965453400193]
[0.0006347308956793164 'Conceptual' 0.9659763397370499 65.38878353357697
 1.1016949152542372 116 6 0 12 0.0006347308956793164]
[1.9467143362989974 'Conceptual' 0.9659763397370499 65.38878353357697
 1.542372881355932 116 6 0 13 1.9467143362989974]
[2.709699136061681 'Conceptual' 0.9659763397370499 65.38878353357697
 1.7796610169491525 116 6 0 14 2.709699136061681]
[3.677025135334632 'Conceptual' 0.9659763397370499 65.38878353357697
 2.8813559322033897 116 6 0 15 3.677025135334632]
[1.975610494535647 'Conceptual' 0.9659763397370499 65.38878353357697
 1.3389830508474576 116 6 0 16 1.975610494535647]
[3.949610281802187 'Conceptual' 0.9659763397370499 65.38878353357697
 2.864406779661017 116 6 0 17 3.949610281802187]
[3.6785849532314474 'Conceptual' 0.9659763397370499 65.38878353357697
 2.2881355932203387 116 6 0 18 3.6785849532314474]
[0.000629801633309997 'Conceptual' 0.9659763397370499 65.38878353357697
 0.1694915254237288 116 6 0 19 0.000629801633309997]
[0.0 'Conceptual' 0.9659763397370499 65.38878353357697 0.0 116 6 1 0 0.0]
[3.3670664641717343 'Conceptual' 0.9659763397370499 65.38878353357697
 2.1864406779661016 116 6 1 1 3.3670664641717343]
[2.4884739288456124 'Conceptual' 0.9659763397370499 65.38878353357697
 2.3559322033898304 116 6 1 2 2.4884739288456124]
[4.046209624397239 'Conceptual' 0.9659763397370499 65.38878353357697
 0.5084745762711864 116 6 1 3 4.046209624397239]
[2.9391388285898192 'Conceptual' 0.9659763397370499 65.38878353357697
 1.406779661016949 116 6 1 4 2.9391388285898192]
[3.638352915401434 'Conceptual' 0.9659763397370499 65.38878353357697
 0.8983050847457626 116 6 1 5 3.638352915401434]
[3.2713993745521286 'Conceptual' 0.9659763397370499 65.38878353357697
 4.220338983050847 116 6 1 6 3.2713993745521286]
[4.040517287220483 'Conceptual' 0.9659763397370499 65.38878353357697
 0.3389830508474576 116 6 1 7 4.040517287220483]
[2.2104059528571582 'Conceptual' 0.9659763397370499 65.38878353357697
 2.864406779661017 116 6 1 8 2.2104059528571582]
[2.4524925572041134 'Conceptual' 0.9659763397370499 65.38878353357697
 2.4576271186440675 116 6 1 9 2.4524925572041134]
[2.861557584813489 'Conceptual' 0.9659763397370499 65.38878353357697
 2.4576271186440675 116 6 1 10 2.861557584813489]
[3.33965453400193 'Conceptual' 0.9659763397370499 65.38878353357697
 2.7288135593220337 116 6 1 11 3.33965453400193]
[0.0006347308956793164 'Conceptual' 0.9659763397370499 65.38878353357697
 1.1016949152542372 116 6 1 12 0.0006347308956793164]
[1.9467143362989974 'Conceptual' 0.9659763397370499 65.38878353357697
 1.542372881355932 116 6 1 13 1.9467143362989974]
[2.709699136061681 'Conceptual' 0.9659763397370499 65.38878353357697
 1.7796610169491525 116 6 1 14 2.709699136061681]
[3.677025135334632 'Conceptual' 0.9659763397370499 65.38878353357697
 2.8813559322033897 116 6 1 15 3.677025135334632]
[1.975610494535647 'Conceptual' 0.9659763397370499 65.38878353357697
 1.3389830508474576 116 6 1 16 1.975610494535647]
[3.949610281802187 'Conceptual' 0.9659763397370499 65.38878353357697
 2.864406779661017 116 6 1 17 3.949610281802187]
[3.6785849532314474 'Conceptual' 0.9659763397370499 65.38878353357697
 2.2881355932203387 116 6 1 18 3.6785849532314474]
[0.000629801633309997 'Conceptual' 0.9659763397370499 65.38878353357697
 0.1694915254237288 116 6 1 19 0.000629801633309997]
[0.0 'Conceptual' 0.9659763397370499 65.38878353357697 0.0 116 6 2 0 0.0]
[3.3670664641717343 'Conceptual' 0.9659763397370499 65.38878353357697
 2.1864406779661016 116 6 2 1 3.3670664641717343]
[2.4884739288456124 'Conceptual' 0.9659763397370499 65.38878353357697
 2.3559322033898304 116 6 2 2 2.4884739288456124]
[4.046209624397239 'Conceptual' 0.9659763397370499 65.38878353357697
 0.5084745762711864 116 6 2 3 4.046209624397239]
[2.9391388285898192 'Conceptual' 0.9659763397370499 65.38878353357697
 1.406779661016949 116 6 2 4 2.9391388285898192]
[3.638352915401434 'Conceptual' 0.9659763397370499 65.38878353357697
 0.8983050847457626 116 6 2 5 3.638352915401434]
[3.2713993745521286 'Conceptual' 0.9659763397370499 65.38878353357697
 4.220338983050847 116 6 2 6 3.2713993745521286]
[4.040517287220483 'Conceptual' 0.9659763397370499 65.38878353357697
 0.3389830508474576 116 6 2 7 4.040517287220483]
[2.2104059528571582 'Conceptual' 0.9659763397370499 65.38878353357697
 2.864406779661017 116 6 2 8 2.2104059528571582]
[2.4524925572041134 'Conceptual' 0.9659763397370499 65.38878353357697
 2.4576271186440675 116 6 2 9 2.4524925572041134]
[2.861557584813489 'Conceptual' 0.9659763397370499 65.38878353357697
 2.4576271186440675 116 6 2 10 2.861557584813489]
[3.33965453400193 'Conceptual' 0.9659763397370499 65.38878353357697
 2.7288135593220337 116 6 2 11 3.33965453400193]
[0.0006347308956793164 'Conceptual' 0.9659763397370499 65.38878353357697
 1.1016949152542372 116 6 2 12 0.0006347308956793164]
[1.9467143362989974 'Conceptual' 0.9659763397370499 65.38878353357697
 1.542372881355932 116 6 2 13 1.9467143362989974]
[2.709699136061681 'Conceptual' 0.9659763397370499 65.38878353357697
 1.7796610169491525 116 6 2 14 2.709699136061681]
[3.677025135334632 'Conceptual' 0.9659763397370499 65.38878353357697
 2.8813559322033897 116 6 2 15 3.677025135334632]
[1.975610494535647 'Conceptual' 0.9659763397370499 65.38878353357697
 1.3389830508474576 116 6 2 16 1.975610494535647]
[3.949610281802187 'Conceptual' 0.9659763397370499 65.38878353357697
 2.864406779661017 116 6 2 17 3.949610281802187]
[3.6785849532314474 'Conceptual' 0.9659763397370499 65.38878353357697
 2.2881355932203387 116 6 2 18 3.6785849532314474]
[0.000629801633309997 'Conceptual' 0.9659763397370499 65.38878353357697
 0.1694915254237288 116 6 2 19 0.000629801633309997]
[0.0 'Conceptual' 0.9659763397370499 65.38878353357697 0.0 116 6 3 0 0.0]
[3.3670664641717343 'Conceptual' 0.9659763397370499 65.38878353357697
 2.1864406779661016 116 6 3 1 3.3670664641717343]
[2.4884739288456124 'Conceptual' 0.9659763397370499 65.38878353357697
 2.3559322033898304 116 6 3 2 2.4884739288456124]
[4.046209624397239 'Conceptual' 0.9659763397370499 65.38878353357697
 0.5084745762711864 116 6 3 3 4.046209624397239]
[2.9391388285898192 'Conceptual' 0.9659763397370499 65.38878353357697
 1.406779661016949 116 6 3 4 2.9391388285898192]
[3.638352915401434 'Conceptual' 0.9659763397370499 65.38878353357697
 0.8983050847457626 116 6 3 5 3.638352915401434]
[3.2713993745521286 'Conceptual' 0.9659763397370499 65.38878353357697
 4.220338983050847 116 6 3 6 3.2713993745521286]
[4.040517287220483 'Conceptual' 0.9659763397370499 65.38878353357697
 0.3389830508474576 116 6 3 7 4.040517287220483]
[2.2104059528571582 'Conceptual' 0.9659763397370499 65.38878353357697
 2.864406779661017 116 6 3 8 2.2104059528571582]
[2.4524925572041134 'Conceptual' 0.9659763397370499 65.38878353357697
 2.4576271186440675 116 6 3 9 2.4524925572041134]
[2.861557584813489 'Conceptual' 0.9659763397370499 65.38878353357697
 2.4576271186440675 116 6 3 10 2.861557584813489]
[3.33965453400193 'Conceptual' 0.9659763397370499 65.38878353357697
 2.7288135593220337 116 6 3 11 3.33965453400193]
[0.0006347308956793164 'Conceptual' 0.9659763397370499 65.38878353357697
 1.1016949152542372 116 6 3 12 0.0006347308956793164]
[1.9467143362989974 'Conceptual' 0.9659763397370499 65.38878353357697
 1.542372881355932 116 6 3 13 1.9467143362989974]
[2.709699136061681 'Conceptual' 0.9659763397370499 65.38878353357697
 1.7796610169491525 116 6 3 14 2.709699136061681]
[3.677025135334632 'Conceptual' 0.9659763397370499 65.38878353357697
 2.8813559322033897 116 6 3 15 3.677025135334632]
[1.975610494535647 'Conceptual' 0.9659763397370499 65.38878353357697
 1.3389830508474576 116 6 3 16 1.975610494535647]
[3.949610281802187 'Conceptual' 0.9659763397370499 65.38878353357697
 2.864406779661017 116 6 3 17 3.949610281802187]
[3.6785849532314474 'Conceptual' 0.9659763397370499 65.38878353357697
 2.2881355932203387 116 6 3 18 3.6785849532314474]
[0.000629801633309997 'Conceptual' 0.9659763397370499 65.38878353357697
 0.1694915254237288 116 6 3 19 0.000629801633309997]
[0.0 'Conceptual' 0.9659763397370499 65.38878353357697 0.0 116 6 4 0 0.0]
[3.3670664641717343 'Conceptual' 0.9659763397370499 65.38878353357697
 2.1864406779661016 116 6 4 1 3.3670664641717343]
[2.4884739288456124 'Conceptual' 0.9659763397370499 65.38878353357697
 2.3559322033898304 116 6 4 2 2.4884739288456124]
[4.046209624397239 'Conceptual' 0.9659763397370499 65.38878353357697
 0.5084745762711864 116 6 4 3 4.046209624397239]
[2.9391388285898192 'Conceptual' 0.9659763397370499 65.38878353357697
 1.406779661016949 116 6 4 4 2.9391388285898192]
[3.638352915401434 'Conceptual' 0.9659763397370499 65.38878353357697
 0.8983050847457626 116 6 4 5 3.638352915401434]
[3.2713993745521286 'Conceptual' 0.9659763397370499 65.38878353357697
 4.220338983050847 116 6 4 6 3.2713993745521286]
[4.040517287220483 'Conceptual' 0.9659763397370499 65.38878353357697
 0.3389830508474576 116 6 4 7 4.040517287220483]
[2.2104059528571582 'Conceptual' 0.9659763397370499 65.38878353357697
 2.864406779661017 116 6 4 8 2.2104059528571582]
[2.4524925572041134 'Conceptual' 0.9659763397370499 65.38878353357697
 2.4576271186440675 116 6 4 9 2.4524925572041134]
[2.861557584813489 'Conceptual' 0.9659763397370499 65.38878353357697
 2.4576271186440675 116 6 4 10 2.861557584813489]
[3.33965453400193 'Conceptual' 0.9659763397370499 65.38878353357697
 2.7288135593220337 116 6 4 11 3.33965453400193]
[0.0006347308956793164 'Conceptual' 0.9659763397370499 65.38878353357697
 1.1016949152542372 116 6 4 12 0.0006347308956793164]
[1.9467143362989974 'Conceptual' 0.9659763397370499 65.38878353357697
 1.542372881355932 116 6 4 13 1.9467143362989974]
[2.709699136061681 'Conceptual' 0.9659763397370499 65.38878353357697
 1.7796610169491525 116 6 4 14 2.709699136061681]
[3.677025135334632 'Conceptual' 0.9659763397370499 65.38878353357697
 2.8813559322033897 116 6 4 15 3.677025135334632]
[1.975610494535647 'Conceptual' 0.9659763397370499 65.38878353357697
 1.3389830508474576 116 6 4 16 1.975610494535647]
[3.949610281802187 'Conceptual' 0.9659763397370499 65.38878353357697
 2.864406779661017 116 6 4 17 3.949610281802187]
[3.6785849532314474 'Conceptual' 0.9659763397370499 65.38878353357697
 2.2881355932203387 116 6 4 18 3.6785849532314474]
[0.000629801633309997 'Conceptual' 0.9659763397370499 65.38878353357697
 0.1694915254237288 116 6 4 19 0.000629801633309997]
[0.0 'Conceptual' 0.9659763397370499 65.38878353357697 0.0 116 6 5 0 0.0]
[3.3670664641717343 'Conceptual' 0.9659763397370499 65.38878353357697
 2.1864406779661016 116 6 5 1 3.3670664641717343]
[2.4884739288456124 'Conceptual' 0.9659763397370499 65.38878353357697
 2.3559322033898304 116 6 5 2 2.4884739288456124]
[4.046209624397239 'Conceptual' 0.9659763397370499 65.38878353357697
 0.5084745762711864 116 6 5 3 4.046209624397239]
[2.9391388285898192 'Conceptual' 0.9659763397370499 65.38878353357697
 1.406779661016949 116 6 5 4 2.9391388285898192]
[3.638352915401434 'Conceptual' 0.9659763397370499 65.38878353357697
 0.8983050847457626 116 6 5 5 3.638352915401434]
[3.2713993745521286 'Conceptual' 0.9659763397370499 65.38878353357697
 4.220338983050847 116 6 5 6 3.2713993745521286]
[4.040517287220483 'Conceptual' 0.9659763397370499 65.38878353357697
 0.3389830508474576 116 6 5 7 4.040517287220483]
[2.2104059528571582 'Conceptual' 0.9659763397370499 65.38878353357697
 2.864406779661017 116 6 5 8 2.2104059528571582]
[2.4524925572041134 'Conceptual' 0.9659763397370499 65.38878353357697
 2.4576271186440675 116 6 5 9 2.4524925572041134]
[2.861557584813489 'Conceptual' 0.9659763397370499 65.38878353357697
 2.4576271186440675 116 6 5 10 2.861557584813489]
[3.33965453400193 'Conceptual' 0.9659763397370499 65.38878353357697
 2.7288135593220337 116 6 5 11 3.33965453400193]
[0.0006347308956793164 'Conceptual' 0.9659763397370499 65.38878353357697
 1.1016949152542372 116 6 5 12 0.0006347308956793164]
[1.9467143362989974 'Conceptual' 0.9659763397370499 65.38878353357697
 1.542372881355932 116 6 5 13 1.9467143362989974]
[2.709699136061681 'Conceptual' 0.9659763397370499 65.38878353357697
 1.7796610169491525 116 6 5 14 2.709699136061681]
[3.677025135334632 'Conceptual' 0.9659763397370499 65.38878353357697
 2.8813559322033897 116 6 5 15 3.677025135334632]
[1.975610494535647 'Conceptual' 0.9659763397370499 65.38878353357697
 1.3389830508474576 116 6 5 16 1.975610494535647]
[3.949610281802187 'Conceptual' 0.9659763397370499 65.38878353357697
 2.864406779661017 116 6 5 17 3.949610281802187]
[3.6785849532314474 'Conceptual' 0.9659763397370499 65.38878353357697
 2.2881355932203387 116 6 5 18 3.6785849532314474]
[0.000629801633309997 'Conceptual' 0.9659763397370499 65.38878353357697
 0.1694915254237288 116 6 5 19 0.000629801633309997]
[0.0 'Conceptual' 0.9659763397370499 65.38878353357697 0.0 116 6 7 0 0.0]
[3.3670664641717343 'Conceptual' 0.9659763397370499 65.38878353357697
 2.1864406779661016 116 6 7 1 3.3670664641717343]
[2.4884739288456124 'Conceptual' 0.9659763397370499 65.38878353357697
 2.3559322033898304 116 6 7 2 2.4884739288456124]
[4.046209624397239 'Conceptual' 0.9659763397370499 65.38878353357697
 0.5084745762711864 116 6 7 3 4.046209624397239]
[2.9391388285898192 'Conceptual' 0.9659763397370499 65.38878353357697
 1.406779661016949 116 6 7 4 2.9391388285898192]
[3.638352915401434 'Conceptual' 0.9659763397370499 65.38878353357697
 0.8983050847457626 116 6 7 5 3.638352915401434]
[3.2713993745521286 'Conceptual' 0.9659763397370499 65.38878353357697
 4.220338983050847 116 6 7 6 3.2713993745521286]
[4.040517287220483 'Conceptual' 0.9659763397370499 65.38878353357697
 0.3389830508474576 116 6 7 7 4.040517287220483]
[2.2104059528571582 'Conceptual' 0.9659763397370499 65.38878353357697
 2.864406779661017 116 6 7 8 2.2104059528571582]
[2.4524925572041134 'Conceptual' 0.9659763397370499 65.38878353357697
 2.4576271186440675 116 6 7 9 2.4524925572041134]
[2.861557584813489 'Conceptual' 0.9659763397370499 65.38878353357697
 2.4576271186440675 116 6 7 10 2.861557584813489]
[3.33965453400193 'Conceptual' 0.9659763397370499 65.38878353357697
 2.7288135593220337 116 6 7 11 3.33965453400193]
[0.0006347308956793164 'Conceptual' 0.9659763397370499 65.38878353357697
 1.1016949152542372 116 6 7 12 0.0006347308956793164]
[1.9467143362989974 'Conceptual' 0.9659763397370499 65.38878353357697
 1.542372881355932 116 6 7 13 1.9467143362989974]
[2.709699136061681 'Conceptual' 0.9659763397370499 65.38878353357697
 1.7796610169491525 116 6 7 14 2.709699136061681]
[3.677025135334632 'Conceptual' 0.9659763397370499 65.38878353357697
 2.8813559322033897 116 6 7 15 3.677025135334632]
[1.975610494535647 'Conceptual' 0.9659763397370499 65.38878353357697
 1.3389830508474576 116 6 7 16 1.975610494535647]
[3.949610281802187 'Conceptual' 0.9659763397370499 65.38878353357697
 2.864406779661017 116 6 7 17 3.949610281802187]
[3.6785849532314474 'Conceptual' 0.9659763397370499 65.38878353357697
 2.2881355932203387 116 6 7 18 3.6785849532314474]
[0.000629801633309997 'Conceptual' 0.9659763397370499 65.38878353357697
 0.1694915254237288 116 6 7 19 0.000629801633309997]
[0.0 'Conceptual' 0.9659763397370499 65.38878353357697 0.0 116 6 8 0 0.0]
[3.3670664641717343 'Conceptual' 0.9659763397370499 65.38878353357697
 2.1864406779661016 116 6 8 1 3.3670664641717343]
[2.4884739288456124 'Conceptual' 0.9659763397370499 65.38878353357697
 2.3559322033898304 116 6 8 2 2.4884739288456124]
[4.046209624397239 'Conceptual' 0.9659763397370499 65.38878353357697
 0.5084745762711864 116 6 8 3 4.046209624397239]
[2.9391388285898192 'Conceptual' 0.9659763397370499 65.38878353357697
 1.406779661016949 116 6 8 4 2.9391388285898192]
[3.638352915401434 'Conceptual' 0.9659763397370499 65.38878353357697
 0.8983050847457626 116 6 8 5 3.638352915401434]
[3.2713993745521286 'Conceptual' 0.9659763397370499 65.38878353357697
 4.220338983050847 116 6 8 6 3.2713993745521286]
[4.040517287220483 'Conceptual' 0.9659763397370499 65.38878353357697
 0.3389830508474576 116 6 8 7 4.040517287220483]
[2.2104059528571582 'Conceptual' 0.9659763397370499 65.38878353357697
 2.864406779661017 116 6 8 8 2.2104059528571582]
[2.4524925572041134 'Conceptual' 0.9659763397370499 65.38878353357697
 2.4576271186440675 116 6 8 9 2.4524925572041134]
[2.861557584813489 'Conceptual' 0.9659763397370499 65.38878353357697
 2.4576271186440675 116 6 8 10 2.861557584813489]
[3.33965453400193 'Conceptual' 0.9659763397370499 65.38878353357697
 2.7288135593220337 116 6 8 11 3.33965453400193]
[0.0006347308956793164 'Conceptual' 0.9659763397370499 65.38878353357697
 1.1016949152542372 116 6 8 12 0.0006347308956793164]
[1.9467143362989974 'Conceptual' 0.9659763397370499 65.38878353357697
 1.542372881355932 116 6 8 13 1.9467143362989974]
[2.709699136061681 'Conceptual' 0.9659763397370499 65.38878353357697
 1.7796610169491525 116 6 8 14 2.709699136061681]
[3.677025135334632 'Conceptual' 0.9659763397370499 65.38878353357697
 2.8813559322033897 116 6 8 15 3.677025135334632]
[1.975610494535647 'Conceptual' 0.9659763397370499 65.38878353357697
 1.3389830508474576 116 6 8 16 1.975610494535647]
[3.949610281802187 'Conceptual' 0.9659763397370499 65.38878353357697
 2.864406779661017 116 6 8 17 3.949610281802187]
[3.6785849532314474 'Conceptual' 0.9659763397370499 65.38878353357697
 2.2881355932203387 116 6 8 18 3.6785849532314474]
[0.000629801633309997 'Conceptual' 0.9659763397370499 65.38878353357697
 0.1694915254237288 116 6 8 19 0.000629801633309997]
