[0.0 'Spatial' 0.022483366376440935 0.2529695201128811 0.0 119 7 0 0 0.0]
[3.707525779762619 'Spatial' 0.022483366376440935 0.2529695201128811
 1.694915254237288 119 7 0 1 3.707525779762619]
[3.3243363752059514 'Spatial' 0.022483366376440935 0.2529695201128811
 1.7457627118644066 119 7 0 2 3.3243363752059514]
[3.8334562109480648 'Spatial' 0.022483366376440935 0.2529695201128811
 0.7288135593220338 119 7 0 3 3.8334562109480648]
[3.817856908980043 'Spatial' 0.022483366376440935 0.2529695201128811
 0.6610169491525423 119 7 0 4 3.817856908980043]
[3.5143508431821933 'Spatial' 0.022483366376440935 0.2529695201128811
 0.8305084745762711 119 7 0 5 3.5143508431821933]
[4.060373300638027 'Spatial' 0.022483366376440935 0.2529695201128811
 0.28135593220338984 119 7 0 6 4.060373300638027]
[2.3132499966680538 'Spatial' 0.022483366376440935 0.2529695201128811
 1.1016949152542372 119 7 0 7 2.3132499966680538]
[0.0009340022420064924 'Spatial' 0.022483366376440935 0.2529695201128811
 0.3389830508474576 119 7 0 8 0.0009340022420064924]
[0.0006298016333097749 'Spatial' 0.022483366376440935 0.2529695201128811
 0.1694915254237288 119 7 0 9 0.0006298016333097749]
[0.0006298016333097749 'Spatial' 0.022483366376440935 0.2529695201128811
 0.1694915254237288 119 7 0 10 0.0006298016333097749]
[0.0006298016333097749 'Spatial' 0.022483366376440935 0.2529695201128811
 0.1694915254237288 119 7 0 11 0.0006298016333097749]
[0.0006298016333097749 'Spatial' 0.022483366376440935 0.2529695201128811
 0.1694915254237288 119 7 0 12 0.0006298016333097749]
[0.0006298016333097749 'Spatial' 0.022483366376440935 0.2529695201128811
 0.1694915254237288 119 7 0 13 0.0006298016333097749]
[0.0006298016333097749 'Spatial' 0.022483366376440935 0.2529695201128811
 0.1694915254237288 119 7 0 14 0.0006298016333097749]
[0.0006298016333097749 'Spatial' 0.022483366376440935 0.2529695201128811
 0.1694915254237288 119 7 0 15 0.0006298016333097749]
[0.0006298016333097749 'Spatial' 0.022483366376440935 0.2529695201128811
 0.1694915254237288 119 7 0 16 0.0006298016333097749]
[0.0006298016333097749 'Spatial' 0.022483366376440935 0.2529695201128811
 0.1694915254237288 119 7 0 17 0.0006298016333097749]
[0.0006298016333097749 'Spatial' 0.022483366376440935 0.2529695201128811
 0.1694915254237288 119 7 0 18 0.0006298016333097749]
[0.0006298016333097749 'Spatial' 0.022483366376440935 0.2529695201128811
 0.1694915254237288 119 7 0 19 0.0006298016333097749]
[0.0 'Spatial' 0.022483366376440935 0.2529695201128811 0.0 119 7 1 0 0.0]
[3.707525779762619 'Spatial' 0.022483366376440935 0.2529695201128811
 1.694915254237288 119 7 1 1 3.707525779762619]
[3.3243363752059514 'Spatial' 0.022483366376440935 0.2529695201128811
 1.7457627118644066 119 7 1 2 3.3243363752059514]
[3.8334562109480648 'Spatial' 0.022483366376440935 0.2529695201128811
 0.7288135593220338 119 7 1 3 3.8334562109480648]
[3.817856908980043 'Spatial' 0.022483366376440935 0.2529695201128811
 0.6610169491525423 119 7 1 4 3.817856908980043]
[3.5143508431821933 'Spatial' 0.022483366376440935 0.2529695201128811
 0.8305084745762711 119 7 1 5 3.5143508431821933]
[4.060373300638027 'Spatial' 0.022483366376440935 0.2529695201128811
 0.28135593220338984 119 7 1 6 4.060373300638027]
[2.3132499966680538 'Spatial' 0.022483366376440935 0.2529695201128811
 1.1016949152542372 119 7 1 7 2.3132499966680538]
[0.0009340022420064924 'Spatial' 0.022483366376440935 0.2529695201128811
 0.3389830508474576 119 7 1 8 0.0009340022420064924]
[0.0006298016333097749 'Spatial' 0.022483366376440935 0.2529695201128811
 0.1694915254237288 119 7 1 9 0.0006298016333097749]
[0.0006298016333097749 'Spatial' 0.022483366376440935 0.2529695201128811
 0.1694915254237288 119 7 1 10 0.0006298016333097749]
[0.0006298016333097749 'Spatial' 0.022483366376440935 0.2529695201128811
 0.1694915254237288 119 7 1 11 0.0006298016333097749]
[0.0006298016333097749 'Spatial' 0.022483366376440935 0.2529695201128811
 0.1694915254237288 119 7 1 12 0.0006298016333097749]
[0.0006298016333097749 'Spatial' 0.022483366376440935 0.2529695201128811
 0.1694915254237288 119 7 1 13 0.0006298016333097749]
[0.0006298016333097749 'Spatial' 0.022483366376440935 0.2529695201128811
 0.1694915254237288 119 7 1 14 0.0006298016333097749]
[0.0006298016333097749 'Spatial' 0.022483366376440935 0.2529695201128811
 0.1694915254237288 119 7 1 15 0.0006298016333097749]
[0.0006298016333097749 'Spatial' 0.022483366376440935 0.2529695201128811
 0.1694915254237288 119 7 1 16 0.0006298016333097749]
[0.0006298016333097749 'Spatial' 0.022483366376440935 0.2529695201128811
 0.1694915254237288 119 7 1 17 0.0006298016333097749]
[0.0006298016333097749 'Spatial' 0.022483366376440935 0.2529695201128811
 0.1694915254237288 119 7 1 18 0.0006298016333097749]
[0.0006298016333097749 'Spatial' 0.022483366376440935 0.2529695201128811
 0.1694915254237288 119 7 1 19 0.0006298016333097749]
[0.0 'Spatial' 0.022483366376440935 0.2529695201128811 0.0 119 7 2 0 0.0]
[3.707525779762619 'Spatial' 0.022483366376440935 0.2529695201128811
 1.694915254237288 119 7 2 1 3.707525779762619]
[3.3243363752059514 'Spatial' 0.022483366376440935 0.2529695201128811
 1.7457627118644066 119 7 2 2 3.3243363752059514]
[3.8334562109480648 'Spatial' 0.022483366376440935 0.2529695201128811
 0.7288135593220338 119 7 2 3 3.8334562109480648]
[3.817856908980043 'Spatial' 0.022483366376440935 0.2529695201128811
 0.6610169491525423 119 7 2 4 3.817856908980043]
[3.5143508431821933 'Spatial' 0.022483366376440935 0.2529695201128811
 0.8305084745762711 119 7 2 5 3.5143508431821933]
[4.060373300638027 'Spatial' 0.022483366376440935 0.2529695201128811
 0.28135593220338984 119 7 2 6 4.060373300638027]
[2.3132499966680538 'Spatial' 0.022483366376440935 0.2529695201128811
 1.1016949152542372 119 7 2 7 2.3132499966680538]
[0.0009340022420064924 'Spatial' 0.022483366376440935 0.2529695201128811
 0.3389830508474576 119 7 2 8 0.0009340022420064924]
[0.0006298016333097749 'Spatial' 0.022483366376440935 0.2529695201128811
 0.1694915254237288 119 7 2 9 0.0006298016333097749]
[0.0006298016333097749 'Spatial' 0.022483366376440935 0.2529695201128811
 0.1694915254237288 119 7 2 10 0.0006298016333097749]
[0.0006298016333097749 'Spatial' 0.022483366376440935 0.2529695201128811
 0.1694915254237288 119 7 2 11 0.0006298016333097749]
[0.0006298016333097749 'Spatial' 0.022483366376440935 0.2529695201128811
 0.1694915254237288 119 7 2 12 0.0006298016333097749]
[0.0006298016333097749 'Spatial' 0.022483366376440935 0.2529695201128811
 0.1694915254237288 119 7 2 13 0.0006298016333097749]
[0.0006298016333097749 'Spatial' 0.022483366376440935 0.2529695201128811
 0.1694915254237288 119 7 2 14 0.0006298016333097749]
[0.0006298016333097749 'Spatial' 0.022483366376440935 0.2529695201128811
 0.1694915254237288 119 7 2 15 0.0006298016333097749]
[0.0006298016333097749 'Spatial' 0.022483366376440935 0.2529695201128811
 0.1694915254237288 119 7 2 16 0.0006298016333097749]
[0.0006298016333097749 'Spatial' 0.022483366376440935 0.2529695201128811
 0.1694915254237288 119 7 2 17 0.0006298016333097749]
[0.0006298016333097749 'Spatial' 0.022483366376440935 0.2529695201128811
 0.1694915254237288 119 7 2 18 0.0006298016333097749]
[0.0006298016333097749 'Spatial' 0.022483366376440935 0.2529695201128811
 0.1694915254237288 119 7 2 19 0.0006298016333097749]
[0.0 'Spatial' 0.022483366376440935 0.2529695201128811 0.0 119 7 3 0 0.0]
[3.707525779762619 'Spatial' 0.022483366376440935 0.2529695201128811
 1.694915254237288 119 7 3 1 3.707525779762619]
[3.3243363752059514 'Spatial' 0.022483366376440935 0.2529695201128811
 1.7457627118644066 119 7 3 2 3.3243363752059514]
[3.8334562109480648 'Spatial' 0.022483366376440935 0.2529695201128811
 0.7288135593220338 119 7 3 3 3.8334562109480648]
[3.817856908980043 'Spatial' 0.022483366376440935 0.2529695201128811
 0.6610169491525423 119 7 3 4 3.817856908980043]
[3.5143508431821933 'Spatial' 0.022483366376440935 0.2529695201128811
 0.8305084745762711 119 7 3 5 3.5143508431821933]
[4.060373300638027 'Spatial' 0.022483366376440935 0.2529695201128811
 0.28135593220338984 119 7 3 6 4.060373300638027]
[2.3132499966680538 'Spatial' 0.022483366376440935 0.2529695201128811
 1.1016949152542372 119 7 3 7 2.3132499966680538]
[0.0009340022420064924 'Spatial' 0.022483366376440935 0.2529695201128811
 0.3389830508474576 119 7 3 8 0.0009340022420064924]
[0.0006298016333097749 'Spatial' 0.022483366376440935 0.2529695201128811
 0.1694915254237288 119 7 3 9 0.0006298016333097749]
[0.0006298016333097749 'Spatial' 0.022483366376440935 0.2529695201128811
 0.1694915254237288 119 7 3 10 0.0006298016333097749]
[0.0006298016333097749 'Spatial' 0.022483366376440935 0.2529695201128811
 0.1694915254237288 119 7 3 11 0.0006298016333097749]
[0.0006298016333097749 'Spatial' 0.022483366376440935 0.2529695201128811
 0.1694915254237288 119 7 3 12 0.0006298016333097749]
[0.0006298016333097749 'Spatial' 0.022483366376440935 0.2529695201128811
 0.1694915254237288 119 7 3 13 0.0006298016333097749]
[0.0006298016333097749 'Spatial' 0.022483366376440935 0.2529695201128811
 0.1694915254237288 119 7 3 14 0.0006298016333097749]
[0.0006298016333097749 'Spatial' 0.022483366376440935 0.2529695201128811
 0.1694915254237288 119 7 3 15 0.0006298016333097749]
[0.0006298016333097749 'Spatial' 0.022483366376440935 0.2529695201128811
 0.1694915254237288 119 7 3 16 0.0006298016333097749]
[0.0006298016333097749 'Spatial' 0.022483366376440935 0.2529695201128811
 0.1694915254237288 119 7 3 17 0.0006298016333097749]
[0.0006298016333097749 'Spatial' 0.022483366376440935 0.2529695201128811
 0.1694915254237288 119 7 3 18 0.0006298016333097749]
[0.0006298016333097749 'Spatial' 0.022483366376440935 0.2529695201128811
 0.1694915254237288 119 7 3 19 0.0006298016333097749]
[0.0 'Spatial' 0.022483366376440935 0.2529695201128811 0.0 119 7 4 0 0.0]
[3.707525779762619 'Spatial' 0.022483366376440935 0.2529695201128811
 1.694915254237288 119 7 4 1 3.707525779762619]
[3.3243363752059514 'Spatial' 0.022483366376440935 0.2529695201128811
 1.7457627118644066 119 7 4 2 3.3243363752059514]
[3.8334562109480648 'Spatial' 0.022483366376440935 0.2529695201128811
 0.7288135593220338 119 7 4 3 3.8334562109480648]
[3.817856908980043 'Spatial' 0.022483366376440935 0.2529695201128811
 0.6610169491525423 119 7 4 4 3.817856908980043]
[3.5143508431821933 'Spatial' 0.022483366376440935 0.2529695201128811
 0.8305084745762711 119 7 4 5 3.5143508431821933]
[4.060373300638027 'Spatial' 0.022483366376440935 0.2529695201128811
 0.28135593220338984 119 7 4 6 4.060373300638027]
[2.3132499966680538 'Spatial' 0.022483366376440935 0.2529695201128811
 1.1016949152542372 119 7 4 7 2.3132499966680538]
[0.0009340022420064924 'Spatial' 0.022483366376440935 0.2529695201128811
 0.3389830508474576 119 7 4 8 0.0009340022420064924]
[0.0006298016333097749 'Spatial' 0.022483366376440935 0.2529695201128811
 0.1694915254237288 119 7 4 9 0.0006298016333097749]
[0.0006298016333097749 'Spatial' 0.022483366376440935 0.2529695201128811
 0.1694915254237288 119 7 4 10 0.0006298016333097749]
[0.0006298016333097749 'Spatial' 0.022483366376440935 0.2529695201128811
 0.1694915254237288 119 7 4 11 0.0006298016333097749]
[0.0006298016333097749 'Spatial' 0.022483366376440935 0.2529695201128811
 0.1694915254237288 119 7 4 12 0.0006298016333097749]
[0.0006298016333097749 'Spatial' 0.022483366376440935 0.2529695201128811
 0.1694915254237288 119 7 4 13 0.0006298016333097749]
[0.0006298016333097749 'Spatial' 0.022483366376440935 0.2529695201128811
 0.1694915254237288 119 7 4 14 0.0006298016333097749]
[0.0006298016333097749 'Spatial' 0.022483366376440935 0.2529695201128811
 0.1694915254237288 119 7 4 15 0.0006298016333097749]
[0.0006298016333097749 'Spatial' 0.022483366376440935 0.2529695201128811
 0.1694915254237288 119 7 4 16 0.0006298016333097749]
[0.0006298016333097749 'Spatial' 0.022483366376440935 0.2529695201128811
 0.1694915254237288 119 7 4 17 0.0006298016333097749]
[0.0006298016333097749 'Spatial' 0.022483366376440935 0.2529695201128811
 0.1694915254237288 119 7 4 18 0.0006298016333097749]
[0.0006298016333097749 'Spatial' 0.022483366376440935 0.2529695201128811
 0.1694915254237288 119 7 4 19 0.0006298016333097749]
[0.0 'Spatial' 0.022483366376440935 0.2529695201128811 0.0 119 7 5 0 0.0]
[3.707525779762619 'Spatial' 0.022483366376440935 0.2529695201128811
 1.694915254237288 119 7 5 1 3.707525779762619]
[3.3243363752059514 'Spatial' 0.022483366376440935 0.2529695201128811
 1.7457627118644066 119 7 5 2 3.3243363752059514]
[3.8334562109480648 'Spatial' 0.022483366376440935 0.2529695201128811
 0.7288135593220338 119 7 5 3 3.8334562109480648]
[3.817856908980043 'Spatial' 0.022483366376440935 0.2529695201128811
 0.6610169491525423 119 7 5 4 3.817856908980043]
[3.5143508431821933 'Spatial' 0.022483366376440935 0.2529695201128811
 0.8305084745762711 119 7 5 5 3.5143508431821933]
[4.060373300638027 'Spatial' 0.022483366376440935 0.2529695201128811
 0.28135593220338984 119 7 5 6 4.060373300638027]
[2.3132499966680538 'Spatial' 0.022483366376440935 0.2529695201128811
 1.1016949152542372 119 7 5 7 2.3132499966680538]
[0.0009340022420064924 'Spatial' 0.022483366376440935 0.2529695201128811
 0.3389830508474576 119 7 5 8 0.0009340022420064924]
[0.0006298016333097749 'Spatial' 0.022483366376440935 0.2529695201128811
 0.1694915254237288 119 7 5 9 0.0006298016333097749]
[0.0006298016333097749 'Spatial' 0.022483366376440935 0.2529695201128811
 0.1694915254237288 119 7 5 10 0.0006298016333097749]
[0.0006298016333097749 'Spatial' 0.022483366376440935 0.2529695201128811
 0.1694915254237288 119 7 5 11 0.0006298016333097749]
[0.0006298016333097749 'Spatial' 0.022483366376440935 0.2529695201128811
 0.1694915254237288 119 7 5 12 0.0006298016333097749]
[0.0006298016333097749 'Spatial' 0.022483366376440935 0.2529695201128811
 0.1694915254237288 119 7 5 13 0.0006298016333097749]
[0.0006298016333097749 'Spatial' 0.022483366376440935 0.2529695201128811
 0.1694915254237288 119 7 5 14 0.0006298016333097749]
[0.0006298016333097749 'Spatial' 0.022483366376440935 0.2529695201128811
 0.1694915254237288 119 7 5 15 0.0006298016333097749]
[0.0006298016333097749 'Spatial' 0.022483366376440935 0.2529695201128811
 0.1694915254237288 119 7 5 16 0.0006298016333097749]
[0.0006298016333097749 'Spatial' 0.022483366376440935 0.2529695201128811
 0.1694915254237288 119 7 5 17 0.0006298016333097749]
[0.0006298016333097749 'Spatial' 0.022483366376440935 0.2529695201128811
 0.1694915254237288 119 7 5 18 0.0006298016333097749]
[0.0006298016333097749 'Spatial' 0.022483366376440935 0.2529695201128811
 0.1694915254237288 119 7 5 19 0.0006298016333097749]
[0.0 'Spatial' 0.022483366376440935 0.2529695201128811 0.0 119 7 6 0 0.0]
[3.707525779762619 'Spatial' 0.022483366376440935 0.2529695201128811
 1.694915254237288 119 7 6 1 3.707525779762619]
[3.3243363752059514 'Spatial' 0.022483366376440935 0.2529695201128811
 1.7457627118644066 119 7 6 2 3.3243363752059514]
[3.8334562109480648 'Spatial' 0.022483366376440935 0.2529695201128811
 0.7288135593220338 119 7 6 3 3.8334562109480648]
[3.817856908980043 'Spatial' 0.022483366376440935 0.2529695201128811
 0.6610169491525423 119 7 6 4 3.817856908980043]
[3.5143508431821933 'Spatial' 0.022483366376440935 0.2529695201128811
 0.8305084745762711 119 7 6 5 3.5143508431821933]
[4.060373300638027 'Spatial' 0.022483366376440935 0.2529695201128811
 0.28135593220338984 119 7 6 6 4.060373300638027]
[2.3132499966680538 'Spatial' 0.022483366376440935 0.2529695201128811
 1.1016949152542372 119 7 6 7 2.3132499966680538]
[0.0009340022420064924 'Spatial' 0.022483366376440935 0.2529695201128811
 0.3389830508474576 119 7 6 8 0.0009340022420064924]
[0.0006298016333097749 'Spatial' 0.022483366376440935 0.2529695201128811
 0.1694915254237288 119 7 6 9 0.0006298016333097749]
[0.0006298016333097749 'Spatial' 0.022483366376440935 0.2529695201128811
 0.1694915254237288 119 7 6 10 0.0006298016333097749]
[0.0006298016333097749 'Spatial' 0.022483366376440935 0.2529695201128811
 0.1694915254237288 119 7 6 11 0.0006298016333097749]
[0.0006298016333097749 'Spatial' 0.022483366376440935 0.2529695201128811
 0.1694915254237288 119 7 6 12 0.0006298016333097749]
[0.0006298016333097749 'Spatial' 0.022483366376440935 0.2529695201128811
 0.1694915254237288 119 7 6 13 0.0006298016333097749]
[0.0006298016333097749 'Spatial' 0.022483366376440935 0.2529695201128811
 0.1694915254237288 119 7 6 14 0.0006298016333097749]
[0.0006298016333097749 'Spatial' 0.022483366376440935 0.2529695201128811
 0.1694915254237288 119 7 6 15 0.0006298016333097749]
[0.0006298016333097749 'Spatial' 0.022483366376440935 0.2529695201128811
 0.1694915254237288 119 7 6 16 0.0006298016333097749]
[0.0006298016333097749 'Spatial' 0.022483366376440935 0.2529695201128811
 0.1694915254237288 119 7 6 17 0.0006298016333097749]
[0.0006298016333097749 'Spatial' 0.022483366376440935 0.2529695201128811
 0.1694915254237288 119 7 6 18 0.0006298016333097749]
[0.0006298016333097749 'Spatial' 0.022483366376440935 0.2529695201128811
 0.1694915254237288 119 7 6 19 0.0006298016333097749]
[0.0 'Spatial' 0.022483366376440935 0.2529695201128811 0.0 119 7 8 0 0.0]
[3.707525779762619 'Spatial' 0.022483366376440935 0.2529695201128811
 1.694915254237288 119 7 8 1 3.707525779762619]
[3.3243363752059514 'Spatial' 0.022483366376440935 0.2529695201128811
 1.7457627118644066 119 7 8 2 3.3243363752059514]
[3.8334562109480648 'Spatial' 0.022483366376440935 0.2529695201128811
 0.7288135593220338 119 7 8 3 3.8334562109480648]
[3.817856908980043 'Spatial' 0.022483366376440935 0.2529695201128811
 0.6610169491525423 119 7 8 4 3.817856908980043]
[3.5143508431821933 'Spatial' 0.022483366376440935 0.2529695201128811
 0.8305084745762711 119 7 8 5 3.5143508431821933]
[4.060373300638027 'Spatial' 0.022483366376440935 0.2529695201128811
 0.28135593220338984 119 7 8 6 4.060373300638027]
[2.3132499966680538 'Spatial' 0.022483366376440935 0.2529695201128811
 1.1016949152542372 119 7 8 7 2.3132499966680538]
[0.0009340022420064924 'Spatial' 0.022483366376440935 0.2529695201128811
 0.3389830508474576 119 7 8 8 0.0009340022420064924]
[0.0006298016333097749 'Spatial' 0.022483366376440935 0.2529695201128811
 0.1694915254237288 119 7 8 9 0.0006298016333097749]
[0.0006298016333097749 'Spatial' 0.022483366376440935 0.2529695201128811
 0.1694915254237288 119 7 8 10 0.0006298016333097749]
[0.0006298016333097749 'Spatial' 0.022483366376440935 0.2529695201128811
 0.1694915254237288 119 7 8 11 0.0006298016333097749]
[0.0006298016333097749 'Spatial' 0.022483366376440935 0.2529695201128811
 0.1694915254237288 119 7 8 12 0.0006298016333097749]
[0.0006298016333097749 'Spatial' 0.022483366376440935 0.2529695201128811
 0.1694915254237288 119 7 8 13 0.0006298016333097749]
[0.0006298016333097749 'Spatial' 0.022483366376440935 0.2529695201128811
 0.1694915254237288 119 7 8 14 0.0006298016333097749]
[0.0006298016333097749 'Spatial' 0.022483366376440935 0.2529695201128811
 0.1694915254237288 119 7 8 15 0.0006298016333097749]
[0.0006298016333097749 'Spatial' 0.022483366376440935 0.2529695201128811
 0.1694915254237288 119 7 8 16 0.0006298016333097749]
[0.0006298016333097749 'Spatial' 0.022483366376440935 0.2529695201128811
 0.1694915254237288 119 7 8 17 0.0006298016333097749]
[0.0006298016333097749 'Spatial' 0.022483366376440935 0.2529695201128811
 0.1694915254237288 119 7 8 18 0.0006298016333097749]
[0.0006298016333097749 'Spatial' 0.022483366376440935 0.2529695201128811
 0.1694915254237288 119 7 8 19 0.0006298016333097749]
