[0.0 'Spatial' 0.25170569564600376 68.36003780257273 0.0 117 1 0 0 0.0]
[4.017463867221707 'Spatial' 0.25170569564600376 68.36003780257273
 0.7288135593220338 117 1 0 1 4.017463867221707]
[3.6166084175841373 'Spatial' 0.25170569564600376 68.36003780257273
 1.0169491525423728 117 1 0 2 3.6166084175841373]
[3.931363117024747 'Spatial' 0.25170569564600376 68.36003780257273
 0.4915254237288135 117 1 0 3 3.931363117024747]
[2.8656011867440476 'Spatial' 0.25170569564600376 68.36003780257273
 4.1525423728813555 117 1 0 4 2.8656011867440476]
[2.8332500153616595 'Spatial' 0.25170569564600376 68.36003780257273
 3.2033898305084745 117 1 0 5 2.8332500153616595]
[3.465745902749727 'Spatial' 0.25170569564600376 68.36003780257273
 4.067796610169491 117 1 0 6 3.465745902749727]
[3.0910615440851776 'Spatial' 0.25170569564600376 68.36003780257273
 2.8813559322033897 117 1 0 7 3.0910615440851776]
[1.9459915743116158 'Spatial' 0.25170569564600376 68.36003780257273
 1.6779661016949152 117 1 0 8 1.9459915743116158]
[0.003769913860750226 'Spatial' 0.25170569564600376 68.36003780257273
 1.1694915254237288 117 1 0 9 0.003769913860750226]
[3.179517987911519 'Spatial' 0.25170569564600376 68.36003780257273
 2.4576271186440675 117 1 0 10 3.179517987911519]
[3.555356347169373 'Spatial' 0.25170569564600376 68.36003780257273
 3.0508474576271185 117 1 0 11 3.555356347169373]
[3.433997849589777 'Spatial' 0.25170569564600376 68.36003780257273
 2.711864406779661 117 1 0 12 3.433997849589777]
[1.3864443498710153 'Spatial' 0.25170569564600376 68.36003780257273
 1.1016949152542372 117 1 0 13 1.3864443498710153]
[1.7918561312228003 'Spatial' 0.25170569564600376 68.36003780257273
 1.1694915254237288 117 1 0 14 1.7918561312228003]
[4.1588830833596715 'Spatial' 0.25170569564600376 68.36003780257273
 5.59322033898305 117 1 0 15 4.1588830833596715]
[1.9459915743116156 'Spatial' 0.25170569564600376 68.36003780257273
 1.1016949152542372 117 1 0 16 1.9459915743116156]
[0.997806724726197 'Spatial' 0.25170569564600376 68.36003780257273
 0.1694915254237288 117 1 0 17 0.997806724726197]
[0.6934571325198736 'Spatial' 0.25170569564600376 68.36003780257273
 0.6779661016949152 117 1 0 18 0.6934571325198736]
[0.5298843124378062 'Spatial' 0.25170569564600376 68.36003780257273
 0.1694915254237288 117 1 0 19 0.5298843124378062]
[0.0 'Spatial' 0.25170569564600376 68.36003780257273 0.0 117 1 2 0 0.0]
[4.017463867221707 'Spatial' 0.25170569564600376 68.36003780257273
 0.7288135593220338 117 1 2 1 4.017463867221707]
[3.6166084175841373 'Spatial' 0.25170569564600376 68.36003780257273
 1.0169491525423728 117 1 2 2 3.6166084175841373]
[3.931363117024747 'Spatial' 0.25170569564600376 68.36003780257273
 0.4915254237288135 117 1 2 3 3.931363117024747]
[2.8656011867440476 'Spatial' 0.25170569564600376 68.36003780257273
 4.1525423728813555 117 1 2 4 2.8656011867440476]
[2.8332500153616595 'Spatial' 0.25170569564600376 68.36003780257273
 3.2033898305084745 117 1 2 5 2.8332500153616595]
[3.465745902749727 'Spatial' 0.25170569564600376 68.36003780257273
 4.067796610169491 117 1 2 6 3.465745902749727]
[3.0910615440851776 'Spatial' 0.25170569564600376 68.36003780257273
 2.8813559322033897 117 1 2 7 3.0910615440851776]
[1.9459915743116158 'Spatial' 0.25170569564600376 68.36003780257273
 1.6779661016949152 117 1 2 8 1.9459915743116158]
[0.003769913860750226 'Spatial' 0.25170569564600376 68.36003780257273
 1.1694915254237288 117 1 2 9 0.003769913860750226]
[3.179517987911519 'Spatial' 0.25170569564600376 68.36003780257273
 2.4576271186440675 117 1 2 10 3.179517987911519]
[3.555356347169373 'Spatial' 0.25170569564600376 68.36003780257273
 3.0508474576271185 117 1 2 11 3.555356347169373]
[3.433997849589777 'Spatial' 0.25170569564600376 68.36003780257273
 2.711864406779661 117 1 2 12 3.433997849589777]
[1.3864443498710153 'Spatial' 0.25170569564600376 68.36003780257273
 1.1016949152542372 117 1 2 13 1.3864443498710153]
[1.7918561312228003 'Spatial' 0.25170569564600376 68.36003780257273
 1.1694915254237288 117 1 2 14 1.7918561312228003]
[4.1588830833596715 'Spatial' 0.25170569564600376 68.36003780257273
 5.59322033898305 117 1 2 15 4.1588830833596715]
[1.9459915743116156 'Spatial' 0.25170569564600376 68.36003780257273
 1.1016949152542372 117 1 2 16 1.9459915743116156]
[0.997806724726197 'Spatial' 0.25170569564600376 68.36003780257273
 0.1694915254237288 117 1 2 17 0.997806724726197]
[0.6934571325198736 'Spatial' 0.25170569564600376 68.36003780257273
 0.6779661016949152 117 1 2 18 0.6934571325198736]
[0.5298843124378062 'Spatial' 0.25170569564600376 68.36003780257273
 0.1694915254237288 117 1 2 19 0.5298843124378062]
[0.0 'Spatial' 0.25170569564600376 68.36003780257273 0.0 117 1 3 0 0.0]
[4.017463867221707 'Spatial' 0.25170569564600376 68.36003780257273
 0.7288135593220338 117 1 3 1 4.017463867221707]
[3.6166084175841373 'Spatial' 0.25170569564600376 68.36003780257273
 1.0169491525423728 117 1 3 2 3.6166084175841373]
[3.931363117024747 'Spatial' 0.25170569564600376 68.36003780257273
 0.4915254237288135 117 1 3 3 3.931363117024747]
[2.8656011867440476 'Spatial' 0.25170569564600376 68.36003780257273
 4.1525423728813555 117 1 3 4 2.8656011867440476]
[2.8332500153616595 'Spatial' 0.25170569564600376 68.36003780257273
 3.2033898305084745 117 1 3 5 2.8332500153616595]
[3.465745902749727 'Spatial' 0.25170569564600376 68.36003780257273
 4.067796610169491 117 1 3 6 3.465745902749727]
[3.0910615440851776 'Spatial' 0.25170569564600376 68.36003780257273
 2.8813559322033897 117 1 3 7 3.0910615440851776]
[1.9459915743116158 'Spatial' 0.25170569564600376 68.36003780257273
 1.6779661016949152 117 1 3 8 1.9459915743116158]
[0.003769913860750226 'Spatial' 0.25170569564600376 68.36003780257273
 1.1694915254237288 117 1 3 9 0.003769913860750226]
[3.179517987911519 'Spatial' 0.25170569564600376 68.36003780257273
 2.4576271186440675 117 1 3 10 3.179517987911519]
[3.555356347169373 'Spatial' 0.25170569564600376 68.36003780257273
 3.0508474576271185 117 1 3 11 3.555356347169373]
[3.433997849589777 'Spatial' 0.25170569564600376 68.36003780257273
 2.711864406779661 117 1 3 12 3.433997849589777]
[1.3864443498710153 'Spatial' 0.25170569564600376 68.36003780257273
 1.1016949152542372 117 1 3 13 1.3864443498710153]
[1.7918561312228003 'Spatial' 0.25170569564600376 68.36003780257273
 1.1694915254237288 117 1 3 14 1.7918561312228003]
[4.1588830833596715 'Spatial' 0.25170569564600376 68.36003780257273
 5.59322033898305 117 1 3 15 4.1588830833596715]
[1.9459915743116156 'Spatial' 0.25170569564600376 68.36003780257273
 1.1016949152542372 117 1 3 16 1.9459915743116156]
[0.997806724726197 'Spatial' 0.25170569564600376 68.36003780257273
 0.1694915254237288 117 1 3 17 0.997806724726197]
[0.6934571325198736 'Spatial' 0.25170569564600376 68.36003780257273
 0.6779661016949152 117 1 3 18 0.6934571325198736]
[0.5298843124378062 'Spatial' 0.25170569564600376 68.36003780257273
 0.1694915254237288 117 1 3 19 0.5298843124378062]
[0.0 'Spatial' 0.25170569564600376 68.36003780257273 0.0 117 1 4 0 0.0]
[4.017463867221707 'Spatial' 0.25170569564600376 68.36003780257273
 0.7288135593220338 117 1 4 1 4.017463867221707]
[3.6166084175841373 'Spatial' 0.25170569564600376 68.36003780257273
 1.0169491525423728 117 1 4 2 3.6166084175841373]
[3.931363117024747 'Spatial' 0.25170569564600376 68.36003780257273
 0.4915254237288135 117 1 4 3 3.931363117024747]
[2.8656011867440476 'Spatial' 0.25170569564600376 68.36003780257273
 4.1525423728813555 117 1 4 4 2.8656011867440476]
[2.8332500153616595 'Spatial' 0.25170569564600376 68.36003780257273
 3.2033898305084745 117 1 4 5 2.8332500153616595]
[3.465745902749727 'Spatial' 0.25170569564600376 68.36003780257273
 4.067796610169491 117 1 4 6 3.465745902749727]
[3.0910615440851776 'Spatial' 0.25170569564600376 68.36003780257273
 2.8813559322033897 117 1 4 7 3.0910615440851776]
[1.9459915743116158 'Spatial' 0.25170569564600376 68.36003780257273
 1.6779661016949152 117 1 4 8 1.9459915743116158]
[0.003769913860750226 'Spatial' 0.25170569564600376 68.36003780257273
 1.1694915254237288 117 1 4 9 0.003769913860750226]
[3.179517987911519 'Spatial' 0.25170569564600376 68.36003780257273
 2.4576271186440675 117 1 4 10 3.179517987911519]
[3.555356347169373 'Spatial' 0.25170569564600376 68.36003780257273
 3.0508474576271185 117 1 4 11 3.555356347169373]
[3.433997849589777 'Spatial' 0.25170569564600376 68.36003780257273
 2.711864406779661 117 1 4 12 3.433997849589777]
[1.3864443498710153 'Spatial' 0.25170569564600376 68.36003780257273
 1.1016949152542372 117 1 4 13 1.3864443498710153]
[1.7918561312228003 'Spatial' 0.25170569564600376 68.36003780257273
 1.1694915254237288 117 1 4 14 1.7918561312228003]
[4.1588830833596715 'Spatial' 0.25170569564600376 68.36003780257273
 5.59322033898305 117 1 4 15 4.1588830833596715]
[1.9459915743116156 'Spatial' 0.25170569564600376 68.36003780257273
 1.1016949152542372 117 1 4 16 1.9459915743116156]
[0.997806724726197 'Spatial' 0.25170569564600376 68.36003780257273
 0.1694915254237288 117 1 4 17 0.997806724726197]
[0.6934571325198736 'Spatial' 0.25170569564600376 68.36003780257273
 0.6779661016949152 117 1 4 18 0.6934571325198736]
[0.5298843124378062 'Spatial' 0.25170569564600376 68.36003780257273
 0.1694915254237288 117 1 4 19 0.5298843124378062]
[0.0 'Spatial' 0.25170569564600376 68.36003780257273 0.0 117 1 5 0 0.0]
[4.017463867221707 'Spatial' 0.25170569564600376 68.36003780257273
 0.7288135593220338 117 1 5 1 4.017463867221707]
[3.6166084175841373 'Spatial' 0.25170569564600376 68.36003780257273
 1.0169491525423728 117 1 5 2 3.6166084175841373]
[3.931363117024747 'Spatial' 0.25170569564600376 68.36003780257273
 0.4915254237288135 117 1 5 3 3.931363117024747]
[2.8656011867440476 'Spatial' 0.25170569564600376 68.36003780257273
 4.1525423728813555 117 1 5 4 2.8656011867440476]
[2.8332500153616595 'Spatial' 0.25170569564600376 68.36003780257273
 3.2033898305084745 117 1 5 5 2.8332500153616595]
[3.465745902749727 'Spatial' 0.25170569564600376 68.36003780257273
 4.067796610169491 117 1 5 6 3.465745902749727]
[3.0910615440851776 'Spatial' 0.25170569564600376 68.36003780257273
 2.8813559322033897 117 1 5 7 3.0910615440851776]
[1.9459915743116158 'Spatial' 0.25170569564600376 68.36003780257273
 1.6779661016949152 117 1 5 8 1.9459915743116158]
[0.003769913860750226 'Spatial' 0.25170569564600376 68.36003780257273
 1.1694915254237288 117 1 5 9 0.003769913860750226]
[3.179517987911519 'Spatial' 0.25170569564600376 68.36003780257273
 2.4576271186440675 117 1 5 10 3.179517987911519]
[3.555356347169373 'Spatial' 0.25170569564600376 68.36003780257273
 3.0508474576271185 117 1 5 11 3.555356347169373]
[3.433997849589777 'Spatial' 0.25170569564600376 68.36003780257273
 2.711864406779661 117 1 5 12 3.433997849589777]
[1.3864443498710153 'Spatial' 0.25170569564600376 68.36003780257273
 1.1016949152542372 117 1 5 13 1.3864443498710153]
[1.7918561312228003 'Spatial' 0.25170569564600376 68.36003780257273
 1.1694915254237288 117 1 5 14 1.7918561312228003]
[4.1588830833596715 'Spatial' 0.25170569564600376 68.36003780257273
 5.59322033898305 117 1 5 15 4.1588830833596715]
[1.9459915743116156 'Spatial' 0.25170569564600376 68.36003780257273
 1.1016949152542372 117 1 5 16 1.9459915743116156]
[0.997806724726197 'Spatial' 0.25170569564600376 68.36003780257273
 0.1694915254237288 117 1 5 17 0.997806724726197]
[0.6934571325198736 'Spatial' 0.25170569564600376 68.36003780257273
 0.6779661016949152 117 1 5 18 0.6934571325198736]
[0.5298843124378062 'Spatial' 0.25170569564600376 68.36003780257273
 0.1694915254237288 117 1 5 19 0.5298843124378062]
[0.0 'Spatial' 0.25170569564600376 68.36003780257273 0.0 117 1 6 0 0.0]
[4.017463867221707 'Spatial' 0.25170569564600376 68.36003780257273
 0.7288135593220338 117 1 6 1 4.017463867221707]
[3.6166084175841373 'Spatial' 0.25170569564600376 68.36003780257273
 1.0169491525423728 117 1 6 2 3.6166084175841373]
[3.931363117024747 'Spatial' 0.25170569564600376 68.36003780257273
 0.4915254237288135 117 1 6 3 3.931363117024747]
[2.8656011867440476 'Spatial' 0.25170569564600376 68.36003780257273
 4.1525423728813555 117 1 6 4 2.8656011867440476]
[2.8332500153616595 'Spatial' 0.25170569564600376 68.36003780257273
 3.2033898305084745 117 1 6 5 2.8332500153616595]
[3.465745902749727 'Spatial' 0.25170569564600376 68.36003780257273
 4.067796610169491 117 1 6 6 3.465745902749727]
[3.0910615440851776 'Spatial' 0.25170569564600376 68.36003780257273
 2.8813559322033897 117 1 6 7 3.0910615440851776]
[1.9459915743116158 'Spatial' 0.25170569564600376 68.36003780257273
 1.6779661016949152 117 1 6 8 1.9459915743116158]
[0.003769913860750226 'Spatial' 0.25170569564600376 68.36003780257273
 1.1694915254237288 117 1 6 9 0.003769913860750226]
[3.179517987911519 'Spatial' 0.25170569564600376 68.36003780257273
 2.4576271186440675 117 1 6 10 3.179517987911519]
[3.555356347169373 'Spatial' 0.25170569564600376 68.36003780257273
 3.0508474576271185 117 1 6 11 3.555356347169373]
[3.433997849589777 'Spatial' 0.25170569564600376 68.36003780257273
 2.711864406779661 117 1 6 12 3.433997849589777]
[1.3864443498710153 'Spatial' 0.25170569564600376 68.36003780257273
 1.1016949152542372 117 1 6 13 1.3864443498710153]
[1.7918561312228003 'Spatial' 0.25170569564600376 68.36003780257273
 1.1694915254237288 117 1 6 14 1.7918561312228003]
[4.1588830833596715 'Spatial' 0.25170569564600376 68.36003780257273
 5.59322033898305 117 1 6 15 4.1588830833596715]
[1.9459915743116156 'Spatial' 0.25170569564600376 68.36003780257273
 1.1016949152542372 117 1 6 16 1.9459915743116156]
[0.997806724726197 'Spatial' 0.25170569564600376 68.36003780257273
 0.1694915254237288 117 1 6 17 0.997806724726197]
[0.6934571325198736 'Spatial' 0.25170569564600376 68.36003780257273
 0.6779661016949152 117 1 6 18 0.6934571325198736]
[0.5298843124378062 'Spatial' 0.25170569564600376 68.36003780257273
 0.1694915254237288 117 1 6 19 0.5298843124378062]
[0.0 'Spatial' 0.25170569564600376 68.36003780257273 0.0 117 1 7 0 0.0]
[4.017463867221707 'Spatial' 0.25170569564600376 68.36003780257273
 0.7288135593220338 117 1 7 1 4.017463867221707]
[3.6166084175841373 'Spatial' 0.25170569564600376 68.36003780257273
 1.0169491525423728 117 1 7 2 3.6166084175841373]
[3.931363117024747 'Spatial' 0.25170569564600376 68.36003780257273
 0.4915254237288135 117 1 7 3 3.931363117024747]
[2.8656011867440476 'Spatial' 0.25170569564600376 68.36003780257273
 4.1525423728813555 117 1 7 4 2.8656011867440476]
[2.8332500153616595 'Spatial' 0.25170569564600376 68.36003780257273
 3.2033898305084745 117 1 7 5 2.8332500153616595]
[3.465745902749727 'Spatial' 0.25170569564600376 68.36003780257273
 4.067796610169491 117 1 7 6 3.465745902749727]
[3.0910615440851776 'Spatial' 0.25170569564600376 68.36003780257273
 2.8813559322033897 117 1 7 7 3.0910615440851776]
[1.9459915743116158 'Spatial' 0.25170569564600376 68.36003780257273
 1.6779661016949152 117 1 7 8 1.9459915743116158]
[0.003769913860750226 'Spatial' 0.25170569564600376 68.36003780257273
 1.1694915254237288 117 1 7 9 0.003769913860750226]
[3.179517987911519 'Spatial' 0.25170569564600376 68.36003780257273
 2.4576271186440675 117 1 7 10 3.179517987911519]
[3.555356347169373 'Spatial' 0.25170569564600376 68.36003780257273
 3.0508474576271185 117 1 7 11 3.555356347169373]
[3.433997849589777 'Spatial' 0.25170569564600376 68.36003780257273
 2.711864406779661 117 1 7 12 3.433997849589777]
[1.3864443498710153 'Spatial' 0.25170569564600376 68.36003780257273
 1.1016949152542372 117 1 7 13 1.3864443498710153]
[1.7918561312228003 'Spatial' 0.25170569564600376 68.36003780257273
 1.1694915254237288 117 1 7 14 1.7918561312228003]
[4.1588830833596715 'Spatial' 0.25170569564600376 68.36003780257273
 5.59322033898305 117 1 7 15 4.1588830833596715]
[1.9459915743116156 'Spatial' 0.25170569564600376 68.36003780257273
 1.1016949152542372 117 1 7 16 1.9459915743116156]
[0.997806724726197 'Spatial' 0.25170569564600376 68.36003780257273
 0.1694915254237288 117 1 7 17 0.997806724726197]
[0.6934571325198736 'Spatial' 0.25170569564600376 68.36003780257273
 0.6779661016949152 117 1 7 18 0.6934571325198736]
[0.5298843124378062 'Spatial' 0.25170569564600376 68.36003780257273
 0.1694915254237288 117 1 7 19 0.5298843124378062]
[0.0 'Spatial' 0.25170569564600376 68.36003780257273 0.0 117 1 8 0 0.0]
[4.017463867221707 'Spatial' 0.25170569564600376 68.36003780257273
 0.7288135593220338 117 1 8 1 4.017463867221707]
[3.6166084175841373 'Spatial' 0.25170569564600376 68.36003780257273
 1.0169491525423728 117 1 8 2 3.6166084175841373]
[3.931363117024747 'Spatial' 0.25170569564600376 68.36003780257273
 0.4915254237288135 117 1 8 3 3.931363117024747]
[2.8656011867440476 'Spatial' 0.25170569564600376 68.36003780257273
 4.1525423728813555 117 1 8 4 2.8656011867440476]
[2.8332500153616595 'Spatial' 0.25170569564600376 68.36003780257273
 3.2033898305084745 117 1 8 5 2.8332500153616595]
[3.465745902749727 'Spatial' 0.25170569564600376 68.36003780257273
 4.067796610169491 117 1 8 6 3.465745902749727]
[3.0910615440851776 'Spatial' 0.25170569564600376 68.36003780257273
 2.8813559322033897 117 1 8 7 3.0910615440851776]
[1.9459915743116158 'Spatial' 0.25170569564600376 68.36003780257273
 1.6779661016949152 117 1 8 8 1.9459915743116158]
[0.003769913860750226 'Spatial' 0.25170569564600376 68.36003780257273
 1.1694915254237288 117 1 8 9 0.003769913860750226]
[3.179517987911519 'Spatial' 0.25170569564600376 68.36003780257273
 2.4576271186440675 117 1 8 10 3.179517987911519]
[3.555356347169373 'Spatial' 0.25170569564600376 68.36003780257273
 3.0508474576271185 117 1 8 11 3.555356347169373]
[3.433997849589777 'Spatial' 0.25170569564600376 68.36003780257273
 2.711864406779661 117 1 8 12 3.433997849589777]
[1.3864443498710153 'Spatial' 0.25170569564600376 68.36003780257273
 1.1016949152542372 117 1 8 13 1.3864443498710153]
[1.7918561312228003 'Spatial' 0.25170569564600376 68.36003780257273
 1.1694915254237288 117 1 8 14 1.7918561312228003]
[4.1588830833596715 'Spatial' 0.25170569564600376 68.36003780257273
 5.59322033898305 117 1 8 15 4.1588830833596715]
[1.9459915743116156 'Spatial' 0.25170569564600376 68.36003780257273
 1.1016949152542372 117 1 8 16 1.9459915743116156]
[0.997806724726197 'Spatial' 0.25170569564600376 68.36003780257273
 0.1694915254237288 117 1 8 17 0.997806724726197]
[0.6934571325198736 'Spatial' 0.25170569564600376 68.36003780257273
 0.6779661016949152 117 1 8 18 0.6934571325198736]
[0.5298843124378062 'Spatial' 0.25170569564600376 68.36003780257273
 0.1694915254237288 117 1 8 19 0.5298843124378062]
