[0.0 'Conceptual' 0.03608426882092965 2.8716943112224398e-08 0.0 3 5 0 0
 0.0]
[4.158883063492791 'Conceptual' 0.03608426882092965 2.8716943112224398e-08
 0.9322033898305084 3 5 0 1 4.158883063492791]
[3.5717827921115783 'Conceptual' 0.03608426882092965
 2.8716943112224398e-08 3.2203389830508473 3 5 0 2 3.5717827921115783]
[2.370102904416332 'Conceptual' 0.03608426882092965 2.8716943112224398e-08
 3.3728813559322033 3 5 0 3 2.370102904416332]
[2.719052404774109 'Conceptual' 0.03608426882092965 2.8716943112224398e-08
 5.135593220338983 3 5 0 4 2.719052404774109]
[3.35527557833307 'Conceptual' 0.03608426882092965 2.8716943112224398e-08
 7.508474576271186 3 5 0 5 3.35527557833307]
[3.0508703398705497 'Conceptual' 0.03608426882092965
 2.8716943112224398e-08 6.779661016949152 3 5 0 6 3.0508703398705497]
[0.009839792527420134 'Conceptual' 0.03608426882092965
 2.8716943112224398e-08 1.3389830508474576 3 5 0 7 0.009839792527420134]
[0.0006298016333097749 'Conceptual' 0.03608426882092965
 2.8716943112224398e-08 0.1694915254237288 3 5 0 8 0.0006298016333097749]
[0.0006298016333097749 'Conceptual' 0.03608426882092965
 2.8716943112224398e-08 0.1694915254237288 3 5 0 9 0.0006298016333097749]
[0.0006298016333097749 'Conceptual' 0.03608426882092965
 2.8716943112224398e-08 0.1694915254237288 3 5 0 10 0.0006298016333097749]
[0.0006298016333097749 'Conceptual' 0.03608426882092965
 2.8716943112224398e-08 0.1694915254237288 3 5 0 11 0.0006298016333097749]
[0.0006298016333097749 'Conceptual' 0.03608426882092965
 2.8716943112224398e-08 0.1694915254237288 3 5 0 12 0.0006298016333097749]
[2.2943924041747374 'Conceptual' 0.03608426882092965
 2.8716943112224398e-08 7.271186440677965 3 5 0 13 2.2943924041747374]
[0.0006298016333097749 'Conceptual' 0.03608426882092965
 2.8716943112224398e-08 0.1694915254237288 3 5 0 14 0.0006298016333097749]
[0.0006298016333097749 'Conceptual' 0.03608426882092965
 2.8716943112224398e-08 0.1694915254237288 3 5 0 15 0.0006298016333097749]
[0.0006298016333097749 'Conceptual' 0.03608426882092965
 2.8716943112224398e-08 0.1694915254237288 3 5 0 16 0.0006298016333097749]
[0.0006298016333097749 'Conceptual' 0.03608426882092965
 2.8716943112224398e-08 0.1694915254237288 3 5 0 17 0.0006298016333097749]
[0.0006298016333097749 'Conceptual' 0.03608426882092965
 2.8716943112224398e-08 0.1694915254237288 3 5 0 18 0.0006298016333097749]
[0.0006298016333097749 'Conceptual' 0.03608426882092965
 2.8716943112224398e-08 0.1694915254237288 3 5 0 19 0.0006298016333097749]
[0.0 'Conceptual' 0.03608426882092965 2.8716943112224398e-08 0.0 3 5 1 0
 0.0]
[4.158883063492791 'Conceptual' 0.03608426882092965 2.8716943112224398e-08
 0.9322033898305084 3 5 1 1 4.158883063492791]
[3.5717827921115783 'Conceptual' 0.03608426882092965
 2.8716943112224398e-08 3.2203389830508473 3 5 1 2 3.5717827921115783]
[2.370102904416332 'Conceptual' 0.03608426882092965 2.8716943112224398e-08
 3.3728813559322033 3 5 1 3 2.370102904416332]
[2.719052404774109 'Conceptual' 0.03608426882092965 2.8716943112224398e-08
 5.135593220338983 3 5 1 4 2.719052404774109]
[3.35527557833307 'Conceptual' 0.03608426882092965 2.8716943112224398e-08
 7.508474576271186 3 5 1 5 3.35527557833307]
[3.0508703398705497 'Conceptual' 0.03608426882092965
 2.8716943112224398e-08 6.779661016949152 3 5 1 6 3.0508703398705497]
[0.009839792527420134 'Conceptual' 0.03608426882092965
 2.8716943112224398e-08 1.3389830508474576 3 5 1 7 0.009839792527420134]
[0.0006298016333097749 'Conceptual' 0.03608426882092965
 2.8716943112224398e-08 0.1694915254237288 3 5 1 8 0.0006298016333097749]
[0.0006298016333097749 'Conceptual' 0.03608426882092965
 2.8716943112224398e-08 0.1694915254237288 3 5 1 9 0.0006298016333097749]
[0.0006298016333097749 'Conceptual' 0.03608426882092965
 2.8716943112224398e-08 0.1694915254237288 3 5 1 10 0.0006298016333097749]
[0.0006298016333097749 'Conceptual' 0.03608426882092965
 2.8716943112224398e-08 0.1694915254237288 3 5 1 11 0.0006298016333097749]
[0.0006298016333097749 'Conceptual' 0.03608426882092965
 2.8716943112224398e-08 0.1694915254237288 3 5 1 12 0.0006298016333097749]
[2.2943924041747374 'Conceptual' 0.03608426882092965
 2.8716943112224398e-08 7.271186440677965 3 5 1 13 2.2943924041747374]
[0.0006298016333097749 'Conceptual' 0.03608426882092965
 2.8716943112224398e-08 0.1694915254237288 3 5 1 14 0.0006298016333097749]
[0.0006298016333097749 'Conceptual' 0.03608426882092965
 2.8716943112224398e-08 0.1694915254237288 3 5 1 15 0.0006298016333097749]
[0.0006298016333097749 'Conceptual' 0.03608426882092965
 2.8716943112224398e-08 0.1694915254237288 3 5 1 16 0.0006298016333097749]
[0.0006298016333097749 'Conceptual' 0.03608426882092965
 2.8716943112224398e-08 0.1694915254237288 3 5 1 17 0.0006298016333097749]
[0.0006298016333097749 'Conceptual' 0.03608426882092965
 2.8716943112224398e-08 0.1694915254237288 3 5 1 18 0.0006298016333097749]
[0.0006298016333097749 'Conceptual' 0.03608426882092965
 2.8716943112224398e-08 0.1694915254237288 3 5 1 19 0.0006298016333097749]
[0.0 'Conceptual' 0.03608426882092965 2.8716943112224398e-08 0.0 3 5 2 0
 0.0]
[4.158883063492791 'Conceptual' 0.03608426882092965 2.8716943112224398e-08
 0.9322033898305084 3 5 2 1 4.158883063492791]
[3.5717827921115783 'Conceptual' 0.03608426882092965
 2.8716943112224398e-08 3.2203389830508473 3 5 2 2 3.5717827921115783]
[2.370102904416332 'Conceptual' 0.03608426882092965 2.8716943112224398e-08
 3.3728813559322033 3 5 2 3 2.370102904416332]
[2.719052404774109 'Conceptual' 0.03608426882092965 2.8716943112224398e-08
 5.135593220338983 3 5 2 4 2.719052404774109]
[3.35527557833307 'Conceptual' 0.03608426882092965 2.8716943112224398e-08
 7.508474576271186 3 5 2 5 3.35527557833307]
[3.0508703398705497 'Conceptual' 0.03608426882092965
 2.8716943112224398e-08 6.779661016949152 3 5 2 6 3.0508703398705497]
[0.009839792527420134 'Conceptual' 0.03608426882092965
 2.8716943112224398e-08 1.3389830508474576 3 5 2 7 0.009839792527420134]
[0.0006298016333097749 'Conceptual' 0.03608426882092965
 2.8716943112224398e-08 0.1694915254237288 3 5 2 8 0.0006298016333097749]
[0.0006298016333097749 'Conceptual' 0.03608426882092965
 2.8716943112224398e-08 0.1694915254237288 3 5 2 9 0.0006298016333097749]
[0.0006298016333097749 'Conceptual' 0.03608426882092965
 2.8716943112224398e-08 0.1694915254237288 3 5 2 10 0.0006298016333097749]
[0.0006298016333097749 'Conceptual' 0.03608426882092965
 2.8716943112224398e-08 0.1694915254237288 3 5 2 11 0.0006298016333097749]
[0.0006298016333097749 'Conceptual' 0.03608426882092965
 2.8716943112224398e-08 0.1694915254237288 3 5 2 12 0.0006298016333097749]
[2.2943924041747374 'Conceptual' 0.03608426882092965
 2.8716943112224398e-08 7.271186440677965 3 5 2 13 2.2943924041747374]
[0.0006298016333097749 'Conceptual' 0.03608426882092965
 2.8716943112224398e-08 0.1694915254237288 3 5 2 14 0.0006298016333097749]
[0.0006298016333097749 'Conceptual' 0.03608426882092965
 2.8716943112224398e-08 0.1694915254237288 3 5 2 15 0.0006298016333097749]
[0.0006298016333097749 'Conceptual' 0.03608426882092965
 2.8716943112224398e-08 0.1694915254237288 3 5 2 16 0.0006298016333097749]
[0.0006298016333097749 'Conceptual' 0.03608426882092965
 2.8716943112224398e-08 0.1694915254237288 3 5 2 17 0.0006298016333097749]
[0.0006298016333097749 'Conceptual' 0.03608426882092965
 2.8716943112224398e-08 0.1694915254237288 3 5 2 18 0.0006298016333097749]
[0.0006298016333097749 'Conceptual' 0.03608426882092965
 2.8716943112224398e-08 0.1694915254237288 3 5 2 19 0.0006298016333097749]
[0.0 'Conceptual' 0.03608426882092965 2.8716943112224398e-08 0.0 3 5 3 0
 0.0]
[4.158883063492791 'Conceptual' 0.03608426882092965 2.8716943112224398e-08
 0.9322033898305084 3 5 3 1 4.158883063492791]
[3.5717827921115783 'Conceptual' 0.03608426882092965
 2.8716943112224398e-08 3.2203389830508473 3 5 3 2 3.5717827921115783]
[2.370102904416332 'Conceptual' 0.03608426882092965 2.8716943112224398e-08
 3.3728813559322033 3 5 3 3 2.370102904416332]
[2.719052404774109 'Conceptual' 0.03608426882092965 2.8716943112224398e-08
 5.135593220338983 3 5 3 4 2.719052404774109]
[3.35527557833307 'Conceptual' 0.03608426882092965 2.8716943112224398e-08
 7.508474576271186 3 5 3 5 3.35527557833307]
[3.0508703398705497 'Conceptual' 0.03608426882092965
 2.8716943112224398e-08 6.779661016949152 3 5 3 6 3.0508703398705497]
[0.009839792527420134 'Conceptual' 0.03608426882092965
 2.8716943112224398e-08 1.3389830508474576 3 5 3 7 0.009839792527420134]
[0.0006298016333097749 'Conceptual' 0.03608426882092965
 2.8716943112224398e-08 0.1694915254237288 3 5 3 8 0.0006298016333097749]
[0.0006298016333097749 'Conceptual' 0.03608426882092965
 2.8716943112224398e-08 0.1694915254237288 3 5 3 9 0.0006298016333097749]
[0.0006298016333097749 'Conceptual' 0.03608426882092965
 2.8716943112224398e-08 0.1694915254237288 3 5 3 10 0.0006298016333097749]
[0.0006298016333097749 'Conceptual' 0.03608426882092965
 2.8716943112224398e-08 0.1694915254237288 3 5 3 11 0.0006298016333097749]
[0.0006298016333097749 'Conceptual' 0.03608426882092965
 2.8716943112224398e-08 0.1694915254237288 3 5 3 12 0.0006298016333097749]
[2.2943924041747374 'Conceptual' 0.03608426882092965
 2.8716943112224398e-08 7.271186440677965 3 5 3 13 2.2943924041747374]
[0.0006298016333097749 'Conceptual' 0.03608426882092965
 2.8716943112224398e-08 0.1694915254237288 3 5 3 14 0.0006298016333097749]
[0.0006298016333097749 'Conceptual' 0.03608426882092965
 2.8716943112224398e-08 0.1694915254237288 3 5 3 15 0.0006298016333097749]
[0.0006298016333097749 'Conceptual' 0.03608426882092965
 2.8716943112224398e-08 0.1694915254237288 3 5 3 16 0.0006298016333097749]
[0.0006298016333097749 'Conceptual' 0.03608426882092965
 2.8716943112224398e-08 0.1694915254237288 3 5 3 17 0.0006298016333097749]
[0.0006298016333097749 'Conceptual' 0.03608426882092965
 2.8716943112224398e-08 0.1694915254237288 3 5 3 18 0.0006298016333097749]
[0.0006298016333097749 'Conceptual' 0.03608426882092965
 2.8716943112224398e-08 0.1694915254237288 3 5 3 19 0.0006298016333097749]
[0.0 'Conceptual' 0.03608426882092965 2.8716943112224398e-08 0.0 3 5 4 0
 0.0]
[4.158883063492791 'Conceptual' 0.03608426882092965 2.8716943112224398e-08
 0.9322033898305084 3 5 4 1 4.158883063492791]
[3.5717827921115783 'Conceptual' 0.03608426882092965
 2.8716943112224398e-08 3.2203389830508473 3 5 4 2 3.5717827921115783]
[2.370102904416332 'Conceptual' 0.03608426882092965 2.8716943112224398e-08
 3.3728813559322033 3 5 4 3 2.370102904416332]
[2.719052404774109 'Conceptual' 0.03608426882092965 2.8716943112224398e-08
 5.135593220338983 3 5 4 4 2.719052404774109]
[3.35527557833307 'Conceptual' 0.03608426882092965 2.8716943112224398e-08
 7.508474576271186 3 5 4 5 3.35527557833307]
[3.0508703398705497 'Conceptual' 0.03608426882092965
 2.8716943112224398e-08 6.779661016949152 3 5 4 6 3.0508703398705497]
[0.009839792527420134 'Conceptual' 0.03608426882092965
 2.8716943112224398e-08 1.3389830508474576 3 5 4 7 0.009839792527420134]
[0.0006298016333097749 'Conceptual' 0.03608426882092965
 2.8716943112224398e-08 0.1694915254237288 3 5 4 8 0.0006298016333097749]
[0.0006298016333097749 'Conceptual' 0.03608426882092965
 2.8716943112224398e-08 0.1694915254237288 3 5 4 9 0.0006298016333097749]
[0.0006298016333097749 'Conceptual' 0.03608426882092965
 2.8716943112224398e-08 0.1694915254237288 3 5 4 10 0.0006298016333097749]
[0.0006298016333097749 'Conceptual' 0.03608426882092965
 2.8716943112224398e-08 0.1694915254237288 3 5 4 11 0.0006298016333097749]
[0.0006298016333097749 'Conceptual' 0.03608426882092965
 2.8716943112224398e-08 0.1694915254237288 3 5 4 12 0.0006298016333097749]
[2.2943924041747374 'Conceptual' 0.03608426882092965
 2.8716943112224398e-08 7.271186440677965 3 5 4 13 2.2943924041747374]
[0.0006298016333097749 'Conceptual' 0.03608426882092965
 2.8716943112224398e-08 0.1694915254237288 3 5 4 14 0.0006298016333097749]
[0.0006298016333097749 'Conceptual' 0.03608426882092965
 2.8716943112224398e-08 0.1694915254237288 3 5 4 15 0.0006298016333097749]
[0.0006298016333097749 'Conceptual' 0.03608426882092965
 2.8716943112224398e-08 0.1694915254237288 3 5 4 16 0.0006298016333097749]
[0.0006298016333097749 'Conceptual' 0.03608426882092965
 2.8716943112224398e-08 0.1694915254237288 3 5 4 17 0.0006298016333097749]
[0.0006298016333097749 'Conceptual' 0.03608426882092965
 2.8716943112224398e-08 0.1694915254237288 3 5 4 18 0.0006298016333097749]
[0.0006298016333097749 'Conceptual' 0.03608426882092965
 2.8716943112224398e-08 0.1694915254237288 3 5 4 19 0.0006298016333097749]
[0.0 'Conceptual' 0.03608426882092965 2.8716943112224398e-08 0.0 3 5 6 0
 0.0]
[4.158883063492791 'Conceptual' 0.03608426882092965 2.8716943112224398e-08
 0.9322033898305084 3 5 6 1 4.158883063492791]
[3.5717827921115783 'Conceptual' 0.03608426882092965
 2.8716943112224398e-08 3.2203389830508473 3 5 6 2 3.5717827921115783]
[2.370102904416332 'Conceptual' 0.03608426882092965 2.8716943112224398e-08
 3.3728813559322033 3 5 6 3 2.370102904416332]
[2.719052404774109 'Conceptual' 0.03608426882092965 2.8716943112224398e-08
 5.135593220338983 3 5 6 4 2.719052404774109]
[3.35527557833307 'Conceptual' 0.03608426882092965 2.8716943112224398e-08
 7.508474576271186 3 5 6 5 3.35527557833307]
[3.0508703398705497 'Conceptual' 0.03608426882092965
 2.8716943112224398e-08 6.779661016949152 3 5 6 6 3.0508703398705497]
[0.009839792527420134 'Conceptual' 0.03608426882092965
 2.8716943112224398e-08 1.3389830508474576 3 5 6 7 0.009839792527420134]
[0.0006298016333097749 'Conceptual' 0.03608426882092965
 2.8716943112224398e-08 0.1694915254237288 3 5 6 8 0.0006298016333097749]
[0.0006298016333097749 'Conceptual' 0.03608426882092965
 2.8716943112224398e-08 0.1694915254237288 3 5 6 9 0.0006298016333097749]
[0.0006298016333097749 'Conceptual' 0.03608426882092965
 2.8716943112224398e-08 0.1694915254237288 3 5 6 10 0.0006298016333097749]
[0.0006298016333097749 'Conceptual' 0.03608426882092965
 2.8716943112224398e-08 0.1694915254237288 3 5 6 11 0.0006298016333097749]
[0.0006298016333097749 'Conceptual' 0.03608426882092965
 2.8716943112224398e-08 0.1694915254237288 3 5 6 12 0.0006298016333097749]
[2.2943924041747374 'Conceptual' 0.03608426882092965
 2.8716943112224398e-08 7.271186440677965 3 5 6 13 2.2943924041747374]
[0.0006298016333097749 'Conceptual' 0.03608426882092965
 2.8716943112224398e-08 0.1694915254237288 3 5 6 14 0.0006298016333097749]
[0.0006298016333097749 'Conceptual' 0.03608426882092965
 2.8716943112224398e-08 0.1694915254237288 3 5 6 15 0.0006298016333097749]
[0.0006298016333097749 'Conceptual' 0.03608426882092965
 2.8716943112224398e-08 0.1694915254237288 3 5 6 16 0.0006298016333097749]
[0.0006298016333097749 'Conceptual' 0.03608426882092965
 2.8716943112224398e-08 0.1694915254237288 3 5 6 17 0.0006298016333097749]
[0.0006298016333097749 'Conceptual' 0.03608426882092965
 2.8716943112224398e-08 0.1694915254237288 3 5 6 18 0.0006298016333097749]
[0.0006298016333097749 'Conceptual' 0.03608426882092965
 2.8716943112224398e-08 0.1694915254237288 3 5 6 19 0.0006298016333097749]
[0.0 'Conceptual' 0.03608426882092965 2.8716943112224398e-08 0.0 3 5 7 0
 0.0]
[4.158883063492791 'Conceptual' 0.03608426882092965 2.8716943112224398e-08
 0.9322033898305084 3 5 7 1 4.158883063492791]
[3.5717827921115783 'Conceptual' 0.03608426882092965
 2.8716943112224398e-08 3.2203389830508473 3 5 7 2 3.5717827921115783]
[2.370102904416332 'Conceptual' 0.03608426882092965 2.8716943112224398e-08
 3.3728813559322033 3 5 7 3 2.370102904416332]
[2.719052404774109 'Conceptual' 0.03608426882092965 2.8716943112224398e-08
 5.135593220338983 3 5 7 4 2.719052404774109]
[3.35527557833307 'Conceptual' 0.03608426882092965 2.8716943112224398e-08
 7.508474576271186 3 5 7 5 3.35527557833307]
[3.0508703398705497 'Conceptual' 0.03608426882092965
 2.8716943112224398e-08 6.779661016949152 3 5 7 6 3.0508703398705497]
[0.009839792527420134 'Conceptual' 0.03608426882092965
 2.8716943112224398e-08 1.3389830508474576 3 5 7 7 0.009839792527420134]
[0.0006298016333097749 'Conceptual' 0.03608426882092965
 2.8716943112224398e-08 0.1694915254237288 3 5 7 8 0.0006298016333097749]
[0.0006298016333097749 'Conceptual' 0.03608426882092965
 2.8716943112224398e-08 0.1694915254237288 3 5 7 9 0.0006298016333097749]
[0.0006298016333097749 'Conceptual' 0.03608426882092965
 2.8716943112224398e-08 0.1694915254237288 3 5 7 10 0.0006298016333097749]
[0.0006298016333097749 'Conceptual' 0.03608426882092965
 2.8716943112224398e-08 0.1694915254237288 3 5 7 11 0.0006298016333097749]
[0.0006298016333097749 'Conceptual' 0.03608426882092965
 2.8716943112224398e-08 0.1694915254237288 3 5 7 12 0.0006298016333097749]
[2.2943924041747374 'Conceptual' 0.03608426882092965
 2.8716943112224398e-08 7.271186440677965 3 5 7 13 2.2943924041747374]
[0.0006298016333097749 'Conceptual' 0.03608426882092965
 2.8716943112224398e-08 0.1694915254237288 3 5 7 14 0.0006298016333097749]
[0.0006298016333097749 'Conceptual' 0.03608426882092965
 2.8716943112224398e-08 0.1694915254237288 3 5 7 15 0.0006298016333097749]
[0.0006298016333097749 'Conceptual' 0.03608426882092965
 2.8716943112224398e-08 0.1694915254237288 3 5 7 16 0.0006298016333097749]
[0.0006298016333097749 'Conceptual' 0.03608426882092965
 2.8716943112224398e-08 0.1694915254237288 3 5 7 17 0.0006298016333097749]
[0.0006298016333097749 'Conceptual' 0.03608426882092965
 2.8716943112224398e-08 0.1694915254237288 3 5 7 18 0.0006298016333097749]
[0.0006298016333097749 'Conceptual' 0.03608426882092965
 2.8716943112224398e-08 0.1694915254237288 3 5 7 19 0.0006298016333097749]
[0.0 'Conceptual' 0.03608426882092965 2.8716943112224398e-08 0.0 3 5 8 0
 0.0]
[4.158883063492791 'Conceptual' 0.03608426882092965 2.8716943112224398e-08
 0.9322033898305084 3 5 8 1 4.158883063492791]
[3.5717827921115783 'Conceptual' 0.03608426882092965
 2.8716943112224398e-08 3.2203389830508473 3 5 8 2 3.5717827921115783]
[2.370102904416332 'Conceptual' 0.03608426882092965 2.8716943112224398e-08
 3.3728813559322033 3 5 8 3 2.370102904416332]
[2.719052404774109 'Conceptual' 0.03608426882092965 2.8716943112224398e-08
 5.135593220338983 3 5 8 4 2.719052404774109]
[3.35527557833307 'Conceptual' 0.03608426882092965 2.8716943112224398e-08
 7.508474576271186 3 5 8 5 3.35527557833307]
[3.0508703398705497 'Conceptual' 0.03608426882092965
 2.8716943112224398e-08 6.779661016949152 3 5 8 6 3.0508703398705497]
[0.009839792527420134 'Conceptual' 0.03608426882092965
 2.8716943112224398e-08 1.3389830508474576 3 5 8 7 0.009839792527420134]
[0.0006298016333097749 'Conceptual' 0.03608426882092965
 2.8716943112224398e-08 0.1694915254237288 3 5 8 8 0.0006298016333097749]
[0.0006298016333097749 'Conceptual' 0.03608426882092965
 2.8716943112224398e-08 0.1694915254237288 3 5 8 9 0.0006298016333097749]
[0.0006298016333097749 'Conceptual' 0.03608426882092965
 2.8716943112224398e-08 0.1694915254237288 3 5 8 10 0.0006298016333097749]
[0.0006298016333097749 'Conceptual' 0.03608426882092965
 2.8716943112224398e-08 0.1694915254237288 3 5 8 11 0.0006298016333097749]
[0.0006298016333097749 'Conceptual' 0.03608426882092965
 2.8716943112224398e-08 0.1694915254237288 3 5 8 12 0.0006298016333097749]
[2.2943924041747374 'Conceptual' 0.03608426882092965
 2.8716943112224398e-08 7.271186440677965 3 5 8 13 2.2943924041747374]
[0.0006298016333097749 'Conceptual' 0.03608426882092965
 2.8716943112224398e-08 0.1694915254237288 3 5 8 14 0.0006298016333097749]
[0.0006298016333097749 'Conceptual' 0.03608426882092965
 2.8716943112224398e-08 0.1694915254237288 3 5 8 15 0.0006298016333097749]
[0.0006298016333097749 'Conceptual' 0.03608426882092965
 2.8716943112224398e-08 0.1694915254237288 3 5 8 16 0.0006298016333097749]
[0.0006298016333097749 'Conceptual' 0.03608426882092965
 2.8716943112224398e-08 0.1694915254237288 3 5 8 17 0.0006298016333097749]
[0.0006298016333097749 'Conceptual' 0.03608426882092965
 2.8716943112224398e-08 0.1694915254237288 3 5 8 18 0.0006298016333097749]
[0.0006298016333097749 'Conceptual' 0.03608426882092965
 2.8716943112224398e-08 0.1694915254237288 3 5 8 19 0.0006298016333097749]
