[0.0 'Spatial' 0.13083265480196785 0.6593299220815374 0.0 94 1 0 0 0.0]
[3.9612695150022144 'Spatial' 0.13083265480196785 0.6593299220815374
 0.5932203389830508 94 1 0 1 3.9612695150022144]
[3.4483868192368305 'Spatial' 0.13083265480196785 0.6593299220815374
 7.881355932203389 94 1 0 2 3.4483868192368305]
[3.91730106618455 'Spatial' 0.13083265480196785 0.6593299220815374
 10.169491525423728 94 1 0 3 3.91730106618455]
[1.0153273011463229 'Spatial' 0.13083265480196785 0.6593299220815374
 1.6779661016949152 94 1 0 4 1.0153273011463229]
[4.37450203491098 'Spatial' 0.13083265480196785 0.6593299220815374
 0.1694915254237288 94 1 0 5 4.37450203491098]
[4.0789631045891515 'Spatial' 0.13083265480196785 0.6593299220815374
 0.559322033898305 94 1 0 6 4.0789631045891515]
[1.2663738550962926 'Spatial' 0.13083265480196785 0.6593299220815374
 1.1694915254237288 94 1 0 7 1.2663738550962926]
[1.0824130254624929 'Spatial' 0.13083265480196785 0.6593299220815374
 2.4576271186440675 94 1 0 8 1.0824130254624929]
[1.6228985049637075 'Spatial' 0.13083265480196785 0.6593299220815374
 3.813559322033898 94 1 0 9 1.6228985049637075]
[0.22200680233247264 'Spatial' 0.13083265480196785 0.6593299220815374
 0.423728813559322 94 1 0 10 0.22200680233247264]
[0.0012263597901962216 'Spatial' 0.13083265480196785 0.6593299220815374
 0.38983050847457623 94 1 0 11 0.0012263597901962216]
[0.0006298016333097749 'Spatial' 0.13083265480196785 0.6593299220815374
 0.1694915254237288 94 1 0 12 0.0006298016333097749]
[0.0006298016333097749 'Spatial' 0.13083265480196785 0.6593299220815374
 0.1694915254237288 94 1 0 13 0.0006298016333097749]
[0.0006298016333097749 'Spatial' 0.13083265480196785 0.6593299220815374
 0.1694915254237288 94 1 0 14 0.0006298016333097749]
[0.0006298016333097749 'Spatial' 0.13083265480196785 0.6593299220815374
 0.1694915254237288 94 1 0 15 0.0006298016333097749]
[0.0006298016333097749 'Spatial' 0.13083265480196785 0.6593299220815374
 0.1694915254237288 94 1 0 16 0.0006298016333097749]
[0.0006298016333097749 'Spatial' 0.13083265480196785 0.6593299220815374
 0.1694915254237288 94 1 0 17 0.0006298016333097749]
[0.0006298016333097749 'Spatial' 0.13083265480196785 0.6593299220815374
 0.1694915254237288 94 1 0 18 0.0006298016333097749]
[0.0006298016333097749 'Spatial' 0.13083265480196785 0.6593299220815374
 0.1694915254237288 94 1 0 19 0.0006298016333097749]
[0.0 'Spatial' 0.13083265480196785 0.6593299220815374 0.0 94 1 2 0 0.0]
[3.9612695150022144 'Spatial' 0.13083265480196785 0.6593299220815374
 0.5932203389830508 94 1 2 1 3.9612695150022144]
[3.4483868192368305 'Spatial' 0.13083265480196785 0.6593299220815374
 7.881355932203389 94 1 2 2 3.4483868192368305]
[3.91730106618455 'Spatial' 0.13083265480196785 0.6593299220815374
 10.169491525423728 94 1 2 3 3.91730106618455]
[1.0153273011463229 'Spatial' 0.13083265480196785 0.6593299220815374
 1.6779661016949152 94 1 2 4 1.0153273011463229]
[4.37450203491098 'Spatial' 0.13083265480196785 0.6593299220815374
 0.1694915254237288 94 1 2 5 4.37450203491098]
[4.0789631045891515 'Spatial' 0.13083265480196785 0.6593299220815374
 0.559322033898305 94 1 2 6 4.0789631045891515]
[1.2663738550962926 'Spatial' 0.13083265480196785 0.6593299220815374
 1.1694915254237288 94 1 2 7 1.2663738550962926]
[1.0824130254624929 'Spatial' 0.13083265480196785 0.6593299220815374
 2.4576271186440675 94 1 2 8 1.0824130254624929]
[1.6228985049637075 'Spatial' 0.13083265480196785 0.6593299220815374
 3.813559322033898 94 1 2 9 1.6228985049637075]
[0.22200680233247264 'Spatial' 0.13083265480196785 0.6593299220815374
 0.423728813559322 94 1 2 10 0.22200680233247264]
[0.0012263597901962216 'Spatial' 0.13083265480196785 0.6593299220815374
 0.38983050847457623 94 1 2 11 0.0012263597901962216]
[0.0006298016333097749 'Spatial' 0.13083265480196785 0.6593299220815374
 0.1694915254237288 94 1 2 12 0.0006298016333097749]
[0.0006298016333097749 'Spatial' 0.13083265480196785 0.6593299220815374
 0.1694915254237288 94 1 2 13 0.0006298016333097749]
[0.0006298016333097749 'Spatial' 0.13083265480196785 0.6593299220815374
 0.1694915254237288 94 1 2 14 0.0006298016333097749]
[0.0006298016333097749 'Spatial' 0.13083265480196785 0.6593299220815374
 0.1694915254237288 94 1 2 15 0.0006298016333097749]
[0.0006298016333097749 'Spatial' 0.13083265480196785 0.6593299220815374
 0.1694915254237288 94 1 2 16 0.0006298016333097749]
[0.0006298016333097749 'Spatial' 0.13083265480196785 0.6593299220815374
 0.1694915254237288 94 1 2 17 0.0006298016333097749]
[0.0006298016333097749 'Spatial' 0.13083265480196785 0.6593299220815374
 0.1694915254237288 94 1 2 18 0.0006298016333097749]
[0.0006298016333097749 'Spatial' 0.13083265480196785 0.6593299220815374
 0.1694915254237288 94 1 2 19 0.0006298016333097749]
[0.0 'Spatial' 0.13083265480196785 0.6593299220815374 0.0 94 1 3 0 0.0]
[3.9612695150022144 'Spatial' 0.13083265480196785 0.6593299220815374
 0.5932203389830508 94 1 3 1 3.9612695150022144]
[3.4483868192368305 'Spatial' 0.13083265480196785 0.6593299220815374
 7.881355932203389 94 1 3 2 3.4483868192368305]
[3.91730106618455 'Spatial' 0.13083265480196785 0.6593299220815374
 10.169491525423728 94 1 3 3 3.91730106618455]
[1.0153273011463229 'Spatial' 0.13083265480196785 0.6593299220815374
 1.6779661016949152 94 1 3 4 1.0153273011463229]
[4.37450203491098 'Spatial' 0.13083265480196785 0.6593299220815374
 0.1694915254237288 94 1 3 5 4.37450203491098]
[4.0789631045891515 'Spatial' 0.13083265480196785 0.6593299220815374
 0.559322033898305 94 1 3 6 4.0789631045891515]
[1.2663738550962926 'Spatial' 0.13083265480196785 0.6593299220815374
 1.1694915254237288 94 1 3 7 1.2663738550962926]
[1.0824130254624929 'Spatial' 0.13083265480196785 0.6593299220815374
 2.4576271186440675 94 1 3 8 1.0824130254624929]
[1.6228985049637075 'Spatial' 0.13083265480196785 0.6593299220815374
 3.813559322033898 94 1 3 9 1.6228985049637075]
[0.22200680233247264 'Spatial' 0.13083265480196785 0.6593299220815374
 0.423728813559322 94 1 3 10 0.22200680233247264]
[0.0012263597901962216 'Spatial' 0.13083265480196785 0.6593299220815374
 0.38983050847457623 94 1 3 11 0.0012263597901962216]
[0.0006298016333097749 'Spatial' 0.13083265480196785 0.6593299220815374
 0.1694915254237288 94 1 3 12 0.0006298016333097749]
[0.0006298016333097749 'Spatial' 0.13083265480196785 0.6593299220815374
 0.1694915254237288 94 1 3 13 0.0006298016333097749]
[0.0006298016333097749 'Spatial' 0.13083265480196785 0.6593299220815374
 0.1694915254237288 94 1 3 14 0.0006298016333097749]
[0.0006298016333097749 'Spatial' 0.13083265480196785 0.6593299220815374
 0.1694915254237288 94 1 3 15 0.0006298016333097749]
[0.0006298016333097749 'Spatial' 0.13083265480196785 0.6593299220815374
 0.1694915254237288 94 1 3 16 0.0006298016333097749]
[0.0006298016333097749 'Spatial' 0.13083265480196785 0.6593299220815374
 0.1694915254237288 94 1 3 17 0.0006298016333097749]
[0.0006298016333097749 'Spatial' 0.13083265480196785 0.6593299220815374
 0.1694915254237288 94 1 3 18 0.0006298016333097749]
[0.0006298016333097749 'Spatial' 0.13083265480196785 0.6593299220815374
 0.1694915254237288 94 1 3 19 0.0006298016333097749]
[0.0 'Spatial' 0.13083265480196785 0.6593299220815374 0.0 94 1 4 0 0.0]
[3.9612695150022144 'Spatial' 0.13083265480196785 0.6593299220815374
 0.5932203389830508 94 1 4 1 3.9612695150022144]
[3.4483868192368305 'Spatial' 0.13083265480196785 0.6593299220815374
 7.881355932203389 94 1 4 2 3.4483868192368305]
[3.91730106618455 'Spatial' 0.13083265480196785 0.6593299220815374
 10.169491525423728 94 1 4 3 3.91730106618455]
[1.0153273011463229 'Spatial' 0.13083265480196785 0.6593299220815374
 1.6779661016949152 94 1 4 4 1.0153273011463229]
[4.37450203491098 'Spatial' 0.13083265480196785 0.6593299220815374
 0.1694915254237288 94 1 4 5 4.37450203491098]
[4.0789631045891515 'Spatial' 0.13083265480196785 0.6593299220815374
 0.559322033898305 94 1 4 6 4.0789631045891515]
[1.2663738550962926 'Spatial' 0.13083265480196785 0.6593299220815374
 1.1694915254237288 94 1 4 7 1.2663738550962926]
[1.0824130254624929 'Spatial' 0.13083265480196785 0.6593299220815374
 2.4576271186440675 94 1 4 8 1.0824130254624929]
[1.6228985049637075 'Spatial' 0.13083265480196785 0.6593299220815374
 3.813559322033898 94 1 4 9 1.6228985049637075]
[0.22200680233247264 'Spatial' 0.13083265480196785 0.6593299220815374
 0.423728813559322 94 1 4 10 0.22200680233247264]
[0.0012263597901962216 'Spatial' 0.13083265480196785 0.6593299220815374
 0.38983050847457623 94 1 4 11 0.0012263597901962216]
[0.0006298016333097749 'Spatial' 0.13083265480196785 0.6593299220815374
 0.1694915254237288 94 1 4 12 0.0006298016333097749]
[0.0006298016333097749 'Spatial' 0.13083265480196785 0.6593299220815374
 0.1694915254237288 94 1 4 13 0.0006298016333097749]
[0.0006298016333097749 'Spatial' 0.13083265480196785 0.6593299220815374
 0.1694915254237288 94 1 4 14 0.0006298016333097749]
[0.0006298016333097749 'Spatial' 0.13083265480196785 0.6593299220815374
 0.1694915254237288 94 1 4 15 0.0006298016333097749]
[0.0006298016333097749 'Spatial' 0.13083265480196785 0.6593299220815374
 0.1694915254237288 94 1 4 16 0.0006298016333097749]
[0.0006298016333097749 'Spatial' 0.13083265480196785 0.6593299220815374
 0.1694915254237288 94 1 4 17 0.0006298016333097749]
[0.0006298016333097749 'Spatial' 0.13083265480196785 0.6593299220815374
 0.1694915254237288 94 1 4 18 0.0006298016333097749]
[0.0006298016333097749 'Spatial' 0.13083265480196785 0.6593299220815374
 0.1694915254237288 94 1 4 19 0.0006298016333097749]
[0.0 'Spatial' 0.13083265480196785 0.6593299220815374 0.0 94 1 5 0 0.0]
[3.9612695150022144 'Spatial' 0.13083265480196785 0.6593299220815374
 0.5932203389830508 94 1 5 1 3.9612695150022144]
[3.4483868192368305 'Spatial' 0.13083265480196785 0.6593299220815374
 7.881355932203389 94 1 5 2 3.4483868192368305]
[3.91730106618455 'Spatial' 0.13083265480196785 0.6593299220815374
 10.169491525423728 94 1 5 3 3.91730106618455]
[1.0153273011463229 'Spatial' 0.13083265480196785 0.6593299220815374
 1.6779661016949152 94 1 5 4 1.0153273011463229]
[4.37450203491098 'Spatial' 0.13083265480196785 0.6593299220815374
 0.1694915254237288 94 1 5 5 4.37450203491098]
[4.0789631045891515 'Spatial' 0.13083265480196785 0.6593299220815374
 0.559322033898305 94 1 5 6 4.0789631045891515]
[1.2663738550962926 'Spatial' 0.13083265480196785 0.6593299220815374
 1.1694915254237288 94 1 5 7 1.2663738550962926]
[1.0824130254624929 'Spatial' 0.13083265480196785 0.6593299220815374
 2.4576271186440675 94 1 5 8 1.0824130254624929]
[1.6228985049637075 'Spatial' 0.13083265480196785 0.6593299220815374
 3.813559322033898 94 1 5 9 1.6228985049637075]
[0.22200680233247264 'Spatial' 0.13083265480196785 0.6593299220815374
 0.423728813559322 94 1 5 10 0.22200680233247264]
[0.0012263597901962216 'Spatial' 0.13083265480196785 0.6593299220815374
 0.38983050847457623 94 1 5 11 0.0012263597901962216]
[0.0006298016333097749 'Spatial' 0.13083265480196785 0.6593299220815374
 0.1694915254237288 94 1 5 12 0.0006298016333097749]
[0.0006298016333097749 'Spatial' 0.13083265480196785 0.6593299220815374
 0.1694915254237288 94 1 5 13 0.0006298016333097749]
[0.0006298016333097749 'Spatial' 0.13083265480196785 0.6593299220815374
 0.1694915254237288 94 1 5 14 0.0006298016333097749]
[0.0006298016333097749 'Spatial' 0.13083265480196785 0.6593299220815374
 0.1694915254237288 94 1 5 15 0.0006298016333097749]
[0.0006298016333097749 'Spatial' 0.13083265480196785 0.6593299220815374
 0.1694915254237288 94 1 5 16 0.0006298016333097749]
[0.0006298016333097749 'Spatial' 0.13083265480196785 0.6593299220815374
 0.1694915254237288 94 1 5 17 0.0006298016333097749]
[0.0006298016333097749 'Spatial' 0.13083265480196785 0.6593299220815374
 0.1694915254237288 94 1 5 18 0.0006298016333097749]
[0.0006298016333097749 'Spatial' 0.13083265480196785 0.6593299220815374
 0.1694915254237288 94 1 5 19 0.0006298016333097749]
[0.0 'Spatial' 0.13083265480196785 0.6593299220815374 0.0 94 1 6 0 0.0]
[3.9612695150022144 'Spatial' 0.13083265480196785 0.6593299220815374
 0.5932203389830508 94 1 6 1 3.9612695150022144]
[3.4483868192368305 'Spatial' 0.13083265480196785 0.6593299220815374
 7.881355932203389 94 1 6 2 3.4483868192368305]
[3.91730106618455 'Spatial' 0.13083265480196785 0.6593299220815374
 10.169491525423728 94 1 6 3 3.91730106618455]
[1.0153273011463229 'Spatial' 0.13083265480196785 0.6593299220815374
 1.6779661016949152 94 1 6 4 1.0153273011463229]
[4.37450203491098 'Spatial' 0.13083265480196785 0.6593299220815374
 0.1694915254237288 94 1 6 5 4.37450203491098]
[4.0789631045891515 'Spatial' 0.13083265480196785 0.6593299220815374
 0.559322033898305 94 1 6 6 4.0789631045891515]
[1.2663738550962926 'Spatial' 0.13083265480196785 0.6593299220815374
 1.1694915254237288 94 1 6 7 1.2663738550962926]
[1.0824130254624929 'Spatial' 0.13083265480196785 0.6593299220815374
 2.4576271186440675 94 1 6 8 1.0824130254624929]
[1.6228985049637075 'Spatial' 0.13083265480196785 0.6593299220815374
 3.813559322033898 94 1 6 9 1.6228985049637075]
[0.22200680233247264 'Spatial' 0.13083265480196785 0.6593299220815374
 0.423728813559322 94 1 6 10 0.22200680233247264]
[0.0012263597901962216 'Spatial' 0.13083265480196785 0.6593299220815374
 0.38983050847457623 94 1 6 11 0.0012263597901962216]
[0.0006298016333097749 'Spatial' 0.13083265480196785 0.6593299220815374
 0.1694915254237288 94 1 6 12 0.0006298016333097749]
[0.0006298016333097749 'Spatial' 0.13083265480196785 0.6593299220815374
 0.1694915254237288 94 1 6 13 0.0006298016333097749]
[0.0006298016333097749 'Spatial' 0.13083265480196785 0.6593299220815374
 0.1694915254237288 94 1 6 14 0.0006298016333097749]
[0.0006298016333097749 'Spatial' 0.13083265480196785 0.6593299220815374
 0.1694915254237288 94 1 6 15 0.0006298016333097749]
[0.0006298016333097749 'Spatial' 0.13083265480196785 0.6593299220815374
 0.1694915254237288 94 1 6 16 0.0006298016333097749]
[0.0006298016333097749 'Spatial' 0.13083265480196785 0.6593299220815374
 0.1694915254237288 94 1 6 17 0.0006298016333097749]
[0.0006298016333097749 'Spatial' 0.13083265480196785 0.6593299220815374
 0.1694915254237288 94 1 6 18 0.0006298016333097749]
[0.0006298016333097749 'Spatial' 0.13083265480196785 0.6593299220815374
 0.1694915254237288 94 1 6 19 0.0006298016333097749]
[0.0 'Spatial' 0.13083265480196785 0.6593299220815374 0.0 94 1 7 0 0.0]
[3.9612695150022144 'Spatial' 0.13083265480196785 0.6593299220815374
 0.5932203389830508 94 1 7 1 3.9612695150022144]
[3.4483868192368305 'Spatial' 0.13083265480196785 0.6593299220815374
 7.881355932203389 94 1 7 2 3.4483868192368305]
[3.91730106618455 'Spatial' 0.13083265480196785 0.6593299220815374
 10.169491525423728 94 1 7 3 3.91730106618455]
[1.0153273011463229 'Spatial' 0.13083265480196785 0.6593299220815374
 1.6779661016949152 94 1 7 4 1.0153273011463229]
[4.37450203491098 'Spatial' 0.13083265480196785 0.6593299220815374
 0.1694915254237288 94 1 7 5 4.37450203491098]
[4.0789631045891515 'Spatial' 0.13083265480196785 0.6593299220815374
 0.559322033898305 94 1 7 6 4.0789631045891515]
[1.2663738550962926 'Spatial' 0.13083265480196785 0.6593299220815374
 1.1694915254237288 94 1 7 7 1.2663738550962926]
[1.0824130254624929 'Spatial' 0.13083265480196785 0.6593299220815374
 2.4576271186440675 94 1 7 8 1.0824130254624929]
[1.6228985049637075 'Spatial' 0.13083265480196785 0.6593299220815374
 3.813559322033898 94 1 7 9 1.6228985049637075]
[0.22200680233247264 'Spatial' 0.13083265480196785 0.6593299220815374
 0.423728813559322 94 1 7 10 0.22200680233247264]
[0.0012263597901962216 'Spatial' 0.13083265480196785 0.6593299220815374
 0.38983050847457623 94 1 7 11 0.0012263597901962216]
[0.0006298016333097749 'Spatial' 0.13083265480196785 0.6593299220815374
 0.1694915254237288 94 1 7 12 0.0006298016333097749]
[0.0006298016333097749 'Spatial' 0.13083265480196785 0.6593299220815374
 0.1694915254237288 94 1 7 13 0.0006298016333097749]
[0.0006298016333097749 'Spatial' 0.13083265480196785 0.6593299220815374
 0.1694915254237288 94 1 7 14 0.0006298016333097749]
[0.0006298016333097749 'Spatial' 0.13083265480196785 0.6593299220815374
 0.1694915254237288 94 1 7 15 0.0006298016333097749]
[0.0006298016333097749 'Spatial' 0.13083265480196785 0.6593299220815374
 0.1694915254237288 94 1 7 16 0.0006298016333097749]
[0.0006298016333097749 'Spatial' 0.13083265480196785 0.6593299220815374
 0.1694915254237288 94 1 7 17 0.0006298016333097749]
[0.0006298016333097749 'Spatial' 0.13083265480196785 0.6593299220815374
 0.1694915254237288 94 1 7 18 0.0006298016333097749]
[0.0006298016333097749 'Spatial' 0.13083265480196785 0.6593299220815374
 0.1694915254237288 94 1 7 19 0.0006298016333097749]
[0.0 'Spatial' 0.13083265480196785 0.6593299220815374 0.0 94 1 8 0 0.0]
[3.9612695150022144 'Spatial' 0.13083265480196785 0.6593299220815374
 0.5932203389830508 94 1 8 1 3.9612695150022144]
[3.4483868192368305 'Spatial' 0.13083265480196785 0.6593299220815374
 7.881355932203389 94 1 8 2 3.4483868192368305]
[3.91730106618455 'Spatial' 0.13083265480196785 0.6593299220815374
 10.169491525423728 94 1 8 3 3.91730106618455]
[1.0153273011463229 'Spatial' 0.13083265480196785 0.6593299220815374
 1.6779661016949152 94 1 8 4 1.0153273011463229]
[4.37450203491098 'Spatial' 0.13083265480196785 0.6593299220815374
 0.1694915254237288 94 1 8 5 4.37450203491098]
[4.0789631045891515 'Spatial' 0.13083265480196785 0.6593299220815374
 0.559322033898305 94 1 8 6 4.0789631045891515]
[1.2663738550962926 'Spatial' 0.13083265480196785 0.6593299220815374
 1.1694915254237288 94 1 8 7 1.2663738550962926]
[1.0824130254624929 'Spatial' 0.13083265480196785 0.6593299220815374
 2.4576271186440675 94 1 8 8 1.0824130254624929]
[1.6228985049637075 'Spatial' 0.13083265480196785 0.6593299220815374
 3.813559322033898 94 1 8 9 1.6228985049637075]
[0.22200680233247264 'Spatial' 0.13083265480196785 0.6593299220815374
 0.423728813559322 94 1 8 10 0.22200680233247264]
[0.0012263597901962216 'Spatial' 0.13083265480196785 0.6593299220815374
 0.38983050847457623 94 1 8 11 0.0012263597901962216]
[0.0006298016333097749 'Spatial' 0.13083265480196785 0.6593299220815374
 0.1694915254237288 94 1 8 12 0.0006298016333097749]
[0.0006298016333097749 'Spatial' 0.13083265480196785 0.6593299220815374
 0.1694915254237288 94 1 8 13 0.0006298016333097749]
[0.0006298016333097749 'Spatial' 0.13083265480196785 0.6593299220815374
 0.1694915254237288 94 1 8 14 0.0006298016333097749]
[0.0006298016333097749 'Spatial' 0.13083265480196785 0.6593299220815374
 0.1694915254237288 94 1 8 15 0.0006298016333097749]
[0.0006298016333097749 'Spatial' 0.13083265480196785 0.6593299220815374
 0.1694915254237288 94 1 8 16 0.0006298016333097749]
[0.0006298016333097749 'Spatial' 0.13083265480196785 0.6593299220815374
 0.1694915254237288 94 1 8 17 0.0006298016333097749]
[0.0006298016333097749 'Spatial' 0.13083265480196785 0.6593299220815374
 0.1694915254237288 94 1 8 18 0.0006298016333097749]
[0.0006298016333097749 'Spatial' 0.13083265480196785 0.6593299220815374
 0.1694915254237288 94 1 8 19 0.0006298016333097749]
