[0.0 'Spatial' 0.08457864886177618 0.664135188423212 0.0 8 4 0 0 0.0]
[4.143140912874842 'Spatial' 0.08457864886177618 0.664135188423212
 0.1694915254237288 8 4 0 1 4.143140912874842]
[3.4504825092216422 'Spatial' 0.08457864886177618 0.664135188423212
 6.949152542372881 8 4 0 2 3.4504825092216422]
[3.4974021628283682 'Spatial' 0.08457864886177618 0.664135188423212
 6.59322033898305 8 4 0 3 3.4974021628283682]
[3.8222010026707065 'Spatial' 0.08457864886177618 0.664135188423212
 1.1694915254237288 8 4 0 4 3.8222010026707065]
[3.96264957645573 'Spatial' 0.08457864886177618 0.664135188423212
 1.0677966101694913 8 4 0 5 3.96264957645573]
[2.9622083826980337 'Spatial' 0.08457864886177618 0.664135188423212
 0.847457627118644 8 4 0 6 2.9622083826980337]
[1.8363429145745598 'Spatial' 0.08457864886177618 0.664135188423212
 3.2033898305084745 8 4 0 7 1.8363429145745598]
[4.027977336383897 'Spatial' 0.08457864886177618 0.664135188423212
 0.1694915254237288 8 4 0 8 4.027977336383897]
[3.0159069797555897 'Spatial' 0.08457864886177618 0.664135188423212
 6.610169491525424 8 4 0 9 3.0159069797555897]
[3.992812216433592 'Spatial' 0.08457864886177618 0.664135188423212
 0.1694915254237288 8 4 0 10 3.992812216433592]
[3.9741994850239015 'Spatial' 0.08457864886177618 0.664135188423212
 0.1694915254237288 8 4 0 11 3.9741994850239015]
[3.784851823650875 'Spatial' 0.08457864886177618 0.664135188423212
 10.169491525423728 8 4 0 12 3.784851823650875]
[1.9081368764688649 'Spatial' 0.08457864886177618 0.664135188423212
 4.288135593220338 8 4 0 13 1.9081368764688649]
[0.12327891982159893 'Spatial' 0.08457864886177618 0.664135188423212
 1.0677966101694913 8 4 0 14 0.12327891982159893]
[2.203974120782473 'Spatial' 0.08457864886177618 0.664135188423212
 5.508474576271186 8 4 0 15 2.203974120782473]
[0.008799554019109862 'Spatial' 0.08457864886177618 0.664135188423212
 1.2372881355932202 8 4 0 16 0.008799554019109862]
[1.9778962401981308 'Spatial' 0.08457864886177618 0.664135188423212
 5.338983050847458 8 4 0 17 1.9778962401981308]
[4.4451036936378525 'Spatial' 0.08457864886177618 0.664135188423212
 10.169491525423728 8 4 0 18 4.4451036936378525]
[9.49128707752293 'Spatial' 0.08457864886177618 0.664135188423212
 10.169491525423728 8 4 0 19 9.49128707752293]
[0.0 'Spatial' 0.08457864886177618 0.664135188423212 0.0 8 4 1 0 0.0]
[4.143140912874842 'Spatial' 0.08457864886177618 0.664135188423212
 0.1694915254237288 8 4 1 1 4.143140912874842]
[3.4504825092216422 'Spatial' 0.08457864886177618 0.664135188423212
 6.949152542372881 8 4 1 2 3.4504825092216422]
[3.4974021628283682 'Spatial' 0.08457864886177618 0.664135188423212
 6.59322033898305 8 4 1 3 3.4974021628283682]
[3.8222010026707065 'Spatial' 0.08457864886177618 0.664135188423212
 1.1694915254237288 8 4 1 4 3.8222010026707065]
[3.96264957645573 'Spatial' 0.08457864886177618 0.664135188423212
 1.0677966101694913 8 4 1 5 3.96264957645573]
[2.9622083826980337 'Spatial' 0.08457864886177618 0.664135188423212
 0.847457627118644 8 4 1 6 2.9622083826980337]
[1.8363429145745598 'Spatial' 0.08457864886177618 0.664135188423212
 3.2033898305084745 8 4 1 7 1.8363429145745598]
[4.027977336383897 'Spatial' 0.08457864886177618 0.664135188423212
 0.1694915254237288 8 4 1 8 4.027977336383897]
[3.0159069797555897 'Spatial' 0.08457864886177618 0.664135188423212
 6.610169491525424 8 4 1 9 3.0159069797555897]
[3.992812216433592 'Spatial' 0.08457864886177618 0.664135188423212
 0.1694915254237288 8 4 1 10 3.992812216433592]
[3.9741994850239015 'Spatial' 0.08457864886177618 0.664135188423212
 0.1694915254237288 8 4 1 11 3.9741994850239015]
[3.784851823650875 'Spatial' 0.08457864886177618 0.664135188423212
 10.169491525423728 8 4 1 12 3.784851823650875]
[1.9081368764688649 'Spatial' 0.08457864886177618 0.664135188423212
 4.288135593220338 8 4 1 13 1.9081368764688649]
[0.12327891982159893 'Spatial' 0.08457864886177618 0.664135188423212
 1.0677966101694913 8 4 1 14 0.12327891982159893]
[2.203974120782473 'Spatial' 0.08457864886177618 0.664135188423212
 5.508474576271186 8 4 1 15 2.203974120782473]
[0.008799554019109862 'Spatial' 0.08457864886177618 0.664135188423212
 1.2372881355932202 8 4 1 16 0.008799554019109862]
[1.9778962401981308 'Spatial' 0.08457864886177618 0.664135188423212
 5.338983050847458 8 4 1 17 1.9778962401981308]
[4.4451036936378525 'Spatial' 0.08457864886177618 0.664135188423212
 10.169491525423728 8 4 1 18 4.4451036936378525]
[9.49128707752293 'Spatial' 0.08457864886177618 0.664135188423212
 10.169491525423728 8 4 1 19 9.49128707752293]
[0.0 'Spatial' 0.08457864886177618 0.664135188423212 0.0 8 4 2 0 0.0]
[4.143140912874842 'Spatial' 0.08457864886177618 0.664135188423212
 0.1694915254237288 8 4 2 1 4.143140912874842]
[3.4504825092216422 'Spatial' 0.08457864886177618 0.664135188423212
 6.949152542372881 8 4 2 2 3.4504825092216422]
[3.4974021628283682 'Spatial' 0.08457864886177618 0.664135188423212
 6.59322033898305 8 4 2 3 3.4974021628283682]
[3.8222010026707065 'Spatial' 0.08457864886177618 0.664135188423212
 1.1694915254237288 8 4 2 4 3.8222010026707065]
[3.96264957645573 'Spatial' 0.08457864886177618 0.664135188423212
 1.0677966101694913 8 4 2 5 3.96264957645573]
[2.9622083826980337 'Spatial' 0.08457864886177618 0.664135188423212
 0.847457627118644 8 4 2 6 2.9622083826980337]
[1.8363429145745598 'Spatial' 0.08457864886177618 0.664135188423212
 3.2033898305084745 8 4 2 7 1.8363429145745598]
[4.027977336383897 'Spatial' 0.08457864886177618 0.664135188423212
 0.1694915254237288 8 4 2 8 4.027977336383897]
[3.0159069797555897 'Spatial' 0.08457864886177618 0.664135188423212
 6.610169491525424 8 4 2 9 3.0159069797555897]
[3.992812216433592 'Spatial' 0.08457864886177618 0.664135188423212
 0.1694915254237288 8 4 2 10 3.992812216433592]
[3.9741994850239015 'Spatial' 0.08457864886177618 0.664135188423212
 0.1694915254237288 8 4 2 11 3.9741994850239015]
[3.784851823650875 'Spatial' 0.08457864886177618 0.664135188423212
 10.169491525423728 8 4 2 12 3.784851823650875]
[1.9081368764688649 'Spatial' 0.08457864886177618 0.664135188423212
 4.288135593220338 8 4 2 13 1.9081368764688649]
[0.12327891982159893 'Spatial' 0.08457864886177618 0.664135188423212
 1.0677966101694913 8 4 2 14 0.12327891982159893]
[2.203974120782473 'Spatial' 0.08457864886177618 0.664135188423212
 5.508474576271186 8 4 2 15 2.203974120782473]
[0.008799554019109862 'Spatial' 0.08457864886177618 0.664135188423212
 1.2372881355932202 8 4 2 16 0.008799554019109862]
[1.9778962401981308 'Spatial' 0.08457864886177618 0.664135188423212
 5.338983050847458 8 4 2 17 1.9778962401981308]
[4.4451036936378525 'Spatial' 0.08457864886177618 0.664135188423212
 10.169491525423728 8 4 2 18 4.4451036936378525]
[9.49128707752293 'Spatial' 0.08457864886177618 0.664135188423212
 10.169491525423728 8 4 2 19 9.49128707752293]
[0.0 'Spatial' 0.08457864886177618 0.664135188423212 0.0 8 4 3 0 0.0]
[4.143140912874842 'Spatial' 0.08457864886177618 0.664135188423212
 0.1694915254237288 8 4 3 1 4.143140912874842]
[3.4504825092216422 'Spatial' 0.08457864886177618 0.664135188423212
 6.949152542372881 8 4 3 2 3.4504825092216422]
[3.4974021628283682 'Spatial' 0.08457864886177618 0.664135188423212
 6.59322033898305 8 4 3 3 3.4974021628283682]
[3.8222010026707065 'Spatial' 0.08457864886177618 0.664135188423212
 1.1694915254237288 8 4 3 4 3.8222010026707065]
[3.96264957645573 'Spatial' 0.08457864886177618 0.664135188423212
 1.0677966101694913 8 4 3 5 3.96264957645573]
[2.9622083826980337 'Spatial' 0.08457864886177618 0.664135188423212
 0.847457627118644 8 4 3 6 2.9622083826980337]
[1.8363429145745598 'Spatial' 0.08457864886177618 0.664135188423212
 3.2033898305084745 8 4 3 7 1.8363429145745598]
[4.027977336383897 'Spatial' 0.08457864886177618 0.664135188423212
 0.1694915254237288 8 4 3 8 4.027977336383897]
[3.0159069797555897 'Spatial' 0.08457864886177618 0.664135188423212
 6.610169491525424 8 4 3 9 3.0159069797555897]
[3.992812216433592 'Spatial' 0.08457864886177618 0.664135188423212
 0.1694915254237288 8 4 3 10 3.992812216433592]
[3.9741994850239015 'Spatial' 0.08457864886177618 0.664135188423212
 0.1694915254237288 8 4 3 11 3.9741994850239015]
[3.784851823650875 'Spatial' 0.08457864886177618 0.664135188423212
 10.169491525423728 8 4 3 12 3.784851823650875]
[1.9081368764688649 'Spatial' 0.08457864886177618 0.664135188423212
 4.288135593220338 8 4 3 13 1.9081368764688649]
[0.12327891982159893 'Spatial' 0.08457864886177618 0.664135188423212
 1.0677966101694913 8 4 3 14 0.12327891982159893]
[2.203974120782473 'Spatial' 0.08457864886177618 0.664135188423212
 5.508474576271186 8 4 3 15 2.203974120782473]
[0.008799554019109862 'Spatial' 0.08457864886177618 0.664135188423212
 1.2372881355932202 8 4 3 16 0.008799554019109862]
[1.9778962401981308 'Spatial' 0.08457864886177618 0.664135188423212
 5.338983050847458 8 4 3 17 1.9778962401981308]
[4.4451036936378525 'Spatial' 0.08457864886177618 0.664135188423212
 10.169491525423728 8 4 3 18 4.4451036936378525]
[9.49128707752293 'Spatial' 0.08457864886177618 0.664135188423212
 10.169491525423728 8 4 3 19 9.49128707752293]
[0.0 'Spatial' 0.08457864886177618 0.664135188423212 0.0 8 4 5 0 0.0]
[4.143140912874842 'Spatial' 0.08457864886177618 0.664135188423212
 0.1694915254237288 8 4 5 1 4.143140912874842]
[3.4504825092216422 'Spatial' 0.08457864886177618 0.664135188423212
 6.949152542372881 8 4 5 2 3.4504825092216422]
[3.4974021628283682 'Spatial' 0.08457864886177618 0.664135188423212
 6.59322033898305 8 4 5 3 3.4974021628283682]
[3.8222010026707065 'Spatial' 0.08457864886177618 0.664135188423212
 1.1694915254237288 8 4 5 4 3.8222010026707065]
[3.96264957645573 'Spatial' 0.08457864886177618 0.664135188423212
 1.0677966101694913 8 4 5 5 3.96264957645573]
[2.9622083826980337 'Spatial' 0.08457864886177618 0.664135188423212
 0.847457627118644 8 4 5 6 2.9622083826980337]
[1.8363429145745598 'Spatial' 0.08457864886177618 0.664135188423212
 3.2033898305084745 8 4 5 7 1.8363429145745598]
[4.027977336383897 'Spatial' 0.08457864886177618 0.664135188423212
 0.1694915254237288 8 4 5 8 4.027977336383897]
[3.0159069797555897 'Spatial' 0.08457864886177618 0.664135188423212
 6.610169491525424 8 4 5 9 3.0159069797555897]
[3.992812216433592 'Spatial' 0.08457864886177618 0.664135188423212
 0.1694915254237288 8 4 5 10 3.992812216433592]
[3.9741994850239015 'Spatial' 0.08457864886177618 0.664135188423212
 0.1694915254237288 8 4 5 11 3.9741994850239015]
[3.784851823650875 'Spatial' 0.08457864886177618 0.664135188423212
 10.169491525423728 8 4 5 12 3.784851823650875]
[1.9081368764688649 'Spatial' 0.08457864886177618 0.664135188423212
 4.288135593220338 8 4 5 13 1.9081368764688649]
[0.12327891982159893 'Spatial' 0.08457864886177618 0.664135188423212
 1.0677966101694913 8 4 5 14 0.12327891982159893]
[2.203974120782473 'Spatial' 0.08457864886177618 0.664135188423212
 5.508474576271186 8 4 5 15 2.203974120782473]
[0.008799554019109862 'Spatial' 0.08457864886177618 0.664135188423212
 1.2372881355932202 8 4 5 16 0.008799554019109862]
[1.9778962401981308 'Spatial' 0.08457864886177618 0.664135188423212
 5.338983050847458 8 4 5 17 1.9778962401981308]
[4.4451036936378525 'Spatial' 0.08457864886177618 0.664135188423212
 10.169491525423728 8 4 5 18 4.4451036936378525]
[9.49128707752293 'Spatial' 0.08457864886177618 0.664135188423212
 10.169491525423728 8 4 5 19 9.49128707752293]
[0.0 'Spatial' 0.08457864886177618 0.664135188423212 0.0 8 4 6 0 0.0]
[4.143140912874842 'Spatial' 0.08457864886177618 0.664135188423212
 0.1694915254237288 8 4 6 1 4.143140912874842]
[3.4504825092216422 'Spatial' 0.08457864886177618 0.664135188423212
 6.949152542372881 8 4 6 2 3.4504825092216422]
[3.4974021628283682 'Spatial' 0.08457864886177618 0.664135188423212
 6.59322033898305 8 4 6 3 3.4974021628283682]
[3.8222010026707065 'Spatial' 0.08457864886177618 0.664135188423212
 1.1694915254237288 8 4 6 4 3.8222010026707065]
[3.96264957645573 'Spatial' 0.08457864886177618 0.664135188423212
 1.0677966101694913 8 4 6 5 3.96264957645573]
[2.9622083826980337 'Spatial' 0.08457864886177618 0.664135188423212
 0.847457627118644 8 4 6 6 2.9622083826980337]
[1.8363429145745598 'Spatial' 0.08457864886177618 0.664135188423212
 3.2033898305084745 8 4 6 7 1.8363429145745598]
[4.027977336383897 'Spatial' 0.08457864886177618 0.664135188423212
 0.1694915254237288 8 4 6 8 4.027977336383897]
[3.0159069797555897 'Spatial' 0.08457864886177618 0.664135188423212
 6.610169491525424 8 4 6 9 3.0159069797555897]
[3.992812216433592 'Spatial' 0.08457864886177618 0.664135188423212
 0.1694915254237288 8 4 6 10 3.992812216433592]
[3.9741994850239015 'Spatial' 0.08457864886177618 0.664135188423212
 0.1694915254237288 8 4 6 11 3.9741994850239015]
[3.784851823650875 'Spatial' 0.08457864886177618 0.664135188423212
 10.169491525423728 8 4 6 12 3.784851823650875]
[1.9081368764688649 'Spatial' 0.08457864886177618 0.664135188423212
 4.288135593220338 8 4 6 13 1.9081368764688649]
[0.12327891982159893 'Spatial' 0.08457864886177618 0.664135188423212
 1.0677966101694913 8 4 6 14 0.12327891982159893]
[2.203974120782473 'Spatial' 0.08457864886177618 0.664135188423212
 5.508474576271186 8 4 6 15 2.203974120782473]
[0.008799554019109862 'Spatial' 0.08457864886177618 0.664135188423212
 1.2372881355932202 8 4 6 16 0.008799554019109862]
[1.9778962401981308 'Spatial' 0.08457864886177618 0.664135188423212
 5.338983050847458 8 4 6 17 1.9778962401981308]
[4.4451036936378525 'Spatial' 0.08457864886177618 0.664135188423212
 10.169491525423728 8 4 6 18 4.4451036936378525]
[9.49128707752293 'Spatial' 0.08457864886177618 0.664135188423212
 10.169491525423728 8 4 6 19 9.49128707752293]
[0.0 'Spatial' 0.08457864886177618 0.664135188423212 0.0 8 4 7 0 0.0]
[4.143140912874842 'Spatial' 0.08457864886177618 0.664135188423212
 0.1694915254237288 8 4 7 1 4.143140912874842]
[3.4504825092216422 'Spatial' 0.08457864886177618 0.664135188423212
 6.949152542372881 8 4 7 2 3.4504825092216422]
[3.4974021628283682 'Spatial' 0.08457864886177618 0.664135188423212
 6.59322033898305 8 4 7 3 3.4974021628283682]
[3.8222010026707065 'Spatial' 0.08457864886177618 0.664135188423212
 1.1694915254237288 8 4 7 4 3.8222010026707065]
[3.96264957645573 'Spatial' 0.08457864886177618 0.664135188423212
 1.0677966101694913 8 4 7 5 3.96264957645573]
[2.9622083826980337 'Spatial' 0.08457864886177618 0.664135188423212
 0.847457627118644 8 4 7 6 2.9622083826980337]
[1.8363429145745598 'Spatial' 0.08457864886177618 0.664135188423212
 3.2033898305084745 8 4 7 7 1.8363429145745598]
[4.027977336383897 'Spatial' 0.08457864886177618 0.664135188423212
 0.1694915254237288 8 4 7 8 4.027977336383897]
[3.0159069797555897 'Spatial' 0.08457864886177618 0.664135188423212
 6.610169491525424 8 4 7 9 3.0159069797555897]
[3.992812216433592 'Spatial' 0.08457864886177618 0.664135188423212
 0.1694915254237288 8 4 7 10 3.992812216433592]
[3.9741994850239015 'Spatial' 0.08457864886177618 0.664135188423212
 0.1694915254237288 8 4 7 11 3.9741994850239015]
[3.784851823650875 'Spatial' 0.08457864886177618 0.664135188423212
 10.169491525423728 8 4 7 12 3.784851823650875]
[1.9081368764688649 'Spatial' 0.08457864886177618 0.664135188423212
 4.288135593220338 8 4 7 13 1.9081368764688649]
[0.12327891982159893 'Spatial' 0.08457864886177618 0.664135188423212
 1.0677966101694913 8 4 7 14 0.12327891982159893]
[2.203974120782473 'Spatial' 0.08457864886177618 0.664135188423212
 5.508474576271186 8 4 7 15 2.203974120782473]
[0.008799554019109862 'Spatial' 0.08457864886177618 0.664135188423212
 1.2372881355932202 8 4 7 16 0.008799554019109862]
[1.9778962401981308 'Spatial' 0.08457864886177618 0.664135188423212
 5.338983050847458 8 4 7 17 1.9778962401981308]
[4.4451036936378525 'Spatial' 0.08457864886177618 0.664135188423212
 10.169491525423728 8 4 7 18 4.4451036936378525]
[9.49128707752293 'Spatial' 0.08457864886177618 0.664135188423212
 10.169491525423728 8 4 7 19 9.49128707752293]
[0.0 'Spatial' 0.08457864886177618 0.664135188423212 0.0 8 4 8 0 0.0]
[4.143140912874842 'Spatial' 0.08457864886177618 0.664135188423212
 0.1694915254237288 8 4 8 1 4.143140912874842]
[3.4504825092216422 'Spatial' 0.08457864886177618 0.664135188423212
 6.949152542372881 8 4 8 2 3.4504825092216422]
[3.4974021628283682 'Spatial' 0.08457864886177618 0.664135188423212
 6.59322033898305 8 4 8 3 3.4974021628283682]
[3.8222010026707065 'Spatial' 0.08457864886177618 0.664135188423212
 1.1694915254237288 8 4 8 4 3.8222010026707065]
[3.96264957645573 'Spatial' 0.08457864886177618 0.664135188423212
 1.0677966101694913 8 4 8 5 3.96264957645573]
[2.9622083826980337 'Spatial' 0.08457864886177618 0.664135188423212
 0.847457627118644 8 4 8 6 2.9622083826980337]
[1.8363429145745598 'Spatial' 0.08457864886177618 0.664135188423212
 3.2033898305084745 8 4 8 7 1.8363429145745598]
[4.027977336383897 'Spatial' 0.08457864886177618 0.664135188423212
 0.1694915254237288 8 4 8 8 4.027977336383897]
[3.0159069797555897 'Spatial' 0.08457864886177618 0.664135188423212
 6.610169491525424 8 4 8 9 3.0159069797555897]
[3.992812216433592 'Spatial' 0.08457864886177618 0.664135188423212
 0.1694915254237288 8 4 8 10 3.992812216433592]
[3.9741994850239015 'Spatial' 0.08457864886177618 0.664135188423212
 0.1694915254237288 8 4 8 11 3.9741994850239015]
[3.784851823650875 'Spatial' 0.08457864886177618 0.664135188423212
 10.169491525423728 8 4 8 12 3.784851823650875]
[1.9081368764688649 'Spatial' 0.08457864886177618 0.664135188423212
 4.288135593220338 8 4 8 13 1.9081368764688649]
[0.12327891982159893 'Spatial' 0.08457864886177618 0.664135188423212
 1.0677966101694913 8 4 8 14 0.12327891982159893]
[2.203974120782473 'Spatial' 0.08457864886177618 0.664135188423212
 5.508474576271186 8 4 8 15 2.203974120782473]
[0.008799554019109862 'Spatial' 0.08457864886177618 0.664135188423212
 1.2372881355932202 8 4 8 16 0.008799554019109862]
[1.9778962401981308 'Spatial' 0.08457864886177618 0.664135188423212
 5.338983050847458 8 4 8 17 1.9778962401981308]
[4.4451036936378525 'Spatial' 0.08457864886177618 0.664135188423212
 10.169491525423728 8 4 8 18 4.4451036936378525]
[9.49128707752293 'Spatial' 0.08457864886177618 0.664135188423212
 10.169491525423728 8 4 8 19 9.49128707752293]
