[0.0 'Conceptual' 0.08731027659528302 0.05814904101200759 0.0 74 0 1 0 0.0]
[4.117667552096246 'Conceptual' 0.08731027659528302 0.05814904101200759
 4.288135593220338 74 0 1 1 4.117667552096246]
[3.9596297321356957 'Conceptual' 0.08731027659528302 0.05814904101200759
 2.0338983050847457 74 0 1 2 3.9596297321356957]
[4.050472348191978 'Conceptual' 0.08731027659528302 0.05814904101200759
 2.0338983050847457 74 0 1 3 4.050472348191978]
[3.79273144403465 'Conceptual' 0.08731027659528302 0.05814904101200759
 3.101694915254237 74 0 1 4 3.79273144403465]
[3.7611648676907485 'Conceptual' 0.08731027659528302 0.05814904101200759
 3.389830508474576 74 0 1 5 3.7611648676907485]
[3.0544927685518655 'Conceptual' 0.08731027659528302 0.05814904101200759
 2.3559322033898304 74 0 1 6 3.0544927685518655]
[2.695700503706425 'Conceptual' 0.08731027659528302 0.05814904101200759
 2.3728813559322033 74 0 1 7 2.695700503706425]
[3.915859174423249 'Conceptual' 0.08731027659528302 0.05814904101200759
 6.084745762711864 74 0 1 8 3.915859174423249]
[2.576507859617076 'Conceptual' 0.08731027659528302 0.05814904101200759
 2.0338983050847457 74 0 1 9 2.576507859617076]
[2.9789845408420588 'Conceptual' 0.08731027659528302 0.05814904101200759
 2.4576271186440675 74 0 1 10 2.9789845408420588]
[1.7267834434697196 'Conceptual' 0.08731027659528302 0.05814904101200759
 0.6779661016949152 74 0 1 11 1.7267834434697196]
[1.4297172919223822 'Conceptual' 0.08731027659528302 0.05814904101200759
 1.3389830508474576 74 0 1 12 1.4297172919223822]
[3.059513094257672 'Conceptual' 0.08731027659528302 0.05814904101200759
 1.3389830508474576 74 0 1 13 3.059513094257672]
[0.12700960757784963 'Conceptual' 0.08731027659528302 0.05814904101200759
 0.559322033898305 74 0 1 14 0.12700960757784963]
[4.599260685159292 'Conceptual' 0.08731027659528302 0.05814904101200759
 10.169491525423728 74 0 1 15 4.599260685159292]
[0.005318950597047212 'Conceptual' 0.08731027659528302 0.05814904101200759
 0.45762711864406774 74 0 1 16 0.005318950597047212]
[1.1821482901283493 'Conceptual' 0.08731027659528302 0.05814904101200759
 1.694915254237288 74 0 1 17 1.1821482901283493]
[0.0006298016333102192 'Conceptual' 0.08731027659528302
 0.05814904101200759 0.1694915254237288 74 0 1 18 0.0006298016333102192]
[0.0006298016333102192 'Conceptual' 0.08731027659528302
 0.05814904101200759 0.1694915254237288 74 0 1 19 0.0006298016333102192]
[0.0 'Conceptual' 0.08731027659528302 0.05814904101200759 0.0 74 0 2 0 0.0]
[4.117667552096246 'Conceptual' 0.08731027659528302 0.05814904101200759
 4.288135593220338 74 0 2 1 4.117667552096246]
[3.9596297321356957 'Conceptual' 0.08731027659528302 0.05814904101200759
 2.0338983050847457 74 0 2 2 3.9596297321356957]
[4.050472348191978 'Conceptual' 0.08731027659528302 0.05814904101200759
 2.0338983050847457 74 0 2 3 4.050472348191978]
[3.79273144403465 'Conceptual' 0.08731027659528302 0.05814904101200759
 3.101694915254237 74 0 2 4 3.79273144403465]
[3.7611648676907485 'Conceptual' 0.08731027659528302 0.05814904101200759
 3.389830508474576 74 0 2 5 3.7611648676907485]
[3.0544927685518655 'Conceptual' 0.08731027659528302 0.05814904101200759
 2.3559322033898304 74 0 2 6 3.0544927685518655]
[2.695700503706425 'Conceptual' 0.08731027659528302 0.05814904101200759
 2.3728813559322033 74 0 2 7 2.695700503706425]
[3.915859174423249 'Conceptual' 0.08731027659528302 0.05814904101200759
 6.084745762711864 74 0 2 8 3.915859174423249]
[2.576507859617076 'Conceptual' 0.08731027659528302 0.05814904101200759
 2.0338983050847457 74 0 2 9 2.576507859617076]
[2.9789845408420588 'Conceptual' 0.08731027659528302 0.05814904101200759
 2.4576271186440675 74 0 2 10 2.9789845408420588]
[1.7267834434697196 'Conceptual' 0.08731027659528302 0.05814904101200759
 0.6779661016949152 74 0 2 11 1.7267834434697196]
[1.4297172919223822 'Conceptual' 0.08731027659528302 0.05814904101200759
 1.3389830508474576 74 0 2 12 1.4297172919223822]
[3.059513094257672 'Conceptual' 0.08731027659528302 0.05814904101200759
 1.3389830508474576 74 0 2 13 3.059513094257672]
[0.12700960757784963 'Conceptual' 0.08731027659528302 0.05814904101200759
 0.559322033898305 74 0 2 14 0.12700960757784963]
[4.599260685159292 'Conceptual' 0.08731027659528302 0.05814904101200759
 10.169491525423728 74 0 2 15 4.599260685159292]
[0.005318950597047212 'Conceptual' 0.08731027659528302 0.05814904101200759
 0.45762711864406774 74 0 2 16 0.005318950597047212]
[1.1821482901283493 'Conceptual' 0.08731027659528302 0.05814904101200759
 1.694915254237288 74 0 2 17 1.1821482901283493]
[0.0006298016333102192 'Conceptual' 0.08731027659528302
 0.05814904101200759 0.1694915254237288 74 0 2 18 0.0006298016333102192]
[0.0006298016333102192 'Conceptual' 0.08731027659528302
 0.05814904101200759 0.1694915254237288 74 0 2 19 0.0006298016333102192]
[0.0 'Conceptual' 0.08731027659528302 0.05814904101200759 0.0 74 0 3 0 0.0]
[4.117667552096246 'Conceptual' 0.08731027659528302 0.05814904101200759
 4.288135593220338 74 0 3 1 4.117667552096246]
[3.9596297321356957 'Conceptual' 0.08731027659528302 0.05814904101200759
 2.0338983050847457 74 0 3 2 3.9596297321356957]
[4.050472348191978 'Conceptual' 0.08731027659528302 0.05814904101200759
 2.0338983050847457 74 0 3 3 4.050472348191978]
[3.79273144403465 'Conceptual' 0.08731027659528302 0.05814904101200759
 3.101694915254237 74 0 3 4 3.79273144403465]
[3.7611648676907485 'Conceptual' 0.08731027659528302 0.05814904101200759
 3.389830508474576 74 0 3 5 3.7611648676907485]
[3.0544927685518655 'Conceptual' 0.08731027659528302 0.05814904101200759
 2.3559322033898304 74 0 3 6 3.0544927685518655]
[2.695700503706425 'Conceptual' 0.08731027659528302 0.05814904101200759
 2.3728813559322033 74 0 3 7 2.695700503706425]
[3.915859174423249 'Conceptual' 0.08731027659528302 0.05814904101200759
 6.084745762711864 74 0 3 8 3.915859174423249]
[2.576507859617076 'Conceptual' 0.08731027659528302 0.05814904101200759
 2.0338983050847457 74 0 3 9 2.576507859617076]
[2.9789845408420588 'Conceptual' 0.08731027659528302 0.05814904101200759
 2.4576271186440675 74 0 3 10 2.9789845408420588]
[1.7267834434697196 'Conceptual' 0.08731027659528302 0.05814904101200759
 0.6779661016949152 74 0 3 11 1.7267834434697196]
[1.4297172919223822 'Conceptual' 0.08731027659528302 0.05814904101200759
 1.3389830508474576 74 0 3 12 1.4297172919223822]
[3.059513094257672 'Conceptual' 0.08731027659528302 0.05814904101200759
 1.3389830508474576 74 0 3 13 3.059513094257672]
[0.12700960757784963 'Conceptual' 0.08731027659528302 0.05814904101200759
 0.559322033898305 74 0 3 14 0.12700960757784963]
[4.599260685159292 'Conceptual' 0.08731027659528302 0.05814904101200759
 10.169491525423728 74 0 3 15 4.599260685159292]
[0.005318950597047212 'Conceptual' 0.08731027659528302 0.05814904101200759
 0.45762711864406774 74 0 3 16 0.005318950597047212]
[1.1821482901283493 'Conceptual' 0.08731027659528302 0.05814904101200759
 1.694915254237288 74 0 3 17 1.1821482901283493]
[0.0006298016333102192 'Conceptual' 0.08731027659528302
 0.05814904101200759 0.1694915254237288 74 0 3 18 0.0006298016333102192]
[0.0006298016333102192 'Conceptual' 0.08731027659528302
 0.05814904101200759 0.1694915254237288 74 0 3 19 0.0006298016333102192]
[0.0 'Conceptual' 0.08731027659528302 0.05814904101200759 0.0 74 0 4 0 0.0]
[4.117667552096246 'Conceptual' 0.08731027659528302 0.05814904101200759
 4.288135593220338 74 0 4 1 4.117667552096246]
[3.9596297321356957 'Conceptual' 0.08731027659528302 0.05814904101200759
 2.0338983050847457 74 0 4 2 3.9596297321356957]
[4.050472348191978 'Conceptual' 0.08731027659528302 0.05814904101200759
 2.0338983050847457 74 0 4 3 4.050472348191978]
[3.79273144403465 'Conceptual' 0.08731027659528302 0.05814904101200759
 3.101694915254237 74 0 4 4 3.79273144403465]
[3.7611648676907485 'Conceptual' 0.08731027659528302 0.05814904101200759
 3.389830508474576 74 0 4 5 3.7611648676907485]
[3.0544927685518655 'Conceptual' 0.08731027659528302 0.05814904101200759
 2.3559322033898304 74 0 4 6 3.0544927685518655]
[2.695700503706425 'Conceptual' 0.08731027659528302 0.05814904101200759
 2.3728813559322033 74 0 4 7 2.695700503706425]
[3.915859174423249 'Conceptual' 0.08731027659528302 0.05814904101200759
 6.084745762711864 74 0 4 8 3.915859174423249]
[2.576507859617076 'Conceptual' 0.08731027659528302 0.05814904101200759
 2.0338983050847457 74 0 4 9 2.576507859617076]
[2.9789845408420588 'Conceptual' 0.08731027659528302 0.05814904101200759
 2.4576271186440675 74 0 4 10 2.9789845408420588]
[1.7267834434697196 'Conceptual' 0.08731027659528302 0.05814904101200759
 0.6779661016949152 74 0 4 11 1.7267834434697196]
[1.4297172919223822 'Conceptual' 0.08731027659528302 0.05814904101200759
 1.3389830508474576 74 0 4 12 1.4297172919223822]
[3.059513094257672 'Conceptual' 0.08731027659528302 0.05814904101200759
 1.3389830508474576 74 0 4 13 3.059513094257672]
[0.12700960757784963 'Conceptual' 0.08731027659528302 0.05814904101200759
 0.559322033898305 74 0 4 14 0.12700960757784963]
[4.599260685159292 'Conceptual' 0.08731027659528302 0.05814904101200759
 10.169491525423728 74 0 4 15 4.599260685159292]
[0.005318950597047212 'Conceptual' 0.08731027659528302 0.05814904101200759
 0.45762711864406774 74 0 4 16 0.005318950597047212]
[1.1821482901283493 'Conceptual' 0.08731027659528302 0.05814904101200759
 1.694915254237288 74 0 4 17 1.1821482901283493]
[0.0006298016333102192 'Conceptual' 0.08731027659528302
 0.05814904101200759 0.1694915254237288 74 0 4 18 0.0006298016333102192]
[0.0006298016333102192 'Conceptual' 0.08731027659528302
 0.05814904101200759 0.1694915254237288 74 0 4 19 0.0006298016333102192]
[0.0 'Conceptual' 0.08731027659528302 0.05814904101200759 0.0 74 0 5 0 0.0]
[4.117667552096246 'Conceptual' 0.08731027659528302 0.05814904101200759
 4.288135593220338 74 0 5 1 4.117667552096246]
[3.9596297321356957 'Conceptual' 0.08731027659528302 0.05814904101200759
 2.0338983050847457 74 0 5 2 3.9596297321356957]
[4.050472348191978 'Conceptual' 0.08731027659528302 0.05814904101200759
 2.0338983050847457 74 0 5 3 4.050472348191978]
[3.79273144403465 'Conceptual' 0.08731027659528302 0.05814904101200759
 3.101694915254237 74 0 5 4 3.79273144403465]
[3.7611648676907485 'Conceptual' 0.08731027659528302 0.05814904101200759
 3.389830508474576 74 0 5 5 3.7611648676907485]
[3.0544927685518655 'Conceptual' 0.08731027659528302 0.05814904101200759
 2.3559322033898304 74 0 5 6 3.0544927685518655]
[2.695700503706425 'Conceptual' 0.08731027659528302 0.05814904101200759
 2.3728813559322033 74 0 5 7 2.695700503706425]
[3.915859174423249 'Conceptual' 0.08731027659528302 0.05814904101200759
 6.084745762711864 74 0 5 8 3.915859174423249]
[2.576507859617076 'Conceptual' 0.08731027659528302 0.05814904101200759
 2.0338983050847457 74 0 5 9 2.576507859617076]
[2.9789845408420588 'Conceptual' 0.08731027659528302 0.05814904101200759
 2.4576271186440675 74 0 5 10 2.9789845408420588]
[1.7267834434697196 'Conceptual' 0.08731027659528302 0.05814904101200759
 0.6779661016949152 74 0 5 11 1.7267834434697196]
[1.4297172919223822 'Conceptual' 0.08731027659528302 0.05814904101200759
 1.3389830508474576 74 0 5 12 1.4297172919223822]
[3.059513094257672 'Conceptual' 0.08731027659528302 0.05814904101200759
 1.3389830508474576 74 0 5 13 3.059513094257672]
[0.12700960757784963 'Conceptual' 0.08731027659528302 0.05814904101200759
 0.559322033898305 74 0 5 14 0.12700960757784963]
[4.599260685159292 'Conceptual' 0.08731027659528302 0.05814904101200759
 10.169491525423728 74 0 5 15 4.599260685159292]
[0.005318950597047212 'Conceptual' 0.08731027659528302 0.05814904101200759
 0.45762711864406774 74 0 5 16 0.005318950597047212]
[1.1821482901283493 'Conceptual' 0.08731027659528302 0.05814904101200759
 1.694915254237288 74 0 5 17 1.1821482901283493]
[0.0006298016333102192 'Conceptual' 0.08731027659528302
 0.05814904101200759 0.1694915254237288 74 0 5 18 0.0006298016333102192]
[0.0006298016333102192 'Conceptual' 0.08731027659528302
 0.05814904101200759 0.1694915254237288 74 0 5 19 0.0006298016333102192]
[0.0 'Conceptual' 0.08731027659528302 0.05814904101200759 0.0 74 0 6 0 0.0]
[4.117667552096246 'Conceptual' 0.08731027659528302 0.05814904101200759
 4.288135593220338 74 0 6 1 4.117667552096246]
[3.9596297321356957 'Conceptual' 0.08731027659528302 0.05814904101200759
 2.0338983050847457 74 0 6 2 3.9596297321356957]
[4.050472348191978 'Conceptual' 0.08731027659528302 0.05814904101200759
 2.0338983050847457 74 0 6 3 4.050472348191978]
[3.79273144403465 'Conceptual' 0.08731027659528302 0.05814904101200759
 3.101694915254237 74 0 6 4 3.79273144403465]
[3.7611648676907485 'Conceptual' 0.08731027659528302 0.05814904101200759
 3.389830508474576 74 0 6 5 3.7611648676907485]
[3.0544927685518655 'Conceptual' 0.08731027659528302 0.05814904101200759
 2.3559322033898304 74 0 6 6 3.0544927685518655]
[2.695700503706425 'Conceptual' 0.08731027659528302 0.05814904101200759
 2.3728813559322033 74 0 6 7 2.695700503706425]
[3.915859174423249 'Conceptual' 0.08731027659528302 0.05814904101200759
 6.084745762711864 74 0 6 8 3.915859174423249]
[2.576507859617076 'Conceptual' 0.08731027659528302 0.05814904101200759
 2.0338983050847457 74 0 6 9 2.576507859617076]
[2.9789845408420588 'Conceptual' 0.08731027659528302 0.05814904101200759
 2.4576271186440675 74 0 6 10 2.9789845408420588]
[1.7267834434697196 'Conceptual' 0.08731027659528302 0.05814904101200759
 0.6779661016949152 74 0 6 11 1.7267834434697196]
[1.4297172919223822 'Conceptual' 0.08731027659528302 0.05814904101200759
 1.3389830508474576 74 0 6 12 1.4297172919223822]
[3.059513094257672 'Conceptual' 0.08731027659528302 0.05814904101200759
 1.3389830508474576 74 0 6 13 3.059513094257672]
[0.12700960757784963 'Conceptual' 0.08731027659528302 0.05814904101200759
 0.559322033898305 74 0 6 14 0.12700960757784963]
[4.599260685159292 'Conceptual' 0.08731027659528302 0.05814904101200759
 10.169491525423728 74 0 6 15 4.599260685159292]
[0.005318950597047212 'Conceptual' 0.08731027659528302 0.05814904101200759
 0.45762711864406774 74 0 6 16 0.005318950597047212]
[1.1821482901283493 'Conceptual' 0.08731027659528302 0.05814904101200759
 1.694915254237288 74 0 6 17 1.1821482901283493]
[0.0006298016333102192 'Conceptual' 0.08731027659528302
 0.05814904101200759 0.1694915254237288 74 0 6 18 0.0006298016333102192]
[0.0006298016333102192 'Conceptual' 0.08731027659528302
 0.05814904101200759 0.1694915254237288 74 0 6 19 0.0006298016333102192]
[0.0 'Conceptual' 0.08731027659528302 0.05814904101200759 0.0 74 0 7 0 0.0]
[4.117667552096246 'Conceptual' 0.08731027659528302 0.05814904101200759
 4.288135593220338 74 0 7 1 4.117667552096246]
[3.9596297321356957 'Conceptual' 0.08731027659528302 0.05814904101200759
 2.0338983050847457 74 0 7 2 3.9596297321356957]
[4.050472348191978 'Conceptual' 0.08731027659528302 0.05814904101200759
 2.0338983050847457 74 0 7 3 4.050472348191978]
[3.79273144403465 'Conceptual' 0.08731027659528302 0.05814904101200759
 3.101694915254237 74 0 7 4 3.79273144403465]
[3.7611648676907485 'Conceptual' 0.08731027659528302 0.05814904101200759
 3.389830508474576 74 0 7 5 3.7611648676907485]
[3.0544927685518655 'Conceptual' 0.08731027659528302 0.05814904101200759
 2.3559322033898304 74 0 7 6 3.0544927685518655]
[2.695700503706425 'Conceptual' 0.08731027659528302 0.05814904101200759
 2.3728813559322033 74 0 7 7 2.695700503706425]
[3.915859174423249 'Conceptual' 0.08731027659528302 0.05814904101200759
 6.084745762711864 74 0 7 8 3.915859174423249]
[2.576507859617076 'Conceptual' 0.08731027659528302 0.05814904101200759
 2.0338983050847457 74 0 7 9 2.576507859617076]
[2.9789845408420588 'Conceptual' 0.08731027659528302 0.05814904101200759
 2.4576271186440675 74 0 7 10 2.9789845408420588]
[1.7267834434697196 'Conceptual' 0.08731027659528302 0.05814904101200759
 0.6779661016949152 74 0 7 11 1.7267834434697196]
[1.4297172919223822 'Conceptual' 0.08731027659528302 0.05814904101200759
 1.3389830508474576 74 0 7 12 1.4297172919223822]
[3.059513094257672 'Conceptual' 0.08731027659528302 0.05814904101200759
 1.3389830508474576 74 0 7 13 3.059513094257672]
[0.12700960757784963 'Conceptual' 0.08731027659528302 0.05814904101200759
 0.559322033898305 74 0 7 14 0.12700960757784963]
[4.599260685159292 'Conceptual' 0.08731027659528302 0.05814904101200759
 10.169491525423728 74 0 7 15 4.599260685159292]
[0.005318950597047212 'Conceptual' 0.08731027659528302 0.05814904101200759
 0.45762711864406774 74 0 7 16 0.005318950597047212]
[1.1821482901283493 'Conceptual' 0.08731027659528302 0.05814904101200759
 1.694915254237288 74 0 7 17 1.1821482901283493]
[0.0006298016333102192 'Conceptual' 0.08731027659528302
 0.05814904101200759 0.1694915254237288 74 0 7 18 0.0006298016333102192]
[0.0006298016333102192 'Conceptual' 0.08731027659528302
 0.05814904101200759 0.1694915254237288 74 0 7 19 0.0006298016333102192]
[0.0 'Conceptual' 0.08731027659528302 0.05814904101200759 0.0 74 0 8 0 0.0]
[4.117667552096246 'Conceptual' 0.08731027659528302 0.05814904101200759
 4.288135593220338 74 0 8 1 4.117667552096246]
[3.9596297321356957 'Conceptual' 0.08731027659528302 0.05814904101200759
 2.0338983050847457 74 0 8 2 3.9596297321356957]
[4.050472348191978 'Conceptual' 0.08731027659528302 0.05814904101200759
 2.0338983050847457 74 0 8 3 4.050472348191978]
[3.79273144403465 'Conceptual' 0.08731027659528302 0.05814904101200759
 3.101694915254237 74 0 8 4 3.79273144403465]
[3.7611648676907485 'Conceptual' 0.08731027659528302 0.05814904101200759
 3.389830508474576 74 0 8 5 3.7611648676907485]
[3.0544927685518655 'Conceptual' 0.08731027659528302 0.05814904101200759
 2.3559322033898304 74 0 8 6 3.0544927685518655]
[2.695700503706425 'Conceptual' 0.08731027659528302 0.05814904101200759
 2.3728813559322033 74 0 8 7 2.695700503706425]
[3.915859174423249 'Conceptual' 0.08731027659528302 0.05814904101200759
 6.084745762711864 74 0 8 8 3.915859174423249]
[2.576507859617076 'Conceptual' 0.08731027659528302 0.05814904101200759
 2.0338983050847457 74 0 8 9 2.576507859617076]
[2.9789845408420588 'Conceptual' 0.08731027659528302 0.05814904101200759
 2.4576271186440675 74 0 8 10 2.9789845408420588]
[1.7267834434697196 'Conceptual' 0.08731027659528302 0.05814904101200759
 0.6779661016949152 74 0 8 11 1.7267834434697196]
[1.4297172919223822 'Conceptual' 0.08731027659528302 0.05814904101200759
 1.3389830508474576 74 0 8 12 1.4297172919223822]
[3.059513094257672 'Conceptual' 0.08731027659528302 0.05814904101200759
 1.3389830508474576 74 0 8 13 3.059513094257672]
[0.12700960757784963 'Conceptual' 0.08731027659528302 0.05814904101200759
 0.559322033898305 74 0 8 14 0.12700960757784963]
[4.599260685159292 'Conceptual' 0.08731027659528302 0.05814904101200759
 10.169491525423728 74 0 8 15 4.599260685159292]
[0.005318950597047212 'Conceptual' 0.08731027659528302 0.05814904101200759
 0.45762711864406774 74 0 8 16 0.005318950597047212]
[1.1821482901283493 'Conceptual' 0.08731027659528302 0.05814904101200759
 1.694915254237288 74 0 8 17 1.1821482901283493]
[0.0006298016333102192 'Conceptual' 0.08731027659528302
 0.05814904101200759 0.1694915254237288 74 0 8 18 0.0006298016333102192]
[0.0006298016333102192 'Conceptual' 0.08731027659528302
 0.05814904101200759 0.1694915254237288 74 0 8 19 0.0006298016333102192]
