[0.0 'Conceptual' 0.17388046572284369 1.3758693690314723 0.0 39 8 0 0 0.0]
[3.206212372672874 'Conceptual' 0.17388046572284369 1.3758693690314723
 5.915254237288135 39 8 0 1 3.206212372672874]
[4.043648770957277 'Conceptual' 0.17388046572284369 1.3758693690314723
 6.491525423728813 39 8 0 2 4.043648770957277]
[3.4608497613147216 'Conceptual' 0.17388046572284369 1.3758693690314723
 4.915254237288135 39 8 0 3 3.4608497613147216]
[3.959618105213301 'Conceptual' 0.17388046572284369 1.3758693690314723
 0.8305084745762711 39 8 0 4 3.959618105213301]
[1.8531474808572097 'Conceptual' 0.17388046572284369 1.3758693690314723
 3.3728813559322033 39 8 0 5 1.8531474808572097]
[1.7383073570754524 'Conceptual' 0.17388046572284369 1.3758693690314723
 2.932203389830508 39 8 0 6 1.7383073570754524]
[3.5752659872440034 'Conceptual' 0.17388046572284369 1.3758693690314723
 4.491525423728812 39 8 0 7 3.5752659872440034]
[1.658361297280398 'Conceptual' 0.17388046572284369 1.3758693690314723
 2.796610169491525 39 8 0 8 1.658361297280398]
[2.711621135251027 'Conceptual' 0.17388046572284369 1.3758693690314723
 3.4406779661016946 39 8 0 9 2.711621135251027]
[2.374328625704465 'Conceptual' 0.17388046572284369 1.3758693690314723
 3.644067796610169 39 8 0 10 2.374328625704465]
[3.864859564154424 'Conceptual' 0.17388046572284369 1.3758693690314723
 4.4576271186440675 39 8 0 11 3.864859564154424]
[2.6395962215103537 'Conceptual' 0.17388046572284369 1.3758693690314723
 2.7627118644067794 39 8 0 12 2.6395962215103537]
[1.403780786266103 'Conceptual' 0.17388046572284369 1.3758693690314723
 2.2881355932203387 39 8 0 13 1.403780786266103]
[1.3754055745829663 'Conceptual' 0.17388046572284369 1.3758693690314723
 2.423728813559322 39 8 0 14 1.3754055745829663]
[3.1601449120328007 'Conceptual' 0.17388046572284369 1.3758693690314723
 4.220338983050847 39 8 0 15 3.1601449120328007]
[2.753290071335137 'Conceptual' 0.17388046572284369 1.3758693690314723
 2.5932203389830506 39 8 0 16 2.753290071335137]
[2.865996177075834 'Conceptual' 0.17388046572284369 1.3758693690314723
 3.949152542372881 39 8 0 17 2.865996177075834]
[2.24816230074444 'Conceptual' 0.17388046572284369 1.3758693690314723
 3.4406779661016946 39 8 0 18 2.24816230074444]
[1.9909751268991103 'Conceptual' 0.17388046572284369 1.3758693690314723
 0.1694915254237288 39 8 0 19 1.9909751268991103]
[0.0 'Conceptual' 0.17388046572284369 1.3758693690314723 0.0 39 8 1 0 0.0]
[3.206212372672874 'Conceptual' 0.17388046572284369 1.3758693690314723
 5.915254237288135 39 8 1 1 3.206212372672874]
[4.043648770957277 'Conceptual' 0.17388046572284369 1.3758693690314723
 6.491525423728813 39 8 1 2 4.043648770957277]
[3.4608497613147216 'Conceptual' 0.17388046572284369 1.3758693690314723
 4.915254237288135 39 8 1 3 3.4608497613147216]
[3.959618105213301 'Conceptual' 0.17388046572284369 1.3758693690314723
 0.8305084745762711 39 8 1 4 3.959618105213301]
[1.8531474808572097 'Conceptual' 0.17388046572284369 1.3758693690314723
 3.3728813559322033 39 8 1 5 1.8531474808572097]
[1.7383073570754524 'Conceptual' 0.17388046572284369 1.3758693690314723
 2.932203389830508 39 8 1 6 1.7383073570754524]
[3.5752659872440034 'Conceptual' 0.17388046572284369 1.3758693690314723
 4.491525423728812 39 8 1 7 3.5752659872440034]
[1.658361297280398 'Conceptual' 0.17388046572284369 1.3758693690314723
 2.796610169491525 39 8 1 8 1.658361297280398]
[2.711621135251027 'Conceptual' 0.17388046572284369 1.3758693690314723
 3.4406779661016946 39 8 1 9 2.711621135251027]
[2.374328625704465 'Conceptual' 0.17388046572284369 1.3758693690314723
 3.644067796610169 39 8 1 10 2.374328625704465]
[3.864859564154424 'Conceptual' 0.17388046572284369 1.3758693690314723
 4.4576271186440675 39 8 1 11 3.864859564154424]
[2.6395962215103537 'Conceptual' 0.17388046572284369 1.3758693690314723
 2.7627118644067794 39 8 1 12 2.6395962215103537]
[1.403780786266103 'Conceptual' 0.17388046572284369 1.3758693690314723
 2.2881355932203387 39 8 1 13 1.403780786266103]
[1.3754055745829663 'Conceptual' 0.17388046572284369 1.3758693690314723
 2.423728813559322 39 8 1 14 1.3754055745829663]
[3.1601449120328007 'Conceptual' 0.17388046572284369 1.3758693690314723
 4.220338983050847 39 8 1 15 3.1601449120328007]
[2.753290071335137 'Conceptual' 0.17388046572284369 1.3758693690314723
 2.5932203389830506 39 8 1 16 2.753290071335137]
[2.865996177075834 'Conceptual' 0.17388046572284369 1.3758693690314723
 3.949152542372881 39 8 1 17 2.865996177075834]
[2.24816230074444 'Conceptual' 0.17388046572284369 1.3758693690314723
 3.4406779661016946 39 8 1 18 2.24816230074444]
[1.9909751268991103 'Conceptual' 0.17388046572284369 1.3758693690314723
 0.1694915254237288 39 8 1 19 1.9909751268991103]
[0.0 'Conceptual' 0.17388046572284369 1.3758693690314723 0.0 39 8 2 0 0.0]
[3.206212372672874 'Conceptual' 0.17388046572284369 1.3758693690314723
 5.915254237288135 39 8 2 1 3.206212372672874]
[4.043648770957277 'Conceptual' 0.17388046572284369 1.3758693690314723
 6.491525423728813 39 8 2 2 4.043648770957277]
[3.4608497613147216 'Conceptual' 0.17388046572284369 1.3758693690314723
 4.915254237288135 39 8 2 3 3.4608497613147216]
[3.959618105213301 'Conceptual' 0.17388046572284369 1.3758693690314723
 0.8305084745762711 39 8 2 4 3.959618105213301]
[1.8531474808572097 'Conceptual' 0.17388046572284369 1.3758693690314723
 3.3728813559322033 39 8 2 5 1.8531474808572097]
[1.7383073570754524 'Conceptual' 0.17388046572284369 1.3758693690314723
 2.932203389830508 39 8 2 6 1.7383073570754524]
[3.5752659872440034 'Conceptual' 0.17388046572284369 1.3758693690314723
 4.491525423728812 39 8 2 7 3.5752659872440034]
[1.658361297280398 'Conceptual' 0.17388046572284369 1.3758693690314723
 2.796610169491525 39 8 2 8 1.658361297280398]
[2.711621135251027 'Conceptual' 0.17388046572284369 1.3758693690314723
 3.4406779661016946 39 8 2 9 2.711621135251027]
[2.374328625704465 'Conceptual' 0.17388046572284369 1.3758693690314723
 3.644067796610169 39 8 2 10 2.374328625704465]
[3.864859564154424 'Conceptual' 0.17388046572284369 1.3758693690314723
 4.4576271186440675 39 8 2 11 3.864859564154424]
[2.6395962215103537 'Conceptual' 0.17388046572284369 1.3758693690314723
 2.7627118644067794 39 8 2 12 2.6395962215103537]
[1.403780786266103 'Conceptual' 0.17388046572284369 1.3758693690314723
 2.2881355932203387 39 8 2 13 1.403780786266103]
[1.3754055745829663 'Conceptual' 0.17388046572284369 1.3758693690314723
 2.423728813559322 39 8 2 14 1.3754055745829663]
[3.1601449120328007 'Conceptual' 0.17388046572284369 1.3758693690314723
 4.220338983050847 39 8 2 15 3.1601449120328007]
[2.753290071335137 'Conceptual' 0.17388046572284369 1.3758693690314723
 2.5932203389830506 39 8 2 16 2.753290071335137]
[2.865996177075834 'Conceptual' 0.17388046572284369 1.3758693690314723
 3.949152542372881 39 8 2 17 2.865996177075834]
[2.24816230074444 'Conceptual' 0.17388046572284369 1.3758693690314723
 3.4406779661016946 39 8 2 18 2.24816230074444]
[1.9909751268991103 'Conceptual' 0.17388046572284369 1.3758693690314723
 0.1694915254237288 39 8 2 19 1.9909751268991103]
[0.0 'Conceptual' 0.17388046572284369 1.3758693690314723 0.0 39 8 3 0 0.0]
[3.206212372672874 'Conceptual' 0.17388046572284369 1.3758693690314723
 5.915254237288135 39 8 3 1 3.206212372672874]
[4.043648770957277 'Conceptual' 0.17388046572284369 1.3758693690314723
 6.491525423728813 39 8 3 2 4.043648770957277]
[3.4608497613147216 'Conceptual' 0.17388046572284369 1.3758693690314723
 4.915254237288135 39 8 3 3 3.4608497613147216]
[3.959618105213301 'Conceptual' 0.17388046572284369 1.3758693690314723
 0.8305084745762711 39 8 3 4 3.959618105213301]
[1.8531474808572097 'Conceptual' 0.17388046572284369 1.3758693690314723
 3.3728813559322033 39 8 3 5 1.8531474808572097]
[1.7383073570754524 'Conceptual' 0.17388046572284369 1.3758693690314723
 2.932203389830508 39 8 3 6 1.7383073570754524]
[3.5752659872440034 'Conceptual' 0.17388046572284369 1.3758693690314723
 4.491525423728812 39 8 3 7 3.5752659872440034]
[1.658361297280398 'Conceptual' 0.17388046572284369 1.3758693690314723
 2.796610169491525 39 8 3 8 1.658361297280398]
[2.711621135251027 'Conceptual' 0.17388046572284369 1.3758693690314723
 3.4406779661016946 39 8 3 9 2.711621135251027]
[2.374328625704465 'Conceptual' 0.17388046572284369 1.3758693690314723
 3.644067796610169 39 8 3 10 2.374328625704465]
[3.864859564154424 'Conceptual' 0.17388046572284369 1.3758693690314723
 4.4576271186440675 39 8 3 11 3.864859564154424]
[2.6395962215103537 'Conceptual' 0.17388046572284369 1.3758693690314723
 2.7627118644067794 39 8 3 12 2.6395962215103537]
[1.403780786266103 'Conceptual' 0.17388046572284369 1.3758693690314723
 2.2881355932203387 39 8 3 13 1.403780786266103]
[1.3754055745829663 'Conceptual' 0.17388046572284369 1.3758693690314723
 2.423728813559322 39 8 3 14 1.3754055745829663]
[3.1601449120328007 'Conceptual' 0.17388046572284369 1.3758693690314723
 4.220338983050847 39 8 3 15 3.1601449120328007]
[2.753290071335137 'Conceptual' 0.17388046572284369 1.3758693690314723
 2.5932203389830506 39 8 3 16 2.753290071335137]
[2.865996177075834 'Conceptual' 0.17388046572284369 1.3758693690314723
 3.949152542372881 39 8 3 17 2.865996177075834]
[2.24816230074444 'Conceptual' 0.17388046572284369 1.3758693690314723
 3.4406779661016946 39 8 3 18 2.24816230074444]
[1.9909751268991103 'Conceptual' 0.17388046572284369 1.3758693690314723
 0.1694915254237288 39 8 3 19 1.9909751268991103]
[0.0 'Conceptual' 0.17388046572284369 1.3758693690314723 0.0 39 8 4 0 0.0]
[3.206212372672874 'Conceptual' 0.17388046572284369 1.3758693690314723
 5.915254237288135 39 8 4 1 3.206212372672874]
[4.043648770957277 'Conceptual' 0.17388046572284369 1.3758693690314723
 6.491525423728813 39 8 4 2 4.043648770957277]
[3.4608497613147216 'Conceptual' 0.17388046572284369 1.3758693690314723
 4.915254237288135 39 8 4 3 3.4608497613147216]
[3.959618105213301 'Conceptual' 0.17388046572284369 1.3758693690314723
 0.8305084745762711 39 8 4 4 3.959618105213301]
[1.8531474808572097 'Conceptual' 0.17388046572284369 1.3758693690314723
 3.3728813559322033 39 8 4 5 1.8531474808572097]
[1.7383073570754524 'Conceptual' 0.17388046572284369 1.3758693690314723
 2.932203389830508 39 8 4 6 1.7383073570754524]
[3.5752659872440034 'Conceptual' 0.17388046572284369 1.3758693690314723
 4.491525423728812 39 8 4 7 3.5752659872440034]
[1.658361297280398 'Conceptual' 0.17388046572284369 1.3758693690314723
 2.796610169491525 39 8 4 8 1.658361297280398]
[2.711621135251027 'Conceptual' 0.17388046572284369 1.3758693690314723
 3.4406779661016946 39 8 4 9 2.711621135251027]
[2.374328625704465 'Conceptual' 0.17388046572284369 1.3758693690314723
 3.644067796610169 39 8 4 10 2.374328625704465]
[3.864859564154424 'Conceptual' 0.17388046572284369 1.3758693690314723
 4.4576271186440675 39 8 4 11 3.864859564154424]
[2.6395962215103537 'Conceptual' 0.17388046572284369 1.3758693690314723
 2.7627118644067794 39 8 4 12 2.6395962215103537]
[1.403780786266103 'Conceptual' 0.17388046572284369 1.3758693690314723
 2.2881355932203387 39 8 4 13 1.403780786266103]
[1.3754055745829663 'Conceptual' 0.17388046572284369 1.3758693690314723
 2.423728813559322 39 8 4 14 1.3754055745829663]
[3.1601449120328007 'Conceptual' 0.17388046572284369 1.3758693690314723
 4.220338983050847 39 8 4 15 3.1601449120328007]
[2.753290071335137 'Conceptual' 0.17388046572284369 1.3758693690314723
 2.5932203389830506 39 8 4 16 2.753290071335137]
[2.865996177075834 'Conceptual' 0.17388046572284369 1.3758693690314723
 3.949152542372881 39 8 4 17 2.865996177075834]
[2.24816230074444 'Conceptual' 0.17388046572284369 1.3758693690314723
 3.4406779661016946 39 8 4 18 2.24816230074444]
[1.9909751268991103 'Conceptual' 0.17388046572284369 1.3758693690314723
 0.1694915254237288 39 8 4 19 1.9909751268991103]
[0.0 'Conceptual' 0.17388046572284369 1.3758693690314723 0.0 39 8 5 0 0.0]
[3.206212372672874 'Conceptual' 0.17388046572284369 1.3758693690314723
 5.915254237288135 39 8 5 1 3.206212372672874]
[4.043648770957277 'Conceptual' 0.17388046572284369 1.3758693690314723
 6.491525423728813 39 8 5 2 4.043648770957277]
[3.4608497613147216 'Conceptual' 0.17388046572284369 1.3758693690314723
 4.915254237288135 39 8 5 3 3.4608497613147216]
[3.959618105213301 'Conceptual' 0.17388046572284369 1.3758693690314723
 0.8305084745762711 39 8 5 4 3.959618105213301]
[1.8531474808572097 'Conceptual' 0.17388046572284369 1.3758693690314723
 3.3728813559322033 39 8 5 5 1.8531474808572097]
[1.7383073570754524 'Conceptual' 0.17388046572284369 1.3758693690314723
 2.932203389830508 39 8 5 6 1.7383073570754524]
[3.5752659872440034 'Conceptual' 0.17388046572284369 1.3758693690314723
 4.491525423728812 39 8 5 7 3.5752659872440034]
[1.658361297280398 'Conceptual' 0.17388046572284369 1.3758693690314723
 2.796610169491525 39 8 5 8 1.658361297280398]
[2.711621135251027 'Conceptual' 0.17388046572284369 1.3758693690314723
 3.4406779661016946 39 8 5 9 2.711621135251027]
[2.374328625704465 'Conceptual' 0.17388046572284369 1.3758693690314723
 3.644067796610169 39 8 5 10 2.374328625704465]
[3.864859564154424 'Conceptual' 0.17388046572284369 1.3758693690314723
 4.4576271186440675 39 8 5 11 3.864859564154424]
[2.6395962215103537 'Conceptual' 0.17388046572284369 1.3758693690314723
 2.7627118644067794 39 8 5 12 2.6395962215103537]
[1.403780786266103 'Conceptual' 0.17388046572284369 1.3758693690314723
 2.2881355932203387 39 8 5 13 1.403780786266103]
[1.3754055745829663 'Conceptual' 0.17388046572284369 1.3758693690314723
 2.423728813559322 39 8 5 14 1.3754055745829663]
[3.1601449120328007 'Conceptual' 0.17388046572284369 1.3758693690314723
 4.220338983050847 39 8 5 15 3.1601449120328007]
[2.753290071335137 'Conceptual' 0.17388046572284369 1.3758693690314723
 2.5932203389830506 39 8 5 16 2.753290071335137]
[2.865996177075834 'Conceptual' 0.17388046572284369 1.3758693690314723
 3.949152542372881 39 8 5 17 2.865996177075834]
[2.24816230074444 'Conceptual' 0.17388046572284369 1.3758693690314723
 3.4406779661016946 39 8 5 18 2.24816230074444]
[1.9909751268991103 'Conceptual' 0.17388046572284369 1.3758693690314723
 0.1694915254237288 39 8 5 19 1.9909751268991103]
[0.0 'Conceptual' 0.17388046572284369 1.3758693690314723 0.0 39 8 6 0 0.0]
[3.206212372672874 'Conceptual' 0.17388046572284369 1.3758693690314723
 5.915254237288135 39 8 6 1 3.206212372672874]
[4.043648770957277 'Conceptual' 0.17388046572284369 1.3758693690314723
 6.491525423728813 39 8 6 2 4.043648770957277]
[3.4608497613147216 'Conceptual' 0.17388046572284369 1.3758693690314723
 4.915254237288135 39 8 6 3 3.4608497613147216]
[3.959618105213301 'Conceptual' 0.17388046572284369 1.3758693690314723
 0.8305084745762711 39 8 6 4 3.959618105213301]
[1.8531474808572097 'Conceptual' 0.17388046572284369 1.3758693690314723
 3.3728813559322033 39 8 6 5 1.8531474808572097]
[1.7383073570754524 'Conceptual' 0.17388046572284369 1.3758693690314723
 2.932203389830508 39 8 6 6 1.7383073570754524]
[3.5752659872440034 'Conceptual' 0.17388046572284369 1.3758693690314723
 4.491525423728812 39 8 6 7 3.5752659872440034]
[1.658361297280398 'Conceptual' 0.17388046572284369 1.3758693690314723
 2.796610169491525 39 8 6 8 1.658361297280398]
[2.711621135251027 'Conceptual' 0.17388046572284369 1.3758693690314723
 3.4406779661016946 39 8 6 9 2.711621135251027]
[2.374328625704465 'Conceptual' 0.17388046572284369 1.3758693690314723
 3.644067796610169 39 8 6 10 2.374328625704465]
[3.864859564154424 'Conceptual' 0.17388046572284369 1.3758693690314723
 4.4576271186440675 39 8 6 11 3.864859564154424]
[2.6395962215103537 'Conceptual' 0.17388046572284369 1.3758693690314723
 2.7627118644067794 39 8 6 12 2.6395962215103537]
[1.403780786266103 'Conceptual' 0.17388046572284369 1.3758693690314723
 2.2881355932203387 39 8 6 13 1.403780786266103]
[1.3754055745829663 'Conceptual' 0.17388046572284369 1.3758693690314723
 2.423728813559322 39 8 6 14 1.3754055745829663]
[3.1601449120328007 'Conceptual' 0.17388046572284369 1.3758693690314723
 4.220338983050847 39 8 6 15 3.1601449120328007]
[2.753290071335137 'Conceptual' 0.17388046572284369 1.3758693690314723
 2.5932203389830506 39 8 6 16 2.753290071335137]
[2.865996177075834 'Conceptual' 0.17388046572284369 1.3758693690314723
 3.949152542372881 39 8 6 17 2.865996177075834]
[2.24816230074444 'Conceptual' 0.17388046572284369 1.3758693690314723
 3.4406779661016946 39 8 6 18 2.24816230074444]
[1.9909751268991103 'Conceptual' 0.17388046572284369 1.3758693690314723
 0.1694915254237288 39 8 6 19 1.9909751268991103]
[0.0 'Conceptual' 0.17388046572284369 1.3758693690314723 0.0 39 8 7 0 0.0]
[3.206212372672874 'Conceptual' 0.17388046572284369 1.3758693690314723
 5.915254237288135 39 8 7 1 3.206212372672874]
[4.043648770957277 'Conceptual' 0.17388046572284369 1.3758693690314723
 6.491525423728813 39 8 7 2 4.043648770957277]
[3.4608497613147216 'Conceptual' 0.17388046572284369 1.3758693690314723
 4.915254237288135 39 8 7 3 3.4608497613147216]
[3.959618105213301 'Conceptual' 0.17388046572284369 1.3758693690314723
 0.8305084745762711 39 8 7 4 3.959618105213301]
[1.8531474808572097 'Conceptual' 0.17388046572284369 1.3758693690314723
 3.3728813559322033 39 8 7 5 1.8531474808572097]
[1.7383073570754524 'Conceptual' 0.17388046572284369 1.3758693690314723
 2.932203389830508 39 8 7 6 1.7383073570754524]
[3.5752659872440034 'Conceptual' 0.17388046572284369 1.3758693690314723
 4.491525423728812 39 8 7 7 3.5752659872440034]
[1.658361297280398 'Conceptual' 0.17388046572284369 1.3758693690314723
 2.796610169491525 39 8 7 8 1.658361297280398]
[2.711621135251027 'Conceptual' 0.17388046572284369 1.3758693690314723
 3.4406779661016946 39 8 7 9 2.711621135251027]
[2.374328625704465 'Conceptual' 0.17388046572284369 1.3758693690314723
 3.644067796610169 39 8 7 10 2.374328625704465]
[3.864859564154424 'Conceptual' 0.17388046572284369 1.3758693690314723
 4.4576271186440675 39 8 7 11 3.864859564154424]
[2.6395962215103537 'Conceptual' 0.17388046572284369 1.3758693690314723
 2.7627118644067794 39 8 7 12 2.6395962215103537]
[1.403780786266103 'Conceptual' 0.17388046572284369 1.3758693690314723
 2.2881355932203387 39 8 7 13 1.403780786266103]
[1.3754055745829663 'Conceptual' 0.17388046572284369 1.3758693690314723
 2.423728813559322 39 8 7 14 1.3754055745829663]
[3.1601449120328007 'Conceptual' 0.17388046572284369 1.3758693690314723
 4.220338983050847 39 8 7 15 3.1601449120328007]
[2.753290071335137 'Conceptual' 0.17388046572284369 1.3758693690314723
 2.5932203389830506 39 8 7 16 2.753290071335137]
[2.865996177075834 'Conceptual' 0.17388046572284369 1.3758693690314723
 3.949152542372881 39 8 7 17 2.865996177075834]
[2.24816230074444 'Conceptual' 0.17388046572284369 1.3758693690314723
 3.4406779661016946 39 8 7 18 2.24816230074444]
[1.9909751268991103 'Conceptual' 0.17388046572284369 1.3758693690314723
 0.1694915254237288 39 8 7 19 1.9909751268991103]
