[0.0 'Spatial' 0.17805125933244245 0.2172327008079155 0.0 118 5 0 0 0.0]
[3.4068082306101677 'Spatial' 0.17805125933244245 0.2172327008079155
 1.1864406779661016 118 5 0 1 3.4068082306101677]
[3.869104297346433 'Spatial' 0.17805125933244245 0.2172327008079155
 7.440677966101695 118 5 0 2 3.869104297346433]
[2.6919810730497398 'Spatial' 0.17805125933244245 0.2172327008079155
 0.1694915254237288 118 5 0 3 2.6919810730497398]
[1.2721696817215462 'Spatial' 0.17805125933244245 0.2172327008079155
 1.9491525423728813 118 5 0 4 1.2721696817215462]
[0.19107620879815615 'Spatial' 0.17805125933244245 0.2172327008079155
 0.559322033898305 118 5 0 5 0.19107620879815615]
[2.4241602119306935 'Spatial' 0.17805125933244245 0.2172327008079155
 3.9830508474576267 118 5 0 6 2.4241602119306935]
[2.1023772453457723 'Spatial' 0.17805125933244245 0.2172327008079155
 3.271186440677966 118 5 0 7 2.1023772453457723]
[4.640792712770124 'Spatial' 0.17805125933244245 0.2172327008079155
 10.169491525423728 118 5 0 8 4.640792712770124]
[0.04079025661257709 'Spatial' 0.17805125933244245 0.2172327008079155
 0.1694915254237288 118 5 0 9 0.04079025661257709]
[1.693498695596777 'Spatial' 0.17805125933244245 0.2172327008079155
 3.644067796610169 118 5 0 10 1.693498695596777]
[3.1096737658047195 'Spatial' 0.17805125933244245 0.2172327008079155
 7.627118644067796 118 5 0 11 3.1096737658047195]
[2.5542172228411784 'Spatial' 0.17805125933244245 0.2172327008079155
 6.932203389830508 118 5 0 12 2.5542172228411784]
[1.871444825941905 'Spatial' 0.17805125933244245 0.2172327008079155
 3.644067796610169 118 5 0 13 1.871444825941905]
[1.545279918453427 'Spatial' 0.17805125933244245 0.2172327008079155
 3.6101694915254234 118 5 0 14 1.545279918453427]
[0.03481155052126366 'Spatial' 0.17805125933244245 0.2172327008079155
 0.1694915254237288 118 5 0 15 0.03481155052126366]
[1.0582008476673097 'Spatial' 0.17805125933244245 0.2172327008079155
 1.1694915254237288 118 5 0 16 1.0582008476673097]
[1.3574057577350918 'Spatial' 0.17805125933244245 0.2172327008079155
 3.7288135593220337 118 5 0 17 1.3574057577350918]
[3.028300011839692 'Spatial' 0.17805125933244245 0.2172327008079155
 9.745762711864405 118 5 0 18 3.028300011839692]
[2.928378052393337 'Spatial' 0.17805125933244245 0.2172327008079155
 9.372881355932204 118 5 0 19 2.928378052393337]
[0.0 'Spatial' 0.17805125933244245 0.2172327008079155 0.0 118 5 1 0 0.0]
[3.4068082306101677 'Spatial' 0.17805125933244245 0.2172327008079155
 1.1864406779661016 118 5 1 1 3.4068082306101677]
[3.869104297346433 'Spatial' 0.17805125933244245 0.2172327008079155
 7.440677966101695 118 5 1 2 3.869104297346433]
[2.6919810730497398 'Spatial' 0.17805125933244245 0.2172327008079155
 0.1694915254237288 118 5 1 3 2.6919810730497398]
[1.2721696817215462 'Spatial' 0.17805125933244245 0.2172327008079155
 1.9491525423728813 118 5 1 4 1.2721696817215462]
[0.19107620879815615 'Spatial' 0.17805125933244245 0.2172327008079155
 0.559322033898305 118 5 1 5 0.19107620879815615]
[2.4241602119306935 'Spatial' 0.17805125933244245 0.2172327008079155
 3.9830508474576267 118 5 1 6 2.4241602119306935]
[2.1023772453457723 'Spatial' 0.17805125933244245 0.2172327008079155
 3.271186440677966 118 5 1 7 2.1023772453457723]
[4.640792712770124 'Spatial' 0.17805125933244245 0.2172327008079155
 10.169491525423728 118 5 1 8 4.640792712770124]
[0.04079025661257709 'Spatial' 0.17805125933244245 0.2172327008079155
 0.1694915254237288 118 5 1 9 0.04079025661257709]
[1.693498695596777 'Spatial' 0.17805125933244245 0.2172327008079155
 3.644067796610169 118 5 1 10 1.693498695596777]
[3.1096737658047195 'Spatial' 0.17805125933244245 0.2172327008079155
 7.627118644067796 118 5 1 11 3.1096737658047195]
[2.5542172228411784 'Spatial' 0.17805125933244245 0.2172327008079155
 6.932203389830508 118 5 1 12 2.5542172228411784]
[1.871444825941905 'Spatial' 0.17805125933244245 0.2172327008079155
 3.644067796610169 118 5 1 13 1.871444825941905]
[1.545279918453427 'Spatial' 0.17805125933244245 0.2172327008079155
 3.6101694915254234 118 5 1 14 1.545279918453427]
[0.03481155052126366 'Spatial' 0.17805125933244245 0.2172327008079155
 0.1694915254237288 118 5 1 15 0.03481155052126366]
[1.0582008476673097 'Spatial' 0.17805125933244245 0.2172327008079155
 1.1694915254237288 118 5 1 16 1.0582008476673097]
[1.3574057577350918 'Spatial' 0.17805125933244245 0.2172327008079155
 3.7288135593220337 118 5 1 17 1.3574057577350918]
[3.028300011839692 'Spatial' 0.17805125933244245 0.2172327008079155
 9.745762711864405 118 5 1 18 3.028300011839692]
[2.928378052393337 'Spatial' 0.17805125933244245 0.2172327008079155
 9.372881355932204 118 5 1 19 2.928378052393337]
[0.0 'Spatial' 0.17805125933244245 0.2172327008079155 0.0 118 5 2 0 0.0]
[3.4068082306101677 'Spatial' 0.17805125933244245 0.2172327008079155
 1.1864406779661016 118 5 2 1 3.4068082306101677]
[3.869104297346433 'Spatial' 0.17805125933244245 0.2172327008079155
 7.440677966101695 118 5 2 2 3.869104297346433]
[2.6919810730497398 'Spatial' 0.17805125933244245 0.2172327008079155
 0.1694915254237288 118 5 2 3 2.6919810730497398]
[1.2721696817215462 'Spatial' 0.17805125933244245 0.2172327008079155
 1.9491525423728813 118 5 2 4 1.2721696817215462]
[0.19107620879815615 'Spatial' 0.17805125933244245 0.2172327008079155
 0.559322033898305 118 5 2 5 0.19107620879815615]
[2.4241602119306935 'Spatial' 0.17805125933244245 0.2172327008079155
 3.9830508474576267 118 5 2 6 2.4241602119306935]
[2.1023772453457723 'Spatial' 0.17805125933244245 0.2172327008079155
 3.271186440677966 118 5 2 7 2.1023772453457723]
[4.640792712770124 'Spatial' 0.17805125933244245 0.2172327008079155
 10.169491525423728 118 5 2 8 4.640792712770124]
[0.04079025661257709 'Spatial' 0.17805125933244245 0.2172327008079155
 0.1694915254237288 118 5 2 9 0.04079025661257709]
[1.693498695596777 'Spatial' 0.17805125933244245 0.2172327008079155
 3.644067796610169 118 5 2 10 1.693498695596777]
[3.1096737658047195 'Spatial' 0.17805125933244245 0.2172327008079155
 7.627118644067796 118 5 2 11 3.1096737658047195]
[2.5542172228411784 'Spatial' 0.17805125933244245 0.2172327008079155
 6.932203389830508 118 5 2 12 2.5542172228411784]
[1.871444825941905 'Spatial' 0.17805125933244245 0.2172327008079155
 3.644067796610169 118 5 2 13 1.871444825941905]
[1.545279918453427 'Spatial' 0.17805125933244245 0.2172327008079155
 3.6101694915254234 118 5 2 14 1.545279918453427]
[0.03481155052126366 'Spatial' 0.17805125933244245 0.2172327008079155
 0.1694915254237288 118 5 2 15 0.03481155052126366]
[1.0582008476673097 'Spatial' 0.17805125933244245 0.2172327008079155
 1.1694915254237288 118 5 2 16 1.0582008476673097]
[1.3574057577350918 'Spatial' 0.17805125933244245 0.2172327008079155
 3.7288135593220337 118 5 2 17 1.3574057577350918]
[3.028300011839692 'Spatial' 0.17805125933244245 0.2172327008079155
 9.745762711864405 118 5 2 18 3.028300011839692]
[2.928378052393337 'Spatial' 0.17805125933244245 0.2172327008079155
 9.372881355932204 118 5 2 19 2.928378052393337]
[0.0 'Spatial' 0.17805125933244245 0.2172327008079155 0.0 118 5 3 0 0.0]
[3.4068082306101677 'Spatial' 0.17805125933244245 0.2172327008079155
 1.1864406779661016 118 5 3 1 3.4068082306101677]
[3.869104297346433 'Spatial' 0.17805125933244245 0.2172327008079155
 7.440677966101695 118 5 3 2 3.869104297346433]
[2.6919810730497398 'Spatial' 0.17805125933244245 0.2172327008079155
 0.1694915254237288 118 5 3 3 2.6919810730497398]
[1.2721696817215462 'Spatial' 0.17805125933244245 0.2172327008079155
 1.9491525423728813 118 5 3 4 1.2721696817215462]
[0.19107620879815615 'Spatial' 0.17805125933244245 0.2172327008079155
 0.559322033898305 118 5 3 5 0.19107620879815615]
[2.4241602119306935 'Spatial' 0.17805125933244245 0.2172327008079155
 3.9830508474576267 118 5 3 6 2.4241602119306935]
[2.1023772453457723 'Spatial' 0.17805125933244245 0.2172327008079155
 3.271186440677966 118 5 3 7 2.1023772453457723]
[4.640792712770124 'Spatial' 0.17805125933244245 0.2172327008079155
 10.169491525423728 118 5 3 8 4.640792712770124]
[0.04079025661257709 'Spatial' 0.17805125933244245 0.2172327008079155
 0.1694915254237288 118 5 3 9 0.04079025661257709]
[1.693498695596777 'Spatial' 0.17805125933244245 0.2172327008079155
 3.644067796610169 118 5 3 10 1.693498695596777]
[3.1096737658047195 'Spatial' 0.17805125933244245 0.2172327008079155
 7.627118644067796 118 5 3 11 3.1096737658047195]
[2.5542172228411784 'Spatial' 0.17805125933244245 0.2172327008079155
 6.932203389830508 118 5 3 12 2.5542172228411784]
[1.871444825941905 'Spatial' 0.17805125933244245 0.2172327008079155
 3.644067796610169 118 5 3 13 1.871444825941905]
[1.545279918453427 'Spatial' 0.17805125933244245 0.2172327008079155
 3.6101694915254234 118 5 3 14 1.545279918453427]
[0.03481155052126366 'Spatial' 0.17805125933244245 0.2172327008079155
 0.1694915254237288 118 5 3 15 0.03481155052126366]
[1.0582008476673097 'Spatial' 0.17805125933244245 0.2172327008079155
 1.1694915254237288 118 5 3 16 1.0582008476673097]
[1.3574057577350918 'Spatial' 0.17805125933244245 0.2172327008079155
 3.7288135593220337 118 5 3 17 1.3574057577350918]
[3.028300011839692 'Spatial' 0.17805125933244245 0.2172327008079155
 9.745762711864405 118 5 3 18 3.028300011839692]
[2.928378052393337 'Spatial' 0.17805125933244245 0.2172327008079155
 9.372881355932204 118 5 3 19 2.928378052393337]
[0.0 'Spatial' 0.17805125933244245 0.2172327008079155 0.0 118 5 4 0 0.0]
[3.4068082306101677 'Spatial' 0.17805125933244245 0.2172327008079155
 1.1864406779661016 118 5 4 1 3.4068082306101677]
[3.869104297346433 'Spatial' 0.17805125933244245 0.2172327008079155
 7.440677966101695 118 5 4 2 3.869104297346433]
[2.6919810730497398 'Spatial' 0.17805125933244245 0.2172327008079155
 0.1694915254237288 118 5 4 3 2.6919810730497398]
[1.2721696817215462 'Spatial' 0.17805125933244245 0.2172327008079155
 1.9491525423728813 118 5 4 4 1.2721696817215462]
[0.19107620879815615 'Spatial' 0.17805125933244245 0.2172327008079155
 0.559322033898305 118 5 4 5 0.19107620879815615]
[2.4241602119306935 'Spatial' 0.17805125933244245 0.2172327008079155
 3.9830508474576267 118 5 4 6 2.4241602119306935]
[2.1023772453457723 'Spatial' 0.17805125933244245 0.2172327008079155
 3.271186440677966 118 5 4 7 2.1023772453457723]
[4.640792712770124 'Spatial' 0.17805125933244245 0.2172327008079155
 10.169491525423728 118 5 4 8 4.640792712770124]
[0.04079025661257709 'Spatial' 0.17805125933244245 0.2172327008079155
 0.1694915254237288 118 5 4 9 0.04079025661257709]
[1.693498695596777 'Spatial' 0.17805125933244245 0.2172327008079155
 3.644067796610169 118 5 4 10 1.693498695596777]
[3.1096737658047195 'Spatial' 0.17805125933244245 0.2172327008079155
 7.627118644067796 118 5 4 11 3.1096737658047195]
[2.5542172228411784 'Spatial' 0.17805125933244245 0.2172327008079155
 6.932203389830508 118 5 4 12 2.5542172228411784]
[1.871444825941905 'Spatial' 0.17805125933244245 0.2172327008079155
 3.644067796610169 118 5 4 13 1.871444825941905]
[1.545279918453427 'Spatial' 0.17805125933244245 0.2172327008079155
 3.6101694915254234 118 5 4 14 1.545279918453427]
[0.03481155052126366 'Spatial' 0.17805125933244245 0.2172327008079155
 0.1694915254237288 118 5 4 15 0.03481155052126366]
[1.0582008476673097 'Spatial' 0.17805125933244245 0.2172327008079155
 1.1694915254237288 118 5 4 16 1.0582008476673097]
[1.3574057577350918 'Spatial' 0.17805125933244245 0.2172327008079155
 3.7288135593220337 118 5 4 17 1.3574057577350918]
[3.028300011839692 'Spatial' 0.17805125933244245 0.2172327008079155
 9.745762711864405 118 5 4 18 3.028300011839692]
[2.928378052393337 'Spatial' 0.17805125933244245 0.2172327008079155
 9.372881355932204 118 5 4 19 2.928378052393337]
[0.0 'Spatial' 0.17805125933244245 0.2172327008079155 0.0 118 5 6 0 0.0]
[3.4068082306101677 'Spatial' 0.17805125933244245 0.2172327008079155
 1.1864406779661016 118 5 6 1 3.4068082306101677]
[3.869104297346433 'Spatial' 0.17805125933244245 0.2172327008079155
 7.440677966101695 118 5 6 2 3.869104297346433]
[2.6919810730497398 'Spatial' 0.17805125933244245 0.2172327008079155
 0.1694915254237288 118 5 6 3 2.6919810730497398]
[1.2721696817215462 'Spatial' 0.17805125933244245 0.2172327008079155
 1.9491525423728813 118 5 6 4 1.2721696817215462]
[0.19107620879815615 'Spatial' 0.17805125933244245 0.2172327008079155
 0.559322033898305 118 5 6 5 0.19107620879815615]
[2.4241602119306935 'Spatial' 0.17805125933244245 0.2172327008079155
 3.9830508474576267 118 5 6 6 2.4241602119306935]
[2.1023772453457723 'Spatial' 0.17805125933244245 0.2172327008079155
 3.271186440677966 118 5 6 7 2.1023772453457723]
[4.640792712770124 'Spatial' 0.17805125933244245 0.2172327008079155
 10.169491525423728 118 5 6 8 4.640792712770124]
[0.04079025661257709 'Spatial' 0.17805125933244245 0.2172327008079155
 0.1694915254237288 118 5 6 9 0.04079025661257709]
[1.693498695596777 'Spatial' 0.17805125933244245 0.2172327008079155
 3.644067796610169 118 5 6 10 1.693498695596777]
[3.1096737658047195 'Spatial' 0.17805125933244245 0.2172327008079155
 7.627118644067796 118 5 6 11 3.1096737658047195]
[2.5542172228411784 'Spatial' 0.17805125933244245 0.2172327008079155
 6.932203389830508 118 5 6 12 2.5542172228411784]
[1.871444825941905 'Spatial' 0.17805125933244245 0.2172327008079155
 3.644067796610169 118 5 6 13 1.871444825941905]
[1.545279918453427 'Spatial' 0.17805125933244245 0.2172327008079155
 3.6101694915254234 118 5 6 14 1.545279918453427]
[0.03481155052126366 'Spatial' 0.17805125933244245 0.2172327008079155
 0.1694915254237288 118 5 6 15 0.03481155052126366]
[1.0582008476673097 'Spatial' 0.17805125933244245 0.2172327008079155
 1.1694915254237288 118 5 6 16 1.0582008476673097]
[1.3574057577350918 'Spatial' 0.17805125933244245 0.2172327008079155
 3.7288135593220337 118 5 6 17 1.3574057577350918]
[3.028300011839692 'Spatial' 0.17805125933244245 0.2172327008079155
 9.745762711864405 118 5 6 18 3.028300011839692]
[2.928378052393337 'Spatial' 0.17805125933244245 0.2172327008079155
 9.372881355932204 118 5 6 19 2.928378052393337]
[0.0 'Spatial' 0.17805125933244245 0.2172327008079155 0.0 118 5 7 0 0.0]
[3.4068082306101677 'Spatial' 0.17805125933244245 0.2172327008079155
 1.1864406779661016 118 5 7 1 3.4068082306101677]
[3.869104297346433 'Spatial' 0.17805125933244245 0.2172327008079155
 7.440677966101695 118 5 7 2 3.869104297346433]
[2.6919810730497398 'Spatial' 0.17805125933244245 0.2172327008079155
 0.1694915254237288 118 5 7 3 2.6919810730497398]
[1.2721696817215462 'Spatial' 0.17805125933244245 0.2172327008079155
 1.9491525423728813 118 5 7 4 1.2721696817215462]
[0.19107620879815615 'Spatial' 0.17805125933244245 0.2172327008079155
 0.559322033898305 118 5 7 5 0.19107620879815615]
[2.4241602119306935 'Spatial' 0.17805125933244245 0.2172327008079155
 3.9830508474576267 118 5 7 6 2.4241602119306935]
[2.1023772453457723 'Spatial' 0.17805125933244245 0.2172327008079155
 3.271186440677966 118 5 7 7 2.1023772453457723]
[4.640792712770124 'Spatial' 0.17805125933244245 0.2172327008079155
 10.169491525423728 118 5 7 8 4.640792712770124]
[0.04079025661257709 'Spatial' 0.17805125933244245 0.2172327008079155
 0.1694915254237288 118 5 7 9 0.04079025661257709]
[1.693498695596777 'Spatial' 0.17805125933244245 0.2172327008079155
 3.644067796610169 118 5 7 10 1.693498695596777]
[3.1096737658047195 'Spatial' 0.17805125933244245 0.2172327008079155
 7.627118644067796 118 5 7 11 3.1096737658047195]
[2.5542172228411784 'Spatial' 0.17805125933244245 0.2172327008079155
 6.932203389830508 118 5 7 12 2.5542172228411784]
[1.871444825941905 'Spatial' 0.17805125933244245 0.2172327008079155
 3.644067796610169 118 5 7 13 1.871444825941905]
[1.545279918453427 'Spatial' 0.17805125933244245 0.2172327008079155
 3.6101694915254234 118 5 7 14 1.545279918453427]
[0.03481155052126366 'Spatial' 0.17805125933244245 0.2172327008079155
 0.1694915254237288 118 5 7 15 0.03481155052126366]
[1.0582008476673097 'Spatial' 0.17805125933244245 0.2172327008079155
 1.1694915254237288 118 5 7 16 1.0582008476673097]
[1.3574057577350918 'Spatial' 0.17805125933244245 0.2172327008079155
 3.7288135593220337 118 5 7 17 1.3574057577350918]
[3.028300011839692 'Spatial' 0.17805125933244245 0.2172327008079155
 9.745762711864405 118 5 7 18 3.028300011839692]
[2.928378052393337 'Spatial' 0.17805125933244245 0.2172327008079155
 9.372881355932204 118 5 7 19 2.928378052393337]
[0.0 'Spatial' 0.17805125933244245 0.2172327008079155 0.0 118 5 8 0 0.0]
[3.4068082306101677 'Spatial' 0.17805125933244245 0.2172327008079155
 1.1864406779661016 118 5 8 1 3.4068082306101677]
[3.869104297346433 'Spatial' 0.17805125933244245 0.2172327008079155
 7.440677966101695 118 5 8 2 3.869104297346433]
[2.6919810730497398 'Spatial' 0.17805125933244245 0.2172327008079155
 0.1694915254237288 118 5 8 3 2.6919810730497398]
[1.2721696817215462 'Spatial' 0.17805125933244245 0.2172327008079155
 1.9491525423728813 118 5 8 4 1.2721696817215462]
[0.19107620879815615 'Spatial' 0.17805125933244245 0.2172327008079155
 0.559322033898305 118 5 8 5 0.19107620879815615]
[2.4241602119306935 'Spatial' 0.17805125933244245 0.2172327008079155
 3.9830508474576267 118 5 8 6 2.4241602119306935]
[2.1023772453457723 'Spatial' 0.17805125933244245 0.2172327008079155
 3.271186440677966 118 5 8 7 2.1023772453457723]
[4.640792712770124 'Spatial' 0.17805125933244245 0.2172327008079155
 10.169491525423728 118 5 8 8 4.640792712770124]
[0.04079025661257709 'Spatial' 0.17805125933244245 0.2172327008079155
 0.1694915254237288 118 5 8 9 0.04079025661257709]
[1.693498695596777 'Spatial' 0.17805125933244245 0.2172327008079155
 3.644067796610169 118 5 8 10 1.693498695596777]
[3.1096737658047195 'Spatial' 0.17805125933244245 0.2172327008079155
 7.627118644067796 118 5 8 11 3.1096737658047195]
[2.5542172228411784 'Spatial' 0.17805125933244245 0.2172327008079155
 6.932203389830508 118 5 8 12 2.5542172228411784]
[1.871444825941905 'Spatial' 0.17805125933244245 0.2172327008079155
 3.644067796610169 118 5 8 13 1.871444825941905]
[1.545279918453427 'Spatial' 0.17805125933244245 0.2172327008079155
 3.6101694915254234 118 5 8 14 1.545279918453427]
[0.03481155052126366 'Spatial' 0.17805125933244245 0.2172327008079155
 0.1694915254237288 118 5 8 15 0.03481155052126366]
[1.0582008476673097 'Spatial' 0.17805125933244245 0.2172327008079155
 1.1694915254237288 118 5 8 16 1.0582008476673097]
[1.3574057577350918 'Spatial' 0.17805125933244245 0.2172327008079155
 3.7288135593220337 118 5 8 17 1.3574057577350918]
[3.028300011839692 'Spatial' 0.17805125933244245 0.2172327008079155
 9.745762711864405 118 5 8 18 3.028300011839692]
[2.928378052393337 'Spatial' 0.17805125933244245 0.2172327008079155
 9.372881355932204 118 5 8 19 2.928378052393337]
