[0.0 'Conceptual' 0.016077590400781303 0.27223221158537936 0.0 106 7 0 0
 0.0]
[1.1298335554761267 'Conceptual' 0.016077590400781303 0.27223221158537936
 0.847457627118644 106 7 0 1 1.1298335554761267]
[0.009687966976410436 'Conceptual' 0.016077590400781303
 0.27223221158537936 0.559322033898305 106 7 0 2 0.009687966976410436]
[0.0006298016333097749 'Conceptual' 0.016077590400781303
 0.27223221158537936 0.1694915254237288 106 7 0 3 0.0006298016333097749]
[0.0006298016333097749 'Conceptual' 0.016077590400781303
 0.27223221158537936 0.1694915254237288 106 7 0 4 0.0006298016333097749]
[0.0006298016333097749 'Conceptual' 0.016077590400781303
 0.27223221158537936 0.1694915254237288 106 7 0 5 0.0006298016333097749]
[0.0006298016333097749 'Conceptual' 0.016077590400781303
 0.27223221158537936 0.1694915254237288 106 7 0 6 0.0006298016333097749]
[1.9800653516684643 'Conceptual' 0.016077590400781303 0.27223221158537936
 10.169491525423728 106 7 0 7 1.9800653516684643]
[1.7430967866679816 'Conceptual' 0.016077590400781303 0.27223221158537936
 10.169491525423728 106 7 0 8 1.7430967866679816]
[1.544261572571582 'Conceptual' 0.016077590400781303 0.27223221158537936
 9.711864406779661 106 7 0 9 1.544261572571582]
[1.3667215473600736 'Conceptual' 0.016077590400781303 0.27223221158537936
 9.152542372881355 106 7 0 10 1.3667215473600736]
[4.633145924001453 'Conceptual' 0.016077590400781303 0.27223221158537936
 10.169491525423728 106 7 0 11 4.633145924001453]
[0.0006298016333097749 'Conceptual' 0.016077590400781303
 0.27223221158537936 0.847457627118644 106 7 0 12 0.0006298016333097749]
[0.0006298016333097749 'Conceptual' 0.016077590400781303
 0.27223221158537936 0.1694915254237288 106 7 0 13 0.0006298016333097749]
[0.0006298016333097749 'Conceptual' 0.016077590400781303
 0.27223221158537936 0.1694915254237288 106 7 0 14 0.0006298016333097749]
[0.0006298016333097749 'Conceptual' 0.016077590400781303
 0.27223221158537936 0.1694915254237288 106 7 0 15 0.0006298016333097749]
[0.0006298016333097749 'Conceptual' 0.016077590400781303
 0.27223221158537936 0.1694915254237288 106 7 0 16 0.0006298016333097749]
[0.0006298016333097749 'Conceptual' 0.016077590400781303
 0.27223221158537936 0.1694915254237288 106 7 0 17 0.0006298016333097749]
[0.0006298016333097749 'Conceptual' 0.016077590400781303
 0.27223221158537936 0.1694915254237288 106 7 0 18 0.0006298016333097749]
[0.0006298016333097749 'Conceptual' 0.016077590400781303
 0.27223221158537936 0.1694915254237288 106 7 0 19 0.0006298016333097749]
[0.0 'Conceptual' 0.016077590400781303 0.27223221158537936 0.0 106 7 1 0
 0.0]
[1.1298335554761267 'Conceptual' 0.016077590400781303 0.27223221158537936
 0.847457627118644 106 7 1 1 1.1298335554761267]
[0.009687966976410436 'Conceptual' 0.016077590400781303
 0.27223221158537936 0.559322033898305 106 7 1 2 0.009687966976410436]
[0.0006298016333097749 'Conceptual' 0.016077590400781303
 0.27223221158537936 0.1694915254237288 106 7 1 3 0.0006298016333097749]
[0.0006298016333097749 'Conceptual' 0.016077590400781303
 0.27223221158537936 0.1694915254237288 106 7 1 4 0.0006298016333097749]
[0.0006298016333097749 'Conceptual' 0.016077590400781303
 0.27223221158537936 0.1694915254237288 106 7 1 5 0.0006298016333097749]
[0.0006298016333097749 'Conceptual' 0.016077590400781303
 0.27223221158537936 0.1694915254237288 106 7 1 6 0.0006298016333097749]
[1.9800653516684643 'Conceptual' 0.016077590400781303 0.27223221158537936
 10.169491525423728 106 7 1 7 1.9800653516684643]
[1.7430967866679816 'Conceptual' 0.016077590400781303 0.27223221158537936
 10.169491525423728 106 7 1 8 1.7430967866679816]
[1.544261572571582 'Conceptual' 0.016077590400781303 0.27223221158537936
 9.711864406779661 106 7 1 9 1.544261572571582]
[1.3667215473600736 'Conceptual' 0.016077590400781303 0.27223221158537936
 9.152542372881355 106 7 1 10 1.3667215473600736]
[4.633145924001453 'Conceptual' 0.016077590400781303 0.27223221158537936
 10.169491525423728 106 7 1 11 4.633145924001453]
[0.0006298016333097749 'Conceptual' 0.016077590400781303
 0.27223221158537936 0.847457627118644 106 7 1 12 0.0006298016333097749]
[0.0006298016333097749 'Conceptual' 0.016077590400781303
 0.27223221158537936 0.1694915254237288 106 7 1 13 0.0006298016333097749]
[0.0006298016333097749 'Conceptual' 0.016077590400781303
 0.27223221158537936 0.1694915254237288 106 7 1 14 0.0006298016333097749]
[0.0006298016333097749 'Conceptual' 0.016077590400781303
 0.27223221158537936 0.1694915254237288 106 7 1 15 0.0006298016333097749]
[0.0006298016333097749 'Conceptual' 0.016077590400781303
 0.27223221158537936 0.1694915254237288 106 7 1 16 0.0006298016333097749]
[0.0006298016333097749 'Conceptual' 0.016077590400781303
 0.27223221158537936 0.1694915254237288 106 7 1 17 0.0006298016333097749]
[0.0006298016333097749 'Conceptual' 0.016077590400781303
 0.27223221158537936 0.1694915254237288 106 7 1 18 0.0006298016333097749]
[0.0006298016333097749 'Conceptual' 0.016077590400781303
 0.27223221158537936 0.1694915254237288 106 7 1 19 0.0006298016333097749]
[0.0 'Conceptual' 0.016077590400781303 0.27223221158537936 0.0 106 7 2 0
 0.0]
[1.1298335554761267 'Conceptual' 0.016077590400781303 0.27223221158537936
 0.847457627118644 106 7 2 1 1.1298335554761267]
[0.009687966976410436 'Conceptual' 0.016077590400781303
 0.27223221158537936 0.559322033898305 106 7 2 2 0.009687966976410436]
[0.0006298016333097749 'Conceptual' 0.016077590400781303
 0.27223221158537936 0.1694915254237288 106 7 2 3 0.0006298016333097749]
[0.0006298016333097749 'Conceptual' 0.016077590400781303
 0.27223221158537936 0.1694915254237288 106 7 2 4 0.0006298016333097749]
[0.0006298016333097749 'Conceptual' 0.016077590400781303
 0.27223221158537936 0.1694915254237288 106 7 2 5 0.0006298016333097749]
[0.0006298016333097749 'Conceptual' 0.016077590400781303
 0.27223221158537936 0.1694915254237288 106 7 2 6 0.0006298016333097749]
[1.9800653516684643 'Conceptual' 0.016077590400781303 0.27223221158537936
 10.169491525423728 106 7 2 7 1.9800653516684643]
[1.7430967866679816 'Conceptual' 0.016077590400781303 0.27223221158537936
 10.169491525423728 106 7 2 8 1.7430967866679816]
[1.544261572571582 'Conceptual' 0.016077590400781303 0.27223221158537936
 9.711864406779661 106 7 2 9 1.544261572571582]
[1.3667215473600736 'Conceptual' 0.016077590400781303 0.27223221158537936
 9.152542372881355 106 7 2 10 1.3667215473600736]
[4.633145924001453 'Conceptual' 0.016077590400781303 0.27223221158537936
 10.169491525423728 106 7 2 11 4.633145924001453]
[0.0006298016333097749 'Conceptual' 0.016077590400781303
 0.27223221158537936 0.847457627118644 106 7 2 12 0.0006298016333097749]
[0.0006298016333097749 'Conceptual' 0.016077590400781303
 0.27223221158537936 0.1694915254237288 106 7 2 13 0.0006298016333097749]
[0.0006298016333097749 'Conceptual' 0.016077590400781303
 0.27223221158537936 0.1694915254237288 106 7 2 14 0.0006298016333097749]
[0.0006298016333097749 'Conceptual' 0.016077590400781303
 0.27223221158537936 0.1694915254237288 106 7 2 15 0.0006298016333097749]
[0.0006298016333097749 'Conceptual' 0.016077590400781303
 0.27223221158537936 0.1694915254237288 106 7 2 16 0.0006298016333097749]
[0.0006298016333097749 'Conceptual' 0.016077590400781303
 0.27223221158537936 0.1694915254237288 106 7 2 17 0.0006298016333097749]
[0.0006298016333097749 'Conceptual' 0.016077590400781303
 0.27223221158537936 0.1694915254237288 106 7 2 18 0.0006298016333097749]
[0.0006298016333097749 'Conceptual' 0.016077590400781303
 0.27223221158537936 0.1694915254237288 106 7 2 19 0.0006298016333097749]
[0.0 'Conceptual' 0.016077590400781303 0.27223221158537936 0.0 106 7 3 0
 0.0]
[1.1298335554761267 'Conceptual' 0.016077590400781303 0.27223221158537936
 0.847457627118644 106 7 3 1 1.1298335554761267]
[0.009687966976410436 'Conceptual' 0.016077590400781303
 0.27223221158537936 0.559322033898305 106 7 3 2 0.009687966976410436]
[0.0006298016333097749 'Conceptual' 0.016077590400781303
 0.27223221158537936 0.1694915254237288 106 7 3 3 0.0006298016333097749]
[0.0006298016333097749 'Conceptual' 0.016077590400781303
 0.27223221158537936 0.1694915254237288 106 7 3 4 0.0006298016333097749]
[0.0006298016333097749 'Conceptual' 0.016077590400781303
 0.27223221158537936 0.1694915254237288 106 7 3 5 0.0006298016333097749]
[0.0006298016333097749 'Conceptual' 0.016077590400781303
 0.27223221158537936 0.1694915254237288 106 7 3 6 0.0006298016333097749]
[1.9800653516684643 'Conceptual' 0.016077590400781303 0.27223221158537936
 10.169491525423728 106 7 3 7 1.9800653516684643]
[1.7430967866679816 'Conceptual' 0.016077590400781303 0.27223221158537936
 10.169491525423728 106 7 3 8 1.7430967866679816]
[1.544261572571582 'Conceptual' 0.016077590400781303 0.27223221158537936
 9.711864406779661 106 7 3 9 1.544261572571582]
[1.3667215473600736 'Conceptual' 0.016077590400781303 0.27223221158537936
 9.152542372881355 106 7 3 10 1.3667215473600736]
[4.633145924001453 'Conceptual' 0.016077590400781303 0.27223221158537936
 10.169491525423728 106 7 3 11 4.633145924001453]
[0.0006298016333097749 'Conceptual' 0.016077590400781303
 0.27223221158537936 0.847457627118644 106 7 3 12 0.0006298016333097749]
[0.0006298016333097749 'Conceptual' 0.016077590400781303
 0.27223221158537936 0.1694915254237288 106 7 3 13 0.0006298016333097749]
[0.0006298016333097749 'Conceptual' 0.016077590400781303
 0.27223221158537936 0.1694915254237288 106 7 3 14 0.0006298016333097749]
[0.0006298016333097749 'Conceptual' 0.016077590400781303
 0.27223221158537936 0.1694915254237288 106 7 3 15 0.0006298016333097749]
[0.0006298016333097749 'Conceptual' 0.016077590400781303
 0.27223221158537936 0.1694915254237288 106 7 3 16 0.0006298016333097749]
[0.0006298016333097749 'Conceptual' 0.016077590400781303
 0.27223221158537936 0.1694915254237288 106 7 3 17 0.0006298016333097749]
[0.0006298016333097749 'Conceptual' 0.016077590400781303
 0.27223221158537936 0.1694915254237288 106 7 3 18 0.0006298016333097749]
[0.0006298016333097749 'Conceptual' 0.016077590400781303
 0.27223221158537936 0.1694915254237288 106 7 3 19 0.0006298016333097749]
[0.0 'Conceptual' 0.016077590400781303 0.27223221158537936 0.0 106 7 4 0
 0.0]
[1.1298335554761267 'Conceptual' 0.016077590400781303 0.27223221158537936
 0.847457627118644 106 7 4 1 1.1298335554761267]
[0.009687966976410436 'Conceptual' 0.016077590400781303
 0.27223221158537936 0.559322033898305 106 7 4 2 0.009687966976410436]
[0.0006298016333097749 'Conceptual' 0.016077590400781303
 0.27223221158537936 0.1694915254237288 106 7 4 3 0.0006298016333097749]
[0.0006298016333097749 'Conceptual' 0.016077590400781303
 0.27223221158537936 0.1694915254237288 106 7 4 4 0.0006298016333097749]
[0.0006298016333097749 'Conceptual' 0.016077590400781303
 0.27223221158537936 0.1694915254237288 106 7 4 5 0.0006298016333097749]
[0.0006298016333097749 'Conceptual' 0.016077590400781303
 0.27223221158537936 0.1694915254237288 106 7 4 6 0.0006298016333097749]
[1.9800653516684643 'Conceptual' 0.016077590400781303 0.27223221158537936
 10.169491525423728 106 7 4 7 1.9800653516684643]
[1.7430967866679816 'Conceptual' 0.016077590400781303 0.27223221158537936
 10.169491525423728 106 7 4 8 1.7430967866679816]
[1.544261572571582 'Conceptual' 0.016077590400781303 0.27223221158537936
 9.711864406779661 106 7 4 9 1.544261572571582]
[1.3667215473600736 'Conceptual' 0.016077590400781303 0.27223221158537936
 9.152542372881355 106 7 4 10 1.3667215473600736]
[4.633145924001453 'Conceptual' 0.016077590400781303 0.27223221158537936
 10.169491525423728 106 7 4 11 4.633145924001453]
[0.0006298016333097749 'Conceptual' 0.016077590400781303
 0.27223221158537936 0.847457627118644 106 7 4 12 0.0006298016333097749]
[0.0006298016333097749 'Conceptual' 0.016077590400781303
 0.27223221158537936 0.1694915254237288 106 7 4 13 0.0006298016333097749]
[0.0006298016333097749 'Conceptual' 0.016077590400781303
 0.27223221158537936 0.1694915254237288 106 7 4 14 0.0006298016333097749]
[0.0006298016333097749 'Conceptual' 0.016077590400781303
 0.27223221158537936 0.1694915254237288 106 7 4 15 0.0006298016333097749]
[0.0006298016333097749 'Conceptual' 0.016077590400781303
 0.27223221158537936 0.1694915254237288 106 7 4 16 0.0006298016333097749]
[0.0006298016333097749 'Conceptual' 0.016077590400781303
 0.27223221158537936 0.1694915254237288 106 7 4 17 0.0006298016333097749]
[0.0006298016333097749 'Conceptual' 0.016077590400781303
 0.27223221158537936 0.1694915254237288 106 7 4 18 0.0006298016333097749]
[0.0006298016333097749 'Conceptual' 0.016077590400781303
 0.27223221158537936 0.1694915254237288 106 7 4 19 0.0006298016333097749]
[0.0 'Conceptual' 0.016077590400781303 0.27223221158537936 0.0 106 7 5 0
 0.0]
[1.1298335554761267 'Conceptual' 0.016077590400781303 0.27223221158537936
 0.847457627118644 106 7 5 1 1.1298335554761267]
[0.009687966976410436 'Conceptual' 0.016077590400781303
 0.27223221158537936 0.559322033898305 106 7 5 2 0.009687966976410436]
[0.0006298016333097749 'Conceptual' 0.016077590400781303
 0.27223221158537936 0.1694915254237288 106 7 5 3 0.0006298016333097749]
[0.0006298016333097749 'Conceptual' 0.016077590400781303
 0.27223221158537936 0.1694915254237288 106 7 5 4 0.0006298016333097749]
[0.0006298016333097749 'Conceptual' 0.016077590400781303
 0.27223221158537936 0.1694915254237288 106 7 5 5 0.0006298016333097749]
[0.0006298016333097749 'Conceptual' 0.016077590400781303
 0.27223221158537936 0.1694915254237288 106 7 5 6 0.0006298016333097749]
[1.9800653516684643 'Conceptual' 0.016077590400781303 0.27223221158537936
 10.169491525423728 106 7 5 7 1.9800653516684643]
[1.7430967866679816 'Conceptual' 0.016077590400781303 0.27223221158537936
 10.169491525423728 106 7 5 8 1.7430967866679816]
[1.544261572571582 'Conceptual' 0.016077590400781303 0.27223221158537936
 9.711864406779661 106 7 5 9 1.544261572571582]
[1.3667215473600736 'Conceptual' 0.016077590400781303 0.27223221158537936
 9.152542372881355 106 7 5 10 1.3667215473600736]
[4.633145924001453 'Conceptual' 0.016077590400781303 0.27223221158537936
 10.169491525423728 106 7 5 11 4.633145924001453]
[0.0006298016333097749 'Conceptual' 0.016077590400781303
 0.27223221158537936 0.847457627118644 106 7 5 12 0.0006298016333097749]
[0.0006298016333097749 'Conceptual' 0.016077590400781303
 0.27223221158537936 0.1694915254237288 106 7 5 13 0.0006298016333097749]
[0.0006298016333097749 'Conceptual' 0.016077590400781303
 0.27223221158537936 0.1694915254237288 106 7 5 14 0.0006298016333097749]
[0.0006298016333097749 'Conceptual' 0.016077590400781303
 0.27223221158537936 0.1694915254237288 106 7 5 15 0.0006298016333097749]
[0.0006298016333097749 'Conceptual' 0.016077590400781303
 0.27223221158537936 0.1694915254237288 106 7 5 16 0.0006298016333097749]
[0.0006298016333097749 'Conceptual' 0.016077590400781303
 0.27223221158537936 0.1694915254237288 106 7 5 17 0.0006298016333097749]
[0.0006298016333097749 'Conceptual' 0.016077590400781303
 0.27223221158537936 0.1694915254237288 106 7 5 18 0.0006298016333097749]
[0.0006298016333097749 'Conceptual' 0.016077590400781303
 0.27223221158537936 0.1694915254237288 106 7 5 19 0.0006298016333097749]
[0.0 'Conceptual' 0.016077590400781303 0.27223221158537936 0.0 106 7 6 0
 0.0]
[1.1298335554761267 'Conceptual' 0.016077590400781303 0.27223221158537936
 0.847457627118644 106 7 6 1 1.1298335554761267]
[0.009687966976410436 'Conceptual' 0.016077590400781303
 0.27223221158537936 0.559322033898305 106 7 6 2 0.009687966976410436]
[0.0006298016333097749 'Conceptual' 0.016077590400781303
 0.27223221158537936 0.1694915254237288 106 7 6 3 0.0006298016333097749]
[0.0006298016333097749 'Conceptual' 0.016077590400781303
 0.27223221158537936 0.1694915254237288 106 7 6 4 0.0006298016333097749]
[0.0006298016333097749 'Conceptual' 0.016077590400781303
 0.27223221158537936 0.1694915254237288 106 7 6 5 0.0006298016333097749]
[0.0006298016333097749 'Conceptual' 0.016077590400781303
 0.27223221158537936 0.1694915254237288 106 7 6 6 0.0006298016333097749]
[1.9800653516684643 'Conceptual' 0.016077590400781303 0.27223221158537936
 10.169491525423728 106 7 6 7 1.9800653516684643]
[1.7430967866679816 'Conceptual' 0.016077590400781303 0.27223221158537936
 10.169491525423728 106 7 6 8 1.7430967866679816]
[1.544261572571582 'Conceptual' 0.016077590400781303 0.27223221158537936
 9.711864406779661 106 7 6 9 1.544261572571582]
[1.3667215473600736 'Conceptual' 0.016077590400781303 0.27223221158537936
 9.152542372881355 106 7 6 10 1.3667215473600736]
[4.633145924001453 'Conceptual' 0.016077590400781303 0.27223221158537936
 10.169491525423728 106 7 6 11 4.633145924001453]
[0.0006298016333097749 'Conceptual' 0.016077590400781303
 0.27223221158537936 0.847457627118644 106 7 6 12 0.0006298016333097749]
[0.0006298016333097749 'Conceptual' 0.016077590400781303
 0.27223221158537936 0.1694915254237288 106 7 6 13 0.0006298016333097749]
[0.0006298016333097749 'Conceptual' 0.016077590400781303
 0.27223221158537936 0.1694915254237288 106 7 6 14 0.0006298016333097749]
[0.0006298016333097749 'Conceptual' 0.016077590400781303
 0.27223221158537936 0.1694915254237288 106 7 6 15 0.0006298016333097749]
[0.0006298016333097749 'Conceptual' 0.016077590400781303
 0.27223221158537936 0.1694915254237288 106 7 6 16 0.0006298016333097749]
[0.0006298016333097749 'Conceptual' 0.016077590400781303
 0.27223221158537936 0.1694915254237288 106 7 6 17 0.0006298016333097749]
[0.0006298016333097749 'Conceptual' 0.016077590400781303
 0.27223221158537936 0.1694915254237288 106 7 6 18 0.0006298016333097749]
[0.0006298016333097749 'Conceptual' 0.016077590400781303
 0.27223221158537936 0.1694915254237288 106 7 6 19 0.0006298016333097749]
[0.0 'Conceptual' 0.016077590400781303 0.27223221158537936 0.0 106 7 8 0
 0.0]
[1.1298335554761267 'Conceptual' 0.016077590400781303 0.27223221158537936
 0.847457627118644 106 7 8 1 1.1298335554761267]
[0.009687966976410436 'Conceptual' 0.016077590400781303
 0.27223221158537936 0.559322033898305 106 7 8 2 0.009687966976410436]
[0.0006298016333097749 'Conceptual' 0.016077590400781303
 0.27223221158537936 0.1694915254237288 106 7 8 3 0.0006298016333097749]
[0.0006298016333097749 'Conceptual' 0.016077590400781303
 0.27223221158537936 0.1694915254237288 106 7 8 4 0.0006298016333097749]
[0.0006298016333097749 'Conceptual' 0.016077590400781303
 0.27223221158537936 0.1694915254237288 106 7 8 5 0.0006298016333097749]
[0.0006298016333097749 'Conceptual' 0.016077590400781303
 0.27223221158537936 0.1694915254237288 106 7 8 6 0.0006298016333097749]
[1.9800653516684643 'Conceptual' 0.016077590400781303 0.27223221158537936
 10.169491525423728 106 7 8 7 1.9800653516684643]
[1.7430967866679816 'Conceptual' 0.016077590400781303 0.27223221158537936
 10.169491525423728 106 7 8 8 1.7430967866679816]
[1.544261572571582 'Conceptual' 0.016077590400781303 0.27223221158537936
 9.711864406779661 106 7 8 9 1.544261572571582]
[1.3667215473600736 'Conceptual' 0.016077590400781303 0.27223221158537936
 9.152542372881355 106 7 8 10 1.3667215473600736]
[4.633145924001453 'Conceptual' 0.016077590400781303 0.27223221158537936
 10.169491525423728 106 7 8 11 4.633145924001453]
[0.0006298016333097749 'Conceptual' 0.016077590400781303
 0.27223221158537936 0.847457627118644 106 7 8 12 0.0006298016333097749]
[0.0006298016333097749 'Conceptual' 0.016077590400781303
 0.27223221158537936 0.1694915254237288 106 7 8 13 0.0006298016333097749]
[0.0006298016333097749 'Conceptual' 0.016077590400781303
 0.27223221158537936 0.1694915254237288 106 7 8 14 0.0006298016333097749]
[0.0006298016333097749 'Conceptual' 0.016077590400781303
 0.27223221158537936 0.1694915254237288 106 7 8 15 0.0006298016333097749]
[0.0006298016333097749 'Conceptual' 0.016077590400781303
 0.27223221158537936 0.1694915254237288 106 7 8 16 0.0006298016333097749]
[0.0006298016333097749 'Conceptual' 0.016077590400781303
 0.27223221158537936 0.1694915254237288 106 7 8 17 0.0006298016333097749]
[0.0006298016333097749 'Conceptual' 0.016077590400781303
 0.27223221158537936 0.1694915254237288 106 7 8 18 0.0006298016333097749]
[0.0006298016333097749 'Conceptual' 0.016077590400781303
 0.27223221158537936 0.1694915254237288 106 7 8 19 0.0006298016333097749]
