[0.0 'Spatial' 0.09823164405810819 0.163139448583891 0.0 55 5 0 0 0.0]
[3.954898774939362 'Spatial' 0.09823164405810819 0.163139448583891
 7.847457627118644 55 5 0 1 3.954898774939362]
[4.207148160697065 'Spatial' 0.09823164405810819 0.163139448583891
 0.1694915254237288 55 5 0 2 4.207148160697065]
[2.688156072347124 'Spatial' 0.09823164405810819 0.163139448583891
 0.1694915254237288 55 5 0 3 2.688156072347124]
[2.848314966800344 'Spatial' 0.09823164405810819 0.163139448583891
 4.1525423728813555 55 5 0 4 2.848314966800344]
[4.102013735466455 'Spatial' 0.09823164405810819 0.163139448583891
 10.169491525423728 55 5 0 5 4.102013735466455]
[5.290946159365242 'Spatial' 0.09823164405810819 0.163139448583891
 10.169491525423728 55 5 0 6 5.290946159365242]
[4.161457814584256 'Spatial' 0.09823164405810819 0.163139448583891
 10.169491525423728 55 5 0 7 4.161457814584256]
[4.932968713113799 'Spatial' 0.09823164405810819 0.163139448583891
 10.169491525423728 55 5 0 8 4.932968713113799]
[3.968751819908531 'Spatial' 0.09823164405810819 0.163139448583891
 10.169491525423728 55 5 0 9 3.968751819908531]
[4.0543485144910845 'Spatial' 0.09823164405810819 0.163139448583891
 10.169491525423728 55 5 0 10 4.0543485144910845]
[1.938529888690968 'Spatial' 0.09823164405810819 0.163139448583891
 2.084745762711864 55 5 0 11 1.938529888690968]
[3.63673497370964 'Spatial' 0.09823164405810819 0.163139448583891
 8.627118644067796 55 5 0 12 3.63673497370964]
[4.3245635459005864 'Spatial' 0.09823164405810819 0.163139448583891
 10.169491525423728 55 5 0 13 4.3245635459005864]
[1.1763573599811425 'Spatial' 0.09823164405810819 0.163139448583891
 2.5932203389830506 55 5 0 14 1.1763573599811425]
[1.8041145796521223 'Spatial' 0.09823164405810819 0.163139448583891
 3.949152542372881 55 5 0 15 1.8041145796521223]
[1.4089715488381749 'Spatial' 0.09823164405810819 0.163139448583891
 1.5762711864406778 55 5 0 16 1.4089715488381749]
[5.0133465122567165 'Spatial' 0.09823164405810819 0.163139448583891
 10.169491525423728 55 5 0 17 5.0133465122567165]
[1.6766533030048447 'Spatial' 0.09823164405810819 0.163139448583891
 3.4406779661016946 55 5 0 18 1.6766533030048447]
[3.483114591395809 'Spatial' 0.09823164405810819 0.163139448583891
 7.881355932203389 55 5 0 19 3.483114591395809]
[0.0 'Spatial' 0.09823164405810819 0.163139448583891 0.0 55 5 1 0 0.0]
[3.954898774939362 'Spatial' 0.09823164405810819 0.163139448583891
 7.847457627118644 55 5 1 1 3.954898774939362]
[4.207148160697065 'Spatial' 0.09823164405810819 0.163139448583891
 0.1694915254237288 55 5 1 2 4.207148160697065]
[2.688156072347124 'Spatial' 0.09823164405810819 0.163139448583891
 0.1694915254237288 55 5 1 3 2.688156072347124]
[2.848314966800344 'Spatial' 0.09823164405810819 0.163139448583891
 4.1525423728813555 55 5 1 4 2.848314966800344]
[4.102013735466455 'Spatial' 0.09823164405810819 0.163139448583891
 10.169491525423728 55 5 1 5 4.102013735466455]
[5.290946159365242 'Spatial' 0.09823164405810819 0.163139448583891
 10.169491525423728 55 5 1 6 5.290946159365242]
[4.161457814584256 'Spatial' 0.09823164405810819 0.163139448583891
 10.169491525423728 55 5 1 7 4.161457814584256]
[4.932968713113799 'Spatial' 0.09823164405810819 0.163139448583891
 10.169491525423728 55 5 1 8 4.932968713113799]
[3.968751819908531 'Spatial' 0.09823164405810819 0.163139448583891
 10.169491525423728 55 5 1 9 3.968751819908531]
[4.0543485144910845 'Spatial' 0.09823164405810819 0.163139448583891
 10.169491525423728 55 5 1 10 4.0543485144910845]
[1.938529888690968 'Spatial' 0.09823164405810819 0.163139448583891
 2.084745762711864 55 5 1 11 1.938529888690968]
[3.63673497370964 'Spatial' 0.09823164405810819 0.163139448583891
 8.627118644067796 55 5 1 12 3.63673497370964]
[4.3245635459005864 'Spatial' 0.09823164405810819 0.163139448583891
 10.169491525423728 55 5 1 13 4.3245635459005864]
[1.1763573599811425 'Spatial' 0.09823164405810819 0.163139448583891
 2.5932203389830506 55 5 1 14 1.1763573599811425]
[1.8041145796521223 'Spatial' 0.09823164405810819 0.163139448583891
 3.949152542372881 55 5 1 15 1.8041145796521223]
[1.4089715488381749 'Spatial' 0.09823164405810819 0.163139448583891
 1.5762711864406778 55 5 1 16 1.4089715488381749]
[5.0133465122567165 'Spatial' 0.09823164405810819 0.163139448583891
 10.169491525423728 55 5 1 17 5.0133465122567165]
[1.6766533030048447 'Spatial' 0.09823164405810819 0.163139448583891
 3.4406779661016946 55 5 1 18 1.6766533030048447]
[3.483114591395809 'Spatial' 0.09823164405810819 0.163139448583891
 7.881355932203389 55 5 1 19 3.483114591395809]
[0.0 'Spatial' 0.09823164405810819 0.163139448583891 0.0 55 5 2 0 0.0]
[3.954898774939362 'Spatial' 0.09823164405810819 0.163139448583891
 7.847457627118644 55 5 2 1 3.954898774939362]
[4.207148160697065 'Spatial' 0.09823164405810819 0.163139448583891
 0.1694915254237288 55 5 2 2 4.207148160697065]
[2.688156072347124 'Spatial' 0.09823164405810819 0.163139448583891
 0.1694915254237288 55 5 2 3 2.688156072347124]
[2.848314966800344 'Spatial' 0.09823164405810819 0.163139448583891
 4.1525423728813555 55 5 2 4 2.848314966800344]
[4.102013735466455 'Spatial' 0.09823164405810819 0.163139448583891
 10.169491525423728 55 5 2 5 4.102013735466455]
[5.290946159365242 'Spatial' 0.09823164405810819 0.163139448583891
 10.169491525423728 55 5 2 6 5.290946159365242]
[4.161457814584256 'Spatial' 0.09823164405810819 0.163139448583891
 10.169491525423728 55 5 2 7 4.161457814584256]
[4.932968713113799 'Spatial' 0.09823164405810819 0.163139448583891
 10.169491525423728 55 5 2 8 4.932968713113799]
[3.968751819908531 'Spatial' 0.09823164405810819 0.163139448583891
 10.169491525423728 55 5 2 9 3.968751819908531]
[4.0543485144910845 'Spatial' 0.09823164405810819 0.163139448583891
 10.169491525423728 55 5 2 10 4.0543485144910845]
[1.938529888690968 'Spatial' 0.09823164405810819 0.163139448583891
 2.084745762711864 55 5 2 11 1.938529888690968]
[3.63673497370964 'Spatial' 0.09823164405810819 0.163139448583891
 8.627118644067796 55 5 2 12 3.63673497370964]
[4.3245635459005864 'Spatial' 0.09823164405810819 0.163139448583891
 10.169491525423728 55 5 2 13 4.3245635459005864]
[1.1763573599811425 'Spatial' 0.09823164405810819 0.163139448583891
 2.5932203389830506 55 5 2 14 1.1763573599811425]
[1.8041145796521223 'Spatial' 0.09823164405810819 0.163139448583891
 3.949152542372881 55 5 2 15 1.8041145796521223]
[1.4089715488381749 'Spatial' 0.09823164405810819 0.163139448583891
 1.5762711864406778 55 5 2 16 1.4089715488381749]
[5.0133465122567165 'Spatial' 0.09823164405810819 0.163139448583891
 10.169491525423728 55 5 2 17 5.0133465122567165]
[1.6766533030048447 'Spatial' 0.09823164405810819 0.163139448583891
 3.4406779661016946 55 5 2 18 1.6766533030048447]
[3.483114591395809 'Spatial' 0.09823164405810819 0.163139448583891
 7.881355932203389 55 5 2 19 3.483114591395809]
[0.0 'Spatial' 0.09823164405810819 0.163139448583891 0.0 55 5 3 0 0.0]
[3.954898774939362 'Spatial' 0.09823164405810819 0.163139448583891
 7.847457627118644 55 5 3 1 3.954898774939362]
[4.207148160697065 'Spatial' 0.09823164405810819 0.163139448583891
 0.1694915254237288 55 5 3 2 4.207148160697065]
[2.688156072347124 'Spatial' 0.09823164405810819 0.163139448583891
 0.1694915254237288 55 5 3 3 2.688156072347124]
[2.848314966800344 'Spatial' 0.09823164405810819 0.163139448583891
 4.1525423728813555 55 5 3 4 2.848314966800344]
[4.102013735466455 'Spatial' 0.09823164405810819 0.163139448583891
 10.169491525423728 55 5 3 5 4.102013735466455]
[5.290946159365242 'Spatial' 0.09823164405810819 0.163139448583891
 10.169491525423728 55 5 3 6 5.290946159365242]
[4.161457814584256 'Spatial' 0.09823164405810819 0.163139448583891
 10.169491525423728 55 5 3 7 4.161457814584256]
[4.932968713113799 'Spatial' 0.09823164405810819 0.163139448583891
 10.169491525423728 55 5 3 8 4.932968713113799]
[3.968751819908531 'Spatial' 0.09823164405810819 0.163139448583891
 10.169491525423728 55 5 3 9 3.968751819908531]
[4.0543485144910845 'Spatial' 0.09823164405810819 0.163139448583891
 10.169491525423728 55 5 3 10 4.0543485144910845]
[1.938529888690968 'Spatial' 0.09823164405810819 0.163139448583891
 2.084745762711864 55 5 3 11 1.938529888690968]
[3.63673497370964 'Spatial' 0.09823164405810819 0.163139448583891
 8.627118644067796 55 5 3 12 3.63673497370964]
[4.3245635459005864 'Spatial' 0.09823164405810819 0.163139448583891
 10.169491525423728 55 5 3 13 4.3245635459005864]
[1.1763573599811425 'Spatial' 0.09823164405810819 0.163139448583891
 2.5932203389830506 55 5 3 14 1.1763573599811425]
[1.8041145796521223 'Spatial' 0.09823164405810819 0.163139448583891
 3.949152542372881 55 5 3 15 1.8041145796521223]
[1.4089715488381749 'Spatial' 0.09823164405810819 0.163139448583891
 1.5762711864406778 55 5 3 16 1.4089715488381749]
[5.0133465122567165 'Spatial' 0.09823164405810819 0.163139448583891
 10.169491525423728 55 5 3 17 5.0133465122567165]
[1.6766533030048447 'Spatial' 0.09823164405810819 0.163139448583891
 3.4406779661016946 55 5 3 18 1.6766533030048447]
[3.483114591395809 'Spatial' 0.09823164405810819 0.163139448583891
 7.881355932203389 55 5 3 19 3.483114591395809]
[0.0 'Spatial' 0.09823164405810819 0.163139448583891 0.0 55 5 4 0 0.0]
[3.954898774939362 'Spatial' 0.09823164405810819 0.163139448583891
 7.847457627118644 55 5 4 1 3.954898774939362]
[4.207148160697065 'Spatial' 0.09823164405810819 0.163139448583891
 0.1694915254237288 55 5 4 2 4.207148160697065]
[2.688156072347124 'Spatial' 0.09823164405810819 0.163139448583891
 0.1694915254237288 55 5 4 3 2.688156072347124]
[2.848314966800344 'Spatial' 0.09823164405810819 0.163139448583891
 4.1525423728813555 55 5 4 4 2.848314966800344]
[4.102013735466455 'Spatial' 0.09823164405810819 0.163139448583891
 10.169491525423728 55 5 4 5 4.102013735466455]
[5.290946159365242 'Spatial' 0.09823164405810819 0.163139448583891
 10.169491525423728 55 5 4 6 5.290946159365242]
[4.161457814584256 'Spatial' 0.09823164405810819 0.163139448583891
 10.169491525423728 55 5 4 7 4.161457814584256]
[4.932968713113799 'Spatial' 0.09823164405810819 0.163139448583891
 10.169491525423728 55 5 4 8 4.932968713113799]
[3.968751819908531 'Spatial' 0.09823164405810819 0.163139448583891
 10.169491525423728 55 5 4 9 3.968751819908531]
[4.0543485144910845 'Spatial' 0.09823164405810819 0.163139448583891
 10.169491525423728 55 5 4 10 4.0543485144910845]
[1.938529888690968 'Spatial' 0.09823164405810819 0.163139448583891
 2.084745762711864 55 5 4 11 1.938529888690968]
[3.63673497370964 'Spatial' 0.09823164405810819 0.163139448583891
 8.627118644067796 55 5 4 12 3.63673497370964]
[4.3245635459005864 'Spatial' 0.09823164405810819 0.163139448583891
 10.169491525423728 55 5 4 13 4.3245635459005864]
[1.1763573599811425 'Spatial' 0.09823164405810819 0.163139448583891
 2.5932203389830506 55 5 4 14 1.1763573599811425]
[1.8041145796521223 'Spatial' 0.09823164405810819 0.163139448583891
 3.949152542372881 55 5 4 15 1.8041145796521223]
[1.4089715488381749 'Spatial' 0.09823164405810819 0.163139448583891
 1.5762711864406778 55 5 4 16 1.4089715488381749]
[5.0133465122567165 'Spatial' 0.09823164405810819 0.163139448583891
 10.169491525423728 55 5 4 17 5.0133465122567165]
[1.6766533030048447 'Spatial' 0.09823164405810819 0.163139448583891
 3.4406779661016946 55 5 4 18 1.6766533030048447]
[3.483114591395809 'Spatial' 0.09823164405810819 0.163139448583891
 7.881355932203389 55 5 4 19 3.483114591395809]
[0.0 'Spatial' 0.09823164405810819 0.163139448583891 0.0 55 5 6 0 0.0]
[3.954898774939362 'Spatial' 0.09823164405810819 0.163139448583891
 7.847457627118644 55 5 6 1 3.954898774939362]
[4.207148160697065 'Spatial' 0.09823164405810819 0.163139448583891
 0.1694915254237288 55 5 6 2 4.207148160697065]
[2.688156072347124 'Spatial' 0.09823164405810819 0.163139448583891
 0.1694915254237288 55 5 6 3 2.688156072347124]
[2.848314966800344 'Spatial' 0.09823164405810819 0.163139448583891
 4.1525423728813555 55 5 6 4 2.848314966800344]
[4.102013735466455 'Spatial' 0.09823164405810819 0.163139448583891
 10.169491525423728 55 5 6 5 4.102013735466455]
[5.290946159365242 'Spatial' 0.09823164405810819 0.163139448583891
 10.169491525423728 55 5 6 6 5.290946159365242]
[4.161457814584256 'Spatial' 0.09823164405810819 0.163139448583891
 10.169491525423728 55 5 6 7 4.161457814584256]
[4.932968713113799 'Spatial' 0.09823164405810819 0.163139448583891
 10.169491525423728 55 5 6 8 4.932968713113799]
[3.968751819908531 'Spatial' 0.09823164405810819 0.163139448583891
 10.169491525423728 55 5 6 9 3.968751819908531]
[4.0543485144910845 'Spatial' 0.09823164405810819 0.163139448583891
 10.169491525423728 55 5 6 10 4.0543485144910845]
[1.938529888690968 'Spatial' 0.09823164405810819 0.163139448583891
 2.084745762711864 55 5 6 11 1.938529888690968]
[3.63673497370964 'Spatial' 0.09823164405810819 0.163139448583891
 8.627118644067796 55 5 6 12 3.63673497370964]
[4.3245635459005864 'Spatial' 0.09823164405810819 0.163139448583891
 10.169491525423728 55 5 6 13 4.3245635459005864]
[1.1763573599811425 'Spatial' 0.09823164405810819 0.163139448583891
 2.5932203389830506 55 5 6 14 1.1763573599811425]
[1.8041145796521223 'Spatial' 0.09823164405810819 0.163139448583891
 3.949152542372881 55 5 6 15 1.8041145796521223]
[1.4089715488381749 'Spatial' 0.09823164405810819 0.163139448583891
 1.5762711864406778 55 5 6 16 1.4089715488381749]
[5.0133465122567165 'Spatial' 0.09823164405810819 0.163139448583891
 10.169491525423728 55 5 6 17 5.0133465122567165]
[1.6766533030048447 'Spatial' 0.09823164405810819 0.163139448583891
 3.4406779661016946 55 5 6 18 1.6766533030048447]
[3.483114591395809 'Spatial' 0.09823164405810819 0.163139448583891
 7.881355932203389 55 5 6 19 3.483114591395809]
[0.0 'Spatial' 0.09823164405810819 0.163139448583891 0.0 55 5 7 0 0.0]
[3.954898774939362 'Spatial' 0.09823164405810819 0.163139448583891
 7.847457627118644 55 5 7 1 3.954898774939362]
[4.207148160697065 'Spatial' 0.09823164405810819 0.163139448583891
 0.1694915254237288 55 5 7 2 4.207148160697065]
[2.688156072347124 'Spatial' 0.09823164405810819 0.163139448583891
 0.1694915254237288 55 5 7 3 2.688156072347124]
[2.848314966800344 'Spatial' 0.09823164405810819 0.163139448583891
 4.1525423728813555 55 5 7 4 2.848314966800344]
[4.102013735466455 'Spatial' 0.09823164405810819 0.163139448583891
 10.169491525423728 55 5 7 5 4.102013735466455]
[5.290946159365242 'Spatial' 0.09823164405810819 0.163139448583891
 10.169491525423728 55 5 7 6 5.290946159365242]
[4.161457814584256 'Spatial' 0.09823164405810819 0.163139448583891
 10.169491525423728 55 5 7 7 4.161457814584256]
[4.932968713113799 'Spatial' 0.09823164405810819 0.163139448583891
 10.169491525423728 55 5 7 8 4.932968713113799]
[3.968751819908531 'Spatial' 0.09823164405810819 0.163139448583891
 10.169491525423728 55 5 7 9 3.968751819908531]
[4.0543485144910845 'Spatial' 0.09823164405810819 0.163139448583891
 10.169491525423728 55 5 7 10 4.0543485144910845]
[1.938529888690968 'Spatial' 0.09823164405810819 0.163139448583891
 2.084745762711864 55 5 7 11 1.938529888690968]
[3.63673497370964 'Spatial' 0.09823164405810819 0.163139448583891
 8.627118644067796 55 5 7 12 3.63673497370964]
[4.3245635459005864 'Spatial' 0.09823164405810819 0.163139448583891
 10.169491525423728 55 5 7 13 4.3245635459005864]
[1.1763573599811425 'Spatial' 0.09823164405810819 0.163139448583891
 2.5932203389830506 55 5 7 14 1.1763573599811425]
[1.8041145796521223 'Spatial' 0.09823164405810819 0.163139448583891
 3.949152542372881 55 5 7 15 1.8041145796521223]
[1.4089715488381749 'Spatial' 0.09823164405810819 0.163139448583891
 1.5762711864406778 55 5 7 16 1.4089715488381749]
[5.0133465122567165 'Spatial' 0.09823164405810819 0.163139448583891
 10.169491525423728 55 5 7 17 5.0133465122567165]
[1.6766533030048447 'Spatial' 0.09823164405810819 0.163139448583891
 3.4406779661016946 55 5 7 18 1.6766533030048447]
[3.483114591395809 'Spatial' 0.09823164405810819 0.163139448583891
 7.881355932203389 55 5 7 19 3.483114591395809]
[0.0 'Spatial' 0.09823164405810819 0.163139448583891 0.0 55 5 8 0 0.0]
[3.954898774939362 'Spatial' 0.09823164405810819 0.163139448583891
 7.847457627118644 55 5 8 1 3.954898774939362]
[4.207148160697065 'Spatial' 0.09823164405810819 0.163139448583891
 0.1694915254237288 55 5 8 2 4.207148160697065]
[2.688156072347124 'Spatial' 0.09823164405810819 0.163139448583891
 0.1694915254237288 55 5 8 3 2.688156072347124]
[2.848314966800344 'Spatial' 0.09823164405810819 0.163139448583891
 4.1525423728813555 55 5 8 4 2.848314966800344]
[4.102013735466455 'Spatial' 0.09823164405810819 0.163139448583891
 10.169491525423728 55 5 8 5 4.102013735466455]
[5.290946159365242 'Spatial' 0.09823164405810819 0.163139448583891
 10.169491525423728 55 5 8 6 5.290946159365242]
[4.161457814584256 'Spatial' 0.09823164405810819 0.163139448583891
 10.169491525423728 55 5 8 7 4.161457814584256]
[4.932968713113799 'Spatial' 0.09823164405810819 0.163139448583891
 10.169491525423728 55 5 8 8 4.932968713113799]
[3.968751819908531 'Spatial' 0.09823164405810819 0.163139448583891
 10.169491525423728 55 5 8 9 3.968751819908531]
[4.0543485144910845 'Spatial' 0.09823164405810819 0.163139448583891
 10.169491525423728 55 5 8 10 4.0543485144910845]
[1.938529888690968 'Spatial' 0.09823164405810819 0.163139448583891
 2.084745762711864 55 5 8 11 1.938529888690968]
[3.63673497370964 'Spatial' 0.09823164405810819 0.163139448583891
 8.627118644067796 55 5 8 12 3.63673497370964]
[4.3245635459005864 'Spatial' 0.09823164405810819 0.163139448583891
 10.169491525423728 55 5 8 13 4.3245635459005864]
[1.1763573599811425 'Spatial' 0.09823164405810819 0.163139448583891
 2.5932203389830506 55 5 8 14 1.1763573599811425]
[1.8041145796521223 'Spatial' 0.09823164405810819 0.163139448583891
 3.949152542372881 55 5 8 15 1.8041145796521223]
[1.4089715488381749 'Spatial' 0.09823164405810819 0.163139448583891
 1.5762711864406778 55 5 8 16 1.4089715488381749]
[5.0133465122567165 'Spatial' 0.09823164405810819 0.163139448583891
 10.169491525423728 55 5 8 17 5.0133465122567165]
[1.6766533030048447 'Spatial' 0.09823164405810819 0.163139448583891
 3.4406779661016946 55 5 8 18 1.6766533030048447]
[3.483114591395809 'Spatial' 0.09823164405810819 0.163139448583891
 7.881355932203389 55 5 8 19 3.483114591395809]
