[0.0 'Spatial' 0.019561997273094347 0.5694149443169536 0.0 61 3 0 0 0.0]
[2.8559836320131735 'Spatial' 0.019561997273094347 0.5694149443169536
 6.830508474576271 61 3 0 1 2.8559836320131735]
[1.5949070231601468 'Spatial' 0.019561997273094347 0.5694149443169536
 4.016949152542373 61 3 0 2 1.5949070231601468]
[2.8171559772314607 'Spatial' 0.019561997273094347 0.5694149443169536
 3.3728813559322033 61 3 0 3 2.8171559772314607]
[1.201275831494892 'Spatial' 0.019561997273094347 0.5694149443169536
 4.898305084745762 61 3 0 4 1.201275831494892]
[1.9919524325492552 'Spatial' 0.019561997273094347 0.5694149443169536
 1.5254237288135593 61 3 0 5 1.9919524325492552]
[0.3794005732668043 'Spatial' 0.019561997273094347 0.5694149443169536
 0.847457627118644 61 3 0 6 0.3794005732668043]
[1.3768674426730927 'Spatial' 0.019561997273094347 0.5694149443169536
 0.4915254237288135 61 3 0 7 1.3768674426730927]
[3.223101368199393 'Spatial' 0.019561997273094347 0.5694149443169536
 0.38983050847457623 61 3 0 8 3.223101368199393]
[0.0006298016333097749 'Spatial' 0.019561997273094347 0.5694149443169536
 0.6779661016949152 61 3 0 9 0.0006298016333097749]
[0.0006298016333097749 'Spatial' 0.019561997273094347 0.5694149443169536
 0.1694915254237288 61 3 0 10 0.0006298016333097749]
[0.0006298016333097749 'Spatial' 0.019561997273094347 0.5694149443169536
 0.1694915254237288 61 3 0 11 0.0006298016333097749]
[0.0006298016333097749 'Spatial' 0.019561997273094347 0.5694149443169536
 0.1694915254237288 61 3 0 12 0.0006298016333097749]
[0.0006298016333097749 'Spatial' 0.019561997273094347 0.5694149443169536
 0.1694915254237288 61 3 0 13 0.0006298016333097749]
[0.0006298016333097749 'Spatial' 0.019561997273094347 0.5694149443169536
 0.1694915254237288 61 3 0 14 0.0006298016333097749]
[0.0006298016333097749 'Spatial' 0.019561997273094347 0.5694149443169536
 0.1694915254237288 61 3 0 15 0.0006298016333097749]
[0.0006298016333097749 'Spatial' 0.019561997273094347 0.5694149443169536
 0.1694915254237288 61 3 0 16 0.0006298016333097749]
[0.0006298016333097749 'Spatial' 0.019561997273094347 0.5694149443169536
 0.1694915254237288 61 3 0 17 0.0006298016333097749]
[0.0006298016333097749 'Spatial' 0.019561997273094347 0.5694149443169536
 0.1694915254237288 61 3 0 18 0.0006298016333097749]
[0.0006298016333097749 'Spatial' 0.019561997273094347 0.5694149443169536
 0.1694915254237288 61 3 0 19 0.0006298016333097749]
[0.0 'Spatial' 0.019561997273094347 0.5694149443169536 0.0 61 3 1 0 0.0]
[2.8559836320131735 'Spatial' 0.019561997273094347 0.5694149443169536
 6.830508474576271 61 3 1 1 2.8559836320131735]
[1.5949070231601468 'Spatial' 0.019561997273094347 0.5694149443169536
 4.016949152542373 61 3 1 2 1.5949070231601468]
[2.8171559772314607 'Spatial' 0.019561997273094347 0.5694149443169536
 3.3728813559322033 61 3 1 3 2.8171559772314607]
[1.201275831494892 'Spatial' 0.019561997273094347 0.5694149443169536
 4.898305084745762 61 3 1 4 1.201275831494892]
[1.9919524325492552 'Spatial' 0.019561997273094347 0.5694149443169536
 1.5254237288135593 61 3 1 5 1.9919524325492552]
[0.3794005732668043 'Spatial' 0.019561997273094347 0.5694149443169536
 0.847457627118644 61 3 1 6 0.3794005732668043]
[1.3768674426730927 'Spatial' 0.019561997273094347 0.5694149443169536
 0.4915254237288135 61 3 1 7 1.3768674426730927]
[3.223101368199393 'Spatial' 0.019561997273094347 0.5694149443169536
 0.38983050847457623 61 3 1 8 3.223101368199393]
[0.0006298016333097749 'Spatial' 0.019561997273094347 0.5694149443169536
 0.6779661016949152 61 3 1 9 0.0006298016333097749]
[0.0006298016333097749 'Spatial' 0.019561997273094347 0.5694149443169536
 0.1694915254237288 61 3 1 10 0.0006298016333097749]
[0.0006298016333097749 'Spatial' 0.019561997273094347 0.5694149443169536
 0.1694915254237288 61 3 1 11 0.0006298016333097749]
[0.0006298016333097749 'Spatial' 0.019561997273094347 0.5694149443169536
 0.1694915254237288 61 3 1 12 0.0006298016333097749]
[0.0006298016333097749 'Spatial' 0.019561997273094347 0.5694149443169536
 0.1694915254237288 61 3 1 13 0.0006298016333097749]
[0.0006298016333097749 'Spatial' 0.019561997273094347 0.5694149443169536
 0.1694915254237288 61 3 1 14 0.0006298016333097749]
[0.0006298016333097749 'Spatial' 0.019561997273094347 0.5694149443169536
 0.1694915254237288 61 3 1 15 0.0006298016333097749]
[0.0006298016333097749 'Spatial' 0.019561997273094347 0.5694149443169536
 0.1694915254237288 61 3 1 16 0.0006298016333097749]
[0.0006298016333097749 'Spatial' 0.019561997273094347 0.5694149443169536
 0.1694915254237288 61 3 1 17 0.0006298016333097749]
[0.0006298016333097749 'Spatial' 0.019561997273094347 0.5694149443169536
 0.1694915254237288 61 3 1 18 0.0006298016333097749]
[0.0006298016333097749 'Spatial' 0.019561997273094347 0.5694149443169536
 0.1694915254237288 61 3 1 19 0.0006298016333097749]
[0.0 'Spatial' 0.019561997273094347 0.5694149443169536 0.0 61 3 2 0 0.0]
[2.8559836320131735 'Spatial' 0.019561997273094347 0.5694149443169536
 6.830508474576271 61 3 2 1 2.8559836320131735]
[1.5949070231601468 'Spatial' 0.019561997273094347 0.5694149443169536
 4.016949152542373 61 3 2 2 1.5949070231601468]
[2.8171559772314607 'Spatial' 0.019561997273094347 0.5694149443169536
 3.3728813559322033 61 3 2 3 2.8171559772314607]
[1.201275831494892 'Spatial' 0.019561997273094347 0.5694149443169536
 4.898305084745762 61 3 2 4 1.201275831494892]
[1.9919524325492552 'Spatial' 0.019561997273094347 0.5694149443169536
 1.5254237288135593 61 3 2 5 1.9919524325492552]
[0.3794005732668043 'Spatial' 0.019561997273094347 0.5694149443169536
 0.847457627118644 61 3 2 6 0.3794005732668043]
[1.3768674426730927 'Spatial' 0.019561997273094347 0.5694149443169536
 0.4915254237288135 61 3 2 7 1.3768674426730927]
[3.223101368199393 'Spatial' 0.019561997273094347 0.5694149443169536
 0.38983050847457623 61 3 2 8 3.223101368199393]
[0.0006298016333097749 'Spatial' 0.019561997273094347 0.5694149443169536
 0.6779661016949152 61 3 2 9 0.0006298016333097749]
[0.0006298016333097749 'Spatial' 0.019561997273094347 0.5694149443169536
 0.1694915254237288 61 3 2 10 0.0006298016333097749]
[0.0006298016333097749 'Spatial' 0.019561997273094347 0.5694149443169536
 0.1694915254237288 61 3 2 11 0.0006298016333097749]
[0.0006298016333097749 'Spatial' 0.019561997273094347 0.5694149443169536
 0.1694915254237288 61 3 2 12 0.0006298016333097749]
[0.0006298016333097749 'Spatial' 0.019561997273094347 0.5694149443169536
 0.1694915254237288 61 3 2 13 0.0006298016333097749]
[0.0006298016333097749 'Spatial' 0.019561997273094347 0.5694149443169536
 0.1694915254237288 61 3 2 14 0.0006298016333097749]
[0.0006298016333097749 'Spatial' 0.019561997273094347 0.5694149443169536
 0.1694915254237288 61 3 2 15 0.0006298016333097749]
[0.0006298016333097749 'Spatial' 0.019561997273094347 0.5694149443169536
 0.1694915254237288 61 3 2 16 0.0006298016333097749]
[0.0006298016333097749 'Spatial' 0.019561997273094347 0.5694149443169536
 0.1694915254237288 61 3 2 17 0.0006298016333097749]
[0.0006298016333097749 'Spatial' 0.019561997273094347 0.5694149443169536
 0.1694915254237288 61 3 2 18 0.0006298016333097749]
[0.0006298016333097749 'Spatial' 0.019561997273094347 0.5694149443169536
 0.1694915254237288 61 3 2 19 0.0006298016333097749]
[0.0 'Spatial' 0.019561997273094347 0.5694149443169536 0.0 61 3 4 0 0.0]
[2.8559836320131735 'Spatial' 0.019561997273094347 0.5694149443169536
 6.830508474576271 61 3 4 1 2.8559836320131735]
[1.5949070231601468 'Spatial' 0.019561997273094347 0.5694149443169536
 4.016949152542373 61 3 4 2 1.5949070231601468]
[2.8171559772314607 'Spatial' 0.019561997273094347 0.5694149443169536
 3.3728813559322033 61 3 4 3 2.8171559772314607]
[1.201275831494892 'Spatial' 0.019561997273094347 0.5694149443169536
 4.898305084745762 61 3 4 4 1.201275831494892]
[1.9919524325492552 'Spatial' 0.019561997273094347 0.5694149443169536
 1.5254237288135593 61 3 4 5 1.9919524325492552]
[0.3794005732668043 'Spatial' 0.019561997273094347 0.5694149443169536
 0.847457627118644 61 3 4 6 0.3794005732668043]
[1.3768674426730927 'Spatial' 0.019561997273094347 0.5694149443169536
 0.4915254237288135 61 3 4 7 1.3768674426730927]
[3.223101368199393 'Spatial' 0.019561997273094347 0.5694149443169536
 0.38983050847457623 61 3 4 8 3.223101368199393]
[0.0006298016333097749 'Spatial' 0.019561997273094347 0.5694149443169536
 0.6779661016949152 61 3 4 9 0.0006298016333097749]
[0.0006298016333097749 'Spatial' 0.019561997273094347 0.5694149443169536
 0.1694915254237288 61 3 4 10 0.0006298016333097749]
[0.0006298016333097749 'Spatial' 0.019561997273094347 0.5694149443169536
 0.1694915254237288 61 3 4 11 0.0006298016333097749]
[0.0006298016333097749 'Spatial' 0.019561997273094347 0.5694149443169536
 0.1694915254237288 61 3 4 12 0.0006298016333097749]
[0.0006298016333097749 'Spatial' 0.019561997273094347 0.5694149443169536
 0.1694915254237288 61 3 4 13 0.0006298016333097749]
[0.0006298016333097749 'Spatial' 0.019561997273094347 0.5694149443169536
 0.1694915254237288 61 3 4 14 0.0006298016333097749]
[0.0006298016333097749 'Spatial' 0.019561997273094347 0.5694149443169536
 0.1694915254237288 61 3 4 15 0.0006298016333097749]
[0.0006298016333097749 'Spatial' 0.019561997273094347 0.5694149443169536
 0.1694915254237288 61 3 4 16 0.0006298016333097749]
[0.0006298016333097749 'Spatial' 0.019561997273094347 0.5694149443169536
 0.1694915254237288 61 3 4 17 0.0006298016333097749]
[0.0006298016333097749 'Spatial' 0.019561997273094347 0.5694149443169536
 0.1694915254237288 61 3 4 18 0.0006298016333097749]
[0.0006298016333097749 'Spatial' 0.019561997273094347 0.5694149443169536
 0.1694915254237288 61 3 4 19 0.0006298016333097749]
[0.0 'Spatial' 0.019561997273094347 0.5694149443169536 0.0 61 3 5 0 0.0]
[2.8559836320131735 'Spatial' 0.019561997273094347 0.5694149443169536
 6.830508474576271 61 3 5 1 2.8559836320131735]
[1.5949070231601468 'Spatial' 0.019561997273094347 0.5694149443169536
 4.016949152542373 61 3 5 2 1.5949070231601468]
[2.8171559772314607 'Spatial' 0.019561997273094347 0.5694149443169536
 3.3728813559322033 61 3 5 3 2.8171559772314607]
[1.201275831494892 'Spatial' 0.019561997273094347 0.5694149443169536
 4.898305084745762 61 3 5 4 1.201275831494892]
[1.9919524325492552 'Spatial' 0.019561997273094347 0.5694149443169536
 1.5254237288135593 61 3 5 5 1.9919524325492552]
[0.3794005732668043 'Spatial' 0.019561997273094347 0.5694149443169536
 0.847457627118644 61 3 5 6 0.3794005732668043]
[1.3768674426730927 'Spatial' 0.019561997273094347 0.5694149443169536
 0.4915254237288135 61 3 5 7 1.3768674426730927]
[3.223101368199393 'Spatial' 0.019561997273094347 0.5694149443169536
 0.38983050847457623 61 3 5 8 3.223101368199393]
[0.0006298016333097749 'Spatial' 0.019561997273094347 0.5694149443169536
 0.6779661016949152 61 3 5 9 0.0006298016333097749]
[0.0006298016333097749 'Spatial' 0.019561997273094347 0.5694149443169536
 0.1694915254237288 61 3 5 10 0.0006298016333097749]
[0.0006298016333097749 'Spatial' 0.019561997273094347 0.5694149443169536
 0.1694915254237288 61 3 5 11 0.0006298016333097749]
[0.0006298016333097749 'Spatial' 0.019561997273094347 0.5694149443169536
 0.1694915254237288 61 3 5 12 0.0006298016333097749]
[0.0006298016333097749 'Spatial' 0.019561997273094347 0.5694149443169536
 0.1694915254237288 61 3 5 13 0.0006298016333097749]
[0.0006298016333097749 'Spatial' 0.019561997273094347 0.5694149443169536
 0.1694915254237288 61 3 5 14 0.0006298016333097749]
[0.0006298016333097749 'Spatial' 0.019561997273094347 0.5694149443169536
 0.1694915254237288 61 3 5 15 0.0006298016333097749]
[0.0006298016333097749 'Spatial' 0.019561997273094347 0.5694149443169536
 0.1694915254237288 61 3 5 16 0.0006298016333097749]
[0.0006298016333097749 'Spatial' 0.019561997273094347 0.5694149443169536
 0.1694915254237288 61 3 5 17 0.0006298016333097749]
[0.0006298016333097749 'Spatial' 0.019561997273094347 0.5694149443169536
 0.1694915254237288 61 3 5 18 0.0006298016333097749]
[0.0006298016333097749 'Spatial' 0.019561997273094347 0.5694149443169536
 0.1694915254237288 61 3 5 19 0.0006298016333097749]
[0.0 'Spatial' 0.019561997273094347 0.5694149443169536 0.0 61 3 6 0 0.0]
[2.8559836320131735 'Spatial' 0.019561997273094347 0.5694149443169536
 6.830508474576271 61 3 6 1 2.8559836320131735]
[1.5949070231601468 'Spatial' 0.019561997273094347 0.5694149443169536
 4.016949152542373 61 3 6 2 1.5949070231601468]
[2.8171559772314607 'Spatial' 0.019561997273094347 0.5694149443169536
 3.3728813559322033 61 3 6 3 2.8171559772314607]
[1.201275831494892 'Spatial' 0.019561997273094347 0.5694149443169536
 4.898305084745762 61 3 6 4 1.201275831494892]
[1.9919524325492552 'Spatial' 0.019561997273094347 0.5694149443169536
 1.5254237288135593 61 3 6 5 1.9919524325492552]
[0.3794005732668043 'Spatial' 0.019561997273094347 0.5694149443169536
 0.847457627118644 61 3 6 6 0.3794005732668043]
[1.3768674426730927 'Spatial' 0.019561997273094347 0.5694149443169536
 0.4915254237288135 61 3 6 7 1.3768674426730927]
[3.223101368199393 'Spatial' 0.019561997273094347 0.5694149443169536
 0.38983050847457623 61 3 6 8 3.223101368199393]
[0.0006298016333097749 'Spatial' 0.019561997273094347 0.5694149443169536
 0.6779661016949152 61 3 6 9 0.0006298016333097749]
[0.0006298016333097749 'Spatial' 0.019561997273094347 0.5694149443169536
 0.1694915254237288 61 3 6 10 0.0006298016333097749]
[0.0006298016333097749 'Spatial' 0.019561997273094347 0.5694149443169536
 0.1694915254237288 61 3 6 11 0.0006298016333097749]
[0.0006298016333097749 'Spatial' 0.019561997273094347 0.5694149443169536
 0.1694915254237288 61 3 6 12 0.0006298016333097749]
[0.0006298016333097749 'Spatial' 0.019561997273094347 0.5694149443169536
 0.1694915254237288 61 3 6 13 0.0006298016333097749]
[0.0006298016333097749 'Spatial' 0.019561997273094347 0.5694149443169536
 0.1694915254237288 61 3 6 14 0.0006298016333097749]
[0.0006298016333097749 'Spatial' 0.019561997273094347 0.5694149443169536
 0.1694915254237288 61 3 6 15 0.0006298016333097749]
[0.0006298016333097749 'Spatial' 0.019561997273094347 0.5694149443169536
 0.1694915254237288 61 3 6 16 0.0006298016333097749]
[0.0006298016333097749 'Spatial' 0.019561997273094347 0.5694149443169536
 0.1694915254237288 61 3 6 17 0.0006298016333097749]
[0.0006298016333097749 'Spatial' 0.019561997273094347 0.5694149443169536
 0.1694915254237288 61 3 6 18 0.0006298016333097749]
[0.0006298016333097749 'Spatial' 0.019561997273094347 0.5694149443169536
 0.1694915254237288 61 3 6 19 0.0006298016333097749]
[0.0 'Spatial' 0.019561997273094347 0.5694149443169536 0.0 61 3 7 0 0.0]
[2.8559836320131735 'Spatial' 0.019561997273094347 0.5694149443169536
 6.830508474576271 61 3 7 1 2.8559836320131735]
[1.5949070231601468 'Spatial' 0.019561997273094347 0.5694149443169536
 4.016949152542373 61 3 7 2 1.5949070231601468]
[2.8171559772314607 'Spatial' 0.019561997273094347 0.5694149443169536
 3.3728813559322033 61 3 7 3 2.8171559772314607]
[1.201275831494892 'Spatial' 0.019561997273094347 0.5694149443169536
 4.898305084745762 61 3 7 4 1.201275831494892]
[1.9919524325492552 'Spatial' 0.019561997273094347 0.5694149443169536
 1.5254237288135593 61 3 7 5 1.9919524325492552]
[0.3794005732668043 'Spatial' 0.019561997273094347 0.5694149443169536
 0.847457627118644 61 3 7 6 0.3794005732668043]
[1.3768674426730927 'Spatial' 0.019561997273094347 0.5694149443169536
 0.4915254237288135 61 3 7 7 1.3768674426730927]
[3.223101368199393 'Spatial' 0.019561997273094347 0.5694149443169536
 0.38983050847457623 61 3 7 8 3.223101368199393]
[0.0006298016333097749 'Spatial' 0.019561997273094347 0.5694149443169536
 0.6779661016949152 61 3 7 9 0.0006298016333097749]
[0.0006298016333097749 'Spatial' 0.019561997273094347 0.5694149443169536
 0.1694915254237288 61 3 7 10 0.0006298016333097749]
[0.0006298016333097749 'Spatial' 0.019561997273094347 0.5694149443169536
 0.1694915254237288 61 3 7 11 0.0006298016333097749]
[0.0006298016333097749 'Spatial' 0.019561997273094347 0.5694149443169536
 0.1694915254237288 61 3 7 12 0.0006298016333097749]
[0.0006298016333097749 'Spatial' 0.019561997273094347 0.5694149443169536
 0.1694915254237288 61 3 7 13 0.0006298016333097749]
[0.0006298016333097749 'Spatial' 0.019561997273094347 0.5694149443169536
 0.1694915254237288 61 3 7 14 0.0006298016333097749]
[0.0006298016333097749 'Spatial' 0.019561997273094347 0.5694149443169536
 0.1694915254237288 61 3 7 15 0.0006298016333097749]
[0.0006298016333097749 'Spatial' 0.019561997273094347 0.5694149443169536
 0.1694915254237288 61 3 7 16 0.0006298016333097749]
[0.0006298016333097749 'Spatial' 0.019561997273094347 0.5694149443169536
 0.1694915254237288 61 3 7 17 0.0006298016333097749]
[0.0006298016333097749 'Spatial' 0.019561997273094347 0.5694149443169536
 0.1694915254237288 61 3 7 18 0.0006298016333097749]
[0.0006298016333097749 'Spatial' 0.019561997273094347 0.5694149443169536
 0.1694915254237288 61 3 7 19 0.0006298016333097749]
[0.0 'Spatial' 0.019561997273094347 0.5694149443169536 0.0 61 3 8 0 0.0]
[2.8559836320131735 'Spatial' 0.019561997273094347 0.5694149443169536
 6.830508474576271 61 3 8 1 2.8559836320131735]
[1.5949070231601468 'Spatial' 0.019561997273094347 0.5694149443169536
 4.016949152542373 61 3 8 2 1.5949070231601468]
[2.8171559772314607 'Spatial' 0.019561997273094347 0.5694149443169536
 3.3728813559322033 61 3 8 3 2.8171559772314607]
[1.201275831494892 'Spatial' 0.019561997273094347 0.5694149443169536
 4.898305084745762 61 3 8 4 1.201275831494892]
[1.9919524325492552 'Spatial' 0.019561997273094347 0.5694149443169536
 1.5254237288135593 61 3 8 5 1.9919524325492552]
[0.3794005732668043 'Spatial' 0.019561997273094347 0.5694149443169536
 0.847457627118644 61 3 8 6 0.3794005732668043]
[1.3768674426730927 'Spatial' 0.019561997273094347 0.5694149443169536
 0.4915254237288135 61 3 8 7 1.3768674426730927]
[3.223101368199393 'Spatial' 0.019561997273094347 0.5694149443169536
 0.38983050847457623 61 3 8 8 3.223101368199393]
[0.0006298016333097749 'Spatial' 0.019561997273094347 0.5694149443169536
 0.6779661016949152 61 3 8 9 0.0006298016333097749]
[0.0006298016333097749 'Spatial' 0.019561997273094347 0.5694149443169536
 0.1694915254237288 61 3 8 10 0.0006298016333097749]
[0.0006298016333097749 'Spatial' 0.019561997273094347 0.5694149443169536
 0.1694915254237288 61 3 8 11 0.0006298016333097749]
[0.0006298016333097749 'Spatial' 0.019561997273094347 0.5694149443169536
 0.1694915254237288 61 3 8 12 0.0006298016333097749]
[0.0006298016333097749 'Spatial' 0.019561997273094347 0.5694149443169536
 0.1694915254237288 61 3 8 13 0.0006298016333097749]
[0.0006298016333097749 'Spatial' 0.019561997273094347 0.5694149443169536
 0.1694915254237288 61 3 8 14 0.0006298016333097749]
[0.0006298016333097749 'Spatial' 0.019561997273094347 0.5694149443169536
 0.1694915254237288 61 3 8 15 0.0006298016333097749]
[0.0006298016333097749 'Spatial' 0.019561997273094347 0.5694149443169536
 0.1694915254237288 61 3 8 16 0.0006298016333097749]
[0.0006298016333097749 'Spatial' 0.019561997273094347 0.5694149443169536
 0.1694915254237288 61 3 8 17 0.0006298016333097749]
[0.0006298016333097749 'Spatial' 0.019561997273094347 0.5694149443169536
 0.1694915254237288 61 3 8 18 0.0006298016333097749]
[0.0006298016333097749 'Spatial' 0.019561997273094347 0.5694149443169536
 0.1694915254237288 61 3 8 19 0.0006298016333097749]
