[0.0 'Spatial' 0.0986468057584204 0.22381290507514442 0.0 94 2 0 0 0.0]
[3.574363879298274 'Spatial' 0.0986468057584204 0.22381290507514442
 0.9999999999999999 94 2 0 1 3.574363879298274]
[3.5003066401257668 'Spatial' 0.0986468057584204 0.22381290507514442
 6.949152542372881 94 2 0 2 3.5003066401257668]
[3.904666866152185 'Spatial' 0.0986468057584204 0.22381290507514442
 9.576271186440678 94 2 0 3 3.904666866152185]
[1.1685003132988008 'Spatial' 0.0986468057584204 0.22381290507514442
 1.3389830508474576 94 2 0 4 1.1685003132988008]
[4.707487218282236 'Spatial' 0.0986468057584204 0.22381290507514442
 0.1694915254237288 94 2 0 5 4.707487218282236]
[4.340410893207406 'Spatial' 0.0986468057584204 0.22381290507514442
 0.6610169491525423 94 2 0 6 4.340410893207406]
[0.5121904928090587 'Spatial' 0.0986468057584204 0.22381290507514442
 0.847457627118644 94 2 0 7 0.5121904928090587]
[1.2061090456991794 'Spatial' 0.0986468057584204 0.22381290507514442
 2.5932203389830506 94 2 0 8 1.2061090456991794]
[1.6242455303117402 'Spatial' 0.0986468057584204 0.22381290507514442
 3.7796610169491522 94 2 0 9 1.6242455303117402]
[0.13210531800469574 'Spatial' 0.0986468057584204 0.22381290507514442
 0.4915254237288135 94 2 0 10 0.13210531800469574]
[0.0009563293124461101 'Spatial' 0.0986468057584204 0.22381290507514442
 0.38983050847457623 94 2 0 11 0.0009563293124461101]
[0.0006298016333097749 'Spatial' 0.0986468057584204 0.22381290507514442
 0.1694915254237288 94 2 0 12 0.0006298016333097749]
[0.0006298016333097749 'Spatial' 0.0986468057584204 0.22381290507514442
 0.1694915254237288 94 2 0 13 0.0006298016333097749]
[0.0006298016333097749 'Spatial' 0.0986468057584204 0.22381290507514442
 0.1694915254237288 94 2 0 14 0.0006298016333097749]
[0.0006298016333097749 'Spatial' 0.0986468057584204 0.22381290507514442
 0.1694915254237288 94 2 0 15 0.0006298016333097749]
[0.0006298016333097749 'Spatial' 0.0986468057584204 0.22381290507514442
 0.1694915254237288 94 2 0 16 0.0006298016333097749]
[0.0006298016333097749 'Spatial' 0.0986468057584204 0.22381290507514442
 0.1694915254237288 94 2 0 17 0.0006298016333097749]
[0.0006298016333097749 'Spatial' 0.0986468057584204 0.22381290507514442
 0.1694915254237288 94 2 0 18 0.0006298016333097749]
[0.0006298016333097749 'Spatial' 0.0986468057584204 0.22381290507514442
 0.1694915254237288 94 2 0 19 0.0006298016333097749]
[0.0 'Spatial' 0.0986468057584204 0.22381290507514442 0.0 94 2 1 0 0.0]
[3.574363879298274 'Spatial' 0.0986468057584204 0.22381290507514442
 0.9999999999999999 94 2 1 1 3.574363879298274]
[3.5003066401257668 'Spatial' 0.0986468057584204 0.22381290507514442
 6.949152542372881 94 2 1 2 3.5003066401257668]
[3.904666866152185 'Spatial' 0.0986468057584204 0.22381290507514442
 9.576271186440678 94 2 1 3 3.904666866152185]
[1.1685003132988008 'Spatial' 0.0986468057584204 0.22381290507514442
 1.3389830508474576 94 2 1 4 1.1685003132988008]
[4.707487218282236 'Spatial' 0.0986468057584204 0.22381290507514442
 0.1694915254237288 94 2 1 5 4.707487218282236]
[4.340410893207406 'Spatial' 0.0986468057584204 0.22381290507514442
 0.6610169491525423 94 2 1 6 4.340410893207406]
[0.5121904928090587 'Spatial' 0.0986468057584204 0.22381290507514442
 0.847457627118644 94 2 1 7 0.5121904928090587]
[1.2061090456991794 'Spatial' 0.0986468057584204 0.22381290507514442
 2.5932203389830506 94 2 1 8 1.2061090456991794]
[1.6242455303117402 'Spatial' 0.0986468057584204 0.22381290507514442
 3.7796610169491522 94 2 1 9 1.6242455303117402]
[0.13210531800469574 'Spatial' 0.0986468057584204 0.22381290507514442
 0.4915254237288135 94 2 1 10 0.13210531800469574]
[0.0009563293124461101 'Spatial' 0.0986468057584204 0.22381290507514442
 0.38983050847457623 94 2 1 11 0.0009563293124461101]
[0.0006298016333097749 'Spatial' 0.0986468057584204 0.22381290507514442
 0.1694915254237288 94 2 1 12 0.0006298016333097749]
[0.0006298016333097749 'Spatial' 0.0986468057584204 0.22381290507514442
 0.1694915254237288 94 2 1 13 0.0006298016333097749]
[0.0006298016333097749 'Spatial' 0.0986468057584204 0.22381290507514442
 0.1694915254237288 94 2 1 14 0.0006298016333097749]
[0.0006298016333097749 'Spatial' 0.0986468057584204 0.22381290507514442
 0.1694915254237288 94 2 1 15 0.0006298016333097749]
[0.0006298016333097749 'Spatial' 0.0986468057584204 0.22381290507514442
 0.1694915254237288 94 2 1 16 0.0006298016333097749]
[0.0006298016333097749 'Spatial' 0.0986468057584204 0.22381290507514442
 0.1694915254237288 94 2 1 17 0.0006298016333097749]
[0.0006298016333097749 'Spatial' 0.0986468057584204 0.22381290507514442
 0.1694915254237288 94 2 1 18 0.0006298016333097749]
[0.0006298016333097749 'Spatial' 0.0986468057584204 0.22381290507514442
 0.1694915254237288 94 2 1 19 0.0006298016333097749]
[0.0 'Spatial' 0.0986468057584204 0.22381290507514442 0.0 94 2 3 0 0.0]
[3.574363879298274 'Spatial' 0.0986468057584204 0.22381290507514442
 0.9999999999999999 94 2 3 1 3.574363879298274]
[3.5003066401257668 'Spatial' 0.0986468057584204 0.22381290507514442
 6.949152542372881 94 2 3 2 3.5003066401257668]
[3.904666866152185 'Spatial' 0.0986468057584204 0.22381290507514442
 9.576271186440678 94 2 3 3 3.904666866152185]
[1.1685003132988008 'Spatial' 0.0986468057584204 0.22381290507514442
 1.3389830508474576 94 2 3 4 1.1685003132988008]
[4.707487218282236 'Spatial' 0.0986468057584204 0.22381290507514442
 0.1694915254237288 94 2 3 5 4.707487218282236]
[4.340410893207406 'Spatial' 0.0986468057584204 0.22381290507514442
 0.6610169491525423 94 2 3 6 4.340410893207406]
[0.5121904928090587 'Spatial' 0.0986468057584204 0.22381290507514442
 0.847457627118644 94 2 3 7 0.5121904928090587]
[1.2061090456991794 'Spatial' 0.0986468057584204 0.22381290507514442
 2.5932203389830506 94 2 3 8 1.2061090456991794]
[1.6242455303117402 'Spatial' 0.0986468057584204 0.22381290507514442
 3.7796610169491522 94 2 3 9 1.6242455303117402]
[0.13210531800469574 'Spatial' 0.0986468057584204 0.22381290507514442
 0.4915254237288135 94 2 3 10 0.13210531800469574]
[0.0009563293124461101 'Spatial' 0.0986468057584204 0.22381290507514442
 0.38983050847457623 94 2 3 11 0.0009563293124461101]
[0.0006298016333097749 'Spatial' 0.0986468057584204 0.22381290507514442
 0.1694915254237288 94 2 3 12 0.0006298016333097749]
[0.0006298016333097749 'Spatial' 0.0986468057584204 0.22381290507514442
 0.1694915254237288 94 2 3 13 0.0006298016333097749]
[0.0006298016333097749 'Spatial' 0.0986468057584204 0.22381290507514442
 0.1694915254237288 94 2 3 14 0.0006298016333097749]
[0.0006298016333097749 'Spatial' 0.0986468057584204 0.22381290507514442
 0.1694915254237288 94 2 3 15 0.0006298016333097749]
[0.0006298016333097749 'Spatial' 0.0986468057584204 0.22381290507514442
 0.1694915254237288 94 2 3 16 0.0006298016333097749]
[0.0006298016333097749 'Spatial' 0.0986468057584204 0.22381290507514442
 0.1694915254237288 94 2 3 17 0.0006298016333097749]
[0.0006298016333097749 'Spatial' 0.0986468057584204 0.22381290507514442
 0.1694915254237288 94 2 3 18 0.0006298016333097749]
[0.0006298016333097749 'Spatial' 0.0986468057584204 0.22381290507514442
 0.1694915254237288 94 2 3 19 0.0006298016333097749]
[0.0 'Spatial' 0.0986468057584204 0.22381290507514442 0.0 94 2 4 0 0.0]
[3.574363879298274 'Spatial' 0.0986468057584204 0.22381290507514442
 0.9999999999999999 94 2 4 1 3.574363879298274]
[3.5003066401257668 'Spatial' 0.0986468057584204 0.22381290507514442
 6.949152542372881 94 2 4 2 3.5003066401257668]
[3.904666866152185 'Spatial' 0.0986468057584204 0.22381290507514442
 9.576271186440678 94 2 4 3 3.904666866152185]
[1.1685003132988008 'Spatial' 0.0986468057584204 0.22381290507514442
 1.3389830508474576 94 2 4 4 1.1685003132988008]
[4.707487218282236 'Spatial' 0.0986468057584204 0.22381290507514442
 0.1694915254237288 94 2 4 5 4.707487218282236]
[4.340410893207406 'Spatial' 0.0986468057584204 0.22381290507514442
 0.6610169491525423 94 2 4 6 4.340410893207406]
[0.5121904928090587 'Spatial' 0.0986468057584204 0.22381290507514442
 0.847457627118644 94 2 4 7 0.5121904928090587]
[1.2061090456991794 'Spatial' 0.0986468057584204 0.22381290507514442
 2.5932203389830506 94 2 4 8 1.2061090456991794]
[1.6242455303117402 'Spatial' 0.0986468057584204 0.22381290507514442
 3.7796610169491522 94 2 4 9 1.6242455303117402]
[0.13210531800469574 'Spatial' 0.0986468057584204 0.22381290507514442
 0.4915254237288135 94 2 4 10 0.13210531800469574]
[0.0009563293124461101 'Spatial' 0.0986468057584204 0.22381290507514442
 0.38983050847457623 94 2 4 11 0.0009563293124461101]
[0.0006298016333097749 'Spatial' 0.0986468057584204 0.22381290507514442
 0.1694915254237288 94 2 4 12 0.0006298016333097749]
[0.0006298016333097749 'Spatial' 0.0986468057584204 0.22381290507514442
 0.1694915254237288 94 2 4 13 0.0006298016333097749]
[0.0006298016333097749 'Spatial' 0.0986468057584204 0.22381290507514442
 0.1694915254237288 94 2 4 14 0.0006298016333097749]
[0.0006298016333097749 'Spatial' 0.0986468057584204 0.22381290507514442
 0.1694915254237288 94 2 4 15 0.0006298016333097749]
[0.0006298016333097749 'Spatial' 0.0986468057584204 0.22381290507514442
 0.1694915254237288 94 2 4 16 0.0006298016333097749]
[0.0006298016333097749 'Spatial' 0.0986468057584204 0.22381290507514442
 0.1694915254237288 94 2 4 17 0.0006298016333097749]
[0.0006298016333097749 'Spatial' 0.0986468057584204 0.22381290507514442
 0.1694915254237288 94 2 4 18 0.0006298016333097749]
[0.0006298016333097749 'Spatial' 0.0986468057584204 0.22381290507514442
 0.1694915254237288 94 2 4 19 0.0006298016333097749]
[0.0 'Spatial' 0.0986468057584204 0.22381290507514442 0.0 94 2 5 0 0.0]
[3.574363879298274 'Spatial' 0.0986468057584204 0.22381290507514442
 0.9999999999999999 94 2 5 1 3.574363879298274]
[3.5003066401257668 'Spatial' 0.0986468057584204 0.22381290507514442
 6.949152542372881 94 2 5 2 3.5003066401257668]
[3.904666866152185 'Spatial' 0.0986468057584204 0.22381290507514442
 9.576271186440678 94 2 5 3 3.904666866152185]
[1.1685003132988008 'Spatial' 0.0986468057584204 0.22381290507514442
 1.3389830508474576 94 2 5 4 1.1685003132988008]
[4.707487218282236 'Spatial' 0.0986468057584204 0.22381290507514442
 0.1694915254237288 94 2 5 5 4.707487218282236]
[4.340410893207406 'Spatial' 0.0986468057584204 0.22381290507514442
 0.6610169491525423 94 2 5 6 4.340410893207406]
[0.5121904928090587 'Spatial' 0.0986468057584204 0.22381290507514442
 0.847457627118644 94 2 5 7 0.5121904928090587]
[1.2061090456991794 'Spatial' 0.0986468057584204 0.22381290507514442
 2.5932203389830506 94 2 5 8 1.2061090456991794]
[1.6242455303117402 'Spatial' 0.0986468057584204 0.22381290507514442
 3.7796610169491522 94 2 5 9 1.6242455303117402]
[0.13210531800469574 'Spatial' 0.0986468057584204 0.22381290507514442
 0.4915254237288135 94 2 5 10 0.13210531800469574]
[0.0009563293124461101 'Spatial' 0.0986468057584204 0.22381290507514442
 0.38983050847457623 94 2 5 11 0.0009563293124461101]
[0.0006298016333097749 'Spatial' 0.0986468057584204 0.22381290507514442
 0.1694915254237288 94 2 5 12 0.0006298016333097749]
[0.0006298016333097749 'Spatial' 0.0986468057584204 0.22381290507514442
 0.1694915254237288 94 2 5 13 0.0006298016333097749]
[0.0006298016333097749 'Spatial' 0.0986468057584204 0.22381290507514442
 0.1694915254237288 94 2 5 14 0.0006298016333097749]
[0.0006298016333097749 'Spatial' 0.0986468057584204 0.22381290507514442
 0.1694915254237288 94 2 5 15 0.0006298016333097749]
[0.0006298016333097749 'Spatial' 0.0986468057584204 0.22381290507514442
 0.1694915254237288 94 2 5 16 0.0006298016333097749]
[0.0006298016333097749 'Spatial' 0.0986468057584204 0.22381290507514442
 0.1694915254237288 94 2 5 17 0.0006298016333097749]
[0.0006298016333097749 'Spatial' 0.0986468057584204 0.22381290507514442
 0.1694915254237288 94 2 5 18 0.0006298016333097749]
[0.0006298016333097749 'Spatial' 0.0986468057584204 0.22381290507514442
 0.1694915254237288 94 2 5 19 0.0006298016333097749]
[0.0 'Spatial' 0.0986468057584204 0.22381290507514442 0.0 94 2 6 0 0.0]
[3.574363879298274 'Spatial' 0.0986468057584204 0.22381290507514442
 0.9999999999999999 94 2 6 1 3.574363879298274]
[3.5003066401257668 'Spatial' 0.0986468057584204 0.22381290507514442
 6.949152542372881 94 2 6 2 3.5003066401257668]
[3.904666866152185 'Spatial' 0.0986468057584204 0.22381290507514442
 9.576271186440678 94 2 6 3 3.904666866152185]
[1.1685003132988008 'Spatial' 0.0986468057584204 0.22381290507514442
 1.3389830508474576 94 2 6 4 1.1685003132988008]
[4.707487218282236 'Spatial' 0.0986468057584204 0.22381290507514442
 0.1694915254237288 94 2 6 5 4.707487218282236]
[4.340410893207406 'Spatial' 0.0986468057584204 0.22381290507514442
 0.6610169491525423 94 2 6 6 4.340410893207406]
[0.5121904928090587 'Spatial' 0.0986468057584204 0.22381290507514442
 0.847457627118644 94 2 6 7 0.5121904928090587]
[1.2061090456991794 'Spatial' 0.0986468057584204 0.22381290507514442
 2.5932203389830506 94 2 6 8 1.2061090456991794]
[1.6242455303117402 'Spatial' 0.0986468057584204 0.22381290507514442
 3.7796610169491522 94 2 6 9 1.6242455303117402]
[0.13210531800469574 'Spatial' 0.0986468057584204 0.22381290507514442
 0.4915254237288135 94 2 6 10 0.13210531800469574]
[0.0009563293124461101 'Spatial' 0.0986468057584204 0.22381290507514442
 0.38983050847457623 94 2 6 11 0.0009563293124461101]
[0.0006298016333097749 'Spatial' 0.0986468057584204 0.22381290507514442
 0.1694915254237288 94 2 6 12 0.0006298016333097749]
[0.0006298016333097749 'Spatial' 0.0986468057584204 0.22381290507514442
 0.1694915254237288 94 2 6 13 0.0006298016333097749]
[0.0006298016333097749 'Spatial' 0.0986468057584204 0.22381290507514442
 0.1694915254237288 94 2 6 14 0.0006298016333097749]
[0.0006298016333097749 'Spatial' 0.0986468057584204 0.22381290507514442
 0.1694915254237288 94 2 6 15 0.0006298016333097749]
[0.0006298016333097749 'Spatial' 0.0986468057584204 0.22381290507514442
 0.1694915254237288 94 2 6 16 0.0006298016333097749]
[0.0006298016333097749 'Spatial' 0.0986468057584204 0.22381290507514442
 0.1694915254237288 94 2 6 17 0.0006298016333097749]
[0.0006298016333097749 'Spatial' 0.0986468057584204 0.22381290507514442
 0.1694915254237288 94 2 6 18 0.0006298016333097749]
[0.0006298016333097749 'Spatial' 0.0986468057584204 0.22381290507514442
 0.1694915254237288 94 2 6 19 0.0006298016333097749]
[0.0 'Spatial' 0.0986468057584204 0.22381290507514442 0.0 94 2 7 0 0.0]
[3.574363879298274 'Spatial' 0.0986468057584204 0.22381290507514442
 0.9999999999999999 94 2 7 1 3.574363879298274]
[3.5003066401257668 'Spatial' 0.0986468057584204 0.22381290507514442
 6.949152542372881 94 2 7 2 3.5003066401257668]
[3.904666866152185 'Spatial' 0.0986468057584204 0.22381290507514442
 9.576271186440678 94 2 7 3 3.904666866152185]
[1.1685003132988008 'Spatial' 0.0986468057584204 0.22381290507514442
 1.3389830508474576 94 2 7 4 1.1685003132988008]
[4.707487218282236 'Spatial' 0.0986468057584204 0.22381290507514442
 0.1694915254237288 94 2 7 5 4.707487218282236]
[4.340410893207406 'Spatial' 0.0986468057584204 0.22381290507514442
 0.6610169491525423 94 2 7 6 4.340410893207406]
[0.5121904928090587 'Spatial' 0.0986468057584204 0.22381290507514442
 0.847457627118644 94 2 7 7 0.5121904928090587]
[1.2061090456991794 'Spatial' 0.0986468057584204 0.22381290507514442
 2.5932203389830506 94 2 7 8 1.2061090456991794]
[1.6242455303117402 'Spatial' 0.0986468057584204 0.22381290507514442
 3.7796610169491522 94 2 7 9 1.6242455303117402]
[0.13210531800469574 'Spatial' 0.0986468057584204 0.22381290507514442
 0.4915254237288135 94 2 7 10 0.13210531800469574]
[0.0009563293124461101 'Spatial' 0.0986468057584204 0.22381290507514442
 0.38983050847457623 94 2 7 11 0.0009563293124461101]
[0.0006298016333097749 'Spatial' 0.0986468057584204 0.22381290507514442
 0.1694915254237288 94 2 7 12 0.0006298016333097749]
[0.0006298016333097749 'Spatial' 0.0986468057584204 0.22381290507514442
 0.1694915254237288 94 2 7 13 0.0006298016333097749]
[0.0006298016333097749 'Spatial' 0.0986468057584204 0.22381290507514442
 0.1694915254237288 94 2 7 14 0.0006298016333097749]
[0.0006298016333097749 'Spatial' 0.0986468057584204 0.22381290507514442
 0.1694915254237288 94 2 7 15 0.0006298016333097749]
[0.0006298016333097749 'Spatial' 0.0986468057584204 0.22381290507514442
 0.1694915254237288 94 2 7 16 0.0006298016333097749]
[0.0006298016333097749 'Spatial' 0.0986468057584204 0.22381290507514442
 0.1694915254237288 94 2 7 17 0.0006298016333097749]
[0.0006298016333097749 'Spatial' 0.0986468057584204 0.22381290507514442
 0.1694915254237288 94 2 7 18 0.0006298016333097749]
[0.0006298016333097749 'Spatial' 0.0986468057584204 0.22381290507514442
 0.1694915254237288 94 2 7 19 0.0006298016333097749]
[0.0 'Spatial' 0.0986468057584204 0.22381290507514442 0.0 94 2 8 0 0.0]
[3.574363879298274 'Spatial' 0.0986468057584204 0.22381290507514442
 0.9999999999999999 94 2 8 1 3.574363879298274]
[3.5003066401257668 'Spatial' 0.0986468057584204 0.22381290507514442
 6.949152542372881 94 2 8 2 3.5003066401257668]
[3.904666866152185 'Spatial' 0.0986468057584204 0.22381290507514442
 9.576271186440678 94 2 8 3 3.904666866152185]
[1.1685003132988008 'Spatial' 0.0986468057584204 0.22381290507514442
 1.3389830508474576 94 2 8 4 1.1685003132988008]
[4.707487218282236 'Spatial' 0.0986468057584204 0.22381290507514442
 0.1694915254237288 94 2 8 5 4.707487218282236]
[4.340410893207406 'Spatial' 0.0986468057584204 0.22381290507514442
 0.6610169491525423 94 2 8 6 4.340410893207406]
[0.5121904928090587 'Spatial' 0.0986468057584204 0.22381290507514442
 0.847457627118644 94 2 8 7 0.5121904928090587]
[1.2061090456991794 'Spatial' 0.0986468057584204 0.22381290507514442
 2.5932203389830506 94 2 8 8 1.2061090456991794]
[1.6242455303117402 'Spatial' 0.0986468057584204 0.22381290507514442
 3.7796610169491522 94 2 8 9 1.6242455303117402]
[0.13210531800469574 'Spatial' 0.0986468057584204 0.22381290507514442
 0.4915254237288135 94 2 8 10 0.13210531800469574]
[0.0009563293124461101 'Spatial' 0.0986468057584204 0.22381290507514442
 0.38983050847457623 94 2 8 11 0.0009563293124461101]
[0.0006298016333097749 'Spatial' 0.0986468057584204 0.22381290507514442
 0.1694915254237288 94 2 8 12 0.0006298016333097749]
[0.0006298016333097749 'Spatial' 0.0986468057584204 0.22381290507514442
 0.1694915254237288 94 2 8 13 0.0006298016333097749]
[0.0006298016333097749 'Spatial' 0.0986468057584204 0.22381290507514442
 0.1694915254237288 94 2 8 14 0.0006298016333097749]
[0.0006298016333097749 'Spatial' 0.0986468057584204 0.22381290507514442
 0.1694915254237288 94 2 8 15 0.0006298016333097749]
[0.0006298016333097749 'Spatial' 0.0986468057584204 0.22381290507514442
 0.1694915254237288 94 2 8 16 0.0006298016333097749]
[0.0006298016333097749 'Spatial' 0.0986468057584204 0.22381290507514442
 0.1694915254237288 94 2 8 17 0.0006298016333097749]
[0.0006298016333097749 'Spatial' 0.0986468057584204 0.22381290507514442
 0.1694915254237288 94 2 8 18 0.0006298016333097749]
[0.0006298016333097749 'Spatial' 0.0986468057584204 0.22381290507514442
 0.1694915254237288 94 2 8 19 0.0006298016333097749]
