[0.0 'Conceptual' 3.985319499296885 69.7368794450263 0.0 116 2 0 0 0.0]
[3.4836077393967746 'Conceptual' 3.985319499296885 69.7368794450263
 2.6271186440677963 116 2 0 1 3.4836077393967746]
[2.561700840871985 'Conceptual' 3.985319499296885 69.7368794450263
 3.101694915254237 116 2 0 2 2.561700840871985]
[3.7302883240815796 'Conceptual' 3.985319499296885 69.7368794450263
 9.813559322033896 116 2 0 3 3.7302883240815796]
[3.0494634649214416 'Conceptual' 3.985319499296885 69.7368794450263
 1.847457627118644 116 2 0 4 3.0494634649214416]
[3.682683916313303 'Conceptual' 3.985319499296885 69.7368794450263
 1.0677966101694913 116 2 0 5 3.682683916313303]
[3.361767111326876 'Conceptual' 3.985319499296885 69.7368794450263
 3.9152542372881354 116 2 0 6 3.361767111326876]
[4.042490890425354 'Conceptual' 3.985319499296885 69.7368794450263
 0.3389830508474576 116 2 0 7 4.042490890425354]
[2.598471509212735 'Conceptual' 3.985319499296885 69.7368794450263
 2.694915254237288 116 2 0 8 2.598471509212735]
[2.6177359761832637 'Conceptual' 3.985319499296885 69.7368794450263
 2.2881355932203387 116 2 0 9 2.6177359761832637]
[2.9862908242846187 'Conceptual' 3.985319499296885 69.7368794450263
 2.3559322033898304 116 2 0 10 2.9862908242846187]
[3.4657294707836845 'Conceptual' 3.985319499296885 69.7368794450263
 2.6271186440677963 116 2 0 11 3.4657294707836845]
[0.22475699894695358 'Conceptual' 3.985319499296885 69.7368794450263
 1.2372881355932202 116 2 0 12 0.22475699894695358]
[2.116242259491332 'Conceptual' 3.985319499296885 69.7368794450263
 1.5084745762711864 116 2 0 13 2.116242259491332]
[2.7424700039472776 'Conceptual' 3.985319499296885 69.7368794450263
 1.6779661016949152 116 2 0 14 2.7424700039472776]
[3.7656432509749944 'Conceptual' 3.985319499296885 69.7368794450263
 2.796610169491525 116 2 0 15 3.7656432509749944]
[2.139435131603711 'Conceptual' 3.985319499296885 69.7368794450263
 1.271186440677966 116 2 0 16 2.139435131603711]
[3.933838256842875 'Conceptual' 3.985319499296885 69.7368794450263
 2.711864406779661 116 2 0 17 3.933838256842875]
[3.690516472726857 'Conceptual' 3.985319499296885 69.7368794450263
 2.1864406779661016 116 2 0 18 3.690516472726857]
[0.02007811259660946 'Conceptual' 3.985319499296885 69.7368794450263
 0.7288135593220338 116 2 0 19 0.02007811259660946]
[0.0 'Conceptual' 3.985319499296885 69.7368794450263 0.0 116 2 1 0 0.0]
[3.4836077393967746 'Conceptual' 3.985319499296885 69.7368794450263
 2.6271186440677963 116 2 1 1 3.4836077393967746]
[2.561700840871985 'Conceptual' 3.985319499296885 69.7368794450263
 3.101694915254237 116 2 1 2 2.561700840871985]
[3.7302883240815796 'Conceptual' 3.985319499296885 69.7368794450263
 9.813559322033896 116 2 1 3 3.7302883240815796]
[3.0494634649214416 'Conceptual' 3.985319499296885 69.7368794450263
 1.847457627118644 116 2 1 4 3.0494634649214416]
[3.682683916313303 'Conceptual' 3.985319499296885 69.7368794450263
 1.0677966101694913 116 2 1 5 3.682683916313303]
[3.361767111326876 'Conceptual' 3.985319499296885 69.7368794450263
 3.9152542372881354 116 2 1 6 3.361767111326876]
[4.042490890425354 'Conceptual' 3.985319499296885 69.7368794450263
 0.3389830508474576 116 2 1 7 4.042490890425354]
[2.598471509212735 'Conceptual' 3.985319499296885 69.7368794450263
 2.694915254237288 116 2 1 8 2.598471509212735]
[2.6177359761832637 'Conceptual' 3.985319499296885 69.7368794450263
 2.2881355932203387 116 2 1 9 2.6177359761832637]
[2.9862908242846187 'Conceptual' 3.985319499296885 69.7368794450263
 2.3559322033898304 116 2 1 10 2.9862908242846187]
[3.4657294707836845 'Conceptual' 3.985319499296885 69.7368794450263
 2.6271186440677963 116 2 1 11 3.4657294707836845]
[0.22475699894695358 'Conceptual' 3.985319499296885 69.7368794450263
 1.2372881355932202 116 2 1 12 0.22475699894695358]
[2.116242259491332 'Conceptual' 3.985319499296885 69.7368794450263
 1.5084745762711864 116 2 1 13 2.116242259491332]
[2.7424700039472776 'Conceptual' 3.985319499296885 69.7368794450263
 1.6779661016949152 116 2 1 14 2.7424700039472776]
[3.7656432509749944 'Conceptual' 3.985319499296885 69.7368794450263
 2.796610169491525 116 2 1 15 3.7656432509749944]
[2.139435131603711 'Conceptual' 3.985319499296885 69.7368794450263
 1.271186440677966 116 2 1 16 2.139435131603711]
[3.933838256842875 'Conceptual' 3.985319499296885 69.7368794450263
 2.711864406779661 116 2 1 17 3.933838256842875]
[3.690516472726857 'Conceptual' 3.985319499296885 69.7368794450263
 2.1864406779661016 116 2 1 18 3.690516472726857]
[0.02007811259660946 'Conceptual' 3.985319499296885 69.7368794450263
 0.7288135593220338 116 2 1 19 0.02007811259660946]
[0.0 'Conceptual' 3.985319499296885 69.7368794450263 0.0 116 2 3 0 0.0]
[3.4836077393967746 'Conceptual' 3.985319499296885 69.7368794450263
 2.6271186440677963 116 2 3 1 3.4836077393967746]
[2.561700840871985 'Conceptual' 3.985319499296885 69.7368794450263
 3.101694915254237 116 2 3 2 2.561700840871985]
[3.7302883240815796 'Conceptual' 3.985319499296885 69.7368794450263
 9.813559322033896 116 2 3 3 3.7302883240815796]
[3.0494634649214416 'Conceptual' 3.985319499296885 69.7368794450263
 1.847457627118644 116 2 3 4 3.0494634649214416]
[3.682683916313303 'Conceptual' 3.985319499296885 69.7368794450263
 1.0677966101694913 116 2 3 5 3.682683916313303]
[3.361767111326876 'Conceptual' 3.985319499296885 69.7368794450263
 3.9152542372881354 116 2 3 6 3.361767111326876]
[4.042490890425354 'Conceptual' 3.985319499296885 69.7368794450263
 0.3389830508474576 116 2 3 7 4.042490890425354]
[2.598471509212735 'Conceptual' 3.985319499296885 69.7368794450263
 2.694915254237288 116 2 3 8 2.598471509212735]
[2.6177359761832637 'Conceptual' 3.985319499296885 69.7368794450263
 2.2881355932203387 116 2 3 9 2.6177359761832637]
[2.9862908242846187 'Conceptual' 3.985319499296885 69.7368794450263
 2.3559322033898304 116 2 3 10 2.9862908242846187]
[3.4657294707836845 'Conceptual' 3.985319499296885 69.7368794450263
 2.6271186440677963 116 2 3 11 3.4657294707836845]
[0.22475699894695358 'Conceptual' 3.985319499296885 69.7368794450263
 1.2372881355932202 116 2 3 12 0.22475699894695358]
[2.116242259491332 'Conceptual' 3.985319499296885 69.7368794450263
 1.5084745762711864 116 2 3 13 2.116242259491332]
[2.7424700039472776 'Conceptual' 3.985319499296885 69.7368794450263
 1.6779661016949152 116 2 3 14 2.7424700039472776]
[3.7656432509749944 'Conceptual' 3.985319499296885 69.7368794450263
 2.796610169491525 116 2 3 15 3.7656432509749944]
[2.139435131603711 'Conceptual' 3.985319499296885 69.7368794450263
 1.271186440677966 116 2 3 16 2.139435131603711]
[3.933838256842875 'Conceptual' 3.985319499296885 69.7368794450263
 2.711864406779661 116 2 3 17 3.933838256842875]
[3.690516472726857 'Conceptual' 3.985319499296885 69.7368794450263
 2.1864406779661016 116 2 3 18 3.690516472726857]
[0.02007811259660946 'Conceptual' 3.985319499296885 69.7368794450263
 0.7288135593220338 116 2 3 19 0.02007811259660946]
[0.0 'Conceptual' 3.985319499296885 69.7368794450263 0.0 116 2 4 0 0.0]
[3.4836077393967746 'Conceptual' 3.985319499296885 69.7368794450263
 2.6271186440677963 116 2 4 1 3.4836077393967746]
[2.561700840871985 'Conceptual' 3.985319499296885 69.7368794450263
 3.101694915254237 116 2 4 2 2.561700840871985]
[3.7302883240815796 'Conceptual' 3.985319499296885 69.7368794450263
 9.813559322033896 116 2 4 3 3.7302883240815796]
[3.0494634649214416 'Conceptual' 3.985319499296885 69.7368794450263
 1.847457627118644 116 2 4 4 3.0494634649214416]
[3.682683916313303 'Conceptual' 3.985319499296885 69.7368794450263
 1.0677966101694913 116 2 4 5 3.682683916313303]
[3.361767111326876 'Conceptual' 3.985319499296885 69.7368794450263
 3.9152542372881354 116 2 4 6 3.361767111326876]
[4.042490890425354 'Conceptual' 3.985319499296885 69.7368794450263
 0.3389830508474576 116 2 4 7 4.042490890425354]
[2.598471509212735 'Conceptual' 3.985319499296885 69.7368794450263
 2.694915254237288 116 2 4 8 2.598471509212735]
[2.6177359761832637 'Conceptual' 3.985319499296885 69.7368794450263
 2.2881355932203387 116 2 4 9 2.6177359761832637]
[2.9862908242846187 'Conceptual' 3.985319499296885 69.7368794450263
 2.3559322033898304 116 2 4 10 2.9862908242846187]
[3.4657294707836845 'Conceptual' 3.985319499296885 69.7368794450263
 2.6271186440677963 116 2 4 11 3.4657294707836845]
[0.22475699894695358 'Conceptual' 3.985319499296885 69.7368794450263
 1.2372881355932202 116 2 4 12 0.22475699894695358]
[2.116242259491332 'Conceptual' 3.985319499296885 69.7368794450263
 1.5084745762711864 116 2 4 13 2.116242259491332]
[2.7424700039472776 'Conceptual' 3.985319499296885 69.7368794450263
 1.6779661016949152 116 2 4 14 2.7424700039472776]
[3.7656432509749944 'Conceptual' 3.985319499296885 69.7368794450263
 2.796610169491525 116 2 4 15 3.7656432509749944]
[2.139435131603711 'Conceptual' 3.985319499296885 69.7368794450263
 1.271186440677966 116 2 4 16 2.139435131603711]
[3.933838256842875 'Conceptual' 3.985319499296885 69.7368794450263
 2.711864406779661 116 2 4 17 3.933838256842875]
[3.690516472726857 'Conceptual' 3.985319499296885 69.7368794450263
 2.1864406779661016 116 2 4 18 3.690516472726857]
[0.02007811259660946 'Conceptual' 3.985319499296885 69.7368794450263
 0.7288135593220338 116 2 4 19 0.02007811259660946]
[0.0 'Conceptual' 3.985319499296885 69.7368794450263 0.0 116 2 5 0 0.0]
[3.4836077393967746 'Conceptual' 3.985319499296885 69.7368794450263
 2.6271186440677963 116 2 5 1 3.4836077393967746]
[2.561700840871985 'Conceptual' 3.985319499296885 69.7368794450263
 3.101694915254237 116 2 5 2 2.561700840871985]
[3.7302883240815796 'Conceptual' 3.985319499296885 69.7368794450263
 9.813559322033896 116 2 5 3 3.7302883240815796]
[3.0494634649214416 'Conceptual' 3.985319499296885 69.7368794450263
 1.847457627118644 116 2 5 4 3.0494634649214416]
[3.682683916313303 'Conceptual' 3.985319499296885 69.7368794450263
 1.0677966101694913 116 2 5 5 3.682683916313303]
[3.361767111326876 'Conceptual' 3.985319499296885 69.7368794450263
 3.9152542372881354 116 2 5 6 3.361767111326876]
[4.042490890425354 'Conceptual' 3.985319499296885 69.7368794450263
 0.3389830508474576 116 2 5 7 4.042490890425354]
[2.598471509212735 'Conceptual' 3.985319499296885 69.7368794450263
 2.694915254237288 116 2 5 8 2.598471509212735]
[2.6177359761832637 'Conceptual' 3.985319499296885 69.7368794450263
 2.2881355932203387 116 2 5 9 2.6177359761832637]
[2.9862908242846187 'Conceptual' 3.985319499296885 69.7368794450263
 2.3559322033898304 116 2 5 10 2.9862908242846187]
[3.4657294707836845 'Conceptual' 3.985319499296885 69.7368794450263
 2.6271186440677963 116 2 5 11 3.4657294707836845]
[0.22475699894695358 'Conceptual' 3.985319499296885 69.7368794450263
 1.2372881355932202 116 2 5 12 0.22475699894695358]
[2.116242259491332 'Conceptual' 3.985319499296885 69.7368794450263
 1.5084745762711864 116 2 5 13 2.116242259491332]
[2.7424700039472776 'Conceptual' 3.985319499296885 69.7368794450263
 1.6779661016949152 116 2 5 14 2.7424700039472776]
[3.7656432509749944 'Conceptual' 3.985319499296885 69.7368794450263
 2.796610169491525 116 2 5 15 3.7656432509749944]
[2.139435131603711 'Conceptual' 3.985319499296885 69.7368794450263
 1.271186440677966 116 2 5 16 2.139435131603711]
[3.933838256842875 'Conceptual' 3.985319499296885 69.7368794450263
 2.711864406779661 116 2 5 17 3.933838256842875]
[3.690516472726857 'Conceptual' 3.985319499296885 69.7368794450263
 2.1864406779661016 116 2 5 18 3.690516472726857]
[0.02007811259660946 'Conceptual' 3.985319499296885 69.7368794450263
 0.7288135593220338 116 2 5 19 0.02007811259660946]
[0.0 'Conceptual' 3.985319499296885 69.7368794450263 0.0 116 2 6 0 0.0]
[3.4836077393967746 'Conceptual' 3.985319499296885 69.7368794450263
 2.6271186440677963 116 2 6 1 3.4836077393967746]
[2.561700840871985 'Conceptual' 3.985319499296885 69.7368794450263
 3.101694915254237 116 2 6 2 2.561700840871985]
[3.7302883240815796 'Conceptual' 3.985319499296885 69.7368794450263
 9.813559322033896 116 2 6 3 3.7302883240815796]
[3.0494634649214416 'Conceptual' 3.985319499296885 69.7368794450263
 1.847457627118644 116 2 6 4 3.0494634649214416]
[3.682683916313303 'Conceptual' 3.985319499296885 69.7368794450263
 1.0677966101694913 116 2 6 5 3.682683916313303]
[3.361767111326876 'Conceptual' 3.985319499296885 69.7368794450263
 3.9152542372881354 116 2 6 6 3.361767111326876]
[4.042490890425354 'Conceptual' 3.985319499296885 69.7368794450263
 0.3389830508474576 116 2 6 7 4.042490890425354]
[2.598471509212735 'Conceptual' 3.985319499296885 69.7368794450263
 2.694915254237288 116 2 6 8 2.598471509212735]
[2.6177359761832637 'Conceptual' 3.985319499296885 69.7368794450263
 2.2881355932203387 116 2 6 9 2.6177359761832637]
[2.9862908242846187 'Conceptual' 3.985319499296885 69.7368794450263
 2.3559322033898304 116 2 6 10 2.9862908242846187]
[3.4657294707836845 'Conceptual' 3.985319499296885 69.7368794450263
 2.6271186440677963 116 2 6 11 3.4657294707836845]
[0.22475699894695358 'Conceptual' 3.985319499296885 69.7368794450263
 1.2372881355932202 116 2 6 12 0.22475699894695358]
[2.116242259491332 'Conceptual' 3.985319499296885 69.7368794450263
 1.5084745762711864 116 2 6 13 2.116242259491332]
[2.7424700039472776 'Conceptual' 3.985319499296885 69.7368794450263
 1.6779661016949152 116 2 6 14 2.7424700039472776]
[3.7656432509749944 'Conceptual' 3.985319499296885 69.7368794450263
 2.796610169491525 116 2 6 15 3.7656432509749944]
[2.139435131603711 'Conceptual' 3.985319499296885 69.7368794450263
 1.271186440677966 116 2 6 16 2.139435131603711]
[3.933838256842875 'Conceptual' 3.985319499296885 69.7368794450263
 2.711864406779661 116 2 6 17 3.933838256842875]
[3.690516472726857 'Conceptual' 3.985319499296885 69.7368794450263
 2.1864406779661016 116 2 6 18 3.690516472726857]
[0.02007811259660946 'Conceptual' 3.985319499296885 69.7368794450263
 0.7288135593220338 116 2 6 19 0.02007811259660946]
[0.0 'Conceptual' 3.985319499296885 69.7368794450263 0.0 116 2 7 0 0.0]
[3.4836077393967746 'Conceptual' 3.985319499296885 69.7368794450263
 2.6271186440677963 116 2 7 1 3.4836077393967746]
[2.561700840871985 'Conceptual' 3.985319499296885 69.7368794450263
 3.101694915254237 116 2 7 2 2.561700840871985]
[3.7302883240815796 'Conceptual' 3.985319499296885 69.7368794450263
 9.813559322033896 116 2 7 3 3.7302883240815796]
[3.0494634649214416 'Conceptual' 3.985319499296885 69.7368794450263
 1.847457627118644 116 2 7 4 3.0494634649214416]
[3.682683916313303 'Conceptual' 3.985319499296885 69.7368794450263
 1.0677966101694913 116 2 7 5 3.682683916313303]
[3.361767111326876 'Conceptual' 3.985319499296885 69.7368794450263
 3.9152542372881354 116 2 7 6 3.361767111326876]
[4.042490890425354 'Conceptual' 3.985319499296885 69.7368794450263
 0.3389830508474576 116 2 7 7 4.042490890425354]
[2.598471509212735 'Conceptual' 3.985319499296885 69.7368794450263
 2.694915254237288 116 2 7 8 2.598471509212735]
[2.6177359761832637 'Conceptual' 3.985319499296885 69.7368794450263
 2.2881355932203387 116 2 7 9 2.6177359761832637]
[2.9862908242846187 'Conceptual' 3.985319499296885 69.7368794450263
 2.3559322033898304 116 2 7 10 2.9862908242846187]
[3.4657294707836845 'Conceptual' 3.985319499296885 69.7368794450263
 2.6271186440677963 116 2 7 11 3.4657294707836845]
[0.22475699894695358 'Conceptual' 3.985319499296885 69.7368794450263
 1.2372881355932202 116 2 7 12 0.22475699894695358]
[2.116242259491332 'Conceptual' 3.985319499296885 69.7368794450263
 1.5084745762711864 116 2 7 13 2.116242259491332]
[2.7424700039472776 'Conceptual' 3.985319499296885 69.7368794450263
 1.6779661016949152 116 2 7 14 2.7424700039472776]
[3.7656432509749944 'Conceptual' 3.985319499296885 69.7368794450263
 2.796610169491525 116 2 7 15 3.7656432509749944]
[2.139435131603711 'Conceptual' 3.985319499296885 69.7368794450263
 1.271186440677966 116 2 7 16 2.139435131603711]
[3.933838256842875 'Conceptual' 3.985319499296885 69.7368794450263
 2.711864406779661 116 2 7 17 3.933838256842875]
[3.690516472726857 'Conceptual' 3.985319499296885 69.7368794450263
 2.1864406779661016 116 2 7 18 3.690516472726857]
[0.02007811259660946 'Conceptual' 3.985319499296885 69.7368794450263
 0.7288135593220338 116 2 7 19 0.02007811259660946]
[0.0 'Conceptual' 3.985319499296885 69.7368794450263 0.0 116 2 8 0 0.0]
[3.4836077393967746 'Conceptual' 3.985319499296885 69.7368794450263
 2.6271186440677963 116 2 8 1 3.4836077393967746]
[2.561700840871985 'Conceptual' 3.985319499296885 69.7368794450263
 3.101694915254237 116 2 8 2 2.561700840871985]
[3.7302883240815796 'Conceptual' 3.985319499296885 69.7368794450263
 9.813559322033896 116 2 8 3 3.7302883240815796]
[3.0494634649214416 'Conceptual' 3.985319499296885 69.7368794450263
 1.847457627118644 116 2 8 4 3.0494634649214416]
[3.682683916313303 'Conceptual' 3.985319499296885 69.7368794450263
 1.0677966101694913 116 2 8 5 3.682683916313303]
[3.361767111326876 'Conceptual' 3.985319499296885 69.7368794450263
 3.9152542372881354 116 2 8 6 3.361767111326876]
[4.042490890425354 'Conceptual' 3.985319499296885 69.7368794450263
 0.3389830508474576 116 2 8 7 4.042490890425354]
[2.598471509212735 'Conceptual' 3.985319499296885 69.7368794450263
 2.694915254237288 116 2 8 8 2.598471509212735]
[2.6177359761832637 'Conceptual' 3.985319499296885 69.7368794450263
 2.2881355932203387 116 2 8 9 2.6177359761832637]
[2.9862908242846187 'Conceptual' 3.985319499296885 69.7368794450263
 2.3559322033898304 116 2 8 10 2.9862908242846187]
[3.4657294707836845 'Conceptual' 3.985319499296885 69.7368794450263
 2.6271186440677963 116 2 8 11 3.4657294707836845]
[0.22475699894695358 'Conceptual' 3.985319499296885 69.7368794450263
 1.2372881355932202 116 2 8 12 0.22475699894695358]
[2.116242259491332 'Conceptual' 3.985319499296885 69.7368794450263
 1.5084745762711864 116 2 8 13 2.116242259491332]
[2.7424700039472776 'Conceptual' 3.985319499296885 69.7368794450263
 1.6779661016949152 116 2 8 14 2.7424700039472776]
[3.7656432509749944 'Conceptual' 3.985319499296885 69.7368794450263
 2.796610169491525 116 2 8 15 3.7656432509749944]
[2.139435131603711 'Conceptual' 3.985319499296885 69.7368794450263
 1.271186440677966 116 2 8 16 2.139435131603711]
[3.933838256842875 'Conceptual' 3.985319499296885 69.7368794450263
 2.711864406779661 116 2 8 17 3.933838256842875]
[3.690516472726857 'Conceptual' 3.985319499296885 69.7368794450263
 2.1864406779661016 116 2 8 18 3.690516472726857]
[0.02007811259660946 'Conceptual' 3.985319499296885 69.7368794450263
 0.7288135593220338 116 2 8 19 0.02007811259660946]
