[0.0 'Spatial' 1.3506822750519931 56.053770134560004 0.0 56 7 0 0 0.0]
[3.5255400999778774 'Spatial' 1.3506822750519931 56.053770134560004
 3.389830508474576 56 7 0 1 3.5255400999778774]
[1.7467310206077713 'Spatial' 1.3506822750519931 56.053770134560004
 5.576271186440677 56 7 0 2 1.7467310206077713]
[0.18414074184249604 'Spatial' 1.3506822750519931 56.053770134560004
 4.728813559322034 56 7 0 3 0.18414074184249604]
[3.5946407912064635 'Spatial' 1.3506822750519931 56.053770134560004
 1.3559322033898304 56 7 0 4 3.5946407912064635]
[3.7486196809275953 'Spatial' 1.3506822750519931 56.053770134560004
 7.4576271186440675 56 7 0 5 3.7486196809275953]
[2.990365440178621 'Spatial' 1.3506822750519931 56.053770134560004
 5.745762711864407 56 7 0 6 2.990365440178621]
[2.4747590877873007 'Spatial' 1.3506822750519931 56.053770134560004
 4.593220338983051 56 7 0 7 2.4747590877873007]
[2.5730893914130246 'Spatial' 1.3506822750519931 56.053770134560004
 3.9830508474576267 56 7 0 8 2.5730893914130246]
[1.3878791821284644 'Spatial' 1.3506822750519931 56.053770134560004
 2.016949152542373 56 7 0 9 1.3878791821284644]
[1.7918561312228005 'Spatial' 1.3506822750519931 56.053770134560004
 1.8644067796610169 56 7 0 10 1.7918561312228005]
[1.9720251536515832 'Spatial' 1.3506822750519931 56.053770134560004
 1.9491525423728813 56 7 0 11 1.9720251536515832]
[2.397945337651172 'Spatial' 1.3506822750519931 56.053770134560004
 2.016949152542373 56 7 0 12 2.397945337651172]
[2.194005348603321 'Spatial' 1.3506822750519931 56.053770134560004
 1.5084745762711864 56 7 0 13 2.194005348603321]
[1.1605893562663978 'Spatial' 1.3506822750519931 56.053770134560004
 0.9999999999999999 56 7 0 14 1.1605893562663978]
[1.412828476001584 'Spatial' 1.3506822750519931 56.053770134560004
 0.9999999999999999 56 7 0 15 1.412828476001584]
[0.03603309864019643 'Spatial' 1.3506822750519931 56.053770134560004
 0.7288135593220338 56 7 0 16 0.03603309864019643]
[0.0006298016333097749 'Spatial' 1.3506822750519931 56.053770134560004
 0.1694915254237288 56 7 0 17 0.0006298016333097749]
[0.0006298016333097749 'Spatial' 1.3506822750519931 56.053770134560004
 0.1694915254237288 56 7 0 18 0.0006298016333097749]
[0.8058454127955901 'Spatial' 1.3506822750519931 56.053770134560004
 0.7627118644067796 56 7 0 19 0.8058454127955901]
[0.0 'Spatial' 1.3506822750519931 56.053770134560004 0.0 56 7 1 0 0.0]
[3.5255400999778774 'Spatial' 1.3506822750519931 56.053770134560004
 3.389830508474576 56 7 1 1 3.5255400999778774]
[1.7467310206077713 'Spatial' 1.3506822750519931 56.053770134560004
 5.576271186440677 56 7 1 2 1.7467310206077713]
[0.18414074184249604 'Spatial' 1.3506822750519931 56.053770134560004
 4.728813559322034 56 7 1 3 0.18414074184249604]
[3.5946407912064635 'Spatial' 1.3506822750519931 56.053770134560004
 1.3559322033898304 56 7 1 4 3.5946407912064635]
[3.7486196809275953 'Spatial' 1.3506822750519931 56.053770134560004
 7.4576271186440675 56 7 1 5 3.7486196809275953]
[2.990365440178621 'Spatial' 1.3506822750519931 56.053770134560004
 5.745762711864407 56 7 1 6 2.990365440178621]
[2.4747590877873007 'Spatial' 1.3506822750519931 56.053770134560004
 4.593220338983051 56 7 1 7 2.4747590877873007]
[2.5730893914130246 'Spatial' 1.3506822750519931 56.053770134560004
 3.9830508474576267 56 7 1 8 2.5730893914130246]
[1.3878791821284644 'Spatial' 1.3506822750519931 56.053770134560004
 2.016949152542373 56 7 1 9 1.3878791821284644]
[1.7918561312228005 'Spatial' 1.3506822750519931 56.053770134560004
 1.8644067796610169 56 7 1 10 1.7918561312228005]
[1.9720251536515832 'Spatial' 1.3506822750519931 56.053770134560004
 1.9491525423728813 56 7 1 11 1.9720251536515832]
[2.397945337651172 'Spatial' 1.3506822750519931 56.053770134560004
 2.016949152542373 56 7 1 12 2.397945337651172]
[2.194005348603321 'Spatial' 1.3506822750519931 56.053770134560004
 1.5084745762711864 56 7 1 13 2.194005348603321]
[1.1605893562663978 'Spatial' 1.3506822750519931 56.053770134560004
 0.9999999999999999 56 7 1 14 1.1605893562663978]
[1.412828476001584 'Spatial' 1.3506822750519931 56.053770134560004
 0.9999999999999999 56 7 1 15 1.412828476001584]
[0.03603309864019643 'Spatial' 1.3506822750519931 56.053770134560004
 0.7288135593220338 56 7 1 16 0.03603309864019643]
[0.0006298016333097749 'Spatial' 1.3506822750519931 56.053770134560004
 0.1694915254237288 56 7 1 17 0.0006298016333097749]
[0.0006298016333097749 'Spatial' 1.3506822750519931 56.053770134560004
 0.1694915254237288 56 7 1 18 0.0006298016333097749]
[0.8058454127955901 'Spatial' 1.3506822750519931 56.053770134560004
 0.7627118644067796 56 7 1 19 0.8058454127955901]
[0.0 'Spatial' 1.3506822750519931 56.053770134560004 0.0 56 7 2 0 0.0]
[3.5255400999778774 'Spatial' 1.3506822750519931 56.053770134560004
 3.389830508474576 56 7 2 1 3.5255400999778774]
[1.7467310206077713 'Spatial' 1.3506822750519931 56.053770134560004
 5.576271186440677 56 7 2 2 1.7467310206077713]
[0.18414074184249604 'Spatial' 1.3506822750519931 56.053770134560004
 4.728813559322034 56 7 2 3 0.18414074184249604]
[3.5946407912064635 'Spatial' 1.3506822750519931 56.053770134560004
 1.3559322033898304 56 7 2 4 3.5946407912064635]
[3.7486196809275953 'Spatial' 1.3506822750519931 56.053770134560004
 7.4576271186440675 56 7 2 5 3.7486196809275953]
[2.990365440178621 'Spatial' 1.3506822750519931 56.053770134560004
 5.745762711864407 56 7 2 6 2.990365440178621]
[2.4747590877873007 'Spatial' 1.3506822750519931 56.053770134560004
 4.593220338983051 56 7 2 7 2.4747590877873007]
[2.5730893914130246 'Spatial' 1.3506822750519931 56.053770134560004
 3.9830508474576267 56 7 2 8 2.5730893914130246]
[1.3878791821284644 'Spatial' 1.3506822750519931 56.053770134560004
 2.016949152542373 56 7 2 9 1.3878791821284644]
[1.7918561312228005 'Spatial' 1.3506822750519931 56.053770134560004
 1.8644067796610169 56 7 2 10 1.7918561312228005]
[1.9720251536515832 'Spatial' 1.3506822750519931 56.053770134560004
 1.9491525423728813 56 7 2 11 1.9720251536515832]
[2.397945337651172 'Spatial' 1.3506822750519931 56.053770134560004
 2.016949152542373 56 7 2 12 2.397945337651172]
[2.194005348603321 'Spatial' 1.3506822750519931 56.053770134560004
 1.5084745762711864 56 7 2 13 2.194005348603321]
[1.1605893562663978 'Spatial' 1.3506822750519931 56.053770134560004
 0.9999999999999999 56 7 2 14 1.1605893562663978]
[1.412828476001584 'Spatial' 1.3506822750519931 56.053770134560004
 0.9999999999999999 56 7 2 15 1.412828476001584]
[0.03603309864019643 'Spatial' 1.3506822750519931 56.053770134560004
 0.7288135593220338 56 7 2 16 0.03603309864019643]
[0.0006298016333097749 'Spatial' 1.3506822750519931 56.053770134560004
 0.1694915254237288 56 7 2 17 0.0006298016333097749]
[0.0006298016333097749 'Spatial' 1.3506822750519931 56.053770134560004
 0.1694915254237288 56 7 2 18 0.0006298016333097749]
[0.8058454127955901 'Spatial' 1.3506822750519931 56.053770134560004
 0.7627118644067796 56 7 2 19 0.8058454127955901]
[0.0 'Spatial' 1.3506822750519931 56.053770134560004 0.0 56 7 3 0 0.0]
[3.5255400999778774 'Spatial' 1.3506822750519931 56.053770134560004
 3.389830508474576 56 7 3 1 3.5255400999778774]
[1.7467310206077713 'Spatial' 1.3506822750519931 56.053770134560004
 5.576271186440677 56 7 3 2 1.7467310206077713]
[0.18414074184249604 'Spatial' 1.3506822750519931 56.053770134560004
 4.728813559322034 56 7 3 3 0.18414074184249604]
[3.5946407912064635 'Spatial' 1.3506822750519931 56.053770134560004
 1.3559322033898304 56 7 3 4 3.5946407912064635]
[3.7486196809275953 'Spatial' 1.3506822750519931 56.053770134560004
 7.4576271186440675 56 7 3 5 3.7486196809275953]
[2.990365440178621 'Spatial' 1.3506822750519931 56.053770134560004
 5.745762711864407 56 7 3 6 2.990365440178621]
[2.4747590877873007 'Spatial' 1.3506822750519931 56.053770134560004
 4.593220338983051 56 7 3 7 2.4747590877873007]
[2.5730893914130246 'Spatial' 1.3506822750519931 56.053770134560004
 3.9830508474576267 56 7 3 8 2.5730893914130246]
[1.3878791821284644 'Spatial' 1.3506822750519931 56.053770134560004
 2.016949152542373 56 7 3 9 1.3878791821284644]
[1.7918561312228005 'Spatial' 1.3506822750519931 56.053770134560004
 1.8644067796610169 56 7 3 10 1.7918561312228005]
[1.9720251536515832 'Spatial' 1.3506822750519931 56.053770134560004
 1.9491525423728813 56 7 3 11 1.9720251536515832]
[2.397945337651172 'Spatial' 1.3506822750519931 56.053770134560004
 2.016949152542373 56 7 3 12 2.397945337651172]
[2.194005348603321 'Spatial' 1.3506822750519931 56.053770134560004
 1.5084745762711864 56 7 3 13 2.194005348603321]
[1.1605893562663978 'Spatial' 1.3506822750519931 56.053770134560004
 0.9999999999999999 56 7 3 14 1.1605893562663978]
[1.412828476001584 'Spatial' 1.3506822750519931 56.053770134560004
 0.9999999999999999 56 7 3 15 1.412828476001584]
[0.03603309864019643 'Spatial' 1.3506822750519931 56.053770134560004
 0.7288135593220338 56 7 3 16 0.03603309864019643]
[0.0006298016333097749 'Spatial' 1.3506822750519931 56.053770134560004
 0.1694915254237288 56 7 3 17 0.0006298016333097749]
[0.0006298016333097749 'Spatial' 1.3506822750519931 56.053770134560004
 0.1694915254237288 56 7 3 18 0.0006298016333097749]
[0.8058454127955901 'Spatial' 1.3506822750519931 56.053770134560004
 0.7627118644067796 56 7 3 19 0.8058454127955901]
[0.0 'Spatial' 1.3506822750519931 56.053770134560004 0.0 56 7 4 0 0.0]
[3.5255400999778774 'Spatial' 1.3506822750519931 56.053770134560004
 3.389830508474576 56 7 4 1 3.5255400999778774]
[1.7467310206077713 'Spatial' 1.3506822750519931 56.053770134560004
 5.576271186440677 56 7 4 2 1.7467310206077713]
[0.18414074184249604 'Spatial' 1.3506822750519931 56.053770134560004
 4.728813559322034 56 7 4 3 0.18414074184249604]
[3.5946407912064635 'Spatial' 1.3506822750519931 56.053770134560004
 1.3559322033898304 56 7 4 4 3.5946407912064635]
[3.7486196809275953 'Spatial' 1.3506822750519931 56.053770134560004
 7.4576271186440675 56 7 4 5 3.7486196809275953]
[2.990365440178621 'Spatial' 1.3506822750519931 56.053770134560004
 5.745762711864407 56 7 4 6 2.990365440178621]
[2.4747590877873007 'Spatial' 1.3506822750519931 56.053770134560004
 4.593220338983051 56 7 4 7 2.4747590877873007]
[2.5730893914130246 'Spatial' 1.3506822750519931 56.053770134560004
 3.9830508474576267 56 7 4 8 2.5730893914130246]
[1.3878791821284644 'Spatial' 1.3506822750519931 56.053770134560004
 2.016949152542373 56 7 4 9 1.3878791821284644]
[1.7918561312228005 'Spatial' 1.3506822750519931 56.053770134560004
 1.8644067796610169 56 7 4 10 1.7918561312228005]
[1.9720251536515832 'Spatial' 1.3506822750519931 56.053770134560004
 1.9491525423728813 56 7 4 11 1.9720251536515832]
[2.397945337651172 'Spatial' 1.3506822750519931 56.053770134560004
 2.016949152542373 56 7 4 12 2.397945337651172]
[2.194005348603321 'Spatial' 1.3506822750519931 56.053770134560004
 1.5084745762711864 56 7 4 13 2.194005348603321]
[1.1605893562663978 'Spatial' 1.3506822750519931 56.053770134560004
 0.9999999999999999 56 7 4 14 1.1605893562663978]
[1.412828476001584 'Spatial' 1.3506822750519931 56.053770134560004
 0.9999999999999999 56 7 4 15 1.412828476001584]
[0.03603309864019643 'Spatial' 1.3506822750519931 56.053770134560004
 0.7288135593220338 56 7 4 16 0.03603309864019643]
[0.0006298016333097749 'Spatial' 1.3506822750519931 56.053770134560004
 0.1694915254237288 56 7 4 17 0.0006298016333097749]
[0.0006298016333097749 'Spatial' 1.3506822750519931 56.053770134560004
 0.1694915254237288 56 7 4 18 0.0006298016333097749]
[0.8058454127955901 'Spatial' 1.3506822750519931 56.053770134560004
 0.7627118644067796 56 7 4 19 0.8058454127955901]
[0.0 'Spatial' 1.3506822750519931 56.053770134560004 0.0 56 7 5 0 0.0]
[3.5255400999778774 'Spatial' 1.3506822750519931 56.053770134560004
 3.389830508474576 56 7 5 1 3.5255400999778774]
[1.7467310206077713 'Spatial' 1.3506822750519931 56.053770134560004
 5.576271186440677 56 7 5 2 1.7467310206077713]
[0.18414074184249604 'Spatial' 1.3506822750519931 56.053770134560004
 4.728813559322034 56 7 5 3 0.18414074184249604]
[3.5946407912064635 'Spatial' 1.3506822750519931 56.053770134560004
 1.3559322033898304 56 7 5 4 3.5946407912064635]
[3.7486196809275953 'Spatial' 1.3506822750519931 56.053770134560004
 7.4576271186440675 56 7 5 5 3.7486196809275953]
[2.990365440178621 'Spatial' 1.3506822750519931 56.053770134560004
 5.745762711864407 56 7 5 6 2.990365440178621]
[2.4747590877873007 'Spatial' 1.3506822750519931 56.053770134560004
 4.593220338983051 56 7 5 7 2.4747590877873007]
[2.5730893914130246 'Spatial' 1.3506822750519931 56.053770134560004
 3.9830508474576267 56 7 5 8 2.5730893914130246]
[1.3878791821284644 'Spatial' 1.3506822750519931 56.053770134560004
 2.016949152542373 56 7 5 9 1.3878791821284644]
[1.7918561312228005 'Spatial' 1.3506822750519931 56.053770134560004
 1.8644067796610169 56 7 5 10 1.7918561312228005]
[1.9720251536515832 'Spatial' 1.3506822750519931 56.053770134560004
 1.9491525423728813 56 7 5 11 1.9720251536515832]
[2.397945337651172 'Spatial' 1.3506822750519931 56.053770134560004
 2.016949152542373 56 7 5 12 2.397945337651172]
[2.194005348603321 'Spatial' 1.3506822750519931 56.053770134560004
 1.5084745762711864 56 7 5 13 2.194005348603321]
[1.1605893562663978 'Spatial' 1.3506822750519931 56.053770134560004
 0.9999999999999999 56 7 5 14 1.1605893562663978]
[1.412828476001584 'Spatial' 1.3506822750519931 56.053770134560004
 0.9999999999999999 56 7 5 15 1.412828476001584]
[0.03603309864019643 'Spatial' 1.3506822750519931 56.053770134560004
 0.7288135593220338 56 7 5 16 0.03603309864019643]
[0.0006298016333097749 'Spatial' 1.3506822750519931 56.053770134560004
 0.1694915254237288 56 7 5 17 0.0006298016333097749]
[0.0006298016333097749 'Spatial' 1.3506822750519931 56.053770134560004
 0.1694915254237288 56 7 5 18 0.0006298016333097749]
[0.8058454127955901 'Spatial' 1.3506822750519931 56.053770134560004
 0.7627118644067796 56 7 5 19 0.8058454127955901]
[0.0 'Spatial' 1.3506822750519931 56.053770134560004 0.0 56 7 6 0 0.0]
[3.5255400999778774 'Spatial' 1.3506822750519931 56.053770134560004
 3.389830508474576 56 7 6 1 3.5255400999778774]
[1.7467310206077713 'Spatial' 1.3506822750519931 56.053770134560004
 5.576271186440677 56 7 6 2 1.7467310206077713]
[0.18414074184249604 'Spatial' 1.3506822750519931 56.053770134560004
 4.728813559322034 56 7 6 3 0.18414074184249604]
[3.5946407912064635 'Spatial' 1.3506822750519931 56.053770134560004
 1.3559322033898304 56 7 6 4 3.5946407912064635]
[3.7486196809275953 'Spatial' 1.3506822750519931 56.053770134560004
 7.4576271186440675 56 7 6 5 3.7486196809275953]
[2.990365440178621 'Spatial' 1.3506822750519931 56.053770134560004
 5.745762711864407 56 7 6 6 2.990365440178621]
[2.4747590877873007 'Spatial' 1.3506822750519931 56.053770134560004
 4.593220338983051 56 7 6 7 2.4747590877873007]
[2.5730893914130246 'Spatial' 1.3506822750519931 56.053770134560004
 3.9830508474576267 56 7 6 8 2.5730893914130246]
[1.3878791821284644 'Spatial' 1.3506822750519931 56.053770134560004
 2.016949152542373 56 7 6 9 1.3878791821284644]
[1.7918561312228005 'Spatial' 1.3506822750519931 56.053770134560004
 1.8644067796610169 56 7 6 10 1.7918561312228005]
[1.9720251536515832 'Spatial' 1.3506822750519931 56.053770134560004
 1.9491525423728813 56 7 6 11 1.9720251536515832]
[2.397945337651172 'Spatial' 1.3506822750519931 56.053770134560004
 2.016949152542373 56 7 6 12 2.397945337651172]
[2.194005348603321 'Spatial' 1.3506822750519931 56.053770134560004
 1.5084745762711864 56 7 6 13 2.194005348603321]
[1.1605893562663978 'Spatial' 1.3506822750519931 56.053770134560004
 0.9999999999999999 56 7 6 14 1.1605893562663978]
[1.412828476001584 'Spatial' 1.3506822750519931 56.053770134560004
 0.9999999999999999 56 7 6 15 1.412828476001584]
[0.03603309864019643 'Spatial' 1.3506822750519931 56.053770134560004
 0.7288135593220338 56 7 6 16 0.03603309864019643]
[0.0006298016333097749 'Spatial' 1.3506822750519931 56.053770134560004
 0.1694915254237288 56 7 6 17 0.0006298016333097749]
[0.0006298016333097749 'Spatial' 1.3506822750519931 56.053770134560004
 0.1694915254237288 56 7 6 18 0.0006298016333097749]
[0.8058454127955901 'Spatial' 1.3506822750519931 56.053770134560004
 0.7627118644067796 56 7 6 19 0.8058454127955901]
[0.0 'Spatial' 1.3506822750519931 56.053770134560004 0.0 56 7 8 0 0.0]
[3.5255400999778774 'Spatial' 1.3506822750519931 56.053770134560004
 3.389830508474576 56 7 8 1 3.5255400999778774]
[1.7467310206077713 'Spatial' 1.3506822750519931 56.053770134560004
 5.576271186440677 56 7 8 2 1.7467310206077713]
[0.18414074184249604 'Spatial' 1.3506822750519931 56.053770134560004
 4.728813559322034 56 7 8 3 0.18414074184249604]
[3.5946407912064635 'Spatial' 1.3506822750519931 56.053770134560004
 1.3559322033898304 56 7 8 4 3.5946407912064635]
[3.7486196809275953 'Spatial' 1.3506822750519931 56.053770134560004
 7.4576271186440675 56 7 8 5 3.7486196809275953]
[2.990365440178621 'Spatial' 1.3506822750519931 56.053770134560004
 5.745762711864407 56 7 8 6 2.990365440178621]
[2.4747590877873007 'Spatial' 1.3506822750519931 56.053770134560004
 4.593220338983051 56 7 8 7 2.4747590877873007]
[2.5730893914130246 'Spatial' 1.3506822750519931 56.053770134560004
 3.9830508474576267 56 7 8 8 2.5730893914130246]
[1.3878791821284644 'Spatial' 1.3506822750519931 56.053770134560004
 2.016949152542373 56 7 8 9 1.3878791821284644]
[1.7918561312228005 'Spatial' 1.3506822750519931 56.053770134560004
 1.8644067796610169 56 7 8 10 1.7918561312228005]
[1.9720251536515832 'Spatial' 1.3506822750519931 56.053770134560004
 1.9491525423728813 56 7 8 11 1.9720251536515832]
[2.397945337651172 'Spatial' 1.3506822750519931 56.053770134560004
 2.016949152542373 56 7 8 12 2.397945337651172]
[2.194005348603321 'Spatial' 1.3506822750519931 56.053770134560004
 1.5084745762711864 56 7 8 13 2.194005348603321]
[1.1605893562663978 'Spatial' 1.3506822750519931 56.053770134560004
 0.9999999999999999 56 7 8 14 1.1605893562663978]
[1.412828476001584 'Spatial' 1.3506822750519931 56.053770134560004
 0.9999999999999999 56 7 8 15 1.412828476001584]
[0.03603309864019643 'Spatial' 1.3506822750519931 56.053770134560004
 0.7288135593220338 56 7 8 16 0.03603309864019643]
[0.0006298016333097749 'Spatial' 1.3506822750519931 56.053770134560004
 0.1694915254237288 56 7 8 17 0.0006298016333097749]
[0.0006298016333097749 'Spatial' 1.3506822750519931 56.053770134560004
 0.1694915254237288 56 7 8 18 0.0006298016333097749]
[0.8058454127955901 'Spatial' 1.3506822750519931 56.053770134560004
 0.7627118644067796 56 7 8 19 0.8058454127955901]
