[0.0 'Spatial' 1.229280966490544 65.15181900163402 0.0 54 3 0 0 0.0]
[3.269035612127149 'Spatial' 1.229280966490544 65.15181900163402
 2.3559322033898304 54 3 0 1 3.269035612127149]
[3.8666867737631856 'Spatial' 1.229280966490544 65.15181900163402
 0.8983050847457626 54 3 0 2 3.8666867737631856]
[4.109804214300755 'Spatial' 1.229280966490544 65.15181900163402
 0.3220338983050847 54 3 0 3 4.109804214300755]
[3.9475562991465005 'Spatial' 1.229280966490544 65.15181900163402
 0.559322033898305 54 3 0 4 3.9475562991465005]
[2.9064828891021106 'Spatial' 1.229280966490544 65.15181900163402
 3.813559322033898 54 3 0 5 2.9064828891021106]
[1.8100689113910697 'Spatial' 1.229280966490544 65.15181900163402
 2.4576271186440675 54 3 0 6 1.8100689113910697]
[1.1356758324033573 'Spatial' 1.229280966490544 65.15181900163402
 1.6779661016949152 54 3 0 7 1.1356758324033573]
[0.7036578814370117 'Spatial' 1.229280966490544 65.15181900163402
 1.271186440677966 54 3 0 8 0.7036578814370117]
[1.1284984447865265 'Spatial' 1.229280966490544 65.15181900163402
 1.1694915254237288 54 3 0 9 1.1284984447865265]
[0.3452157224507396 'Spatial' 1.229280966490544 65.15181900163402
 0.6610169491525423 54 3 0 10 0.3452157224507396]
[4.04346961394553 'Spatial' 1.229280966490544 65.15181900163402
 4.423728813559321 54 3 0 11 4.04346961394553]
[0.6963001421302007 'Spatial' 1.229280966490544 65.15181900163402
 0.8305084745762711 54 3 0 12 0.6963001421302007]
[0.5361917371206556 'Spatial' 1.229280966490544 65.15181900163402
 0.5084745762711864 54 3 0 13 0.5361917371206556]
[0.009348530545430727 'Spatial' 1.229280966490544 65.15181900163402
 0.1694915254237288 54 3 0 14 0.009348530545430727]
[0.009348530651388133 'Spatial' 1.229280966490544 65.15181900163402
 0.1694915254237288 54 3 0 15 0.009348530651388133]
[0.6934571325198738 'Spatial' 1.229280966490544 65.15181900163402
 0.6779661016949152 54 3 0 16 0.6934571325198738]
[0.6934571325198738 'Spatial' 1.229280966490544 65.15181900163402
 0.1694915254237288 54 3 0 17 0.6934571325198738]
[0.6934571325198738 'Spatial' 1.229280966490544 65.15181900163402
 0.1694915254237288 54 3 0 18 0.6934571325198738]
[0.6934571325198738 'Spatial' 1.229280966490544 65.15181900163402
 0.1694915254237288 54 3 0 19 0.6934571325198738]
[0.0 'Spatial' 1.229280966490544 65.15181900163402 0.0 54 3 1 0 0.0]
[3.269035612127149 'Spatial' 1.229280966490544 65.15181900163402
 2.3559322033898304 54 3 1 1 3.269035612127149]
[3.8666867737631856 'Spatial' 1.229280966490544 65.15181900163402
 0.8983050847457626 54 3 1 2 3.8666867737631856]
[4.109804214300755 'Spatial' 1.229280966490544 65.15181900163402
 0.3220338983050847 54 3 1 3 4.109804214300755]
[3.9475562991465005 'Spatial' 1.229280966490544 65.15181900163402
 0.559322033898305 54 3 1 4 3.9475562991465005]
[2.9064828891021106 'Spatial' 1.229280966490544 65.15181900163402
 3.813559322033898 54 3 1 5 2.9064828891021106]
[1.8100689113910697 'Spatial' 1.229280966490544 65.15181900163402
 2.4576271186440675 54 3 1 6 1.8100689113910697]
[1.1356758324033573 'Spatial' 1.229280966490544 65.15181900163402
 1.6779661016949152 54 3 1 7 1.1356758324033573]
[0.7036578814370117 'Spatial' 1.229280966490544 65.15181900163402
 1.271186440677966 54 3 1 8 0.7036578814370117]
[1.1284984447865265 'Spatial' 1.229280966490544 65.15181900163402
 1.1694915254237288 54 3 1 9 1.1284984447865265]
[0.3452157224507396 'Spatial' 1.229280966490544 65.15181900163402
 0.6610169491525423 54 3 1 10 0.3452157224507396]
[4.04346961394553 'Spatial' 1.229280966490544 65.15181900163402
 4.423728813559321 54 3 1 11 4.04346961394553]
[0.6963001421302007 'Spatial' 1.229280966490544 65.15181900163402
 0.8305084745762711 54 3 1 12 0.6963001421302007]
[0.5361917371206556 'Spatial' 1.229280966490544 65.15181900163402
 0.5084745762711864 54 3 1 13 0.5361917371206556]
[0.009348530545430727 'Spatial' 1.229280966490544 65.15181900163402
 0.1694915254237288 54 3 1 14 0.009348530545430727]
[0.009348530651388133 'Spatial' 1.229280966490544 65.15181900163402
 0.1694915254237288 54 3 1 15 0.009348530651388133]
[0.6934571325198738 'Spatial' 1.229280966490544 65.15181900163402
 0.6779661016949152 54 3 1 16 0.6934571325198738]
[0.6934571325198738 'Spatial' 1.229280966490544 65.15181900163402
 0.1694915254237288 54 3 1 17 0.6934571325198738]
[0.6934571325198738 'Spatial' 1.229280966490544 65.15181900163402
 0.1694915254237288 54 3 1 18 0.6934571325198738]
[0.6934571325198738 'Spatial' 1.229280966490544 65.15181900163402
 0.1694915254237288 54 3 1 19 0.6934571325198738]
[0.0 'Spatial' 1.229280966490544 65.15181900163402 0.0 54 3 2 0 0.0]
[3.269035612127149 'Spatial' 1.229280966490544 65.15181900163402
 2.3559322033898304 54 3 2 1 3.269035612127149]
[3.8666867737631856 'Spatial' 1.229280966490544 65.15181900163402
 0.8983050847457626 54 3 2 2 3.8666867737631856]
[4.109804214300755 'Spatial' 1.229280966490544 65.15181900163402
 0.3220338983050847 54 3 2 3 4.109804214300755]
[3.9475562991465005 'Spatial' 1.229280966490544 65.15181900163402
 0.559322033898305 54 3 2 4 3.9475562991465005]
[2.9064828891021106 'Spatial' 1.229280966490544 65.15181900163402
 3.813559322033898 54 3 2 5 2.9064828891021106]
[1.8100689113910697 'Spatial' 1.229280966490544 65.15181900163402
 2.4576271186440675 54 3 2 6 1.8100689113910697]
[1.1356758324033573 'Spatial' 1.229280966490544 65.15181900163402
 1.6779661016949152 54 3 2 7 1.1356758324033573]
[0.7036578814370117 'Spatial' 1.229280966490544 65.15181900163402
 1.271186440677966 54 3 2 8 0.7036578814370117]
[1.1284984447865265 'Spatial' 1.229280966490544 65.15181900163402
 1.1694915254237288 54 3 2 9 1.1284984447865265]
[0.3452157224507396 'Spatial' 1.229280966490544 65.15181900163402
 0.6610169491525423 54 3 2 10 0.3452157224507396]
[4.04346961394553 'Spatial' 1.229280966490544 65.15181900163402
 4.423728813559321 54 3 2 11 4.04346961394553]
[0.6963001421302007 'Spatial' 1.229280966490544 65.15181900163402
 0.8305084745762711 54 3 2 12 0.6963001421302007]
[0.5361917371206556 'Spatial' 1.229280966490544 65.15181900163402
 0.5084745762711864 54 3 2 13 0.5361917371206556]
[0.009348530545430727 'Spatial' 1.229280966490544 65.15181900163402
 0.1694915254237288 54 3 2 14 0.009348530545430727]
[0.009348530651388133 'Spatial' 1.229280966490544 65.15181900163402
 0.1694915254237288 54 3 2 15 0.009348530651388133]
[0.6934571325198738 'Spatial' 1.229280966490544 65.15181900163402
 0.6779661016949152 54 3 2 16 0.6934571325198738]
[0.6934571325198738 'Spatial' 1.229280966490544 65.15181900163402
 0.1694915254237288 54 3 2 17 0.6934571325198738]
[0.6934571325198738 'Spatial' 1.229280966490544 65.15181900163402
 0.1694915254237288 54 3 2 18 0.6934571325198738]
[0.6934571325198738 'Spatial' 1.229280966490544 65.15181900163402
 0.1694915254237288 54 3 2 19 0.6934571325198738]
[0.0 'Spatial' 1.229280966490544 65.15181900163402 0.0 54 3 4 0 0.0]
[3.269035612127149 'Spatial' 1.229280966490544 65.15181900163402
 2.3559322033898304 54 3 4 1 3.269035612127149]
[3.8666867737631856 'Spatial' 1.229280966490544 65.15181900163402
 0.8983050847457626 54 3 4 2 3.8666867737631856]
[4.109804214300755 'Spatial' 1.229280966490544 65.15181900163402
 0.3220338983050847 54 3 4 3 4.109804214300755]
[3.9475562991465005 'Spatial' 1.229280966490544 65.15181900163402
 0.559322033898305 54 3 4 4 3.9475562991465005]
[2.9064828891021106 'Spatial' 1.229280966490544 65.15181900163402
 3.813559322033898 54 3 4 5 2.9064828891021106]
[1.8100689113910697 'Spatial' 1.229280966490544 65.15181900163402
 2.4576271186440675 54 3 4 6 1.8100689113910697]
[1.1356758324033573 'Spatial' 1.229280966490544 65.15181900163402
 1.6779661016949152 54 3 4 7 1.1356758324033573]
[0.7036578814370117 'Spatial' 1.229280966490544 65.15181900163402
 1.271186440677966 54 3 4 8 0.7036578814370117]
[1.1284984447865265 'Spatial' 1.229280966490544 65.15181900163402
 1.1694915254237288 54 3 4 9 1.1284984447865265]
[0.3452157224507396 'Spatial' 1.229280966490544 65.15181900163402
 0.6610169491525423 54 3 4 10 0.3452157224507396]
[4.04346961394553 'Spatial' 1.229280966490544 65.15181900163402
 4.423728813559321 54 3 4 11 4.04346961394553]
[0.6963001421302007 'Spatial' 1.229280966490544 65.15181900163402
 0.8305084745762711 54 3 4 12 0.6963001421302007]
[0.5361917371206556 'Spatial' 1.229280966490544 65.15181900163402
 0.5084745762711864 54 3 4 13 0.5361917371206556]
[0.009348530545430727 'Spatial' 1.229280966490544 65.15181900163402
 0.1694915254237288 54 3 4 14 0.009348530545430727]
[0.009348530651388133 'Spatial' 1.229280966490544 65.15181900163402
 0.1694915254237288 54 3 4 15 0.009348530651388133]
[0.6934571325198738 'Spatial' 1.229280966490544 65.15181900163402
 0.6779661016949152 54 3 4 16 0.6934571325198738]
[0.6934571325198738 'Spatial' 1.229280966490544 65.15181900163402
 0.1694915254237288 54 3 4 17 0.6934571325198738]
[0.6934571325198738 'Spatial' 1.229280966490544 65.15181900163402
 0.1694915254237288 54 3 4 18 0.6934571325198738]
[0.6934571325198738 'Spatial' 1.229280966490544 65.15181900163402
 0.1694915254237288 54 3 4 19 0.6934571325198738]
[0.0 'Spatial' 1.229280966490544 65.15181900163402 0.0 54 3 5 0 0.0]
[3.269035612127149 'Spatial' 1.229280966490544 65.15181900163402
 2.3559322033898304 54 3 5 1 3.269035612127149]
[3.8666867737631856 'Spatial' 1.229280966490544 65.15181900163402
 0.8983050847457626 54 3 5 2 3.8666867737631856]
[4.109804214300755 'Spatial' 1.229280966490544 65.15181900163402
 0.3220338983050847 54 3 5 3 4.109804214300755]
[3.9475562991465005 'Spatial' 1.229280966490544 65.15181900163402
 0.559322033898305 54 3 5 4 3.9475562991465005]
[2.9064828891021106 'Spatial' 1.229280966490544 65.15181900163402
 3.813559322033898 54 3 5 5 2.9064828891021106]
[1.8100689113910697 'Spatial' 1.229280966490544 65.15181900163402
 2.4576271186440675 54 3 5 6 1.8100689113910697]
[1.1356758324033573 'Spatial' 1.229280966490544 65.15181900163402
 1.6779661016949152 54 3 5 7 1.1356758324033573]
[0.7036578814370117 'Spatial' 1.229280966490544 65.15181900163402
 1.271186440677966 54 3 5 8 0.7036578814370117]
[1.1284984447865265 'Spatial' 1.229280966490544 65.15181900163402
 1.1694915254237288 54 3 5 9 1.1284984447865265]
[0.3452157224507396 'Spatial' 1.229280966490544 65.15181900163402
 0.6610169491525423 54 3 5 10 0.3452157224507396]
[4.04346961394553 'Spatial' 1.229280966490544 65.15181900163402
 4.423728813559321 54 3 5 11 4.04346961394553]
[0.6963001421302007 'Spatial' 1.229280966490544 65.15181900163402
 0.8305084745762711 54 3 5 12 0.6963001421302007]
[0.5361917371206556 'Spatial' 1.229280966490544 65.15181900163402
 0.5084745762711864 54 3 5 13 0.5361917371206556]
[0.009348530545430727 'Spatial' 1.229280966490544 65.15181900163402
 0.1694915254237288 54 3 5 14 0.009348530545430727]
[0.009348530651388133 'Spatial' 1.229280966490544 65.15181900163402
 0.1694915254237288 54 3 5 15 0.009348530651388133]
[0.6934571325198738 'Spatial' 1.229280966490544 65.15181900163402
 0.6779661016949152 54 3 5 16 0.6934571325198738]
[0.6934571325198738 'Spatial' 1.229280966490544 65.15181900163402
 0.1694915254237288 54 3 5 17 0.6934571325198738]
[0.6934571325198738 'Spatial' 1.229280966490544 65.15181900163402
 0.1694915254237288 54 3 5 18 0.6934571325198738]
[0.6934571325198738 'Spatial' 1.229280966490544 65.15181900163402
 0.1694915254237288 54 3 5 19 0.6934571325198738]
[0.0 'Spatial' 1.229280966490544 65.15181900163402 0.0 54 3 6 0 0.0]
[3.269035612127149 'Spatial' 1.229280966490544 65.15181900163402
 2.3559322033898304 54 3 6 1 3.269035612127149]
[3.8666867737631856 'Spatial' 1.229280966490544 65.15181900163402
 0.8983050847457626 54 3 6 2 3.8666867737631856]
[4.109804214300755 'Spatial' 1.229280966490544 65.15181900163402
 0.3220338983050847 54 3 6 3 4.109804214300755]
[3.9475562991465005 'Spatial' 1.229280966490544 65.15181900163402
 0.559322033898305 54 3 6 4 3.9475562991465005]
[2.9064828891021106 'Spatial' 1.229280966490544 65.15181900163402
 3.813559322033898 54 3 6 5 2.9064828891021106]
[1.8100689113910697 'Spatial' 1.229280966490544 65.15181900163402
 2.4576271186440675 54 3 6 6 1.8100689113910697]
[1.1356758324033573 'Spatial' 1.229280966490544 65.15181900163402
 1.6779661016949152 54 3 6 7 1.1356758324033573]
[0.7036578814370117 'Spatial' 1.229280966490544 65.15181900163402
 1.271186440677966 54 3 6 8 0.7036578814370117]
[1.1284984447865265 'Spatial' 1.229280966490544 65.15181900163402
 1.1694915254237288 54 3 6 9 1.1284984447865265]
[0.3452157224507396 'Spatial' 1.229280966490544 65.15181900163402
 0.6610169491525423 54 3 6 10 0.3452157224507396]
[4.04346961394553 'Spatial' 1.229280966490544 65.15181900163402
 4.423728813559321 54 3 6 11 4.04346961394553]
[0.6963001421302007 'Spatial' 1.229280966490544 65.15181900163402
 0.8305084745762711 54 3 6 12 0.6963001421302007]
[0.5361917371206556 'Spatial' 1.229280966490544 65.15181900163402
 0.5084745762711864 54 3 6 13 0.5361917371206556]
[0.009348530545430727 'Spatial' 1.229280966490544 65.15181900163402
 0.1694915254237288 54 3 6 14 0.009348530545430727]
[0.009348530651388133 'Spatial' 1.229280966490544 65.15181900163402
 0.1694915254237288 54 3 6 15 0.009348530651388133]
[0.6934571325198738 'Spatial' 1.229280966490544 65.15181900163402
 0.6779661016949152 54 3 6 16 0.6934571325198738]
[0.6934571325198738 'Spatial' 1.229280966490544 65.15181900163402
 0.1694915254237288 54 3 6 17 0.6934571325198738]
[0.6934571325198738 'Spatial' 1.229280966490544 65.15181900163402
 0.1694915254237288 54 3 6 18 0.6934571325198738]
[0.6934571325198738 'Spatial' 1.229280966490544 65.15181900163402
 0.1694915254237288 54 3 6 19 0.6934571325198738]
[0.0 'Spatial' 1.229280966490544 65.15181900163402 0.0 54 3 7 0 0.0]
[3.269035612127149 'Spatial' 1.229280966490544 65.15181900163402
 2.3559322033898304 54 3 7 1 3.269035612127149]
[3.8666867737631856 'Spatial' 1.229280966490544 65.15181900163402
 0.8983050847457626 54 3 7 2 3.8666867737631856]
[4.109804214300755 'Spatial' 1.229280966490544 65.15181900163402
 0.3220338983050847 54 3 7 3 4.109804214300755]
[3.9475562991465005 'Spatial' 1.229280966490544 65.15181900163402
 0.559322033898305 54 3 7 4 3.9475562991465005]
[2.9064828891021106 'Spatial' 1.229280966490544 65.15181900163402
 3.813559322033898 54 3 7 5 2.9064828891021106]
[1.8100689113910697 'Spatial' 1.229280966490544 65.15181900163402
 2.4576271186440675 54 3 7 6 1.8100689113910697]
[1.1356758324033573 'Spatial' 1.229280966490544 65.15181900163402
 1.6779661016949152 54 3 7 7 1.1356758324033573]
[0.7036578814370117 'Spatial' 1.229280966490544 65.15181900163402
 1.271186440677966 54 3 7 8 0.7036578814370117]
[1.1284984447865265 'Spatial' 1.229280966490544 65.15181900163402
 1.1694915254237288 54 3 7 9 1.1284984447865265]
[0.3452157224507396 'Spatial' 1.229280966490544 65.15181900163402
 0.6610169491525423 54 3 7 10 0.3452157224507396]
[4.04346961394553 'Spatial' 1.229280966490544 65.15181900163402
 4.423728813559321 54 3 7 11 4.04346961394553]
[0.6963001421302007 'Spatial' 1.229280966490544 65.15181900163402
 0.8305084745762711 54 3 7 12 0.6963001421302007]
[0.5361917371206556 'Spatial' 1.229280966490544 65.15181900163402
 0.5084745762711864 54 3 7 13 0.5361917371206556]
[0.009348530545430727 'Spatial' 1.229280966490544 65.15181900163402
 0.1694915254237288 54 3 7 14 0.009348530545430727]
[0.009348530651388133 'Spatial' 1.229280966490544 65.15181900163402
 0.1694915254237288 54 3 7 15 0.009348530651388133]
[0.6934571325198738 'Spatial' 1.229280966490544 65.15181900163402
 0.6779661016949152 54 3 7 16 0.6934571325198738]
[0.6934571325198738 'Spatial' 1.229280966490544 65.15181900163402
 0.1694915254237288 54 3 7 17 0.6934571325198738]
[0.6934571325198738 'Spatial' 1.229280966490544 65.15181900163402
 0.1694915254237288 54 3 7 18 0.6934571325198738]
[0.6934571325198738 'Spatial' 1.229280966490544 65.15181900163402
 0.1694915254237288 54 3 7 19 0.6934571325198738]
[0.0 'Spatial' 1.229280966490544 65.15181900163402 0.0 54 3 8 0 0.0]
[3.269035612127149 'Spatial' 1.229280966490544 65.15181900163402
 2.3559322033898304 54 3 8 1 3.269035612127149]
[3.8666867737631856 'Spatial' 1.229280966490544 65.15181900163402
 0.8983050847457626 54 3 8 2 3.8666867737631856]
[4.109804214300755 'Spatial' 1.229280966490544 65.15181900163402
 0.3220338983050847 54 3 8 3 4.109804214300755]
[3.9475562991465005 'Spatial' 1.229280966490544 65.15181900163402
 0.559322033898305 54 3 8 4 3.9475562991465005]
[2.9064828891021106 'Spatial' 1.229280966490544 65.15181900163402
 3.813559322033898 54 3 8 5 2.9064828891021106]
[1.8100689113910697 'Spatial' 1.229280966490544 65.15181900163402
 2.4576271186440675 54 3 8 6 1.8100689113910697]
[1.1356758324033573 'Spatial' 1.229280966490544 65.15181900163402
 1.6779661016949152 54 3 8 7 1.1356758324033573]
[0.7036578814370117 'Spatial' 1.229280966490544 65.15181900163402
 1.271186440677966 54 3 8 8 0.7036578814370117]
[1.1284984447865265 'Spatial' 1.229280966490544 65.15181900163402
 1.1694915254237288 54 3 8 9 1.1284984447865265]
[0.3452157224507396 'Spatial' 1.229280966490544 65.15181900163402
 0.6610169491525423 54 3 8 10 0.3452157224507396]
[4.04346961394553 'Spatial' 1.229280966490544 65.15181900163402
 4.423728813559321 54 3 8 11 4.04346961394553]
[0.6963001421302007 'Spatial' 1.229280966490544 65.15181900163402
 0.8305084745762711 54 3 8 12 0.6963001421302007]
[0.5361917371206556 'Spatial' 1.229280966490544 65.15181900163402
 0.5084745762711864 54 3 8 13 0.5361917371206556]
[0.009348530545430727 'Spatial' 1.229280966490544 65.15181900163402
 0.1694915254237288 54 3 8 14 0.009348530545430727]
[0.009348530651388133 'Spatial' 1.229280966490544 65.15181900163402
 0.1694915254237288 54 3 8 15 0.009348530651388133]
[0.6934571325198738 'Spatial' 1.229280966490544 65.15181900163402
 0.6779661016949152 54 3 8 16 0.6934571325198738]
[0.6934571325198738 'Spatial' 1.229280966490544 65.15181900163402
 0.1694915254237288 54 3 8 17 0.6934571325198738]
[0.6934571325198738 'Spatial' 1.229280966490544 65.15181900163402
 0.1694915254237288 54 3 8 18 0.6934571325198738]
[0.6934571325198738 'Spatial' 1.229280966490544 65.15181900163402
 0.1694915254237288 54 3 8 19 0.6934571325198738]
