[0.0 'Spatial' 0.0559559209449593 0.1416116523420084 0.0 20 5 0 0 0.0]
[3.832331331395577 'Spatial' 0.0559559209449593 0.1416116523420084
 1.9152542372881354 20 5 0 1 3.832331331395577]
[3.1813436842871936 'Spatial' 0.0559559209449593 0.1416116523420084
 3.0508474576271185 20 5 0 2 3.1813436842871936]
[2.246146795429725 'Spatial' 0.0559559209449593 0.1416116523420084
 2.932203389830508 20 5 0 3 2.246146795429725]
[0.7830338859888084 'Spatial' 0.0559559209449593 0.1416116523420084
 0.1694915254237288 20 5 0 4 0.7830338859888084]
[2.6905614663200215 'Spatial' 0.0559559209449593 0.1416116523420084
 5.508474576271186 20 5 0 5 2.6905614663200215]
[0.0006536260234700616 'Spatial' 0.0559559209449593 0.1416116523420084
 0.28135593220338984 20 5 0 6 0.0006536260234700616]
[0.0006298016333102192 'Spatial' 0.0559559209449593 0.1416116523420084
 0.1694915254237288 20 5 0 7 0.0006298016333102192]
[0.0006298016333102192 'Spatial' 0.0559559209449593 0.1416116523420084
 0.1694915254237288 20 5 0 8 0.0006298016333102192]
[0.0006298016333102192 'Spatial' 0.0559559209449593 0.1416116523420084
 0.1694915254237288 20 5 0 9 0.0006298016333102192]
[0.0006298016333102192 'Spatial' 0.0559559209449593 0.1416116523420084
 0.1694915254237288 20 5 0 10 0.0006298016333102192]
[0.0006298016333102192 'Spatial' 0.0559559209449593 0.1416116523420084
 0.1694915254237288 20 5 0 11 0.0006298016333102192]
[0.0006298016333102192 'Spatial' 0.0559559209449593 0.1416116523420084
 0.1694915254237288 20 5 0 12 0.0006298016333102192]
[0.0006298016333102192 'Spatial' 0.0559559209449593 0.1416116523420084
 0.1694915254237288 20 5 0 13 0.0006298016333102192]
[0.0006298016333102192 'Spatial' 0.0559559209449593 0.1416116523420084
 0.1694915254237288 20 5 0 14 0.0006298016333102192]
[0.0006298016333102192 'Spatial' 0.0559559209449593 0.1416116523420084
 0.1694915254237288 20 5 0 15 0.0006298016333102192]
[0.0006298016333102192 'Spatial' 0.0559559209449593 0.1416116523420084
 0.1694915254237288 20 5 0 16 0.0006298016333102192]
[0.0006298016333102192 'Spatial' 0.0559559209449593 0.1416116523420084
 0.1694915254237288 20 5 0 17 0.0006298016333102192]
[2.291193668451504 'Spatial' 0.0559559209449593 0.1416116523420084
 6.864406779661016 20 5 0 18 2.291193668451504]
[0.0006298016333102192 'Spatial' 0.0559559209449593 0.1416116523420084
 0.1694915254237288 20 5 0 19 0.0006298016333102192]
[0.0 'Spatial' 0.0559559209449593 0.1416116523420084 0.0 20 5 1 0 0.0]
[3.832331331395577 'Spatial' 0.0559559209449593 0.1416116523420084
 1.9152542372881354 20 5 1 1 3.832331331395577]
[3.1813436842871936 'Spatial' 0.0559559209449593 0.1416116523420084
 3.0508474576271185 20 5 1 2 3.1813436842871936]
[2.246146795429725 'Spatial' 0.0559559209449593 0.1416116523420084
 2.932203389830508 20 5 1 3 2.246146795429725]
[0.7830338859888084 'Spatial' 0.0559559209449593 0.1416116523420084
 0.1694915254237288 20 5 1 4 0.7830338859888084]
[2.6905614663200215 'Spatial' 0.0559559209449593 0.1416116523420084
 5.508474576271186 20 5 1 5 2.6905614663200215]
[0.0006536260234700616 'Spatial' 0.0559559209449593 0.1416116523420084
 0.28135593220338984 20 5 1 6 0.0006536260234700616]
[0.0006298016333102192 'Spatial' 0.0559559209449593 0.1416116523420084
 0.1694915254237288 20 5 1 7 0.0006298016333102192]
[0.0006298016333102192 'Spatial' 0.0559559209449593 0.1416116523420084
 0.1694915254237288 20 5 1 8 0.0006298016333102192]
[0.0006298016333102192 'Spatial' 0.0559559209449593 0.1416116523420084
 0.1694915254237288 20 5 1 9 0.0006298016333102192]
[0.0006298016333102192 'Spatial' 0.0559559209449593 0.1416116523420084
 0.1694915254237288 20 5 1 10 0.0006298016333102192]
[0.0006298016333102192 'Spatial' 0.0559559209449593 0.1416116523420084
 0.1694915254237288 20 5 1 11 0.0006298016333102192]
[0.0006298016333102192 'Spatial' 0.0559559209449593 0.1416116523420084
 0.1694915254237288 20 5 1 12 0.0006298016333102192]
[0.0006298016333102192 'Spatial' 0.0559559209449593 0.1416116523420084
 0.1694915254237288 20 5 1 13 0.0006298016333102192]
[0.0006298016333102192 'Spatial' 0.0559559209449593 0.1416116523420084
 0.1694915254237288 20 5 1 14 0.0006298016333102192]
[0.0006298016333102192 'Spatial' 0.0559559209449593 0.1416116523420084
 0.1694915254237288 20 5 1 15 0.0006298016333102192]
[0.0006298016333102192 'Spatial' 0.0559559209449593 0.1416116523420084
 0.1694915254237288 20 5 1 16 0.0006298016333102192]
[0.0006298016333102192 'Spatial' 0.0559559209449593 0.1416116523420084
 0.1694915254237288 20 5 1 17 0.0006298016333102192]
[2.291193668451504 'Spatial' 0.0559559209449593 0.1416116523420084
 6.864406779661016 20 5 1 18 2.291193668451504]
[0.0006298016333102192 'Spatial' 0.0559559209449593 0.1416116523420084
 0.1694915254237288 20 5 1 19 0.0006298016333102192]
[0.0 'Spatial' 0.0559559209449593 0.1416116523420084 0.0 20 5 2 0 0.0]
[3.832331331395577 'Spatial' 0.0559559209449593 0.1416116523420084
 1.9152542372881354 20 5 2 1 3.832331331395577]
[3.1813436842871936 'Spatial' 0.0559559209449593 0.1416116523420084
 3.0508474576271185 20 5 2 2 3.1813436842871936]
[2.246146795429725 'Spatial' 0.0559559209449593 0.1416116523420084
 2.932203389830508 20 5 2 3 2.246146795429725]
[0.7830338859888084 'Spatial' 0.0559559209449593 0.1416116523420084
 0.1694915254237288 20 5 2 4 0.7830338859888084]
[2.6905614663200215 'Spatial' 0.0559559209449593 0.1416116523420084
 5.508474576271186 20 5 2 5 2.6905614663200215]
[0.0006536260234700616 'Spatial' 0.0559559209449593 0.1416116523420084
 0.28135593220338984 20 5 2 6 0.0006536260234700616]
[0.0006298016333102192 'Spatial' 0.0559559209449593 0.1416116523420084
 0.1694915254237288 20 5 2 7 0.0006298016333102192]
[0.0006298016333102192 'Spatial' 0.0559559209449593 0.1416116523420084
 0.1694915254237288 20 5 2 8 0.0006298016333102192]
[0.0006298016333102192 'Spatial' 0.0559559209449593 0.1416116523420084
 0.1694915254237288 20 5 2 9 0.0006298016333102192]
[0.0006298016333102192 'Spatial' 0.0559559209449593 0.1416116523420084
 0.1694915254237288 20 5 2 10 0.0006298016333102192]
[0.0006298016333102192 'Spatial' 0.0559559209449593 0.1416116523420084
 0.1694915254237288 20 5 2 11 0.0006298016333102192]
[0.0006298016333102192 'Spatial' 0.0559559209449593 0.1416116523420084
 0.1694915254237288 20 5 2 12 0.0006298016333102192]
[0.0006298016333102192 'Spatial' 0.0559559209449593 0.1416116523420084
 0.1694915254237288 20 5 2 13 0.0006298016333102192]
[0.0006298016333102192 'Spatial' 0.0559559209449593 0.1416116523420084
 0.1694915254237288 20 5 2 14 0.0006298016333102192]
[0.0006298016333102192 'Spatial' 0.0559559209449593 0.1416116523420084
 0.1694915254237288 20 5 2 15 0.0006298016333102192]
[0.0006298016333102192 'Spatial' 0.0559559209449593 0.1416116523420084
 0.1694915254237288 20 5 2 16 0.0006298016333102192]
[0.0006298016333102192 'Spatial' 0.0559559209449593 0.1416116523420084
 0.1694915254237288 20 5 2 17 0.0006298016333102192]
[2.291193668451504 'Spatial' 0.0559559209449593 0.1416116523420084
 6.864406779661016 20 5 2 18 2.291193668451504]
[0.0006298016333102192 'Spatial' 0.0559559209449593 0.1416116523420084
 0.1694915254237288 20 5 2 19 0.0006298016333102192]
[0.0 'Spatial' 0.0559559209449593 0.1416116523420084 0.0 20 5 3 0 0.0]
[3.832331331395577 'Spatial' 0.0559559209449593 0.1416116523420084
 1.9152542372881354 20 5 3 1 3.832331331395577]
[3.1813436842871936 'Spatial' 0.0559559209449593 0.1416116523420084
 3.0508474576271185 20 5 3 2 3.1813436842871936]
[2.246146795429725 'Spatial' 0.0559559209449593 0.1416116523420084
 2.932203389830508 20 5 3 3 2.246146795429725]
[0.7830338859888084 'Spatial' 0.0559559209449593 0.1416116523420084
 0.1694915254237288 20 5 3 4 0.7830338859888084]
[2.6905614663200215 'Spatial' 0.0559559209449593 0.1416116523420084
 5.508474576271186 20 5 3 5 2.6905614663200215]
[0.0006536260234700616 'Spatial' 0.0559559209449593 0.1416116523420084
 0.28135593220338984 20 5 3 6 0.0006536260234700616]
[0.0006298016333102192 'Spatial' 0.0559559209449593 0.1416116523420084
 0.1694915254237288 20 5 3 7 0.0006298016333102192]
[0.0006298016333102192 'Spatial' 0.0559559209449593 0.1416116523420084
 0.1694915254237288 20 5 3 8 0.0006298016333102192]
[0.0006298016333102192 'Spatial' 0.0559559209449593 0.1416116523420084
 0.1694915254237288 20 5 3 9 0.0006298016333102192]
[0.0006298016333102192 'Spatial' 0.0559559209449593 0.1416116523420084
 0.1694915254237288 20 5 3 10 0.0006298016333102192]
[0.0006298016333102192 'Spatial' 0.0559559209449593 0.1416116523420084
 0.1694915254237288 20 5 3 11 0.0006298016333102192]
[0.0006298016333102192 'Spatial' 0.0559559209449593 0.1416116523420084
 0.1694915254237288 20 5 3 12 0.0006298016333102192]
[0.0006298016333102192 'Spatial' 0.0559559209449593 0.1416116523420084
 0.1694915254237288 20 5 3 13 0.0006298016333102192]
[0.0006298016333102192 'Spatial' 0.0559559209449593 0.1416116523420084
 0.1694915254237288 20 5 3 14 0.0006298016333102192]
[0.0006298016333102192 'Spatial' 0.0559559209449593 0.1416116523420084
 0.1694915254237288 20 5 3 15 0.0006298016333102192]
[0.0006298016333102192 'Spatial' 0.0559559209449593 0.1416116523420084
 0.1694915254237288 20 5 3 16 0.0006298016333102192]
[0.0006298016333102192 'Spatial' 0.0559559209449593 0.1416116523420084
 0.1694915254237288 20 5 3 17 0.0006298016333102192]
[2.291193668451504 'Spatial' 0.0559559209449593 0.1416116523420084
 6.864406779661016 20 5 3 18 2.291193668451504]
[0.0006298016333102192 'Spatial' 0.0559559209449593 0.1416116523420084
 0.1694915254237288 20 5 3 19 0.0006298016333102192]
[0.0 'Spatial' 0.0559559209449593 0.1416116523420084 0.0 20 5 4 0 0.0]
[3.832331331395577 'Spatial' 0.0559559209449593 0.1416116523420084
 1.9152542372881354 20 5 4 1 3.832331331395577]
[3.1813436842871936 'Spatial' 0.0559559209449593 0.1416116523420084
 3.0508474576271185 20 5 4 2 3.1813436842871936]
[2.246146795429725 'Spatial' 0.0559559209449593 0.1416116523420084
 2.932203389830508 20 5 4 3 2.246146795429725]
[0.7830338859888084 'Spatial' 0.0559559209449593 0.1416116523420084
 0.1694915254237288 20 5 4 4 0.7830338859888084]
[2.6905614663200215 'Spatial' 0.0559559209449593 0.1416116523420084
 5.508474576271186 20 5 4 5 2.6905614663200215]
[0.0006536260234700616 'Spatial' 0.0559559209449593 0.1416116523420084
 0.28135593220338984 20 5 4 6 0.0006536260234700616]
[0.0006298016333102192 'Spatial' 0.0559559209449593 0.1416116523420084
 0.1694915254237288 20 5 4 7 0.0006298016333102192]
[0.0006298016333102192 'Spatial' 0.0559559209449593 0.1416116523420084
 0.1694915254237288 20 5 4 8 0.0006298016333102192]
[0.0006298016333102192 'Spatial' 0.0559559209449593 0.1416116523420084
 0.1694915254237288 20 5 4 9 0.0006298016333102192]
[0.0006298016333102192 'Spatial' 0.0559559209449593 0.1416116523420084
 0.1694915254237288 20 5 4 10 0.0006298016333102192]
[0.0006298016333102192 'Spatial' 0.0559559209449593 0.1416116523420084
 0.1694915254237288 20 5 4 11 0.0006298016333102192]
[0.0006298016333102192 'Spatial' 0.0559559209449593 0.1416116523420084
 0.1694915254237288 20 5 4 12 0.0006298016333102192]
[0.0006298016333102192 'Spatial' 0.0559559209449593 0.1416116523420084
 0.1694915254237288 20 5 4 13 0.0006298016333102192]
[0.0006298016333102192 'Spatial' 0.0559559209449593 0.1416116523420084
 0.1694915254237288 20 5 4 14 0.0006298016333102192]
[0.0006298016333102192 'Spatial' 0.0559559209449593 0.1416116523420084
 0.1694915254237288 20 5 4 15 0.0006298016333102192]
[0.0006298016333102192 'Spatial' 0.0559559209449593 0.1416116523420084
 0.1694915254237288 20 5 4 16 0.0006298016333102192]
[0.0006298016333102192 'Spatial' 0.0559559209449593 0.1416116523420084
 0.1694915254237288 20 5 4 17 0.0006298016333102192]
[2.291193668451504 'Spatial' 0.0559559209449593 0.1416116523420084
 6.864406779661016 20 5 4 18 2.291193668451504]
[0.0006298016333102192 'Spatial' 0.0559559209449593 0.1416116523420084
 0.1694915254237288 20 5 4 19 0.0006298016333102192]
[0.0 'Spatial' 0.0559559209449593 0.1416116523420084 0.0 20 5 6 0 0.0]
[3.832331331395577 'Spatial' 0.0559559209449593 0.1416116523420084
 1.9152542372881354 20 5 6 1 3.832331331395577]
[3.1813436842871936 'Spatial' 0.0559559209449593 0.1416116523420084
 3.0508474576271185 20 5 6 2 3.1813436842871936]
[2.246146795429725 'Spatial' 0.0559559209449593 0.1416116523420084
 2.932203389830508 20 5 6 3 2.246146795429725]
[0.7830338859888084 'Spatial' 0.0559559209449593 0.1416116523420084
 0.1694915254237288 20 5 6 4 0.7830338859888084]
[2.6905614663200215 'Spatial' 0.0559559209449593 0.1416116523420084
 5.508474576271186 20 5 6 5 2.6905614663200215]
[0.0006536260234700616 'Spatial' 0.0559559209449593 0.1416116523420084
 0.28135593220338984 20 5 6 6 0.0006536260234700616]
[0.0006298016333102192 'Spatial' 0.0559559209449593 0.1416116523420084
 0.1694915254237288 20 5 6 7 0.0006298016333102192]
[0.0006298016333102192 'Spatial' 0.0559559209449593 0.1416116523420084
 0.1694915254237288 20 5 6 8 0.0006298016333102192]
[0.0006298016333102192 'Spatial' 0.0559559209449593 0.1416116523420084
 0.1694915254237288 20 5 6 9 0.0006298016333102192]
[0.0006298016333102192 'Spatial' 0.0559559209449593 0.1416116523420084
 0.1694915254237288 20 5 6 10 0.0006298016333102192]
[0.0006298016333102192 'Spatial' 0.0559559209449593 0.1416116523420084
 0.1694915254237288 20 5 6 11 0.0006298016333102192]
[0.0006298016333102192 'Spatial' 0.0559559209449593 0.1416116523420084
 0.1694915254237288 20 5 6 12 0.0006298016333102192]
[0.0006298016333102192 'Spatial' 0.0559559209449593 0.1416116523420084
 0.1694915254237288 20 5 6 13 0.0006298016333102192]
[0.0006298016333102192 'Spatial' 0.0559559209449593 0.1416116523420084
 0.1694915254237288 20 5 6 14 0.0006298016333102192]
[0.0006298016333102192 'Spatial' 0.0559559209449593 0.1416116523420084
 0.1694915254237288 20 5 6 15 0.0006298016333102192]
[0.0006298016333102192 'Spatial' 0.0559559209449593 0.1416116523420084
 0.1694915254237288 20 5 6 16 0.0006298016333102192]
[0.0006298016333102192 'Spatial' 0.0559559209449593 0.1416116523420084
 0.1694915254237288 20 5 6 17 0.0006298016333102192]
[2.291193668451504 'Spatial' 0.0559559209449593 0.1416116523420084
 6.864406779661016 20 5 6 18 2.291193668451504]
[0.0006298016333102192 'Spatial' 0.0559559209449593 0.1416116523420084
 0.1694915254237288 20 5 6 19 0.0006298016333102192]
[0.0 'Spatial' 0.0559559209449593 0.1416116523420084 0.0 20 5 7 0 0.0]
[3.832331331395577 'Spatial' 0.0559559209449593 0.1416116523420084
 1.9152542372881354 20 5 7 1 3.832331331395577]
[3.1813436842871936 'Spatial' 0.0559559209449593 0.1416116523420084
 3.0508474576271185 20 5 7 2 3.1813436842871936]
[2.246146795429725 'Spatial' 0.0559559209449593 0.1416116523420084
 2.932203389830508 20 5 7 3 2.246146795429725]
[0.7830338859888084 'Spatial' 0.0559559209449593 0.1416116523420084
 0.1694915254237288 20 5 7 4 0.7830338859888084]
[2.6905614663200215 'Spatial' 0.0559559209449593 0.1416116523420084
 5.508474576271186 20 5 7 5 2.6905614663200215]
[0.0006536260234700616 'Spatial' 0.0559559209449593 0.1416116523420084
 0.28135593220338984 20 5 7 6 0.0006536260234700616]
[0.0006298016333102192 'Spatial' 0.0559559209449593 0.1416116523420084
 0.1694915254237288 20 5 7 7 0.0006298016333102192]
[0.0006298016333102192 'Spatial' 0.0559559209449593 0.1416116523420084
 0.1694915254237288 20 5 7 8 0.0006298016333102192]
[0.0006298016333102192 'Spatial' 0.0559559209449593 0.1416116523420084
 0.1694915254237288 20 5 7 9 0.0006298016333102192]
[0.0006298016333102192 'Spatial' 0.0559559209449593 0.1416116523420084
 0.1694915254237288 20 5 7 10 0.0006298016333102192]
[0.0006298016333102192 'Spatial' 0.0559559209449593 0.1416116523420084
 0.1694915254237288 20 5 7 11 0.0006298016333102192]
[0.0006298016333102192 'Spatial' 0.0559559209449593 0.1416116523420084
 0.1694915254237288 20 5 7 12 0.0006298016333102192]
[0.0006298016333102192 'Spatial' 0.0559559209449593 0.1416116523420084
 0.1694915254237288 20 5 7 13 0.0006298016333102192]
[0.0006298016333102192 'Spatial' 0.0559559209449593 0.1416116523420084
 0.1694915254237288 20 5 7 14 0.0006298016333102192]
[0.0006298016333102192 'Spatial' 0.0559559209449593 0.1416116523420084
 0.1694915254237288 20 5 7 15 0.0006298016333102192]
[0.0006298016333102192 'Spatial' 0.0559559209449593 0.1416116523420084
 0.1694915254237288 20 5 7 16 0.0006298016333102192]
[0.0006298016333102192 'Spatial' 0.0559559209449593 0.1416116523420084
 0.1694915254237288 20 5 7 17 0.0006298016333102192]
[2.291193668451504 'Spatial' 0.0559559209449593 0.1416116523420084
 6.864406779661016 20 5 7 18 2.291193668451504]
[0.0006298016333102192 'Spatial' 0.0559559209449593 0.1416116523420084
 0.1694915254237288 20 5 7 19 0.0006298016333102192]
[0.0 'Spatial' 0.0559559209449593 0.1416116523420084 0.0 20 5 8 0 0.0]
[3.832331331395577 'Spatial' 0.0559559209449593 0.1416116523420084
 1.9152542372881354 20 5 8 1 3.832331331395577]
[3.1813436842871936 'Spatial' 0.0559559209449593 0.1416116523420084
 3.0508474576271185 20 5 8 2 3.1813436842871936]
[2.246146795429725 'Spatial' 0.0559559209449593 0.1416116523420084
 2.932203389830508 20 5 8 3 2.246146795429725]
[0.7830338859888084 'Spatial' 0.0559559209449593 0.1416116523420084
 0.1694915254237288 20 5 8 4 0.7830338859888084]
[2.6905614663200215 'Spatial' 0.0559559209449593 0.1416116523420084
 5.508474576271186 20 5 8 5 2.6905614663200215]
[0.0006536260234700616 'Spatial' 0.0559559209449593 0.1416116523420084
 0.28135593220338984 20 5 8 6 0.0006536260234700616]
[0.0006298016333102192 'Spatial' 0.0559559209449593 0.1416116523420084
 0.1694915254237288 20 5 8 7 0.0006298016333102192]
[0.0006298016333102192 'Spatial' 0.0559559209449593 0.1416116523420084
 0.1694915254237288 20 5 8 8 0.0006298016333102192]
[0.0006298016333102192 'Spatial' 0.0559559209449593 0.1416116523420084
 0.1694915254237288 20 5 8 9 0.0006298016333102192]
[0.0006298016333102192 'Spatial' 0.0559559209449593 0.1416116523420084
 0.1694915254237288 20 5 8 10 0.0006298016333102192]
[0.0006298016333102192 'Spatial' 0.0559559209449593 0.1416116523420084
 0.1694915254237288 20 5 8 11 0.0006298016333102192]
[0.0006298016333102192 'Spatial' 0.0559559209449593 0.1416116523420084
 0.1694915254237288 20 5 8 12 0.0006298016333102192]
[0.0006298016333102192 'Spatial' 0.0559559209449593 0.1416116523420084
 0.1694915254237288 20 5 8 13 0.0006298016333102192]
[0.0006298016333102192 'Spatial' 0.0559559209449593 0.1416116523420084
 0.1694915254237288 20 5 8 14 0.0006298016333102192]
[0.0006298016333102192 'Spatial' 0.0559559209449593 0.1416116523420084
 0.1694915254237288 20 5 8 15 0.0006298016333102192]
[0.0006298016333102192 'Spatial' 0.0559559209449593 0.1416116523420084
 0.1694915254237288 20 5 8 16 0.0006298016333102192]
[0.0006298016333102192 'Spatial' 0.0559559209449593 0.1416116523420084
 0.1694915254237288 20 5 8 17 0.0006298016333102192]
[2.291193668451504 'Spatial' 0.0559559209449593 0.1416116523420084
 6.864406779661016 20 5 8 18 2.291193668451504]
[0.0006298016333102192 'Spatial' 0.0559559209449593 0.1416116523420084
 0.1694915254237288 20 5 8 19 0.0006298016333102192]
