[0.0 'Conceptual' 0.3409635880932968 91.76200858134585 0.0 72 6 0 0 0.0]
[4.143134898234017 'Conceptual' 0.3409635880932968 91.76200858134585
 0.1694915254237288 72 6 0 1 4.143134898234017]
[0.0006298016333097749 'Conceptual' 0.3409635880932968 91.76200858134585
 1.8644067796610169 72 6 0 2 0.0006298016333097749]
[1.9459915743116156 'Conceptual' 0.3409635880932968 91.76200858134585
 2.8813559322033897 72 6 0 3 1.9459915743116156]
[2.8903973131251828 'Conceptual' 0.3409635880932968 91.76200858134585
 3.0508474576271185 72 6 0 4 2.8903973131251828]
[4.064475170320189 'Conceptual' 0.3409635880932968 91.76200858134585
 6.457627118644067 72 6 0 5 4.064475170320189]
[4.089882506796271 'Conceptual' 0.3409635880932968 91.76200858134585
 0.38983050847457623 72 6 0 6 4.089882506796271]
[4.094349954383252 'Conceptual' 0.3409635880932968 91.76200858134585
 4.220338983050847 72 6 0 7 4.094349954383252]
[1.1540241703348066 'Conceptual' 0.3409635880932968 91.76200858134585
 0.38983050847457623 72 6 0 8 1.1540241703348066]
[0.0006298016333102192 'Conceptual' 0.3409635880932968 91.76200858134585
 0.1694915254237288 72 6 0 9 0.0006298016333102192]
[0.0006298016333102192 'Conceptual' 0.3409635880932968 91.76200858134585
 0.1694915254237288 72 6 0 10 0.0006298016333102192]
[0.0006298016333102192 'Conceptual' 0.3409635880932968 91.76200858134585
 0.1694915254237288 72 6 0 11 0.0006298016333102192]
[1.6095559054726483 'Conceptual' 0.3409635880932968 91.76200858134585
 1.0169491525423728 72 6 0 12 1.6095559054726483]
[0.0006298016333102192 'Conceptual' 0.3409635880932968 91.76200858134585
 0.1694915254237288 72 6 0 13 0.0006298016333102192]
[1.6095559054726483 'Conceptual' 0.3409635880932968 91.76200858134585
 1.0169491525423728 72 6 0 14 1.6095559054726483]
[4.1588830833596715 'Conceptual' 0.3409635880932968 91.76200858134585
 3.8983050847457625 72 6 0 15 4.1588830833596715]
[4.127357444644881 'Conceptual' 0.3409635880932968 91.76200858134585
 3.4745762711864403 72 6 0 16 4.127357444644881]
[3.9515795931668087 'Conceptual' 0.3409635880932968 91.76200858134585
 2.694915254237288 72 6 0 17 3.9515795931668087]
[0.6934571325198738 'Conceptual' 0.3409635880932968 91.76200858134585
 0.1694915254237288 72 6 0 18 0.6934571325198738]
[0.6934571325198738 'Conceptual' 0.3409635880932968 91.76200858134585
 0.1694915254237288 72 6 0 19 0.6934571325198738]
[0.0 'Conceptual' 0.3409635880932968 91.76200858134585 0.0 72 6 1 0 0.0]
[4.143134898234017 'Conceptual' 0.3409635880932968 91.76200858134585
 0.1694915254237288 72 6 1 1 4.143134898234017]
[0.0006298016333097749 'Conceptual' 0.3409635880932968 91.76200858134585
 1.8644067796610169 72 6 1 2 0.0006298016333097749]
[1.9459915743116156 'Conceptual' 0.3409635880932968 91.76200858134585
 2.8813559322033897 72 6 1 3 1.9459915743116156]
[2.8903973131251828 'Conceptual' 0.3409635880932968 91.76200858134585
 3.0508474576271185 72 6 1 4 2.8903973131251828]
[4.064475170320189 'Conceptual' 0.3409635880932968 91.76200858134585
 6.457627118644067 72 6 1 5 4.064475170320189]
[4.089882506796271 'Conceptual' 0.3409635880932968 91.76200858134585
 0.38983050847457623 72 6 1 6 4.089882506796271]
[4.094349954383252 'Conceptual' 0.3409635880932968 91.76200858134585
 4.220338983050847 72 6 1 7 4.094349954383252]
[1.1540241703348066 'Conceptual' 0.3409635880932968 91.76200858134585
 0.38983050847457623 72 6 1 8 1.1540241703348066]
[0.0006298016333102192 'Conceptual' 0.3409635880932968 91.76200858134585
 0.1694915254237288 72 6 1 9 0.0006298016333102192]
[0.0006298016333102192 'Conceptual' 0.3409635880932968 91.76200858134585
 0.1694915254237288 72 6 1 10 0.0006298016333102192]
[0.0006298016333102192 'Conceptual' 0.3409635880932968 91.76200858134585
 0.1694915254237288 72 6 1 11 0.0006298016333102192]
[1.6095559054726483 'Conceptual' 0.3409635880932968 91.76200858134585
 1.0169491525423728 72 6 1 12 1.6095559054726483]
[0.0006298016333102192 'Conceptual' 0.3409635880932968 91.76200858134585
 0.1694915254237288 72 6 1 13 0.0006298016333102192]
[1.6095559054726483 'Conceptual' 0.3409635880932968 91.76200858134585
 1.0169491525423728 72 6 1 14 1.6095559054726483]
[4.1588830833596715 'Conceptual' 0.3409635880932968 91.76200858134585
 3.8983050847457625 72 6 1 15 4.1588830833596715]
[4.127357444644881 'Conceptual' 0.3409635880932968 91.76200858134585
 3.4745762711864403 72 6 1 16 4.127357444644881]
[3.9515795931668087 'Conceptual' 0.3409635880932968 91.76200858134585
 2.694915254237288 72 6 1 17 3.9515795931668087]
[0.6934571325198738 'Conceptual' 0.3409635880932968 91.76200858134585
 0.1694915254237288 72 6 1 18 0.6934571325198738]
[0.6934571325198738 'Conceptual' 0.3409635880932968 91.76200858134585
 0.1694915254237288 72 6 1 19 0.6934571325198738]
[0.0 'Conceptual' 0.3409635880932968 91.76200858134585 0.0 72 6 2 0 0.0]
[4.143134898234017 'Conceptual' 0.3409635880932968 91.76200858134585
 0.1694915254237288 72 6 2 1 4.143134898234017]
[0.0006298016333097749 'Conceptual' 0.3409635880932968 91.76200858134585
 1.8644067796610169 72 6 2 2 0.0006298016333097749]
[1.9459915743116156 'Conceptual' 0.3409635880932968 91.76200858134585
 2.8813559322033897 72 6 2 3 1.9459915743116156]
[2.8903973131251828 'Conceptual' 0.3409635880932968 91.76200858134585
 3.0508474576271185 72 6 2 4 2.8903973131251828]
[4.064475170320189 'Conceptual' 0.3409635880932968 91.76200858134585
 6.457627118644067 72 6 2 5 4.064475170320189]
[4.089882506796271 'Conceptual' 0.3409635880932968 91.76200858134585
 0.38983050847457623 72 6 2 6 4.089882506796271]
[4.094349954383252 'Conceptual' 0.3409635880932968 91.76200858134585
 4.220338983050847 72 6 2 7 4.094349954383252]
[1.1540241703348066 'Conceptual' 0.3409635880932968 91.76200858134585
 0.38983050847457623 72 6 2 8 1.1540241703348066]
[0.0006298016333102192 'Conceptual' 0.3409635880932968 91.76200858134585
 0.1694915254237288 72 6 2 9 0.0006298016333102192]
[0.0006298016333102192 'Conceptual' 0.3409635880932968 91.76200858134585
 0.1694915254237288 72 6 2 10 0.0006298016333102192]
[0.0006298016333102192 'Conceptual' 0.3409635880932968 91.76200858134585
 0.1694915254237288 72 6 2 11 0.0006298016333102192]
[1.6095559054726483 'Conceptual' 0.3409635880932968 91.76200858134585
 1.0169491525423728 72 6 2 12 1.6095559054726483]
[0.0006298016333102192 'Conceptual' 0.3409635880932968 91.76200858134585
 0.1694915254237288 72 6 2 13 0.0006298016333102192]
[1.6095559054726483 'Conceptual' 0.3409635880932968 91.76200858134585
 1.0169491525423728 72 6 2 14 1.6095559054726483]
[4.1588830833596715 'Conceptual' 0.3409635880932968 91.76200858134585
 3.8983050847457625 72 6 2 15 4.1588830833596715]
[4.127357444644881 'Conceptual' 0.3409635880932968 91.76200858134585
 3.4745762711864403 72 6 2 16 4.127357444644881]
[3.9515795931668087 'Conceptual' 0.3409635880932968 91.76200858134585
 2.694915254237288 72 6 2 17 3.9515795931668087]
[0.6934571325198738 'Conceptual' 0.3409635880932968 91.76200858134585
 0.1694915254237288 72 6 2 18 0.6934571325198738]
[0.6934571325198738 'Conceptual' 0.3409635880932968 91.76200858134585
 0.1694915254237288 72 6 2 19 0.6934571325198738]
[0.0 'Conceptual' 0.3409635880932968 91.76200858134585 0.0 72 6 3 0 0.0]
[4.143134898234017 'Conceptual' 0.3409635880932968 91.76200858134585
 0.1694915254237288 72 6 3 1 4.143134898234017]
[0.0006298016333097749 'Conceptual' 0.3409635880932968 91.76200858134585
 1.8644067796610169 72 6 3 2 0.0006298016333097749]
[1.9459915743116156 'Conceptual' 0.3409635880932968 91.76200858134585
 2.8813559322033897 72 6 3 3 1.9459915743116156]
[2.8903973131251828 'Conceptual' 0.3409635880932968 91.76200858134585
 3.0508474576271185 72 6 3 4 2.8903973131251828]
[4.064475170320189 'Conceptual' 0.3409635880932968 91.76200858134585
 6.457627118644067 72 6 3 5 4.064475170320189]
[4.089882506796271 'Conceptual' 0.3409635880932968 91.76200858134585
 0.38983050847457623 72 6 3 6 4.089882506796271]
[4.094349954383252 'Conceptual' 0.3409635880932968 91.76200858134585
 4.220338983050847 72 6 3 7 4.094349954383252]
[1.1540241703348066 'Conceptual' 0.3409635880932968 91.76200858134585
 0.38983050847457623 72 6 3 8 1.1540241703348066]
[0.0006298016333102192 'Conceptual' 0.3409635880932968 91.76200858134585
 0.1694915254237288 72 6 3 9 0.0006298016333102192]
[0.0006298016333102192 'Conceptual' 0.3409635880932968 91.76200858134585
 0.1694915254237288 72 6 3 10 0.0006298016333102192]
[0.0006298016333102192 'Conceptual' 0.3409635880932968 91.76200858134585
 0.1694915254237288 72 6 3 11 0.0006298016333102192]
[1.6095559054726483 'Conceptual' 0.3409635880932968 91.76200858134585
 1.0169491525423728 72 6 3 12 1.6095559054726483]
[0.0006298016333102192 'Conceptual' 0.3409635880932968 91.76200858134585
 0.1694915254237288 72 6 3 13 0.0006298016333102192]
[1.6095559054726483 'Conceptual' 0.3409635880932968 91.76200858134585
 1.0169491525423728 72 6 3 14 1.6095559054726483]
[4.1588830833596715 'Conceptual' 0.3409635880932968 91.76200858134585
 3.8983050847457625 72 6 3 15 4.1588830833596715]
[4.127357444644881 'Conceptual' 0.3409635880932968 91.76200858134585
 3.4745762711864403 72 6 3 16 4.127357444644881]
[3.9515795931668087 'Conceptual' 0.3409635880932968 91.76200858134585
 2.694915254237288 72 6 3 17 3.9515795931668087]
[0.6934571325198738 'Conceptual' 0.3409635880932968 91.76200858134585
 0.1694915254237288 72 6 3 18 0.6934571325198738]
[0.6934571325198738 'Conceptual' 0.3409635880932968 91.76200858134585
 0.1694915254237288 72 6 3 19 0.6934571325198738]
[0.0 'Conceptual' 0.3409635880932968 91.76200858134585 0.0 72 6 4 0 0.0]
[4.143134898234017 'Conceptual' 0.3409635880932968 91.76200858134585
 0.1694915254237288 72 6 4 1 4.143134898234017]
[0.0006298016333097749 'Conceptual' 0.3409635880932968 91.76200858134585
 1.8644067796610169 72 6 4 2 0.0006298016333097749]
[1.9459915743116156 'Conceptual' 0.3409635880932968 91.76200858134585
 2.8813559322033897 72 6 4 3 1.9459915743116156]
[2.8903973131251828 'Conceptual' 0.3409635880932968 91.76200858134585
 3.0508474576271185 72 6 4 4 2.8903973131251828]
[4.064475170320189 'Conceptual' 0.3409635880932968 91.76200858134585
 6.457627118644067 72 6 4 5 4.064475170320189]
[4.089882506796271 'Conceptual' 0.3409635880932968 91.76200858134585
 0.38983050847457623 72 6 4 6 4.089882506796271]
[4.094349954383252 'Conceptual' 0.3409635880932968 91.76200858134585
 4.220338983050847 72 6 4 7 4.094349954383252]
[1.1540241703348066 'Conceptual' 0.3409635880932968 91.76200858134585
 0.38983050847457623 72 6 4 8 1.1540241703348066]
[0.0006298016333102192 'Conceptual' 0.3409635880932968 91.76200858134585
 0.1694915254237288 72 6 4 9 0.0006298016333102192]
[0.0006298016333102192 'Conceptual' 0.3409635880932968 91.76200858134585
 0.1694915254237288 72 6 4 10 0.0006298016333102192]
[0.0006298016333102192 'Conceptual' 0.3409635880932968 91.76200858134585
 0.1694915254237288 72 6 4 11 0.0006298016333102192]
[1.6095559054726483 'Conceptual' 0.3409635880932968 91.76200858134585
 1.0169491525423728 72 6 4 12 1.6095559054726483]
[0.0006298016333102192 'Conceptual' 0.3409635880932968 91.76200858134585
 0.1694915254237288 72 6 4 13 0.0006298016333102192]
[1.6095559054726483 'Conceptual' 0.3409635880932968 91.76200858134585
 1.0169491525423728 72 6 4 14 1.6095559054726483]
[4.1588830833596715 'Conceptual' 0.3409635880932968 91.76200858134585
 3.8983050847457625 72 6 4 15 4.1588830833596715]
[4.127357444644881 'Conceptual' 0.3409635880932968 91.76200858134585
 3.4745762711864403 72 6 4 16 4.127357444644881]
[3.9515795931668087 'Conceptual' 0.3409635880932968 91.76200858134585
 2.694915254237288 72 6 4 17 3.9515795931668087]
[0.6934571325198738 'Conceptual' 0.3409635880932968 91.76200858134585
 0.1694915254237288 72 6 4 18 0.6934571325198738]
[0.6934571325198738 'Conceptual' 0.3409635880932968 91.76200858134585
 0.1694915254237288 72 6 4 19 0.6934571325198738]
[0.0 'Conceptual' 0.3409635880932968 91.76200858134585 0.0 72 6 5 0 0.0]
[4.143134898234017 'Conceptual' 0.3409635880932968 91.76200858134585
 0.1694915254237288 72 6 5 1 4.143134898234017]
[0.0006298016333097749 'Conceptual' 0.3409635880932968 91.76200858134585
 1.8644067796610169 72 6 5 2 0.0006298016333097749]
[1.9459915743116156 'Conceptual' 0.3409635880932968 91.76200858134585
 2.8813559322033897 72 6 5 3 1.9459915743116156]
[2.8903973131251828 'Conceptual' 0.3409635880932968 91.76200858134585
 3.0508474576271185 72 6 5 4 2.8903973131251828]
[4.064475170320189 'Conceptual' 0.3409635880932968 91.76200858134585
 6.457627118644067 72 6 5 5 4.064475170320189]
[4.089882506796271 'Conceptual' 0.3409635880932968 91.76200858134585
 0.38983050847457623 72 6 5 6 4.089882506796271]
[4.094349954383252 'Conceptual' 0.3409635880932968 91.76200858134585
 4.220338983050847 72 6 5 7 4.094349954383252]
[1.1540241703348066 'Conceptual' 0.3409635880932968 91.76200858134585
 0.38983050847457623 72 6 5 8 1.1540241703348066]
[0.0006298016333102192 'Conceptual' 0.3409635880932968 91.76200858134585
 0.1694915254237288 72 6 5 9 0.0006298016333102192]
[0.0006298016333102192 'Conceptual' 0.3409635880932968 91.76200858134585
 0.1694915254237288 72 6 5 10 0.0006298016333102192]
[0.0006298016333102192 'Conceptual' 0.3409635880932968 91.76200858134585
 0.1694915254237288 72 6 5 11 0.0006298016333102192]
[1.6095559054726483 'Conceptual' 0.3409635880932968 91.76200858134585
 1.0169491525423728 72 6 5 12 1.6095559054726483]
[0.0006298016333102192 'Conceptual' 0.3409635880932968 91.76200858134585
 0.1694915254237288 72 6 5 13 0.0006298016333102192]
[1.6095559054726483 'Conceptual' 0.3409635880932968 91.76200858134585
 1.0169491525423728 72 6 5 14 1.6095559054726483]
[4.1588830833596715 'Conceptual' 0.3409635880932968 91.76200858134585
 3.8983050847457625 72 6 5 15 4.1588830833596715]
[4.127357444644881 'Conceptual' 0.3409635880932968 91.76200858134585
 3.4745762711864403 72 6 5 16 4.127357444644881]
[3.9515795931668087 'Conceptual' 0.3409635880932968 91.76200858134585
 2.694915254237288 72 6 5 17 3.9515795931668087]
[0.6934571325198738 'Conceptual' 0.3409635880932968 91.76200858134585
 0.1694915254237288 72 6 5 18 0.6934571325198738]
[0.6934571325198738 'Conceptual' 0.3409635880932968 91.76200858134585
 0.1694915254237288 72 6 5 19 0.6934571325198738]
[0.0 'Conceptual' 0.3409635880932968 91.76200858134585 0.0 72 6 7 0 0.0]
[4.143134898234017 'Conceptual' 0.3409635880932968 91.76200858134585
 0.1694915254237288 72 6 7 1 4.143134898234017]
[0.0006298016333097749 'Conceptual' 0.3409635880932968 91.76200858134585
 1.8644067796610169 72 6 7 2 0.0006298016333097749]
[1.9459915743116156 'Conceptual' 0.3409635880932968 91.76200858134585
 2.8813559322033897 72 6 7 3 1.9459915743116156]
[2.8903973131251828 'Conceptual' 0.3409635880932968 91.76200858134585
 3.0508474576271185 72 6 7 4 2.8903973131251828]
[4.064475170320189 'Conceptual' 0.3409635880932968 91.76200858134585
 6.457627118644067 72 6 7 5 4.064475170320189]
[4.089882506796271 'Conceptual' 0.3409635880932968 91.76200858134585
 0.38983050847457623 72 6 7 6 4.089882506796271]
[4.094349954383252 'Conceptual' 0.3409635880932968 91.76200858134585
 4.220338983050847 72 6 7 7 4.094349954383252]
[1.1540241703348066 'Conceptual' 0.3409635880932968 91.76200858134585
 0.38983050847457623 72 6 7 8 1.1540241703348066]
[0.0006298016333102192 'Conceptual' 0.3409635880932968 91.76200858134585
 0.1694915254237288 72 6 7 9 0.0006298016333102192]
[0.0006298016333102192 'Conceptual' 0.3409635880932968 91.76200858134585
 0.1694915254237288 72 6 7 10 0.0006298016333102192]
[0.0006298016333102192 'Conceptual' 0.3409635880932968 91.76200858134585
 0.1694915254237288 72 6 7 11 0.0006298016333102192]
[1.6095559054726483 'Conceptual' 0.3409635880932968 91.76200858134585
 1.0169491525423728 72 6 7 12 1.6095559054726483]
[0.0006298016333102192 'Conceptual' 0.3409635880932968 91.76200858134585
 0.1694915254237288 72 6 7 13 0.0006298016333102192]
[1.6095559054726483 'Conceptual' 0.3409635880932968 91.76200858134585
 1.0169491525423728 72 6 7 14 1.6095559054726483]
[4.1588830833596715 'Conceptual' 0.3409635880932968 91.76200858134585
 3.8983050847457625 72 6 7 15 4.1588830833596715]
[4.127357444644881 'Conceptual' 0.3409635880932968 91.76200858134585
 3.4745762711864403 72 6 7 16 4.127357444644881]
[3.9515795931668087 'Conceptual' 0.3409635880932968 91.76200858134585
 2.694915254237288 72 6 7 17 3.9515795931668087]
[0.6934571325198738 'Conceptual' 0.3409635880932968 91.76200858134585
 0.1694915254237288 72 6 7 18 0.6934571325198738]
[0.6934571325198738 'Conceptual' 0.3409635880932968 91.76200858134585
 0.1694915254237288 72 6 7 19 0.6934571325198738]
[0.0 'Conceptual' 0.3409635880932968 91.76200858134585 0.0 72 6 8 0 0.0]
[4.143134898234017 'Conceptual' 0.3409635880932968 91.76200858134585
 0.1694915254237288 72 6 8 1 4.143134898234017]
[0.0006298016333097749 'Conceptual' 0.3409635880932968 91.76200858134585
 1.8644067796610169 72 6 8 2 0.0006298016333097749]
[1.9459915743116156 'Conceptual' 0.3409635880932968 91.76200858134585
 2.8813559322033897 72 6 8 3 1.9459915743116156]
[2.8903973131251828 'Conceptual' 0.3409635880932968 91.76200858134585
 3.0508474576271185 72 6 8 4 2.8903973131251828]
[4.064475170320189 'Conceptual' 0.3409635880932968 91.76200858134585
 6.457627118644067 72 6 8 5 4.064475170320189]
[4.089882506796271 'Conceptual' 0.3409635880932968 91.76200858134585
 0.38983050847457623 72 6 8 6 4.089882506796271]
[4.094349954383252 'Conceptual' 0.3409635880932968 91.76200858134585
 4.220338983050847 72 6 8 7 4.094349954383252]
[1.1540241703348066 'Conceptual' 0.3409635880932968 91.76200858134585
 0.38983050847457623 72 6 8 8 1.1540241703348066]
[0.0006298016333102192 'Conceptual' 0.3409635880932968 91.76200858134585
 0.1694915254237288 72 6 8 9 0.0006298016333102192]
[0.0006298016333102192 'Conceptual' 0.3409635880932968 91.76200858134585
 0.1694915254237288 72 6 8 10 0.0006298016333102192]
[0.0006298016333102192 'Conceptual' 0.3409635880932968 91.76200858134585
 0.1694915254237288 72 6 8 11 0.0006298016333102192]
[1.6095559054726483 'Conceptual' 0.3409635880932968 91.76200858134585
 1.0169491525423728 72 6 8 12 1.6095559054726483]
[0.0006298016333102192 'Conceptual' 0.3409635880932968 91.76200858134585
 0.1694915254237288 72 6 8 13 0.0006298016333102192]
[1.6095559054726483 'Conceptual' 0.3409635880932968 91.76200858134585
 1.0169491525423728 72 6 8 14 1.6095559054726483]
[4.1588830833596715 'Conceptual' 0.3409635880932968 91.76200858134585
 3.8983050847457625 72 6 8 15 4.1588830833596715]
[4.127357444644881 'Conceptual' 0.3409635880932968 91.76200858134585
 3.4745762711864403 72 6 8 16 4.127357444644881]
[3.9515795931668087 'Conceptual' 0.3409635880932968 91.76200858134585
 2.694915254237288 72 6 8 17 3.9515795931668087]
[0.6934571325198738 'Conceptual' 0.3409635880932968 91.76200858134585
 0.1694915254237288 72 6 8 18 0.6934571325198738]
[0.6934571325198738 'Conceptual' 0.3409635880932968 91.76200858134585
 0.1694915254237288 72 6 8 19 0.6934571325198738]
