[0.0 'Spatial' 0.05263836017221465 0.25725805407075936 0.0 117 7 0 0 0.0]
[4.088295837762698 'Spatial' 0.05263836017221465 0.25725805407075936
 0.7288135593220338 117 7 0 1 4.088295837762698]
[3.7510922348635876 'Spatial' 0.05263836017221465 0.25725805407075936
 1.2372881355932202 117 7 0 2 3.7510922348635876]
[2.1834156210016125 'Spatial' 0.05263836017221465 0.25725805407075936
 1.7796610169491525 117 7 0 3 2.1834156210016125]
[2.4076928067161623 'Spatial' 0.05263836017221465 0.25725805407075936
 4.067796610169491 117 7 0 4 2.4076928067161623]
[2.7958863382262416 'Spatial' 0.05263836017221465 0.25725805407075936
 5.23728813559322 117 7 0 5 2.7958863382262416]
[3.7499188504203516 'Spatial' 0.05263836017221465 0.25725805407075936
 8.305084745762711 117 7 0 6 3.7499188504203516]
[3.438062208978475 'Spatial' 0.05263836017221465 0.25725805407075936
 7.440677966101695 117 7 0 7 3.438062208978475]
[0.21300192666992698 'Spatial' 0.05263836017221465 0.25725805407075936
 1.6101694915254237 117 7 0 8 0.21300192666992698]
[0.00520726300898024 'Spatial' 0.05263836017221465 0.25725805407075936
 1.1864406779661016 117 7 0 9 0.00520726300898024]
[3.612217233994658 'Spatial' 0.05263836017221465 0.25725805407075936
 8.694915254237289 117 7 0 10 3.612217233994658]
[3.897384177281738 'Spatial' 0.05263836017221465 0.25725805407075936
 10.169491525423728 117 7 0 11 3.897384177281738]
[3.6370104244110117 'Spatial' 0.05263836017221465 0.25725805407075936
 9.881355932203387 117 7 0 12 3.6370104244110117]
[2.2995256414670364 'Spatial' 0.05263836017221465 0.25725805407075936
 6.084745762711864 117 7 0 13 2.2995256414670364]
[2.517516910459159 'Spatial' 0.05263836017221465 0.25725805407075936
 6.999999999999999 117 7 0 14 2.517516910459159]
[8.43337103215851 'Spatial' 0.05263836017221465 0.25725805407075936
 10.169491525423728 117 7 0 15 8.43337103215851]
[3.1114538322734213 'Spatial' 0.05263836017221465 0.25725805407075936
 8.898305084745761 117 7 0 16 3.1114538322734213]
[0.49229393069727206 'Spatial' 0.05263836017221465 0.25725805407075936
 0.1694915254237288 117 7 0 17 0.49229393069727206]
[0.0008165595352776693 'Spatial' 0.05263836017221465 0.25725805407075936
 1.1694915254237288 117 7 0 18 0.0008165595352776693]
[0.1654862624962175 'Spatial' 0.05263836017221465 0.25725805407075936
 0.1694915254237288 117 7 0 19 0.1654862624962175]
[0.0 'Spatial' 0.05263836017221465 0.25725805407075936 0.0 117 7 1 0 0.0]
[4.088295837762698 'Spatial' 0.05263836017221465 0.25725805407075936
 0.7288135593220338 117 7 1 1 4.088295837762698]
[3.7510922348635876 'Spatial' 0.05263836017221465 0.25725805407075936
 1.2372881355932202 117 7 1 2 3.7510922348635876]
[2.1834156210016125 'Spatial' 0.05263836017221465 0.25725805407075936
 1.7796610169491525 117 7 1 3 2.1834156210016125]
[2.4076928067161623 'Spatial' 0.05263836017221465 0.25725805407075936
 4.067796610169491 117 7 1 4 2.4076928067161623]
[2.7958863382262416 'Spatial' 0.05263836017221465 0.25725805407075936
 5.23728813559322 117 7 1 5 2.7958863382262416]
[3.7499188504203516 'Spatial' 0.05263836017221465 0.25725805407075936
 8.305084745762711 117 7 1 6 3.7499188504203516]
[3.438062208978475 'Spatial' 0.05263836017221465 0.25725805407075936
 7.440677966101695 117 7 1 7 3.438062208978475]
[0.21300192666992698 'Spatial' 0.05263836017221465 0.25725805407075936
 1.6101694915254237 117 7 1 8 0.21300192666992698]
[0.00520726300898024 'Spatial' 0.05263836017221465 0.25725805407075936
 1.1864406779661016 117 7 1 9 0.00520726300898024]
[3.612217233994658 'Spatial' 0.05263836017221465 0.25725805407075936
 8.694915254237289 117 7 1 10 3.612217233994658]
[3.897384177281738 'Spatial' 0.05263836017221465 0.25725805407075936
 10.169491525423728 117 7 1 11 3.897384177281738]
[3.6370104244110117 'Spatial' 0.05263836017221465 0.25725805407075936
 9.881355932203387 117 7 1 12 3.6370104244110117]
[2.2995256414670364 'Spatial' 0.05263836017221465 0.25725805407075936
 6.084745762711864 117 7 1 13 2.2995256414670364]
[2.517516910459159 'Spatial' 0.05263836017221465 0.25725805407075936
 6.999999999999999 117 7 1 14 2.517516910459159]
[8.43337103215851 'Spatial' 0.05263836017221465 0.25725805407075936
 10.169491525423728 117 7 1 15 8.43337103215851]
[3.1114538322734213 'Spatial' 0.05263836017221465 0.25725805407075936
 8.898305084745761 117 7 1 16 3.1114538322734213]
[0.49229393069727206 'Spatial' 0.05263836017221465 0.25725805407075936
 0.1694915254237288 117 7 1 17 0.49229393069727206]
[0.0008165595352776693 'Spatial' 0.05263836017221465 0.25725805407075936
 1.1694915254237288 117 7 1 18 0.0008165595352776693]
[0.1654862624962175 'Spatial' 0.05263836017221465 0.25725805407075936
 0.1694915254237288 117 7 1 19 0.1654862624962175]
[0.0 'Spatial' 0.05263836017221465 0.25725805407075936 0.0 117 7 2 0 0.0]
[4.088295837762698 'Spatial' 0.05263836017221465 0.25725805407075936
 0.7288135593220338 117 7 2 1 4.088295837762698]
[3.7510922348635876 'Spatial' 0.05263836017221465 0.25725805407075936
 1.2372881355932202 117 7 2 2 3.7510922348635876]
[2.1834156210016125 'Spatial' 0.05263836017221465 0.25725805407075936
 1.7796610169491525 117 7 2 3 2.1834156210016125]
[2.4076928067161623 'Spatial' 0.05263836017221465 0.25725805407075936
 4.067796610169491 117 7 2 4 2.4076928067161623]
[2.7958863382262416 'Spatial' 0.05263836017221465 0.25725805407075936
 5.23728813559322 117 7 2 5 2.7958863382262416]
[3.7499188504203516 'Spatial' 0.05263836017221465 0.25725805407075936
 8.305084745762711 117 7 2 6 3.7499188504203516]
[3.438062208978475 'Spatial' 0.05263836017221465 0.25725805407075936
 7.440677966101695 117 7 2 7 3.438062208978475]
[0.21300192666992698 'Spatial' 0.05263836017221465 0.25725805407075936
 1.6101694915254237 117 7 2 8 0.21300192666992698]
[0.00520726300898024 'Spatial' 0.05263836017221465 0.25725805407075936
 1.1864406779661016 117 7 2 9 0.00520726300898024]
[3.612217233994658 'Spatial' 0.05263836017221465 0.25725805407075936
 8.694915254237289 117 7 2 10 3.612217233994658]
[3.897384177281738 'Spatial' 0.05263836017221465 0.25725805407075936
 10.169491525423728 117 7 2 11 3.897384177281738]
[3.6370104244110117 'Spatial' 0.05263836017221465 0.25725805407075936
 9.881355932203387 117 7 2 12 3.6370104244110117]
[2.2995256414670364 'Spatial' 0.05263836017221465 0.25725805407075936
 6.084745762711864 117 7 2 13 2.2995256414670364]
[2.517516910459159 'Spatial' 0.05263836017221465 0.25725805407075936
 6.999999999999999 117 7 2 14 2.517516910459159]
[8.43337103215851 'Spatial' 0.05263836017221465 0.25725805407075936
 10.169491525423728 117 7 2 15 8.43337103215851]
[3.1114538322734213 'Spatial' 0.05263836017221465 0.25725805407075936
 8.898305084745761 117 7 2 16 3.1114538322734213]
[0.49229393069727206 'Spatial' 0.05263836017221465 0.25725805407075936
 0.1694915254237288 117 7 2 17 0.49229393069727206]
[0.0008165595352776693 'Spatial' 0.05263836017221465 0.25725805407075936
 1.1694915254237288 117 7 2 18 0.0008165595352776693]
[0.1654862624962175 'Spatial' 0.05263836017221465 0.25725805407075936
 0.1694915254237288 117 7 2 19 0.1654862624962175]
[0.0 'Spatial' 0.05263836017221465 0.25725805407075936 0.0 117 7 3 0 0.0]
[4.088295837762698 'Spatial' 0.05263836017221465 0.25725805407075936
 0.7288135593220338 117 7 3 1 4.088295837762698]
[3.7510922348635876 'Spatial' 0.05263836017221465 0.25725805407075936
 1.2372881355932202 117 7 3 2 3.7510922348635876]
[2.1834156210016125 'Spatial' 0.05263836017221465 0.25725805407075936
 1.7796610169491525 117 7 3 3 2.1834156210016125]
[2.4076928067161623 'Spatial' 0.05263836017221465 0.25725805407075936
 4.067796610169491 117 7 3 4 2.4076928067161623]
[2.7958863382262416 'Spatial' 0.05263836017221465 0.25725805407075936
 5.23728813559322 117 7 3 5 2.7958863382262416]
[3.7499188504203516 'Spatial' 0.05263836017221465 0.25725805407075936
 8.305084745762711 117 7 3 6 3.7499188504203516]
[3.438062208978475 'Spatial' 0.05263836017221465 0.25725805407075936
 7.440677966101695 117 7 3 7 3.438062208978475]
[0.21300192666992698 'Spatial' 0.05263836017221465 0.25725805407075936
 1.6101694915254237 117 7 3 8 0.21300192666992698]
[0.00520726300898024 'Spatial' 0.05263836017221465 0.25725805407075936
 1.1864406779661016 117 7 3 9 0.00520726300898024]
[3.612217233994658 'Spatial' 0.05263836017221465 0.25725805407075936
 8.694915254237289 117 7 3 10 3.612217233994658]
[3.897384177281738 'Spatial' 0.05263836017221465 0.25725805407075936
 10.169491525423728 117 7 3 11 3.897384177281738]
[3.6370104244110117 'Spatial' 0.05263836017221465 0.25725805407075936
 9.881355932203387 117 7 3 12 3.6370104244110117]
[2.2995256414670364 'Spatial' 0.05263836017221465 0.25725805407075936
 6.084745762711864 117 7 3 13 2.2995256414670364]
[2.517516910459159 'Spatial' 0.05263836017221465 0.25725805407075936
 6.999999999999999 117 7 3 14 2.517516910459159]
[8.43337103215851 'Spatial' 0.05263836017221465 0.25725805407075936
 10.169491525423728 117 7 3 15 8.43337103215851]
[3.1114538322734213 'Spatial' 0.05263836017221465 0.25725805407075936
 8.898305084745761 117 7 3 16 3.1114538322734213]
[0.49229393069727206 'Spatial' 0.05263836017221465 0.25725805407075936
 0.1694915254237288 117 7 3 17 0.49229393069727206]
[0.0008165595352776693 'Spatial' 0.05263836017221465 0.25725805407075936
 1.1694915254237288 117 7 3 18 0.0008165595352776693]
[0.1654862624962175 'Spatial' 0.05263836017221465 0.25725805407075936
 0.1694915254237288 117 7 3 19 0.1654862624962175]
[0.0 'Spatial' 0.05263836017221465 0.25725805407075936 0.0 117 7 4 0 0.0]
[4.088295837762698 'Spatial' 0.05263836017221465 0.25725805407075936
 0.7288135593220338 117 7 4 1 4.088295837762698]
[3.7510922348635876 'Spatial' 0.05263836017221465 0.25725805407075936
 1.2372881355932202 117 7 4 2 3.7510922348635876]
[2.1834156210016125 'Spatial' 0.05263836017221465 0.25725805407075936
 1.7796610169491525 117 7 4 3 2.1834156210016125]
[2.4076928067161623 'Spatial' 0.05263836017221465 0.25725805407075936
 4.067796610169491 117 7 4 4 2.4076928067161623]
[2.7958863382262416 'Spatial' 0.05263836017221465 0.25725805407075936
 5.23728813559322 117 7 4 5 2.7958863382262416]
[3.7499188504203516 'Spatial' 0.05263836017221465 0.25725805407075936
 8.305084745762711 117 7 4 6 3.7499188504203516]
[3.438062208978475 'Spatial' 0.05263836017221465 0.25725805407075936
 7.440677966101695 117 7 4 7 3.438062208978475]
[0.21300192666992698 'Spatial' 0.05263836017221465 0.25725805407075936
 1.6101694915254237 117 7 4 8 0.21300192666992698]
[0.00520726300898024 'Spatial' 0.05263836017221465 0.25725805407075936
 1.1864406779661016 117 7 4 9 0.00520726300898024]
[3.612217233994658 'Spatial' 0.05263836017221465 0.25725805407075936
 8.694915254237289 117 7 4 10 3.612217233994658]
[3.897384177281738 'Spatial' 0.05263836017221465 0.25725805407075936
 10.169491525423728 117 7 4 11 3.897384177281738]
[3.6370104244110117 'Spatial' 0.05263836017221465 0.25725805407075936
 9.881355932203387 117 7 4 12 3.6370104244110117]
[2.2995256414670364 'Spatial' 0.05263836017221465 0.25725805407075936
 6.084745762711864 117 7 4 13 2.2995256414670364]
[2.517516910459159 'Spatial' 0.05263836017221465 0.25725805407075936
 6.999999999999999 117 7 4 14 2.517516910459159]
[8.43337103215851 'Spatial' 0.05263836017221465 0.25725805407075936
 10.169491525423728 117 7 4 15 8.43337103215851]
[3.1114538322734213 'Spatial' 0.05263836017221465 0.25725805407075936
 8.898305084745761 117 7 4 16 3.1114538322734213]
[0.49229393069727206 'Spatial' 0.05263836017221465 0.25725805407075936
 0.1694915254237288 117 7 4 17 0.49229393069727206]
[0.0008165595352776693 'Spatial' 0.05263836017221465 0.25725805407075936
 1.1694915254237288 117 7 4 18 0.0008165595352776693]
[0.1654862624962175 'Spatial' 0.05263836017221465 0.25725805407075936
 0.1694915254237288 117 7 4 19 0.1654862624962175]
[0.0 'Spatial' 0.05263836017221465 0.25725805407075936 0.0 117 7 5 0 0.0]
[4.088295837762698 'Spatial' 0.05263836017221465 0.25725805407075936
 0.7288135593220338 117 7 5 1 4.088295837762698]
[3.7510922348635876 'Spatial' 0.05263836017221465 0.25725805407075936
 1.2372881355932202 117 7 5 2 3.7510922348635876]
[2.1834156210016125 'Spatial' 0.05263836017221465 0.25725805407075936
 1.7796610169491525 117 7 5 3 2.1834156210016125]
[2.4076928067161623 'Spatial' 0.05263836017221465 0.25725805407075936
 4.067796610169491 117 7 5 4 2.4076928067161623]
[2.7958863382262416 'Spatial' 0.05263836017221465 0.25725805407075936
 5.23728813559322 117 7 5 5 2.7958863382262416]
[3.7499188504203516 'Spatial' 0.05263836017221465 0.25725805407075936
 8.305084745762711 117 7 5 6 3.7499188504203516]
[3.438062208978475 'Spatial' 0.05263836017221465 0.25725805407075936
 7.440677966101695 117 7 5 7 3.438062208978475]
[0.21300192666992698 'Spatial' 0.05263836017221465 0.25725805407075936
 1.6101694915254237 117 7 5 8 0.21300192666992698]
[0.00520726300898024 'Spatial' 0.05263836017221465 0.25725805407075936
 1.1864406779661016 117 7 5 9 0.00520726300898024]
[3.612217233994658 'Spatial' 0.05263836017221465 0.25725805407075936
 8.694915254237289 117 7 5 10 3.612217233994658]
[3.897384177281738 'Spatial' 0.05263836017221465 0.25725805407075936
 10.169491525423728 117 7 5 11 3.897384177281738]
[3.6370104244110117 'Spatial' 0.05263836017221465 0.25725805407075936
 9.881355932203387 117 7 5 12 3.6370104244110117]
[2.2995256414670364 'Spatial' 0.05263836017221465 0.25725805407075936
 6.084745762711864 117 7 5 13 2.2995256414670364]
[2.517516910459159 'Spatial' 0.05263836017221465 0.25725805407075936
 6.999999999999999 117 7 5 14 2.517516910459159]
[8.43337103215851 'Spatial' 0.05263836017221465 0.25725805407075936
 10.169491525423728 117 7 5 15 8.43337103215851]
[3.1114538322734213 'Spatial' 0.05263836017221465 0.25725805407075936
 8.898305084745761 117 7 5 16 3.1114538322734213]
[0.49229393069727206 'Spatial' 0.05263836017221465 0.25725805407075936
 0.1694915254237288 117 7 5 17 0.49229393069727206]
[0.0008165595352776693 'Spatial' 0.05263836017221465 0.25725805407075936
 1.1694915254237288 117 7 5 18 0.0008165595352776693]
[0.1654862624962175 'Spatial' 0.05263836017221465 0.25725805407075936
 0.1694915254237288 117 7 5 19 0.1654862624962175]
[0.0 'Spatial' 0.05263836017221465 0.25725805407075936 0.0 117 7 6 0 0.0]
[4.088295837762698 'Spatial' 0.05263836017221465 0.25725805407075936
 0.7288135593220338 117 7 6 1 4.088295837762698]
[3.7510922348635876 'Spatial' 0.05263836017221465 0.25725805407075936
 1.2372881355932202 117 7 6 2 3.7510922348635876]
[2.1834156210016125 'Spatial' 0.05263836017221465 0.25725805407075936
 1.7796610169491525 117 7 6 3 2.1834156210016125]
[2.4076928067161623 'Spatial' 0.05263836017221465 0.25725805407075936
 4.067796610169491 117 7 6 4 2.4076928067161623]
[2.7958863382262416 'Spatial' 0.05263836017221465 0.25725805407075936
 5.23728813559322 117 7 6 5 2.7958863382262416]
[3.7499188504203516 'Spatial' 0.05263836017221465 0.25725805407075936
 8.305084745762711 117 7 6 6 3.7499188504203516]
[3.438062208978475 'Spatial' 0.05263836017221465 0.25725805407075936
 7.440677966101695 117 7 6 7 3.438062208978475]
[0.21300192666992698 'Spatial' 0.05263836017221465 0.25725805407075936
 1.6101694915254237 117 7 6 8 0.21300192666992698]
[0.00520726300898024 'Spatial' 0.05263836017221465 0.25725805407075936
 1.1864406779661016 117 7 6 9 0.00520726300898024]
[3.612217233994658 'Spatial' 0.05263836017221465 0.25725805407075936
 8.694915254237289 117 7 6 10 3.612217233994658]
[3.897384177281738 'Spatial' 0.05263836017221465 0.25725805407075936
 10.169491525423728 117 7 6 11 3.897384177281738]
[3.6370104244110117 'Spatial' 0.05263836017221465 0.25725805407075936
 9.881355932203387 117 7 6 12 3.6370104244110117]
[2.2995256414670364 'Spatial' 0.05263836017221465 0.25725805407075936
 6.084745762711864 117 7 6 13 2.2995256414670364]
[2.517516910459159 'Spatial' 0.05263836017221465 0.25725805407075936
 6.999999999999999 117 7 6 14 2.517516910459159]
[8.43337103215851 'Spatial' 0.05263836017221465 0.25725805407075936
 10.169491525423728 117 7 6 15 8.43337103215851]
[3.1114538322734213 'Spatial' 0.05263836017221465 0.25725805407075936
 8.898305084745761 117 7 6 16 3.1114538322734213]
[0.49229393069727206 'Spatial' 0.05263836017221465 0.25725805407075936
 0.1694915254237288 117 7 6 17 0.49229393069727206]
[0.0008165595352776693 'Spatial' 0.05263836017221465 0.25725805407075936
 1.1694915254237288 117 7 6 18 0.0008165595352776693]
[0.1654862624962175 'Spatial' 0.05263836017221465 0.25725805407075936
 0.1694915254237288 117 7 6 19 0.1654862624962175]
[0.0 'Spatial' 0.05263836017221465 0.25725805407075936 0.0 117 7 8 0 0.0]
[4.088295837762698 'Spatial' 0.05263836017221465 0.25725805407075936
 0.7288135593220338 117 7 8 1 4.088295837762698]
[3.7510922348635876 'Spatial' 0.05263836017221465 0.25725805407075936
 1.2372881355932202 117 7 8 2 3.7510922348635876]
[2.1834156210016125 'Spatial' 0.05263836017221465 0.25725805407075936
 1.7796610169491525 117 7 8 3 2.1834156210016125]
[2.4076928067161623 'Spatial' 0.05263836017221465 0.25725805407075936
 4.067796610169491 117 7 8 4 2.4076928067161623]
[2.7958863382262416 'Spatial' 0.05263836017221465 0.25725805407075936
 5.23728813559322 117 7 8 5 2.7958863382262416]
[3.7499188504203516 'Spatial' 0.05263836017221465 0.25725805407075936
 8.305084745762711 117 7 8 6 3.7499188504203516]
[3.438062208978475 'Spatial' 0.05263836017221465 0.25725805407075936
 7.440677966101695 117 7 8 7 3.438062208978475]
[0.21300192666992698 'Spatial' 0.05263836017221465 0.25725805407075936
 1.6101694915254237 117 7 8 8 0.21300192666992698]
[0.00520726300898024 'Spatial' 0.05263836017221465 0.25725805407075936
 1.1864406779661016 117 7 8 9 0.00520726300898024]
[3.612217233994658 'Spatial' 0.05263836017221465 0.25725805407075936
 8.694915254237289 117 7 8 10 3.612217233994658]
[3.897384177281738 'Spatial' 0.05263836017221465 0.25725805407075936
 10.169491525423728 117 7 8 11 3.897384177281738]
[3.6370104244110117 'Spatial' 0.05263836017221465 0.25725805407075936
 9.881355932203387 117 7 8 12 3.6370104244110117]
[2.2995256414670364 'Spatial' 0.05263836017221465 0.25725805407075936
 6.084745762711864 117 7 8 13 2.2995256414670364]
[2.517516910459159 'Spatial' 0.05263836017221465 0.25725805407075936
 6.999999999999999 117 7 8 14 2.517516910459159]
[8.43337103215851 'Spatial' 0.05263836017221465 0.25725805407075936
 10.169491525423728 117 7 8 15 8.43337103215851]
[3.1114538322734213 'Spatial' 0.05263836017221465 0.25725805407075936
 8.898305084745761 117 7 8 16 3.1114538322734213]
[0.49229393069727206 'Spatial' 0.05263836017221465 0.25725805407075936
 0.1694915254237288 117 7 8 17 0.49229393069727206]
[0.0008165595352776693 'Spatial' 0.05263836017221465 0.25725805407075936
 1.1694915254237288 117 7 8 18 0.0008165595352776693]
[0.1654862624962175 'Spatial' 0.05263836017221465 0.25725805407075936
 0.1694915254237288 117 7 8 19 0.1654862624962175]
