[0.0 'Spatial' 0.12197406609811197 0.6522677783595257 0.0 25 7 0 0 0.0]
[5.549083637370736 'Spatial' 0.12197406609811197 0.6522677783595257
 10.169491525423728 25 7 0 1 5.549083637370736]
[2.259311003073498 'Spatial' 0.12197406609811197 0.6522677783595257
 5.406779661016949 25 7 0 2 2.259311003073498]
[4.116748516364272 'Spatial' 0.12197406609811197 0.6522677783595257
 1.3559322033898304 25 7 0 3 4.116748516364272]
[3.801089158789399 'Spatial' 0.12197406609811197 0.6522677783595257
 7.610169491525423 25 7 0 4 3.801089158789399]
[1.9801415123394435 'Spatial' 0.12197406609811197 0.6522677783595257
 3.101694915254237 25 7 0 5 1.9801415123394435]
[2.5676408069858545 'Spatial' 0.12197406609811197 0.6522677783595257
 1.5762711864406778 25 7 0 6 2.5676408069858545]
[1.011635146347928 'Spatial' 0.12197406609811197 0.6522677783595257
 2.423728813559322 25 7 0 7 1.011635146347928]
[1.3627639419021762 'Spatial' 0.12197406609811197 0.6522677783595257
 3.4406779661016946 25 7 0 8 1.3627639419021762]
[2.1209628863167698 'Spatial' 0.12197406609811197 0.6522677783595257
 5.067796610169491 25 7 0 9 2.1209628863167698]
[0.02287232064114644 'Spatial' 0.12197406609811197 0.6522677783595257
 0.559322033898305 25 7 0 10 0.02287232064114644]
[0.21598293981939656 'Spatial' 0.12197406609811197 0.6522677783595257
 1.5084745762711864 25 7 0 11 0.21598293981939656]
[4.109562651260076 'Spatial' 0.12197406609811197 0.6522677783595257
 10.169491525423728 25 7 0 12 4.109562651260076]
[0.0010898221594049275 'Spatial' 0.12197406609811197 0.6522677783595257
 0.1694915254237288 25 7 0 13 0.0010898221594049275]
[0.0006298016333097749 'Spatial' 0.12197406609811197 0.6522677783595257
 0.1694915254237288 25 7 0 14 0.0006298016333097749]
[0.0006298016333097749 'Spatial' 0.12197406609811197 0.6522677783595257
 0.1694915254237288 25 7 0 15 0.0006298016333097749]
[7.178163621509126 'Spatial' 0.12197406609811197 0.6522677783595257
 10.169491525423728 25 7 0 16 7.178163621509126]
[0.8337279568245102 'Spatial' 0.12197406609811197 0.6522677783595257
 1.847457627118644 25 7 0 17 0.8337279568245102]
[0.0006298016333097749 'Spatial' 0.12197406609811197 0.6522677783595257
 0.1694915254237288 25 7 0 18 0.0006298016333097749]
[0.0006298016333097749 'Spatial' 0.12197406609811197 0.6522677783595257
 0.1694915254237288 25 7 0 19 0.0006298016333097749]
[0.0 'Spatial' 0.12197406609811197 0.6522677783595257 0.0 25 7 1 0 0.0]
[5.549083637370736 'Spatial' 0.12197406609811197 0.6522677783595257
 10.169491525423728 25 7 1 1 5.549083637370736]
[2.259311003073498 'Spatial' 0.12197406609811197 0.6522677783595257
 5.406779661016949 25 7 1 2 2.259311003073498]
[4.116748516364272 'Spatial' 0.12197406609811197 0.6522677783595257
 1.3559322033898304 25 7 1 3 4.116748516364272]
[3.801089158789399 'Spatial' 0.12197406609811197 0.6522677783595257
 7.610169491525423 25 7 1 4 3.801089158789399]
[1.9801415123394435 'Spatial' 0.12197406609811197 0.6522677783595257
 3.101694915254237 25 7 1 5 1.9801415123394435]
[2.5676408069858545 'Spatial' 0.12197406609811197 0.6522677783595257
 1.5762711864406778 25 7 1 6 2.5676408069858545]
[1.011635146347928 'Spatial' 0.12197406609811197 0.6522677783595257
 2.423728813559322 25 7 1 7 1.011635146347928]
[1.3627639419021762 'Spatial' 0.12197406609811197 0.6522677783595257
 3.4406779661016946 25 7 1 8 1.3627639419021762]
[2.1209628863167698 'Spatial' 0.12197406609811197 0.6522677783595257
 5.067796610169491 25 7 1 9 2.1209628863167698]
[0.02287232064114644 'Spatial' 0.12197406609811197 0.6522677783595257
 0.559322033898305 25 7 1 10 0.02287232064114644]
[0.21598293981939656 'Spatial' 0.12197406609811197 0.6522677783595257
 1.5084745762711864 25 7 1 11 0.21598293981939656]
[4.109562651260076 'Spatial' 0.12197406609811197 0.6522677783595257
 10.169491525423728 25 7 1 12 4.109562651260076]
[0.0010898221594049275 'Spatial' 0.12197406609811197 0.6522677783595257
 0.1694915254237288 25 7 1 13 0.0010898221594049275]
[0.0006298016333097749 'Spatial' 0.12197406609811197 0.6522677783595257
 0.1694915254237288 25 7 1 14 0.0006298016333097749]
[0.0006298016333097749 'Spatial' 0.12197406609811197 0.6522677783595257
 0.1694915254237288 25 7 1 15 0.0006298016333097749]
[7.178163621509126 'Spatial' 0.12197406609811197 0.6522677783595257
 10.169491525423728 25 7 1 16 7.178163621509126]
[0.8337279568245102 'Spatial' 0.12197406609811197 0.6522677783595257
 1.847457627118644 25 7 1 17 0.8337279568245102]
[0.0006298016333097749 'Spatial' 0.12197406609811197 0.6522677783595257
 0.1694915254237288 25 7 1 18 0.0006298016333097749]
[0.0006298016333097749 'Spatial' 0.12197406609811197 0.6522677783595257
 0.1694915254237288 25 7 1 19 0.0006298016333097749]
[0.0 'Spatial' 0.12197406609811197 0.6522677783595257 0.0 25 7 2 0 0.0]
[5.549083637370736 'Spatial' 0.12197406609811197 0.6522677783595257
 10.169491525423728 25 7 2 1 5.549083637370736]
[2.259311003073498 'Spatial' 0.12197406609811197 0.6522677783595257
 5.406779661016949 25 7 2 2 2.259311003073498]
[4.116748516364272 'Spatial' 0.12197406609811197 0.6522677783595257
 1.3559322033898304 25 7 2 3 4.116748516364272]
[3.801089158789399 'Spatial' 0.12197406609811197 0.6522677783595257
 7.610169491525423 25 7 2 4 3.801089158789399]
[1.9801415123394435 'Spatial' 0.12197406609811197 0.6522677783595257
 3.101694915254237 25 7 2 5 1.9801415123394435]
[2.5676408069858545 'Spatial' 0.12197406609811197 0.6522677783595257
 1.5762711864406778 25 7 2 6 2.5676408069858545]
[1.011635146347928 'Spatial' 0.12197406609811197 0.6522677783595257
 2.423728813559322 25 7 2 7 1.011635146347928]
[1.3627639419021762 'Spatial' 0.12197406609811197 0.6522677783595257
 3.4406779661016946 25 7 2 8 1.3627639419021762]
[2.1209628863167698 'Spatial' 0.12197406609811197 0.6522677783595257
 5.067796610169491 25 7 2 9 2.1209628863167698]
[0.02287232064114644 'Spatial' 0.12197406609811197 0.6522677783595257
 0.559322033898305 25 7 2 10 0.02287232064114644]
[0.21598293981939656 'Spatial' 0.12197406609811197 0.6522677783595257
 1.5084745762711864 25 7 2 11 0.21598293981939656]
[4.109562651260076 'Spatial' 0.12197406609811197 0.6522677783595257
 10.169491525423728 25 7 2 12 4.109562651260076]
[0.0010898221594049275 'Spatial' 0.12197406609811197 0.6522677783595257
 0.1694915254237288 25 7 2 13 0.0010898221594049275]
[0.0006298016333097749 'Spatial' 0.12197406609811197 0.6522677783595257
 0.1694915254237288 25 7 2 14 0.0006298016333097749]
[0.0006298016333097749 'Spatial' 0.12197406609811197 0.6522677783595257
 0.1694915254237288 25 7 2 15 0.0006298016333097749]
[7.178163621509126 'Spatial' 0.12197406609811197 0.6522677783595257
 10.169491525423728 25 7 2 16 7.178163621509126]
[0.8337279568245102 'Spatial' 0.12197406609811197 0.6522677783595257
 1.847457627118644 25 7 2 17 0.8337279568245102]
[0.0006298016333097749 'Spatial' 0.12197406609811197 0.6522677783595257
 0.1694915254237288 25 7 2 18 0.0006298016333097749]
[0.0006298016333097749 'Spatial' 0.12197406609811197 0.6522677783595257
 0.1694915254237288 25 7 2 19 0.0006298016333097749]
[0.0 'Spatial' 0.12197406609811197 0.6522677783595257 0.0 25 7 3 0 0.0]
[5.549083637370736 'Spatial' 0.12197406609811197 0.6522677783595257
 10.169491525423728 25 7 3 1 5.549083637370736]
[2.259311003073498 'Spatial' 0.12197406609811197 0.6522677783595257
 5.406779661016949 25 7 3 2 2.259311003073498]
[4.116748516364272 'Spatial' 0.12197406609811197 0.6522677783595257
 1.3559322033898304 25 7 3 3 4.116748516364272]
[3.801089158789399 'Spatial' 0.12197406609811197 0.6522677783595257
 7.610169491525423 25 7 3 4 3.801089158789399]
[1.9801415123394435 'Spatial' 0.12197406609811197 0.6522677783595257
 3.101694915254237 25 7 3 5 1.9801415123394435]
[2.5676408069858545 'Spatial' 0.12197406609811197 0.6522677783595257
 1.5762711864406778 25 7 3 6 2.5676408069858545]
[1.011635146347928 'Spatial' 0.12197406609811197 0.6522677783595257
 2.423728813559322 25 7 3 7 1.011635146347928]
[1.3627639419021762 'Spatial' 0.12197406609811197 0.6522677783595257
 3.4406779661016946 25 7 3 8 1.3627639419021762]
[2.1209628863167698 'Spatial' 0.12197406609811197 0.6522677783595257
 5.067796610169491 25 7 3 9 2.1209628863167698]
[0.02287232064114644 'Spatial' 0.12197406609811197 0.6522677783595257
 0.559322033898305 25 7 3 10 0.02287232064114644]
[0.21598293981939656 'Spatial' 0.12197406609811197 0.6522677783595257
 1.5084745762711864 25 7 3 11 0.21598293981939656]
[4.109562651260076 'Spatial' 0.12197406609811197 0.6522677783595257
 10.169491525423728 25 7 3 12 4.109562651260076]
[0.0010898221594049275 'Spatial' 0.12197406609811197 0.6522677783595257
 0.1694915254237288 25 7 3 13 0.0010898221594049275]
[0.0006298016333097749 'Spatial' 0.12197406609811197 0.6522677783595257
 0.1694915254237288 25 7 3 14 0.0006298016333097749]
[0.0006298016333097749 'Spatial' 0.12197406609811197 0.6522677783595257
 0.1694915254237288 25 7 3 15 0.0006298016333097749]
[7.178163621509126 'Spatial' 0.12197406609811197 0.6522677783595257
 10.169491525423728 25 7 3 16 7.178163621509126]
[0.8337279568245102 'Spatial' 0.12197406609811197 0.6522677783595257
 1.847457627118644 25 7 3 17 0.8337279568245102]
[0.0006298016333097749 'Spatial' 0.12197406609811197 0.6522677783595257
 0.1694915254237288 25 7 3 18 0.0006298016333097749]
[0.0006298016333097749 'Spatial' 0.12197406609811197 0.6522677783595257
 0.1694915254237288 25 7 3 19 0.0006298016333097749]
[0.0 'Spatial' 0.12197406609811197 0.6522677783595257 0.0 25 7 4 0 0.0]
[5.549083637370736 'Spatial' 0.12197406609811197 0.6522677783595257
 10.169491525423728 25 7 4 1 5.549083637370736]
[2.259311003073498 'Spatial' 0.12197406609811197 0.6522677783595257
 5.406779661016949 25 7 4 2 2.259311003073498]
[4.116748516364272 'Spatial' 0.12197406609811197 0.6522677783595257
 1.3559322033898304 25 7 4 3 4.116748516364272]
[3.801089158789399 'Spatial' 0.12197406609811197 0.6522677783595257
 7.610169491525423 25 7 4 4 3.801089158789399]
[1.9801415123394435 'Spatial' 0.12197406609811197 0.6522677783595257
 3.101694915254237 25 7 4 5 1.9801415123394435]
[2.5676408069858545 'Spatial' 0.12197406609811197 0.6522677783595257
 1.5762711864406778 25 7 4 6 2.5676408069858545]
[1.011635146347928 'Spatial' 0.12197406609811197 0.6522677783595257
 2.423728813559322 25 7 4 7 1.011635146347928]
[1.3627639419021762 'Spatial' 0.12197406609811197 0.6522677783595257
 3.4406779661016946 25 7 4 8 1.3627639419021762]
[2.1209628863167698 'Spatial' 0.12197406609811197 0.6522677783595257
 5.067796610169491 25 7 4 9 2.1209628863167698]
[0.02287232064114644 'Spatial' 0.12197406609811197 0.6522677783595257
 0.559322033898305 25 7 4 10 0.02287232064114644]
[0.21598293981939656 'Spatial' 0.12197406609811197 0.6522677783595257
 1.5084745762711864 25 7 4 11 0.21598293981939656]
[4.109562651260076 'Spatial' 0.12197406609811197 0.6522677783595257
 10.169491525423728 25 7 4 12 4.109562651260076]
[0.0010898221594049275 'Spatial' 0.12197406609811197 0.6522677783595257
 0.1694915254237288 25 7 4 13 0.0010898221594049275]
[0.0006298016333097749 'Spatial' 0.12197406609811197 0.6522677783595257
 0.1694915254237288 25 7 4 14 0.0006298016333097749]
[0.0006298016333097749 'Spatial' 0.12197406609811197 0.6522677783595257
 0.1694915254237288 25 7 4 15 0.0006298016333097749]
[7.178163621509126 'Spatial' 0.12197406609811197 0.6522677783595257
 10.169491525423728 25 7 4 16 7.178163621509126]
[0.8337279568245102 'Spatial' 0.12197406609811197 0.6522677783595257
 1.847457627118644 25 7 4 17 0.8337279568245102]
[0.0006298016333097749 'Spatial' 0.12197406609811197 0.6522677783595257
 0.1694915254237288 25 7 4 18 0.0006298016333097749]
[0.0006298016333097749 'Spatial' 0.12197406609811197 0.6522677783595257
 0.1694915254237288 25 7 4 19 0.0006298016333097749]
[0.0 'Spatial' 0.12197406609811197 0.6522677783595257 0.0 25 7 5 0 0.0]
[5.549083637370736 'Spatial' 0.12197406609811197 0.6522677783595257
 10.169491525423728 25 7 5 1 5.549083637370736]
[2.259311003073498 'Spatial' 0.12197406609811197 0.6522677783595257
 5.406779661016949 25 7 5 2 2.259311003073498]
[4.116748516364272 'Spatial' 0.12197406609811197 0.6522677783595257
 1.3559322033898304 25 7 5 3 4.116748516364272]
[3.801089158789399 'Spatial' 0.12197406609811197 0.6522677783595257
 7.610169491525423 25 7 5 4 3.801089158789399]
[1.9801415123394435 'Spatial' 0.12197406609811197 0.6522677783595257
 3.101694915254237 25 7 5 5 1.9801415123394435]
[2.5676408069858545 'Spatial' 0.12197406609811197 0.6522677783595257
 1.5762711864406778 25 7 5 6 2.5676408069858545]
[1.011635146347928 'Spatial' 0.12197406609811197 0.6522677783595257
 2.423728813559322 25 7 5 7 1.011635146347928]
[1.3627639419021762 'Spatial' 0.12197406609811197 0.6522677783595257
 3.4406779661016946 25 7 5 8 1.3627639419021762]
[2.1209628863167698 'Spatial' 0.12197406609811197 0.6522677783595257
 5.067796610169491 25 7 5 9 2.1209628863167698]
[0.02287232064114644 'Spatial' 0.12197406609811197 0.6522677783595257
 0.559322033898305 25 7 5 10 0.02287232064114644]
[0.21598293981939656 'Spatial' 0.12197406609811197 0.6522677783595257
 1.5084745762711864 25 7 5 11 0.21598293981939656]
[4.109562651260076 'Spatial' 0.12197406609811197 0.6522677783595257
 10.169491525423728 25 7 5 12 4.109562651260076]
[0.0010898221594049275 'Spatial' 0.12197406609811197 0.6522677783595257
 0.1694915254237288 25 7 5 13 0.0010898221594049275]
[0.0006298016333097749 'Spatial' 0.12197406609811197 0.6522677783595257
 0.1694915254237288 25 7 5 14 0.0006298016333097749]
[0.0006298016333097749 'Spatial' 0.12197406609811197 0.6522677783595257
 0.1694915254237288 25 7 5 15 0.0006298016333097749]
[7.178163621509126 'Spatial' 0.12197406609811197 0.6522677783595257
 10.169491525423728 25 7 5 16 7.178163621509126]
[0.8337279568245102 'Spatial' 0.12197406609811197 0.6522677783595257
 1.847457627118644 25 7 5 17 0.8337279568245102]
[0.0006298016333097749 'Spatial' 0.12197406609811197 0.6522677783595257
 0.1694915254237288 25 7 5 18 0.0006298016333097749]
[0.0006298016333097749 'Spatial' 0.12197406609811197 0.6522677783595257
 0.1694915254237288 25 7 5 19 0.0006298016333097749]
[0.0 'Spatial' 0.12197406609811197 0.6522677783595257 0.0 25 7 6 0 0.0]
[5.549083637370736 'Spatial' 0.12197406609811197 0.6522677783595257
 10.169491525423728 25 7 6 1 5.549083637370736]
[2.259311003073498 'Spatial' 0.12197406609811197 0.6522677783595257
 5.406779661016949 25 7 6 2 2.259311003073498]
[4.116748516364272 'Spatial' 0.12197406609811197 0.6522677783595257
 1.3559322033898304 25 7 6 3 4.116748516364272]
[3.801089158789399 'Spatial' 0.12197406609811197 0.6522677783595257
 7.610169491525423 25 7 6 4 3.801089158789399]
[1.9801415123394435 'Spatial' 0.12197406609811197 0.6522677783595257
 3.101694915254237 25 7 6 5 1.9801415123394435]
[2.5676408069858545 'Spatial' 0.12197406609811197 0.6522677783595257
 1.5762711864406778 25 7 6 6 2.5676408069858545]
[1.011635146347928 'Spatial' 0.12197406609811197 0.6522677783595257
 2.423728813559322 25 7 6 7 1.011635146347928]
[1.3627639419021762 'Spatial' 0.12197406609811197 0.6522677783595257
 3.4406779661016946 25 7 6 8 1.3627639419021762]
[2.1209628863167698 'Spatial' 0.12197406609811197 0.6522677783595257
 5.067796610169491 25 7 6 9 2.1209628863167698]
[0.02287232064114644 'Spatial' 0.12197406609811197 0.6522677783595257
 0.559322033898305 25 7 6 10 0.02287232064114644]
[0.21598293981939656 'Spatial' 0.12197406609811197 0.6522677783595257
 1.5084745762711864 25 7 6 11 0.21598293981939656]
[4.109562651260076 'Spatial' 0.12197406609811197 0.6522677783595257
 10.169491525423728 25 7 6 12 4.109562651260076]
[0.0010898221594049275 'Spatial' 0.12197406609811197 0.6522677783595257
 0.1694915254237288 25 7 6 13 0.0010898221594049275]
[0.0006298016333097749 'Spatial' 0.12197406609811197 0.6522677783595257
 0.1694915254237288 25 7 6 14 0.0006298016333097749]
[0.0006298016333097749 'Spatial' 0.12197406609811197 0.6522677783595257
 0.1694915254237288 25 7 6 15 0.0006298016333097749]
[7.178163621509126 'Spatial' 0.12197406609811197 0.6522677783595257
 10.169491525423728 25 7 6 16 7.178163621509126]
[0.8337279568245102 'Spatial' 0.12197406609811197 0.6522677783595257
 1.847457627118644 25 7 6 17 0.8337279568245102]
[0.0006298016333097749 'Spatial' 0.12197406609811197 0.6522677783595257
 0.1694915254237288 25 7 6 18 0.0006298016333097749]
[0.0006298016333097749 'Spatial' 0.12197406609811197 0.6522677783595257
 0.1694915254237288 25 7 6 19 0.0006298016333097749]
[0.0 'Spatial' 0.12197406609811197 0.6522677783595257 0.0 25 7 8 0 0.0]
[5.549083637370736 'Spatial' 0.12197406609811197 0.6522677783595257
 10.169491525423728 25 7 8 1 5.549083637370736]
[2.259311003073498 'Spatial' 0.12197406609811197 0.6522677783595257
 5.406779661016949 25 7 8 2 2.259311003073498]
[4.116748516364272 'Spatial' 0.12197406609811197 0.6522677783595257
 1.3559322033898304 25 7 8 3 4.116748516364272]
[3.801089158789399 'Spatial' 0.12197406609811197 0.6522677783595257
 7.610169491525423 25 7 8 4 3.801089158789399]
[1.9801415123394435 'Spatial' 0.12197406609811197 0.6522677783595257
 3.101694915254237 25 7 8 5 1.9801415123394435]
[2.5676408069858545 'Spatial' 0.12197406609811197 0.6522677783595257
 1.5762711864406778 25 7 8 6 2.5676408069858545]
[1.011635146347928 'Spatial' 0.12197406609811197 0.6522677783595257
 2.423728813559322 25 7 8 7 1.011635146347928]
[1.3627639419021762 'Spatial' 0.12197406609811197 0.6522677783595257
 3.4406779661016946 25 7 8 8 1.3627639419021762]
[2.1209628863167698 'Spatial' 0.12197406609811197 0.6522677783595257
 5.067796610169491 25 7 8 9 2.1209628863167698]
[0.02287232064114644 'Spatial' 0.12197406609811197 0.6522677783595257
 0.559322033898305 25 7 8 10 0.02287232064114644]
[0.21598293981939656 'Spatial' 0.12197406609811197 0.6522677783595257
 1.5084745762711864 25 7 8 11 0.21598293981939656]
[4.109562651260076 'Spatial' 0.12197406609811197 0.6522677783595257
 10.169491525423728 25 7 8 12 4.109562651260076]
[0.0010898221594049275 'Spatial' 0.12197406609811197 0.6522677783595257
 0.1694915254237288 25 7 8 13 0.0010898221594049275]
[0.0006298016333097749 'Spatial' 0.12197406609811197 0.6522677783595257
 0.1694915254237288 25 7 8 14 0.0006298016333097749]
[0.0006298016333097749 'Spatial' 0.12197406609811197 0.6522677783595257
 0.1694915254237288 25 7 8 15 0.0006298016333097749]
[7.178163621509126 'Spatial' 0.12197406609811197 0.6522677783595257
 10.169491525423728 25 7 8 16 7.178163621509126]
[0.8337279568245102 'Spatial' 0.12197406609811197 0.6522677783595257
 1.847457627118644 25 7 8 17 0.8337279568245102]
[0.0006298016333097749 'Spatial' 0.12197406609811197 0.6522677783595257
 0.1694915254237288 25 7 8 18 0.0006298016333097749]
[0.0006298016333097749 'Spatial' 0.12197406609811197 0.6522677783595257
 0.1694915254237288 25 7 8 19 0.0006298016333097749]
