[0.0 'Spatial' 0.1268102632897359 0.036955332659798994 0.0 93 4 0 0 0.0]
[4.050983235501418 'Spatial' 0.1268102632897359 0.036955332659798994
 3.644067796610169 93 4 0 1 4.050983235501418]
[4.008424471940682 'Spatial' 0.1268102632897359 0.036955332659798994
 5.423728813559322 93 4 0 2 4.008424471940682]
[4.228415698592524 'Spatial' 0.1268102632897359 0.036955332659798994
 10.169491525423728 93 4 0 3 4.228415698592524]
[3.4724192324893948 'Spatial' 0.1268102632897359 0.036955332659798994
 5.067796610169491 93 4 0 4 3.4724192324893948]
[3.1353255797091775 'Spatial' 0.1268102632897359 0.036955332659798994
 4.406779661016948 93 4 0 5 3.1353255797091775]
[3.4036509265532846 'Spatial' 0.1268102632897359 0.036955332659798994
 5.406779661016949 93 4 0 6 3.4036509265532846]
[3.3247231256735397 'Spatial' 0.1268102632897359 0.036955332659798994
 1.9152542372881354 93 4 0 7 3.3247231256735397]
[2.218331986170613 'Spatial' 0.1268102632897359 0.036955332659798994
 2.711864406779661 93 4 0 8 2.218331986170613]
[4.825291671369274 'Spatial' 0.1268102632897359 0.036955332659798994
 0.1694915254237288 93 4 0 9 4.825291671369274]
[4.823265742471806 'Spatial' 0.1268102632897359 0.036955332659798994
 0.1694915254237288 93 4 0 10 4.823265742471806]
[4.8212357006424185 'Spatial' 0.1268102632897359 0.036955332659798994
 0.1694915254237288 93 4 0 11 4.8212357006424185]
[3.0876935005665387 'Spatial' 0.1268102632897359 0.036955332659798994
 6.101694915254237 93 4 0 12 3.0876935005665387]
[1.263307429485256 'Spatial' 0.1268102632897359 0.036955332659798994
 1.3389830508474576 93 4 0 13 1.263307429485256]
[2.413355064360576 'Spatial' 0.1268102632897359 0.036955332659798994
 5.1694915254237275 93 4 0 14 2.413355064360576]
[1.265768631757778 'Spatial' 0.1268102632897359 0.036955332659798994
 0.3389830508474576 93 4 0 15 1.265768631757778]
[2.5549218734877677 'Spatial' 0.1268102632897359 0.036955332659798994
 5.915254237288135 93 4 0 16 2.5549218734877677]
[4.549535809892304 'Spatial' 0.1268102632897359 0.036955332659798994
 10.169491525423728 93 4 0 17 4.549535809892304]
[1.0617772588793748 'Spatial' 0.1268102632897359 0.036955332659798994
 2.864406779661017 93 4 0 18 1.0617772588793748]
[1.488453375245022 'Spatial' 0.1268102632897359 0.036955332659798994
 4.220338983050847 93 4 0 19 1.488453375245022]
[0.0 'Spatial' 0.1268102632897359 0.036955332659798994 0.0 93 4 1 0 0.0]
[4.050983235501418 'Spatial' 0.1268102632897359 0.036955332659798994
 3.644067796610169 93 4 1 1 4.050983235501418]
[4.008424471940682 'Spatial' 0.1268102632897359 0.036955332659798994
 5.423728813559322 93 4 1 2 4.008424471940682]
[4.228415698592524 'Spatial' 0.1268102632897359 0.036955332659798994
 10.169491525423728 93 4 1 3 4.228415698592524]
[3.4724192324893948 'Spatial' 0.1268102632897359 0.036955332659798994
 5.067796610169491 93 4 1 4 3.4724192324893948]
[3.1353255797091775 'Spatial' 0.1268102632897359 0.036955332659798994
 4.406779661016948 93 4 1 5 3.1353255797091775]
[3.4036509265532846 'Spatial' 0.1268102632897359 0.036955332659798994
 5.406779661016949 93 4 1 6 3.4036509265532846]
[3.3247231256735397 'Spatial' 0.1268102632897359 0.036955332659798994
 1.9152542372881354 93 4 1 7 3.3247231256735397]
[2.218331986170613 'Spatial' 0.1268102632897359 0.036955332659798994
 2.711864406779661 93 4 1 8 2.218331986170613]
[4.825291671369274 'Spatial' 0.1268102632897359 0.036955332659798994
 0.1694915254237288 93 4 1 9 4.825291671369274]
[4.823265742471806 'Spatial' 0.1268102632897359 0.036955332659798994
 0.1694915254237288 93 4 1 10 4.823265742471806]
[4.8212357006424185 'Spatial' 0.1268102632897359 0.036955332659798994
 0.1694915254237288 93 4 1 11 4.8212357006424185]
[3.0876935005665387 'Spatial' 0.1268102632897359 0.036955332659798994
 6.101694915254237 93 4 1 12 3.0876935005665387]
[1.263307429485256 'Spatial' 0.1268102632897359 0.036955332659798994
 1.3389830508474576 93 4 1 13 1.263307429485256]
[2.413355064360576 'Spatial' 0.1268102632897359 0.036955332659798994
 5.1694915254237275 93 4 1 14 2.413355064360576]
[1.265768631757778 'Spatial' 0.1268102632897359 0.036955332659798994
 0.3389830508474576 93 4 1 15 1.265768631757778]
[2.5549218734877677 'Spatial' 0.1268102632897359 0.036955332659798994
 5.915254237288135 93 4 1 16 2.5549218734877677]
[4.549535809892304 'Spatial' 0.1268102632897359 0.036955332659798994
 10.169491525423728 93 4 1 17 4.549535809892304]
[1.0617772588793748 'Spatial' 0.1268102632897359 0.036955332659798994
 2.864406779661017 93 4 1 18 1.0617772588793748]
[1.488453375245022 'Spatial' 0.1268102632897359 0.036955332659798994
 4.220338983050847 93 4 1 19 1.488453375245022]
[0.0 'Spatial' 0.1268102632897359 0.036955332659798994 0.0 93 4 2 0 0.0]
[4.050983235501418 'Spatial' 0.1268102632897359 0.036955332659798994
 3.644067796610169 93 4 2 1 4.050983235501418]
[4.008424471940682 'Spatial' 0.1268102632897359 0.036955332659798994
 5.423728813559322 93 4 2 2 4.008424471940682]
[4.228415698592524 'Spatial' 0.1268102632897359 0.036955332659798994
 10.169491525423728 93 4 2 3 4.228415698592524]
[3.4724192324893948 'Spatial' 0.1268102632897359 0.036955332659798994
 5.067796610169491 93 4 2 4 3.4724192324893948]
[3.1353255797091775 'Spatial' 0.1268102632897359 0.036955332659798994
 4.406779661016948 93 4 2 5 3.1353255797091775]
[3.4036509265532846 'Spatial' 0.1268102632897359 0.036955332659798994
 5.406779661016949 93 4 2 6 3.4036509265532846]
[3.3247231256735397 'Spatial' 0.1268102632897359 0.036955332659798994
 1.9152542372881354 93 4 2 7 3.3247231256735397]
[2.218331986170613 'Spatial' 0.1268102632897359 0.036955332659798994
 2.711864406779661 93 4 2 8 2.218331986170613]
[4.825291671369274 'Spatial' 0.1268102632897359 0.036955332659798994
 0.1694915254237288 93 4 2 9 4.825291671369274]
[4.823265742471806 'Spatial' 0.1268102632897359 0.036955332659798994
 0.1694915254237288 93 4 2 10 4.823265742471806]
[4.8212357006424185 'Spatial' 0.1268102632897359 0.036955332659798994
 0.1694915254237288 93 4 2 11 4.8212357006424185]
[3.0876935005665387 'Spatial' 0.1268102632897359 0.036955332659798994
 6.101694915254237 93 4 2 12 3.0876935005665387]
[1.263307429485256 'Spatial' 0.1268102632897359 0.036955332659798994
 1.3389830508474576 93 4 2 13 1.263307429485256]
[2.413355064360576 'Spatial' 0.1268102632897359 0.036955332659798994
 5.1694915254237275 93 4 2 14 2.413355064360576]
[1.265768631757778 'Spatial' 0.1268102632897359 0.036955332659798994
 0.3389830508474576 93 4 2 15 1.265768631757778]
[2.5549218734877677 'Spatial' 0.1268102632897359 0.036955332659798994
 5.915254237288135 93 4 2 16 2.5549218734877677]
[4.549535809892304 'Spatial' 0.1268102632897359 0.036955332659798994
 10.169491525423728 93 4 2 17 4.549535809892304]
[1.0617772588793748 'Spatial' 0.1268102632897359 0.036955332659798994
 2.864406779661017 93 4 2 18 1.0617772588793748]
[1.488453375245022 'Spatial' 0.1268102632897359 0.036955332659798994
 4.220338983050847 93 4 2 19 1.488453375245022]
[0.0 'Spatial' 0.1268102632897359 0.036955332659798994 0.0 93 4 3 0 0.0]
[4.050983235501418 'Spatial' 0.1268102632897359 0.036955332659798994
 3.644067796610169 93 4 3 1 4.050983235501418]
[4.008424471940682 'Spatial' 0.1268102632897359 0.036955332659798994
 5.423728813559322 93 4 3 2 4.008424471940682]
[4.228415698592524 'Spatial' 0.1268102632897359 0.036955332659798994
 10.169491525423728 93 4 3 3 4.228415698592524]
[3.4724192324893948 'Spatial' 0.1268102632897359 0.036955332659798994
 5.067796610169491 93 4 3 4 3.4724192324893948]
[3.1353255797091775 'Spatial' 0.1268102632897359 0.036955332659798994
 4.406779661016948 93 4 3 5 3.1353255797091775]
[3.4036509265532846 'Spatial' 0.1268102632897359 0.036955332659798994
 5.406779661016949 93 4 3 6 3.4036509265532846]
[3.3247231256735397 'Spatial' 0.1268102632897359 0.036955332659798994
 1.9152542372881354 93 4 3 7 3.3247231256735397]
[2.218331986170613 'Spatial' 0.1268102632897359 0.036955332659798994
 2.711864406779661 93 4 3 8 2.218331986170613]
[4.825291671369274 'Spatial' 0.1268102632897359 0.036955332659798994
 0.1694915254237288 93 4 3 9 4.825291671369274]
[4.823265742471806 'Spatial' 0.1268102632897359 0.036955332659798994
 0.1694915254237288 93 4 3 10 4.823265742471806]
[4.8212357006424185 'Spatial' 0.1268102632897359 0.036955332659798994
 0.1694915254237288 93 4 3 11 4.8212357006424185]
[3.0876935005665387 'Spatial' 0.1268102632897359 0.036955332659798994
 6.101694915254237 93 4 3 12 3.0876935005665387]
[1.263307429485256 'Spatial' 0.1268102632897359 0.036955332659798994
 1.3389830508474576 93 4 3 13 1.263307429485256]
[2.413355064360576 'Spatial' 0.1268102632897359 0.036955332659798994
 5.1694915254237275 93 4 3 14 2.413355064360576]
[1.265768631757778 'Spatial' 0.1268102632897359 0.036955332659798994
 0.3389830508474576 93 4 3 15 1.265768631757778]
[2.5549218734877677 'Spatial' 0.1268102632897359 0.036955332659798994
 5.915254237288135 93 4 3 16 2.5549218734877677]
[4.549535809892304 'Spatial' 0.1268102632897359 0.036955332659798994
 10.169491525423728 93 4 3 17 4.549535809892304]
[1.0617772588793748 'Spatial' 0.1268102632897359 0.036955332659798994
 2.864406779661017 93 4 3 18 1.0617772588793748]
[1.488453375245022 'Spatial' 0.1268102632897359 0.036955332659798994
 4.220338983050847 93 4 3 19 1.488453375245022]
[0.0 'Spatial' 0.1268102632897359 0.036955332659798994 0.0 93 4 5 0 0.0]
[4.050983235501418 'Spatial' 0.1268102632897359 0.036955332659798994
 3.644067796610169 93 4 5 1 4.050983235501418]
[4.008424471940682 'Spatial' 0.1268102632897359 0.036955332659798994
 5.423728813559322 93 4 5 2 4.008424471940682]
[4.228415698592524 'Spatial' 0.1268102632897359 0.036955332659798994
 10.169491525423728 93 4 5 3 4.228415698592524]
[3.4724192324893948 'Spatial' 0.1268102632897359 0.036955332659798994
 5.067796610169491 93 4 5 4 3.4724192324893948]
[3.1353255797091775 'Spatial' 0.1268102632897359 0.036955332659798994
 4.406779661016948 93 4 5 5 3.1353255797091775]
[3.4036509265532846 'Spatial' 0.1268102632897359 0.036955332659798994
 5.406779661016949 93 4 5 6 3.4036509265532846]
[3.3247231256735397 'Spatial' 0.1268102632897359 0.036955332659798994
 1.9152542372881354 93 4 5 7 3.3247231256735397]
[2.218331986170613 'Spatial' 0.1268102632897359 0.036955332659798994
 2.711864406779661 93 4 5 8 2.218331986170613]
[4.825291671369274 'Spatial' 0.1268102632897359 0.036955332659798994
 0.1694915254237288 93 4 5 9 4.825291671369274]
[4.823265742471806 'Spatial' 0.1268102632897359 0.036955332659798994
 0.1694915254237288 93 4 5 10 4.823265742471806]
[4.8212357006424185 'Spatial' 0.1268102632897359 0.036955332659798994
 0.1694915254237288 93 4 5 11 4.8212357006424185]
[3.0876935005665387 'Spatial' 0.1268102632897359 0.036955332659798994
 6.101694915254237 93 4 5 12 3.0876935005665387]
[1.263307429485256 'Spatial' 0.1268102632897359 0.036955332659798994
 1.3389830508474576 93 4 5 13 1.263307429485256]
[2.413355064360576 'Spatial' 0.1268102632897359 0.036955332659798994
 5.1694915254237275 93 4 5 14 2.413355064360576]
[1.265768631757778 'Spatial' 0.1268102632897359 0.036955332659798994
 0.3389830508474576 93 4 5 15 1.265768631757778]
[2.5549218734877677 'Spatial' 0.1268102632897359 0.036955332659798994
 5.915254237288135 93 4 5 16 2.5549218734877677]
[4.549535809892304 'Spatial' 0.1268102632897359 0.036955332659798994
 10.169491525423728 93 4 5 17 4.549535809892304]
[1.0617772588793748 'Spatial' 0.1268102632897359 0.036955332659798994
 2.864406779661017 93 4 5 18 1.0617772588793748]
[1.488453375245022 'Spatial' 0.1268102632897359 0.036955332659798994
 4.220338983050847 93 4 5 19 1.488453375245022]
[0.0 'Spatial' 0.1268102632897359 0.036955332659798994 0.0 93 4 6 0 0.0]
[4.050983235501418 'Spatial' 0.1268102632897359 0.036955332659798994
 3.644067796610169 93 4 6 1 4.050983235501418]
[4.008424471940682 'Spatial' 0.1268102632897359 0.036955332659798994
 5.423728813559322 93 4 6 2 4.008424471940682]
[4.228415698592524 'Spatial' 0.1268102632897359 0.036955332659798994
 10.169491525423728 93 4 6 3 4.228415698592524]
[3.4724192324893948 'Spatial' 0.1268102632897359 0.036955332659798994
 5.067796610169491 93 4 6 4 3.4724192324893948]
[3.1353255797091775 'Spatial' 0.1268102632897359 0.036955332659798994
 4.406779661016948 93 4 6 5 3.1353255797091775]
[3.4036509265532846 'Spatial' 0.1268102632897359 0.036955332659798994
 5.406779661016949 93 4 6 6 3.4036509265532846]
[3.3247231256735397 'Spatial' 0.1268102632897359 0.036955332659798994
 1.9152542372881354 93 4 6 7 3.3247231256735397]
[2.218331986170613 'Spatial' 0.1268102632897359 0.036955332659798994
 2.711864406779661 93 4 6 8 2.218331986170613]
[4.825291671369274 'Spatial' 0.1268102632897359 0.036955332659798994
 0.1694915254237288 93 4 6 9 4.825291671369274]
[4.823265742471806 'Spatial' 0.1268102632897359 0.036955332659798994
 0.1694915254237288 93 4 6 10 4.823265742471806]
[4.8212357006424185 'Spatial' 0.1268102632897359 0.036955332659798994
 0.1694915254237288 93 4 6 11 4.8212357006424185]
[3.0876935005665387 'Spatial' 0.1268102632897359 0.036955332659798994
 6.101694915254237 93 4 6 12 3.0876935005665387]
[1.263307429485256 'Spatial' 0.1268102632897359 0.036955332659798994
 1.3389830508474576 93 4 6 13 1.263307429485256]
[2.413355064360576 'Spatial' 0.1268102632897359 0.036955332659798994
 5.1694915254237275 93 4 6 14 2.413355064360576]
[1.265768631757778 'Spatial' 0.1268102632897359 0.036955332659798994
 0.3389830508474576 93 4 6 15 1.265768631757778]
[2.5549218734877677 'Spatial' 0.1268102632897359 0.036955332659798994
 5.915254237288135 93 4 6 16 2.5549218734877677]
[4.549535809892304 'Spatial' 0.1268102632897359 0.036955332659798994
 10.169491525423728 93 4 6 17 4.549535809892304]
[1.0617772588793748 'Spatial' 0.1268102632897359 0.036955332659798994
 2.864406779661017 93 4 6 18 1.0617772588793748]
[1.488453375245022 'Spatial' 0.1268102632897359 0.036955332659798994
 4.220338983050847 93 4 6 19 1.488453375245022]
[0.0 'Spatial' 0.1268102632897359 0.036955332659798994 0.0 93 4 7 0 0.0]
[4.050983235501418 'Spatial' 0.1268102632897359 0.036955332659798994
 3.644067796610169 93 4 7 1 4.050983235501418]
[4.008424471940682 'Spatial' 0.1268102632897359 0.036955332659798994
 5.423728813559322 93 4 7 2 4.008424471940682]
[4.228415698592524 'Spatial' 0.1268102632897359 0.036955332659798994
 10.169491525423728 93 4 7 3 4.228415698592524]
[3.4724192324893948 'Spatial' 0.1268102632897359 0.036955332659798994
 5.067796610169491 93 4 7 4 3.4724192324893948]
[3.1353255797091775 'Spatial' 0.1268102632897359 0.036955332659798994
 4.406779661016948 93 4 7 5 3.1353255797091775]
[3.4036509265532846 'Spatial' 0.1268102632897359 0.036955332659798994
 5.406779661016949 93 4 7 6 3.4036509265532846]
[3.3247231256735397 'Spatial' 0.1268102632897359 0.036955332659798994
 1.9152542372881354 93 4 7 7 3.3247231256735397]
[2.218331986170613 'Spatial' 0.1268102632897359 0.036955332659798994
 2.711864406779661 93 4 7 8 2.218331986170613]
[4.825291671369274 'Spatial' 0.1268102632897359 0.036955332659798994
 0.1694915254237288 93 4 7 9 4.825291671369274]
[4.823265742471806 'Spatial' 0.1268102632897359 0.036955332659798994
 0.1694915254237288 93 4 7 10 4.823265742471806]
[4.8212357006424185 'Spatial' 0.1268102632897359 0.036955332659798994
 0.1694915254237288 93 4 7 11 4.8212357006424185]
[3.0876935005665387 'Spatial' 0.1268102632897359 0.036955332659798994
 6.101694915254237 93 4 7 12 3.0876935005665387]
[1.263307429485256 'Spatial' 0.1268102632897359 0.036955332659798994
 1.3389830508474576 93 4 7 13 1.263307429485256]
[2.413355064360576 'Spatial' 0.1268102632897359 0.036955332659798994
 5.1694915254237275 93 4 7 14 2.413355064360576]
[1.265768631757778 'Spatial' 0.1268102632897359 0.036955332659798994
 0.3389830508474576 93 4 7 15 1.265768631757778]
[2.5549218734877677 'Spatial' 0.1268102632897359 0.036955332659798994
 5.915254237288135 93 4 7 16 2.5549218734877677]
[4.549535809892304 'Spatial' 0.1268102632897359 0.036955332659798994
 10.169491525423728 93 4 7 17 4.549535809892304]
[1.0617772588793748 'Spatial' 0.1268102632897359 0.036955332659798994
 2.864406779661017 93 4 7 18 1.0617772588793748]
[1.488453375245022 'Spatial' 0.1268102632897359 0.036955332659798994
 4.220338983050847 93 4 7 19 1.488453375245022]
[0.0 'Spatial' 0.1268102632897359 0.036955332659798994 0.0 93 4 8 0 0.0]
[4.050983235501418 'Spatial' 0.1268102632897359 0.036955332659798994
 3.644067796610169 93 4 8 1 4.050983235501418]
[4.008424471940682 'Spatial' 0.1268102632897359 0.036955332659798994
 5.423728813559322 93 4 8 2 4.008424471940682]
[4.228415698592524 'Spatial' 0.1268102632897359 0.036955332659798994
 10.169491525423728 93 4 8 3 4.228415698592524]
[3.4724192324893948 'Spatial' 0.1268102632897359 0.036955332659798994
 5.067796610169491 93 4 8 4 3.4724192324893948]
[3.1353255797091775 'Spatial' 0.1268102632897359 0.036955332659798994
 4.406779661016948 93 4 8 5 3.1353255797091775]
[3.4036509265532846 'Spatial' 0.1268102632897359 0.036955332659798994
 5.406779661016949 93 4 8 6 3.4036509265532846]
[3.3247231256735397 'Spatial' 0.1268102632897359 0.036955332659798994
 1.9152542372881354 93 4 8 7 3.3247231256735397]
[2.218331986170613 'Spatial' 0.1268102632897359 0.036955332659798994
 2.711864406779661 93 4 8 8 2.218331986170613]
[4.825291671369274 'Spatial' 0.1268102632897359 0.036955332659798994
 0.1694915254237288 93 4 8 9 4.825291671369274]
[4.823265742471806 'Spatial' 0.1268102632897359 0.036955332659798994
 0.1694915254237288 93 4 8 10 4.823265742471806]
[4.8212357006424185 'Spatial' 0.1268102632897359 0.036955332659798994
 0.1694915254237288 93 4 8 11 4.8212357006424185]
[3.0876935005665387 'Spatial' 0.1268102632897359 0.036955332659798994
 6.101694915254237 93 4 8 12 3.0876935005665387]
[1.263307429485256 'Spatial' 0.1268102632897359 0.036955332659798994
 1.3389830508474576 93 4 8 13 1.263307429485256]
[2.413355064360576 'Spatial' 0.1268102632897359 0.036955332659798994
 5.1694915254237275 93 4 8 14 2.413355064360576]
[1.265768631757778 'Spatial' 0.1268102632897359 0.036955332659798994
 0.3389830508474576 93 4 8 15 1.265768631757778]
[2.5549218734877677 'Spatial' 0.1268102632897359 0.036955332659798994
 5.915254237288135 93 4 8 16 2.5549218734877677]
[4.549535809892304 'Spatial' 0.1268102632897359 0.036955332659798994
 10.169491525423728 93 4 8 17 4.549535809892304]
[1.0617772588793748 'Spatial' 0.1268102632897359 0.036955332659798994
 2.864406779661017 93 4 8 18 1.0617772588793748]
[1.488453375245022 'Spatial' 0.1268102632897359 0.036955332659798994
 4.220338983050847 93 4 8 19 1.488453375245022]
