[0.0 'Conceptual' 0.07482025187688442 0.000575931090718128 0.0 21 6 0 0
 0.0]
[3.5591887582460875 'Conceptual' 0.07482025187688442 0.000575931090718128
 2.932203389830508 21 6 0 1 3.5591887582460875]
[4.329349848873274 'Conceptual' 0.07482025187688442 0.000575931090718128
 0.1694915254237288 21 6 0 2 4.329349848873274]
[0.3443390536488104 'Conceptual' 0.07482025187688442 0.000575931090718128
 0.1694915254237288 21 6 0 3 0.3443390536488104]
[2.464924113356065 'Conceptual' 0.07482025187688442 0.000575931090718128
 1.7796610169491525 21 6 0 4 2.464924113356065]
[0.006448021107217571 'Conceptual' 0.07482025187688442
 0.000575931090718128 0.1694915254237288 21 6 0 5 0.006448021107217571]
[3.146665321288409 'Conceptual' 0.07482025187688442 0.000575931090718128
 3.8983050847457625 21 6 0 6 3.146665321288409]
[4.598684003956283 'Conceptual' 0.07482025187688442 0.000575931090718128
 10.169491525423728 21 6 0 7 4.598684003956283]
[4.193092302598682 'Conceptual' 0.07482025187688442 0.000575931090718128
 10.169491525423728 21 6 0 8 4.193092302598682]
[2.685777128361734 'Conceptual' 0.07482025187688442 0.000575931090718128
 0.1694915254237288 21 6 0 9 2.685777128361734]
[0.017677241772837683 'Conceptual' 0.07482025187688442
 0.000575931090718128 0.1694915254237288 21 6 0 10 0.017677241772837683]
[0.0006409946088564117 'Conceptual' 0.07482025187688442
 0.000575931090718128 0.1694915254237288 21 6 0 11 0.0006409946088564117]
[0.0006298016333097749 'Conceptual' 0.07482025187688442
 0.000575931090718128 0.1694915254237288 21 6 0 12 0.0006298016333097749]
[0.0006298016333097749 'Conceptual' 0.07482025187688442
 0.000575931090718128 0.1694915254237288 21 6 0 13 0.0006298016333097749]
[0.0006298016333097749 'Conceptual' 0.07482025187688442
 0.000575931090718128 0.1694915254237288 21 6 0 14 0.0006298016333097749]
[0.0006298016333097749 'Conceptual' 0.07482025187688442
 0.000575931090718128 0.1694915254237288 21 6 0 15 0.0006298016333097749]
[0.0006298016333097749 'Conceptual' 0.07482025187688442
 0.000575931090718128 0.1694915254237288 21 6 0 16 0.0006298016333097749]
[0.0006298016333097749 'Conceptual' 0.07482025187688442
 0.000575931090718128 0.1694915254237288 21 6 0 17 0.0006298016333097749]
[0.0006298016333097749 'Conceptual' 0.07482025187688442
 0.000575931090718128 0.1694915254237288 21 6 0 18 0.0006298016333097749]
[0.0006298016333097749 'Conceptual' 0.07482025187688442
 0.000575931090718128 0.1694915254237288 21 6 0 19 0.0006298016333097749]
[0.0 'Conceptual' 0.07482025187688442 0.000575931090718128 0.0 21 6 1 0
 0.0]
[3.5591887582460875 'Conceptual' 0.07482025187688442 0.000575931090718128
 2.932203389830508 21 6 1 1 3.5591887582460875]
[4.329349848873274 'Conceptual' 0.07482025187688442 0.000575931090718128
 0.1694915254237288 21 6 1 2 4.329349848873274]
[0.3443390536488104 'Conceptual' 0.07482025187688442 0.000575931090718128
 0.1694915254237288 21 6 1 3 0.3443390536488104]
[2.464924113356065 'Conceptual' 0.07482025187688442 0.000575931090718128
 1.7796610169491525 21 6 1 4 2.464924113356065]
[0.006448021107217571 'Conceptual' 0.07482025187688442
 0.000575931090718128 0.1694915254237288 21 6 1 5 0.006448021107217571]
[3.146665321288409 'Conceptual' 0.07482025187688442 0.000575931090718128
 3.8983050847457625 21 6 1 6 3.146665321288409]
[4.598684003956283 'Conceptual' 0.07482025187688442 0.000575931090718128
 10.169491525423728 21 6 1 7 4.598684003956283]
[4.193092302598682 'Conceptual' 0.07482025187688442 0.000575931090718128
 10.169491525423728 21 6 1 8 4.193092302598682]
[2.685777128361734 'Conceptual' 0.07482025187688442 0.000575931090718128
 0.1694915254237288 21 6 1 9 2.685777128361734]
[0.017677241772837683 'Conceptual' 0.07482025187688442
 0.000575931090718128 0.1694915254237288 21 6 1 10 0.017677241772837683]
[0.0006409946088564117 'Conceptual' 0.07482025187688442
 0.000575931090718128 0.1694915254237288 21 6 1 11 0.0006409946088564117]
[0.0006298016333097749 'Conceptual' 0.07482025187688442
 0.000575931090718128 0.1694915254237288 21 6 1 12 0.0006298016333097749]
[0.0006298016333097749 'Conceptual' 0.07482025187688442
 0.000575931090718128 0.1694915254237288 21 6 1 13 0.0006298016333097749]
[0.0006298016333097749 'Conceptual' 0.07482025187688442
 0.000575931090718128 0.1694915254237288 21 6 1 14 0.0006298016333097749]
[0.0006298016333097749 'Conceptual' 0.07482025187688442
 0.000575931090718128 0.1694915254237288 21 6 1 15 0.0006298016333097749]
[0.0006298016333097749 'Conceptual' 0.07482025187688442
 0.000575931090718128 0.1694915254237288 21 6 1 16 0.0006298016333097749]
[0.0006298016333097749 'Conceptual' 0.07482025187688442
 0.000575931090718128 0.1694915254237288 21 6 1 17 0.0006298016333097749]
[0.0006298016333097749 'Conceptual' 0.07482025187688442
 0.000575931090718128 0.1694915254237288 21 6 1 18 0.0006298016333097749]
[0.0006298016333097749 'Conceptual' 0.07482025187688442
 0.000575931090718128 0.1694915254237288 21 6 1 19 0.0006298016333097749]
[0.0 'Conceptual' 0.07482025187688442 0.000575931090718128 0.0 21 6 2 0
 0.0]
[3.5591887582460875 'Conceptual' 0.07482025187688442 0.000575931090718128
 2.932203389830508 21 6 2 1 3.5591887582460875]
[4.329349848873274 'Conceptual' 0.07482025187688442 0.000575931090718128
 0.1694915254237288 21 6 2 2 4.329349848873274]
[0.3443390536488104 'Conceptual' 0.07482025187688442 0.000575931090718128
 0.1694915254237288 21 6 2 3 0.3443390536488104]
[2.464924113356065 'Conceptual' 0.07482025187688442 0.000575931090718128
 1.7796610169491525 21 6 2 4 2.464924113356065]
[0.006448021107217571 'Conceptual' 0.07482025187688442
 0.000575931090718128 0.1694915254237288 21 6 2 5 0.006448021107217571]
[3.146665321288409 'Conceptual' 0.07482025187688442 0.000575931090718128
 3.8983050847457625 21 6 2 6 3.146665321288409]
[4.598684003956283 'Conceptual' 0.07482025187688442 0.000575931090718128
 10.169491525423728 21 6 2 7 4.598684003956283]
[4.193092302598682 'Conceptual' 0.07482025187688442 0.000575931090718128
 10.169491525423728 21 6 2 8 4.193092302598682]
[2.685777128361734 'Conceptual' 0.07482025187688442 0.000575931090718128
 0.1694915254237288 21 6 2 9 2.685777128361734]
[0.017677241772837683 'Conceptual' 0.07482025187688442
 0.000575931090718128 0.1694915254237288 21 6 2 10 0.017677241772837683]
[0.0006409946088564117 'Conceptual' 0.07482025187688442
 0.000575931090718128 0.1694915254237288 21 6 2 11 0.0006409946088564117]
[0.0006298016333097749 'Conceptual' 0.07482025187688442
 0.000575931090718128 0.1694915254237288 21 6 2 12 0.0006298016333097749]
[0.0006298016333097749 'Conceptual' 0.07482025187688442
 0.000575931090718128 0.1694915254237288 21 6 2 13 0.0006298016333097749]
[0.0006298016333097749 'Conceptual' 0.07482025187688442
 0.000575931090718128 0.1694915254237288 21 6 2 14 0.0006298016333097749]
[0.0006298016333097749 'Conceptual' 0.07482025187688442
 0.000575931090718128 0.1694915254237288 21 6 2 15 0.0006298016333097749]
[0.0006298016333097749 'Conceptual' 0.07482025187688442
 0.000575931090718128 0.1694915254237288 21 6 2 16 0.0006298016333097749]
[0.0006298016333097749 'Conceptual' 0.07482025187688442
 0.000575931090718128 0.1694915254237288 21 6 2 17 0.0006298016333097749]
[0.0006298016333097749 'Conceptual' 0.07482025187688442
 0.000575931090718128 0.1694915254237288 21 6 2 18 0.0006298016333097749]
[0.0006298016333097749 'Conceptual' 0.07482025187688442
 0.000575931090718128 0.1694915254237288 21 6 2 19 0.0006298016333097749]
[0.0 'Conceptual' 0.07482025187688442 0.000575931090718128 0.0 21 6 3 0
 0.0]
[3.5591887582460875 'Conceptual' 0.07482025187688442 0.000575931090718128
 2.932203389830508 21 6 3 1 3.5591887582460875]
[4.329349848873274 'Conceptual' 0.07482025187688442 0.000575931090718128
 0.1694915254237288 21 6 3 2 4.329349848873274]
[0.3443390536488104 'Conceptual' 0.07482025187688442 0.000575931090718128
 0.1694915254237288 21 6 3 3 0.3443390536488104]
[2.464924113356065 'Conceptual' 0.07482025187688442 0.000575931090718128
 1.7796610169491525 21 6 3 4 2.464924113356065]
[0.006448021107217571 'Conceptual' 0.07482025187688442
 0.000575931090718128 0.1694915254237288 21 6 3 5 0.006448021107217571]
[3.146665321288409 'Conceptual' 0.07482025187688442 0.000575931090718128
 3.8983050847457625 21 6 3 6 3.146665321288409]
[4.598684003956283 'Conceptual' 0.07482025187688442 0.000575931090718128
 10.169491525423728 21 6 3 7 4.598684003956283]
[4.193092302598682 'Conceptual' 0.07482025187688442 0.000575931090718128
 10.169491525423728 21 6 3 8 4.193092302598682]
[2.685777128361734 'Conceptual' 0.07482025187688442 0.000575931090718128
 0.1694915254237288 21 6 3 9 2.685777128361734]
[0.017677241772837683 'Conceptual' 0.07482025187688442
 0.000575931090718128 0.1694915254237288 21 6 3 10 0.017677241772837683]
[0.0006409946088564117 'Conceptual' 0.07482025187688442
 0.000575931090718128 0.1694915254237288 21 6 3 11 0.0006409946088564117]
[0.0006298016333097749 'Conceptual' 0.07482025187688442
 0.000575931090718128 0.1694915254237288 21 6 3 12 0.0006298016333097749]
[0.0006298016333097749 'Conceptual' 0.07482025187688442
 0.000575931090718128 0.1694915254237288 21 6 3 13 0.0006298016333097749]
[0.0006298016333097749 'Conceptual' 0.07482025187688442
 0.000575931090718128 0.1694915254237288 21 6 3 14 0.0006298016333097749]
[0.0006298016333097749 'Conceptual' 0.07482025187688442
 0.000575931090718128 0.1694915254237288 21 6 3 15 0.0006298016333097749]
[0.0006298016333097749 'Conceptual' 0.07482025187688442
 0.000575931090718128 0.1694915254237288 21 6 3 16 0.0006298016333097749]
[0.0006298016333097749 'Conceptual' 0.07482025187688442
 0.000575931090718128 0.1694915254237288 21 6 3 17 0.0006298016333097749]
[0.0006298016333097749 'Conceptual' 0.07482025187688442
 0.000575931090718128 0.1694915254237288 21 6 3 18 0.0006298016333097749]
[0.0006298016333097749 'Conceptual' 0.07482025187688442
 0.000575931090718128 0.1694915254237288 21 6 3 19 0.0006298016333097749]
[0.0 'Conceptual' 0.07482025187688442 0.000575931090718128 0.0 21 6 4 0
 0.0]
[3.5591887582460875 'Conceptual' 0.07482025187688442 0.000575931090718128
 2.932203389830508 21 6 4 1 3.5591887582460875]
[4.329349848873274 'Conceptual' 0.07482025187688442 0.000575931090718128
 0.1694915254237288 21 6 4 2 4.329349848873274]
[0.3443390536488104 'Conceptual' 0.07482025187688442 0.000575931090718128
 0.1694915254237288 21 6 4 3 0.3443390536488104]
[2.464924113356065 'Conceptual' 0.07482025187688442 0.000575931090718128
 1.7796610169491525 21 6 4 4 2.464924113356065]
[0.006448021107217571 'Conceptual' 0.07482025187688442
 0.000575931090718128 0.1694915254237288 21 6 4 5 0.006448021107217571]
[3.146665321288409 'Conceptual' 0.07482025187688442 0.000575931090718128
 3.8983050847457625 21 6 4 6 3.146665321288409]
[4.598684003956283 'Conceptual' 0.07482025187688442 0.000575931090718128
 10.169491525423728 21 6 4 7 4.598684003956283]
[4.193092302598682 'Conceptual' 0.07482025187688442 0.000575931090718128
 10.169491525423728 21 6 4 8 4.193092302598682]
[2.685777128361734 'Conceptual' 0.07482025187688442 0.000575931090718128
 0.1694915254237288 21 6 4 9 2.685777128361734]
[0.017677241772837683 'Conceptual' 0.07482025187688442
 0.000575931090718128 0.1694915254237288 21 6 4 10 0.017677241772837683]
[0.0006409946088564117 'Conceptual' 0.07482025187688442
 0.000575931090718128 0.1694915254237288 21 6 4 11 0.0006409946088564117]
[0.0006298016333097749 'Conceptual' 0.07482025187688442
 0.000575931090718128 0.1694915254237288 21 6 4 12 0.0006298016333097749]
[0.0006298016333097749 'Conceptual' 0.07482025187688442
 0.000575931090718128 0.1694915254237288 21 6 4 13 0.0006298016333097749]
[0.0006298016333097749 'Conceptual' 0.07482025187688442
 0.000575931090718128 0.1694915254237288 21 6 4 14 0.0006298016333097749]
[0.0006298016333097749 'Conceptual' 0.07482025187688442
 0.000575931090718128 0.1694915254237288 21 6 4 15 0.0006298016333097749]
[0.0006298016333097749 'Conceptual' 0.07482025187688442
 0.000575931090718128 0.1694915254237288 21 6 4 16 0.0006298016333097749]
[0.0006298016333097749 'Conceptual' 0.07482025187688442
 0.000575931090718128 0.1694915254237288 21 6 4 17 0.0006298016333097749]
[0.0006298016333097749 'Conceptual' 0.07482025187688442
 0.000575931090718128 0.1694915254237288 21 6 4 18 0.0006298016333097749]
[0.0006298016333097749 'Conceptual' 0.07482025187688442
 0.000575931090718128 0.1694915254237288 21 6 4 19 0.0006298016333097749]
[0.0 'Conceptual' 0.07482025187688442 0.000575931090718128 0.0 21 6 5 0
 0.0]
[3.5591887582460875 'Conceptual' 0.07482025187688442 0.000575931090718128
 2.932203389830508 21 6 5 1 3.5591887582460875]
[4.329349848873274 'Conceptual' 0.07482025187688442 0.000575931090718128
 0.1694915254237288 21 6 5 2 4.329349848873274]
[0.3443390536488104 'Conceptual' 0.07482025187688442 0.000575931090718128
 0.1694915254237288 21 6 5 3 0.3443390536488104]
[2.464924113356065 'Conceptual' 0.07482025187688442 0.000575931090718128
 1.7796610169491525 21 6 5 4 2.464924113356065]
[0.006448021107217571 'Conceptual' 0.07482025187688442
 0.000575931090718128 0.1694915254237288 21 6 5 5 0.006448021107217571]
[3.146665321288409 'Conceptual' 0.07482025187688442 0.000575931090718128
 3.8983050847457625 21 6 5 6 3.146665321288409]
[4.598684003956283 'Conceptual' 0.07482025187688442 0.000575931090718128
 10.169491525423728 21 6 5 7 4.598684003956283]
[4.193092302598682 'Conceptual' 0.07482025187688442 0.000575931090718128
 10.169491525423728 21 6 5 8 4.193092302598682]
[2.685777128361734 'Conceptual' 0.07482025187688442 0.000575931090718128
 0.1694915254237288 21 6 5 9 2.685777128361734]
[0.017677241772837683 'Conceptual' 0.07482025187688442
 0.000575931090718128 0.1694915254237288 21 6 5 10 0.017677241772837683]
[0.0006409946088564117 'Conceptual' 0.07482025187688442
 0.000575931090718128 0.1694915254237288 21 6 5 11 0.0006409946088564117]
[0.0006298016333097749 'Conceptual' 0.07482025187688442
 0.000575931090718128 0.1694915254237288 21 6 5 12 0.0006298016333097749]
[0.0006298016333097749 'Conceptual' 0.07482025187688442
 0.000575931090718128 0.1694915254237288 21 6 5 13 0.0006298016333097749]
[0.0006298016333097749 'Conceptual' 0.07482025187688442
 0.000575931090718128 0.1694915254237288 21 6 5 14 0.0006298016333097749]
[0.0006298016333097749 'Conceptual' 0.07482025187688442
 0.000575931090718128 0.1694915254237288 21 6 5 15 0.0006298016333097749]
[0.0006298016333097749 'Conceptual' 0.07482025187688442
 0.000575931090718128 0.1694915254237288 21 6 5 16 0.0006298016333097749]
[0.0006298016333097749 'Conceptual' 0.07482025187688442
 0.000575931090718128 0.1694915254237288 21 6 5 17 0.0006298016333097749]
[0.0006298016333097749 'Conceptual' 0.07482025187688442
 0.000575931090718128 0.1694915254237288 21 6 5 18 0.0006298016333097749]
[0.0006298016333097749 'Conceptual' 0.07482025187688442
 0.000575931090718128 0.1694915254237288 21 6 5 19 0.0006298016333097749]
[0.0 'Conceptual' 0.07482025187688442 0.000575931090718128 0.0 21 6 7 0
 0.0]
[3.5591887582460875 'Conceptual' 0.07482025187688442 0.000575931090718128
 2.932203389830508 21 6 7 1 3.5591887582460875]
[4.329349848873274 'Conceptual' 0.07482025187688442 0.000575931090718128
 0.1694915254237288 21 6 7 2 4.329349848873274]
[0.3443390536488104 'Conceptual' 0.07482025187688442 0.000575931090718128
 0.1694915254237288 21 6 7 3 0.3443390536488104]
[2.464924113356065 'Conceptual' 0.07482025187688442 0.000575931090718128
 1.7796610169491525 21 6 7 4 2.464924113356065]
[0.006448021107217571 'Conceptual' 0.07482025187688442
 0.000575931090718128 0.1694915254237288 21 6 7 5 0.006448021107217571]
[3.146665321288409 'Conceptual' 0.07482025187688442 0.000575931090718128
 3.8983050847457625 21 6 7 6 3.146665321288409]
[4.598684003956283 'Conceptual' 0.07482025187688442 0.000575931090718128
 10.169491525423728 21 6 7 7 4.598684003956283]
[4.193092302598682 'Conceptual' 0.07482025187688442 0.000575931090718128
 10.169491525423728 21 6 7 8 4.193092302598682]
[2.685777128361734 'Conceptual' 0.07482025187688442 0.000575931090718128
 0.1694915254237288 21 6 7 9 2.685777128361734]
[0.017677241772837683 'Conceptual' 0.07482025187688442
 0.000575931090718128 0.1694915254237288 21 6 7 10 0.017677241772837683]
[0.0006409946088564117 'Conceptual' 0.07482025187688442
 0.000575931090718128 0.1694915254237288 21 6 7 11 0.0006409946088564117]
[0.0006298016333097749 'Conceptual' 0.07482025187688442
 0.000575931090718128 0.1694915254237288 21 6 7 12 0.0006298016333097749]
[0.0006298016333097749 'Conceptual' 0.07482025187688442
 0.000575931090718128 0.1694915254237288 21 6 7 13 0.0006298016333097749]
[0.0006298016333097749 'Conceptual' 0.07482025187688442
 0.000575931090718128 0.1694915254237288 21 6 7 14 0.0006298016333097749]
[0.0006298016333097749 'Conceptual' 0.07482025187688442
 0.000575931090718128 0.1694915254237288 21 6 7 15 0.0006298016333097749]
[0.0006298016333097749 'Conceptual' 0.07482025187688442
 0.000575931090718128 0.1694915254237288 21 6 7 16 0.0006298016333097749]
[0.0006298016333097749 'Conceptual' 0.07482025187688442
 0.000575931090718128 0.1694915254237288 21 6 7 17 0.0006298016333097749]
[0.0006298016333097749 'Conceptual' 0.07482025187688442
 0.000575931090718128 0.1694915254237288 21 6 7 18 0.0006298016333097749]
[0.0006298016333097749 'Conceptual' 0.07482025187688442
 0.000575931090718128 0.1694915254237288 21 6 7 19 0.0006298016333097749]
[0.0 'Conceptual' 0.07482025187688442 0.000575931090718128 0.0 21 6 8 0
 0.0]
[3.5591887582460875 'Conceptual' 0.07482025187688442 0.000575931090718128
 2.932203389830508 21 6 8 1 3.5591887582460875]
[4.329349848873274 'Conceptual' 0.07482025187688442 0.000575931090718128
 0.1694915254237288 21 6 8 2 4.329349848873274]
[0.3443390536488104 'Conceptual' 0.07482025187688442 0.000575931090718128
 0.1694915254237288 21 6 8 3 0.3443390536488104]
[2.464924113356065 'Conceptual' 0.07482025187688442 0.000575931090718128
 1.7796610169491525 21 6 8 4 2.464924113356065]
[0.006448021107217571 'Conceptual' 0.07482025187688442
 0.000575931090718128 0.1694915254237288 21 6 8 5 0.006448021107217571]
[3.146665321288409 'Conceptual' 0.07482025187688442 0.000575931090718128
 3.8983050847457625 21 6 8 6 3.146665321288409]
[4.598684003956283 'Conceptual' 0.07482025187688442 0.000575931090718128
 10.169491525423728 21 6 8 7 4.598684003956283]
[4.193092302598682 'Conceptual' 0.07482025187688442 0.000575931090718128
 10.169491525423728 21 6 8 8 4.193092302598682]
[2.685777128361734 'Conceptual' 0.07482025187688442 0.000575931090718128
 0.1694915254237288 21 6 8 9 2.685777128361734]
[0.017677241772837683 'Conceptual' 0.07482025187688442
 0.000575931090718128 0.1694915254237288 21 6 8 10 0.017677241772837683]
[0.0006409946088564117 'Conceptual' 0.07482025187688442
 0.000575931090718128 0.1694915254237288 21 6 8 11 0.0006409946088564117]
[0.0006298016333097749 'Conceptual' 0.07482025187688442
 0.000575931090718128 0.1694915254237288 21 6 8 12 0.0006298016333097749]
[0.0006298016333097749 'Conceptual' 0.07482025187688442
 0.000575931090718128 0.1694915254237288 21 6 8 13 0.0006298016333097749]
[0.0006298016333097749 'Conceptual' 0.07482025187688442
 0.000575931090718128 0.1694915254237288 21 6 8 14 0.0006298016333097749]
[0.0006298016333097749 'Conceptual' 0.07482025187688442
 0.000575931090718128 0.1694915254237288 21 6 8 15 0.0006298016333097749]
[0.0006298016333097749 'Conceptual' 0.07482025187688442
 0.000575931090718128 0.1694915254237288 21 6 8 16 0.0006298016333097749]
[0.0006298016333097749 'Conceptual' 0.07482025187688442
 0.000575931090718128 0.1694915254237288 21 6 8 17 0.0006298016333097749]
[0.0006298016333097749 'Conceptual' 0.07482025187688442
 0.000575931090718128 0.1694915254237288 21 6 8 18 0.0006298016333097749]
[0.0006298016333097749 'Conceptual' 0.07482025187688442
 0.000575931090718128 0.1694915254237288 21 6 8 19 0.0006298016333097749]
