[0.0 'Spatial' 1.6513801323029162 98.42604701356095 0.0 42 2 0 0 0.0]
[3.9073040558859686 'Spatial' 1.6513801323029162 98.42604701356095
 1.2372881355932202 42 2 0 1 3.9073040558859686]
[1.4622272085497037 'Spatial' 1.6513801323029162 98.42604701356095
 4.406779661016948 42 2 0 2 1.4622272085497037]
[2.861862957937126 'Spatial' 1.6513801323029162 98.42604701356095
 1.847457627118644 42 2 0 3 2.861862957937126]
[3.718920732233872 'Spatial' 1.6513801323029162 98.42604701356095
 0.8983050847457626 42 2 0 4 3.718920732233872]
[2.5847579270952785 'Spatial' 1.6513801323029162 98.42604701356095
 2.3728813559322033 42 2 0 5 2.5847579270952785]
[3.096333531428917 'Spatial' 1.6513801323029162 98.42604701356095
 1.1694915254237288 42 2 0 6 3.096333531428917]
[2.0721141052466305 'Spatial' 1.6513801323029162 98.42604701356095
 1.6101694915254237 42 2 0 7 2.0721141052466305]
[1.8060522820551397 'Spatial' 1.6513801323029162 98.42604701356095
 1.3559322033898304 42 2 0 8 1.8060522820551397]
[3.1866544867161646 'Spatial' 1.6513801323029162 98.42604701356095
 0.847457627118644 42 2 0 9 3.1866544867161646]
[2.8906366010006117 'Spatial' 1.6513801323029162 98.42604701356095
 1.694915254237288 42 2 0 10 2.8906366010006117]
[3.2607700320307687 'Spatial' 1.6513801323029162 98.42604701356095
 1.8644067796610169 42 2 0 11 3.2607700320307687]
[2.7819507945542687 'Spatial' 1.6513801323029162 98.42604701356095
 0.8305084745762711 42 2 0 12 2.7819507945542687]
[1.8662192204427916 'Spatial' 1.6513801323029162 98.42604701356095
 1.0677966101694913 42 2 0 13 1.8662192204427916]
[2.924137994409071 'Spatial' 1.6513801323029162 98.42604701356095
 0.8305084745762711 42 2 0 14 2.924137994409071]
[3.2089999781236833 'Spatial' 1.6513801323029162 98.42604701356095
 1.6101694915254237 42 2 0 15 3.2089999781236833]
[2.9975647818256594 'Spatial' 1.6513801323029162 98.42604701356095
 1.4406779661016949 42 2 0 16 2.9975647818256594]
[3.694893542162472 'Spatial' 1.6513801323029162 98.42604701356095
 1.847457627118644 42 2 0 17 3.694893542162472]
[3.558314853003373 'Spatial' 1.6513801323029162 98.42604701356095
 1.6101694915254237 42 2 0 18 3.558314853003373]
[1.796911156821206 'Spatial' 1.6513801323029162 98.42604701356095
 0.7288135593220338 42 2 0 19 1.796911156821206]
[0.0 'Spatial' 1.6513801323029162 98.42604701356095 0.0 42 2 1 0 0.0]
[3.9073040558859686 'Spatial' 1.6513801323029162 98.42604701356095
 1.2372881355932202 42 2 1 1 3.9073040558859686]
[1.4622272085497037 'Spatial' 1.6513801323029162 98.42604701356095
 4.406779661016948 42 2 1 2 1.4622272085497037]
[2.861862957937126 'Spatial' 1.6513801323029162 98.42604701356095
 1.847457627118644 42 2 1 3 2.861862957937126]
[3.718920732233872 'Spatial' 1.6513801323029162 98.42604701356095
 0.8983050847457626 42 2 1 4 3.718920732233872]
[2.5847579270952785 'Spatial' 1.6513801323029162 98.42604701356095
 2.3728813559322033 42 2 1 5 2.5847579270952785]
[3.096333531428917 'Spatial' 1.6513801323029162 98.42604701356095
 1.1694915254237288 42 2 1 6 3.096333531428917]
[2.0721141052466305 'Spatial' 1.6513801323029162 98.42604701356095
 1.6101694915254237 42 2 1 7 2.0721141052466305]
[1.8060522820551397 'Spatial' 1.6513801323029162 98.42604701356095
 1.3559322033898304 42 2 1 8 1.8060522820551397]
[3.1866544867161646 'Spatial' 1.6513801323029162 98.42604701356095
 0.847457627118644 42 2 1 9 3.1866544867161646]
[2.8906366010006117 'Spatial' 1.6513801323029162 98.42604701356095
 1.694915254237288 42 2 1 10 2.8906366010006117]
[3.2607700320307687 'Spatial' 1.6513801323029162 98.42604701356095
 1.8644067796610169 42 2 1 11 3.2607700320307687]
[2.7819507945542687 'Spatial' 1.6513801323029162 98.42604701356095
 0.8305084745762711 42 2 1 12 2.7819507945542687]
[1.8662192204427916 'Spatial' 1.6513801323029162 98.42604701356095
 1.0677966101694913 42 2 1 13 1.8662192204427916]
[2.924137994409071 'Spatial' 1.6513801323029162 98.42604701356095
 0.8305084745762711 42 2 1 14 2.924137994409071]
[3.2089999781236833 'Spatial' 1.6513801323029162 98.42604701356095
 1.6101694915254237 42 2 1 15 3.2089999781236833]
[2.9975647818256594 'Spatial' 1.6513801323029162 98.42604701356095
 1.4406779661016949 42 2 1 16 2.9975647818256594]
[3.694893542162472 'Spatial' 1.6513801323029162 98.42604701356095
 1.847457627118644 42 2 1 17 3.694893542162472]
[3.558314853003373 'Spatial' 1.6513801323029162 98.42604701356095
 1.6101694915254237 42 2 1 18 3.558314853003373]
[1.796911156821206 'Spatial' 1.6513801323029162 98.42604701356095
 0.7288135593220338 42 2 1 19 1.796911156821206]
[0.0 'Spatial' 1.6513801323029162 98.42604701356095 0.0 42 2 3 0 0.0]
[3.9073040558859686 'Spatial' 1.6513801323029162 98.42604701356095
 1.2372881355932202 42 2 3 1 3.9073040558859686]
[1.4622272085497037 'Spatial' 1.6513801323029162 98.42604701356095
 4.406779661016948 42 2 3 2 1.4622272085497037]
[2.861862957937126 'Spatial' 1.6513801323029162 98.42604701356095
 1.847457627118644 42 2 3 3 2.861862957937126]
[3.718920732233872 'Spatial' 1.6513801323029162 98.42604701356095
 0.8983050847457626 42 2 3 4 3.718920732233872]
[2.5847579270952785 'Spatial' 1.6513801323029162 98.42604701356095
 2.3728813559322033 42 2 3 5 2.5847579270952785]
[3.096333531428917 'Spatial' 1.6513801323029162 98.42604701356095
 1.1694915254237288 42 2 3 6 3.096333531428917]
[2.0721141052466305 'Spatial' 1.6513801323029162 98.42604701356095
 1.6101694915254237 42 2 3 7 2.0721141052466305]
[1.8060522820551397 'Spatial' 1.6513801323029162 98.42604701356095
 1.3559322033898304 42 2 3 8 1.8060522820551397]
[3.1866544867161646 'Spatial' 1.6513801323029162 98.42604701356095
 0.847457627118644 42 2 3 9 3.1866544867161646]
[2.8906366010006117 'Spatial' 1.6513801323029162 98.42604701356095
 1.694915254237288 42 2 3 10 2.8906366010006117]
[3.2607700320307687 'Spatial' 1.6513801323029162 98.42604701356095
 1.8644067796610169 42 2 3 11 3.2607700320307687]
[2.7819507945542687 'Spatial' 1.6513801323029162 98.42604701356095
 0.8305084745762711 42 2 3 12 2.7819507945542687]
[1.8662192204427916 'Spatial' 1.6513801323029162 98.42604701356095
 1.0677966101694913 42 2 3 13 1.8662192204427916]
[2.924137994409071 'Spatial' 1.6513801323029162 98.42604701356095
 0.8305084745762711 42 2 3 14 2.924137994409071]
[3.2089999781236833 'Spatial' 1.6513801323029162 98.42604701356095
 1.6101694915254237 42 2 3 15 3.2089999781236833]
[2.9975647818256594 'Spatial' 1.6513801323029162 98.42604701356095
 1.4406779661016949 42 2 3 16 2.9975647818256594]
[3.694893542162472 'Spatial' 1.6513801323029162 98.42604701356095
 1.847457627118644 42 2 3 17 3.694893542162472]
[3.558314853003373 'Spatial' 1.6513801323029162 98.42604701356095
 1.6101694915254237 42 2 3 18 3.558314853003373]
[1.796911156821206 'Spatial' 1.6513801323029162 98.42604701356095
 0.7288135593220338 42 2 3 19 1.796911156821206]
[0.0 'Spatial' 1.6513801323029162 98.42604701356095 0.0 42 2 4 0 0.0]
[3.9073040558859686 'Spatial' 1.6513801323029162 98.42604701356095
 1.2372881355932202 42 2 4 1 3.9073040558859686]
[1.4622272085497037 'Spatial' 1.6513801323029162 98.42604701356095
 4.406779661016948 42 2 4 2 1.4622272085497037]
[2.861862957937126 'Spatial' 1.6513801323029162 98.42604701356095
 1.847457627118644 42 2 4 3 2.861862957937126]
[3.718920732233872 'Spatial' 1.6513801323029162 98.42604701356095
 0.8983050847457626 42 2 4 4 3.718920732233872]
[2.5847579270952785 'Spatial' 1.6513801323029162 98.42604701356095
 2.3728813559322033 42 2 4 5 2.5847579270952785]
[3.096333531428917 'Spatial' 1.6513801323029162 98.42604701356095
 1.1694915254237288 42 2 4 6 3.096333531428917]
[2.0721141052466305 'Spatial' 1.6513801323029162 98.42604701356095
 1.6101694915254237 42 2 4 7 2.0721141052466305]
[1.8060522820551397 'Spatial' 1.6513801323029162 98.42604701356095
 1.3559322033898304 42 2 4 8 1.8060522820551397]
[3.1866544867161646 'Spatial' 1.6513801323029162 98.42604701356095
 0.847457627118644 42 2 4 9 3.1866544867161646]
[2.8906366010006117 'Spatial' 1.6513801323029162 98.42604701356095
 1.694915254237288 42 2 4 10 2.8906366010006117]
[3.2607700320307687 'Spatial' 1.6513801323029162 98.42604701356095
 1.8644067796610169 42 2 4 11 3.2607700320307687]
[2.7819507945542687 'Spatial' 1.6513801323029162 98.42604701356095
 0.8305084745762711 42 2 4 12 2.7819507945542687]
[1.8662192204427916 'Spatial' 1.6513801323029162 98.42604701356095
 1.0677966101694913 42 2 4 13 1.8662192204427916]
[2.924137994409071 'Spatial' 1.6513801323029162 98.42604701356095
 0.8305084745762711 42 2 4 14 2.924137994409071]
[3.2089999781236833 'Spatial' 1.6513801323029162 98.42604701356095
 1.6101694915254237 42 2 4 15 3.2089999781236833]
[2.9975647818256594 'Spatial' 1.6513801323029162 98.42604701356095
 1.4406779661016949 42 2 4 16 2.9975647818256594]
[3.694893542162472 'Spatial' 1.6513801323029162 98.42604701356095
 1.847457627118644 42 2 4 17 3.694893542162472]
[3.558314853003373 'Spatial' 1.6513801323029162 98.42604701356095
 1.6101694915254237 42 2 4 18 3.558314853003373]
[1.796911156821206 'Spatial' 1.6513801323029162 98.42604701356095
 0.7288135593220338 42 2 4 19 1.796911156821206]
[0.0 'Spatial' 1.6513801323029162 98.42604701356095 0.0 42 2 5 0 0.0]
[3.9073040558859686 'Spatial' 1.6513801323029162 98.42604701356095
 1.2372881355932202 42 2 5 1 3.9073040558859686]
[1.4622272085497037 'Spatial' 1.6513801323029162 98.42604701356095
 4.406779661016948 42 2 5 2 1.4622272085497037]
[2.861862957937126 'Spatial' 1.6513801323029162 98.42604701356095
 1.847457627118644 42 2 5 3 2.861862957937126]
[3.718920732233872 'Spatial' 1.6513801323029162 98.42604701356095
 0.8983050847457626 42 2 5 4 3.718920732233872]
[2.5847579270952785 'Spatial' 1.6513801323029162 98.42604701356095
 2.3728813559322033 42 2 5 5 2.5847579270952785]
[3.096333531428917 'Spatial' 1.6513801323029162 98.42604701356095
 1.1694915254237288 42 2 5 6 3.096333531428917]
[2.0721141052466305 'Spatial' 1.6513801323029162 98.42604701356095
 1.6101694915254237 42 2 5 7 2.0721141052466305]
[1.8060522820551397 'Spatial' 1.6513801323029162 98.42604701356095
 1.3559322033898304 42 2 5 8 1.8060522820551397]
[3.1866544867161646 'Spatial' 1.6513801323029162 98.42604701356095
 0.847457627118644 42 2 5 9 3.1866544867161646]
[2.8906366010006117 'Spatial' 1.6513801323029162 98.42604701356095
 1.694915254237288 42 2 5 10 2.8906366010006117]
[3.2607700320307687 'Spatial' 1.6513801323029162 98.42604701356095
 1.8644067796610169 42 2 5 11 3.2607700320307687]
[2.7819507945542687 'Spatial' 1.6513801323029162 98.42604701356095
 0.8305084745762711 42 2 5 12 2.7819507945542687]
[1.8662192204427916 'Spatial' 1.6513801323029162 98.42604701356095
 1.0677966101694913 42 2 5 13 1.8662192204427916]
[2.924137994409071 'Spatial' 1.6513801323029162 98.42604701356095
 0.8305084745762711 42 2 5 14 2.924137994409071]
[3.2089999781236833 'Spatial' 1.6513801323029162 98.42604701356095
 1.6101694915254237 42 2 5 15 3.2089999781236833]
[2.9975647818256594 'Spatial' 1.6513801323029162 98.42604701356095
 1.4406779661016949 42 2 5 16 2.9975647818256594]
[3.694893542162472 'Spatial' 1.6513801323029162 98.42604701356095
 1.847457627118644 42 2 5 17 3.694893542162472]
[3.558314853003373 'Spatial' 1.6513801323029162 98.42604701356095
 1.6101694915254237 42 2 5 18 3.558314853003373]
[1.796911156821206 'Spatial' 1.6513801323029162 98.42604701356095
 0.7288135593220338 42 2 5 19 1.796911156821206]
[0.0 'Spatial' 1.6513801323029162 98.42604701356095 0.0 42 2 6 0 0.0]
[3.9073040558859686 'Spatial' 1.6513801323029162 98.42604701356095
 1.2372881355932202 42 2 6 1 3.9073040558859686]
[1.4622272085497037 'Spatial' 1.6513801323029162 98.42604701356095
 4.406779661016948 42 2 6 2 1.4622272085497037]
[2.861862957937126 'Spatial' 1.6513801323029162 98.42604701356095
 1.847457627118644 42 2 6 3 2.861862957937126]
[3.718920732233872 'Spatial' 1.6513801323029162 98.42604701356095
 0.8983050847457626 42 2 6 4 3.718920732233872]
[2.5847579270952785 'Spatial' 1.6513801323029162 98.42604701356095
 2.3728813559322033 42 2 6 5 2.5847579270952785]
[3.096333531428917 'Spatial' 1.6513801323029162 98.42604701356095
 1.1694915254237288 42 2 6 6 3.096333531428917]
[2.0721141052466305 'Spatial' 1.6513801323029162 98.42604701356095
 1.6101694915254237 42 2 6 7 2.0721141052466305]
[1.8060522820551397 'Spatial' 1.6513801323029162 98.42604701356095
 1.3559322033898304 42 2 6 8 1.8060522820551397]
[3.1866544867161646 'Spatial' 1.6513801323029162 98.42604701356095
 0.847457627118644 42 2 6 9 3.1866544867161646]
[2.8906366010006117 'Spatial' 1.6513801323029162 98.42604701356095
 1.694915254237288 42 2 6 10 2.8906366010006117]
[3.2607700320307687 'Spatial' 1.6513801323029162 98.42604701356095
 1.8644067796610169 42 2 6 11 3.2607700320307687]
[2.7819507945542687 'Spatial' 1.6513801323029162 98.42604701356095
 0.8305084745762711 42 2 6 12 2.7819507945542687]
[1.8662192204427916 'Spatial' 1.6513801323029162 98.42604701356095
 1.0677966101694913 42 2 6 13 1.8662192204427916]
[2.924137994409071 'Spatial' 1.6513801323029162 98.42604701356095
 0.8305084745762711 42 2 6 14 2.924137994409071]
[3.2089999781236833 'Spatial' 1.6513801323029162 98.42604701356095
 1.6101694915254237 42 2 6 15 3.2089999781236833]
[2.9975647818256594 'Spatial' 1.6513801323029162 98.42604701356095
 1.4406779661016949 42 2 6 16 2.9975647818256594]
[3.694893542162472 'Spatial' 1.6513801323029162 98.42604701356095
 1.847457627118644 42 2 6 17 3.694893542162472]
[3.558314853003373 'Spatial' 1.6513801323029162 98.42604701356095
 1.6101694915254237 42 2 6 18 3.558314853003373]
[1.796911156821206 'Spatial' 1.6513801323029162 98.42604701356095
 0.7288135593220338 42 2 6 19 1.796911156821206]
[0.0 'Spatial' 1.6513801323029162 98.42604701356095 0.0 42 2 7 0 0.0]
[3.9073040558859686 'Spatial' 1.6513801323029162 98.42604701356095
 1.2372881355932202 42 2 7 1 3.9073040558859686]
[1.4622272085497037 'Spatial' 1.6513801323029162 98.42604701356095
 4.406779661016948 42 2 7 2 1.4622272085497037]
[2.861862957937126 'Spatial' 1.6513801323029162 98.42604701356095
 1.847457627118644 42 2 7 3 2.861862957937126]
[3.718920732233872 'Spatial' 1.6513801323029162 98.42604701356095
 0.8983050847457626 42 2 7 4 3.718920732233872]
[2.5847579270952785 'Spatial' 1.6513801323029162 98.42604701356095
 2.3728813559322033 42 2 7 5 2.5847579270952785]
[3.096333531428917 'Spatial' 1.6513801323029162 98.42604701356095
 1.1694915254237288 42 2 7 6 3.096333531428917]
[2.0721141052466305 'Spatial' 1.6513801323029162 98.42604701356095
 1.6101694915254237 42 2 7 7 2.0721141052466305]
[1.8060522820551397 'Spatial' 1.6513801323029162 98.42604701356095
 1.3559322033898304 42 2 7 8 1.8060522820551397]
[3.1866544867161646 'Spatial' 1.6513801323029162 98.42604701356095
 0.847457627118644 42 2 7 9 3.1866544867161646]
[2.8906366010006117 'Spatial' 1.6513801323029162 98.42604701356095
 1.694915254237288 42 2 7 10 2.8906366010006117]
[3.2607700320307687 'Spatial' 1.6513801323029162 98.42604701356095
 1.8644067796610169 42 2 7 11 3.2607700320307687]
[2.7819507945542687 'Spatial' 1.6513801323029162 98.42604701356095
 0.8305084745762711 42 2 7 12 2.7819507945542687]
[1.8662192204427916 'Spatial' 1.6513801323029162 98.42604701356095
 1.0677966101694913 42 2 7 13 1.8662192204427916]
[2.924137994409071 'Spatial' 1.6513801323029162 98.42604701356095
 0.8305084745762711 42 2 7 14 2.924137994409071]
[3.2089999781236833 'Spatial' 1.6513801323029162 98.42604701356095
 1.6101694915254237 42 2 7 15 3.2089999781236833]
[2.9975647818256594 'Spatial' 1.6513801323029162 98.42604701356095
 1.4406779661016949 42 2 7 16 2.9975647818256594]
[3.694893542162472 'Spatial' 1.6513801323029162 98.42604701356095
 1.847457627118644 42 2 7 17 3.694893542162472]
[3.558314853003373 'Spatial' 1.6513801323029162 98.42604701356095
 1.6101694915254237 42 2 7 18 3.558314853003373]
[1.796911156821206 'Spatial' 1.6513801323029162 98.42604701356095
 0.7288135593220338 42 2 7 19 1.796911156821206]
[0.0 'Spatial' 1.6513801323029162 98.42604701356095 0.0 42 2 8 0 0.0]
[3.9073040558859686 'Spatial' 1.6513801323029162 98.42604701356095
 1.2372881355932202 42 2 8 1 3.9073040558859686]
[1.4622272085497037 'Spatial' 1.6513801323029162 98.42604701356095
 4.406779661016948 42 2 8 2 1.4622272085497037]
[2.861862957937126 'Spatial' 1.6513801323029162 98.42604701356095
 1.847457627118644 42 2 8 3 2.861862957937126]
[3.718920732233872 'Spatial' 1.6513801323029162 98.42604701356095
 0.8983050847457626 42 2 8 4 3.718920732233872]
[2.5847579270952785 'Spatial' 1.6513801323029162 98.42604701356095
 2.3728813559322033 42 2 8 5 2.5847579270952785]
[3.096333531428917 'Spatial' 1.6513801323029162 98.42604701356095
 1.1694915254237288 42 2 8 6 3.096333531428917]
[2.0721141052466305 'Spatial' 1.6513801323029162 98.42604701356095
 1.6101694915254237 42 2 8 7 2.0721141052466305]
[1.8060522820551397 'Spatial' 1.6513801323029162 98.42604701356095
 1.3559322033898304 42 2 8 8 1.8060522820551397]
[3.1866544867161646 'Spatial' 1.6513801323029162 98.42604701356095
 0.847457627118644 42 2 8 9 3.1866544867161646]
[2.8906366010006117 'Spatial' 1.6513801323029162 98.42604701356095
 1.694915254237288 42 2 8 10 2.8906366010006117]
[3.2607700320307687 'Spatial' 1.6513801323029162 98.42604701356095
 1.8644067796610169 42 2 8 11 3.2607700320307687]
[2.7819507945542687 'Spatial' 1.6513801323029162 98.42604701356095
 0.8305084745762711 42 2 8 12 2.7819507945542687]
[1.8662192204427916 'Spatial' 1.6513801323029162 98.42604701356095
 1.0677966101694913 42 2 8 13 1.8662192204427916]
[2.924137994409071 'Spatial' 1.6513801323029162 98.42604701356095
 0.8305084745762711 42 2 8 14 2.924137994409071]
[3.2089999781236833 'Spatial' 1.6513801323029162 98.42604701356095
 1.6101694915254237 42 2 8 15 3.2089999781236833]
[2.9975647818256594 'Spatial' 1.6513801323029162 98.42604701356095
 1.4406779661016949 42 2 8 16 2.9975647818256594]
[3.694893542162472 'Spatial' 1.6513801323029162 98.42604701356095
 1.847457627118644 42 2 8 17 3.694893542162472]
[3.558314853003373 'Spatial' 1.6513801323029162 98.42604701356095
 1.6101694915254237 42 2 8 18 3.558314853003373]
[1.796911156821206 'Spatial' 1.6513801323029162 98.42604701356095
 0.7288135593220338 42 2 8 19 1.796911156821206]
