[0.0 'Conceptual' 5.85891719860688 72.36897188203146 0.0 120 3 0 0 0.0]
[1.9997022140203675 'Conceptual' 5.85891719860688 72.36897188203146
 10.169491525423728 120 3 0 1 1.9997022140203675]
[3.414745559871942 'Conceptual' 5.85891719860688 72.36897188203146
 6.949152542372881 120 3 0 2 3.414745559871942]
[2.3320719613462715 'Conceptual' 5.85891719860688 72.36897188203146
 4.0508474576271185 120 3 0 3 2.3320719613462715]
[2.047174919367141 'Conceptual' 5.85891719860688 72.36897188203146
 3.8813559322033897 120 3 0 4 2.047174919367141]
[2.950708337987017 'Conceptual' 5.85891719860688 72.36897188203146
 3.9830508474576267 120 3 0 5 2.950708337987017]
[3.8264471219695184 'Conceptual' 5.85891719860688 72.36897188203146
 0.8983050847457626 120 3 0 6 3.8264471219695184]
[2.590532021394007 'Conceptual' 5.85891719860688 72.36897188203146
 2.3559322033898304 120 3 0 7 2.590532021394007]
[3.200446471309626 'Conceptual' 5.85891719860688 72.36897188203146
 2.8813559322033897 120 3 0 8 3.200446471309626]
[3.4454728956553122 'Conceptual' 5.85891719860688 72.36897188203146
 3.1355932203389827 120 3 0 9 3.4454728956553122]
[1.8899165858995097 'Conceptual' 5.85891719860688 72.36897188203146
 1.5762711864406778 120 3 0 10 1.8899165858995097]
[3.544776460034367 'Conceptual' 5.85891719860688 72.36897188203146
 0.847457627118644 120 3 0 11 3.544776460034367]
[3.2613506395198777 'Conceptual' 5.85891719860688 72.36897188203146
 2.2881355932203387 120 3 0 12 3.2613506395198777]
[2.058275822498618 'Conceptual' 5.85891719860688 72.36897188203146
 1.3559322033898304 120 3 0 13 2.058275822498618]
[2.5583345925251493 'Conceptual' 5.85891719860688 72.36897188203146
 1.4406779661016949 120 3 0 14 2.5583345925251493]
[2.911825163601287 'Conceptual' 5.85891719860688 72.36897188203146
 1.6779661016949152 120 3 0 15 2.911825163601287]
[2.820125838432563 'Conceptual' 5.85891719860688 72.36897188203146
 1.5084745762711864 120 3 0 16 2.820125838432563]
[3.611970273474563 'Conceptual' 5.85891719860688 72.36897188203146
 2.5254237288135593 120 3 0 17 3.611970273474563]
[3.841678697833844 'Conceptual' 5.85891719860688 72.36897188203146
 2.796610169491525 120 3 0 18 3.841678697833844]
[2.5364572920780897 'Conceptual' 5.85891719860688 72.36897188203146
 1.1864406779661016 120 3 0 19 2.5364572920780897]
[0.0 'Conceptual' 5.85891719860688 72.36897188203146 0.0 120 3 1 0 0.0]
[1.9997022140203675 'Conceptual' 5.85891719860688 72.36897188203146
 10.169491525423728 120 3 1 1 1.9997022140203675]
[3.414745559871942 'Conceptual' 5.85891719860688 72.36897188203146
 6.949152542372881 120 3 1 2 3.414745559871942]
[2.3320719613462715 'Conceptual' 5.85891719860688 72.36897188203146
 4.0508474576271185 120 3 1 3 2.3320719613462715]
[2.047174919367141 'Conceptual' 5.85891719860688 72.36897188203146
 3.8813559322033897 120 3 1 4 2.047174919367141]
[2.950708337987017 'Conceptual' 5.85891719860688 72.36897188203146
 3.9830508474576267 120 3 1 5 2.950708337987017]
[3.8264471219695184 'Conceptual' 5.85891719860688 72.36897188203146
 0.8983050847457626 120 3 1 6 3.8264471219695184]
[2.590532021394007 'Conceptual' 5.85891719860688 72.36897188203146
 2.3559322033898304 120 3 1 7 2.590532021394007]
[3.200446471309626 'Conceptual' 5.85891719860688 72.36897188203146
 2.8813559322033897 120 3 1 8 3.200446471309626]
[3.4454728956553122 'Conceptual' 5.85891719860688 72.36897188203146
 3.1355932203389827 120 3 1 9 3.4454728956553122]
[1.8899165858995097 'Conceptual' 5.85891719860688 72.36897188203146
 1.5762711864406778 120 3 1 10 1.8899165858995097]
[3.544776460034367 'Conceptual' 5.85891719860688 72.36897188203146
 0.847457627118644 120 3 1 11 3.544776460034367]
[3.2613506395198777 'Conceptual' 5.85891719860688 72.36897188203146
 2.2881355932203387 120 3 1 12 3.2613506395198777]
[2.058275822498618 'Conceptual' 5.85891719860688 72.36897188203146
 1.3559322033898304 120 3 1 13 2.058275822498618]
[2.5583345925251493 'Conceptual' 5.85891719860688 72.36897188203146
 1.4406779661016949 120 3 1 14 2.5583345925251493]
[2.911825163601287 'Conceptual' 5.85891719860688 72.36897188203146
 1.6779661016949152 120 3 1 15 2.911825163601287]
[2.820125838432563 'Conceptual' 5.85891719860688 72.36897188203146
 1.5084745762711864 120 3 1 16 2.820125838432563]
[3.611970273474563 'Conceptual' 5.85891719860688 72.36897188203146
 2.5254237288135593 120 3 1 17 3.611970273474563]
[3.841678697833844 'Conceptual' 5.85891719860688 72.36897188203146
 2.796610169491525 120 3 1 18 3.841678697833844]
[2.5364572920780897 'Conceptual' 5.85891719860688 72.36897188203146
 1.1864406779661016 120 3 1 19 2.5364572920780897]
[0.0 'Conceptual' 5.85891719860688 72.36897188203146 0.0 120 3 2 0 0.0]
[1.9997022140203675 'Conceptual' 5.85891719860688 72.36897188203146
 10.169491525423728 120 3 2 1 1.9997022140203675]
[3.414745559871942 'Conceptual' 5.85891719860688 72.36897188203146
 6.949152542372881 120 3 2 2 3.414745559871942]
[2.3320719613462715 'Conceptual' 5.85891719860688 72.36897188203146
 4.0508474576271185 120 3 2 3 2.3320719613462715]
[2.047174919367141 'Conceptual' 5.85891719860688 72.36897188203146
 3.8813559322033897 120 3 2 4 2.047174919367141]
[2.950708337987017 'Conceptual' 5.85891719860688 72.36897188203146
 3.9830508474576267 120 3 2 5 2.950708337987017]
[3.8264471219695184 'Conceptual' 5.85891719860688 72.36897188203146
 0.8983050847457626 120 3 2 6 3.8264471219695184]
[2.590532021394007 'Conceptual' 5.85891719860688 72.36897188203146
 2.3559322033898304 120 3 2 7 2.590532021394007]
[3.200446471309626 'Conceptual' 5.85891719860688 72.36897188203146
 2.8813559322033897 120 3 2 8 3.200446471309626]
[3.4454728956553122 'Conceptual' 5.85891719860688 72.36897188203146
 3.1355932203389827 120 3 2 9 3.4454728956553122]
[1.8899165858995097 'Conceptual' 5.85891719860688 72.36897188203146
 1.5762711864406778 120 3 2 10 1.8899165858995097]
[3.544776460034367 'Conceptual' 5.85891719860688 72.36897188203146
 0.847457627118644 120 3 2 11 3.544776460034367]
[3.2613506395198777 'Conceptual' 5.85891719860688 72.36897188203146
 2.2881355932203387 120 3 2 12 3.2613506395198777]
[2.058275822498618 'Conceptual' 5.85891719860688 72.36897188203146
 1.3559322033898304 120 3 2 13 2.058275822498618]
[2.5583345925251493 'Conceptual' 5.85891719860688 72.36897188203146
 1.4406779661016949 120 3 2 14 2.5583345925251493]
[2.911825163601287 'Conceptual' 5.85891719860688 72.36897188203146
 1.6779661016949152 120 3 2 15 2.911825163601287]
[2.820125838432563 'Conceptual' 5.85891719860688 72.36897188203146
 1.5084745762711864 120 3 2 16 2.820125838432563]
[3.611970273474563 'Conceptual' 5.85891719860688 72.36897188203146
 2.5254237288135593 120 3 2 17 3.611970273474563]
[3.841678697833844 'Conceptual' 5.85891719860688 72.36897188203146
 2.796610169491525 120 3 2 18 3.841678697833844]
[2.5364572920780897 'Conceptual' 5.85891719860688 72.36897188203146
 1.1864406779661016 120 3 2 19 2.5364572920780897]
[0.0 'Conceptual' 5.85891719860688 72.36897188203146 0.0 120 3 4 0 0.0]
[1.9997022140203675 'Conceptual' 5.85891719860688 72.36897188203146
 10.169491525423728 120 3 4 1 1.9997022140203675]
[3.414745559871942 'Conceptual' 5.85891719860688 72.36897188203146
 6.949152542372881 120 3 4 2 3.414745559871942]
[2.3320719613462715 'Conceptual' 5.85891719860688 72.36897188203146
 4.0508474576271185 120 3 4 3 2.3320719613462715]
[2.047174919367141 'Conceptual' 5.85891719860688 72.36897188203146
 3.8813559322033897 120 3 4 4 2.047174919367141]
[2.950708337987017 'Conceptual' 5.85891719860688 72.36897188203146
 3.9830508474576267 120 3 4 5 2.950708337987017]
[3.8264471219695184 'Conceptual' 5.85891719860688 72.36897188203146
 0.8983050847457626 120 3 4 6 3.8264471219695184]
[2.590532021394007 'Conceptual' 5.85891719860688 72.36897188203146
 2.3559322033898304 120 3 4 7 2.590532021394007]
[3.200446471309626 'Conceptual' 5.85891719860688 72.36897188203146
 2.8813559322033897 120 3 4 8 3.200446471309626]
[3.4454728956553122 'Conceptual' 5.85891719860688 72.36897188203146
 3.1355932203389827 120 3 4 9 3.4454728956553122]
[1.8899165858995097 'Conceptual' 5.85891719860688 72.36897188203146
 1.5762711864406778 120 3 4 10 1.8899165858995097]
[3.544776460034367 'Conceptual' 5.85891719860688 72.36897188203146
 0.847457627118644 120 3 4 11 3.544776460034367]
[3.2613506395198777 'Conceptual' 5.85891719860688 72.36897188203146
 2.2881355932203387 120 3 4 12 3.2613506395198777]
[2.058275822498618 'Conceptual' 5.85891719860688 72.36897188203146
 1.3559322033898304 120 3 4 13 2.058275822498618]
[2.5583345925251493 'Conceptual' 5.85891719860688 72.36897188203146
 1.4406779661016949 120 3 4 14 2.5583345925251493]
[2.911825163601287 'Conceptual' 5.85891719860688 72.36897188203146
 1.6779661016949152 120 3 4 15 2.911825163601287]
[2.820125838432563 'Conceptual' 5.85891719860688 72.36897188203146
 1.5084745762711864 120 3 4 16 2.820125838432563]
[3.611970273474563 'Conceptual' 5.85891719860688 72.36897188203146
 2.5254237288135593 120 3 4 17 3.611970273474563]
[3.841678697833844 'Conceptual' 5.85891719860688 72.36897188203146
 2.796610169491525 120 3 4 18 3.841678697833844]
[2.5364572920780897 'Conceptual' 5.85891719860688 72.36897188203146
 1.1864406779661016 120 3 4 19 2.5364572920780897]
[0.0 'Conceptual' 5.85891719860688 72.36897188203146 0.0 120 3 5 0 0.0]
[1.9997022140203675 'Conceptual' 5.85891719860688 72.36897188203146
 10.169491525423728 120 3 5 1 1.9997022140203675]
[3.414745559871942 'Conceptual' 5.85891719860688 72.36897188203146
 6.949152542372881 120 3 5 2 3.414745559871942]
[2.3320719613462715 'Conceptual' 5.85891719860688 72.36897188203146
 4.0508474576271185 120 3 5 3 2.3320719613462715]
[2.047174919367141 'Conceptual' 5.85891719860688 72.36897188203146
 3.8813559322033897 120 3 5 4 2.047174919367141]
[2.950708337987017 'Conceptual' 5.85891719860688 72.36897188203146
 3.9830508474576267 120 3 5 5 2.950708337987017]
[3.8264471219695184 'Conceptual' 5.85891719860688 72.36897188203146
 0.8983050847457626 120 3 5 6 3.8264471219695184]
[2.590532021394007 'Conceptual' 5.85891719860688 72.36897188203146
 2.3559322033898304 120 3 5 7 2.590532021394007]
[3.200446471309626 'Conceptual' 5.85891719860688 72.36897188203146
 2.8813559322033897 120 3 5 8 3.200446471309626]
[3.4454728956553122 'Conceptual' 5.85891719860688 72.36897188203146
 3.1355932203389827 120 3 5 9 3.4454728956553122]
[1.8899165858995097 'Conceptual' 5.85891719860688 72.36897188203146
 1.5762711864406778 120 3 5 10 1.8899165858995097]
[3.544776460034367 'Conceptual' 5.85891719860688 72.36897188203146
 0.847457627118644 120 3 5 11 3.544776460034367]
[3.2613506395198777 'Conceptual' 5.85891719860688 72.36897188203146
 2.2881355932203387 120 3 5 12 3.2613506395198777]
[2.058275822498618 'Conceptual' 5.85891719860688 72.36897188203146
 1.3559322033898304 120 3 5 13 2.058275822498618]
[2.5583345925251493 'Conceptual' 5.85891719860688 72.36897188203146
 1.4406779661016949 120 3 5 14 2.5583345925251493]
[2.911825163601287 'Conceptual' 5.85891719860688 72.36897188203146
 1.6779661016949152 120 3 5 15 2.911825163601287]
[2.820125838432563 'Conceptual' 5.85891719860688 72.36897188203146
 1.5084745762711864 120 3 5 16 2.820125838432563]
[3.611970273474563 'Conceptual' 5.85891719860688 72.36897188203146
 2.5254237288135593 120 3 5 17 3.611970273474563]
[3.841678697833844 'Conceptual' 5.85891719860688 72.36897188203146
 2.796610169491525 120 3 5 18 3.841678697833844]
[2.5364572920780897 'Conceptual' 5.85891719860688 72.36897188203146
 1.1864406779661016 120 3 5 19 2.5364572920780897]
[0.0 'Conceptual' 5.85891719860688 72.36897188203146 0.0 120 3 6 0 0.0]
[1.9997022140203675 'Conceptual' 5.85891719860688 72.36897188203146
 10.169491525423728 120 3 6 1 1.9997022140203675]
[3.414745559871942 'Conceptual' 5.85891719860688 72.36897188203146
 6.949152542372881 120 3 6 2 3.414745559871942]
[2.3320719613462715 'Conceptual' 5.85891719860688 72.36897188203146
 4.0508474576271185 120 3 6 3 2.3320719613462715]
[2.047174919367141 'Conceptual' 5.85891719860688 72.36897188203146
 3.8813559322033897 120 3 6 4 2.047174919367141]
[2.950708337987017 'Conceptual' 5.85891719860688 72.36897188203146
 3.9830508474576267 120 3 6 5 2.950708337987017]
[3.8264471219695184 'Conceptual' 5.85891719860688 72.36897188203146
 0.8983050847457626 120 3 6 6 3.8264471219695184]
[2.590532021394007 'Conceptual' 5.85891719860688 72.36897188203146
 2.3559322033898304 120 3 6 7 2.590532021394007]
[3.200446471309626 'Conceptual' 5.85891719860688 72.36897188203146
 2.8813559322033897 120 3 6 8 3.200446471309626]
[3.4454728956553122 'Conceptual' 5.85891719860688 72.36897188203146
 3.1355932203389827 120 3 6 9 3.4454728956553122]
[1.8899165858995097 'Conceptual' 5.85891719860688 72.36897188203146
 1.5762711864406778 120 3 6 10 1.8899165858995097]
[3.544776460034367 'Conceptual' 5.85891719860688 72.36897188203146
 0.847457627118644 120 3 6 11 3.544776460034367]
[3.2613506395198777 'Conceptual' 5.85891719860688 72.36897188203146
 2.2881355932203387 120 3 6 12 3.2613506395198777]
[2.058275822498618 'Conceptual' 5.85891719860688 72.36897188203146
 1.3559322033898304 120 3 6 13 2.058275822498618]
[2.5583345925251493 'Conceptual' 5.85891719860688 72.36897188203146
 1.4406779661016949 120 3 6 14 2.5583345925251493]
[2.911825163601287 'Conceptual' 5.85891719860688 72.36897188203146
 1.6779661016949152 120 3 6 15 2.911825163601287]
[2.820125838432563 'Conceptual' 5.85891719860688 72.36897188203146
 1.5084745762711864 120 3 6 16 2.820125838432563]
[3.611970273474563 'Conceptual' 5.85891719860688 72.36897188203146
 2.5254237288135593 120 3 6 17 3.611970273474563]
[3.841678697833844 'Conceptual' 5.85891719860688 72.36897188203146
 2.796610169491525 120 3 6 18 3.841678697833844]
[2.5364572920780897 'Conceptual' 5.85891719860688 72.36897188203146
 1.1864406779661016 120 3 6 19 2.5364572920780897]
[0.0 'Conceptual' 5.85891719860688 72.36897188203146 0.0 120 3 7 0 0.0]
[1.9997022140203675 'Conceptual' 5.85891719860688 72.36897188203146
 10.169491525423728 120 3 7 1 1.9997022140203675]
[3.414745559871942 'Conceptual' 5.85891719860688 72.36897188203146
 6.949152542372881 120 3 7 2 3.414745559871942]
[2.3320719613462715 'Conceptual' 5.85891719860688 72.36897188203146
 4.0508474576271185 120 3 7 3 2.3320719613462715]
[2.047174919367141 'Conceptual' 5.85891719860688 72.36897188203146
 3.8813559322033897 120 3 7 4 2.047174919367141]
[2.950708337987017 'Conceptual' 5.85891719860688 72.36897188203146
 3.9830508474576267 120 3 7 5 2.950708337987017]
[3.8264471219695184 'Conceptual' 5.85891719860688 72.36897188203146
 0.8983050847457626 120 3 7 6 3.8264471219695184]
[2.590532021394007 'Conceptual' 5.85891719860688 72.36897188203146
 2.3559322033898304 120 3 7 7 2.590532021394007]
[3.200446471309626 'Conceptual' 5.85891719860688 72.36897188203146
 2.8813559322033897 120 3 7 8 3.200446471309626]
[3.4454728956553122 'Conceptual' 5.85891719860688 72.36897188203146
 3.1355932203389827 120 3 7 9 3.4454728956553122]
[1.8899165858995097 'Conceptual' 5.85891719860688 72.36897188203146
 1.5762711864406778 120 3 7 10 1.8899165858995097]
[3.544776460034367 'Conceptual' 5.85891719860688 72.36897188203146
 0.847457627118644 120 3 7 11 3.544776460034367]
[3.2613506395198777 'Conceptual' 5.85891719860688 72.36897188203146
 2.2881355932203387 120 3 7 12 3.2613506395198777]
[2.058275822498618 'Conceptual' 5.85891719860688 72.36897188203146
 1.3559322033898304 120 3 7 13 2.058275822498618]
[2.5583345925251493 'Conceptual' 5.85891719860688 72.36897188203146
 1.4406779661016949 120 3 7 14 2.5583345925251493]
[2.911825163601287 'Conceptual' 5.85891719860688 72.36897188203146
 1.6779661016949152 120 3 7 15 2.911825163601287]
[2.820125838432563 'Conceptual' 5.85891719860688 72.36897188203146
 1.5084745762711864 120 3 7 16 2.820125838432563]
[3.611970273474563 'Conceptual' 5.85891719860688 72.36897188203146
 2.5254237288135593 120 3 7 17 3.611970273474563]
[3.841678697833844 'Conceptual' 5.85891719860688 72.36897188203146
 2.796610169491525 120 3 7 18 3.841678697833844]
[2.5364572920780897 'Conceptual' 5.85891719860688 72.36897188203146
 1.1864406779661016 120 3 7 19 2.5364572920780897]
[0.0 'Conceptual' 5.85891719860688 72.36897188203146 0.0 120 3 8 0 0.0]
[1.9997022140203675 'Conceptual' 5.85891719860688 72.36897188203146
 10.169491525423728 120 3 8 1 1.9997022140203675]
[3.414745559871942 'Conceptual' 5.85891719860688 72.36897188203146
 6.949152542372881 120 3 8 2 3.414745559871942]
[2.3320719613462715 'Conceptual' 5.85891719860688 72.36897188203146
 4.0508474576271185 120 3 8 3 2.3320719613462715]
[2.047174919367141 'Conceptual' 5.85891719860688 72.36897188203146
 3.8813559322033897 120 3 8 4 2.047174919367141]
[2.950708337987017 'Conceptual' 5.85891719860688 72.36897188203146
 3.9830508474576267 120 3 8 5 2.950708337987017]
[3.8264471219695184 'Conceptual' 5.85891719860688 72.36897188203146
 0.8983050847457626 120 3 8 6 3.8264471219695184]
[2.590532021394007 'Conceptual' 5.85891719860688 72.36897188203146
 2.3559322033898304 120 3 8 7 2.590532021394007]
[3.200446471309626 'Conceptual' 5.85891719860688 72.36897188203146
 2.8813559322033897 120 3 8 8 3.200446471309626]
[3.4454728956553122 'Conceptual' 5.85891719860688 72.36897188203146
 3.1355932203389827 120 3 8 9 3.4454728956553122]
[1.8899165858995097 'Conceptual' 5.85891719860688 72.36897188203146
 1.5762711864406778 120 3 8 10 1.8899165858995097]
[3.544776460034367 'Conceptual' 5.85891719860688 72.36897188203146
 0.847457627118644 120 3 8 11 3.544776460034367]
[3.2613506395198777 'Conceptual' 5.85891719860688 72.36897188203146
 2.2881355932203387 120 3 8 12 3.2613506395198777]
[2.058275822498618 'Conceptual' 5.85891719860688 72.36897188203146
 1.3559322033898304 120 3 8 13 2.058275822498618]
[2.5583345925251493 'Conceptual' 5.85891719860688 72.36897188203146
 1.4406779661016949 120 3 8 14 2.5583345925251493]
[2.911825163601287 'Conceptual' 5.85891719860688 72.36897188203146
 1.6779661016949152 120 3 8 15 2.911825163601287]
[2.820125838432563 'Conceptual' 5.85891719860688 72.36897188203146
 1.5084745762711864 120 3 8 16 2.820125838432563]
[3.611970273474563 'Conceptual' 5.85891719860688 72.36897188203146
 2.5254237288135593 120 3 8 17 3.611970273474563]
[3.841678697833844 'Conceptual' 5.85891719860688 72.36897188203146
 2.796610169491525 120 3 8 18 3.841678697833844]
[2.5364572920780897 'Conceptual' 5.85891719860688 72.36897188203146
 1.1864406779661016 120 3 8 19 2.5364572920780897]
