[0.0 'Conceptual' 0.07830513851258811 0.00011598793040901626 0.0 127 8 0 0
 0.0]
[3.02170192318968 'Conceptual' 0.07830513851258811 0.00011598793040901626
 1.5254237288135593 127 8 0 1 3.02170192318968]
[3.5527739399307063 'Conceptual' 0.07830513851258811
 0.00011598793040901626 3.711864406779661 127 8 0 2 3.5527739399307063]
[0.7999908505885308 'Conceptual' 0.07830513851258811
 0.00011598793040901626 0.1694915254237288 127 8 0 3 0.7999908505885308]
[2.2692779080530774 'Conceptual' 0.07830513851258811
 0.00011598793040901626 2.7627118644067794 127 8 0 4 2.2692779080530774]
[0.04387869196334216 'Conceptual' 0.07830513851258811
 0.00011598793040901626 0.1694915254237288 127 8 0 5 0.04387869196334216]
[0.0010240129431191786 'Conceptual' 0.07830513851258811
 0.00011598793040901626 0.1694915254237288 127 8 0 6 0.0010240129431191786]
[6.607820214210644 'Conceptual' 0.07830513851258811 0.00011598793040901626
 10.169491525423728 127 8 0 7 6.607820214210644]
[1.6566994646338022 'Conceptual' 0.07830513851258811
 0.00011598793040901626 2.796610169491525 127 8 0 8 1.6566994646338022]
[1.6358558961102094 'Conceptual' 0.07830513851258811
 0.00011598793040901626 3.6101694915254234 127 8 0 9 1.6358558961102094]
[0.001483353403087352 'Conceptual' 0.07830513851258811
 0.00011598793040901626 0.1694915254237288 127 8 0 10 0.001483353403087352]
[0.0006298891369705886 'Conceptual' 0.07830513851258811
 0.00011598793040901626 0.1694915254237288 127 8 0 11
 0.0006298891369705886]
[0.0006298016333097749 'Conceptual' 0.07830513851258811
 0.00011598793040901626 0.1694915254237288 127 8 0 12
 0.0006298016333097749]
[0.0006298016333097749 'Conceptual' 0.07830513851258811
 0.00011598793040901626 0.1694915254237288 127 8 0 13
 0.0006298016333097749]
[2.2875449545893414 'Conceptual' 0.07830513851258811
 0.00011598793040901626 6.440677966101694 127 8 0 14 2.2875449545893414]
[1.8089542831552876 'Conceptual' 0.07830513851258811
 0.00011598793040901626 4.830508474576271 127 8 0 15 1.8089542831552876]
[0.0006298016333097749 'Conceptual' 0.07830513851258811
 0.00011598793040901626 0.1694915254237288 127 8 0 16
 0.0006298016333097749]
[1.692006435646032 'Conceptual' 0.07830513851258811 0.00011598793040901626
 4.999999999999999 127 8 0 17 1.692006435646032]
[2.256724304811769 'Conceptual' 0.07830513851258811 0.00011598793040901626
 7.101694915254237 127 8 0 18 2.256724304811769]
[0.0006298016333097749 'Conceptual' 0.07830513851258811
 0.00011598793040901626 0.1694915254237288 127 8 0 19
 0.0006298016333097749]
[0.0 'Conceptual' 0.07830513851258811 0.00011598793040901626 0.0 127 8 1 0
 0.0]
[3.02170192318968 'Conceptual' 0.07830513851258811 0.00011598793040901626
 1.5254237288135593 127 8 1 1 3.02170192318968]
[3.5527739399307063 'Conceptual' 0.07830513851258811
 0.00011598793040901626 3.711864406779661 127 8 1 2 3.5527739399307063]
[0.7999908505885308 'Conceptual' 0.07830513851258811
 0.00011598793040901626 0.1694915254237288 127 8 1 3 0.7999908505885308]
[2.2692779080530774 'Conceptual' 0.07830513851258811
 0.00011598793040901626 2.7627118644067794 127 8 1 4 2.2692779080530774]
[0.04387869196334216 'Conceptual' 0.07830513851258811
 0.00011598793040901626 0.1694915254237288 127 8 1 5 0.04387869196334216]
[0.0010240129431191786 'Conceptual' 0.07830513851258811
 0.00011598793040901626 0.1694915254237288 127 8 1 6 0.0010240129431191786]
[6.607820214210644 'Conceptual' 0.07830513851258811 0.00011598793040901626
 10.169491525423728 127 8 1 7 6.607820214210644]
[1.6566994646338022 'Conceptual' 0.07830513851258811
 0.00011598793040901626 2.796610169491525 127 8 1 8 1.6566994646338022]
[1.6358558961102094 'Conceptual' 0.07830513851258811
 0.00011598793040901626 3.6101694915254234 127 8 1 9 1.6358558961102094]
[0.001483353403087352 'Conceptual' 0.07830513851258811
 0.00011598793040901626 0.1694915254237288 127 8 1 10 0.001483353403087352]
[0.0006298891369705886 'Conceptual' 0.07830513851258811
 0.00011598793040901626 0.1694915254237288 127 8 1 11
 0.0006298891369705886]
[0.0006298016333097749 'Conceptual' 0.07830513851258811
 0.00011598793040901626 0.1694915254237288 127 8 1 12
 0.0006298016333097749]
[0.0006298016333097749 'Conceptual' 0.07830513851258811
 0.00011598793040901626 0.1694915254237288 127 8 1 13
 0.0006298016333097749]
[2.2875449545893414 'Conceptual' 0.07830513851258811
 0.00011598793040901626 6.440677966101694 127 8 1 14 2.2875449545893414]
[1.8089542831552876 'Conceptual' 0.07830513851258811
 0.00011598793040901626 4.830508474576271 127 8 1 15 1.8089542831552876]
[0.0006298016333097749 'Conceptual' 0.07830513851258811
 0.00011598793040901626 0.1694915254237288 127 8 1 16
 0.0006298016333097749]
[1.692006435646032 'Conceptual' 0.07830513851258811 0.00011598793040901626
 4.999999999999999 127 8 1 17 1.692006435646032]
[2.256724304811769 'Conceptual' 0.07830513851258811 0.00011598793040901626
 7.101694915254237 127 8 1 18 2.256724304811769]
[0.0006298016333097749 'Conceptual' 0.07830513851258811
 0.00011598793040901626 0.1694915254237288 127 8 1 19
 0.0006298016333097749]
[0.0 'Conceptual' 0.07830513851258811 0.00011598793040901626 0.0 127 8 2 0
 0.0]
[3.02170192318968 'Conceptual' 0.07830513851258811 0.00011598793040901626
 1.5254237288135593 127 8 2 1 3.02170192318968]
[3.5527739399307063 'Conceptual' 0.07830513851258811
 0.00011598793040901626 3.711864406779661 127 8 2 2 3.5527739399307063]
[0.7999908505885308 'Conceptual' 0.07830513851258811
 0.00011598793040901626 0.1694915254237288 127 8 2 3 0.7999908505885308]
[2.2692779080530774 'Conceptual' 0.07830513851258811
 0.00011598793040901626 2.7627118644067794 127 8 2 4 2.2692779080530774]
[0.04387869196334216 'Conceptual' 0.07830513851258811
 0.00011598793040901626 0.1694915254237288 127 8 2 5 0.04387869196334216]
[0.0010240129431191786 'Conceptual' 0.07830513851258811
 0.00011598793040901626 0.1694915254237288 127 8 2 6 0.0010240129431191786]
[6.607820214210644 'Conceptual' 0.07830513851258811 0.00011598793040901626
 10.169491525423728 127 8 2 7 6.607820214210644]
[1.6566994646338022 'Conceptual' 0.07830513851258811
 0.00011598793040901626 2.796610169491525 127 8 2 8 1.6566994646338022]
[1.6358558961102094 'Conceptual' 0.07830513851258811
 0.00011598793040901626 3.6101694915254234 127 8 2 9 1.6358558961102094]
[0.001483353403087352 'Conceptual' 0.07830513851258811
 0.00011598793040901626 0.1694915254237288 127 8 2 10 0.001483353403087352]
[0.0006298891369705886 'Conceptual' 0.07830513851258811
 0.00011598793040901626 0.1694915254237288 127 8 2 11
 0.0006298891369705886]
[0.0006298016333097749 'Conceptual' 0.07830513851258811
 0.00011598793040901626 0.1694915254237288 127 8 2 12
 0.0006298016333097749]
[0.0006298016333097749 'Conceptual' 0.07830513851258811
 0.00011598793040901626 0.1694915254237288 127 8 2 13
 0.0006298016333097749]
[2.2875449545893414 'Conceptual' 0.07830513851258811
 0.00011598793040901626 6.440677966101694 127 8 2 14 2.2875449545893414]
[1.8089542831552876 'Conceptual' 0.07830513851258811
 0.00011598793040901626 4.830508474576271 127 8 2 15 1.8089542831552876]
[0.0006298016333097749 'Conceptual' 0.07830513851258811
 0.00011598793040901626 0.1694915254237288 127 8 2 16
 0.0006298016333097749]
[1.692006435646032 'Conceptual' 0.07830513851258811 0.00011598793040901626
 4.999999999999999 127 8 2 17 1.692006435646032]
[2.256724304811769 'Conceptual' 0.07830513851258811 0.00011598793040901626
 7.101694915254237 127 8 2 18 2.256724304811769]
[0.0006298016333097749 'Conceptual' 0.07830513851258811
 0.00011598793040901626 0.1694915254237288 127 8 2 19
 0.0006298016333097749]
[0.0 'Conceptual' 0.07830513851258811 0.00011598793040901626 0.0 127 8 3 0
 0.0]
[3.02170192318968 'Conceptual' 0.07830513851258811 0.00011598793040901626
 1.5254237288135593 127 8 3 1 3.02170192318968]
[3.5527739399307063 'Conceptual' 0.07830513851258811
 0.00011598793040901626 3.711864406779661 127 8 3 2 3.5527739399307063]
[0.7999908505885308 'Conceptual' 0.07830513851258811
 0.00011598793040901626 0.1694915254237288 127 8 3 3 0.7999908505885308]
[2.2692779080530774 'Conceptual' 0.07830513851258811
 0.00011598793040901626 2.7627118644067794 127 8 3 4 2.2692779080530774]
[0.04387869196334216 'Conceptual' 0.07830513851258811
 0.00011598793040901626 0.1694915254237288 127 8 3 5 0.04387869196334216]
[0.0010240129431191786 'Conceptual' 0.07830513851258811
 0.00011598793040901626 0.1694915254237288 127 8 3 6 0.0010240129431191786]
[6.607820214210644 'Conceptual' 0.07830513851258811 0.00011598793040901626
 10.169491525423728 127 8 3 7 6.607820214210644]
[1.6566994646338022 'Conceptual' 0.07830513851258811
 0.00011598793040901626 2.796610169491525 127 8 3 8 1.6566994646338022]
[1.6358558961102094 'Conceptual' 0.07830513851258811
 0.00011598793040901626 3.6101694915254234 127 8 3 9 1.6358558961102094]
[0.001483353403087352 'Conceptual' 0.07830513851258811
 0.00011598793040901626 0.1694915254237288 127 8 3 10 0.001483353403087352]
[0.0006298891369705886 'Conceptual' 0.07830513851258811
 0.00011598793040901626 0.1694915254237288 127 8 3 11
 0.0006298891369705886]
[0.0006298016333097749 'Conceptual' 0.07830513851258811
 0.00011598793040901626 0.1694915254237288 127 8 3 12
 0.0006298016333097749]
[0.0006298016333097749 'Conceptual' 0.07830513851258811
 0.00011598793040901626 0.1694915254237288 127 8 3 13
 0.0006298016333097749]
[2.2875449545893414 'Conceptual' 0.07830513851258811
 0.00011598793040901626 6.440677966101694 127 8 3 14 2.2875449545893414]
[1.8089542831552876 'Conceptual' 0.07830513851258811
 0.00011598793040901626 4.830508474576271 127 8 3 15 1.8089542831552876]
[0.0006298016333097749 'Conceptual' 0.07830513851258811
 0.00011598793040901626 0.1694915254237288 127 8 3 16
 0.0006298016333097749]
[1.692006435646032 'Conceptual' 0.07830513851258811 0.00011598793040901626
 4.999999999999999 127 8 3 17 1.692006435646032]
[2.256724304811769 'Conceptual' 0.07830513851258811 0.00011598793040901626
 7.101694915254237 127 8 3 18 2.256724304811769]
[0.0006298016333097749 'Conceptual' 0.07830513851258811
 0.00011598793040901626 0.1694915254237288 127 8 3 19
 0.0006298016333097749]
[0.0 'Conceptual' 0.07830513851258811 0.00011598793040901626 0.0 127 8 4 0
 0.0]
[3.02170192318968 'Conceptual' 0.07830513851258811 0.00011598793040901626
 1.5254237288135593 127 8 4 1 3.02170192318968]
[3.5527739399307063 'Conceptual' 0.07830513851258811
 0.00011598793040901626 3.711864406779661 127 8 4 2 3.5527739399307063]
[0.7999908505885308 'Conceptual' 0.07830513851258811
 0.00011598793040901626 0.1694915254237288 127 8 4 3 0.7999908505885308]
[2.2692779080530774 'Conceptual' 0.07830513851258811
 0.00011598793040901626 2.7627118644067794 127 8 4 4 2.2692779080530774]
[0.04387869196334216 'Conceptual' 0.07830513851258811
 0.00011598793040901626 0.1694915254237288 127 8 4 5 0.04387869196334216]
[0.0010240129431191786 'Conceptual' 0.07830513851258811
 0.00011598793040901626 0.1694915254237288 127 8 4 6 0.0010240129431191786]
[6.607820214210644 'Conceptual' 0.07830513851258811 0.00011598793040901626
 10.169491525423728 127 8 4 7 6.607820214210644]
[1.6566994646338022 'Conceptual' 0.07830513851258811
 0.00011598793040901626 2.796610169491525 127 8 4 8 1.6566994646338022]
[1.6358558961102094 'Conceptual' 0.07830513851258811
 0.00011598793040901626 3.6101694915254234 127 8 4 9 1.6358558961102094]
[0.001483353403087352 'Conceptual' 0.07830513851258811
 0.00011598793040901626 0.1694915254237288 127 8 4 10 0.001483353403087352]
[0.0006298891369705886 'Conceptual' 0.07830513851258811
 0.00011598793040901626 0.1694915254237288 127 8 4 11
 0.0006298891369705886]
[0.0006298016333097749 'Conceptual' 0.07830513851258811
 0.00011598793040901626 0.1694915254237288 127 8 4 12
 0.0006298016333097749]
[0.0006298016333097749 'Conceptual' 0.07830513851258811
 0.00011598793040901626 0.1694915254237288 127 8 4 13
 0.0006298016333097749]
[2.2875449545893414 'Conceptual' 0.07830513851258811
 0.00011598793040901626 6.440677966101694 127 8 4 14 2.2875449545893414]
[1.8089542831552876 'Conceptual' 0.07830513851258811
 0.00011598793040901626 4.830508474576271 127 8 4 15 1.8089542831552876]
[0.0006298016333097749 'Conceptual' 0.07830513851258811
 0.00011598793040901626 0.1694915254237288 127 8 4 16
 0.0006298016333097749]
[1.692006435646032 'Conceptual' 0.07830513851258811 0.00011598793040901626
 4.999999999999999 127 8 4 17 1.692006435646032]
[2.256724304811769 'Conceptual' 0.07830513851258811 0.00011598793040901626
 7.101694915254237 127 8 4 18 2.256724304811769]
[0.0006298016333097749 'Conceptual' 0.07830513851258811
 0.00011598793040901626 0.1694915254237288 127 8 4 19
 0.0006298016333097749]
[0.0 'Conceptual' 0.07830513851258811 0.00011598793040901626 0.0 127 8 5 0
 0.0]
[3.02170192318968 'Conceptual' 0.07830513851258811 0.00011598793040901626
 1.5254237288135593 127 8 5 1 3.02170192318968]
[3.5527739399307063 'Conceptual' 0.07830513851258811
 0.00011598793040901626 3.711864406779661 127 8 5 2 3.5527739399307063]
[0.7999908505885308 'Conceptual' 0.07830513851258811
 0.00011598793040901626 0.1694915254237288 127 8 5 3 0.7999908505885308]
[2.2692779080530774 'Conceptual' 0.07830513851258811
 0.00011598793040901626 2.7627118644067794 127 8 5 4 2.2692779080530774]
[0.04387869196334216 'Conceptual' 0.07830513851258811
 0.00011598793040901626 0.1694915254237288 127 8 5 5 0.04387869196334216]
[0.0010240129431191786 'Conceptual' 0.07830513851258811
 0.00011598793040901626 0.1694915254237288 127 8 5 6 0.0010240129431191786]
[6.607820214210644 'Conceptual' 0.07830513851258811 0.00011598793040901626
 10.169491525423728 127 8 5 7 6.607820214210644]
[1.6566994646338022 'Conceptual' 0.07830513851258811
 0.00011598793040901626 2.796610169491525 127 8 5 8 1.6566994646338022]
[1.6358558961102094 'Conceptual' 0.07830513851258811
 0.00011598793040901626 3.6101694915254234 127 8 5 9 1.6358558961102094]
[0.001483353403087352 'Conceptual' 0.07830513851258811
 0.00011598793040901626 0.1694915254237288 127 8 5 10 0.001483353403087352]
[0.0006298891369705886 'Conceptual' 0.07830513851258811
 0.00011598793040901626 0.1694915254237288 127 8 5 11
 0.0006298891369705886]
[0.0006298016333097749 'Conceptual' 0.07830513851258811
 0.00011598793040901626 0.1694915254237288 127 8 5 12
 0.0006298016333097749]
[0.0006298016333097749 'Conceptual' 0.07830513851258811
 0.00011598793040901626 0.1694915254237288 127 8 5 13
 0.0006298016333097749]
[2.2875449545893414 'Conceptual' 0.07830513851258811
 0.00011598793040901626 6.440677966101694 127 8 5 14 2.2875449545893414]
[1.8089542831552876 'Conceptual' 0.07830513851258811
 0.00011598793040901626 4.830508474576271 127 8 5 15 1.8089542831552876]
[0.0006298016333097749 'Conceptual' 0.07830513851258811
 0.00011598793040901626 0.1694915254237288 127 8 5 16
 0.0006298016333097749]
[1.692006435646032 'Conceptual' 0.07830513851258811 0.00011598793040901626
 4.999999999999999 127 8 5 17 1.692006435646032]
[2.256724304811769 'Conceptual' 0.07830513851258811 0.00011598793040901626
 7.101694915254237 127 8 5 18 2.256724304811769]
[0.0006298016333097749 'Conceptual' 0.07830513851258811
 0.00011598793040901626 0.1694915254237288 127 8 5 19
 0.0006298016333097749]
[0.0 'Conceptual' 0.07830513851258811 0.00011598793040901626 0.0 127 8 6 0
 0.0]
[3.02170192318968 'Conceptual' 0.07830513851258811 0.00011598793040901626
 1.5254237288135593 127 8 6 1 3.02170192318968]
[3.5527739399307063 'Conceptual' 0.07830513851258811
 0.00011598793040901626 3.711864406779661 127 8 6 2 3.5527739399307063]
[0.7999908505885308 'Conceptual' 0.07830513851258811
 0.00011598793040901626 0.1694915254237288 127 8 6 3 0.7999908505885308]
[2.2692779080530774 'Conceptual' 0.07830513851258811
 0.00011598793040901626 2.7627118644067794 127 8 6 4 2.2692779080530774]
[0.04387869196334216 'Conceptual' 0.07830513851258811
 0.00011598793040901626 0.1694915254237288 127 8 6 5 0.04387869196334216]
[0.0010240129431191786 'Conceptual' 0.07830513851258811
 0.00011598793040901626 0.1694915254237288 127 8 6 6 0.0010240129431191786]
[6.607820214210644 'Conceptual' 0.07830513851258811 0.00011598793040901626
 10.169491525423728 127 8 6 7 6.607820214210644]
[1.6566994646338022 'Conceptual' 0.07830513851258811
 0.00011598793040901626 2.796610169491525 127 8 6 8 1.6566994646338022]
[1.6358558961102094 'Conceptual' 0.07830513851258811
 0.00011598793040901626 3.6101694915254234 127 8 6 9 1.6358558961102094]
[0.001483353403087352 'Conceptual' 0.07830513851258811
 0.00011598793040901626 0.1694915254237288 127 8 6 10 0.001483353403087352]
[0.0006298891369705886 'Conceptual' 0.07830513851258811
 0.00011598793040901626 0.1694915254237288 127 8 6 11
 0.0006298891369705886]
[0.0006298016333097749 'Conceptual' 0.07830513851258811
 0.00011598793040901626 0.1694915254237288 127 8 6 12
 0.0006298016333097749]
[0.0006298016333097749 'Conceptual' 0.07830513851258811
 0.00011598793040901626 0.1694915254237288 127 8 6 13
 0.0006298016333097749]
[2.2875449545893414 'Conceptual' 0.07830513851258811
 0.00011598793040901626 6.440677966101694 127 8 6 14 2.2875449545893414]
[1.8089542831552876 'Conceptual' 0.07830513851258811
 0.00011598793040901626 4.830508474576271 127 8 6 15 1.8089542831552876]
[0.0006298016333097749 'Conceptual' 0.07830513851258811
 0.00011598793040901626 0.1694915254237288 127 8 6 16
 0.0006298016333097749]
[1.692006435646032 'Conceptual' 0.07830513851258811 0.00011598793040901626
 4.999999999999999 127 8 6 17 1.692006435646032]
[2.256724304811769 'Conceptual' 0.07830513851258811 0.00011598793040901626
 7.101694915254237 127 8 6 18 2.256724304811769]
[0.0006298016333097749 'Conceptual' 0.07830513851258811
 0.00011598793040901626 0.1694915254237288 127 8 6 19
 0.0006298016333097749]
[0.0 'Conceptual' 0.07830513851258811 0.00011598793040901626 0.0 127 8 7 0
 0.0]
[3.02170192318968 'Conceptual' 0.07830513851258811 0.00011598793040901626
 1.5254237288135593 127 8 7 1 3.02170192318968]
[3.5527739399307063 'Conceptual' 0.07830513851258811
 0.00011598793040901626 3.711864406779661 127 8 7 2 3.5527739399307063]
[0.7999908505885308 'Conceptual' 0.07830513851258811
 0.00011598793040901626 0.1694915254237288 127 8 7 3 0.7999908505885308]
[2.2692779080530774 'Conceptual' 0.07830513851258811
 0.00011598793040901626 2.7627118644067794 127 8 7 4 2.2692779080530774]
[0.04387869196334216 'Conceptual' 0.07830513851258811
 0.00011598793040901626 0.1694915254237288 127 8 7 5 0.04387869196334216]
[0.0010240129431191786 'Conceptual' 0.07830513851258811
 0.00011598793040901626 0.1694915254237288 127 8 7 6 0.0010240129431191786]
[6.607820214210644 'Conceptual' 0.07830513851258811 0.00011598793040901626
 10.169491525423728 127 8 7 7 6.607820214210644]
[1.6566994646338022 'Conceptual' 0.07830513851258811
 0.00011598793040901626 2.796610169491525 127 8 7 8 1.6566994646338022]
[1.6358558961102094 'Conceptual' 0.07830513851258811
 0.00011598793040901626 3.6101694915254234 127 8 7 9 1.6358558961102094]
[0.001483353403087352 'Conceptual' 0.07830513851258811
 0.00011598793040901626 0.1694915254237288 127 8 7 10 0.001483353403087352]
[0.0006298891369705886 'Conceptual' 0.07830513851258811
 0.00011598793040901626 0.1694915254237288 127 8 7 11
 0.0006298891369705886]
[0.0006298016333097749 'Conceptual' 0.07830513851258811
 0.00011598793040901626 0.1694915254237288 127 8 7 12
 0.0006298016333097749]
[0.0006298016333097749 'Conceptual' 0.07830513851258811
 0.00011598793040901626 0.1694915254237288 127 8 7 13
 0.0006298016333097749]
[2.2875449545893414 'Conceptual' 0.07830513851258811
 0.00011598793040901626 6.440677966101694 127 8 7 14 2.2875449545893414]
[1.8089542831552876 'Conceptual' 0.07830513851258811
 0.00011598793040901626 4.830508474576271 127 8 7 15 1.8089542831552876]
[0.0006298016333097749 'Conceptual' 0.07830513851258811
 0.00011598793040901626 0.1694915254237288 127 8 7 16
 0.0006298016333097749]
[1.692006435646032 'Conceptual' 0.07830513851258811 0.00011598793040901626
 4.999999999999999 127 8 7 17 1.692006435646032]
[2.256724304811769 'Conceptual' 0.07830513851258811 0.00011598793040901626
 7.101694915254237 127 8 7 18 2.256724304811769]
[0.0006298016333097749 'Conceptual' 0.07830513851258811
 0.00011598793040901626 0.1694915254237288 127 8 7 19
 0.0006298016333097749]
