[0.0 'Conceptual' 0.057160996353813526 0.3555900161135292 0.0 77 6 0 0 0.0]
[3.608863915855418 'Conceptual' 0.057160996353813526 0.3555900161135292
 1.7796610169491525 77 6 0 1 3.608863915855418]
[1.857520568163598 'Conceptual' 0.057160996353813526 0.3555900161135292
 3.2203389830508473 77 6 0 2 1.857520568163598]
[3.2880314733731564 'Conceptual' 0.057160996353813526 0.3555900161135292
 6.440677966101694 77 6 0 3 3.2880314733731564]
[3.503443130329382 'Conceptual' 0.057160996353813526 0.3555900161135292
 1.3389830508474576 77 6 0 4 3.503443130329382]
[2.42524660210443 'Conceptual' 0.057160996353813526 0.3555900161135292
 1.406779661016949 77 6 0 5 2.42524660210443]
[0.000629801633309997 'Conceptual' 0.057160996353813526 0.3555900161135292
 0.1694915254237288 77 6 0 6 0.000629801633309997]
[4.07890675161044 'Conceptual' 0.057160996353813526 0.3555900161135292
 10.169491525423728 77 6 0 7 4.07890675161044]
[0.7828632197158799 'Conceptual' 0.057160996353813526 0.3555900161135292
 3.3728813559322033 77 6 0 8 0.7828632197158799]
[1.7896177887998805 'Conceptual' 0.057160996353813526 0.3555900161135292
 2.423728813559322 77 6 0 9 1.7896177887998805]
[0.6371335612270226 'Conceptual' 0.057160996353813526 0.3555900161135292
 3.3728813559322033 77 6 0 10 0.6371335612270226]
[0.2034031391712422 'Conceptual' 0.057160996353813526 0.3555900161135292
 0.8305084745762711 77 6 0 11 0.2034031391712422]
[0.0006330430484252116 'Conceptual' 0.057160996353813526
 0.3555900161135292 0.7288135593220338 77 6 0 12 0.0006330430484252116]
[2.3181710203294905 'Conceptual' 0.057160996353813526 0.3555900161135292
 7.4576271186440675 77 6 0 13 2.3181710203294905]
[2.1930017126107297 'Conceptual' 0.057160996353813526 0.3555900161135292
 7.169491525423728 77 6 0 14 2.1930017126107297]
[2.074147075738841 'Conceptual' 0.057160996353813526 0.3555900161135292
 6.949152542372881 77 6 0 15 2.074147075738841]
[1.9614486142106753 'Conceptual' 0.057160996353813526 0.3555900161135292
 6.694915254237288 77 6 0 16 1.9614486142106753]
[0.028936055052580248 'Conceptual' 0.057160996353813526 0.3555900161135292
 0.3389830508474576 77 6 0 17 0.028936055052580248]
[3.399916033280026 'Conceptual' 0.057160996353813526 0.3555900161135292
 10.169491525423728 77 6 0 18 3.399916033280026]
[0.0027279331637163544 'Conceptual' 0.057160996353813526
 0.3555900161135292 1.694915254237288 77 6 0 19 0.0027279331637163544]
[0.0 'Conceptual' 0.057160996353813526 0.3555900161135292 0.0 77 6 1 0 0.0]
[3.608863915855418 'Conceptual' 0.057160996353813526 0.3555900161135292
 1.7796610169491525 77 6 1 1 3.608863915855418]
[1.857520568163598 'Conceptual' 0.057160996353813526 0.3555900161135292
 3.2203389830508473 77 6 1 2 1.857520568163598]
[3.2880314733731564 'Conceptual' 0.057160996353813526 0.3555900161135292
 6.440677966101694 77 6 1 3 3.2880314733731564]
[3.503443130329382 'Conceptual' 0.057160996353813526 0.3555900161135292
 1.3389830508474576 77 6 1 4 3.503443130329382]
[2.42524660210443 'Conceptual' 0.057160996353813526 0.3555900161135292
 1.406779661016949 77 6 1 5 2.42524660210443]
[0.000629801633309997 'Conceptual' 0.057160996353813526 0.3555900161135292
 0.1694915254237288 77 6 1 6 0.000629801633309997]
[4.07890675161044 'Conceptual' 0.057160996353813526 0.3555900161135292
 10.169491525423728 77 6 1 7 4.07890675161044]
[0.7828632197158799 'Conceptual' 0.057160996353813526 0.3555900161135292
 3.3728813559322033 77 6 1 8 0.7828632197158799]
[1.7896177887998805 'Conceptual' 0.057160996353813526 0.3555900161135292
 2.423728813559322 77 6 1 9 1.7896177887998805]
[0.6371335612270226 'Conceptual' 0.057160996353813526 0.3555900161135292
 3.3728813559322033 77 6 1 10 0.6371335612270226]
[0.2034031391712422 'Conceptual' 0.057160996353813526 0.3555900161135292
 0.8305084745762711 77 6 1 11 0.2034031391712422]
[0.0006330430484252116 'Conceptual' 0.057160996353813526
 0.3555900161135292 0.7288135593220338 77 6 1 12 0.0006330430484252116]
[2.3181710203294905 'Conceptual' 0.057160996353813526 0.3555900161135292
 7.4576271186440675 77 6 1 13 2.3181710203294905]
[2.1930017126107297 'Conceptual' 0.057160996353813526 0.3555900161135292
 7.169491525423728 77 6 1 14 2.1930017126107297]
[2.074147075738841 'Conceptual' 0.057160996353813526 0.3555900161135292
 6.949152542372881 77 6 1 15 2.074147075738841]
[1.9614486142106753 'Conceptual' 0.057160996353813526 0.3555900161135292
 6.694915254237288 77 6 1 16 1.9614486142106753]
[0.028936055052580248 'Conceptual' 0.057160996353813526 0.3555900161135292
 0.3389830508474576 77 6 1 17 0.028936055052580248]
[3.399916033280026 'Conceptual' 0.057160996353813526 0.3555900161135292
 10.169491525423728 77 6 1 18 3.399916033280026]
[0.0027279331637163544 'Conceptual' 0.057160996353813526
 0.3555900161135292 1.694915254237288 77 6 1 19 0.0027279331637163544]
[0.0 'Conceptual' 0.057160996353813526 0.3555900161135292 0.0 77 6 2 0 0.0]
[3.608863915855418 'Conceptual' 0.057160996353813526 0.3555900161135292
 1.7796610169491525 77 6 2 1 3.608863915855418]
[1.857520568163598 'Conceptual' 0.057160996353813526 0.3555900161135292
 3.2203389830508473 77 6 2 2 1.857520568163598]
[3.2880314733731564 'Conceptual' 0.057160996353813526 0.3555900161135292
 6.440677966101694 77 6 2 3 3.2880314733731564]
[3.503443130329382 'Conceptual' 0.057160996353813526 0.3555900161135292
 1.3389830508474576 77 6 2 4 3.503443130329382]
[2.42524660210443 'Conceptual' 0.057160996353813526 0.3555900161135292
 1.406779661016949 77 6 2 5 2.42524660210443]
[0.000629801633309997 'Conceptual' 0.057160996353813526 0.3555900161135292
 0.1694915254237288 77 6 2 6 0.000629801633309997]
[4.07890675161044 'Conceptual' 0.057160996353813526 0.3555900161135292
 10.169491525423728 77 6 2 7 4.07890675161044]
[0.7828632197158799 'Conceptual' 0.057160996353813526 0.3555900161135292
 3.3728813559322033 77 6 2 8 0.7828632197158799]
[1.7896177887998805 'Conceptual' 0.057160996353813526 0.3555900161135292
 2.423728813559322 77 6 2 9 1.7896177887998805]
[0.6371335612270226 'Conceptual' 0.057160996353813526 0.3555900161135292
 3.3728813559322033 77 6 2 10 0.6371335612270226]
[0.2034031391712422 'Conceptual' 0.057160996353813526 0.3555900161135292
 0.8305084745762711 77 6 2 11 0.2034031391712422]
[0.0006330430484252116 'Conceptual' 0.057160996353813526
 0.3555900161135292 0.7288135593220338 77 6 2 12 0.0006330430484252116]
[2.3181710203294905 'Conceptual' 0.057160996353813526 0.3555900161135292
 7.4576271186440675 77 6 2 13 2.3181710203294905]
[2.1930017126107297 'Conceptual' 0.057160996353813526 0.3555900161135292
 7.169491525423728 77 6 2 14 2.1930017126107297]
[2.074147075738841 'Conceptual' 0.057160996353813526 0.3555900161135292
 6.949152542372881 77 6 2 15 2.074147075738841]
[1.9614486142106753 'Conceptual' 0.057160996353813526 0.3555900161135292
 6.694915254237288 77 6 2 16 1.9614486142106753]
[0.028936055052580248 'Conceptual' 0.057160996353813526 0.3555900161135292
 0.3389830508474576 77 6 2 17 0.028936055052580248]
[3.399916033280026 'Conceptual' 0.057160996353813526 0.3555900161135292
 10.169491525423728 77 6 2 18 3.399916033280026]
[0.0027279331637163544 'Conceptual' 0.057160996353813526
 0.3555900161135292 1.694915254237288 77 6 2 19 0.0027279331637163544]
[0.0 'Conceptual' 0.057160996353813526 0.3555900161135292 0.0 77 6 3 0 0.0]
[3.608863915855418 'Conceptual' 0.057160996353813526 0.3555900161135292
 1.7796610169491525 77 6 3 1 3.608863915855418]
[1.857520568163598 'Conceptual' 0.057160996353813526 0.3555900161135292
 3.2203389830508473 77 6 3 2 1.857520568163598]
[3.2880314733731564 'Conceptual' 0.057160996353813526 0.3555900161135292
 6.440677966101694 77 6 3 3 3.2880314733731564]
[3.503443130329382 'Conceptual' 0.057160996353813526 0.3555900161135292
 1.3389830508474576 77 6 3 4 3.503443130329382]
[2.42524660210443 'Conceptual' 0.057160996353813526 0.3555900161135292
 1.406779661016949 77 6 3 5 2.42524660210443]
[0.000629801633309997 'Conceptual' 0.057160996353813526 0.3555900161135292
 0.1694915254237288 77 6 3 6 0.000629801633309997]
[4.07890675161044 'Conceptual' 0.057160996353813526 0.3555900161135292
 10.169491525423728 77 6 3 7 4.07890675161044]
[0.7828632197158799 'Conceptual' 0.057160996353813526 0.3555900161135292
 3.3728813559322033 77 6 3 8 0.7828632197158799]
[1.7896177887998805 'Conceptual' 0.057160996353813526 0.3555900161135292
 2.423728813559322 77 6 3 9 1.7896177887998805]
[0.6371335612270226 'Conceptual' 0.057160996353813526 0.3555900161135292
 3.3728813559322033 77 6 3 10 0.6371335612270226]
[0.2034031391712422 'Conceptual' 0.057160996353813526 0.3555900161135292
 0.8305084745762711 77 6 3 11 0.2034031391712422]
[0.0006330430484252116 'Conceptual' 0.057160996353813526
 0.3555900161135292 0.7288135593220338 77 6 3 12 0.0006330430484252116]
[2.3181710203294905 'Conceptual' 0.057160996353813526 0.3555900161135292
 7.4576271186440675 77 6 3 13 2.3181710203294905]
[2.1930017126107297 'Conceptual' 0.057160996353813526 0.3555900161135292
 7.169491525423728 77 6 3 14 2.1930017126107297]
[2.074147075738841 'Conceptual' 0.057160996353813526 0.3555900161135292
 6.949152542372881 77 6 3 15 2.074147075738841]
[1.9614486142106753 'Conceptual' 0.057160996353813526 0.3555900161135292
 6.694915254237288 77 6 3 16 1.9614486142106753]
[0.028936055052580248 'Conceptual' 0.057160996353813526 0.3555900161135292
 0.3389830508474576 77 6 3 17 0.028936055052580248]
[3.399916033280026 'Conceptual' 0.057160996353813526 0.3555900161135292
 10.169491525423728 77 6 3 18 3.399916033280026]
[0.0027279331637163544 'Conceptual' 0.057160996353813526
 0.3555900161135292 1.694915254237288 77 6 3 19 0.0027279331637163544]
[0.0 'Conceptual' 0.057160996353813526 0.3555900161135292 0.0 77 6 4 0 0.0]
[3.608863915855418 'Conceptual' 0.057160996353813526 0.3555900161135292
 1.7796610169491525 77 6 4 1 3.608863915855418]
[1.857520568163598 'Conceptual' 0.057160996353813526 0.3555900161135292
 3.2203389830508473 77 6 4 2 1.857520568163598]
[3.2880314733731564 'Conceptual' 0.057160996353813526 0.3555900161135292
 6.440677966101694 77 6 4 3 3.2880314733731564]
[3.503443130329382 'Conceptual' 0.057160996353813526 0.3555900161135292
 1.3389830508474576 77 6 4 4 3.503443130329382]
[2.42524660210443 'Conceptual' 0.057160996353813526 0.3555900161135292
 1.406779661016949 77 6 4 5 2.42524660210443]
[0.000629801633309997 'Conceptual' 0.057160996353813526 0.3555900161135292
 0.1694915254237288 77 6 4 6 0.000629801633309997]
[4.07890675161044 'Conceptual' 0.057160996353813526 0.3555900161135292
 10.169491525423728 77 6 4 7 4.07890675161044]
[0.7828632197158799 'Conceptual' 0.057160996353813526 0.3555900161135292
 3.3728813559322033 77 6 4 8 0.7828632197158799]
[1.7896177887998805 'Conceptual' 0.057160996353813526 0.3555900161135292
 2.423728813559322 77 6 4 9 1.7896177887998805]
[0.6371335612270226 'Conceptual' 0.057160996353813526 0.3555900161135292
 3.3728813559322033 77 6 4 10 0.6371335612270226]
[0.2034031391712422 'Conceptual' 0.057160996353813526 0.3555900161135292
 0.8305084745762711 77 6 4 11 0.2034031391712422]
[0.0006330430484252116 'Conceptual' 0.057160996353813526
 0.3555900161135292 0.7288135593220338 77 6 4 12 0.0006330430484252116]
[2.3181710203294905 'Conceptual' 0.057160996353813526 0.3555900161135292
 7.4576271186440675 77 6 4 13 2.3181710203294905]
[2.1930017126107297 'Conceptual' 0.057160996353813526 0.3555900161135292
 7.169491525423728 77 6 4 14 2.1930017126107297]
[2.074147075738841 'Conceptual' 0.057160996353813526 0.3555900161135292
 6.949152542372881 77 6 4 15 2.074147075738841]
[1.9614486142106753 'Conceptual' 0.057160996353813526 0.3555900161135292
 6.694915254237288 77 6 4 16 1.9614486142106753]
[0.028936055052580248 'Conceptual' 0.057160996353813526 0.3555900161135292
 0.3389830508474576 77 6 4 17 0.028936055052580248]
[3.399916033280026 'Conceptual' 0.057160996353813526 0.3555900161135292
 10.169491525423728 77 6 4 18 3.399916033280026]
[0.0027279331637163544 'Conceptual' 0.057160996353813526
 0.3555900161135292 1.694915254237288 77 6 4 19 0.0027279331637163544]
[0.0 'Conceptual' 0.057160996353813526 0.3555900161135292 0.0 77 6 5 0 0.0]
[3.608863915855418 'Conceptual' 0.057160996353813526 0.3555900161135292
 1.7796610169491525 77 6 5 1 3.608863915855418]
[1.857520568163598 'Conceptual' 0.057160996353813526 0.3555900161135292
 3.2203389830508473 77 6 5 2 1.857520568163598]
[3.2880314733731564 'Conceptual' 0.057160996353813526 0.3555900161135292
 6.440677966101694 77 6 5 3 3.2880314733731564]
[3.503443130329382 'Conceptual' 0.057160996353813526 0.3555900161135292
 1.3389830508474576 77 6 5 4 3.503443130329382]
[2.42524660210443 'Conceptual' 0.057160996353813526 0.3555900161135292
 1.406779661016949 77 6 5 5 2.42524660210443]
[0.000629801633309997 'Conceptual' 0.057160996353813526 0.3555900161135292
 0.1694915254237288 77 6 5 6 0.000629801633309997]
[4.07890675161044 'Conceptual' 0.057160996353813526 0.3555900161135292
 10.169491525423728 77 6 5 7 4.07890675161044]
[0.7828632197158799 'Conceptual' 0.057160996353813526 0.3555900161135292
 3.3728813559322033 77 6 5 8 0.7828632197158799]
[1.7896177887998805 'Conceptual' 0.057160996353813526 0.3555900161135292
 2.423728813559322 77 6 5 9 1.7896177887998805]
[0.6371335612270226 'Conceptual' 0.057160996353813526 0.3555900161135292
 3.3728813559322033 77 6 5 10 0.6371335612270226]
[0.2034031391712422 'Conceptual' 0.057160996353813526 0.3555900161135292
 0.8305084745762711 77 6 5 11 0.2034031391712422]
[0.0006330430484252116 'Conceptual' 0.057160996353813526
 0.3555900161135292 0.7288135593220338 77 6 5 12 0.0006330430484252116]
[2.3181710203294905 'Conceptual' 0.057160996353813526 0.3555900161135292
 7.4576271186440675 77 6 5 13 2.3181710203294905]
[2.1930017126107297 'Conceptual' 0.057160996353813526 0.3555900161135292
 7.169491525423728 77 6 5 14 2.1930017126107297]
[2.074147075738841 'Conceptual' 0.057160996353813526 0.3555900161135292
 6.949152542372881 77 6 5 15 2.074147075738841]
[1.9614486142106753 'Conceptual' 0.057160996353813526 0.3555900161135292
 6.694915254237288 77 6 5 16 1.9614486142106753]
[0.028936055052580248 'Conceptual' 0.057160996353813526 0.3555900161135292
 0.3389830508474576 77 6 5 17 0.028936055052580248]
[3.399916033280026 'Conceptual' 0.057160996353813526 0.3555900161135292
 10.169491525423728 77 6 5 18 3.399916033280026]
[0.0027279331637163544 'Conceptual' 0.057160996353813526
 0.3555900161135292 1.694915254237288 77 6 5 19 0.0027279331637163544]
[0.0 'Conceptual' 0.057160996353813526 0.3555900161135292 0.0 77 6 7 0 0.0]
[3.608863915855418 'Conceptual' 0.057160996353813526 0.3555900161135292
 1.7796610169491525 77 6 7 1 3.608863915855418]
[1.857520568163598 'Conceptual' 0.057160996353813526 0.3555900161135292
 3.2203389830508473 77 6 7 2 1.857520568163598]
[3.2880314733731564 'Conceptual' 0.057160996353813526 0.3555900161135292
 6.440677966101694 77 6 7 3 3.2880314733731564]
[3.503443130329382 'Conceptual' 0.057160996353813526 0.3555900161135292
 1.3389830508474576 77 6 7 4 3.503443130329382]
[2.42524660210443 'Conceptual' 0.057160996353813526 0.3555900161135292
 1.406779661016949 77 6 7 5 2.42524660210443]
[0.000629801633309997 'Conceptual' 0.057160996353813526 0.3555900161135292
 0.1694915254237288 77 6 7 6 0.000629801633309997]
[4.07890675161044 'Conceptual' 0.057160996353813526 0.3555900161135292
 10.169491525423728 77 6 7 7 4.07890675161044]
[0.7828632197158799 'Conceptual' 0.057160996353813526 0.3555900161135292
 3.3728813559322033 77 6 7 8 0.7828632197158799]
[1.7896177887998805 'Conceptual' 0.057160996353813526 0.3555900161135292
 2.423728813559322 77 6 7 9 1.7896177887998805]
[0.6371335612270226 'Conceptual' 0.057160996353813526 0.3555900161135292
 3.3728813559322033 77 6 7 10 0.6371335612270226]
[0.2034031391712422 'Conceptual' 0.057160996353813526 0.3555900161135292
 0.8305084745762711 77 6 7 11 0.2034031391712422]
[0.0006330430484252116 'Conceptual' 0.057160996353813526
 0.3555900161135292 0.7288135593220338 77 6 7 12 0.0006330430484252116]
[2.3181710203294905 'Conceptual' 0.057160996353813526 0.3555900161135292
 7.4576271186440675 77 6 7 13 2.3181710203294905]
[2.1930017126107297 'Conceptual' 0.057160996353813526 0.3555900161135292
 7.169491525423728 77 6 7 14 2.1930017126107297]
[2.074147075738841 'Conceptual' 0.057160996353813526 0.3555900161135292
 6.949152542372881 77 6 7 15 2.074147075738841]
[1.9614486142106753 'Conceptual' 0.057160996353813526 0.3555900161135292
 6.694915254237288 77 6 7 16 1.9614486142106753]
[0.028936055052580248 'Conceptual' 0.057160996353813526 0.3555900161135292
 0.3389830508474576 77 6 7 17 0.028936055052580248]
[3.399916033280026 'Conceptual' 0.057160996353813526 0.3555900161135292
 10.169491525423728 77 6 7 18 3.399916033280026]
[0.0027279331637163544 'Conceptual' 0.057160996353813526
 0.3555900161135292 1.694915254237288 77 6 7 19 0.0027279331637163544]
[0.0 'Conceptual' 0.057160996353813526 0.3555900161135292 0.0 77 6 8 0 0.0]
[3.608863915855418 'Conceptual' 0.057160996353813526 0.3555900161135292
 1.7796610169491525 77 6 8 1 3.608863915855418]
[1.857520568163598 'Conceptual' 0.057160996353813526 0.3555900161135292
 3.2203389830508473 77 6 8 2 1.857520568163598]
[3.2880314733731564 'Conceptual' 0.057160996353813526 0.3555900161135292
 6.440677966101694 77 6 8 3 3.2880314733731564]
[3.503443130329382 'Conceptual' 0.057160996353813526 0.3555900161135292
 1.3389830508474576 77 6 8 4 3.503443130329382]
[2.42524660210443 'Conceptual' 0.057160996353813526 0.3555900161135292
 1.406779661016949 77 6 8 5 2.42524660210443]
[0.000629801633309997 'Conceptual' 0.057160996353813526 0.3555900161135292
 0.1694915254237288 77 6 8 6 0.000629801633309997]
[4.07890675161044 'Conceptual' 0.057160996353813526 0.3555900161135292
 10.169491525423728 77 6 8 7 4.07890675161044]
[0.7828632197158799 'Conceptual' 0.057160996353813526 0.3555900161135292
 3.3728813559322033 77 6 8 8 0.7828632197158799]
[1.7896177887998805 'Conceptual' 0.057160996353813526 0.3555900161135292
 2.423728813559322 77 6 8 9 1.7896177887998805]
[0.6371335612270226 'Conceptual' 0.057160996353813526 0.3555900161135292
 3.3728813559322033 77 6 8 10 0.6371335612270226]
[0.2034031391712422 'Conceptual' 0.057160996353813526 0.3555900161135292
 0.8305084745762711 77 6 8 11 0.2034031391712422]
[0.0006330430484252116 'Conceptual' 0.057160996353813526
 0.3555900161135292 0.7288135593220338 77 6 8 12 0.0006330430484252116]
[2.3181710203294905 'Conceptual' 0.057160996353813526 0.3555900161135292
 7.4576271186440675 77 6 8 13 2.3181710203294905]
[2.1930017126107297 'Conceptual' 0.057160996353813526 0.3555900161135292
 7.169491525423728 77 6 8 14 2.1930017126107297]
[2.074147075738841 'Conceptual' 0.057160996353813526 0.3555900161135292
 6.949152542372881 77 6 8 15 2.074147075738841]
[1.9614486142106753 'Conceptual' 0.057160996353813526 0.3555900161135292
 6.694915254237288 77 6 8 16 1.9614486142106753]
[0.028936055052580248 'Conceptual' 0.057160996353813526 0.3555900161135292
 0.3389830508474576 77 6 8 17 0.028936055052580248]
[3.399916033280026 'Conceptual' 0.057160996353813526 0.3555900161135292
 10.169491525423728 77 6 8 18 3.399916033280026]
[0.0027279331637163544 'Conceptual' 0.057160996353813526
 0.3555900161135292 1.694915254237288 77 6 8 19 0.0027279331637163544]
