[0.0 'Conceptual' 0.0035353013250510215 98.44990603304099 0.0 98 7 0 0 0.0]
[4.1431386789849 'Conceptual' 0.0035353013250510215 98.44990603304099
 0.1694915254237288 98 7 0 1 4.1431386789849]
[3.269043730380279 'Conceptual' 0.0035353013250510215 98.44990603304099
 1.4745762711864405 98 7 0 2 3.269043730380279]
[3.4965169553617512 'Conceptual' 0.0035353013250510215 98.44990603304099
 6.288135593220338 98 7 0 3 3.4965169553617512]
[3.4965169553617512 'Conceptual' 0.0035353013250510215 98.44990603304099
 4.1525423728813555 98 7 0 4 3.4965169553617512]
[3.8476307959122686 'Conceptual' 0.0035353013250510215 98.44990603304099
 0.3389830508474576 98 7 0 5 3.8476307959122686]
[2.9444626630965 'Conceptual' 0.0035353013250510215 98.44990603304099
 2.694915254237288 98 7 0 6 2.9444626630965]
[3.529707984847307 'Conceptual' 0.0035353013250510215 98.44990603304099
 0.4915254237288135 98 7 0 7 3.529707984847307]
[3.663568056365511 'Conceptual' 0.0035353013250510215 98.44990603304099
 2.711864406779661 98 7 0 8 3.663568056365511]
[3.224939771184083 'Conceptual' 0.0035353013250510215 98.44990603304099
 0.5084745762711864 98 7 0 9 3.224939771184083]
[2.4849499821824717 'Conceptual' 0.0035353013250510215 98.44990603304099
 1.5254237288135593 98 7 0 10 2.4849499821824717]
[3.367307898879162 'Conceptual' 0.0035353013250510215 98.44990603304099
 1.9491525423728813 98 7 0 11 3.367307898879162]
[2.0795115392299506 'Conceptual' 0.0035353013250510215 98.44990603304099
 1.271186440677966 98 7 0 12 2.0795115392299506]
[2.9444626630965 'Conceptual' 0.0035353013250510215 98.44990603304099
 1.5254237288135593 98 7 0 13 2.9444626630965]
[2.564988587461261 'Conceptual' 0.0035353013250510215 98.44990603304099
 1.271186440677966 98 7 0 14 2.564988587461261]
[2.07951153922995 'Conceptual' 0.0035353013250510215 98.44990603304099
 0.9322033898305084 98 7 0 15 2.07951153922995]
[3.9889858984144118 'Conceptual' 0.0035353013250510215 98.44990603304099
 2.6271186440677963 98 7 0 16 3.9889858984144118]
[3.1355120418572233 'Conceptual' 0.0035353013250510215 98.44990603304099
 1.3559322033898304 98 7 0 17 3.1355120418572233]
[2.564988587461261 'Conceptual' 0.0035353013250510215 98.44990603304099
 1.0169491525423728 98 7 0 18 2.564988587461261]
[3.3322173672354087 'Conceptual' 0.0035353013250510215 98.44990603304099
 1.4406779661016949 98 7 0 19 3.3322173672354087]
[0.0 'Conceptual' 0.0035353013250510215 98.44990603304099 0.0 98 7 1 0 0.0]
[4.1431386789849 'Conceptual' 0.0035353013250510215 98.44990603304099
 0.1694915254237288 98 7 1 1 4.1431386789849]
[3.269043730380279 'Conceptual' 0.0035353013250510215 98.44990603304099
 1.4745762711864405 98 7 1 2 3.269043730380279]
[3.4965169553617512 'Conceptual' 0.0035353013250510215 98.44990603304099
 6.288135593220338 98 7 1 3 3.4965169553617512]
[3.4965169553617512 'Conceptual' 0.0035353013250510215 98.44990603304099
 4.1525423728813555 98 7 1 4 3.4965169553617512]
[3.8476307959122686 'Conceptual' 0.0035353013250510215 98.44990603304099
 0.3389830508474576 98 7 1 5 3.8476307959122686]
[2.9444626630965 'Conceptual' 0.0035353013250510215 98.44990603304099
 2.694915254237288 98 7 1 6 2.9444626630965]
[3.529707984847307 'Conceptual' 0.0035353013250510215 98.44990603304099
 0.4915254237288135 98 7 1 7 3.529707984847307]
[3.663568056365511 'Conceptual' 0.0035353013250510215 98.44990603304099
 2.711864406779661 98 7 1 8 3.663568056365511]
[3.224939771184083 'Conceptual' 0.0035353013250510215 98.44990603304099
 0.5084745762711864 98 7 1 9 3.224939771184083]
[2.4849499821824717 'Conceptual' 0.0035353013250510215 98.44990603304099
 1.5254237288135593 98 7 1 10 2.4849499821824717]
[3.367307898879162 'Conceptual' 0.0035353013250510215 98.44990603304099
 1.9491525423728813 98 7 1 11 3.367307898879162]
[2.0795115392299506 'Conceptual' 0.0035353013250510215 98.44990603304099
 1.271186440677966 98 7 1 12 2.0795115392299506]
[2.9444626630965 'Conceptual' 0.0035353013250510215 98.44990603304099
 1.5254237288135593 98 7 1 13 2.9444626630965]
[2.564988587461261 'Conceptual' 0.0035353013250510215 98.44990603304099
 1.271186440677966 98 7 1 14 2.564988587461261]
[2.07951153922995 'Conceptual' 0.0035353013250510215 98.44990603304099
 0.9322033898305084 98 7 1 15 2.07951153922995]
[3.9889858984144118 'Conceptual' 0.0035353013250510215 98.44990603304099
 2.6271186440677963 98 7 1 16 3.9889858984144118]
[3.1355120418572233 'Conceptual' 0.0035353013250510215 98.44990603304099
 1.3559322033898304 98 7 1 17 3.1355120418572233]
[2.564988587461261 'Conceptual' 0.0035353013250510215 98.44990603304099
 1.0169491525423728 98 7 1 18 2.564988587461261]
[3.3322173672354087 'Conceptual' 0.0035353013250510215 98.44990603304099
 1.4406779661016949 98 7 1 19 3.3322173672354087]
[0.0 'Conceptual' 0.0035353013250510215 98.44990603304099 0.0 98 7 2 0 0.0]
[4.1431386789849 'Conceptual' 0.0035353013250510215 98.44990603304099
 0.1694915254237288 98 7 2 1 4.1431386789849]
[3.269043730380279 'Conceptual' 0.0035353013250510215 98.44990603304099
 1.4745762711864405 98 7 2 2 3.269043730380279]
[3.4965169553617512 'Conceptual' 0.0035353013250510215 98.44990603304099
 6.288135593220338 98 7 2 3 3.4965169553617512]
[3.4965169553617512 'Conceptual' 0.0035353013250510215 98.44990603304099
 4.1525423728813555 98 7 2 4 3.4965169553617512]
[3.8476307959122686 'Conceptual' 0.0035353013250510215 98.44990603304099
 0.3389830508474576 98 7 2 5 3.8476307959122686]
[2.9444626630965 'Conceptual' 0.0035353013250510215 98.44990603304099
 2.694915254237288 98 7 2 6 2.9444626630965]
[3.529707984847307 'Conceptual' 0.0035353013250510215 98.44990603304099
 0.4915254237288135 98 7 2 7 3.529707984847307]
[3.663568056365511 'Conceptual' 0.0035353013250510215 98.44990603304099
 2.711864406779661 98 7 2 8 3.663568056365511]
[3.224939771184083 'Conceptual' 0.0035353013250510215 98.44990603304099
 0.5084745762711864 98 7 2 9 3.224939771184083]
[2.4849499821824717 'Conceptual' 0.0035353013250510215 98.44990603304099
 1.5254237288135593 98 7 2 10 2.4849499821824717]
[3.367307898879162 'Conceptual' 0.0035353013250510215 98.44990603304099
 1.9491525423728813 98 7 2 11 3.367307898879162]
[2.0795115392299506 'Conceptual' 0.0035353013250510215 98.44990603304099
 1.271186440677966 98 7 2 12 2.0795115392299506]
[2.9444626630965 'Conceptual' 0.0035353013250510215 98.44990603304099
 1.5254237288135593 98 7 2 13 2.9444626630965]
[2.564988587461261 'Conceptual' 0.0035353013250510215 98.44990603304099
 1.271186440677966 98 7 2 14 2.564988587461261]
[2.07951153922995 'Conceptual' 0.0035353013250510215 98.44990603304099
 0.9322033898305084 98 7 2 15 2.07951153922995]
[3.9889858984144118 'Conceptual' 0.0035353013250510215 98.44990603304099
 2.6271186440677963 98 7 2 16 3.9889858984144118]
[3.1355120418572233 'Conceptual' 0.0035353013250510215 98.44990603304099
 1.3559322033898304 98 7 2 17 3.1355120418572233]
[2.564988587461261 'Conceptual' 0.0035353013250510215 98.44990603304099
 1.0169491525423728 98 7 2 18 2.564988587461261]
[3.3322173672354087 'Conceptual' 0.0035353013250510215 98.44990603304099
 1.4406779661016949 98 7 2 19 3.3322173672354087]
[0.0 'Conceptual' 0.0035353013250510215 98.44990603304099 0.0 98 7 3 0 0.0]
[4.1431386789849 'Conceptual' 0.0035353013250510215 98.44990603304099
 0.1694915254237288 98 7 3 1 4.1431386789849]
[3.269043730380279 'Conceptual' 0.0035353013250510215 98.44990603304099
 1.4745762711864405 98 7 3 2 3.269043730380279]
[3.4965169553617512 'Conceptual' 0.0035353013250510215 98.44990603304099
 6.288135593220338 98 7 3 3 3.4965169553617512]
[3.4965169553617512 'Conceptual' 0.0035353013250510215 98.44990603304099
 4.1525423728813555 98 7 3 4 3.4965169553617512]
[3.8476307959122686 'Conceptual' 0.0035353013250510215 98.44990603304099
 0.3389830508474576 98 7 3 5 3.8476307959122686]
[2.9444626630965 'Conceptual' 0.0035353013250510215 98.44990603304099
 2.694915254237288 98 7 3 6 2.9444626630965]
[3.529707984847307 'Conceptual' 0.0035353013250510215 98.44990603304099
 0.4915254237288135 98 7 3 7 3.529707984847307]
[3.663568056365511 'Conceptual' 0.0035353013250510215 98.44990603304099
 2.711864406779661 98 7 3 8 3.663568056365511]
[3.224939771184083 'Conceptual' 0.0035353013250510215 98.44990603304099
 0.5084745762711864 98 7 3 9 3.224939771184083]
[2.4849499821824717 'Conceptual' 0.0035353013250510215 98.44990603304099
 1.5254237288135593 98 7 3 10 2.4849499821824717]
[3.367307898879162 'Conceptual' 0.0035353013250510215 98.44990603304099
 1.9491525423728813 98 7 3 11 3.367307898879162]
[2.0795115392299506 'Conceptual' 0.0035353013250510215 98.44990603304099
 1.271186440677966 98 7 3 12 2.0795115392299506]
[2.9444626630965 'Conceptual' 0.0035353013250510215 98.44990603304099
 1.5254237288135593 98 7 3 13 2.9444626630965]
[2.564988587461261 'Conceptual' 0.0035353013250510215 98.44990603304099
 1.271186440677966 98 7 3 14 2.564988587461261]
[2.07951153922995 'Conceptual' 0.0035353013250510215 98.44990603304099
 0.9322033898305084 98 7 3 15 2.07951153922995]
[3.9889858984144118 'Conceptual' 0.0035353013250510215 98.44990603304099
 2.6271186440677963 98 7 3 16 3.9889858984144118]
[3.1355120418572233 'Conceptual' 0.0035353013250510215 98.44990603304099
 1.3559322033898304 98 7 3 17 3.1355120418572233]
[2.564988587461261 'Conceptual' 0.0035353013250510215 98.44990603304099
 1.0169491525423728 98 7 3 18 2.564988587461261]
[3.3322173672354087 'Conceptual' 0.0035353013250510215 98.44990603304099
 1.4406779661016949 98 7 3 19 3.3322173672354087]
[0.0 'Conceptual' 0.0035353013250510215 98.44990603304099 0.0 98 7 4 0 0.0]
[4.1431386789849 'Conceptual' 0.0035353013250510215 98.44990603304099
 0.1694915254237288 98 7 4 1 4.1431386789849]
[3.269043730380279 'Conceptual' 0.0035353013250510215 98.44990603304099
 1.4745762711864405 98 7 4 2 3.269043730380279]
[3.4965169553617512 'Conceptual' 0.0035353013250510215 98.44990603304099
 6.288135593220338 98 7 4 3 3.4965169553617512]
[3.4965169553617512 'Conceptual' 0.0035353013250510215 98.44990603304099
 4.1525423728813555 98 7 4 4 3.4965169553617512]
[3.8476307959122686 'Conceptual' 0.0035353013250510215 98.44990603304099
 0.3389830508474576 98 7 4 5 3.8476307959122686]
[2.9444626630965 'Conceptual' 0.0035353013250510215 98.44990603304099
 2.694915254237288 98 7 4 6 2.9444626630965]
[3.529707984847307 'Conceptual' 0.0035353013250510215 98.44990603304099
 0.4915254237288135 98 7 4 7 3.529707984847307]
[3.663568056365511 'Conceptual' 0.0035353013250510215 98.44990603304099
 2.711864406779661 98 7 4 8 3.663568056365511]
[3.224939771184083 'Conceptual' 0.0035353013250510215 98.44990603304099
 0.5084745762711864 98 7 4 9 3.224939771184083]
[2.4849499821824717 'Conceptual' 0.0035353013250510215 98.44990603304099
 1.5254237288135593 98 7 4 10 2.4849499821824717]
[3.367307898879162 'Conceptual' 0.0035353013250510215 98.44990603304099
 1.9491525423728813 98 7 4 11 3.367307898879162]
[2.0795115392299506 'Conceptual' 0.0035353013250510215 98.44990603304099
 1.271186440677966 98 7 4 12 2.0795115392299506]
[2.9444626630965 'Conceptual' 0.0035353013250510215 98.44990603304099
 1.5254237288135593 98 7 4 13 2.9444626630965]
[2.564988587461261 'Conceptual' 0.0035353013250510215 98.44990603304099
 1.271186440677966 98 7 4 14 2.564988587461261]
[2.07951153922995 'Conceptual' 0.0035353013250510215 98.44990603304099
 0.9322033898305084 98 7 4 15 2.07951153922995]
[3.9889858984144118 'Conceptual' 0.0035353013250510215 98.44990603304099
 2.6271186440677963 98 7 4 16 3.9889858984144118]
[3.1355120418572233 'Conceptual' 0.0035353013250510215 98.44990603304099
 1.3559322033898304 98 7 4 17 3.1355120418572233]
[2.564988587461261 'Conceptual' 0.0035353013250510215 98.44990603304099
 1.0169491525423728 98 7 4 18 2.564988587461261]
[3.3322173672354087 'Conceptual' 0.0035353013250510215 98.44990603304099
 1.4406779661016949 98 7 4 19 3.3322173672354087]
[0.0 'Conceptual' 0.0035353013250510215 98.44990603304099 0.0 98 7 5 0 0.0]
[4.1431386789849 'Conceptual' 0.0035353013250510215 98.44990603304099
 0.1694915254237288 98 7 5 1 4.1431386789849]
[3.269043730380279 'Conceptual' 0.0035353013250510215 98.44990603304099
 1.4745762711864405 98 7 5 2 3.269043730380279]
[3.4965169553617512 'Conceptual' 0.0035353013250510215 98.44990603304099
 6.288135593220338 98 7 5 3 3.4965169553617512]
[3.4965169553617512 'Conceptual' 0.0035353013250510215 98.44990603304099
 4.1525423728813555 98 7 5 4 3.4965169553617512]
[3.8476307959122686 'Conceptual' 0.0035353013250510215 98.44990603304099
 0.3389830508474576 98 7 5 5 3.8476307959122686]
[2.9444626630965 'Conceptual' 0.0035353013250510215 98.44990603304099
 2.694915254237288 98 7 5 6 2.9444626630965]
[3.529707984847307 'Conceptual' 0.0035353013250510215 98.44990603304099
 0.4915254237288135 98 7 5 7 3.529707984847307]
[3.663568056365511 'Conceptual' 0.0035353013250510215 98.44990603304099
 2.711864406779661 98 7 5 8 3.663568056365511]
[3.224939771184083 'Conceptual' 0.0035353013250510215 98.44990603304099
 0.5084745762711864 98 7 5 9 3.224939771184083]
[2.4849499821824717 'Conceptual' 0.0035353013250510215 98.44990603304099
 1.5254237288135593 98 7 5 10 2.4849499821824717]
[3.367307898879162 'Conceptual' 0.0035353013250510215 98.44990603304099
 1.9491525423728813 98 7 5 11 3.367307898879162]
[2.0795115392299506 'Conceptual' 0.0035353013250510215 98.44990603304099
 1.271186440677966 98 7 5 12 2.0795115392299506]
[2.9444626630965 'Conceptual' 0.0035353013250510215 98.44990603304099
 1.5254237288135593 98 7 5 13 2.9444626630965]
[2.564988587461261 'Conceptual' 0.0035353013250510215 98.44990603304099
 1.271186440677966 98 7 5 14 2.564988587461261]
[2.07951153922995 'Conceptual' 0.0035353013250510215 98.44990603304099
 0.9322033898305084 98 7 5 15 2.07951153922995]
[3.9889858984144118 'Conceptual' 0.0035353013250510215 98.44990603304099
 2.6271186440677963 98 7 5 16 3.9889858984144118]
[3.1355120418572233 'Conceptual' 0.0035353013250510215 98.44990603304099
 1.3559322033898304 98 7 5 17 3.1355120418572233]
[2.564988587461261 'Conceptual' 0.0035353013250510215 98.44990603304099
 1.0169491525423728 98 7 5 18 2.564988587461261]
[3.3322173672354087 'Conceptual' 0.0035353013250510215 98.44990603304099
 1.4406779661016949 98 7 5 19 3.3322173672354087]
[0.0 'Conceptual' 0.0035353013250510215 98.44990603304099 0.0 98 7 6 0 0.0]
[4.1431386789849 'Conceptual' 0.0035353013250510215 98.44990603304099
 0.1694915254237288 98 7 6 1 4.1431386789849]
[3.269043730380279 'Conceptual' 0.0035353013250510215 98.44990603304099
 1.4745762711864405 98 7 6 2 3.269043730380279]
[3.4965169553617512 'Conceptual' 0.0035353013250510215 98.44990603304099
 6.288135593220338 98 7 6 3 3.4965169553617512]
[3.4965169553617512 'Conceptual' 0.0035353013250510215 98.44990603304099
 4.1525423728813555 98 7 6 4 3.4965169553617512]
[3.8476307959122686 'Conceptual' 0.0035353013250510215 98.44990603304099
 0.3389830508474576 98 7 6 5 3.8476307959122686]
[2.9444626630965 'Conceptual' 0.0035353013250510215 98.44990603304099
 2.694915254237288 98 7 6 6 2.9444626630965]
[3.529707984847307 'Conceptual' 0.0035353013250510215 98.44990603304099
 0.4915254237288135 98 7 6 7 3.529707984847307]
[3.663568056365511 'Conceptual' 0.0035353013250510215 98.44990603304099
 2.711864406779661 98 7 6 8 3.663568056365511]
[3.224939771184083 'Conceptual' 0.0035353013250510215 98.44990603304099
 0.5084745762711864 98 7 6 9 3.224939771184083]
[2.4849499821824717 'Conceptual' 0.0035353013250510215 98.44990603304099
 1.5254237288135593 98 7 6 10 2.4849499821824717]
[3.367307898879162 'Conceptual' 0.0035353013250510215 98.44990603304099
 1.9491525423728813 98 7 6 11 3.367307898879162]
[2.0795115392299506 'Conceptual' 0.0035353013250510215 98.44990603304099
 1.271186440677966 98 7 6 12 2.0795115392299506]
[2.9444626630965 'Conceptual' 0.0035353013250510215 98.44990603304099
 1.5254237288135593 98 7 6 13 2.9444626630965]
[2.564988587461261 'Conceptual' 0.0035353013250510215 98.44990603304099
 1.271186440677966 98 7 6 14 2.564988587461261]
[2.07951153922995 'Conceptual' 0.0035353013250510215 98.44990603304099
 0.9322033898305084 98 7 6 15 2.07951153922995]
[3.9889858984144118 'Conceptual' 0.0035353013250510215 98.44990603304099
 2.6271186440677963 98 7 6 16 3.9889858984144118]
[3.1355120418572233 'Conceptual' 0.0035353013250510215 98.44990603304099
 1.3559322033898304 98 7 6 17 3.1355120418572233]
[2.564988587461261 'Conceptual' 0.0035353013250510215 98.44990603304099
 1.0169491525423728 98 7 6 18 2.564988587461261]
[3.3322173672354087 'Conceptual' 0.0035353013250510215 98.44990603304099
 1.4406779661016949 98 7 6 19 3.3322173672354087]
[0.0 'Conceptual' 0.0035353013250510215 98.44990603304099 0.0 98 7 8 0 0.0]
[4.1431386789849 'Conceptual' 0.0035353013250510215 98.44990603304099
 0.1694915254237288 98 7 8 1 4.1431386789849]
[3.269043730380279 'Conceptual' 0.0035353013250510215 98.44990603304099
 1.4745762711864405 98 7 8 2 3.269043730380279]
[3.4965169553617512 'Conceptual' 0.0035353013250510215 98.44990603304099
 6.288135593220338 98 7 8 3 3.4965169553617512]
[3.4965169553617512 'Conceptual' 0.0035353013250510215 98.44990603304099
 4.1525423728813555 98 7 8 4 3.4965169553617512]
[3.8476307959122686 'Conceptual' 0.0035353013250510215 98.44990603304099
 0.3389830508474576 98 7 8 5 3.8476307959122686]
[2.9444626630965 'Conceptual' 0.0035353013250510215 98.44990603304099
 2.694915254237288 98 7 8 6 2.9444626630965]
[3.529707984847307 'Conceptual' 0.0035353013250510215 98.44990603304099
 0.4915254237288135 98 7 8 7 3.529707984847307]
[3.663568056365511 'Conceptual' 0.0035353013250510215 98.44990603304099
 2.711864406779661 98 7 8 8 3.663568056365511]
[3.224939771184083 'Conceptual' 0.0035353013250510215 98.44990603304099
 0.5084745762711864 98 7 8 9 3.224939771184083]
[2.4849499821824717 'Conceptual' 0.0035353013250510215 98.44990603304099
 1.5254237288135593 98 7 8 10 2.4849499821824717]
[3.367307898879162 'Conceptual' 0.0035353013250510215 98.44990603304099
 1.9491525423728813 98 7 8 11 3.367307898879162]
[2.0795115392299506 'Conceptual' 0.0035353013250510215 98.44990603304099
 1.271186440677966 98 7 8 12 2.0795115392299506]
[2.9444626630965 'Conceptual' 0.0035353013250510215 98.44990603304099
 1.5254237288135593 98 7 8 13 2.9444626630965]
[2.564988587461261 'Conceptual' 0.0035353013250510215 98.44990603304099
 1.271186440677966 98 7 8 14 2.564988587461261]
[2.07951153922995 'Conceptual' 0.0035353013250510215 98.44990603304099
 0.9322033898305084 98 7 8 15 2.07951153922995]
[3.9889858984144118 'Conceptual' 0.0035353013250510215 98.44990603304099
 2.6271186440677963 98 7 8 16 3.9889858984144118]
[3.1355120418572233 'Conceptual' 0.0035353013250510215 98.44990603304099
 1.3559322033898304 98 7 8 17 3.1355120418572233]
[2.564988587461261 'Conceptual' 0.0035353013250510215 98.44990603304099
 1.0169491525423728 98 7 8 18 2.564988587461261]
[3.3322173672354087 'Conceptual' 0.0035353013250510215 98.44990603304099
 1.4406779661016949 98 7 8 19 3.3322173672354087]
