[0.0 'Spatial' 0.054129797075049946 0.26220883009583484 0.0 26 5 0 0 0.0]
[4.849786668888646 'Spatial' 0.054129797075049946 0.26220883009583484
 10.169491525423728 26 5 0 1 4.849786668888646]
[3.265531111053914 'Spatial' 0.054129797075049946 0.26220883009583484
 3.6101694915254234 26 5 0 2 3.265531111053914]
[5.049344383575764 'Spatial' 0.054129797075049946 0.26220883009583484
 0.1694915254237288 26 5 0 3 5.049344383575764]
[5.0429611011298165 'Spatial' 0.054129797075049946 0.26220883009583484
 0.1694915254237288 26 5 0 4 5.0429611011298165]
[0.6093108196172252 'Spatial' 0.054129797075049946 0.26220883009583484
 0.1694915254237288 26 5 0 5 0.6093108196172252]
[0.0006298016333097749 'Spatial' 0.054129797075049946 0.26220883009583484
 0.1694915254237288 26 5 0 6 0.0006298016333097749]
[3.5514967826862183 'Spatial' 0.054129797075049946 0.26220883009583484
 2.694915254237288 26 5 0 7 3.5514967826862183]
[0.8403162577006038 'Spatial' 0.054129797075049946 0.26220883009583484
 3.0338983050847457 26 5 0 8 0.8403162577006038]
[2.2240125059011784 'Spatial' 0.054129797075049946 0.26220883009583484
 4.627118644067796 26 5 0 9 2.2240125059011784]
[1.2110582698254333 'Spatial' 0.054129797075049946 0.26220883009583484
 4.220338983050847 26 5 0 10 1.2110582698254333]
[0.0006298016333097749 'Spatial' 0.054129797075049946 0.26220883009583484
 0.1694915254237288 26 5 0 11 0.0006298016333097749]
[3.5168590529838095 'Spatial' 0.054129797075049946 0.26220883009583484
 10.169491525423728 26 5 0 12 3.5168590529838095]
[0.0006298016333097749 'Spatial' 0.054129797075049946 0.26220883009583484
 0.1694915254237288 26 5 0 13 0.0006298016333097749]
[0.0006298016333097749 'Spatial' 0.054129797075049946 0.26220883009583484
 0.1694915254237288 26 5 0 14 0.0006298016333097749]
[0.0006298016333097749 'Spatial' 0.054129797075049946 0.26220883009583484
 0.1694915254237288 26 5 0 15 0.0006298016333097749]
[11.513555266603538 'Spatial' 0.054129797075049946 0.26220883009583484
 0.1694915254237288 26 5 0 16 11.513555266603538]
[0.0006298016333097749 'Spatial' 0.054129797075049946 0.26220883009583484
 0.1694915254237288 26 5 0 17 0.0006298016333097749]
[0.0006298016333097749 'Spatial' 0.054129797075049946 0.26220883009583484
 0.1694915254237288 26 5 0 18 0.0006298016333097749]
[0.0006298016333097749 'Spatial' 0.054129797075049946 0.26220883009583484
 0.1694915254237288 26 5 0 19 0.0006298016333097749]
[0.0 'Spatial' 0.054129797075049946 0.26220883009583484 0.0 26 5 1 0 0.0]
[4.849786668888646 'Spatial' 0.054129797075049946 0.26220883009583484
 10.169491525423728 26 5 1 1 4.849786668888646]
[3.265531111053914 'Spatial' 0.054129797075049946 0.26220883009583484
 3.6101694915254234 26 5 1 2 3.265531111053914]
[5.049344383575764 'Spatial' 0.054129797075049946 0.26220883009583484
 0.1694915254237288 26 5 1 3 5.049344383575764]
[5.0429611011298165 'Spatial' 0.054129797075049946 0.26220883009583484
 0.1694915254237288 26 5 1 4 5.0429611011298165]
[0.6093108196172252 'Spatial' 0.054129797075049946 0.26220883009583484
 0.1694915254237288 26 5 1 5 0.6093108196172252]
[0.0006298016333097749 'Spatial' 0.054129797075049946 0.26220883009583484
 0.1694915254237288 26 5 1 6 0.0006298016333097749]
[3.5514967826862183 'Spatial' 0.054129797075049946 0.26220883009583484
 2.694915254237288 26 5 1 7 3.5514967826862183]
[0.8403162577006038 'Spatial' 0.054129797075049946 0.26220883009583484
 3.0338983050847457 26 5 1 8 0.8403162577006038]
[2.2240125059011784 'Spatial' 0.054129797075049946 0.26220883009583484
 4.627118644067796 26 5 1 9 2.2240125059011784]
[1.2110582698254333 'Spatial' 0.054129797075049946 0.26220883009583484
 4.220338983050847 26 5 1 10 1.2110582698254333]
[0.0006298016333097749 'Spatial' 0.054129797075049946 0.26220883009583484
 0.1694915254237288 26 5 1 11 0.0006298016333097749]
[3.5168590529838095 'Spatial' 0.054129797075049946 0.26220883009583484
 10.169491525423728 26 5 1 12 3.5168590529838095]
[0.0006298016333097749 'Spatial' 0.054129797075049946 0.26220883009583484
 0.1694915254237288 26 5 1 13 0.0006298016333097749]
[0.0006298016333097749 'Spatial' 0.054129797075049946 0.26220883009583484
 0.1694915254237288 26 5 1 14 0.0006298016333097749]
[0.0006298016333097749 'Spatial' 0.054129797075049946 0.26220883009583484
 0.1694915254237288 26 5 1 15 0.0006298016333097749]
[11.513555266603538 'Spatial' 0.054129797075049946 0.26220883009583484
 0.1694915254237288 26 5 1 16 11.513555266603538]
[0.0006298016333097749 'Spatial' 0.054129797075049946 0.26220883009583484
 0.1694915254237288 26 5 1 17 0.0006298016333097749]
[0.0006298016333097749 'Spatial' 0.054129797075049946 0.26220883009583484
 0.1694915254237288 26 5 1 18 0.0006298016333097749]
[0.0006298016333097749 'Spatial' 0.054129797075049946 0.26220883009583484
 0.1694915254237288 26 5 1 19 0.0006298016333097749]
[0.0 'Spatial' 0.054129797075049946 0.26220883009583484 0.0 26 5 2 0 0.0]
[4.849786668888646 'Spatial' 0.054129797075049946 0.26220883009583484
 10.169491525423728 26 5 2 1 4.849786668888646]
[3.265531111053914 'Spatial' 0.054129797075049946 0.26220883009583484
 3.6101694915254234 26 5 2 2 3.265531111053914]
[5.049344383575764 'Spatial' 0.054129797075049946 0.26220883009583484
 0.1694915254237288 26 5 2 3 5.049344383575764]
[5.0429611011298165 'Spatial' 0.054129797075049946 0.26220883009583484
 0.1694915254237288 26 5 2 4 5.0429611011298165]
[0.6093108196172252 'Spatial' 0.054129797075049946 0.26220883009583484
 0.1694915254237288 26 5 2 5 0.6093108196172252]
[0.0006298016333097749 'Spatial' 0.054129797075049946 0.26220883009583484
 0.1694915254237288 26 5 2 6 0.0006298016333097749]
[3.5514967826862183 'Spatial' 0.054129797075049946 0.26220883009583484
 2.694915254237288 26 5 2 7 3.5514967826862183]
[0.8403162577006038 'Spatial' 0.054129797075049946 0.26220883009583484
 3.0338983050847457 26 5 2 8 0.8403162577006038]
[2.2240125059011784 'Spatial' 0.054129797075049946 0.26220883009583484
 4.627118644067796 26 5 2 9 2.2240125059011784]
[1.2110582698254333 'Spatial' 0.054129797075049946 0.26220883009583484
 4.220338983050847 26 5 2 10 1.2110582698254333]
[0.0006298016333097749 'Spatial' 0.054129797075049946 0.26220883009583484
 0.1694915254237288 26 5 2 11 0.0006298016333097749]
[3.5168590529838095 'Spatial' 0.054129797075049946 0.26220883009583484
 10.169491525423728 26 5 2 12 3.5168590529838095]
[0.0006298016333097749 'Spatial' 0.054129797075049946 0.26220883009583484
 0.1694915254237288 26 5 2 13 0.0006298016333097749]
[0.0006298016333097749 'Spatial' 0.054129797075049946 0.26220883009583484
 0.1694915254237288 26 5 2 14 0.0006298016333097749]
[0.0006298016333097749 'Spatial' 0.054129797075049946 0.26220883009583484
 0.1694915254237288 26 5 2 15 0.0006298016333097749]
[11.513555266603538 'Spatial' 0.054129797075049946 0.26220883009583484
 0.1694915254237288 26 5 2 16 11.513555266603538]
[0.0006298016333097749 'Spatial' 0.054129797075049946 0.26220883009583484
 0.1694915254237288 26 5 2 17 0.0006298016333097749]
[0.0006298016333097749 'Spatial' 0.054129797075049946 0.26220883009583484
 0.1694915254237288 26 5 2 18 0.0006298016333097749]
[0.0006298016333097749 'Spatial' 0.054129797075049946 0.26220883009583484
 0.1694915254237288 26 5 2 19 0.0006298016333097749]
[0.0 'Spatial' 0.054129797075049946 0.26220883009583484 0.0 26 5 3 0 0.0]
[4.849786668888646 'Spatial' 0.054129797075049946 0.26220883009583484
 10.169491525423728 26 5 3 1 4.849786668888646]
[3.265531111053914 'Spatial' 0.054129797075049946 0.26220883009583484
 3.6101694915254234 26 5 3 2 3.265531111053914]
[5.049344383575764 'Spatial' 0.054129797075049946 0.26220883009583484
 0.1694915254237288 26 5 3 3 5.049344383575764]
[5.0429611011298165 'Spatial' 0.054129797075049946 0.26220883009583484
 0.1694915254237288 26 5 3 4 5.0429611011298165]
[0.6093108196172252 'Spatial' 0.054129797075049946 0.26220883009583484
 0.1694915254237288 26 5 3 5 0.6093108196172252]
[0.0006298016333097749 'Spatial' 0.054129797075049946 0.26220883009583484
 0.1694915254237288 26 5 3 6 0.0006298016333097749]
[3.5514967826862183 'Spatial' 0.054129797075049946 0.26220883009583484
 2.694915254237288 26 5 3 7 3.5514967826862183]
[0.8403162577006038 'Spatial' 0.054129797075049946 0.26220883009583484
 3.0338983050847457 26 5 3 8 0.8403162577006038]
[2.2240125059011784 'Spatial' 0.054129797075049946 0.26220883009583484
 4.627118644067796 26 5 3 9 2.2240125059011784]
[1.2110582698254333 'Spatial' 0.054129797075049946 0.26220883009583484
 4.220338983050847 26 5 3 10 1.2110582698254333]
[0.0006298016333097749 'Spatial' 0.054129797075049946 0.26220883009583484
 0.1694915254237288 26 5 3 11 0.0006298016333097749]
[3.5168590529838095 'Spatial' 0.054129797075049946 0.26220883009583484
 10.169491525423728 26 5 3 12 3.5168590529838095]
[0.0006298016333097749 'Spatial' 0.054129797075049946 0.26220883009583484
 0.1694915254237288 26 5 3 13 0.0006298016333097749]
[0.0006298016333097749 'Spatial' 0.054129797075049946 0.26220883009583484
 0.1694915254237288 26 5 3 14 0.0006298016333097749]
[0.0006298016333097749 'Spatial' 0.054129797075049946 0.26220883009583484
 0.1694915254237288 26 5 3 15 0.0006298016333097749]
[11.513555266603538 'Spatial' 0.054129797075049946 0.26220883009583484
 0.1694915254237288 26 5 3 16 11.513555266603538]
[0.0006298016333097749 'Spatial' 0.054129797075049946 0.26220883009583484
 0.1694915254237288 26 5 3 17 0.0006298016333097749]
[0.0006298016333097749 'Spatial' 0.054129797075049946 0.26220883009583484
 0.1694915254237288 26 5 3 18 0.0006298016333097749]
[0.0006298016333097749 'Spatial' 0.054129797075049946 0.26220883009583484
 0.1694915254237288 26 5 3 19 0.0006298016333097749]
[0.0 'Spatial' 0.054129797075049946 0.26220883009583484 0.0 26 5 4 0 0.0]
[4.849786668888646 'Spatial' 0.054129797075049946 0.26220883009583484
 10.169491525423728 26 5 4 1 4.849786668888646]
[3.265531111053914 'Spatial' 0.054129797075049946 0.26220883009583484
 3.6101694915254234 26 5 4 2 3.265531111053914]
[5.049344383575764 'Spatial' 0.054129797075049946 0.26220883009583484
 0.1694915254237288 26 5 4 3 5.049344383575764]
[5.0429611011298165 'Spatial' 0.054129797075049946 0.26220883009583484
 0.1694915254237288 26 5 4 4 5.0429611011298165]
[0.6093108196172252 'Spatial' 0.054129797075049946 0.26220883009583484
 0.1694915254237288 26 5 4 5 0.6093108196172252]
[0.0006298016333097749 'Spatial' 0.054129797075049946 0.26220883009583484
 0.1694915254237288 26 5 4 6 0.0006298016333097749]
[3.5514967826862183 'Spatial' 0.054129797075049946 0.26220883009583484
 2.694915254237288 26 5 4 7 3.5514967826862183]
[0.8403162577006038 'Spatial' 0.054129797075049946 0.26220883009583484
 3.0338983050847457 26 5 4 8 0.8403162577006038]
[2.2240125059011784 'Spatial' 0.054129797075049946 0.26220883009583484
 4.627118644067796 26 5 4 9 2.2240125059011784]
[1.2110582698254333 'Spatial' 0.054129797075049946 0.26220883009583484
 4.220338983050847 26 5 4 10 1.2110582698254333]
[0.0006298016333097749 'Spatial' 0.054129797075049946 0.26220883009583484
 0.1694915254237288 26 5 4 11 0.0006298016333097749]
[3.5168590529838095 'Spatial' 0.054129797075049946 0.26220883009583484
 10.169491525423728 26 5 4 12 3.5168590529838095]
[0.0006298016333097749 'Spatial' 0.054129797075049946 0.26220883009583484
 0.1694915254237288 26 5 4 13 0.0006298016333097749]
[0.0006298016333097749 'Spatial' 0.054129797075049946 0.26220883009583484
 0.1694915254237288 26 5 4 14 0.0006298016333097749]
[0.0006298016333097749 'Spatial' 0.054129797075049946 0.26220883009583484
 0.1694915254237288 26 5 4 15 0.0006298016333097749]
[11.513555266603538 'Spatial' 0.054129797075049946 0.26220883009583484
 0.1694915254237288 26 5 4 16 11.513555266603538]
[0.0006298016333097749 'Spatial' 0.054129797075049946 0.26220883009583484
 0.1694915254237288 26 5 4 17 0.0006298016333097749]
[0.0006298016333097749 'Spatial' 0.054129797075049946 0.26220883009583484
 0.1694915254237288 26 5 4 18 0.0006298016333097749]
[0.0006298016333097749 'Spatial' 0.054129797075049946 0.26220883009583484
 0.1694915254237288 26 5 4 19 0.0006298016333097749]
[0.0 'Spatial' 0.054129797075049946 0.26220883009583484 0.0 26 5 6 0 0.0]
[4.849786668888646 'Spatial' 0.054129797075049946 0.26220883009583484
 10.169491525423728 26 5 6 1 4.849786668888646]
[3.265531111053914 'Spatial' 0.054129797075049946 0.26220883009583484
 3.6101694915254234 26 5 6 2 3.265531111053914]
[5.049344383575764 'Spatial' 0.054129797075049946 0.26220883009583484
 0.1694915254237288 26 5 6 3 5.049344383575764]
[5.0429611011298165 'Spatial' 0.054129797075049946 0.26220883009583484
 0.1694915254237288 26 5 6 4 5.0429611011298165]
[0.6093108196172252 'Spatial' 0.054129797075049946 0.26220883009583484
 0.1694915254237288 26 5 6 5 0.6093108196172252]
[0.0006298016333097749 'Spatial' 0.054129797075049946 0.26220883009583484
 0.1694915254237288 26 5 6 6 0.0006298016333097749]
[3.5514967826862183 'Spatial' 0.054129797075049946 0.26220883009583484
 2.694915254237288 26 5 6 7 3.5514967826862183]
[0.8403162577006038 'Spatial' 0.054129797075049946 0.26220883009583484
 3.0338983050847457 26 5 6 8 0.8403162577006038]
[2.2240125059011784 'Spatial' 0.054129797075049946 0.26220883009583484
 4.627118644067796 26 5 6 9 2.2240125059011784]
[1.2110582698254333 'Spatial' 0.054129797075049946 0.26220883009583484
 4.220338983050847 26 5 6 10 1.2110582698254333]
[0.0006298016333097749 'Spatial' 0.054129797075049946 0.26220883009583484
 0.1694915254237288 26 5 6 11 0.0006298016333097749]
[3.5168590529838095 'Spatial' 0.054129797075049946 0.26220883009583484
 10.169491525423728 26 5 6 12 3.5168590529838095]
[0.0006298016333097749 'Spatial' 0.054129797075049946 0.26220883009583484
 0.1694915254237288 26 5 6 13 0.0006298016333097749]
[0.0006298016333097749 'Spatial' 0.054129797075049946 0.26220883009583484
 0.1694915254237288 26 5 6 14 0.0006298016333097749]
[0.0006298016333097749 'Spatial' 0.054129797075049946 0.26220883009583484
 0.1694915254237288 26 5 6 15 0.0006298016333097749]
[11.513555266603538 'Spatial' 0.054129797075049946 0.26220883009583484
 0.1694915254237288 26 5 6 16 11.513555266603538]
[0.0006298016333097749 'Spatial' 0.054129797075049946 0.26220883009583484
 0.1694915254237288 26 5 6 17 0.0006298016333097749]
[0.0006298016333097749 'Spatial' 0.054129797075049946 0.26220883009583484
 0.1694915254237288 26 5 6 18 0.0006298016333097749]
[0.0006298016333097749 'Spatial' 0.054129797075049946 0.26220883009583484
 0.1694915254237288 26 5 6 19 0.0006298016333097749]
[0.0 'Spatial' 0.054129797075049946 0.26220883009583484 0.0 26 5 7 0 0.0]
[4.849786668888646 'Spatial' 0.054129797075049946 0.26220883009583484
 10.169491525423728 26 5 7 1 4.849786668888646]
[3.265531111053914 'Spatial' 0.054129797075049946 0.26220883009583484
 3.6101694915254234 26 5 7 2 3.265531111053914]
[5.049344383575764 'Spatial' 0.054129797075049946 0.26220883009583484
 0.1694915254237288 26 5 7 3 5.049344383575764]
[5.0429611011298165 'Spatial' 0.054129797075049946 0.26220883009583484
 0.1694915254237288 26 5 7 4 5.0429611011298165]
[0.6093108196172252 'Spatial' 0.054129797075049946 0.26220883009583484
 0.1694915254237288 26 5 7 5 0.6093108196172252]
[0.0006298016333097749 'Spatial' 0.054129797075049946 0.26220883009583484
 0.1694915254237288 26 5 7 6 0.0006298016333097749]
[3.5514967826862183 'Spatial' 0.054129797075049946 0.26220883009583484
 2.694915254237288 26 5 7 7 3.5514967826862183]
[0.8403162577006038 'Spatial' 0.054129797075049946 0.26220883009583484
 3.0338983050847457 26 5 7 8 0.8403162577006038]
[2.2240125059011784 'Spatial' 0.054129797075049946 0.26220883009583484
 4.627118644067796 26 5 7 9 2.2240125059011784]
[1.2110582698254333 'Spatial' 0.054129797075049946 0.26220883009583484
 4.220338983050847 26 5 7 10 1.2110582698254333]
[0.0006298016333097749 'Spatial' 0.054129797075049946 0.26220883009583484
 0.1694915254237288 26 5 7 11 0.0006298016333097749]
[3.5168590529838095 'Spatial' 0.054129797075049946 0.26220883009583484
 10.169491525423728 26 5 7 12 3.5168590529838095]
[0.0006298016333097749 'Spatial' 0.054129797075049946 0.26220883009583484
 0.1694915254237288 26 5 7 13 0.0006298016333097749]
[0.0006298016333097749 'Spatial' 0.054129797075049946 0.26220883009583484
 0.1694915254237288 26 5 7 14 0.0006298016333097749]
[0.0006298016333097749 'Spatial' 0.054129797075049946 0.26220883009583484
 0.1694915254237288 26 5 7 15 0.0006298016333097749]
[11.513555266603538 'Spatial' 0.054129797075049946 0.26220883009583484
 0.1694915254237288 26 5 7 16 11.513555266603538]
[0.0006298016333097749 'Spatial' 0.054129797075049946 0.26220883009583484
 0.1694915254237288 26 5 7 17 0.0006298016333097749]
[0.0006298016333097749 'Spatial' 0.054129797075049946 0.26220883009583484
 0.1694915254237288 26 5 7 18 0.0006298016333097749]
[0.0006298016333097749 'Spatial' 0.054129797075049946 0.26220883009583484
 0.1694915254237288 26 5 7 19 0.0006298016333097749]
[0.0 'Spatial' 0.054129797075049946 0.26220883009583484 0.0 26 5 8 0 0.0]
[4.849786668888646 'Spatial' 0.054129797075049946 0.26220883009583484
 10.169491525423728 26 5 8 1 4.849786668888646]
[3.265531111053914 'Spatial' 0.054129797075049946 0.26220883009583484
 3.6101694915254234 26 5 8 2 3.265531111053914]
[5.049344383575764 'Spatial' 0.054129797075049946 0.26220883009583484
 0.1694915254237288 26 5 8 3 5.049344383575764]
[5.0429611011298165 'Spatial' 0.054129797075049946 0.26220883009583484
 0.1694915254237288 26 5 8 4 5.0429611011298165]
[0.6093108196172252 'Spatial' 0.054129797075049946 0.26220883009583484
 0.1694915254237288 26 5 8 5 0.6093108196172252]
[0.0006298016333097749 'Spatial' 0.054129797075049946 0.26220883009583484
 0.1694915254237288 26 5 8 6 0.0006298016333097749]
[3.5514967826862183 'Spatial' 0.054129797075049946 0.26220883009583484
 2.694915254237288 26 5 8 7 3.5514967826862183]
[0.8403162577006038 'Spatial' 0.054129797075049946 0.26220883009583484
 3.0338983050847457 26 5 8 8 0.8403162577006038]
[2.2240125059011784 'Spatial' 0.054129797075049946 0.26220883009583484
 4.627118644067796 26 5 8 9 2.2240125059011784]
[1.2110582698254333 'Spatial' 0.054129797075049946 0.26220883009583484
 4.220338983050847 26 5 8 10 1.2110582698254333]
[0.0006298016333097749 'Spatial' 0.054129797075049946 0.26220883009583484
 0.1694915254237288 26 5 8 11 0.0006298016333097749]
[3.5168590529838095 'Spatial' 0.054129797075049946 0.26220883009583484
 10.169491525423728 26 5 8 12 3.5168590529838095]
[0.0006298016333097749 'Spatial' 0.054129797075049946 0.26220883009583484
 0.1694915254237288 26 5 8 13 0.0006298016333097749]
[0.0006298016333097749 'Spatial' 0.054129797075049946 0.26220883009583484
 0.1694915254237288 26 5 8 14 0.0006298016333097749]
[0.0006298016333097749 'Spatial' 0.054129797075049946 0.26220883009583484
 0.1694915254237288 26 5 8 15 0.0006298016333097749]
[11.513555266603538 'Spatial' 0.054129797075049946 0.26220883009583484
 0.1694915254237288 26 5 8 16 11.513555266603538]
[0.0006298016333097749 'Spatial' 0.054129797075049946 0.26220883009583484
 0.1694915254237288 26 5 8 17 0.0006298016333097749]
[0.0006298016333097749 'Spatial' 0.054129797075049946 0.26220883009583484
 0.1694915254237288 26 5 8 18 0.0006298016333097749]
[0.0006298016333097749 'Spatial' 0.054129797075049946 0.26220883009583484
 0.1694915254237288 26 5 8 19 0.0006298016333097749]
