[0.0 'Conceptual' 0.06565010196300834 0.017365871970043037 0.0 2 7 0 0 0.0]
[4.106490292050762 'Conceptual' 0.06565010196300834 0.017365871970043037
 1.694915254237288 2 7 0 1 4.106490292050762]
[1.033530419753715 'Conceptual' 0.06565010196300834 0.017365871970043037
 0.1694915254237288 2 7 0 2 1.033530419753715]
[3.397553332198148 'Conceptual' 0.06565010196300834 0.017365871970043037
 3.949152542372881 2 7 0 3 3.397553332198148]
[0.028895223871371296 'Conceptual' 0.06565010196300834
 0.017365871970043037 0.1694915254237288 2 7 0 4 0.028895223871371296]
[2.4253928904802975 'Conceptual' 0.06565010196300834 0.017365871970043037
 2.3728813559322033 2 7 0 5 2.4253928904802975]
[3.450385949557013 'Conceptual' 0.06565010196300834 0.017365871970043037
 5.7627118644067785 2 7 0 6 3.450385949557013]
[3.55189608175553 'Conceptual' 0.06565010196300834 0.017365871970043037
 6.830508474576271 2 7 0 7 3.55189608175553]
[3.5486129382694322 'Conceptual' 0.06565010196300834 0.017365871970043037
 7.372881355932203 2 7 0 8 3.5486129382694322]
[4.1702117458384445 'Conceptual' 0.06565010196300834 0.017365871970043037
 10.169491525423728 2 7 0 9 4.1702117458384445]
[0.009253285803526762 'Conceptual' 0.06565010196300834
 0.017365871970043037 0.1694915254237288 2 7 0 10 0.009253285803526762]
[1.822881086966235 'Conceptual' 0.06565010196300834 0.017365871970043037
 3.949152542372881 2 7 0 11 1.822881086966235]
[0.0007819423190880363 'Conceptual' 0.06565010196300834
 0.017365871970043037 0.1694915254237288 2 7 0 12 0.0007819423190880363]
[0.0006298016333102192 'Conceptual' 0.06565010196300834
 0.017365871970043037 0.1694915254237288 2 7 0 13 0.0006298016333102192]
[2.823548674113992 'Conceptual' 0.06565010196300834 0.017365871970043037
 4.966101694915253 2 7 0 14 2.823548674113992]
[2.532277495642447 'Conceptual' 0.06565010196300834 0.017365871970043037
 5.084745762711863 2 7 0 15 2.532277495642447]
[3.7331967998380753 'Conceptual' 0.06565010196300834 0.017365871970043037
 9.54237288135593 2 7 0 16 3.7331967998380753]
[6.967237194018446 'Conceptual' 0.06565010196300834 0.017365871970043037
 10.169491525423728 2 7 0 17 6.967237194018446]
[8.159838158168911 'Conceptual' 0.06565010196300834 0.017365871970043037
 10.169491525423728 2 7 0 18 8.159838158168911]
[0.0006298016333102192 'Conceptual' 0.06565010196300834
 0.017365871970043037 0.1694915254237288 2 7 0 19 0.0006298016333102192]
[0.0 'Conceptual' 0.06565010196300834 0.017365871970043037 0.0 2 7 1 0 0.0]
[4.106490292050762 'Conceptual' 0.06565010196300834 0.017365871970043037
 1.694915254237288 2 7 1 1 4.106490292050762]
[1.033530419753715 'Conceptual' 0.06565010196300834 0.017365871970043037
 0.1694915254237288 2 7 1 2 1.033530419753715]
[3.397553332198148 'Conceptual' 0.06565010196300834 0.017365871970043037
 3.949152542372881 2 7 1 3 3.397553332198148]
[0.028895223871371296 'Conceptual' 0.06565010196300834
 0.017365871970043037 0.1694915254237288 2 7 1 4 0.028895223871371296]
[2.4253928904802975 'Conceptual' 0.06565010196300834 0.017365871970043037
 2.3728813559322033 2 7 1 5 2.4253928904802975]
[3.450385949557013 'Conceptual' 0.06565010196300834 0.017365871970043037
 5.7627118644067785 2 7 1 6 3.450385949557013]
[3.55189608175553 'Conceptual' 0.06565010196300834 0.017365871970043037
 6.830508474576271 2 7 1 7 3.55189608175553]
[3.5486129382694322 'Conceptual' 0.06565010196300834 0.017365871970043037
 7.372881355932203 2 7 1 8 3.5486129382694322]
[4.1702117458384445 'Conceptual' 0.06565010196300834 0.017365871970043037
 10.169491525423728 2 7 1 9 4.1702117458384445]
[0.009253285803526762 'Conceptual' 0.06565010196300834
 0.017365871970043037 0.1694915254237288 2 7 1 10 0.009253285803526762]
[1.822881086966235 'Conceptual' 0.06565010196300834 0.017365871970043037
 3.949152542372881 2 7 1 11 1.822881086966235]
[0.0007819423190880363 'Conceptual' 0.06565010196300834
 0.017365871970043037 0.1694915254237288 2 7 1 12 0.0007819423190880363]
[0.0006298016333102192 'Conceptual' 0.06565010196300834
 0.017365871970043037 0.1694915254237288 2 7 1 13 0.0006298016333102192]
[2.823548674113992 'Conceptual' 0.06565010196300834 0.017365871970043037
 4.966101694915253 2 7 1 14 2.823548674113992]
[2.532277495642447 'Conceptual' 0.06565010196300834 0.017365871970043037
 5.084745762711863 2 7 1 15 2.532277495642447]
[3.7331967998380753 'Conceptual' 0.06565010196300834 0.017365871970043037
 9.54237288135593 2 7 1 16 3.7331967998380753]
[6.967237194018446 'Conceptual' 0.06565010196300834 0.017365871970043037
 10.169491525423728 2 7 1 17 6.967237194018446]
[8.159838158168911 'Conceptual' 0.06565010196300834 0.017365871970043037
 10.169491525423728 2 7 1 18 8.159838158168911]
[0.0006298016333102192 'Conceptual' 0.06565010196300834
 0.017365871970043037 0.1694915254237288 2 7 1 19 0.0006298016333102192]
[0.0 'Conceptual' 0.06565010196300834 0.017365871970043037 0.0 2 7 2 0 0.0]
[4.106490292050762 'Conceptual' 0.06565010196300834 0.017365871970043037
 1.694915254237288 2 7 2 1 4.106490292050762]
[1.033530419753715 'Conceptual' 0.06565010196300834 0.017365871970043037
 0.1694915254237288 2 7 2 2 1.033530419753715]
[3.397553332198148 'Conceptual' 0.06565010196300834 0.017365871970043037
 3.949152542372881 2 7 2 3 3.397553332198148]
[0.028895223871371296 'Conceptual' 0.06565010196300834
 0.017365871970043037 0.1694915254237288 2 7 2 4 0.028895223871371296]
[2.4253928904802975 'Conceptual' 0.06565010196300834 0.017365871970043037
 2.3728813559322033 2 7 2 5 2.4253928904802975]
[3.450385949557013 'Conceptual' 0.06565010196300834 0.017365871970043037
 5.7627118644067785 2 7 2 6 3.450385949557013]
[3.55189608175553 'Conceptual' 0.06565010196300834 0.017365871970043037
 6.830508474576271 2 7 2 7 3.55189608175553]
[3.5486129382694322 'Conceptual' 0.06565010196300834 0.017365871970043037
 7.372881355932203 2 7 2 8 3.5486129382694322]
[4.1702117458384445 'Conceptual' 0.06565010196300834 0.017365871970043037
 10.169491525423728 2 7 2 9 4.1702117458384445]
[0.009253285803526762 'Conceptual' 0.06565010196300834
 0.017365871970043037 0.1694915254237288 2 7 2 10 0.009253285803526762]
[1.822881086966235 'Conceptual' 0.06565010196300834 0.017365871970043037
 3.949152542372881 2 7 2 11 1.822881086966235]
[0.0007819423190880363 'Conceptual' 0.06565010196300834
 0.017365871970043037 0.1694915254237288 2 7 2 12 0.0007819423190880363]
[0.0006298016333102192 'Conceptual' 0.06565010196300834
 0.017365871970043037 0.1694915254237288 2 7 2 13 0.0006298016333102192]
[2.823548674113992 'Conceptual' 0.06565010196300834 0.017365871970043037
 4.966101694915253 2 7 2 14 2.823548674113992]
[2.532277495642447 'Conceptual' 0.06565010196300834 0.017365871970043037
 5.084745762711863 2 7 2 15 2.532277495642447]
[3.7331967998380753 'Conceptual' 0.06565010196300834 0.017365871970043037
 9.54237288135593 2 7 2 16 3.7331967998380753]
[6.967237194018446 'Conceptual' 0.06565010196300834 0.017365871970043037
 10.169491525423728 2 7 2 17 6.967237194018446]
[8.159838158168911 'Conceptual' 0.06565010196300834 0.017365871970043037
 10.169491525423728 2 7 2 18 8.159838158168911]
[0.0006298016333102192 'Conceptual' 0.06565010196300834
 0.017365871970043037 0.1694915254237288 2 7 2 19 0.0006298016333102192]
[0.0 'Conceptual' 0.06565010196300834 0.017365871970043037 0.0 2 7 3 0 0.0]
[4.106490292050762 'Conceptual' 0.06565010196300834 0.017365871970043037
 1.694915254237288 2 7 3 1 4.106490292050762]
[1.033530419753715 'Conceptual' 0.06565010196300834 0.017365871970043037
 0.1694915254237288 2 7 3 2 1.033530419753715]
[3.397553332198148 'Conceptual' 0.06565010196300834 0.017365871970043037
 3.949152542372881 2 7 3 3 3.397553332198148]
[0.028895223871371296 'Conceptual' 0.06565010196300834
 0.017365871970043037 0.1694915254237288 2 7 3 4 0.028895223871371296]
[2.4253928904802975 'Conceptual' 0.06565010196300834 0.017365871970043037
 2.3728813559322033 2 7 3 5 2.4253928904802975]
[3.450385949557013 'Conceptual' 0.06565010196300834 0.017365871970043037
 5.7627118644067785 2 7 3 6 3.450385949557013]
[3.55189608175553 'Conceptual' 0.06565010196300834 0.017365871970043037
 6.830508474576271 2 7 3 7 3.55189608175553]
[3.5486129382694322 'Conceptual' 0.06565010196300834 0.017365871970043037
 7.372881355932203 2 7 3 8 3.5486129382694322]
[4.1702117458384445 'Conceptual' 0.06565010196300834 0.017365871970043037
 10.169491525423728 2 7 3 9 4.1702117458384445]
[0.009253285803526762 'Conceptual' 0.06565010196300834
 0.017365871970043037 0.1694915254237288 2 7 3 10 0.009253285803526762]
[1.822881086966235 'Conceptual' 0.06565010196300834 0.017365871970043037
 3.949152542372881 2 7 3 11 1.822881086966235]
[0.0007819423190880363 'Conceptual' 0.06565010196300834
 0.017365871970043037 0.1694915254237288 2 7 3 12 0.0007819423190880363]
[0.0006298016333102192 'Conceptual' 0.06565010196300834
 0.017365871970043037 0.1694915254237288 2 7 3 13 0.0006298016333102192]
[2.823548674113992 'Conceptual' 0.06565010196300834 0.017365871970043037
 4.966101694915253 2 7 3 14 2.823548674113992]
[2.532277495642447 'Conceptual' 0.06565010196300834 0.017365871970043037
 5.084745762711863 2 7 3 15 2.532277495642447]
[3.7331967998380753 'Conceptual' 0.06565010196300834 0.017365871970043037
 9.54237288135593 2 7 3 16 3.7331967998380753]
[6.967237194018446 'Conceptual' 0.06565010196300834 0.017365871970043037
 10.169491525423728 2 7 3 17 6.967237194018446]
[8.159838158168911 'Conceptual' 0.06565010196300834 0.017365871970043037
 10.169491525423728 2 7 3 18 8.159838158168911]
[0.0006298016333102192 'Conceptual' 0.06565010196300834
 0.017365871970043037 0.1694915254237288 2 7 3 19 0.0006298016333102192]
[0.0 'Conceptual' 0.06565010196300834 0.017365871970043037 0.0 2 7 4 0 0.0]
[4.106490292050762 'Conceptual' 0.06565010196300834 0.017365871970043037
 1.694915254237288 2 7 4 1 4.106490292050762]
[1.033530419753715 'Conceptual' 0.06565010196300834 0.017365871970043037
 0.1694915254237288 2 7 4 2 1.033530419753715]
[3.397553332198148 'Conceptual' 0.06565010196300834 0.017365871970043037
 3.949152542372881 2 7 4 3 3.397553332198148]
[0.028895223871371296 'Conceptual' 0.06565010196300834
 0.017365871970043037 0.1694915254237288 2 7 4 4 0.028895223871371296]
[2.4253928904802975 'Conceptual' 0.06565010196300834 0.017365871970043037
 2.3728813559322033 2 7 4 5 2.4253928904802975]
[3.450385949557013 'Conceptual' 0.06565010196300834 0.017365871970043037
 5.7627118644067785 2 7 4 6 3.450385949557013]
[3.55189608175553 'Conceptual' 0.06565010196300834 0.017365871970043037
 6.830508474576271 2 7 4 7 3.55189608175553]
[3.5486129382694322 'Conceptual' 0.06565010196300834 0.017365871970043037
 7.372881355932203 2 7 4 8 3.5486129382694322]
[4.1702117458384445 'Conceptual' 0.06565010196300834 0.017365871970043037
 10.169491525423728 2 7 4 9 4.1702117458384445]
[0.009253285803526762 'Conceptual' 0.06565010196300834
 0.017365871970043037 0.1694915254237288 2 7 4 10 0.009253285803526762]
[1.822881086966235 'Conceptual' 0.06565010196300834 0.017365871970043037
 3.949152542372881 2 7 4 11 1.822881086966235]
[0.0007819423190880363 'Conceptual' 0.06565010196300834
 0.017365871970043037 0.1694915254237288 2 7 4 12 0.0007819423190880363]
[0.0006298016333102192 'Conceptual' 0.06565010196300834
 0.017365871970043037 0.1694915254237288 2 7 4 13 0.0006298016333102192]
[2.823548674113992 'Conceptual' 0.06565010196300834 0.017365871970043037
 4.966101694915253 2 7 4 14 2.823548674113992]
[2.532277495642447 'Conceptual' 0.06565010196300834 0.017365871970043037
 5.084745762711863 2 7 4 15 2.532277495642447]
[3.7331967998380753 'Conceptual' 0.06565010196300834 0.017365871970043037
 9.54237288135593 2 7 4 16 3.7331967998380753]
[6.967237194018446 'Conceptual' 0.06565010196300834 0.017365871970043037
 10.169491525423728 2 7 4 17 6.967237194018446]
[8.159838158168911 'Conceptual' 0.06565010196300834 0.017365871970043037
 10.169491525423728 2 7 4 18 8.159838158168911]
[0.0006298016333102192 'Conceptual' 0.06565010196300834
 0.017365871970043037 0.1694915254237288 2 7 4 19 0.0006298016333102192]
[0.0 'Conceptual' 0.06565010196300834 0.017365871970043037 0.0 2 7 5 0 0.0]
[4.106490292050762 'Conceptual' 0.06565010196300834 0.017365871970043037
 1.694915254237288 2 7 5 1 4.106490292050762]
[1.033530419753715 'Conceptual' 0.06565010196300834 0.017365871970043037
 0.1694915254237288 2 7 5 2 1.033530419753715]
[3.397553332198148 'Conceptual' 0.06565010196300834 0.017365871970043037
 3.949152542372881 2 7 5 3 3.397553332198148]
[0.028895223871371296 'Conceptual' 0.06565010196300834
 0.017365871970043037 0.1694915254237288 2 7 5 4 0.028895223871371296]
[2.4253928904802975 'Conceptual' 0.06565010196300834 0.017365871970043037
 2.3728813559322033 2 7 5 5 2.4253928904802975]
[3.450385949557013 'Conceptual' 0.06565010196300834 0.017365871970043037
 5.7627118644067785 2 7 5 6 3.450385949557013]
[3.55189608175553 'Conceptual' 0.06565010196300834 0.017365871970043037
 6.830508474576271 2 7 5 7 3.55189608175553]
[3.5486129382694322 'Conceptual' 0.06565010196300834 0.017365871970043037
 7.372881355932203 2 7 5 8 3.5486129382694322]
[4.1702117458384445 'Conceptual' 0.06565010196300834 0.017365871970043037
 10.169491525423728 2 7 5 9 4.1702117458384445]
[0.009253285803526762 'Conceptual' 0.06565010196300834
 0.017365871970043037 0.1694915254237288 2 7 5 10 0.009253285803526762]
[1.822881086966235 'Conceptual' 0.06565010196300834 0.017365871970043037
 3.949152542372881 2 7 5 11 1.822881086966235]
[0.0007819423190880363 'Conceptual' 0.06565010196300834
 0.017365871970043037 0.1694915254237288 2 7 5 12 0.0007819423190880363]
[0.0006298016333102192 'Conceptual' 0.06565010196300834
 0.017365871970043037 0.1694915254237288 2 7 5 13 0.0006298016333102192]
[2.823548674113992 'Conceptual' 0.06565010196300834 0.017365871970043037
 4.966101694915253 2 7 5 14 2.823548674113992]
[2.532277495642447 'Conceptual' 0.06565010196300834 0.017365871970043037
 5.084745762711863 2 7 5 15 2.532277495642447]
[3.7331967998380753 'Conceptual' 0.06565010196300834 0.017365871970043037
 9.54237288135593 2 7 5 16 3.7331967998380753]
[6.967237194018446 'Conceptual' 0.06565010196300834 0.017365871970043037
 10.169491525423728 2 7 5 17 6.967237194018446]
[8.159838158168911 'Conceptual' 0.06565010196300834 0.017365871970043037
 10.169491525423728 2 7 5 18 8.159838158168911]
[0.0006298016333102192 'Conceptual' 0.06565010196300834
 0.017365871970043037 0.1694915254237288 2 7 5 19 0.0006298016333102192]
[0.0 'Conceptual' 0.06565010196300834 0.017365871970043037 0.0 2 7 6 0 0.0]
[4.106490292050762 'Conceptual' 0.06565010196300834 0.017365871970043037
 1.694915254237288 2 7 6 1 4.106490292050762]
[1.033530419753715 'Conceptual' 0.06565010196300834 0.017365871970043037
 0.1694915254237288 2 7 6 2 1.033530419753715]
[3.397553332198148 'Conceptual' 0.06565010196300834 0.017365871970043037
 3.949152542372881 2 7 6 3 3.397553332198148]
[0.028895223871371296 'Conceptual' 0.06565010196300834
 0.017365871970043037 0.1694915254237288 2 7 6 4 0.028895223871371296]
[2.4253928904802975 'Conceptual' 0.06565010196300834 0.017365871970043037
 2.3728813559322033 2 7 6 5 2.4253928904802975]
[3.450385949557013 'Conceptual' 0.06565010196300834 0.017365871970043037
 5.7627118644067785 2 7 6 6 3.450385949557013]
[3.55189608175553 'Conceptual' 0.06565010196300834 0.017365871970043037
 6.830508474576271 2 7 6 7 3.55189608175553]
[3.5486129382694322 'Conceptual' 0.06565010196300834 0.017365871970043037
 7.372881355932203 2 7 6 8 3.5486129382694322]
[4.1702117458384445 'Conceptual' 0.06565010196300834 0.017365871970043037
 10.169491525423728 2 7 6 9 4.1702117458384445]
[0.009253285803526762 'Conceptual' 0.06565010196300834
 0.017365871970043037 0.1694915254237288 2 7 6 10 0.009253285803526762]
[1.822881086966235 'Conceptual' 0.06565010196300834 0.017365871970043037
 3.949152542372881 2 7 6 11 1.822881086966235]
[0.0007819423190880363 'Conceptual' 0.06565010196300834
 0.017365871970043037 0.1694915254237288 2 7 6 12 0.0007819423190880363]
[0.0006298016333102192 'Conceptual' 0.06565010196300834
 0.017365871970043037 0.1694915254237288 2 7 6 13 0.0006298016333102192]
[2.823548674113992 'Conceptual' 0.06565010196300834 0.017365871970043037
 4.966101694915253 2 7 6 14 2.823548674113992]
[2.532277495642447 'Conceptual' 0.06565010196300834 0.017365871970043037
 5.084745762711863 2 7 6 15 2.532277495642447]
[3.7331967998380753 'Conceptual' 0.06565010196300834 0.017365871970043037
 9.54237288135593 2 7 6 16 3.7331967998380753]
[6.967237194018446 'Conceptual' 0.06565010196300834 0.017365871970043037
 10.169491525423728 2 7 6 17 6.967237194018446]
[8.159838158168911 'Conceptual' 0.06565010196300834 0.017365871970043037
 10.169491525423728 2 7 6 18 8.159838158168911]
[0.0006298016333102192 'Conceptual' 0.06565010196300834
 0.017365871970043037 0.1694915254237288 2 7 6 19 0.0006298016333102192]
[0.0 'Conceptual' 0.06565010196300834 0.017365871970043037 0.0 2 7 8 0 0.0]
[4.106490292050762 'Conceptual' 0.06565010196300834 0.017365871970043037
 1.694915254237288 2 7 8 1 4.106490292050762]
[1.033530419753715 'Conceptual' 0.06565010196300834 0.017365871970043037
 0.1694915254237288 2 7 8 2 1.033530419753715]
[3.397553332198148 'Conceptual' 0.06565010196300834 0.017365871970043037
 3.949152542372881 2 7 8 3 3.397553332198148]
[0.028895223871371296 'Conceptual' 0.06565010196300834
 0.017365871970043037 0.1694915254237288 2 7 8 4 0.028895223871371296]
[2.4253928904802975 'Conceptual' 0.06565010196300834 0.017365871970043037
 2.3728813559322033 2 7 8 5 2.4253928904802975]
[3.450385949557013 'Conceptual' 0.06565010196300834 0.017365871970043037
 5.7627118644067785 2 7 8 6 3.450385949557013]
[3.55189608175553 'Conceptual' 0.06565010196300834 0.017365871970043037
 6.830508474576271 2 7 8 7 3.55189608175553]
[3.5486129382694322 'Conceptual' 0.06565010196300834 0.017365871970043037
 7.372881355932203 2 7 8 8 3.5486129382694322]
[4.1702117458384445 'Conceptual' 0.06565010196300834 0.017365871970043037
 10.169491525423728 2 7 8 9 4.1702117458384445]
[0.009253285803526762 'Conceptual' 0.06565010196300834
 0.017365871970043037 0.1694915254237288 2 7 8 10 0.009253285803526762]
[1.822881086966235 'Conceptual' 0.06565010196300834 0.017365871970043037
 3.949152542372881 2 7 8 11 1.822881086966235]
[0.0007819423190880363 'Conceptual' 0.06565010196300834
 0.017365871970043037 0.1694915254237288 2 7 8 12 0.0007819423190880363]
[0.0006298016333102192 'Conceptual' 0.06565010196300834
 0.017365871970043037 0.1694915254237288 2 7 8 13 0.0006298016333102192]
[2.823548674113992 'Conceptual' 0.06565010196300834 0.017365871970043037
 4.966101694915253 2 7 8 14 2.823548674113992]
[2.532277495642447 'Conceptual' 0.06565010196300834 0.017365871970043037
 5.084745762711863 2 7 8 15 2.532277495642447]
[3.7331967998380753 'Conceptual' 0.06565010196300834 0.017365871970043037
 9.54237288135593 2 7 8 16 3.7331967998380753]
[6.967237194018446 'Conceptual' 0.06565010196300834 0.017365871970043037
 10.169491525423728 2 7 8 17 6.967237194018446]
[8.159838158168911 'Conceptual' 0.06565010196300834 0.017365871970043037
 10.169491525423728 2 7 8 18 8.159838158168911]
[0.0006298016333102192 'Conceptual' 0.06565010196300834
 0.017365871970043037 0.1694915254237288 2 7 8 19 0.0006298016333102192]
