[0.0 'Spatial' 0.028328762728442394 0.4937924361968503 0.0 37 1 0 0 0.0]
[3.6319132434834898 'Spatial' 0.028328762728442394 0.4937924361968503
 2.254237288135593 37 1 0 1 3.6319132434834898]
[2.817182652495024 'Spatial' 0.028328762728442394 0.4937924361968503
 2.2033898305084745 37 1 0 2 2.817182652495024]
[2.589264497184155 'Spatial' 0.028328762728442394 0.4937924361968503
 1.7796610169491525 37 1 0 3 2.589264497184155]
[0.8563699432393101 'Spatial' 0.028328762728442394 0.4937924361968503
 2.3559322033898304 37 1 0 4 0.8563699432393101]
[0.037573730533191824 'Spatial' 0.028328762728442394 0.4937924361968503
 1.0169491525423728 37 1 0 5 0.037573730533191824]
[0.0006298016333102192 'Spatial' 0.028328762728442394 0.4937924361968503
 0.1694915254237288 37 1 0 6 0.0006298016333102192]
[0.0006298016333102192 'Spatial' 0.028328762728442394 0.4937924361968503
 0.1694915254237288 37 1 0 7 0.0006298016333102192]
[0.0006298016333102192 'Spatial' 0.028328762728442394 0.4937924361968503
 0.1694915254237288 37 1 0 8 0.0006298016333102192]
[0.0006298016333102192 'Spatial' 0.028328762728442394 0.4937924361968503
 0.1694915254237288 37 1 0 9 0.0006298016333102192]
[1.4792350068221034 'Spatial' 0.028328762728442394 0.4937924361968503
 7.169491525423728 37 1 0 10 1.4792350068221034]
[0.0006298016333102192 'Spatial' 0.028328762728442394 0.4937924361968503
 0.1694915254237288 37 1 0 11 0.0006298016333102192]
[0.0006298016333102192 'Spatial' 0.028328762728442394 0.4937924361968503
 0.1694915254237288 37 1 0 12 0.0006298016333102192]
[0.0006298016333102192 'Spatial' 0.028328762728442394 0.4937924361968503
 0.1694915254237288 37 1 0 13 0.0006298016333102192]
[0.0006298016333102192 'Spatial' 0.028328762728442394 0.4937924361968503
 0.1694915254237288 37 1 0 14 0.0006298016333102192]
[0.0006298016333102192 'Spatial' 0.028328762728442394 0.4937924361968503
 0.1694915254237288 37 1 0 15 0.0006298016333102192]
[0.0006298016333102192 'Spatial' 0.028328762728442394 0.4937924361968503
 0.1694915254237288 37 1 0 16 0.0006298016333102192]
[0.0006298016333102192 'Spatial' 0.028328762728442394 0.4937924361968503
 0.1694915254237288 37 1 0 17 0.0006298016333102192]
[0.0006298016333102192 'Spatial' 0.028328762728442394 0.4937924361968503
 0.1694915254237288 37 1 0 18 0.0006298016333102192]
[0.0006298016333102192 'Spatial' 0.028328762728442394 0.4937924361968503
 0.1694915254237288 37 1 0 19 0.0006298016333102192]
[0.0 'Spatial' 0.028328762728442394 0.4937924361968503 0.0 37 1 2 0 0.0]
[3.6319132434834898 'Spatial' 0.028328762728442394 0.4937924361968503
 2.254237288135593 37 1 2 1 3.6319132434834898]
[2.817182652495024 'Spatial' 0.028328762728442394 0.4937924361968503
 2.2033898305084745 37 1 2 2 2.817182652495024]
[2.589264497184155 'Spatial' 0.028328762728442394 0.4937924361968503
 1.7796610169491525 37 1 2 3 2.589264497184155]
[0.8563699432393101 'Spatial' 0.028328762728442394 0.4937924361968503
 2.3559322033898304 37 1 2 4 0.8563699432393101]
[0.037573730533191824 'Spatial' 0.028328762728442394 0.4937924361968503
 1.0169491525423728 37 1 2 5 0.037573730533191824]
[0.0006298016333102192 'Spatial' 0.028328762728442394 0.4937924361968503
 0.1694915254237288 37 1 2 6 0.0006298016333102192]
[0.0006298016333102192 'Spatial' 0.028328762728442394 0.4937924361968503
 0.1694915254237288 37 1 2 7 0.0006298016333102192]
[0.0006298016333102192 'Spatial' 0.028328762728442394 0.4937924361968503
 0.1694915254237288 37 1 2 8 0.0006298016333102192]
[0.0006298016333102192 'Spatial' 0.028328762728442394 0.4937924361968503
 0.1694915254237288 37 1 2 9 0.0006298016333102192]
[1.4792350068221034 'Spatial' 0.028328762728442394 0.4937924361968503
 7.169491525423728 37 1 2 10 1.4792350068221034]
[0.0006298016333102192 'Spatial' 0.028328762728442394 0.4937924361968503
 0.1694915254237288 37 1 2 11 0.0006298016333102192]
[0.0006298016333102192 'Spatial' 0.028328762728442394 0.4937924361968503
 0.1694915254237288 37 1 2 12 0.0006298016333102192]
[0.0006298016333102192 'Spatial' 0.028328762728442394 0.4937924361968503
 0.1694915254237288 37 1 2 13 0.0006298016333102192]
[0.0006298016333102192 'Spatial' 0.028328762728442394 0.4937924361968503
 0.1694915254237288 37 1 2 14 0.0006298016333102192]
[0.0006298016333102192 'Spatial' 0.028328762728442394 0.4937924361968503
 0.1694915254237288 37 1 2 15 0.0006298016333102192]
[0.0006298016333102192 'Spatial' 0.028328762728442394 0.4937924361968503
 0.1694915254237288 37 1 2 16 0.0006298016333102192]
[0.0006298016333102192 'Spatial' 0.028328762728442394 0.4937924361968503
 0.1694915254237288 37 1 2 17 0.0006298016333102192]
[0.0006298016333102192 'Spatial' 0.028328762728442394 0.4937924361968503
 0.1694915254237288 37 1 2 18 0.0006298016333102192]
[0.0006298016333102192 'Spatial' 0.028328762728442394 0.4937924361968503
 0.1694915254237288 37 1 2 19 0.0006298016333102192]
[0.0 'Spatial' 0.028328762728442394 0.4937924361968503 0.0 37 1 3 0 0.0]
[3.6319132434834898 'Spatial' 0.028328762728442394 0.4937924361968503
 2.254237288135593 37 1 3 1 3.6319132434834898]
[2.817182652495024 'Spatial' 0.028328762728442394 0.4937924361968503
 2.2033898305084745 37 1 3 2 2.817182652495024]
[2.589264497184155 'Spatial' 0.028328762728442394 0.4937924361968503
 1.7796610169491525 37 1 3 3 2.589264497184155]
[0.8563699432393101 'Spatial' 0.028328762728442394 0.4937924361968503
 2.3559322033898304 37 1 3 4 0.8563699432393101]
[0.037573730533191824 'Spatial' 0.028328762728442394 0.4937924361968503
 1.0169491525423728 37 1 3 5 0.037573730533191824]
[0.0006298016333102192 'Spatial' 0.028328762728442394 0.4937924361968503
 0.1694915254237288 37 1 3 6 0.0006298016333102192]
[0.0006298016333102192 'Spatial' 0.028328762728442394 0.4937924361968503
 0.1694915254237288 37 1 3 7 0.0006298016333102192]
[0.0006298016333102192 'Spatial' 0.028328762728442394 0.4937924361968503
 0.1694915254237288 37 1 3 8 0.0006298016333102192]
[0.0006298016333102192 'Spatial' 0.028328762728442394 0.4937924361968503
 0.1694915254237288 37 1 3 9 0.0006298016333102192]
[1.4792350068221034 'Spatial' 0.028328762728442394 0.4937924361968503
 7.169491525423728 37 1 3 10 1.4792350068221034]
[0.0006298016333102192 'Spatial' 0.028328762728442394 0.4937924361968503
 0.1694915254237288 37 1 3 11 0.0006298016333102192]
[0.0006298016333102192 'Spatial' 0.028328762728442394 0.4937924361968503
 0.1694915254237288 37 1 3 12 0.0006298016333102192]
[0.0006298016333102192 'Spatial' 0.028328762728442394 0.4937924361968503
 0.1694915254237288 37 1 3 13 0.0006298016333102192]
[0.0006298016333102192 'Spatial' 0.028328762728442394 0.4937924361968503
 0.1694915254237288 37 1 3 14 0.0006298016333102192]
[0.0006298016333102192 'Spatial' 0.028328762728442394 0.4937924361968503
 0.1694915254237288 37 1 3 15 0.0006298016333102192]
[0.0006298016333102192 'Spatial' 0.028328762728442394 0.4937924361968503
 0.1694915254237288 37 1 3 16 0.0006298016333102192]
[0.0006298016333102192 'Spatial' 0.028328762728442394 0.4937924361968503
 0.1694915254237288 37 1 3 17 0.0006298016333102192]
[0.0006298016333102192 'Spatial' 0.028328762728442394 0.4937924361968503
 0.1694915254237288 37 1 3 18 0.0006298016333102192]
[0.0006298016333102192 'Spatial' 0.028328762728442394 0.4937924361968503
 0.1694915254237288 37 1 3 19 0.0006298016333102192]
[0.0 'Spatial' 0.028328762728442394 0.4937924361968503 0.0 37 1 4 0 0.0]
[3.6319132434834898 'Spatial' 0.028328762728442394 0.4937924361968503
 2.254237288135593 37 1 4 1 3.6319132434834898]
[2.817182652495024 'Spatial' 0.028328762728442394 0.4937924361968503
 2.2033898305084745 37 1 4 2 2.817182652495024]
[2.589264497184155 'Spatial' 0.028328762728442394 0.4937924361968503
 1.7796610169491525 37 1 4 3 2.589264497184155]
[0.8563699432393101 'Spatial' 0.028328762728442394 0.4937924361968503
 2.3559322033898304 37 1 4 4 0.8563699432393101]
[0.037573730533191824 'Spatial' 0.028328762728442394 0.4937924361968503
 1.0169491525423728 37 1 4 5 0.037573730533191824]
[0.0006298016333102192 'Spatial' 0.028328762728442394 0.4937924361968503
 0.1694915254237288 37 1 4 6 0.0006298016333102192]
[0.0006298016333102192 'Spatial' 0.028328762728442394 0.4937924361968503
 0.1694915254237288 37 1 4 7 0.0006298016333102192]
[0.0006298016333102192 'Spatial' 0.028328762728442394 0.4937924361968503
 0.1694915254237288 37 1 4 8 0.0006298016333102192]
[0.0006298016333102192 'Spatial' 0.028328762728442394 0.4937924361968503
 0.1694915254237288 37 1 4 9 0.0006298016333102192]
[1.4792350068221034 'Spatial' 0.028328762728442394 0.4937924361968503
 7.169491525423728 37 1 4 10 1.4792350068221034]
[0.0006298016333102192 'Spatial' 0.028328762728442394 0.4937924361968503
 0.1694915254237288 37 1 4 11 0.0006298016333102192]
[0.0006298016333102192 'Spatial' 0.028328762728442394 0.4937924361968503
 0.1694915254237288 37 1 4 12 0.0006298016333102192]
[0.0006298016333102192 'Spatial' 0.028328762728442394 0.4937924361968503
 0.1694915254237288 37 1 4 13 0.0006298016333102192]
[0.0006298016333102192 'Spatial' 0.028328762728442394 0.4937924361968503
 0.1694915254237288 37 1 4 14 0.0006298016333102192]
[0.0006298016333102192 'Spatial' 0.028328762728442394 0.4937924361968503
 0.1694915254237288 37 1 4 15 0.0006298016333102192]
[0.0006298016333102192 'Spatial' 0.028328762728442394 0.4937924361968503
 0.1694915254237288 37 1 4 16 0.0006298016333102192]
[0.0006298016333102192 'Spatial' 0.028328762728442394 0.4937924361968503
 0.1694915254237288 37 1 4 17 0.0006298016333102192]
[0.0006298016333102192 'Spatial' 0.028328762728442394 0.4937924361968503
 0.1694915254237288 37 1 4 18 0.0006298016333102192]
[0.0006298016333102192 'Spatial' 0.028328762728442394 0.4937924361968503
 0.1694915254237288 37 1 4 19 0.0006298016333102192]
[0.0 'Spatial' 0.028328762728442394 0.4937924361968503 0.0 37 1 5 0 0.0]
[3.6319132434834898 'Spatial' 0.028328762728442394 0.4937924361968503
 2.254237288135593 37 1 5 1 3.6319132434834898]
[2.817182652495024 'Spatial' 0.028328762728442394 0.4937924361968503
 2.2033898305084745 37 1 5 2 2.817182652495024]
[2.589264497184155 'Spatial' 0.028328762728442394 0.4937924361968503
 1.7796610169491525 37 1 5 3 2.589264497184155]
[0.8563699432393101 'Spatial' 0.028328762728442394 0.4937924361968503
 2.3559322033898304 37 1 5 4 0.8563699432393101]
[0.037573730533191824 'Spatial' 0.028328762728442394 0.4937924361968503
 1.0169491525423728 37 1 5 5 0.037573730533191824]
[0.0006298016333102192 'Spatial' 0.028328762728442394 0.4937924361968503
 0.1694915254237288 37 1 5 6 0.0006298016333102192]
[0.0006298016333102192 'Spatial' 0.028328762728442394 0.4937924361968503
 0.1694915254237288 37 1 5 7 0.0006298016333102192]
[0.0006298016333102192 'Spatial' 0.028328762728442394 0.4937924361968503
 0.1694915254237288 37 1 5 8 0.0006298016333102192]
[0.0006298016333102192 'Spatial' 0.028328762728442394 0.4937924361968503
 0.1694915254237288 37 1 5 9 0.0006298016333102192]
[1.4792350068221034 'Spatial' 0.028328762728442394 0.4937924361968503
 7.169491525423728 37 1 5 10 1.4792350068221034]
[0.0006298016333102192 'Spatial' 0.028328762728442394 0.4937924361968503
 0.1694915254237288 37 1 5 11 0.0006298016333102192]
[0.0006298016333102192 'Spatial' 0.028328762728442394 0.4937924361968503
 0.1694915254237288 37 1 5 12 0.0006298016333102192]
[0.0006298016333102192 'Spatial' 0.028328762728442394 0.4937924361968503
 0.1694915254237288 37 1 5 13 0.0006298016333102192]
[0.0006298016333102192 'Spatial' 0.028328762728442394 0.4937924361968503
 0.1694915254237288 37 1 5 14 0.0006298016333102192]
[0.0006298016333102192 'Spatial' 0.028328762728442394 0.4937924361968503
 0.1694915254237288 37 1 5 15 0.0006298016333102192]
[0.0006298016333102192 'Spatial' 0.028328762728442394 0.4937924361968503
 0.1694915254237288 37 1 5 16 0.0006298016333102192]
[0.0006298016333102192 'Spatial' 0.028328762728442394 0.4937924361968503
 0.1694915254237288 37 1 5 17 0.0006298016333102192]
[0.0006298016333102192 'Spatial' 0.028328762728442394 0.4937924361968503
 0.1694915254237288 37 1 5 18 0.0006298016333102192]
[0.0006298016333102192 'Spatial' 0.028328762728442394 0.4937924361968503
 0.1694915254237288 37 1 5 19 0.0006298016333102192]
[0.0 'Spatial' 0.028328762728442394 0.4937924361968503 0.0 37 1 6 0 0.0]
[3.6319132434834898 'Spatial' 0.028328762728442394 0.4937924361968503
 2.254237288135593 37 1 6 1 3.6319132434834898]
[2.817182652495024 'Spatial' 0.028328762728442394 0.4937924361968503
 2.2033898305084745 37 1 6 2 2.817182652495024]
[2.589264497184155 'Spatial' 0.028328762728442394 0.4937924361968503
 1.7796610169491525 37 1 6 3 2.589264497184155]
[0.8563699432393101 'Spatial' 0.028328762728442394 0.4937924361968503
 2.3559322033898304 37 1 6 4 0.8563699432393101]
[0.037573730533191824 'Spatial' 0.028328762728442394 0.4937924361968503
 1.0169491525423728 37 1 6 5 0.037573730533191824]
[0.0006298016333102192 'Spatial' 0.028328762728442394 0.4937924361968503
 0.1694915254237288 37 1 6 6 0.0006298016333102192]
[0.0006298016333102192 'Spatial' 0.028328762728442394 0.4937924361968503
 0.1694915254237288 37 1 6 7 0.0006298016333102192]
[0.0006298016333102192 'Spatial' 0.028328762728442394 0.4937924361968503
 0.1694915254237288 37 1 6 8 0.0006298016333102192]
[0.0006298016333102192 'Spatial' 0.028328762728442394 0.4937924361968503
 0.1694915254237288 37 1 6 9 0.0006298016333102192]
[1.4792350068221034 'Spatial' 0.028328762728442394 0.4937924361968503
 7.169491525423728 37 1 6 10 1.4792350068221034]
[0.0006298016333102192 'Spatial' 0.028328762728442394 0.4937924361968503
 0.1694915254237288 37 1 6 11 0.0006298016333102192]
[0.0006298016333102192 'Spatial' 0.028328762728442394 0.4937924361968503
 0.1694915254237288 37 1 6 12 0.0006298016333102192]
[0.0006298016333102192 'Spatial' 0.028328762728442394 0.4937924361968503
 0.1694915254237288 37 1 6 13 0.0006298016333102192]
[0.0006298016333102192 'Spatial' 0.028328762728442394 0.4937924361968503
 0.1694915254237288 37 1 6 14 0.0006298016333102192]
[0.0006298016333102192 'Spatial' 0.028328762728442394 0.4937924361968503
 0.1694915254237288 37 1 6 15 0.0006298016333102192]
[0.0006298016333102192 'Spatial' 0.028328762728442394 0.4937924361968503
 0.1694915254237288 37 1 6 16 0.0006298016333102192]
[0.0006298016333102192 'Spatial' 0.028328762728442394 0.4937924361968503
 0.1694915254237288 37 1 6 17 0.0006298016333102192]
[0.0006298016333102192 'Spatial' 0.028328762728442394 0.4937924361968503
 0.1694915254237288 37 1 6 18 0.0006298016333102192]
[0.0006298016333102192 'Spatial' 0.028328762728442394 0.4937924361968503
 0.1694915254237288 37 1 6 19 0.0006298016333102192]
[0.0 'Spatial' 0.028328762728442394 0.4937924361968503 0.0 37 1 7 0 0.0]
[3.6319132434834898 'Spatial' 0.028328762728442394 0.4937924361968503
 2.254237288135593 37 1 7 1 3.6319132434834898]
[2.817182652495024 'Spatial' 0.028328762728442394 0.4937924361968503
 2.2033898305084745 37 1 7 2 2.817182652495024]
[2.589264497184155 'Spatial' 0.028328762728442394 0.4937924361968503
 1.7796610169491525 37 1 7 3 2.589264497184155]
[0.8563699432393101 'Spatial' 0.028328762728442394 0.4937924361968503
 2.3559322033898304 37 1 7 4 0.8563699432393101]
[0.037573730533191824 'Spatial' 0.028328762728442394 0.4937924361968503
 1.0169491525423728 37 1 7 5 0.037573730533191824]
[0.0006298016333102192 'Spatial' 0.028328762728442394 0.4937924361968503
 0.1694915254237288 37 1 7 6 0.0006298016333102192]
[0.0006298016333102192 'Spatial' 0.028328762728442394 0.4937924361968503
 0.1694915254237288 37 1 7 7 0.0006298016333102192]
[0.0006298016333102192 'Spatial' 0.028328762728442394 0.4937924361968503
 0.1694915254237288 37 1 7 8 0.0006298016333102192]
[0.0006298016333102192 'Spatial' 0.028328762728442394 0.4937924361968503
 0.1694915254237288 37 1 7 9 0.0006298016333102192]
[1.4792350068221034 'Spatial' 0.028328762728442394 0.4937924361968503
 7.169491525423728 37 1 7 10 1.4792350068221034]
[0.0006298016333102192 'Spatial' 0.028328762728442394 0.4937924361968503
 0.1694915254237288 37 1 7 11 0.0006298016333102192]
[0.0006298016333102192 'Spatial' 0.028328762728442394 0.4937924361968503
 0.1694915254237288 37 1 7 12 0.0006298016333102192]
[0.0006298016333102192 'Spatial' 0.028328762728442394 0.4937924361968503
 0.1694915254237288 37 1 7 13 0.0006298016333102192]
[0.0006298016333102192 'Spatial' 0.028328762728442394 0.4937924361968503
 0.1694915254237288 37 1 7 14 0.0006298016333102192]
[0.0006298016333102192 'Spatial' 0.028328762728442394 0.4937924361968503
 0.1694915254237288 37 1 7 15 0.0006298016333102192]
[0.0006298016333102192 'Spatial' 0.028328762728442394 0.4937924361968503
 0.1694915254237288 37 1 7 16 0.0006298016333102192]
[0.0006298016333102192 'Spatial' 0.028328762728442394 0.4937924361968503
 0.1694915254237288 37 1 7 17 0.0006298016333102192]
[0.0006298016333102192 'Spatial' 0.028328762728442394 0.4937924361968503
 0.1694915254237288 37 1 7 18 0.0006298016333102192]
[0.0006298016333102192 'Spatial' 0.028328762728442394 0.4937924361968503
 0.1694915254237288 37 1 7 19 0.0006298016333102192]
[0.0 'Spatial' 0.028328762728442394 0.4937924361968503 0.0 37 1 8 0 0.0]
[3.6319132434834898 'Spatial' 0.028328762728442394 0.4937924361968503
 2.254237288135593 37 1 8 1 3.6319132434834898]
[2.817182652495024 'Spatial' 0.028328762728442394 0.4937924361968503
 2.2033898305084745 37 1 8 2 2.817182652495024]
[2.589264497184155 'Spatial' 0.028328762728442394 0.4937924361968503
 1.7796610169491525 37 1 8 3 2.589264497184155]
[0.8563699432393101 'Spatial' 0.028328762728442394 0.4937924361968503
 2.3559322033898304 37 1 8 4 0.8563699432393101]
[0.037573730533191824 'Spatial' 0.028328762728442394 0.4937924361968503
 1.0169491525423728 37 1 8 5 0.037573730533191824]
[0.0006298016333102192 'Spatial' 0.028328762728442394 0.4937924361968503
 0.1694915254237288 37 1 8 6 0.0006298016333102192]
[0.0006298016333102192 'Spatial' 0.028328762728442394 0.4937924361968503
 0.1694915254237288 37 1 8 7 0.0006298016333102192]
[0.0006298016333102192 'Spatial' 0.028328762728442394 0.4937924361968503
 0.1694915254237288 37 1 8 8 0.0006298016333102192]
[0.0006298016333102192 'Spatial' 0.028328762728442394 0.4937924361968503
 0.1694915254237288 37 1 8 9 0.0006298016333102192]
[1.4792350068221034 'Spatial' 0.028328762728442394 0.4937924361968503
 7.169491525423728 37 1 8 10 1.4792350068221034]
[0.0006298016333102192 'Spatial' 0.028328762728442394 0.4937924361968503
 0.1694915254237288 37 1 8 11 0.0006298016333102192]
[0.0006298016333102192 'Spatial' 0.028328762728442394 0.4937924361968503
 0.1694915254237288 37 1 8 12 0.0006298016333102192]
[0.0006298016333102192 'Spatial' 0.028328762728442394 0.4937924361968503
 0.1694915254237288 37 1 8 13 0.0006298016333102192]
[0.0006298016333102192 'Spatial' 0.028328762728442394 0.4937924361968503
 0.1694915254237288 37 1 8 14 0.0006298016333102192]
[0.0006298016333102192 'Spatial' 0.028328762728442394 0.4937924361968503
 0.1694915254237288 37 1 8 15 0.0006298016333102192]
[0.0006298016333102192 'Spatial' 0.028328762728442394 0.4937924361968503
 0.1694915254237288 37 1 8 16 0.0006298016333102192]
[0.0006298016333102192 'Spatial' 0.028328762728442394 0.4937924361968503
 0.1694915254237288 37 1 8 17 0.0006298016333102192]
[0.0006298016333102192 'Spatial' 0.028328762728442394 0.4937924361968503
 0.1694915254237288 37 1 8 18 0.0006298016333102192]
[0.0006298016333102192 'Spatial' 0.028328762728442394 0.4937924361968503
 0.1694915254237288 37 1 8 19 0.0006298016333102192]
