[0.0 'Conceptual' 0.5771447273308176 78.14180210829642 0.0 13 6 0 0 0.0]
[4.038671796578365 'Conceptual' 0.5771447273308176 78.14180210829642
 0.9999999999999999 13 6 0 1 4.038671796578365]
[3.9309147462112386 'Conceptual' 0.5771447273308176 78.14180210829642
 0.7966101694915253 13 6 0 2 3.9309147462112386]
[2.9130667451974324 'Conceptual' 0.5771447273308176 78.14180210829642
 4.745762711864407 13 6 0 3 2.9130667451974324]
[3.555356839243583 'Conceptual' 0.5771447273308176 78.14180210829642
 4.999999999999999 13 6 0 4 3.555356839243583]
[2.77261872178979 'Conceptual' 0.5771447273308176 78.14180210829642
 2.711864406779661 13 6 0 5 2.77261872178979]
[0.08726081031894735 'Conceptual' 0.5771447273308176 78.14180210829642
 1.3559322033898304 13 6 0 6 0.08726081031894735]
[4.065143948533605 'Conceptual' 0.5771447273308176 78.14180210829642
 0.45762711864406774 13 6 0 7 4.065143948533605]
[3.7612049994025676 'Conceptual' 0.5771447273308176 78.14180210829642
 4.067796610169491 13 6 0 8 3.7612049994025676]
[0.6934571325198734 'Conceptual' 0.5771447273308176 78.14180210829642
 1.3559322033898304 13 6 0 9 0.6934571325198734]
[4.110874355976469 'Conceptual' 0.5771447273308176 78.14180210829642
 5.1694915254237275 13 6 0 10 4.110874355976469]
[3.0932910947510774 'Conceptual' 0.5771447273308176 78.14180210829642
 2.4576271186440675 13 6 0 11 3.0932910947510774]
[2.639093043263233 'Conceptual' 0.5771447273308176 78.14180210829642
 1.8644067796610169 13 6 0 12 2.639093043263233]
[2.4863163647252007 'Conceptual' 0.5771447273308176 78.14180210829642
 1.6779661016949152 13 6 0 13 2.4863163647252007]
[3.688886513858696 'Conceptual' 0.5771447273308176 78.14180210829642
 2.966101694915254 13 6 0 14 3.688886513858696]
[3.4619618470393214 'Conceptual' 0.5771447273308176 78.14180210829642
 2.3559322033898304 13 6 0 15 3.4619618470393214]
[3.9889858984144118 'Conceptual' 0.5771447273308176 78.14180210829642
 3.2203389830508473 13 6 0 16 3.9889858984144118]
[3.5861945297269213 'Conceptual' 0.5771447273308176 78.14180210829642
 2.1864406779661016 13 6 0 17 3.5861945297269213]
[1.609555905472648 'Conceptual' 0.5771447273308176 78.14180210829642
 1.1864406779661016 13 6 0 18 1.609555905472648]
[3.78652503069473 'Conceptual' 0.5771447273308176 78.14180210829642
 2.1864406779661016 13 6 0 19 3.78652503069473]
[0.0 'Conceptual' 0.5771447273308176 78.14180210829642 0.0 13 6 1 0 0.0]
[4.038671796578365 'Conceptual' 0.5771447273308176 78.14180210829642
 0.9999999999999999 13 6 1 1 4.038671796578365]
[3.9309147462112386 'Conceptual' 0.5771447273308176 78.14180210829642
 0.7966101694915253 13 6 1 2 3.9309147462112386]
[2.9130667451974324 'Conceptual' 0.5771447273308176 78.14180210829642
 4.745762711864407 13 6 1 3 2.9130667451974324]
[3.555356839243583 'Conceptual' 0.5771447273308176 78.14180210829642
 4.999999999999999 13 6 1 4 3.555356839243583]
[2.77261872178979 'Conceptual' 0.5771447273308176 78.14180210829642
 2.711864406779661 13 6 1 5 2.77261872178979]
[0.08726081031894735 'Conceptual' 0.5771447273308176 78.14180210829642
 1.3559322033898304 13 6 1 6 0.08726081031894735]
[4.065143948533605 'Conceptual' 0.5771447273308176 78.14180210829642
 0.45762711864406774 13 6 1 7 4.065143948533605]
[3.7612049994025676 'Conceptual' 0.5771447273308176 78.14180210829642
 4.067796610169491 13 6 1 8 3.7612049994025676]
[0.6934571325198734 'Conceptual' 0.5771447273308176 78.14180210829642
 1.3559322033898304 13 6 1 9 0.6934571325198734]
[4.110874355976469 'Conceptual' 0.5771447273308176 78.14180210829642
 5.1694915254237275 13 6 1 10 4.110874355976469]
[3.0932910947510774 'Conceptual' 0.5771447273308176 78.14180210829642
 2.4576271186440675 13 6 1 11 3.0932910947510774]
[2.639093043263233 'Conceptual' 0.5771447273308176 78.14180210829642
 1.8644067796610169 13 6 1 12 2.639093043263233]
[2.4863163647252007 'Conceptual' 0.5771447273308176 78.14180210829642
 1.6779661016949152 13 6 1 13 2.4863163647252007]
[3.688886513858696 'Conceptual' 0.5771447273308176 78.14180210829642
 2.966101694915254 13 6 1 14 3.688886513858696]
[3.4619618470393214 'Conceptual' 0.5771447273308176 78.14180210829642
 2.3559322033898304 13 6 1 15 3.4619618470393214]
[3.9889858984144118 'Conceptual' 0.5771447273308176 78.14180210829642
 3.2203389830508473 13 6 1 16 3.9889858984144118]
[3.5861945297269213 'Conceptual' 0.5771447273308176 78.14180210829642
 2.1864406779661016 13 6 1 17 3.5861945297269213]
[1.609555905472648 'Conceptual' 0.5771447273308176 78.14180210829642
 1.1864406779661016 13 6 1 18 1.609555905472648]
[3.78652503069473 'Conceptual' 0.5771447273308176 78.14180210829642
 2.1864406779661016 13 6 1 19 3.78652503069473]
[0.0 'Conceptual' 0.5771447273308176 78.14180210829642 0.0 13 6 2 0 0.0]
[4.038671796578365 'Conceptual' 0.5771447273308176 78.14180210829642
 0.9999999999999999 13 6 2 1 4.038671796578365]
[3.9309147462112386 'Conceptual' 0.5771447273308176 78.14180210829642
 0.7966101694915253 13 6 2 2 3.9309147462112386]
[2.9130667451974324 'Conceptual' 0.5771447273308176 78.14180210829642
 4.745762711864407 13 6 2 3 2.9130667451974324]
[3.555356839243583 'Conceptual' 0.5771447273308176 78.14180210829642
 4.999999999999999 13 6 2 4 3.555356839243583]
[2.77261872178979 'Conceptual' 0.5771447273308176 78.14180210829642
 2.711864406779661 13 6 2 5 2.77261872178979]
[0.08726081031894735 'Conceptual' 0.5771447273308176 78.14180210829642
 1.3559322033898304 13 6 2 6 0.08726081031894735]
[4.065143948533605 'Conceptual' 0.5771447273308176 78.14180210829642
 0.45762711864406774 13 6 2 7 4.065143948533605]
[3.7612049994025676 'Conceptual' 0.5771447273308176 78.14180210829642
 4.067796610169491 13 6 2 8 3.7612049994025676]
[0.6934571325198734 'Conceptual' 0.5771447273308176 78.14180210829642
 1.3559322033898304 13 6 2 9 0.6934571325198734]
[4.110874355976469 'Conceptual' 0.5771447273308176 78.14180210829642
 5.1694915254237275 13 6 2 10 4.110874355976469]
[3.0932910947510774 'Conceptual' 0.5771447273308176 78.14180210829642
 2.4576271186440675 13 6 2 11 3.0932910947510774]
[2.639093043263233 'Conceptual' 0.5771447273308176 78.14180210829642
 1.8644067796610169 13 6 2 12 2.639093043263233]
[2.4863163647252007 'Conceptual' 0.5771447273308176 78.14180210829642
 1.6779661016949152 13 6 2 13 2.4863163647252007]
[3.688886513858696 'Conceptual' 0.5771447273308176 78.14180210829642
 2.966101694915254 13 6 2 14 3.688886513858696]
[3.4619618470393214 'Conceptual' 0.5771447273308176 78.14180210829642
 2.3559322033898304 13 6 2 15 3.4619618470393214]
[3.9889858984144118 'Conceptual' 0.5771447273308176 78.14180210829642
 3.2203389830508473 13 6 2 16 3.9889858984144118]
[3.5861945297269213 'Conceptual' 0.5771447273308176 78.14180210829642
 2.1864406779661016 13 6 2 17 3.5861945297269213]
[1.609555905472648 'Conceptual' 0.5771447273308176 78.14180210829642
 1.1864406779661016 13 6 2 18 1.609555905472648]
[3.78652503069473 'Conceptual' 0.5771447273308176 78.14180210829642
 2.1864406779661016 13 6 2 19 3.78652503069473]
[0.0 'Conceptual' 0.5771447273308176 78.14180210829642 0.0 13 6 3 0 0.0]
[4.038671796578365 'Conceptual' 0.5771447273308176 78.14180210829642
 0.9999999999999999 13 6 3 1 4.038671796578365]
[3.9309147462112386 'Conceptual' 0.5771447273308176 78.14180210829642
 0.7966101694915253 13 6 3 2 3.9309147462112386]
[2.9130667451974324 'Conceptual' 0.5771447273308176 78.14180210829642
 4.745762711864407 13 6 3 3 2.9130667451974324]
[3.555356839243583 'Conceptual' 0.5771447273308176 78.14180210829642
 4.999999999999999 13 6 3 4 3.555356839243583]
[2.77261872178979 'Conceptual' 0.5771447273308176 78.14180210829642
 2.711864406779661 13 6 3 5 2.77261872178979]
[0.08726081031894735 'Conceptual' 0.5771447273308176 78.14180210829642
 1.3559322033898304 13 6 3 6 0.08726081031894735]
[4.065143948533605 'Conceptual' 0.5771447273308176 78.14180210829642
 0.45762711864406774 13 6 3 7 4.065143948533605]
[3.7612049994025676 'Conceptual' 0.5771447273308176 78.14180210829642
 4.067796610169491 13 6 3 8 3.7612049994025676]
[0.6934571325198734 'Conceptual' 0.5771447273308176 78.14180210829642
 1.3559322033898304 13 6 3 9 0.6934571325198734]
[4.110874355976469 'Conceptual' 0.5771447273308176 78.14180210829642
 5.1694915254237275 13 6 3 10 4.110874355976469]
[3.0932910947510774 'Conceptual' 0.5771447273308176 78.14180210829642
 2.4576271186440675 13 6 3 11 3.0932910947510774]
[2.639093043263233 'Conceptual' 0.5771447273308176 78.14180210829642
 1.8644067796610169 13 6 3 12 2.639093043263233]
[2.4863163647252007 'Conceptual' 0.5771447273308176 78.14180210829642
 1.6779661016949152 13 6 3 13 2.4863163647252007]
[3.688886513858696 'Conceptual' 0.5771447273308176 78.14180210829642
 2.966101694915254 13 6 3 14 3.688886513858696]
[3.4619618470393214 'Conceptual' 0.5771447273308176 78.14180210829642
 2.3559322033898304 13 6 3 15 3.4619618470393214]
[3.9889858984144118 'Conceptual' 0.5771447273308176 78.14180210829642
 3.2203389830508473 13 6 3 16 3.9889858984144118]
[3.5861945297269213 'Conceptual' 0.5771447273308176 78.14180210829642
 2.1864406779661016 13 6 3 17 3.5861945297269213]
[1.609555905472648 'Conceptual' 0.5771447273308176 78.14180210829642
 1.1864406779661016 13 6 3 18 1.609555905472648]
[3.78652503069473 'Conceptual' 0.5771447273308176 78.14180210829642
 2.1864406779661016 13 6 3 19 3.78652503069473]
[0.0 'Conceptual' 0.5771447273308176 78.14180210829642 0.0 13 6 4 0 0.0]
[4.038671796578365 'Conceptual' 0.5771447273308176 78.14180210829642
 0.9999999999999999 13 6 4 1 4.038671796578365]
[3.9309147462112386 'Conceptual' 0.5771447273308176 78.14180210829642
 0.7966101694915253 13 6 4 2 3.9309147462112386]
[2.9130667451974324 'Conceptual' 0.5771447273308176 78.14180210829642
 4.745762711864407 13 6 4 3 2.9130667451974324]
[3.555356839243583 'Conceptual' 0.5771447273308176 78.14180210829642
 4.999999999999999 13 6 4 4 3.555356839243583]
[2.77261872178979 'Conceptual' 0.5771447273308176 78.14180210829642
 2.711864406779661 13 6 4 5 2.77261872178979]
[0.08726081031894735 'Conceptual' 0.5771447273308176 78.14180210829642
 1.3559322033898304 13 6 4 6 0.08726081031894735]
[4.065143948533605 'Conceptual' 0.5771447273308176 78.14180210829642
 0.45762711864406774 13 6 4 7 4.065143948533605]
[3.7612049994025676 'Conceptual' 0.5771447273308176 78.14180210829642
 4.067796610169491 13 6 4 8 3.7612049994025676]
[0.6934571325198734 'Conceptual' 0.5771447273308176 78.14180210829642
 1.3559322033898304 13 6 4 9 0.6934571325198734]
[4.110874355976469 'Conceptual' 0.5771447273308176 78.14180210829642
 5.1694915254237275 13 6 4 10 4.110874355976469]
[3.0932910947510774 'Conceptual' 0.5771447273308176 78.14180210829642
 2.4576271186440675 13 6 4 11 3.0932910947510774]
[2.639093043263233 'Conceptual' 0.5771447273308176 78.14180210829642
 1.8644067796610169 13 6 4 12 2.639093043263233]
[2.4863163647252007 'Conceptual' 0.5771447273308176 78.14180210829642
 1.6779661016949152 13 6 4 13 2.4863163647252007]
[3.688886513858696 'Conceptual' 0.5771447273308176 78.14180210829642
 2.966101694915254 13 6 4 14 3.688886513858696]
[3.4619618470393214 'Conceptual' 0.5771447273308176 78.14180210829642
 2.3559322033898304 13 6 4 15 3.4619618470393214]
[3.9889858984144118 'Conceptual' 0.5771447273308176 78.14180210829642
 3.2203389830508473 13 6 4 16 3.9889858984144118]
[3.5861945297269213 'Conceptual' 0.5771447273308176 78.14180210829642
 2.1864406779661016 13 6 4 17 3.5861945297269213]
[1.609555905472648 'Conceptual' 0.5771447273308176 78.14180210829642
 1.1864406779661016 13 6 4 18 1.609555905472648]
[3.78652503069473 'Conceptual' 0.5771447273308176 78.14180210829642
 2.1864406779661016 13 6 4 19 3.78652503069473]
[0.0 'Conceptual' 0.5771447273308176 78.14180210829642 0.0 13 6 5 0 0.0]
[4.038671796578365 'Conceptual' 0.5771447273308176 78.14180210829642
 0.9999999999999999 13 6 5 1 4.038671796578365]
[3.9309147462112386 'Conceptual' 0.5771447273308176 78.14180210829642
 0.7966101694915253 13 6 5 2 3.9309147462112386]
[2.9130667451974324 'Conceptual' 0.5771447273308176 78.14180210829642
 4.745762711864407 13 6 5 3 2.9130667451974324]
[3.555356839243583 'Conceptual' 0.5771447273308176 78.14180210829642
 4.999999999999999 13 6 5 4 3.555356839243583]
[2.77261872178979 'Conceptual' 0.5771447273308176 78.14180210829642
 2.711864406779661 13 6 5 5 2.77261872178979]
[0.08726081031894735 'Conceptual' 0.5771447273308176 78.14180210829642
 1.3559322033898304 13 6 5 6 0.08726081031894735]
[4.065143948533605 'Conceptual' 0.5771447273308176 78.14180210829642
 0.45762711864406774 13 6 5 7 4.065143948533605]
[3.7612049994025676 'Conceptual' 0.5771447273308176 78.14180210829642
 4.067796610169491 13 6 5 8 3.7612049994025676]
[0.6934571325198734 'Conceptual' 0.5771447273308176 78.14180210829642
 1.3559322033898304 13 6 5 9 0.6934571325198734]
[4.110874355976469 'Conceptual' 0.5771447273308176 78.14180210829642
 5.1694915254237275 13 6 5 10 4.110874355976469]
[3.0932910947510774 'Conceptual' 0.5771447273308176 78.14180210829642
 2.4576271186440675 13 6 5 11 3.0932910947510774]
[2.639093043263233 'Conceptual' 0.5771447273308176 78.14180210829642
 1.8644067796610169 13 6 5 12 2.639093043263233]
[2.4863163647252007 'Conceptual' 0.5771447273308176 78.14180210829642
 1.6779661016949152 13 6 5 13 2.4863163647252007]
[3.688886513858696 'Conceptual' 0.5771447273308176 78.14180210829642
 2.966101694915254 13 6 5 14 3.688886513858696]
[3.4619618470393214 'Conceptual' 0.5771447273308176 78.14180210829642
 2.3559322033898304 13 6 5 15 3.4619618470393214]
[3.9889858984144118 'Conceptual' 0.5771447273308176 78.14180210829642
 3.2203389830508473 13 6 5 16 3.9889858984144118]
[3.5861945297269213 'Conceptual' 0.5771447273308176 78.14180210829642
 2.1864406779661016 13 6 5 17 3.5861945297269213]
[1.609555905472648 'Conceptual' 0.5771447273308176 78.14180210829642
 1.1864406779661016 13 6 5 18 1.609555905472648]
[3.78652503069473 'Conceptual' 0.5771447273308176 78.14180210829642
 2.1864406779661016 13 6 5 19 3.78652503069473]
[0.0 'Conceptual' 0.5771447273308176 78.14180210829642 0.0 13 6 7 0 0.0]
[4.038671796578365 'Conceptual' 0.5771447273308176 78.14180210829642
 0.9999999999999999 13 6 7 1 4.038671796578365]
[3.9309147462112386 'Conceptual' 0.5771447273308176 78.14180210829642
 0.7966101694915253 13 6 7 2 3.9309147462112386]
[2.9130667451974324 'Conceptual' 0.5771447273308176 78.14180210829642
 4.745762711864407 13 6 7 3 2.9130667451974324]
[3.555356839243583 'Conceptual' 0.5771447273308176 78.14180210829642
 4.999999999999999 13 6 7 4 3.555356839243583]
[2.77261872178979 'Conceptual' 0.5771447273308176 78.14180210829642
 2.711864406779661 13 6 7 5 2.77261872178979]
[0.08726081031894735 'Conceptual' 0.5771447273308176 78.14180210829642
 1.3559322033898304 13 6 7 6 0.08726081031894735]
[4.065143948533605 'Conceptual' 0.5771447273308176 78.14180210829642
 0.45762711864406774 13 6 7 7 4.065143948533605]
[3.7612049994025676 'Conceptual' 0.5771447273308176 78.14180210829642
 4.067796610169491 13 6 7 8 3.7612049994025676]
[0.6934571325198734 'Conceptual' 0.5771447273308176 78.14180210829642
 1.3559322033898304 13 6 7 9 0.6934571325198734]
[4.110874355976469 'Conceptual' 0.5771447273308176 78.14180210829642
 5.1694915254237275 13 6 7 10 4.110874355976469]
[3.0932910947510774 'Conceptual' 0.5771447273308176 78.14180210829642
 2.4576271186440675 13 6 7 11 3.0932910947510774]
[2.639093043263233 'Conceptual' 0.5771447273308176 78.14180210829642
 1.8644067796610169 13 6 7 12 2.639093043263233]
[2.4863163647252007 'Conceptual' 0.5771447273308176 78.14180210829642
 1.6779661016949152 13 6 7 13 2.4863163647252007]
[3.688886513858696 'Conceptual' 0.5771447273308176 78.14180210829642
 2.966101694915254 13 6 7 14 3.688886513858696]
[3.4619618470393214 'Conceptual' 0.5771447273308176 78.14180210829642
 2.3559322033898304 13 6 7 15 3.4619618470393214]
[3.9889858984144118 'Conceptual' 0.5771447273308176 78.14180210829642
 3.2203389830508473 13 6 7 16 3.9889858984144118]
[3.5861945297269213 'Conceptual' 0.5771447273308176 78.14180210829642
 2.1864406779661016 13 6 7 17 3.5861945297269213]
[1.609555905472648 'Conceptual' 0.5771447273308176 78.14180210829642
 1.1864406779661016 13 6 7 18 1.609555905472648]
[3.78652503069473 'Conceptual' 0.5771447273308176 78.14180210829642
 2.1864406779661016 13 6 7 19 3.78652503069473]
[0.0 'Conceptual' 0.5771447273308176 78.14180210829642 0.0 13 6 8 0 0.0]
[4.038671796578365 'Conceptual' 0.5771447273308176 78.14180210829642
 0.9999999999999999 13 6 8 1 4.038671796578365]
[3.9309147462112386 'Conceptual' 0.5771447273308176 78.14180210829642
 0.7966101694915253 13 6 8 2 3.9309147462112386]
[2.9130667451974324 'Conceptual' 0.5771447273308176 78.14180210829642
 4.745762711864407 13 6 8 3 2.9130667451974324]
[3.555356839243583 'Conceptual' 0.5771447273308176 78.14180210829642
 4.999999999999999 13 6 8 4 3.555356839243583]
[2.77261872178979 'Conceptual' 0.5771447273308176 78.14180210829642
 2.711864406779661 13 6 8 5 2.77261872178979]
[0.08726081031894735 'Conceptual' 0.5771447273308176 78.14180210829642
 1.3559322033898304 13 6 8 6 0.08726081031894735]
[4.065143948533605 'Conceptual' 0.5771447273308176 78.14180210829642
 0.45762711864406774 13 6 8 7 4.065143948533605]
[3.7612049994025676 'Conceptual' 0.5771447273308176 78.14180210829642
 4.067796610169491 13 6 8 8 3.7612049994025676]
[0.6934571325198734 'Conceptual' 0.5771447273308176 78.14180210829642
 1.3559322033898304 13 6 8 9 0.6934571325198734]
[4.110874355976469 'Conceptual' 0.5771447273308176 78.14180210829642
 5.1694915254237275 13 6 8 10 4.110874355976469]
[3.0932910947510774 'Conceptual' 0.5771447273308176 78.14180210829642
 2.4576271186440675 13 6 8 11 3.0932910947510774]
[2.639093043263233 'Conceptual' 0.5771447273308176 78.14180210829642
 1.8644067796610169 13 6 8 12 2.639093043263233]
[2.4863163647252007 'Conceptual' 0.5771447273308176 78.14180210829642
 1.6779661016949152 13 6 8 13 2.4863163647252007]
[3.688886513858696 'Conceptual' 0.5771447273308176 78.14180210829642
 2.966101694915254 13 6 8 14 3.688886513858696]
[3.4619618470393214 'Conceptual' 0.5771447273308176 78.14180210829642
 2.3559322033898304 13 6 8 15 3.4619618470393214]
[3.9889858984144118 'Conceptual' 0.5771447273308176 78.14180210829642
 3.2203389830508473 13 6 8 16 3.9889858984144118]
[3.5861945297269213 'Conceptual' 0.5771447273308176 78.14180210829642
 2.1864406779661016 13 6 8 17 3.5861945297269213]
[1.609555905472648 'Conceptual' 0.5771447273308176 78.14180210829642
 1.1864406779661016 13 6 8 18 1.609555905472648]
[3.78652503069473 'Conceptual' 0.5771447273308176 78.14180210829642
 2.1864406779661016 13 6 8 19 3.78652503069473]
