[0.0 'Spatial' 0.07531982484384296 0.5167606827601462 0.0 8 7 0 0 0.0]
[4.143151387633869 'Spatial' 0.07531982484384296 0.5167606827601462
 0.1694915254237288 8 7 0 1 4.143151387633869]
[3.4572178736383155 'Spatial' 0.07531982484384296 0.5167606827601462
 6.6610169491525415 8 7 0 2 3.4572178736383155]
[3.484926610085211 'Spatial' 0.07531982484384296 0.5167606827601462
 5.932203389830509 8 7 0 3 3.484926610085211]
[3.866253802536212 'Spatial' 0.07531982484384296 0.5167606827601462
 1.1694915254237288 8 7 0 4 3.866253802536212]
[4.079600133406323 'Spatial' 0.07531982484384296 0.5167606827601462
 0.1694915254237288 8 7 0 5 4.079600133406323]
[2.6316413851305636 'Spatial' 0.07531982484384296 0.5167606827601462
 0.9999999999999999 8 7 0 6 2.6316413851305636]
[1.8509936563447724 'Spatial' 0.07531982484384296 0.5167606827601462
 3.389830508474576 8 7 0 7 1.8509936563447724]
[4.038344551546512 'Spatial' 0.07531982484384296 0.5167606827601462
 0.1694915254237288 8 7 0 8 4.038344551546512]
[2.9581462140354406 'Spatial' 0.07531982484384296 0.5167606827601462
 6.6610169491525415 8 7 0 9 2.9581462140354406]
[4.007798810977374 'Spatial' 0.07531982484384296 0.5167606827601462
 0.1694915254237288 8 7 0 10 4.007798810977374]
[3.9894777080611035 'Spatial' 0.07531982484384296 0.5167606827601462
 0.1694915254237288 8 7 0 11 3.9894777080611035]
[3.7104805240781964 'Spatial' 0.07531982484384296 0.5167606827601462
 10.169491525423728 8 7 0 12 3.7104805240781964]
[1.832190001498176 'Spatial' 0.07531982484384296 0.5167606827601462
 4.5593220338983045 8 7 0 13 1.832190001498176]
[0.08582346308117482 'Spatial' 0.07531982484384296 0.5167606827601462
 1.0169491525423728 8 7 0 14 0.08582346308117482]
[2.1800427678381946 'Spatial' 0.07531982484384296 0.5167606827601462
 5.813559322033898 8 7 0 15 2.1800427678381946]
[0.0043931078185283955 'Spatial' 0.07531982484384296 0.5167606827601462
 1.2372881355932202 8 7 0 16 0.0043931078185283955]
[1.9712433666537257 'Spatial' 0.07531982484384296 0.5167606827601462
 5.644067796610169 8 7 0 17 1.9712433666537257]
[4.164073872407039 'Spatial' 0.07531982484384296 0.5167606827601462
 10.169491525423728 8 7 0 18 4.164073872407039]
[9.269235402495935 'Spatial' 0.07531982484384296 0.5167606827601462
 10.169491525423728 8 7 0 19 9.269235402495935]
[0.0 'Spatial' 0.07531982484384296 0.5167606827601462 0.0 8 7 1 0 0.0]
[4.143151387633869 'Spatial' 0.07531982484384296 0.5167606827601462
 0.1694915254237288 8 7 1 1 4.143151387633869]
[3.4572178736383155 'Spatial' 0.07531982484384296 0.5167606827601462
 6.6610169491525415 8 7 1 2 3.4572178736383155]
[3.484926610085211 'Spatial' 0.07531982484384296 0.5167606827601462
 5.932203389830509 8 7 1 3 3.484926610085211]
[3.866253802536212 'Spatial' 0.07531982484384296 0.5167606827601462
 1.1694915254237288 8 7 1 4 3.866253802536212]
[4.079600133406323 'Spatial' 0.07531982484384296 0.5167606827601462
 0.1694915254237288 8 7 1 5 4.079600133406323]
[2.6316413851305636 'Spatial' 0.07531982484384296 0.5167606827601462
 0.9999999999999999 8 7 1 6 2.6316413851305636]
[1.8509936563447724 'Spatial' 0.07531982484384296 0.5167606827601462
 3.389830508474576 8 7 1 7 1.8509936563447724]
[4.038344551546512 'Spatial' 0.07531982484384296 0.5167606827601462
 0.1694915254237288 8 7 1 8 4.038344551546512]
[2.9581462140354406 'Spatial' 0.07531982484384296 0.5167606827601462
 6.6610169491525415 8 7 1 9 2.9581462140354406]
[4.007798810977374 'Spatial' 0.07531982484384296 0.5167606827601462
 0.1694915254237288 8 7 1 10 4.007798810977374]
[3.9894777080611035 'Spatial' 0.07531982484384296 0.5167606827601462
 0.1694915254237288 8 7 1 11 3.9894777080611035]
[3.7104805240781964 'Spatial' 0.07531982484384296 0.5167606827601462
 10.169491525423728 8 7 1 12 3.7104805240781964]
[1.832190001498176 'Spatial' 0.07531982484384296 0.5167606827601462
 4.5593220338983045 8 7 1 13 1.832190001498176]
[0.08582346308117482 'Spatial' 0.07531982484384296 0.5167606827601462
 1.0169491525423728 8 7 1 14 0.08582346308117482]
[2.1800427678381946 'Spatial' 0.07531982484384296 0.5167606827601462
 5.813559322033898 8 7 1 15 2.1800427678381946]
[0.0043931078185283955 'Spatial' 0.07531982484384296 0.5167606827601462
 1.2372881355932202 8 7 1 16 0.0043931078185283955]
[1.9712433666537257 'Spatial' 0.07531982484384296 0.5167606827601462
 5.644067796610169 8 7 1 17 1.9712433666537257]
[4.164073872407039 'Spatial' 0.07531982484384296 0.5167606827601462
 10.169491525423728 8 7 1 18 4.164073872407039]
[9.269235402495935 'Spatial' 0.07531982484384296 0.5167606827601462
 10.169491525423728 8 7 1 19 9.269235402495935]
[0.0 'Spatial' 0.07531982484384296 0.5167606827601462 0.0 8 7 2 0 0.0]
[4.143151387633869 'Spatial' 0.07531982484384296 0.5167606827601462
 0.1694915254237288 8 7 2 1 4.143151387633869]
[3.4572178736383155 'Spatial' 0.07531982484384296 0.5167606827601462
 6.6610169491525415 8 7 2 2 3.4572178736383155]
[3.484926610085211 'Spatial' 0.07531982484384296 0.5167606827601462
 5.932203389830509 8 7 2 3 3.484926610085211]
[3.866253802536212 'Spatial' 0.07531982484384296 0.5167606827601462
 1.1694915254237288 8 7 2 4 3.866253802536212]
[4.079600133406323 'Spatial' 0.07531982484384296 0.5167606827601462
 0.1694915254237288 8 7 2 5 4.079600133406323]
[2.6316413851305636 'Spatial' 0.07531982484384296 0.5167606827601462
 0.9999999999999999 8 7 2 6 2.6316413851305636]
[1.8509936563447724 'Spatial' 0.07531982484384296 0.5167606827601462
 3.389830508474576 8 7 2 7 1.8509936563447724]
[4.038344551546512 'Spatial' 0.07531982484384296 0.5167606827601462
 0.1694915254237288 8 7 2 8 4.038344551546512]
[2.9581462140354406 'Spatial' 0.07531982484384296 0.5167606827601462
 6.6610169491525415 8 7 2 9 2.9581462140354406]
[4.007798810977374 'Spatial' 0.07531982484384296 0.5167606827601462
 0.1694915254237288 8 7 2 10 4.007798810977374]
[3.9894777080611035 'Spatial' 0.07531982484384296 0.5167606827601462
 0.1694915254237288 8 7 2 11 3.9894777080611035]
[3.7104805240781964 'Spatial' 0.07531982484384296 0.5167606827601462
 10.169491525423728 8 7 2 12 3.7104805240781964]
[1.832190001498176 'Spatial' 0.07531982484384296 0.5167606827601462
 4.5593220338983045 8 7 2 13 1.832190001498176]
[0.08582346308117482 'Spatial' 0.07531982484384296 0.5167606827601462
 1.0169491525423728 8 7 2 14 0.08582346308117482]
[2.1800427678381946 'Spatial' 0.07531982484384296 0.5167606827601462
 5.813559322033898 8 7 2 15 2.1800427678381946]
[0.0043931078185283955 'Spatial' 0.07531982484384296 0.5167606827601462
 1.2372881355932202 8 7 2 16 0.0043931078185283955]
[1.9712433666537257 'Spatial' 0.07531982484384296 0.5167606827601462
 5.644067796610169 8 7 2 17 1.9712433666537257]
[4.164073872407039 'Spatial' 0.07531982484384296 0.5167606827601462
 10.169491525423728 8 7 2 18 4.164073872407039]
[9.269235402495935 'Spatial' 0.07531982484384296 0.5167606827601462
 10.169491525423728 8 7 2 19 9.269235402495935]
[0.0 'Spatial' 0.07531982484384296 0.5167606827601462 0.0 8 7 3 0 0.0]
[4.143151387633869 'Spatial' 0.07531982484384296 0.5167606827601462
 0.1694915254237288 8 7 3 1 4.143151387633869]
[3.4572178736383155 'Spatial' 0.07531982484384296 0.5167606827601462
 6.6610169491525415 8 7 3 2 3.4572178736383155]
[3.484926610085211 'Spatial' 0.07531982484384296 0.5167606827601462
 5.932203389830509 8 7 3 3 3.484926610085211]
[3.866253802536212 'Spatial' 0.07531982484384296 0.5167606827601462
 1.1694915254237288 8 7 3 4 3.866253802536212]
[4.079600133406323 'Spatial' 0.07531982484384296 0.5167606827601462
 0.1694915254237288 8 7 3 5 4.079600133406323]
[2.6316413851305636 'Spatial' 0.07531982484384296 0.5167606827601462
 0.9999999999999999 8 7 3 6 2.6316413851305636]
[1.8509936563447724 'Spatial' 0.07531982484384296 0.5167606827601462
 3.389830508474576 8 7 3 7 1.8509936563447724]
[4.038344551546512 'Spatial' 0.07531982484384296 0.5167606827601462
 0.1694915254237288 8 7 3 8 4.038344551546512]
[2.9581462140354406 'Spatial' 0.07531982484384296 0.5167606827601462
 6.6610169491525415 8 7 3 9 2.9581462140354406]
[4.007798810977374 'Spatial' 0.07531982484384296 0.5167606827601462
 0.1694915254237288 8 7 3 10 4.007798810977374]
[3.9894777080611035 'Spatial' 0.07531982484384296 0.5167606827601462
 0.1694915254237288 8 7 3 11 3.9894777080611035]
[3.7104805240781964 'Spatial' 0.07531982484384296 0.5167606827601462
 10.169491525423728 8 7 3 12 3.7104805240781964]
[1.832190001498176 'Spatial' 0.07531982484384296 0.5167606827601462
 4.5593220338983045 8 7 3 13 1.832190001498176]
[0.08582346308117482 'Spatial' 0.07531982484384296 0.5167606827601462
 1.0169491525423728 8 7 3 14 0.08582346308117482]
[2.1800427678381946 'Spatial' 0.07531982484384296 0.5167606827601462
 5.813559322033898 8 7 3 15 2.1800427678381946]
[0.0043931078185283955 'Spatial' 0.07531982484384296 0.5167606827601462
 1.2372881355932202 8 7 3 16 0.0043931078185283955]
[1.9712433666537257 'Spatial' 0.07531982484384296 0.5167606827601462
 5.644067796610169 8 7 3 17 1.9712433666537257]
[4.164073872407039 'Spatial' 0.07531982484384296 0.5167606827601462
 10.169491525423728 8 7 3 18 4.164073872407039]
[9.269235402495935 'Spatial' 0.07531982484384296 0.5167606827601462
 10.169491525423728 8 7 3 19 9.269235402495935]
[0.0 'Spatial' 0.07531982484384296 0.5167606827601462 0.0 8 7 4 0 0.0]
[4.143151387633869 'Spatial' 0.07531982484384296 0.5167606827601462
 0.1694915254237288 8 7 4 1 4.143151387633869]
[3.4572178736383155 'Spatial' 0.07531982484384296 0.5167606827601462
 6.6610169491525415 8 7 4 2 3.4572178736383155]
[3.484926610085211 'Spatial' 0.07531982484384296 0.5167606827601462
 5.932203389830509 8 7 4 3 3.484926610085211]
[3.866253802536212 'Spatial' 0.07531982484384296 0.5167606827601462
 1.1694915254237288 8 7 4 4 3.866253802536212]
[4.079600133406323 'Spatial' 0.07531982484384296 0.5167606827601462
 0.1694915254237288 8 7 4 5 4.079600133406323]
[2.6316413851305636 'Spatial' 0.07531982484384296 0.5167606827601462
 0.9999999999999999 8 7 4 6 2.6316413851305636]
[1.8509936563447724 'Spatial' 0.07531982484384296 0.5167606827601462
 3.389830508474576 8 7 4 7 1.8509936563447724]
[4.038344551546512 'Spatial' 0.07531982484384296 0.5167606827601462
 0.1694915254237288 8 7 4 8 4.038344551546512]
[2.9581462140354406 'Spatial' 0.07531982484384296 0.5167606827601462
 6.6610169491525415 8 7 4 9 2.9581462140354406]
[4.007798810977374 'Spatial' 0.07531982484384296 0.5167606827601462
 0.1694915254237288 8 7 4 10 4.007798810977374]
[3.9894777080611035 'Spatial' 0.07531982484384296 0.5167606827601462
 0.1694915254237288 8 7 4 11 3.9894777080611035]
[3.7104805240781964 'Spatial' 0.07531982484384296 0.5167606827601462
 10.169491525423728 8 7 4 12 3.7104805240781964]
[1.832190001498176 'Spatial' 0.07531982484384296 0.5167606827601462
 4.5593220338983045 8 7 4 13 1.832190001498176]
[0.08582346308117482 'Spatial' 0.07531982484384296 0.5167606827601462
 1.0169491525423728 8 7 4 14 0.08582346308117482]
[2.1800427678381946 'Spatial' 0.07531982484384296 0.5167606827601462
 5.813559322033898 8 7 4 15 2.1800427678381946]
[0.0043931078185283955 'Spatial' 0.07531982484384296 0.5167606827601462
 1.2372881355932202 8 7 4 16 0.0043931078185283955]
[1.9712433666537257 'Spatial' 0.07531982484384296 0.5167606827601462
 5.644067796610169 8 7 4 17 1.9712433666537257]
[4.164073872407039 'Spatial' 0.07531982484384296 0.5167606827601462
 10.169491525423728 8 7 4 18 4.164073872407039]
[9.269235402495935 'Spatial' 0.07531982484384296 0.5167606827601462
 10.169491525423728 8 7 4 19 9.269235402495935]
[0.0 'Spatial' 0.07531982484384296 0.5167606827601462 0.0 8 7 5 0 0.0]
[4.143151387633869 'Spatial' 0.07531982484384296 0.5167606827601462
 0.1694915254237288 8 7 5 1 4.143151387633869]
[3.4572178736383155 'Spatial' 0.07531982484384296 0.5167606827601462
 6.6610169491525415 8 7 5 2 3.4572178736383155]
[3.484926610085211 'Spatial' 0.07531982484384296 0.5167606827601462
 5.932203389830509 8 7 5 3 3.484926610085211]
[3.866253802536212 'Spatial' 0.07531982484384296 0.5167606827601462
 1.1694915254237288 8 7 5 4 3.866253802536212]
[4.079600133406323 'Spatial' 0.07531982484384296 0.5167606827601462
 0.1694915254237288 8 7 5 5 4.079600133406323]
[2.6316413851305636 'Spatial' 0.07531982484384296 0.5167606827601462
 0.9999999999999999 8 7 5 6 2.6316413851305636]
[1.8509936563447724 'Spatial' 0.07531982484384296 0.5167606827601462
 3.389830508474576 8 7 5 7 1.8509936563447724]
[4.038344551546512 'Spatial' 0.07531982484384296 0.5167606827601462
 0.1694915254237288 8 7 5 8 4.038344551546512]
[2.9581462140354406 'Spatial' 0.07531982484384296 0.5167606827601462
 6.6610169491525415 8 7 5 9 2.9581462140354406]
[4.007798810977374 'Spatial' 0.07531982484384296 0.5167606827601462
 0.1694915254237288 8 7 5 10 4.007798810977374]
[3.9894777080611035 'Spatial' 0.07531982484384296 0.5167606827601462
 0.1694915254237288 8 7 5 11 3.9894777080611035]
[3.7104805240781964 'Spatial' 0.07531982484384296 0.5167606827601462
 10.169491525423728 8 7 5 12 3.7104805240781964]
[1.832190001498176 'Spatial' 0.07531982484384296 0.5167606827601462
 4.5593220338983045 8 7 5 13 1.832190001498176]
[0.08582346308117482 'Spatial' 0.07531982484384296 0.5167606827601462
 1.0169491525423728 8 7 5 14 0.08582346308117482]
[2.1800427678381946 'Spatial' 0.07531982484384296 0.5167606827601462
 5.813559322033898 8 7 5 15 2.1800427678381946]
[0.0043931078185283955 'Spatial' 0.07531982484384296 0.5167606827601462
 1.2372881355932202 8 7 5 16 0.0043931078185283955]
[1.9712433666537257 'Spatial' 0.07531982484384296 0.5167606827601462
 5.644067796610169 8 7 5 17 1.9712433666537257]
[4.164073872407039 'Spatial' 0.07531982484384296 0.5167606827601462
 10.169491525423728 8 7 5 18 4.164073872407039]
[9.269235402495935 'Spatial' 0.07531982484384296 0.5167606827601462
 10.169491525423728 8 7 5 19 9.269235402495935]
[0.0 'Spatial' 0.07531982484384296 0.5167606827601462 0.0 8 7 6 0 0.0]
[4.143151387633869 'Spatial' 0.07531982484384296 0.5167606827601462
 0.1694915254237288 8 7 6 1 4.143151387633869]
[3.4572178736383155 'Spatial' 0.07531982484384296 0.5167606827601462
 6.6610169491525415 8 7 6 2 3.4572178736383155]
[3.484926610085211 'Spatial' 0.07531982484384296 0.5167606827601462
 5.932203389830509 8 7 6 3 3.484926610085211]
[3.866253802536212 'Spatial' 0.07531982484384296 0.5167606827601462
 1.1694915254237288 8 7 6 4 3.866253802536212]
[4.079600133406323 'Spatial' 0.07531982484384296 0.5167606827601462
 0.1694915254237288 8 7 6 5 4.079600133406323]
[2.6316413851305636 'Spatial' 0.07531982484384296 0.5167606827601462
 0.9999999999999999 8 7 6 6 2.6316413851305636]
[1.8509936563447724 'Spatial' 0.07531982484384296 0.5167606827601462
 3.389830508474576 8 7 6 7 1.8509936563447724]
[4.038344551546512 'Spatial' 0.07531982484384296 0.5167606827601462
 0.1694915254237288 8 7 6 8 4.038344551546512]
[2.9581462140354406 'Spatial' 0.07531982484384296 0.5167606827601462
 6.6610169491525415 8 7 6 9 2.9581462140354406]
[4.007798810977374 'Spatial' 0.07531982484384296 0.5167606827601462
 0.1694915254237288 8 7 6 10 4.007798810977374]
[3.9894777080611035 'Spatial' 0.07531982484384296 0.5167606827601462
 0.1694915254237288 8 7 6 11 3.9894777080611035]
[3.7104805240781964 'Spatial' 0.07531982484384296 0.5167606827601462
 10.169491525423728 8 7 6 12 3.7104805240781964]
[1.832190001498176 'Spatial' 0.07531982484384296 0.5167606827601462
 4.5593220338983045 8 7 6 13 1.832190001498176]
[0.08582346308117482 'Spatial' 0.07531982484384296 0.5167606827601462
 1.0169491525423728 8 7 6 14 0.08582346308117482]
[2.1800427678381946 'Spatial' 0.07531982484384296 0.5167606827601462
 5.813559322033898 8 7 6 15 2.1800427678381946]
[0.0043931078185283955 'Spatial' 0.07531982484384296 0.5167606827601462
 1.2372881355932202 8 7 6 16 0.0043931078185283955]
[1.9712433666537257 'Spatial' 0.07531982484384296 0.5167606827601462
 5.644067796610169 8 7 6 17 1.9712433666537257]
[4.164073872407039 'Spatial' 0.07531982484384296 0.5167606827601462
 10.169491525423728 8 7 6 18 4.164073872407039]
[9.269235402495935 'Spatial' 0.07531982484384296 0.5167606827601462
 10.169491525423728 8 7 6 19 9.269235402495935]
[0.0 'Spatial' 0.07531982484384296 0.5167606827601462 0.0 8 7 8 0 0.0]
[4.143151387633869 'Spatial' 0.07531982484384296 0.5167606827601462
 0.1694915254237288 8 7 8 1 4.143151387633869]
[3.4572178736383155 'Spatial' 0.07531982484384296 0.5167606827601462
 6.6610169491525415 8 7 8 2 3.4572178736383155]
[3.484926610085211 'Spatial' 0.07531982484384296 0.5167606827601462
 5.932203389830509 8 7 8 3 3.484926610085211]
[3.866253802536212 'Spatial' 0.07531982484384296 0.5167606827601462
 1.1694915254237288 8 7 8 4 3.866253802536212]
[4.079600133406323 'Spatial' 0.07531982484384296 0.5167606827601462
 0.1694915254237288 8 7 8 5 4.079600133406323]
[2.6316413851305636 'Spatial' 0.07531982484384296 0.5167606827601462
 0.9999999999999999 8 7 8 6 2.6316413851305636]
[1.8509936563447724 'Spatial' 0.07531982484384296 0.5167606827601462
 3.389830508474576 8 7 8 7 1.8509936563447724]
[4.038344551546512 'Spatial' 0.07531982484384296 0.5167606827601462
 0.1694915254237288 8 7 8 8 4.038344551546512]
[2.9581462140354406 'Spatial' 0.07531982484384296 0.5167606827601462
 6.6610169491525415 8 7 8 9 2.9581462140354406]
[4.007798810977374 'Spatial' 0.07531982484384296 0.5167606827601462
 0.1694915254237288 8 7 8 10 4.007798810977374]
[3.9894777080611035 'Spatial' 0.07531982484384296 0.5167606827601462
 0.1694915254237288 8 7 8 11 3.9894777080611035]
[3.7104805240781964 'Spatial' 0.07531982484384296 0.5167606827601462
 10.169491525423728 8 7 8 12 3.7104805240781964]
[1.832190001498176 'Spatial' 0.07531982484384296 0.5167606827601462
 4.5593220338983045 8 7 8 13 1.832190001498176]
[0.08582346308117482 'Spatial' 0.07531982484384296 0.5167606827601462
 1.0169491525423728 8 7 8 14 0.08582346308117482]
[2.1800427678381946 'Spatial' 0.07531982484384296 0.5167606827601462
 5.813559322033898 8 7 8 15 2.1800427678381946]
[0.0043931078185283955 'Spatial' 0.07531982484384296 0.5167606827601462
 1.2372881355932202 8 7 8 16 0.0043931078185283955]
[1.9712433666537257 'Spatial' 0.07531982484384296 0.5167606827601462
 5.644067796610169 8 7 8 17 1.9712433666537257]
[4.164073872407039 'Spatial' 0.07531982484384296 0.5167606827601462
 10.169491525423728 8 7 8 18 4.164073872407039]
[9.269235402495935 'Spatial' 0.07531982484384296 0.5167606827601462
 10.169491525423728 8 7 8 19 9.269235402495935]
