[0.0 'Conceptual' 0.037383509788529876 0.057031995700729615 0.0 47 6 0 0
 0.0]
[4.1459716293410125 'Conceptual' 0.037383509788529876 0.057031995700729615
 0.38983050847457623 47 6 0 1 4.1459716293410125]
[3.7874057719581016 'Conceptual' 0.037383509788529876 0.057031995700729615
 0.8305084745762711 47 6 0 2 3.7874057719581016]
[2.4995684088898353 'Conceptual' 0.037383509788529876 0.057031995700729615
 2.084745762711864 47 6 0 3 2.4995684088898353]
[3.165010486171936 'Conceptual' 0.037383509788529876 0.057031995700729615
 2.796610169491525 47 6 0 4 3.165010486171936]
[0.2315581116654838 'Conceptual' 0.037383509788529876 0.057031995700729615
 0.8983050847457626 47 6 0 5 0.2315581116654838]
[1.4276910597087353 'Conceptual' 0.037383509788529876 0.057031995700729615
 2.0338983050847457 47 6 0 6 1.4276910597087353]
[3.01470301841927 'Conceptual' 0.037383509788529876 0.057031995700729615
 3.1355932203389827 47 6 0 7 3.01470301841927]
[2.3184018438047675 'Conceptual' 0.037383509788529876 0.057031995700729615
 2.864406779661017 47 6 0 8 2.3184018438047675]
[2.0797806783724533 'Conceptual' 0.037383509788529876 0.057031995700729615
 2.6271186440677963 47 6 0 9 2.0797806783724533]
[2.2374066808447224 'Conceptual' 0.037383509788529876 0.057031995700729615
 2.932203389830508 47 6 0 10 2.2374066808447224]
[0.055719679084445556 'Conceptual' 0.037383509788529876
 0.057031995700729615 1.1864406779661016 47 6 0 11 0.055719679084445556]
[0.13100862934729593 'Conceptual' 0.037383509788529876
 0.057031995700729615 0.1694915254237288 47 6 0 12 0.13100862934729593]
[2.2217799206394933 'Conceptual' 0.037383509788529876 0.057031995700729615
 3.949152542372881 47 6 0 13 2.2217799206394933]
[2.3974788596386234 'Conceptual' 0.037383509788529876 0.057031995700729615
 4.11864406779661 47 6 0 14 2.3974788596386234]
[2.5129422598385047 'Conceptual' 0.037383509788529876 0.057031995700729615
 4.4576271186440675 47 6 0 15 2.5129422598385047]
[0.26973858495932534 'Conceptual' 0.037383509788529876
 0.057031995700729615 1.6101694915254237 47 6 0 16 0.26973858495932534]
[1.7794804149357664 'Conceptual' 0.037383509788529876 0.057031995700729615
 3.8813559322033897 47 6 0 17 1.7794804149357664]
[2.127647722984708 'Conceptual' 0.037383509788529876 0.057031995700729615
 4.288135593220338 47 6 0 18 2.127647722984708]
[1.4672526990402126 'Conceptual' 0.037383509788529876 0.057031995700729615
 3.711864406779661 47 6 0 19 1.4672526990402126]
[0.0 'Conceptual' 0.037383509788529876 0.057031995700729615 0.0 47 6 1 0
 0.0]
[4.1459716293410125 'Conceptual' 0.037383509788529876 0.057031995700729615
 0.38983050847457623 47 6 1 1 4.1459716293410125]
[3.7874057719581016 'Conceptual' 0.037383509788529876 0.057031995700729615
 0.8305084745762711 47 6 1 2 3.7874057719581016]
[2.4995684088898353 'Conceptual' 0.037383509788529876 0.057031995700729615
 2.084745762711864 47 6 1 3 2.4995684088898353]
[3.165010486171936 'Conceptual' 0.037383509788529876 0.057031995700729615
 2.796610169491525 47 6 1 4 3.165010486171936]
[0.2315581116654838 'Conceptual' 0.037383509788529876 0.057031995700729615
 0.8983050847457626 47 6 1 5 0.2315581116654838]
[1.4276910597087353 'Conceptual' 0.037383509788529876 0.057031995700729615
 2.0338983050847457 47 6 1 6 1.4276910597087353]
[3.01470301841927 'Conceptual' 0.037383509788529876 0.057031995700729615
 3.1355932203389827 47 6 1 7 3.01470301841927]
[2.3184018438047675 'Conceptual' 0.037383509788529876 0.057031995700729615
 2.864406779661017 47 6 1 8 2.3184018438047675]
[2.0797806783724533 'Conceptual' 0.037383509788529876 0.057031995700729615
 2.6271186440677963 47 6 1 9 2.0797806783724533]
[2.2374066808447224 'Conceptual' 0.037383509788529876 0.057031995700729615
 2.932203389830508 47 6 1 10 2.2374066808447224]
[0.055719679084445556 'Conceptual' 0.037383509788529876
 0.057031995700729615 1.1864406779661016 47 6 1 11 0.055719679084445556]
[0.13100862934729593 'Conceptual' 0.037383509788529876
 0.057031995700729615 0.1694915254237288 47 6 1 12 0.13100862934729593]
[2.2217799206394933 'Conceptual' 0.037383509788529876 0.057031995700729615
 3.949152542372881 47 6 1 13 2.2217799206394933]
[2.3974788596386234 'Conceptual' 0.037383509788529876 0.057031995700729615
 4.11864406779661 47 6 1 14 2.3974788596386234]
[2.5129422598385047 'Conceptual' 0.037383509788529876 0.057031995700729615
 4.4576271186440675 47 6 1 15 2.5129422598385047]
[0.26973858495932534 'Conceptual' 0.037383509788529876
 0.057031995700729615 1.6101694915254237 47 6 1 16 0.26973858495932534]
[1.7794804149357664 'Conceptual' 0.037383509788529876 0.057031995700729615
 3.8813559322033897 47 6 1 17 1.7794804149357664]
[2.127647722984708 'Conceptual' 0.037383509788529876 0.057031995700729615
 4.288135593220338 47 6 1 18 2.127647722984708]
[1.4672526990402126 'Conceptual' 0.037383509788529876 0.057031995700729615
 3.711864406779661 47 6 1 19 1.4672526990402126]
[0.0 'Conceptual' 0.037383509788529876 0.057031995700729615 0.0 47 6 2 0
 0.0]
[4.1459716293410125 'Conceptual' 0.037383509788529876 0.057031995700729615
 0.38983050847457623 47 6 2 1 4.1459716293410125]
[3.7874057719581016 'Conceptual' 0.037383509788529876 0.057031995700729615
 0.8305084745762711 47 6 2 2 3.7874057719581016]
[2.4995684088898353 'Conceptual' 0.037383509788529876 0.057031995700729615
 2.084745762711864 47 6 2 3 2.4995684088898353]
[3.165010486171936 'Conceptual' 0.037383509788529876 0.057031995700729615
 2.796610169491525 47 6 2 4 3.165010486171936]
[0.2315581116654838 'Conceptual' 0.037383509788529876 0.057031995700729615
 0.8983050847457626 47 6 2 5 0.2315581116654838]
[1.4276910597087353 'Conceptual' 0.037383509788529876 0.057031995700729615
 2.0338983050847457 47 6 2 6 1.4276910597087353]
[3.01470301841927 'Conceptual' 0.037383509788529876 0.057031995700729615
 3.1355932203389827 47 6 2 7 3.01470301841927]
[2.3184018438047675 'Conceptual' 0.037383509788529876 0.057031995700729615
 2.864406779661017 47 6 2 8 2.3184018438047675]
[2.0797806783724533 'Conceptual' 0.037383509788529876 0.057031995700729615
 2.6271186440677963 47 6 2 9 2.0797806783724533]
[2.2374066808447224 'Conceptual' 0.037383509788529876 0.057031995700729615
 2.932203389830508 47 6 2 10 2.2374066808447224]
[0.055719679084445556 'Conceptual' 0.037383509788529876
 0.057031995700729615 1.1864406779661016 47 6 2 11 0.055719679084445556]
[0.13100862934729593 'Conceptual' 0.037383509788529876
 0.057031995700729615 0.1694915254237288 47 6 2 12 0.13100862934729593]
[2.2217799206394933 'Conceptual' 0.037383509788529876 0.057031995700729615
 3.949152542372881 47 6 2 13 2.2217799206394933]
[2.3974788596386234 'Conceptual' 0.037383509788529876 0.057031995700729615
 4.11864406779661 47 6 2 14 2.3974788596386234]
[2.5129422598385047 'Conceptual' 0.037383509788529876 0.057031995700729615
 4.4576271186440675 47 6 2 15 2.5129422598385047]
[0.26973858495932534 'Conceptual' 0.037383509788529876
 0.057031995700729615 1.6101694915254237 47 6 2 16 0.26973858495932534]
[1.7794804149357664 'Conceptual' 0.037383509788529876 0.057031995700729615
 3.8813559322033897 47 6 2 17 1.7794804149357664]
[2.127647722984708 'Conceptual' 0.037383509788529876 0.057031995700729615
 4.288135593220338 47 6 2 18 2.127647722984708]
[1.4672526990402126 'Conceptual' 0.037383509788529876 0.057031995700729615
 3.711864406779661 47 6 2 19 1.4672526990402126]
[0.0 'Conceptual' 0.037383509788529876 0.057031995700729615 0.0 47 6 3 0
 0.0]
[4.1459716293410125 'Conceptual' 0.037383509788529876 0.057031995700729615
 0.38983050847457623 47 6 3 1 4.1459716293410125]
[3.7874057719581016 'Conceptual' 0.037383509788529876 0.057031995700729615
 0.8305084745762711 47 6 3 2 3.7874057719581016]
[2.4995684088898353 'Conceptual' 0.037383509788529876 0.057031995700729615
 2.084745762711864 47 6 3 3 2.4995684088898353]
[3.165010486171936 'Conceptual' 0.037383509788529876 0.057031995700729615
 2.796610169491525 47 6 3 4 3.165010486171936]
[0.2315581116654838 'Conceptual' 0.037383509788529876 0.057031995700729615
 0.8983050847457626 47 6 3 5 0.2315581116654838]
[1.4276910597087353 'Conceptual' 0.037383509788529876 0.057031995700729615
 2.0338983050847457 47 6 3 6 1.4276910597087353]
[3.01470301841927 'Conceptual' 0.037383509788529876 0.057031995700729615
 3.1355932203389827 47 6 3 7 3.01470301841927]
[2.3184018438047675 'Conceptual' 0.037383509788529876 0.057031995700729615
 2.864406779661017 47 6 3 8 2.3184018438047675]
[2.0797806783724533 'Conceptual' 0.037383509788529876 0.057031995700729615
 2.6271186440677963 47 6 3 9 2.0797806783724533]
[2.2374066808447224 'Conceptual' 0.037383509788529876 0.057031995700729615
 2.932203389830508 47 6 3 10 2.2374066808447224]
[0.055719679084445556 'Conceptual' 0.037383509788529876
 0.057031995700729615 1.1864406779661016 47 6 3 11 0.055719679084445556]
[0.13100862934729593 'Conceptual' 0.037383509788529876
 0.057031995700729615 0.1694915254237288 47 6 3 12 0.13100862934729593]
[2.2217799206394933 'Conceptual' 0.037383509788529876 0.057031995700729615
 3.949152542372881 47 6 3 13 2.2217799206394933]
[2.3974788596386234 'Conceptual' 0.037383509788529876 0.057031995700729615
 4.11864406779661 47 6 3 14 2.3974788596386234]
[2.5129422598385047 'Conceptual' 0.037383509788529876 0.057031995700729615
 4.4576271186440675 47 6 3 15 2.5129422598385047]
[0.26973858495932534 'Conceptual' 0.037383509788529876
 0.057031995700729615 1.6101694915254237 47 6 3 16 0.26973858495932534]
[1.7794804149357664 'Conceptual' 0.037383509788529876 0.057031995700729615
 3.8813559322033897 47 6 3 17 1.7794804149357664]
[2.127647722984708 'Conceptual' 0.037383509788529876 0.057031995700729615
 4.288135593220338 47 6 3 18 2.127647722984708]
[1.4672526990402126 'Conceptual' 0.037383509788529876 0.057031995700729615
 3.711864406779661 47 6 3 19 1.4672526990402126]
[0.0 'Conceptual' 0.037383509788529876 0.057031995700729615 0.0 47 6 4 0
 0.0]
[4.1459716293410125 'Conceptual' 0.037383509788529876 0.057031995700729615
 0.38983050847457623 47 6 4 1 4.1459716293410125]
[3.7874057719581016 'Conceptual' 0.037383509788529876 0.057031995700729615
 0.8305084745762711 47 6 4 2 3.7874057719581016]
[2.4995684088898353 'Conceptual' 0.037383509788529876 0.057031995700729615
 2.084745762711864 47 6 4 3 2.4995684088898353]
[3.165010486171936 'Conceptual' 0.037383509788529876 0.057031995700729615
 2.796610169491525 47 6 4 4 3.165010486171936]
[0.2315581116654838 'Conceptual' 0.037383509788529876 0.057031995700729615
 0.8983050847457626 47 6 4 5 0.2315581116654838]
[1.4276910597087353 'Conceptual' 0.037383509788529876 0.057031995700729615
 2.0338983050847457 47 6 4 6 1.4276910597087353]
[3.01470301841927 'Conceptual' 0.037383509788529876 0.057031995700729615
 3.1355932203389827 47 6 4 7 3.01470301841927]
[2.3184018438047675 'Conceptual' 0.037383509788529876 0.057031995700729615
 2.864406779661017 47 6 4 8 2.3184018438047675]
[2.0797806783724533 'Conceptual' 0.037383509788529876 0.057031995700729615
 2.6271186440677963 47 6 4 9 2.0797806783724533]
[2.2374066808447224 'Conceptual' 0.037383509788529876 0.057031995700729615
 2.932203389830508 47 6 4 10 2.2374066808447224]
[0.055719679084445556 'Conceptual' 0.037383509788529876
 0.057031995700729615 1.1864406779661016 47 6 4 11 0.055719679084445556]
[0.13100862934729593 'Conceptual' 0.037383509788529876
 0.057031995700729615 0.1694915254237288 47 6 4 12 0.13100862934729593]
[2.2217799206394933 'Conceptual' 0.037383509788529876 0.057031995700729615
 3.949152542372881 47 6 4 13 2.2217799206394933]
[2.3974788596386234 'Conceptual' 0.037383509788529876 0.057031995700729615
 4.11864406779661 47 6 4 14 2.3974788596386234]
[2.5129422598385047 'Conceptual' 0.037383509788529876 0.057031995700729615
 4.4576271186440675 47 6 4 15 2.5129422598385047]
[0.26973858495932534 'Conceptual' 0.037383509788529876
 0.057031995700729615 1.6101694915254237 47 6 4 16 0.26973858495932534]
[1.7794804149357664 'Conceptual' 0.037383509788529876 0.057031995700729615
 3.8813559322033897 47 6 4 17 1.7794804149357664]
[2.127647722984708 'Conceptual' 0.037383509788529876 0.057031995700729615
 4.288135593220338 47 6 4 18 2.127647722984708]
[1.4672526990402126 'Conceptual' 0.037383509788529876 0.057031995700729615
 3.711864406779661 47 6 4 19 1.4672526990402126]
[0.0 'Conceptual' 0.037383509788529876 0.057031995700729615 0.0 47 6 5 0
 0.0]
[4.1459716293410125 'Conceptual' 0.037383509788529876 0.057031995700729615
 0.38983050847457623 47 6 5 1 4.1459716293410125]
[3.7874057719581016 'Conceptual' 0.037383509788529876 0.057031995700729615
 0.8305084745762711 47 6 5 2 3.7874057719581016]
[2.4995684088898353 'Conceptual' 0.037383509788529876 0.057031995700729615
 2.084745762711864 47 6 5 3 2.4995684088898353]
[3.165010486171936 'Conceptual' 0.037383509788529876 0.057031995700729615
 2.796610169491525 47 6 5 4 3.165010486171936]
[0.2315581116654838 'Conceptual' 0.037383509788529876 0.057031995700729615
 0.8983050847457626 47 6 5 5 0.2315581116654838]
[1.4276910597087353 'Conceptual' 0.037383509788529876 0.057031995700729615
 2.0338983050847457 47 6 5 6 1.4276910597087353]
[3.01470301841927 'Conceptual' 0.037383509788529876 0.057031995700729615
 3.1355932203389827 47 6 5 7 3.01470301841927]
[2.3184018438047675 'Conceptual' 0.037383509788529876 0.057031995700729615
 2.864406779661017 47 6 5 8 2.3184018438047675]
[2.0797806783724533 'Conceptual' 0.037383509788529876 0.057031995700729615
 2.6271186440677963 47 6 5 9 2.0797806783724533]
[2.2374066808447224 'Conceptual' 0.037383509788529876 0.057031995700729615
 2.932203389830508 47 6 5 10 2.2374066808447224]
[0.055719679084445556 'Conceptual' 0.037383509788529876
 0.057031995700729615 1.1864406779661016 47 6 5 11 0.055719679084445556]
[0.13100862934729593 'Conceptual' 0.037383509788529876
 0.057031995700729615 0.1694915254237288 47 6 5 12 0.13100862934729593]
[2.2217799206394933 'Conceptual' 0.037383509788529876 0.057031995700729615
 3.949152542372881 47 6 5 13 2.2217799206394933]
[2.3974788596386234 'Conceptual' 0.037383509788529876 0.057031995700729615
 4.11864406779661 47 6 5 14 2.3974788596386234]
[2.5129422598385047 'Conceptual' 0.037383509788529876 0.057031995700729615
 4.4576271186440675 47 6 5 15 2.5129422598385047]
[0.26973858495932534 'Conceptual' 0.037383509788529876
 0.057031995700729615 1.6101694915254237 47 6 5 16 0.26973858495932534]
[1.7794804149357664 'Conceptual' 0.037383509788529876 0.057031995700729615
 3.8813559322033897 47 6 5 17 1.7794804149357664]
[2.127647722984708 'Conceptual' 0.037383509788529876 0.057031995700729615
 4.288135593220338 47 6 5 18 2.127647722984708]
[1.4672526990402126 'Conceptual' 0.037383509788529876 0.057031995700729615
 3.711864406779661 47 6 5 19 1.4672526990402126]
[0.0 'Conceptual' 0.037383509788529876 0.057031995700729615 0.0 47 6 7 0
 0.0]
[4.1459716293410125 'Conceptual' 0.037383509788529876 0.057031995700729615
 0.38983050847457623 47 6 7 1 4.1459716293410125]
[3.7874057719581016 'Conceptual' 0.037383509788529876 0.057031995700729615
 0.8305084745762711 47 6 7 2 3.7874057719581016]
[2.4995684088898353 'Conceptual' 0.037383509788529876 0.057031995700729615
 2.084745762711864 47 6 7 3 2.4995684088898353]
[3.165010486171936 'Conceptual' 0.037383509788529876 0.057031995700729615
 2.796610169491525 47 6 7 4 3.165010486171936]
[0.2315581116654838 'Conceptual' 0.037383509788529876 0.057031995700729615
 0.8983050847457626 47 6 7 5 0.2315581116654838]
[1.4276910597087353 'Conceptual' 0.037383509788529876 0.057031995700729615
 2.0338983050847457 47 6 7 6 1.4276910597087353]
[3.01470301841927 'Conceptual' 0.037383509788529876 0.057031995700729615
 3.1355932203389827 47 6 7 7 3.01470301841927]
[2.3184018438047675 'Conceptual' 0.037383509788529876 0.057031995700729615
 2.864406779661017 47 6 7 8 2.3184018438047675]
[2.0797806783724533 'Conceptual' 0.037383509788529876 0.057031995700729615
 2.6271186440677963 47 6 7 9 2.0797806783724533]
[2.2374066808447224 'Conceptual' 0.037383509788529876 0.057031995700729615
 2.932203389830508 47 6 7 10 2.2374066808447224]
[0.055719679084445556 'Conceptual' 0.037383509788529876
 0.057031995700729615 1.1864406779661016 47 6 7 11 0.055719679084445556]
[0.13100862934729593 'Conceptual' 0.037383509788529876
 0.057031995700729615 0.1694915254237288 47 6 7 12 0.13100862934729593]
[2.2217799206394933 'Conceptual' 0.037383509788529876 0.057031995700729615
 3.949152542372881 47 6 7 13 2.2217799206394933]
[2.3974788596386234 'Conceptual' 0.037383509788529876 0.057031995700729615
 4.11864406779661 47 6 7 14 2.3974788596386234]
[2.5129422598385047 'Conceptual' 0.037383509788529876 0.057031995700729615
 4.4576271186440675 47 6 7 15 2.5129422598385047]
[0.26973858495932534 'Conceptual' 0.037383509788529876
 0.057031995700729615 1.6101694915254237 47 6 7 16 0.26973858495932534]
[1.7794804149357664 'Conceptual' 0.037383509788529876 0.057031995700729615
 3.8813559322033897 47 6 7 17 1.7794804149357664]
[2.127647722984708 'Conceptual' 0.037383509788529876 0.057031995700729615
 4.288135593220338 47 6 7 18 2.127647722984708]
[1.4672526990402126 'Conceptual' 0.037383509788529876 0.057031995700729615
 3.711864406779661 47 6 7 19 1.4672526990402126]
[0.0 'Conceptual' 0.037383509788529876 0.057031995700729615 0.0 47 6 8 0
 0.0]
[4.1459716293410125 'Conceptual' 0.037383509788529876 0.057031995700729615
 0.38983050847457623 47 6 8 1 4.1459716293410125]
[3.7874057719581016 'Conceptual' 0.037383509788529876 0.057031995700729615
 0.8305084745762711 47 6 8 2 3.7874057719581016]
[2.4995684088898353 'Conceptual' 0.037383509788529876 0.057031995700729615
 2.084745762711864 47 6 8 3 2.4995684088898353]
[3.165010486171936 'Conceptual' 0.037383509788529876 0.057031995700729615
 2.796610169491525 47 6 8 4 3.165010486171936]
[0.2315581116654838 'Conceptual' 0.037383509788529876 0.057031995700729615
 0.8983050847457626 47 6 8 5 0.2315581116654838]
[1.4276910597087353 'Conceptual' 0.037383509788529876 0.057031995700729615
 2.0338983050847457 47 6 8 6 1.4276910597087353]
[3.01470301841927 'Conceptual' 0.037383509788529876 0.057031995700729615
 3.1355932203389827 47 6 8 7 3.01470301841927]
[2.3184018438047675 'Conceptual' 0.037383509788529876 0.057031995700729615
 2.864406779661017 47 6 8 8 2.3184018438047675]
[2.0797806783724533 'Conceptual' 0.037383509788529876 0.057031995700729615
 2.6271186440677963 47 6 8 9 2.0797806783724533]
[2.2374066808447224 'Conceptual' 0.037383509788529876 0.057031995700729615
 2.932203389830508 47 6 8 10 2.2374066808447224]
[0.055719679084445556 'Conceptual' 0.037383509788529876
 0.057031995700729615 1.1864406779661016 47 6 8 11 0.055719679084445556]
[0.13100862934729593 'Conceptual' 0.037383509788529876
 0.057031995700729615 0.1694915254237288 47 6 8 12 0.13100862934729593]
[2.2217799206394933 'Conceptual' 0.037383509788529876 0.057031995700729615
 3.949152542372881 47 6 8 13 2.2217799206394933]
[2.3974788596386234 'Conceptual' 0.037383509788529876 0.057031995700729615
 4.11864406779661 47 6 8 14 2.3974788596386234]
[2.5129422598385047 'Conceptual' 0.037383509788529876 0.057031995700729615
 4.4576271186440675 47 6 8 15 2.5129422598385047]
[0.26973858495932534 'Conceptual' 0.037383509788529876
 0.057031995700729615 1.6101694915254237 47 6 8 16 0.26973858495932534]
[1.7794804149357664 'Conceptual' 0.037383509788529876 0.057031995700729615
 3.8813559322033897 47 6 8 17 1.7794804149357664]
[2.127647722984708 'Conceptual' 0.037383509788529876 0.057031995700729615
 4.288135593220338 47 6 8 18 2.127647722984708]
[1.4672526990402126 'Conceptual' 0.037383509788529876 0.057031995700729615
 3.711864406779661 47 6 8 19 1.4672526990402126]
