[0.0 'Conceptual' 0.676706946142259 98.59039447708362 0.0 120 4 0 0 0.0]
[0.014711884335599413 'Conceptual' 0.676706946142259 98.59039447708362
 10.169491525423728 120 4 0 1 0.014711884335599413]
[3.84036183594545 'Conceptual' 0.676706946142259 98.59039447708362
 1.3389830508474576 120 4 0 2 3.84036183594545]
[1.9341587206588309 'Conceptual' 0.676706946142259 98.59039447708362
 4.830508474576271 120 4 0 3 1.9341587206588309]
[1.809136601060066 'Conceptual' 0.676706946142259 98.59039447708362
 2.5932203389830506 120 4 0 4 1.809136601060066]
[2.8567852348565643 'Conceptual' 0.676706946142259 98.59039447708362
 3.0338983050847457 120 4 0 5 2.8567852348565643]
[3.642119612050012 'Conceptual' 0.676706946142259 98.59039447708362
 0.8983050847457626 120 4 0 6 3.642119612050012]
[2.5405860230978865 'Conceptual' 0.676706946142259 98.59039447708362
 1.9491525423728813 120 4 0 7 2.5405860230978865]
[3.223845449509582 'Conceptual' 0.676706946142259 98.59039447708362
 2.5254237288135593 120 4 0 8 3.223845449509582]
[3.4657462615703953 'Conceptual' 0.676706946142259 98.59039447708362
 2.796610169491525 120 4 0 9 3.4657462615703953]
[2.044978538752181 'Conceptual' 0.676706946142259 98.59039447708362
 1.3559322033898304 120 4 0 10 2.044978538752181]
[3.3762898161719463 'Conceptual' 0.676706946142259 98.59039447708362
 0.7288135593220338 120 4 0 11 3.3762898161719463]
[3.2188914247465217 'Conceptual' 0.676706946142259 98.59039447708362
 1.9491525423728813 120 4 0 12 3.2188914247465217]
[2.223785870866754 'Conceptual' 0.676706946142259 98.59039447708362
 1.1864406779661016 120 4 0 13 2.223785870866754]
[2.6425411405614594 'Conceptual' 0.676706946142259 98.59039447708362
 1.406779661016949 120 4 0 14 2.6425411405614594]
[2.96174550921684 'Conceptual' 0.676706946142259 98.59039447708362
 1.5084745762711864 120 4 0 15 2.96174550921684]
[2.7250485717587924 'Conceptual' 0.676706946142259 98.59039447708362
 1.1864406779661016 120 4 0 16 2.7250485717587924]
[3.583544934878204 'Conceptual' 0.676706946142259 98.59039447708362
 2.2033898305084745 120 4 0 17 3.583544934878204]
[3.789177875597566 'Conceptual' 0.676706946142259 98.59039447708362
 2.3728813559322033 120 4 0 18 3.789177875597566]
[2.2579303948508858 'Conceptual' 0.676706946142259 98.59039447708362
 0.9999999999999999 120 4 0 19 2.2579303948508858]
[0.0 'Conceptual' 0.676706946142259 98.59039447708362 0.0 120 4 1 0 0.0]
[0.014711884335599413 'Conceptual' 0.676706946142259 98.59039447708362
 10.169491525423728 120 4 1 1 0.014711884335599413]
[3.84036183594545 'Conceptual' 0.676706946142259 98.59039447708362
 1.3389830508474576 120 4 1 2 3.84036183594545]
[1.9341587206588309 'Conceptual' 0.676706946142259 98.59039447708362
 4.830508474576271 120 4 1 3 1.9341587206588309]
[1.809136601060066 'Conceptual' 0.676706946142259 98.59039447708362
 2.5932203389830506 120 4 1 4 1.809136601060066]
[2.8567852348565643 'Conceptual' 0.676706946142259 98.59039447708362
 3.0338983050847457 120 4 1 5 2.8567852348565643]
[3.642119612050012 'Conceptual' 0.676706946142259 98.59039447708362
 0.8983050847457626 120 4 1 6 3.642119612050012]
[2.5405860230978865 'Conceptual' 0.676706946142259 98.59039447708362
 1.9491525423728813 120 4 1 7 2.5405860230978865]
[3.223845449509582 'Conceptual' 0.676706946142259 98.59039447708362
 2.5254237288135593 120 4 1 8 3.223845449509582]
[3.4657462615703953 'Conceptual' 0.676706946142259 98.59039447708362
 2.796610169491525 120 4 1 9 3.4657462615703953]
[2.044978538752181 'Conceptual' 0.676706946142259 98.59039447708362
 1.3559322033898304 120 4 1 10 2.044978538752181]
[3.3762898161719463 'Conceptual' 0.676706946142259 98.59039447708362
 0.7288135593220338 120 4 1 11 3.3762898161719463]
[3.2188914247465217 'Conceptual' 0.676706946142259 98.59039447708362
 1.9491525423728813 120 4 1 12 3.2188914247465217]
[2.223785870866754 'Conceptual' 0.676706946142259 98.59039447708362
 1.1864406779661016 120 4 1 13 2.223785870866754]
[2.6425411405614594 'Conceptual' 0.676706946142259 98.59039447708362
 1.406779661016949 120 4 1 14 2.6425411405614594]
[2.96174550921684 'Conceptual' 0.676706946142259 98.59039447708362
 1.5084745762711864 120 4 1 15 2.96174550921684]
[2.7250485717587924 'Conceptual' 0.676706946142259 98.59039447708362
 1.1864406779661016 120 4 1 16 2.7250485717587924]
[3.583544934878204 'Conceptual' 0.676706946142259 98.59039447708362
 2.2033898305084745 120 4 1 17 3.583544934878204]
[3.789177875597566 'Conceptual' 0.676706946142259 98.59039447708362
 2.3728813559322033 120 4 1 18 3.789177875597566]
[2.2579303948508858 'Conceptual' 0.676706946142259 98.59039447708362
 0.9999999999999999 120 4 1 19 2.2579303948508858]
[0.0 'Conceptual' 0.676706946142259 98.59039447708362 0.0 120 4 2 0 0.0]
[0.014711884335599413 'Conceptual' 0.676706946142259 98.59039447708362
 10.169491525423728 120 4 2 1 0.014711884335599413]
[3.84036183594545 'Conceptual' 0.676706946142259 98.59039447708362
 1.3389830508474576 120 4 2 2 3.84036183594545]
[1.9341587206588309 'Conceptual' 0.676706946142259 98.59039447708362
 4.830508474576271 120 4 2 3 1.9341587206588309]
[1.809136601060066 'Conceptual' 0.676706946142259 98.59039447708362
 2.5932203389830506 120 4 2 4 1.809136601060066]
[2.8567852348565643 'Conceptual' 0.676706946142259 98.59039447708362
 3.0338983050847457 120 4 2 5 2.8567852348565643]
[3.642119612050012 'Conceptual' 0.676706946142259 98.59039447708362
 0.8983050847457626 120 4 2 6 3.642119612050012]
[2.5405860230978865 'Conceptual' 0.676706946142259 98.59039447708362
 1.9491525423728813 120 4 2 7 2.5405860230978865]
[3.223845449509582 'Conceptual' 0.676706946142259 98.59039447708362
 2.5254237288135593 120 4 2 8 3.223845449509582]
[3.4657462615703953 'Conceptual' 0.676706946142259 98.59039447708362
 2.796610169491525 120 4 2 9 3.4657462615703953]
[2.044978538752181 'Conceptual' 0.676706946142259 98.59039447708362
 1.3559322033898304 120 4 2 10 2.044978538752181]
[3.3762898161719463 'Conceptual' 0.676706946142259 98.59039447708362
 0.7288135593220338 120 4 2 11 3.3762898161719463]
[3.2188914247465217 'Conceptual' 0.676706946142259 98.59039447708362
 1.9491525423728813 120 4 2 12 3.2188914247465217]
[2.223785870866754 'Conceptual' 0.676706946142259 98.59039447708362
 1.1864406779661016 120 4 2 13 2.223785870866754]
[2.6425411405614594 'Conceptual' 0.676706946142259 98.59039447708362
 1.406779661016949 120 4 2 14 2.6425411405614594]
[2.96174550921684 'Conceptual' 0.676706946142259 98.59039447708362
 1.5084745762711864 120 4 2 15 2.96174550921684]
[2.7250485717587924 'Conceptual' 0.676706946142259 98.59039447708362
 1.1864406779661016 120 4 2 16 2.7250485717587924]
[3.583544934878204 'Conceptual' 0.676706946142259 98.59039447708362
 2.2033898305084745 120 4 2 17 3.583544934878204]
[3.789177875597566 'Conceptual' 0.676706946142259 98.59039447708362
 2.3728813559322033 120 4 2 18 3.789177875597566]
[2.2579303948508858 'Conceptual' 0.676706946142259 98.59039447708362
 0.9999999999999999 120 4 2 19 2.2579303948508858]
[0.0 'Conceptual' 0.676706946142259 98.59039447708362 0.0 120 4 3 0 0.0]
[0.014711884335599413 'Conceptual' 0.676706946142259 98.59039447708362
 10.169491525423728 120 4 3 1 0.014711884335599413]
[3.84036183594545 'Conceptual' 0.676706946142259 98.59039447708362
 1.3389830508474576 120 4 3 2 3.84036183594545]
[1.9341587206588309 'Conceptual' 0.676706946142259 98.59039447708362
 4.830508474576271 120 4 3 3 1.9341587206588309]
[1.809136601060066 'Conceptual' 0.676706946142259 98.59039447708362
 2.5932203389830506 120 4 3 4 1.809136601060066]
[2.8567852348565643 'Conceptual' 0.676706946142259 98.59039447708362
 3.0338983050847457 120 4 3 5 2.8567852348565643]
[3.642119612050012 'Conceptual' 0.676706946142259 98.59039447708362
 0.8983050847457626 120 4 3 6 3.642119612050012]
[2.5405860230978865 'Conceptual' 0.676706946142259 98.59039447708362
 1.9491525423728813 120 4 3 7 2.5405860230978865]
[3.223845449509582 'Conceptual' 0.676706946142259 98.59039447708362
 2.5254237288135593 120 4 3 8 3.223845449509582]
[3.4657462615703953 'Conceptual' 0.676706946142259 98.59039447708362
 2.796610169491525 120 4 3 9 3.4657462615703953]
[2.044978538752181 'Conceptual' 0.676706946142259 98.59039447708362
 1.3559322033898304 120 4 3 10 2.044978538752181]
[3.3762898161719463 'Conceptual' 0.676706946142259 98.59039447708362
 0.7288135593220338 120 4 3 11 3.3762898161719463]
[3.2188914247465217 'Conceptual' 0.676706946142259 98.59039447708362
 1.9491525423728813 120 4 3 12 3.2188914247465217]
[2.223785870866754 'Conceptual' 0.676706946142259 98.59039447708362
 1.1864406779661016 120 4 3 13 2.223785870866754]
[2.6425411405614594 'Conceptual' 0.676706946142259 98.59039447708362
 1.406779661016949 120 4 3 14 2.6425411405614594]
[2.96174550921684 'Conceptual' 0.676706946142259 98.59039447708362
 1.5084745762711864 120 4 3 15 2.96174550921684]
[2.7250485717587924 'Conceptual' 0.676706946142259 98.59039447708362
 1.1864406779661016 120 4 3 16 2.7250485717587924]
[3.583544934878204 'Conceptual' 0.676706946142259 98.59039447708362
 2.2033898305084745 120 4 3 17 3.583544934878204]
[3.789177875597566 'Conceptual' 0.676706946142259 98.59039447708362
 2.3728813559322033 120 4 3 18 3.789177875597566]
[2.2579303948508858 'Conceptual' 0.676706946142259 98.59039447708362
 0.9999999999999999 120 4 3 19 2.2579303948508858]
[0.0 'Conceptual' 0.676706946142259 98.59039447708362 0.0 120 4 5 0 0.0]
[0.014711884335599413 'Conceptual' 0.676706946142259 98.59039447708362
 10.169491525423728 120 4 5 1 0.014711884335599413]
[3.84036183594545 'Conceptual' 0.676706946142259 98.59039447708362
 1.3389830508474576 120 4 5 2 3.84036183594545]
[1.9341587206588309 'Conceptual' 0.676706946142259 98.59039447708362
 4.830508474576271 120 4 5 3 1.9341587206588309]
[1.809136601060066 'Conceptual' 0.676706946142259 98.59039447708362
 2.5932203389830506 120 4 5 4 1.809136601060066]
[2.8567852348565643 'Conceptual' 0.676706946142259 98.59039447708362
 3.0338983050847457 120 4 5 5 2.8567852348565643]
[3.642119612050012 'Conceptual' 0.676706946142259 98.59039447708362
 0.8983050847457626 120 4 5 6 3.642119612050012]
[2.5405860230978865 'Conceptual' 0.676706946142259 98.59039447708362
 1.9491525423728813 120 4 5 7 2.5405860230978865]
[3.223845449509582 'Conceptual' 0.676706946142259 98.59039447708362
 2.5254237288135593 120 4 5 8 3.223845449509582]
[3.4657462615703953 'Conceptual' 0.676706946142259 98.59039447708362
 2.796610169491525 120 4 5 9 3.4657462615703953]
[2.044978538752181 'Conceptual' 0.676706946142259 98.59039447708362
 1.3559322033898304 120 4 5 10 2.044978538752181]
[3.3762898161719463 'Conceptual' 0.676706946142259 98.59039447708362
 0.7288135593220338 120 4 5 11 3.3762898161719463]
[3.2188914247465217 'Conceptual' 0.676706946142259 98.59039447708362
 1.9491525423728813 120 4 5 12 3.2188914247465217]
[2.223785870866754 'Conceptual' 0.676706946142259 98.59039447708362
 1.1864406779661016 120 4 5 13 2.223785870866754]
[2.6425411405614594 'Conceptual' 0.676706946142259 98.59039447708362
 1.406779661016949 120 4 5 14 2.6425411405614594]
[2.96174550921684 'Conceptual' 0.676706946142259 98.59039447708362
 1.5084745762711864 120 4 5 15 2.96174550921684]
[2.7250485717587924 'Conceptual' 0.676706946142259 98.59039447708362
 1.1864406779661016 120 4 5 16 2.7250485717587924]
[3.583544934878204 'Conceptual' 0.676706946142259 98.59039447708362
 2.2033898305084745 120 4 5 17 3.583544934878204]
[3.789177875597566 'Conceptual' 0.676706946142259 98.59039447708362
 2.3728813559322033 120 4 5 18 3.789177875597566]
[2.2579303948508858 'Conceptual' 0.676706946142259 98.59039447708362
 0.9999999999999999 120 4 5 19 2.2579303948508858]
[0.0 'Conceptual' 0.676706946142259 98.59039447708362 0.0 120 4 6 0 0.0]
[0.014711884335599413 'Conceptual' 0.676706946142259 98.59039447708362
 10.169491525423728 120 4 6 1 0.014711884335599413]
[3.84036183594545 'Conceptual' 0.676706946142259 98.59039447708362
 1.3389830508474576 120 4 6 2 3.84036183594545]
[1.9341587206588309 'Conceptual' 0.676706946142259 98.59039447708362
 4.830508474576271 120 4 6 3 1.9341587206588309]
[1.809136601060066 'Conceptual' 0.676706946142259 98.59039447708362
 2.5932203389830506 120 4 6 4 1.809136601060066]
[2.8567852348565643 'Conceptual' 0.676706946142259 98.59039447708362
 3.0338983050847457 120 4 6 5 2.8567852348565643]
[3.642119612050012 'Conceptual' 0.676706946142259 98.59039447708362
 0.8983050847457626 120 4 6 6 3.642119612050012]
[2.5405860230978865 'Conceptual' 0.676706946142259 98.59039447708362
 1.9491525423728813 120 4 6 7 2.5405860230978865]
[3.223845449509582 'Conceptual' 0.676706946142259 98.59039447708362
 2.5254237288135593 120 4 6 8 3.223845449509582]
[3.4657462615703953 'Conceptual' 0.676706946142259 98.59039447708362
 2.796610169491525 120 4 6 9 3.4657462615703953]
[2.044978538752181 'Conceptual' 0.676706946142259 98.59039447708362
 1.3559322033898304 120 4 6 10 2.044978538752181]
[3.3762898161719463 'Conceptual' 0.676706946142259 98.59039447708362
 0.7288135593220338 120 4 6 11 3.3762898161719463]
[3.2188914247465217 'Conceptual' 0.676706946142259 98.59039447708362
 1.9491525423728813 120 4 6 12 3.2188914247465217]
[2.223785870866754 'Conceptual' 0.676706946142259 98.59039447708362
 1.1864406779661016 120 4 6 13 2.223785870866754]
[2.6425411405614594 'Conceptual' 0.676706946142259 98.59039447708362
 1.406779661016949 120 4 6 14 2.6425411405614594]
[2.96174550921684 'Conceptual' 0.676706946142259 98.59039447708362
 1.5084745762711864 120 4 6 15 2.96174550921684]
[2.7250485717587924 'Conceptual' 0.676706946142259 98.59039447708362
 1.1864406779661016 120 4 6 16 2.7250485717587924]
[3.583544934878204 'Conceptual' 0.676706946142259 98.59039447708362
 2.2033898305084745 120 4 6 17 3.583544934878204]
[3.789177875597566 'Conceptual' 0.676706946142259 98.59039447708362
 2.3728813559322033 120 4 6 18 3.789177875597566]
[2.2579303948508858 'Conceptual' 0.676706946142259 98.59039447708362
 0.9999999999999999 120 4 6 19 2.2579303948508858]
[0.0 'Conceptual' 0.676706946142259 98.59039447708362 0.0 120 4 7 0 0.0]
[0.014711884335599413 'Conceptual' 0.676706946142259 98.59039447708362
 10.169491525423728 120 4 7 1 0.014711884335599413]
[3.84036183594545 'Conceptual' 0.676706946142259 98.59039447708362
 1.3389830508474576 120 4 7 2 3.84036183594545]
[1.9341587206588309 'Conceptual' 0.676706946142259 98.59039447708362
 4.830508474576271 120 4 7 3 1.9341587206588309]
[1.809136601060066 'Conceptual' 0.676706946142259 98.59039447708362
 2.5932203389830506 120 4 7 4 1.809136601060066]
[2.8567852348565643 'Conceptual' 0.676706946142259 98.59039447708362
 3.0338983050847457 120 4 7 5 2.8567852348565643]
[3.642119612050012 'Conceptual' 0.676706946142259 98.59039447708362
 0.8983050847457626 120 4 7 6 3.642119612050012]
[2.5405860230978865 'Conceptual' 0.676706946142259 98.59039447708362
 1.9491525423728813 120 4 7 7 2.5405860230978865]
[3.223845449509582 'Conceptual' 0.676706946142259 98.59039447708362
 2.5254237288135593 120 4 7 8 3.223845449509582]
[3.4657462615703953 'Conceptual' 0.676706946142259 98.59039447708362
 2.796610169491525 120 4 7 9 3.4657462615703953]
[2.044978538752181 'Conceptual' 0.676706946142259 98.59039447708362
 1.3559322033898304 120 4 7 10 2.044978538752181]
[3.3762898161719463 'Conceptual' 0.676706946142259 98.59039447708362
 0.7288135593220338 120 4 7 11 3.3762898161719463]
[3.2188914247465217 'Conceptual' 0.676706946142259 98.59039447708362
 1.9491525423728813 120 4 7 12 3.2188914247465217]
[2.223785870866754 'Conceptual' 0.676706946142259 98.59039447708362
 1.1864406779661016 120 4 7 13 2.223785870866754]
[2.6425411405614594 'Conceptual' 0.676706946142259 98.59039447708362
 1.406779661016949 120 4 7 14 2.6425411405614594]
[2.96174550921684 'Conceptual' 0.676706946142259 98.59039447708362
 1.5084745762711864 120 4 7 15 2.96174550921684]
[2.7250485717587924 'Conceptual' 0.676706946142259 98.59039447708362
 1.1864406779661016 120 4 7 16 2.7250485717587924]
[3.583544934878204 'Conceptual' 0.676706946142259 98.59039447708362
 2.2033898305084745 120 4 7 17 3.583544934878204]
[3.789177875597566 'Conceptual' 0.676706946142259 98.59039447708362
 2.3728813559322033 120 4 7 18 3.789177875597566]
[2.2579303948508858 'Conceptual' 0.676706946142259 98.59039447708362
 0.9999999999999999 120 4 7 19 2.2579303948508858]
[0.0 'Conceptual' 0.676706946142259 98.59039447708362 0.0 120 4 8 0 0.0]
[0.014711884335599413 'Conceptual' 0.676706946142259 98.59039447708362
 10.169491525423728 120 4 8 1 0.014711884335599413]
[3.84036183594545 'Conceptual' 0.676706946142259 98.59039447708362
 1.3389830508474576 120 4 8 2 3.84036183594545]
[1.9341587206588309 'Conceptual' 0.676706946142259 98.59039447708362
 4.830508474576271 120 4 8 3 1.9341587206588309]
[1.809136601060066 'Conceptual' 0.676706946142259 98.59039447708362
 2.5932203389830506 120 4 8 4 1.809136601060066]
[2.8567852348565643 'Conceptual' 0.676706946142259 98.59039447708362
 3.0338983050847457 120 4 8 5 2.8567852348565643]
[3.642119612050012 'Conceptual' 0.676706946142259 98.59039447708362
 0.8983050847457626 120 4 8 6 3.642119612050012]
[2.5405860230978865 'Conceptual' 0.676706946142259 98.59039447708362
 1.9491525423728813 120 4 8 7 2.5405860230978865]
[3.223845449509582 'Conceptual' 0.676706946142259 98.59039447708362
 2.5254237288135593 120 4 8 8 3.223845449509582]
[3.4657462615703953 'Conceptual' 0.676706946142259 98.59039447708362
 2.796610169491525 120 4 8 9 3.4657462615703953]
[2.044978538752181 'Conceptual' 0.676706946142259 98.59039447708362
 1.3559322033898304 120 4 8 10 2.044978538752181]
[3.3762898161719463 'Conceptual' 0.676706946142259 98.59039447708362
 0.7288135593220338 120 4 8 11 3.3762898161719463]
[3.2188914247465217 'Conceptual' 0.676706946142259 98.59039447708362
 1.9491525423728813 120 4 8 12 3.2188914247465217]
[2.223785870866754 'Conceptual' 0.676706946142259 98.59039447708362
 1.1864406779661016 120 4 8 13 2.223785870866754]
[2.6425411405614594 'Conceptual' 0.676706946142259 98.59039447708362
 1.406779661016949 120 4 8 14 2.6425411405614594]
[2.96174550921684 'Conceptual' 0.676706946142259 98.59039447708362
 1.5084745762711864 120 4 8 15 2.96174550921684]
[2.7250485717587924 'Conceptual' 0.676706946142259 98.59039447708362
 1.1864406779661016 120 4 8 16 2.7250485717587924]
[3.583544934878204 'Conceptual' 0.676706946142259 98.59039447708362
 2.2033898305084745 120 4 8 17 3.583544934878204]
[3.789177875597566 'Conceptual' 0.676706946142259 98.59039447708362
 2.3728813559322033 120 4 8 18 3.789177875597566]
[2.2579303948508858 'Conceptual' 0.676706946142259 98.59039447708362
 0.9999999999999999 120 4 8 19 2.2579303948508858]
