[0.0 'Conceptual' 0.04820826615710848 0.3070797400246386 0.0 66 0 1 0 0.0]
[3.8167531019899092 'Conceptual' 0.04820826615710848 0.3070797400246386
 2.016949152542373 66 0 1 1 3.8167531019899092]
[3.700632941003446 'Conceptual' 0.04820826615710848 0.3070797400246386
 9.881355932203387 66 0 1 2 3.700632941003446]
[3.9390804300418285 'Conceptual' 0.04820826615710848 0.3070797400246386
 1.271186440677966 66 0 1 3 3.9390804300418285]
[5.040080926567597 'Conceptual' 0.04820826615710848 0.3070797400246386
 10.169491525423728 66 0 1 4 5.040080926567597]
[4.717855063030186 'Conceptual' 0.04820826615710848 0.3070797400246386
 1.847457627118644 66 0 1 5 4.717855063030186]
[4.44860363988559 'Conceptual' 0.04820826615710848 0.3070797400246386
 1.406779661016949 66 0 1 6 4.44860363988559]
[2.7724589330537155 'Conceptual' 0.04820826615710848 0.3070797400246386
 2.0338983050847457 66 0 1 7 2.7724589330537155]
[0.47947725776960803 'Conceptual' 0.04820826615710848 0.3070797400246386
 1.847457627118644 66 0 1 8 0.47947725776960803]
[0.0006870559667378287 'Conceptual' 0.04820826615710848 0.3070797400246386
 0.1694915254237288 66 0 1 9 0.0006870559667378287]
[0.48090987364216753 'Conceptual' 0.04820826615710848 0.3070797400246386
 1.9152542372881354 66 0 1 10 0.48090987364216753]
[0.0006298016333102192 'Conceptual' 0.04820826615710848 0.3070797400246386
 0.1694915254237288 66 0 1 11 0.0006298016333102192]
[1.8395971698091755 'Conceptual' 0.04820826615710848 0.3070797400246386
 4.389830508474576 66 0 1 12 1.8395971698091755]
[3.3747880915678987 'Conceptual' 0.04820826615710848 0.3070797400246386
 10.169491525423728 66 0 1 13 3.3747880915678987]
[0.0006298016333102192 'Conceptual' 0.04820826615710848 0.3070797400246386
 0.1694915254237288 66 0 1 14 0.0006298016333102192]
[0.0006298016333102192 'Conceptual' 0.04820826615710848 0.3070797400246386
 0.1694915254237288 66 0 1 15 0.0006298016333102192]
[1.473638859881134 'Conceptual' 0.04820826615710848 0.3070797400246386
 2.3559322033898304 66 0 1 16 1.473638859881134]
[1.3248433341847785 'Conceptual' 0.04820826615710848 0.3070797400246386
 4.627118644067796 66 0 1 17 1.3248433341847785]
[0.0006298016333102192 'Conceptual' 0.04820826615710848 0.3070797400246386
 0.1694915254237288 66 0 1 18 0.0006298016333102192]
[0.0006298016333102192 'Conceptual' 0.04820826615710848 0.3070797400246386
 0.1694915254237288 66 0 1 19 0.0006298016333102192]
[0.0 'Conceptual' 0.04820826615710848 0.3070797400246386 0.0 66 0 2 0 0.0]
[3.8167531019899092 'Conceptual' 0.04820826615710848 0.3070797400246386
 2.016949152542373 66 0 2 1 3.8167531019899092]
[3.700632941003446 'Conceptual' 0.04820826615710848 0.3070797400246386
 9.881355932203387 66 0 2 2 3.700632941003446]
[3.9390804300418285 'Conceptual' 0.04820826615710848 0.3070797400246386
 1.271186440677966 66 0 2 3 3.9390804300418285]
[5.040080926567597 'Conceptual' 0.04820826615710848 0.3070797400246386
 10.169491525423728 66 0 2 4 5.040080926567597]
[4.717855063030186 'Conceptual' 0.04820826615710848 0.3070797400246386
 1.847457627118644 66 0 2 5 4.717855063030186]
[4.44860363988559 'Conceptual' 0.04820826615710848 0.3070797400246386
 1.406779661016949 66 0 2 6 4.44860363988559]
[2.7724589330537155 'Conceptual' 0.04820826615710848 0.3070797400246386
 2.0338983050847457 66 0 2 7 2.7724589330537155]
[0.47947725776960803 'Conceptual' 0.04820826615710848 0.3070797400246386
 1.847457627118644 66 0 2 8 0.47947725776960803]
[0.0006870559667378287 'Conceptual' 0.04820826615710848 0.3070797400246386
 0.1694915254237288 66 0 2 9 0.0006870559667378287]
[0.48090987364216753 'Conceptual' 0.04820826615710848 0.3070797400246386
 1.9152542372881354 66 0 2 10 0.48090987364216753]
[0.0006298016333102192 'Conceptual' 0.04820826615710848 0.3070797400246386
 0.1694915254237288 66 0 2 11 0.0006298016333102192]
[1.8395971698091755 'Conceptual' 0.04820826615710848 0.3070797400246386
 4.389830508474576 66 0 2 12 1.8395971698091755]
[3.3747880915678987 'Conceptual' 0.04820826615710848 0.3070797400246386
 10.169491525423728 66 0 2 13 3.3747880915678987]
[0.0006298016333102192 'Conceptual' 0.04820826615710848 0.3070797400246386
 0.1694915254237288 66 0 2 14 0.0006298016333102192]
[0.0006298016333102192 'Conceptual' 0.04820826615710848 0.3070797400246386
 0.1694915254237288 66 0 2 15 0.0006298016333102192]
[1.473638859881134 'Conceptual' 0.04820826615710848 0.3070797400246386
 2.3559322033898304 66 0 2 16 1.473638859881134]
[1.3248433341847785 'Conceptual' 0.04820826615710848 0.3070797400246386
 4.627118644067796 66 0 2 17 1.3248433341847785]
[0.0006298016333102192 'Conceptual' 0.04820826615710848 0.3070797400246386
 0.1694915254237288 66 0 2 18 0.0006298016333102192]
[0.0006298016333102192 'Conceptual' 0.04820826615710848 0.3070797400246386
 0.1694915254237288 66 0 2 19 0.0006298016333102192]
[0.0 'Conceptual' 0.04820826615710848 0.3070797400246386 0.0 66 0 3 0 0.0]
[3.8167531019899092 'Conceptual' 0.04820826615710848 0.3070797400246386
 2.016949152542373 66 0 3 1 3.8167531019899092]
[3.700632941003446 'Conceptual' 0.04820826615710848 0.3070797400246386
 9.881355932203387 66 0 3 2 3.700632941003446]
[3.9390804300418285 'Conceptual' 0.04820826615710848 0.3070797400246386
 1.271186440677966 66 0 3 3 3.9390804300418285]
[5.040080926567597 'Conceptual' 0.04820826615710848 0.3070797400246386
 10.169491525423728 66 0 3 4 5.040080926567597]
[4.717855063030186 'Conceptual' 0.04820826615710848 0.3070797400246386
 1.847457627118644 66 0 3 5 4.717855063030186]
[4.44860363988559 'Conceptual' 0.04820826615710848 0.3070797400246386
 1.406779661016949 66 0 3 6 4.44860363988559]
[2.7724589330537155 'Conceptual' 0.04820826615710848 0.3070797400246386
 2.0338983050847457 66 0 3 7 2.7724589330537155]
[0.47947725776960803 'Conceptual' 0.04820826615710848 0.3070797400246386
 1.847457627118644 66 0 3 8 0.47947725776960803]
[0.0006870559667378287 'Conceptual' 0.04820826615710848 0.3070797400246386
 0.1694915254237288 66 0 3 9 0.0006870559667378287]
[0.48090987364216753 'Conceptual' 0.04820826615710848 0.3070797400246386
 1.9152542372881354 66 0 3 10 0.48090987364216753]
[0.0006298016333102192 'Conceptual' 0.04820826615710848 0.3070797400246386
 0.1694915254237288 66 0 3 11 0.0006298016333102192]
[1.8395971698091755 'Conceptual' 0.04820826615710848 0.3070797400246386
 4.389830508474576 66 0 3 12 1.8395971698091755]
[3.3747880915678987 'Conceptual' 0.04820826615710848 0.3070797400246386
 10.169491525423728 66 0 3 13 3.3747880915678987]
[0.0006298016333102192 'Conceptual' 0.04820826615710848 0.3070797400246386
 0.1694915254237288 66 0 3 14 0.0006298016333102192]
[0.0006298016333102192 'Conceptual' 0.04820826615710848 0.3070797400246386
 0.1694915254237288 66 0 3 15 0.0006298016333102192]
[1.473638859881134 'Conceptual' 0.04820826615710848 0.3070797400246386
 2.3559322033898304 66 0 3 16 1.473638859881134]
[1.3248433341847785 'Conceptual' 0.04820826615710848 0.3070797400246386
 4.627118644067796 66 0 3 17 1.3248433341847785]
[0.0006298016333102192 'Conceptual' 0.04820826615710848 0.3070797400246386
 0.1694915254237288 66 0 3 18 0.0006298016333102192]
[0.0006298016333102192 'Conceptual' 0.04820826615710848 0.3070797400246386
 0.1694915254237288 66 0 3 19 0.0006298016333102192]
[0.0 'Conceptual' 0.04820826615710848 0.3070797400246386 0.0 66 0 4 0 0.0]
[3.8167531019899092 'Conceptual' 0.04820826615710848 0.3070797400246386
 2.016949152542373 66 0 4 1 3.8167531019899092]
[3.700632941003446 'Conceptual' 0.04820826615710848 0.3070797400246386
 9.881355932203387 66 0 4 2 3.700632941003446]
[3.9390804300418285 'Conceptual' 0.04820826615710848 0.3070797400246386
 1.271186440677966 66 0 4 3 3.9390804300418285]
[5.040080926567597 'Conceptual' 0.04820826615710848 0.3070797400246386
 10.169491525423728 66 0 4 4 5.040080926567597]
[4.717855063030186 'Conceptual' 0.04820826615710848 0.3070797400246386
 1.847457627118644 66 0 4 5 4.717855063030186]
[4.44860363988559 'Conceptual' 0.04820826615710848 0.3070797400246386
 1.406779661016949 66 0 4 6 4.44860363988559]
[2.7724589330537155 'Conceptual' 0.04820826615710848 0.3070797400246386
 2.0338983050847457 66 0 4 7 2.7724589330537155]
[0.47947725776960803 'Conceptual' 0.04820826615710848 0.3070797400246386
 1.847457627118644 66 0 4 8 0.47947725776960803]
[0.0006870559667378287 'Conceptual' 0.04820826615710848 0.3070797400246386
 0.1694915254237288 66 0 4 9 0.0006870559667378287]
[0.48090987364216753 'Conceptual' 0.04820826615710848 0.3070797400246386
 1.9152542372881354 66 0 4 10 0.48090987364216753]
[0.0006298016333102192 'Conceptual' 0.04820826615710848 0.3070797400246386
 0.1694915254237288 66 0 4 11 0.0006298016333102192]
[1.8395971698091755 'Conceptual' 0.04820826615710848 0.3070797400246386
 4.389830508474576 66 0 4 12 1.8395971698091755]
[3.3747880915678987 'Conceptual' 0.04820826615710848 0.3070797400246386
 10.169491525423728 66 0 4 13 3.3747880915678987]
[0.0006298016333102192 'Conceptual' 0.04820826615710848 0.3070797400246386
 0.1694915254237288 66 0 4 14 0.0006298016333102192]
[0.0006298016333102192 'Conceptual' 0.04820826615710848 0.3070797400246386
 0.1694915254237288 66 0 4 15 0.0006298016333102192]
[1.473638859881134 'Conceptual' 0.04820826615710848 0.3070797400246386
 2.3559322033898304 66 0 4 16 1.473638859881134]
[1.3248433341847785 'Conceptual' 0.04820826615710848 0.3070797400246386
 4.627118644067796 66 0 4 17 1.3248433341847785]
[0.0006298016333102192 'Conceptual' 0.04820826615710848 0.3070797400246386
 0.1694915254237288 66 0 4 18 0.0006298016333102192]
[0.0006298016333102192 'Conceptual' 0.04820826615710848 0.3070797400246386
 0.1694915254237288 66 0 4 19 0.0006298016333102192]
[0.0 'Conceptual' 0.04820826615710848 0.3070797400246386 0.0 66 0 5 0 0.0]
[3.8167531019899092 'Conceptual' 0.04820826615710848 0.3070797400246386
 2.016949152542373 66 0 5 1 3.8167531019899092]
[3.700632941003446 'Conceptual' 0.04820826615710848 0.3070797400246386
 9.881355932203387 66 0 5 2 3.700632941003446]
[3.9390804300418285 'Conceptual' 0.04820826615710848 0.3070797400246386
 1.271186440677966 66 0 5 3 3.9390804300418285]
[5.040080926567597 'Conceptual' 0.04820826615710848 0.3070797400246386
 10.169491525423728 66 0 5 4 5.040080926567597]
[4.717855063030186 'Conceptual' 0.04820826615710848 0.3070797400246386
 1.847457627118644 66 0 5 5 4.717855063030186]
[4.44860363988559 'Conceptual' 0.04820826615710848 0.3070797400246386
 1.406779661016949 66 0 5 6 4.44860363988559]
[2.7724589330537155 'Conceptual' 0.04820826615710848 0.3070797400246386
 2.0338983050847457 66 0 5 7 2.7724589330537155]
[0.47947725776960803 'Conceptual' 0.04820826615710848 0.3070797400246386
 1.847457627118644 66 0 5 8 0.47947725776960803]
[0.0006870559667378287 'Conceptual' 0.04820826615710848 0.3070797400246386
 0.1694915254237288 66 0 5 9 0.0006870559667378287]
[0.48090987364216753 'Conceptual' 0.04820826615710848 0.3070797400246386
 1.9152542372881354 66 0 5 10 0.48090987364216753]
[0.0006298016333102192 'Conceptual' 0.04820826615710848 0.3070797400246386
 0.1694915254237288 66 0 5 11 0.0006298016333102192]
[1.8395971698091755 'Conceptual' 0.04820826615710848 0.3070797400246386
 4.389830508474576 66 0 5 12 1.8395971698091755]
[3.3747880915678987 'Conceptual' 0.04820826615710848 0.3070797400246386
 10.169491525423728 66 0 5 13 3.3747880915678987]
[0.0006298016333102192 'Conceptual' 0.04820826615710848 0.3070797400246386
 0.1694915254237288 66 0 5 14 0.0006298016333102192]
[0.0006298016333102192 'Conceptual' 0.04820826615710848 0.3070797400246386
 0.1694915254237288 66 0 5 15 0.0006298016333102192]
[1.473638859881134 'Conceptual' 0.04820826615710848 0.3070797400246386
 2.3559322033898304 66 0 5 16 1.473638859881134]
[1.3248433341847785 'Conceptual' 0.04820826615710848 0.3070797400246386
 4.627118644067796 66 0 5 17 1.3248433341847785]
[0.0006298016333102192 'Conceptual' 0.04820826615710848 0.3070797400246386
 0.1694915254237288 66 0 5 18 0.0006298016333102192]
[0.0006298016333102192 'Conceptual' 0.04820826615710848 0.3070797400246386
 0.1694915254237288 66 0 5 19 0.0006298016333102192]
[0.0 'Conceptual' 0.04820826615710848 0.3070797400246386 0.0 66 0 6 0 0.0]
[3.8167531019899092 'Conceptual' 0.04820826615710848 0.3070797400246386
 2.016949152542373 66 0 6 1 3.8167531019899092]
[3.700632941003446 'Conceptual' 0.04820826615710848 0.3070797400246386
 9.881355932203387 66 0 6 2 3.700632941003446]
[3.9390804300418285 'Conceptual' 0.04820826615710848 0.3070797400246386
 1.271186440677966 66 0 6 3 3.9390804300418285]
[5.040080926567597 'Conceptual' 0.04820826615710848 0.3070797400246386
 10.169491525423728 66 0 6 4 5.040080926567597]
[4.717855063030186 'Conceptual' 0.04820826615710848 0.3070797400246386
 1.847457627118644 66 0 6 5 4.717855063030186]
[4.44860363988559 'Conceptual' 0.04820826615710848 0.3070797400246386
 1.406779661016949 66 0 6 6 4.44860363988559]
[2.7724589330537155 'Conceptual' 0.04820826615710848 0.3070797400246386
 2.0338983050847457 66 0 6 7 2.7724589330537155]
[0.47947725776960803 'Conceptual' 0.04820826615710848 0.3070797400246386
 1.847457627118644 66 0 6 8 0.47947725776960803]
[0.0006870559667378287 'Conceptual' 0.04820826615710848 0.3070797400246386
 0.1694915254237288 66 0 6 9 0.0006870559667378287]
[0.48090987364216753 'Conceptual' 0.04820826615710848 0.3070797400246386
 1.9152542372881354 66 0 6 10 0.48090987364216753]
[0.0006298016333102192 'Conceptual' 0.04820826615710848 0.3070797400246386
 0.1694915254237288 66 0 6 11 0.0006298016333102192]
[1.8395971698091755 'Conceptual' 0.04820826615710848 0.3070797400246386
 4.389830508474576 66 0 6 12 1.8395971698091755]
[3.3747880915678987 'Conceptual' 0.04820826615710848 0.3070797400246386
 10.169491525423728 66 0 6 13 3.3747880915678987]
[0.0006298016333102192 'Conceptual' 0.04820826615710848 0.3070797400246386
 0.1694915254237288 66 0 6 14 0.0006298016333102192]
[0.0006298016333102192 'Conceptual' 0.04820826615710848 0.3070797400246386
 0.1694915254237288 66 0 6 15 0.0006298016333102192]
[1.473638859881134 'Conceptual' 0.04820826615710848 0.3070797400246386
 2.3559322033898304 66 0 6 16 1.473638859881134]
[1.3248433341847785 'Conceptual' 0.04820826615710848 0.3070797400246386
 4.627118644067796 66 0 6 17 1.3248433341847785]
[0.0006298016333102192 'Conceptual' 0.04820826615710848 0.3070797400246386
 0.1694915254237288 66 0 6 18 0.0006298016333102192]
[0.0006298016333102192 'Conceptual' 0.04820826615710848 0.3070797400246386
 0.1694915254237288 66 0 6 19 0.0006298016333102192]
[0.0 'Conceptual' 0.04820826615710848 0.3070797400246386 0.0 66 0 7 0 0.0]
[3.8167531019899092 'Conceptual' 0.04820826615710848 0.3070797400246386
 2.016949152542373 66 0 7 1 3.8167531019899092]
[3.700632941003446 'Conceptual' 0.04820826615710848 0.3070797400246386
 9.881355932203387 66 0 7 2 3.700632941003446]
[3.9390804300418285 'Conceptual' 0.04820826615710848 0.3070797400246386
 1.271186440677966 66 0 7 3 3.9390804300418285]
[5.040080926567597 'Conceptual' 0.04820826615710848 0.3070797400246386
 10.169491525423728 66 0 7 4 5.040080926567597]
[4.717855063030186 'Conceptual' 0.04820826615710848 0.3070797400246386
 1.847457627118644 66 0 7 5 4.717855063030186]
[4.44860363988559 'Conceptual' 0.04820826615710848 0.3070797400246386
 1.406779661016949 66 0 7 6 4.44860363988559]
[2.7724589330537155 'Conceptual' 0.04820826615710848 0.3070797400246386
 2.0338983050847457 66 0 7 7 2.7724589330537155]
[0.47947725776960803 'Conceptual' 0.04820826615710848 0.3070797400246386
 1.847457627118644 66 0 7 8 0.47947725776960803]
[0.0006870559667378287 'Conceptual' 0.04820826615710848 0.3070797400246386
 0.1694915254237288 66 0 7 9 0.0006870559667378287]
[0.48090987364216753 'Conceptual' 0.04820826615710848 0.3070797400246386
 1.9152542372881354 66 0 7 10 0.48090987364216753]
[0.0006298016333102192 'Conceptual' 0.04820826615710848 0.3070797400246386
 0.1694915254237288 66 0 7 11 0.0006298016333102192]
[1.8395971698091755 'Conceptual' 0.04820826615710848 0.3070797400246386
 4.389830508474576 66 0 7 12 1.8395971698091755]
[3.3747880915678987 'Conceptual' 0.04820826615710848 0.3070797400246386
 10.169491525423728 66 0 7 13 3.3747880915678987]
[0.0006298016333102192 'Conceptual' 0.04820826615710848 0.3070797400246386
 0.1694915254237288 66 0 7 14 0.0006298016333102192]
[0.0006298016333102192 'Conceptual' 0.04820826615710848 0.3070797400246386
 0.1694915254237288 66 0 7 15 0.0006298016333102192]
[1.473638859881134 'Conceptual' 0.04820826615710848 0.3070797400246386
 2.3559322033898304 66 0 7 16 1.473638859881134]
[1.3248433341847785 'Conceptual' 0.04820826615710848 0.3070797400246386
 4.627118644067796 66 0 7 17 1.3248433341847785]
[0.0006298016333102192 'Conceptual' 0.04820826615710848 0.3070797400246386
 0.1694915254237288 66 0 7 18 0.0006298016333102192]
[0.0006298016333102192 'Conceptual' 0.04820826615710848 0.3070797400246386
 0.1694915254237288 66 0 7 19 0.0006298016333102192]
[0.0 'Conceptual' 0.04820826615710848 0.3070797400246386 0.0 66 0 8 0 0.0]
[3.8167531019899092 'Conceptual' 0.04820826615710848 0.3070797400246386
 2.016949152542373 66 0 8 1 3.8167531019899092]
[3.700632941003446 'Conceptual' 0.04820826615710848 0.3070797400246386
 9.881355932203387 66 0 8 2 3.700632941003446]
[3.9390804300418285 'Conceptual' 0.04820826615710848 0.3070797400246386
 1.271186440677966 66 0 8 3 3.9390804300418285]
[5.040080926567597 'Conceptual' 0.04820826615710848 0.3070797400246386
 10.169491525423728 66 0 8 4 5.040080926567597]
[4.717855063030186 'Conceptual' 0.04820826615710848 0.3070797400246386
 1.847457627118644 66 0 8 5 4.717855063030186]
[4.44860363988559 'Conceptual' 0.04820826615710848 0.3070797400246386
 1.406779661016949 66 0 8 6 4.44860363988559]
[2.7724589330537155 'Conceptual' 0.04820826615710848 0.3070797400246386
 2.0338983050847457 66 0 8 7 2.7724589330537155]
[0.47947725776960803 'Conceptual' 0.04820826615710848 0.3070797400246386
 1.847457627118644 66 0 8 8 0.47947725776960803]
[0.0006870559667378287 'Conceptual' 0.04820826615710848 0.3070797400246386
 0.1694915254237288 66 0 8 9 0.0006870559667378287]
[0.48090987364216753 'Conceptual' 0.04820826615710848 0.3070797400246386
 1.9152542372881354 66 0 8 10 0.48090987364216753]
[0.0006298016333102192 'Conceptual' 0.04820826615710848 0.3070797400246386
 0.1694915254237288 66 0 8 11 0.0006298016333102192]
[1.8395971698091755 'Conceptual' 0.04820826615710848 0.3070797400246386
 4.389830508474576 66 0 8 12 1.8395971698091755]
[3.3747880915678987 'Conceptual' 0.04820826615710848 0.3070797400246386
 10.169491525423728 66 0 8 13 3.3747880915678987]
[0.0006298016333102192 'Conceptual' 0.04820826615710848 0.3070797400246386
 0.1694915254237288 66 0 8 14 0.0006298016333102192]
[0.0006298016333102192 'Conceptual' 0.04820826615710848 0.3070797400246386
 0.1694915254237288 66 0 8 15 0.0006298016333102192]
[1.473638859881134 'Conceptual' 0.04820826615710848 0.3070797400246386
 2.3559322033898304 66 0 8 16 1.473638859881134]
[1.3248433341847785 'Conceptual' 0.04820826615710848 0.3070797400246386
 4.627118644067796 66 0 8 17 1.3248433341847785]
[0.0006298016333102192 'Conceptual' 0.04820826615710848 0.3070797400246386
 0.1694915254237288 66 0 8 18 0.0006298016333102192]
[0.0006298016333102192 'Conceptual' 0.04820826615710848 0.3070797400246386
 0.1694915254237288 66 0 8 19 0.0006298016333102192]
