[0.0 'Conceptual' 0.13655225786367695 0.00013248254686599222 0.0 50 4 0 0
 0.0]
[1.531289007639799 'Conceptual' 0.13655225786367695 0.00013248254686599222
 0.1694915254237288 50 4 0 1 1.531289007639799]
[3.5476993321969403 'Conceptual' 0.13655225786367695
 0.00013248254686599222 4.322033898305084 50 4 0 2 3.5476993321969403]
[5.389212826937851 'Conceptual' 0.13655225786367695 0.00013248254686599222
 10.169491525423728 50 4 0 3 5.389212826937851]
[5.1259836781616315 'Conceptual' 0.13655225786367695
 0.00013248254686599222 10.169491525423728 50 4 0 4 5.1259836781616315]
[4.945030055156961 'Conceptual' 0.13655225786367695 0.00013248254686599222
 10.169491525423728 50 4 0 5 4.945030055156961]
[3.530148850917638 'Conceptual' 0.13655225786367695 0.00013248254686599222
 4.966101694915253 50 4 0 6 3.530148850917638]
[5.066449075561329 'Conceptual' 0.13655225786367695 0.00013248254686599222
 10.169491525423728 50 4 0 7 5.066449075561329]
[5.132440068008198 'Conceptual' 0.13655225786367695 0.00013248254686599222
 10.169491525423728 50 4 0 8 5.132440068008198]
[3.868314450231844 'Conceptual' 0.13655225786367695 0.00013248254686599222
 1.0677966101694913 50 4 0 9 3.868314450231844]
[6.067279826506614 'Conceptual' 0.13655225786367695 0.00013248254686599222
 0.1694915254237288 50 4 0 10 6.067279826506614]
[5.96012198465023 'Conceptual' 0.13655225786367695 0.00013248254686599222
 10.169491525423728 50 4 0 11 5.96012198465023]
[4.254996491070607 'Conceptual' 0.13655225786367695 0.00013248254686599222
 2.3728813559322033 50 4 0 12 4.254996491070607]
[4.993291144916255 'Conceptual' 0.13655225786367695 0.00013248254686599222
 10.169491525423728 50 4 0 13 4.993291144916255]
[4.469292868575129 'Conceptual' 0.13655225786367695 0.00013248254686599222
 5.084745762711863 50 4 0 14 4.469292868575129]
[0.7776547226672317 'Conceptual' 0.13655225786367695
 0.00013248254686599222 1.271186440677966 50 4 0 15 0.7776547226672317]
[4.832151413675008 'Conceptual' 0.13655225786367695 0.00013248254686599222
 10.169491525423728 50 4 0 16 4.832151413675008]
[4.023722218094474 'Conceptual' 0.13655225786367695 0.00013248254686599222
 5.084745762711863 50 4 0 17 4.023722218094474]
[4.078446277022357 'Conceptual' 0.13655225786367695 0.00013248254686599222
 10.169491525423728 50 4 0 18 4.078446277022357]
[5.673442363484211 'Conceptual' 0.13655225786367695 0.00013248254686599222
 10.169491525423728 50 4 0 19 5.673442363484211]
[0.0 'Conceptual' 0.13655225786367695 0.00013248254686599222 0.0 50 4 1 0
 0.0]
[1.531289007639799 'Conceptual' 0.13655225786367695 0.00013248254686599222
 0.1694915254237288 50 4 1 1 1.531289007639799]
[3.5476993321969403 'Conceptual' 0.13655225786367695
 0.00013248254686599222 4.322033898305084 50 4 1 2 3.5476993321969403]
[5.389212826937851 'Conceptual' 0.13655225786367695 0.00013248254686599222
 10.169491525423728 50 4 1 3 5.389212826937851]
[5.1259836781616315 'Conceptual' 0.13655225786367695
 0.00013248254686599222 10.169491525423728 50 4 1 4 5.1259836781616315]
[4.945030055156961 'Conceptual' 0.13655225786367695 0.00013248254686599222
 10.169491525423728 50 4 1 5 4.945030055156961]
[3.530148850917638 'Conceptual' 0.13655225786367695 0.00013248254686599222
 4.966101694915253 50 4 1 6 3.530148850917638]
[5.066449075561329 'Conceptual' 0.13655225786367695 0.00013248254686599222
 10.169491525423728 50 4 1 7 5.066449075561329]
[5.132440068008198 'Conceptual' 0.13655225786367695 0.00013248254686599222
 10.169491525423728 50 4 1 8 5.132440068008198]
[3.868314450231844 'Conceptual' 0.13655225786367695 0.00013248254686599222
 1.0677966101694913 50 4 1 9 3.868314450231844]
[6.067279826506614 'Conceptual' 0.13655225786367695 0.00013248254686599222
 0.1694915254237288 50 4 1 10 6.067279826506614]
[5.96012198465023 'Conceptual' 0.13655225786367695 0.00013248254686599222
 10.169491525423728 50 4 1 11 5.96012198465023]
[4.254996491070607 'Conceptual' 0.13655225786367695 0.00013248254686599222
 2.3728813559322033 50 4 1 12 4.254996491070607]
[4.993291144916255 'Conceptual' 0.13655225786367695 0.00013248254686599222
 10.169491525423728 50 4 1 13 4.993291144916255]
[4.469292868575129 'Conceptual' 0.13655225786367695 0.00013248254686599222
 5.084745762711863 50 4 1 14 4.469292868575129]
[0.7776547226672317 'Conceptual' 0.13655225786367695
 0.00013248254686599222 1.271186440677966 50 4 1 15 0.7776547226672317]
[4.832151413675008 'Conceptual' 0.13655225786367695 0.00013248254686599222
 10.169491525423728 50 4 1 16 4.832151413675008]
[4.023722218094474 'Conceptual' 0.13655225786367695 0.00013248254686599222
 5.084745762711863 50 4 1 17 4.023722218094474]
[4.078446277022357 'Conceptual' 0.13655225786367695 0.00013248254686599222
 10.169491525423728 50 4 1 18 4.078446277022357]
[5.673442363484211 'Conceptual' 0.13655225786367695 0.00013248254686599222
 10.169491525423728 50 4 1 19 5.673442363484211]
[0.0 'Conceptual' 0.13655225786367695 0.00013248254686599222 0.0 50 4 2 0
 0.0]
[1.531289007639799 'Conceptual' 0.13655225786367695 0.00013248254686599222
 0.1694915254237288 50 4 2 1 1.531289007639799]
[3.5476993321969403 'Conceptual' 0.13655225786367695
 0.00013248254686599222 4.322033898305084 50 4 2 2 3.5476993321969403]
[5.389212826937851 'Conceptual' 0.13655225786367695 0.00013248254686599222
 10.169491525423728 50 4 2 3 5.389212826937851]
[5.1259836781616315 'Conceptual' 0.13655225786367695
 0.00013248254686599222 10.169491525423728 50 4 2 4 5.1259836781616315]
[4.945030055156961 'Conceptual' 0.13655225786367695 0.00013248254686599222
 10.169491525423728 50 4 2 5 4.945030055156961]
[3.530148850917638 'Conceptual' 0.13655225786367695 0.00013248254686599222
 4.966101694915253 50 4 2 6 3.530148850917638]
[5.066449075561329 'Conceptual' 0.13655225786367695 0.00013248254686599222
 10.169491525423728 50 4 2 7 5.066449075561329]
[5.132440068008198 'Conceptual' 0.13655225786367695 0.00013248254686599222
 10.169491525423728 50 4 2 8 5.132440068008198]
[3.868314450231844 'Conceptual' 0.13655225786367695 0.00013248254686599222
 1.0677966101694913 50 4 2 9 3.868314450231844]
[6.067279826506614 'Conceptual' 0.13655225786367695 0.00013248254686599222
 0.1694915254237288 50 4 2 10 6.067279826506614]
[5.96012198465023 'Conceptual' 0.13655225786367695 0.00013248254686599222
 10.169491525423728 50 4 2 11 5.96012198465023]
[4.254996491070607 'Conceptual' 0.13655225786367695 0.00013248254686599222
 2.3728813559322033 50 4 2 12 4.254996491070607]
[4.993291144916255 'Conceptual' 0.13655225786367695 0.00013248254686599222
 10.169491525423728 50 4 2 13 4.993291144916255]
[4.469292868575129 'Conceptual' 0.13655225786367695 0.00013248254686599222
 5.084745762711863 50 4 2 14 4.469292868575129]
[0.7776547226672317 'Conceptual' 0.13655225786367695
 0.00013248254686599222 1.271186440677966 50 4 2 15 0.7776547226672317]
[4.832151413675008 'Conceptual' 0.13655225786367695 0.00013248254686599222
 10.169491525423728 50 4 2 16 4.832151413675008]
[4.023722218094474 'Conceptual' 0.13655225786367695 0.00013248254686599222
 5.084745762711863 50 4 2 17 4.023722218094474]
[4.078446277022357 'Conceptual' 0.13655225786367695 0.00013248254686599222
 10.169491525423728 50 4 2 18 4.078446277022357]
[5.673442363484211 'Conceptual' 0.13655225786367695 0.00013248254686599222
 10.169491525423728 50 4 2 19 5.673442363484211]
[0.0 'Conceptual' 0.13655225786367695 0.00013248254686599222 0.0 50 4 3 0
 0.0]
[1.531289007639799 'Conceptual' 0.13655225786367695 0.00013248254686599222
 0.1694915254237288 50 4 3 1 1.531289007639799]
[3.5476993321969403 'Conceptual' 0.13655225786367695
 0.00013248254686599222 4.322033898305084 50 4 3 2 3.5476993321969403]
[5.389212826937851 'Conceptual' 0.13655225786367695 0.00013248254686599222
 10.169491525423728 50 4 3 3 5.389212826937851]
[5.1259836781616315 'Conceptual' 0.13655225786367695
 0.00013248254686599222 10.169491525423728 50 4 3 4 5.1259836781616315]
[4.945030055156961 'Conceptual' 0.13655225786367695 0.00013248254686599222
 10.169491525423728 50 4 3 5 4.945030055156961]
[3.530148850917638 'Conceptual' 0.13655225786367695 0.00013248254686599222
 4.966101694915253 50 4 3 6 3.530148850917638]
[5.066449075561329 'Conceptual' 0.13655225786367695 0.00013248254686599222
 10.169491525423728 50 4 3 7 5.066449075561329]
[5.132440068008198 'Conceptual' 0.13655225786367695 0.00013248254686599222
 10.169491525423728 50 4 3 8 5.132440068008198]
[3.868314450231844 'Conceptual' 0.13655225786367695 0.00013248254686599222
 1.0677966101694913 50 4 3 9 3.868314450231844]
[6.067279826506614 'Conceptual' 0.13655225786367695 0.00013248254686599222
 0.1694915254237288 50 4 3 10 6.067279826506614]
[5.96012198465023 'Conceptual' 0.13655225786367695 0.00013248254686599222
 10.169491525423728 50 4 3 11 5.96012198465023]
[4.254996491070607 'Conceptual' 0.13655225786367695 0.00013248254686599222
 2.3728813559322033 50 4 3 12 4.254996491070607]
[4.993291144916255 'Conceptual' 0.13655225786367695 0.00013248254686599222
 10.169491525423728 50 4 3 13 4.993291144916255]
[4.469292868575129 'Conceptual' 0.13655225786367695 0.00013248254686599222
 5.084745762711863 50 4 3 14 4.469292868575129]
[0.7776547226672317 'Conceptual' 0.13655225786367695
 0.00013248254686599222 1.271186440677966 50 4 3 15 0.7776547226672317]
[4.832151413675008 'Conceptual' 0.13655225786367695 0.00013248254686599222
 10.169491525423728 50 4 3 16 4.832151413675008]
[4.023722218094474 'Conceptual' 0.13655225786367695 0.00013248254686599222
 5.084745762711863 50 4 3 17 4.023722218094474]
[4.078446277022357 'Conceptual' 0.13655225786367695 0.00013248254686599222
 10.169491525423728 50 4 3 18 4.078446277022357]
[5.673442363484211 'Conceptual' 0.13655225786367695 0.00013248254686599222
 10.169491525423728 50 4 3 19 5.673442363484211]
[0.0 'Conceptual' 0.13655225786367695 0.00013248254686599222 0.0 50 4 5 0
 0.0]
[1.531289007639799 'Conceptual' 0.13655225786367695 0.00013248254686599222
 0.1694915254237288 50 4 5 1 1.531289007639799]
[3.5476993321969403 'Conceptual' 0.13655225786367695
 0.00013248254686599222 4.322033898305084 50 4 5 2 3.5476993321969403]
[5.389212826937851 'Conceptual' 0.13655225786367695 0.00013248254686599222
 10.169491525423728 50 4 5 3 5.389212826937851]
[5.1259836781616315 'Conceptual' 0.13655225786367695
 0.00013248254686599222 10.169491525423728 50 4 5 4 5.1259836781616315]
[4.945030055156961 'Conceptual' 0.13655225786367695 0.00013248254686599222
 10.169491525423728 50 4 5 5 4.945030055156961]
[3.530148850917638 'Conceptual' 0.13655225786367695 0.00013248254686599222
 4.966101694915253 50 4 5 6 3.530148850917638]
[5.066449075561329 'Conceptual' 0.13655225786367695 0.00013248254686599222
 10.169491525423728 50 4 5 7 5.066449075561329]
[5.132440068008198 'Conceptual' 0.13655225786367695 0.00013248254686599222
 10.169491525423728 50 4 5 8 5.132440068008198]
[3.868314450231844 'Conceptual' 0.13655225786367695 0.00013248254686599222
 1.0677966101694913 50 4 5 9 3.868314450231844]
[6.067279826506614 'Conceptual' 0.13655225786367695 0.00013248254686599222
 0.1694915254237288 50 4 5 10 6.067279826506614]
[5.96012198465023 'Conceptual' 0.13655225786367695 0.00013248254686599222
 10.169491525423728 50 4 5 11 5.96012198465023]
[4.254996491070607 'Conceptual' 0.13655225786367695 0.00013248254686599222
 2.3728813559322033 50 4 5 12 4.254996491070607]
[4.993291144916255 'Conceptual' 0.13655225786367695 0.00013248254686599222
 10.169491525423728 50 4 5 13 4.993291144916255]
[4.469292868575129 'Conceptual' 0.13655225786367695 0.00013248254686599222
 5.084745762711863 50 4 5 14 4.469292868575129]
[0.7776547226672317 'Conceptual' 0.13655225786367695
 0.00013248254686599222 1.271186440677966 50 4 5 15 0.7776547226672317]
[4.832151413675008 'Conceptual' 0.13655225786367695 0.00013248254686599222
 10.169491525423728 50 4 5 16 4.832151413675008]
[4.023722218094474 'Conceptual' 0.13655225786367695 0.00013248254686599222
 5.084745762711863 50 4 5 17 4.023722218094474]
[4.078446277022357 'Conceptual' 0.13655225786367695 0.00013248254686599222
 10.169491525423728 50 4 5 18 4.078446277022357]
[5.673442363484211 'Conceptual' 0.13655225786367695 0.00013248254686599222
 10.169491525423728 50 4 5 19 5.673442363484211]
[0.0 'Conceptual' 0.13655225786367695 0.00013248254686599222 0.0 50 4 6 0
 0.0]
[1.531289007639799 'Conceptual' 0.13655225786367695 0.00013248254686599222
 0.1694915254237288 50 4 6 1 1.531289007639799]
[3.5476993321969403 'Conceptual' 0.13655225786367695
 0.00013248254686599222 4.322033898305084 50 4 6 2 3.5476993321969403]
[5.389212826937851 'Conceptual' 0.13655225786367695 0.00013248254686599222
 10.169491525423728 50 4 6 3 5.389212826937851]
[5.1259836781616315 'Conceptual' 0.13655225786367695
 0.00013248254686599222 10.169491525423728 50 4 6 4 5.1259836781616315]
[4.945030055156961 'Conceptual' 0.13655225786367695 0.00013248254686599222
 10.169491525423728 50 4 6 5 4.945030055156961]
[3.530148850917638 'Conceptual' 0.13655225786367695 0.00013248254686599222
 4.966101694915253 50 4 6 6 3.530148850917638]
[5.066449075561329 'Conceptual' 0.13655225786367695 0.00013248254686599222
 10.169491525423728 50 4 6 7 5.066449075561329]
[5.132440068008198 'Conceptual' 0.13655225786367695 0.00013248254686599222
 10.169491525423728 50 4 6 8 5.132440068008198]
[3.868314450231844 'Conceptual' 0.13655225786367695 0.00013248254686599222
 1.0677966101694913 50 4 6 9 3.868314450231844]
[6.067279826506614 'Conceptual' 0.13655225786367695 0.00013248254686599222
 0.1694915254237288 50 4 6 10 6.067279826506614]
[5.96012198465023 'Conceptual' 0.13655225786367695 0.00013248254686599222
 10.169491525423728 50 4 6 11 5.96012198465023]
[4.254996491070607 'Conceptual' 0.13655225786367695 0.00013248254686599222
 2.3728813559322033 50 4 6 12 4.254996491070607]
[4.993291144916255 'Conceptual' 0.13655225786367695 0.00013248254686599222
 10.169491525423728 50 4 6 13 4.993291144916255]
[4.469292868575129 'Conceptual' 0.13655225786367695 0.00013248254686599222
 5.084745762711863 50 4 6 14 4.469292868575129]
[0.7776547226672317 'Conceptual' 0.13655225786367695
 0.00013248254686599222 1.271186440677966 50 4 6 15 0.7776547226672317]
[4.832151413675008 'Conceptual' 0.13655225786367695 0.00013248254686599222
 10.169491525423728 50 4 6 16 4.832151413675008]
[4.023722218094474 'Conceptual' 0.13655225786367695 0.00013248254686599222
 5.084745762711863 50 4 6 17 4.023722218094474]
[4.078446277022357 'Conceptual' 0.13655225786367695 0.00013248254686599222
 10.169491525423728 50 4 6 18 4.078446277022357]
[5.673442363484211 'Conceptual' 0.13655225786367695 0.00013248254686599222
 10.169491525423728 50 4 6 19 5.673442363484211]
[0.0 'Conceptual' 0.13655225786367695 0.00013248254686599222 0.0 50 4 7 0
 0.0]
[1.531289007639799 'Conceptual' 0.13655225786367695 0.00013248254686599222
 0.1694915254237288 50 4 7 1 1.531289007639799]
[3.5476993321969403 'Conceptual' 0.13655225786367695
 0.00013248254686599222 4.322033898305084 50 4 7 2 3.5476993321969403]
[5.389212826937851 'Conceptual' 0.13655225786367695 0.00013248254686599222
 10.169491525423728 50 4 7 3 5.389212826937851]
[5.1259836781616315 'Conceptual' 0.13655225786367695
 0.00013248254686599222 10.169491525423728 50 4 7 4 5.1259836781616315]
[4.945030055156961 'Conceptual' 0.13655225786367695 0.00013248254686599222
 10.169491525423728 50 4 7 5 4.945030055156961]
[3.530148850917638 'Conceptual' 0.13655225786367695 0.00013248254686599222
 4.966101694915253 50 4 7 6 3.530148850917638]
[5.066449075561329 'Conceptual' 0.13655225786367695 0.00013248254686599222
 10.169491525423728 50 4 7 7 5.066449075561329]
[5.132440068008198 'Conceptual' 0.13655225786367695 0.00013248254686599222
 10.169491525423728 50 4 7 8 5.132440068008198]
[3.868314450231844 'Conceptual' 0.13655225786367695 0.00013248254686599222
 1.0677966101694913 50 4 7 9 3.868314450231844]
[6.067279826506614 'Conceptual' 0.13655225786367695 0.00013248254686599222
 0.1694915254237288 50 4 7 10 6.067279826506614]
[5.96012198465023 'Conceptual' 0.13655225786367695 0.00013248254686599222
 10.169491525423728 50 4 7 11 5.96012198465023]
[4.254996491070607 'Conceptual' 0.13655225786367695 0.00013248254686599222
 2.3728813559322033 50 4 7 12 4.254996491070607]
[4.993291144916255 'Conceptual' 0.13655225786367695 0.00013248254686599222
 10.169491525423728 50 4 7 13 4.993291144916255]
[4.469292868575129 'Conceptual' 0.13655225786367695 0.00013248254686599222
 5.084745762711863 50 4 7 14 4.469292868575129]
[0.7776547226672317 'Conceptual' 0.13655225786367695
 0.00013248254686599222 1.271186440677966 50 4 7 15 0.7776547226672317]
[4.832151413675008 'Conceptual' 0.13655225786367695 0.00013248254686599222
 10.169491525423728 50 4 7 16 4.832151413675008]
[4.023722218094474 'Conceptual' 0.13655225786367695 0.00013248254686599222
 5.084745762711863 50 4 7 17 4.023722218094474]
[4.078446277022357 'Conceptual' 0.13655225786367695 0.00013248254686599222
 10.169491525423728 50 4 7 18 4.078446277022357]
[5.673442363484211 'Conceptual' 0.13655225786367695 0.00013248254686599222
 10.169491525423728 50 4 7 19 5.673442363484211]
[0.0 'Conceptual' 0.13655225786367695 0.00013248254686599222 0.0 50 4 8 0
 0.0]
[1.531289007639799 'Conceptual' 0.13655225786367695 0.00013248254686599222
 0.1694915254237288 50 4 8 1 1.531289007639799]
[3.5476993321969403 'Conceptual' 0.13655225786367695
 0.00013248254686599222 4.322033898305084 50 4 8 2 3.5476993321969403]
[5.389212826937851 'Conceptual' 0.13655225786367695 0.00013248254686599222
 10.169491525423728 50 4 8 3 5.389212826937851]
[5.1259836781616315 'Conceptual' 0.13655225786367695
 0.00013248254686599222 10.169491525423728 50 4 8 4 5.1259836781616315]
[4.945030055156961 'Conceptual' 0.13655225786367695 0.00013248254686599222
 10.169491525423728 50 4 8 5 4.945030055156961]
[3.530148850917638 'Conceptual' 0.13655225786367695 0.00013248254686599222
 4.966101694915253 50 4 8 6 3.530148850917638]
[5.066449075561329 'Conceptual' 0.13655225786367695 0.00013248254686599222
 10.169491525423728 50 4 8 7 5.066449075561329]
[5.132440068008198 'Conceptual' 0.13655225786367695 0.00013248254686599222
 10.169491525423728 50 4 8 8 5.132440068008198]
[3.868314450231844 'Conceptual' 0.13655225786367695 0.00013248254686599222
 1.0677966101694913 50 4 8 9 3.868314450231844]
[6.067279826506614 'Conceptual' 0.13655225786367695 0.00013248254686599222
 0.1694915254237288 50 4 8 10 6.067279826506614]
[5.96012198465023 'Conceptual' 0.13655225786367695 0.00013248254686599222
 10.169491525423728 50 4 8 11 5.96012198465023]
[4.254996491070607 'Conceptual' 0.13655225786367695 0.00013248254686599222
 2.3728813559322033 50 4 8 12 4.254996491070607]
[4.993291144916255 'Conceptual' 0.13655225786367695 0.00013248254686599222
 10.169491525423728 50 4 8 13 4.993291144916255]
[4.469292868575129 'Conceptual' 0.13655225786367695 0.00013248254686599222
 5.084745762711863 50 4 8 14 4.469292868575129]
[0.7776547226672317 'Conceptual' 0.13655225786367695
 0.00013248254686599222 1.271186440677966 50 4 8 15 0.7776547226672317]
[4.832151413675008 'Conceptual' 0.13655225786367695 0.00013248254686599222
 10.169491525423728 50 4 8 16 4.832151413675008]
[4.023722218094474 'Conceptual' 0.13655225786367695 0.00013248254686599222
 5.084745762711863 50 4 8 17 4.023722218094474]
[4.078446277022357 'Conceptual' 0.13655225786367695 0.00013248254686599222
 10.169491525423728 50 4 8 18 4.078446277022357]
[5.673442363484211 'Conceptual' 0.13655225786367695 0.00013248254686599222
 10.169491525423728 50 4 8 19 5.673442363484211]
