[0.0 'Conceptual' 1.080814110243326 91.14841478791075 0.0 27 3 0 0 0.0]
[11.606866792603087 'Conceptual' 1.080814110243326 91.14841478791075
 10.169491525423728 27 3 0 1 11.606866792603087]
[3.9615540311828603 'Conceptual' 1.080814110243326 91.14841478791075
 1.406779661016949 27 3 0 2 3.9615540311828603]
[2.679206009258048 'Conceptual' 1.080814110243326 91.14841478791075
 4.745762711864407 27 3 0 3 2.679206009258048]
[2.0293065866781403 'Conceptual' 1.080814110243326 91.14841478791075
 2.6271186440677963 27 3 0 4 2.0293065866781403]
[0.01186642956784136 'Conceptual' 1.080814110243326 91.14841478791075
 1.3050847457627117 27 3 0 5 0.01186642956784136]
[2.3032589416065012 'Conceptual' 1.080814110243326 91.14841478791075
 1.9491525423728813 27 3 0 6 2.3032589416065012]
[3.321620967327474 'Conceptual' 1.080814110243326 91.14841478791075
 3.3050847457627115 27 3 0 7 3.321620967327474]
[2.181071319545047 'Conceptual' 1.080814110243326 91.14841478791075
 1.5084745762711864 27 3 0 8 2.181071319545047]
[3.367315980967588 'Conceptual' 1.080814110243326 91.14841478791075
 3.2203389830508473 27 3 0 9 3.367315980967588]
[2.3995119870217483 'Conceptual' 1.080814110243326 91.14841478791075
 1.5084745762711864 27 3 0 10 2.3995119870217483]
[1.4222321006703846 'Conceptual' 1.080814110243326 91.14841478791075
 0.9999999999999999 27 3 0 11 1.4222321006703846]
[0.01727687787716164 'Conceptual' 1.080814110243326 91.14841478791075
 0.38983050847457623 27 3 0 12 0.01727687787716164]
[0.7815453743845884 'Conceptual' 1.080814110243326 91.14841478791075
 0.5932203389830508 27 3 0 13 0.7815453743845884]
[2.198004678594036 'Conceptual' 1.080814110243326 91.14841478791075
 1.2372881355932202 27 3 0 14 2.198004678594036]
[1.6114142353467473 'Conceptual' 1.080814110243326 91.14841478791075
 0.847457627118644 27 3 0 15 1.6114142353467473]
[3.091168808007044 'Conceptual' 1.080814110243326 91.14841478791075
 2.0338983050847457 27 3 0 16 3.091168808007044]
[0.703108766138471 'Conceptual' 1.080814110243326 91.14841478791075
 0.1694915254237288 27 3 0 17 0.703108766138471]
[0.7031087661382578 'Conceptual' 1.080814110243326 91.14841478791075
 0.1694915254237288 27 3 0 18 0.7031087661382578]
[1.432217183367039 'Conceptual' 1.080814110243326 91.14841478791075
 0.5084745762711864 27 3 0 19 1.432217183367039]
[0.0 'Conceptual' 1.080814110243326 91.14841478791075 0.0 27 3 1 0 0.0]
[11.606866792603087 'Conceptual' 1.080814110243326 91.14841478791075
 10.169491525423728 27 3 1 1 11.606866792603087]
[3.9615540311828603 'Conceptual' 1.080814110243326 91.14841478791075
 1.406779661016949 27 3 1 2 3.9615540311828603]
[2.679206009258048 'Conceptual' 1.080814110243326 91.14841478791075
 4.745762711864407 27 3 1 3 2.679206009258048]
[2.0293065866781403 'Conceptual' 1.080814110243326 91.14841478791075
 2.6271186440677963 27 3 1 4 2.0293065866781403]
[0.01186642956784136 'Conceptual' 1.080814110243326 91.14841478791075
 1.3050847457627117 27 3 1 5 0.01186642956784136]
[2.3032589416065012 'Conceptual' 1.080814110243326 91.14841478791075
 1.9491525423728813 27 3 1 6 2.3032589416065012]
[3.321620967327474 'Conceptual' 1.080814110243326 91.14841478791075
 3.3050847457627115 27 3 1 7 3.321620967327474]
[2.181071319545047 'Conceptual' 1.080814110243326 91.14841478791075
 1.5084745762711864 27 3 1 8 2.181071319545047]
[3.367315980967588 'Conceptual' 1.080814110243326 91.14841478791075
 3.2203389830508473 27 3 1 9 3.367315980967588]
[2.3995119870217483 'Conceptual' 1.080814110243326 91.14841478791075
 1.5084745762711864 27 3 1 10 2.3995119870217483]
[1.4222321006703846 'Conceptual' 1.080814110243326 91.14841478791075
 0.9999999999999999 27 3 1 11 1.4222321006703846]
[0.01727687787716164 'Conceptual' 1.080814110243326 91.14841478791075
 0.38983050847457623 27 3 1 12 0.01727687787716164]
[0.7815453743845884 'Conceptual' 1.080814110243326 91.14841478791075
 0.5932203389830508 27 3 1 13 0.7815453743845884]
[2.198004678594036 'Conceptual' 1.080814110243326 91.14841478791075
 1.2372881355932202 27 3 1 14 2.198004678594036]
[1.6114142353467473 'Conceptual' 1.080814110243326 91.14841478791075
 0.847457627118644 27 3 1 15 1.6114142353467473]
[3.091168808007044 'Conceptual' 1.080814110243326 91.14841478791075
 2.0338983050847457 27 3 1 16 3.091168808007044]
[0.703108766138471 'Conceptual' 1.080814110243326 91.14841478791075
 0.1694915254237288 27 3 1 17 0.703108766138471]
[0.7031087661382578 'Conceptual' 1.080814110243326 91.14841478791075
 0.1694915254237288 27 3 1 18 0.7031087661382578]
[1.432217183367039 'Conceptual' 1.080814110243326 91.14841478791075
 0.5084745762711864 27 3 1 19 1.432217183367039]
[0.0 'Conceptual' 1.080814110243326 91.14841478791075 0.0 27 3 2 0 0.0]
[11.606866792603087 'Conceptual' 1.080814110243326 91.14841478791075
 10.169491525423728 27 3 2 1 11.606866792603087]
[3.9615540311828603 'Conceptual' 1.080814110243326 91.14841478791075
 1.406779661016949 27 3 2 2 3.9615540311828603]
[2.679206009258048 'Conceptual' 1.080814110243326 91.14841478791075
 4.745762711864407 27 3 2 3 2.679206009258048]
[2.0293065866781403 'Conceptual' 1.080814110243326 91.14841478791075
 2.6271186440677963 27 3 2 4 2.0293065866781403]
[0.01186642956784136 'Conceptual' 1.080814110243326 91.14841478791075
 1.3050847457627117 27 3 2 5 0.01186642956784136]
[2.3032589416065012 'Conceptual' 1.080814110243326 91.14841478791075
 1.9491525423728813 27 3 2 6 2.3032589416065012]
[3.321620967327474 'Conceptual' 1.080814110243326 91.14841478791075
 3.3050847457627115 27 3 2 7 3.321620967327474]
[2.181071319545047 'Conceptual' 1.080814110243326 91.14841478791075
 1.5084745762711864 27 3 2 8 2.181071319545047]
[3.367315980967588 'Conceptual' 1.080814110243326 91.14841478791075
 3.2203389830508473 27 3 2 9 3.367315980967588]
[2.3995119870217483 'Conceptual' 1.080814110243326 91.14841478791075
 1.5084745762711864 27 3 2 10 2.3995119870217483]
[1.4222321006703846 'Conceptual' 1.080814110243326 91.14841478791075
 0.9999999999999999 27 3 2 11 1.4222321006703846]
[0.01727687787716164 'Conceptual' 1.080814110243326 91.14841478791075
 0.38983050847457623 27 3 2 12 0.01727687787716164]
[0.7815453743845884 'Conceptual' 1.080814110243326 91.14841478791075
 0.5932203389830508 27 3 2 13 0.7815453743845884]
[2.198004678594036 'Conceptual' 1.080814110243326 91.14841478791075
 1.2372881355932202 27 3 2 14 2.198004678594036]
[1.6114142353467473 'Conceptual' 1.080814110243326 91.14841478791075
 0.847457627118644 27 3 2 15 1.6114142353467473]
[3.091168808007044 'Conceptual' 1.080814110243326 91.14841478791075
 2.0338983050847457 27 3 2 16 3.091168808007044]
[0.703108766138471 'Conceptual' 1.080814110243326 91.14841478791075
 0.1694915254237288 27 3 2 17 0.703108766138471]
[0.7031087661382578 'Conceptual' 1.080814110243326 91.14841478791075
 0.1694915254237288 27 3 2 18 0.7031087661382578]
[1.432217183367039 'Conceptual' 1.080814110243326 91.14841478791075
 0.5084745762711864 27 3 2 19 1.432217183367039]
[0.0 'Conceptual' 1.080814110243326 91.14841478791075 0.0 27 3 4 0 0.0]
[11.606866792603087 'Conceptual' 1.080814110243326 91.14841478791075
 10.169491525423728 27 3 4 1 11.606866792603087]
[3.9615540311828603 'Conceptual' 1.080814110243326 91.14841478791075
 1.406779661016949 27 3 4 2 3.9615540311828603]
[2.679206009258048 'Conceptual' 1.080814110243326 91.14841478791075
 4.745762711864407 27 3 4 3 2.679206009258048]
[2.0293065866781403 'Conceptual' 1.080814110243326 91.14841478791075
 2.6271186440677963 27 3 4 4 2.0293065866781403]
[0.01186642956784136 'Conceptual' 1.080814110243326 91.14841478791075
 1.3050847457627117 27 3 4 5 0.01186642956784136]
[2.3032589416065012 'Conceptual' 1.080814110243326 91.14841478791075
 1.9491525423728813 27 3 4 6 2.3032589416065012]
[3.321620967327474 'Conceptual' 1.080814110243326 91.14841478791075
 3.3050847457627115 27 3 4 7 3.321620967327474]
[2.181071319545047 'Conceptual' 1.080814110243326 91.14841478791075
 1.5084745762711864 27 3 4 8 2.181071319545047]
[3.367315980967588 'Conceptual' 1.080814110243326 91.14841478791075
 3.2203389830508473 27 3 4 9 3.367315980967588]
[2.3995119870217483 'Conceptual' 1.080814110243326 91.14841478791075
 1.5084745762711864 27 3 4 10 2.3995119870217483]
[1.4222321006703846 'Conceptual' 1.080814110243326 91.14841478791075
 0.9999999999999999 27 3 4 11 1.4222321006703846]
[0.01727687787716164 'Conceptual' 1.080814110243326 91.14841478791075
 0.38983050847457623 27 3 4 12 0.01727687787716164]
[0.7815453743845884 'Conceptual' 1.080814110243326 91.14841478791075
 0.5932203389830508 27 3 4 13 0.7815453743845884]
[2.198004678594036 'Conceptual' 1.080814110243326 91.14841478791075
 1.2372881355932202 27 3 4 14 2.198004678594036]
[1.6114142353467473 'Conceptual' 1.080814110243326 91.14841478791075
 0.847457627118644 27 3 4 15 1.6114142353467473]
[3.091168808007044 'Conceptual' 1.080814110243326 91.14841478791075
 2.0338983050847457 27 3 4 16 3.091168808007044]
[0.703108766138471 'Conceptual' 1.080814110243326 91.14841478791075
 0.1694915254237288 27 3 4 17 0.703108766138471]
[0.7031087661382578 'Conceptual' 1.080814110243326 91.14841478791075
 0.1694915254237288 27 3 4 18 0.7031087661382578]
[1.432217183367039 'Conceptual' 1.080814110243326 91.14841478791075
 0.5084745762711864 27 3 4 19 1.432217183367039]
[0.0 'Conceptual' 1.080814110243326 91.14841478791075 0.0 27 3 5 0 0.0]
[11.606866792603087 'Conceptual' 1.080814110243326 91.14841478791075
 10.169491525423728 27 3 5 1 11.606866792603087]
[3.9615540311828603 'Conceptual' 1.080814110243326 91.14841478791075
 1.406779661016949 27 3 5 2 3.9615540311828603]
[2.679206009258048 'Conceptual' 1.080814110243326 91.14841478791075
 4.745762711864407 27 3 5 3 2.679206009258048]
[2.0293065866781403 'Conceptual' 1.080814110243326 91.14841478791075
 2.6271186440677963 27 3 5 4 2.0293065866781403]
[0.01186642956784136 'Conceptual' 1.080814110243326 91.14841478791075
 1.3050847457627117 27 3 5 5 0.01186642956784136]
[2.3032589416065012 'Conceptual' 1.080814110243326 91.14841478791075
 1.9491525423728813 27 3 5 6 2.3032589416065012]
[3.321620967327474 'Conceptual' 1.080814110243326 91.14841478791075
 3.3050847457627115 27 3 5 7 3.321620967327474]
[2.181071319545047 'Conceptual' 1.080814110243326 91.14841478791075
 1.5084745762711864 27 3 5 8 2.181071319545047]
[3.367315980967588 'Conceptual' 1.080814110243326 91.14841478791075
 3.2203389830508473 27 3 5 9 3.367315980967588]
[2.3995119870217483 'Conceptual' 1.080814110243326 91.14841478791075
 1.5084745762711864 27 3 5 10 2.3995119870217483]
[1.4222321006703846 'Conceptual' 1.080814110243326 91.14841478791075
 0.9999999999999999 27 3 5 11 1.4222321006703846]
[0.01727687787716164 'Conceptual' 1.080814110243326 91.14841478791075
 0.38983050847457623 27 3 5 12 0.01727687787716164]
[0.7815453743845884 'Conceptual' 1.080814110243326 91.14841478791075
 0.5932203389830508 27 3 5 13 0.7815453743845884]
[2.198004678594036 'Conceptual' 1.080814110243326 91.14841478791075
 1.2372881355932202 27 3 5 14 2.198004678594036]
[1.6114142353467473 'Conceptual' 1.080814110243326 91.14841478791075
 0.847457627118644 27 3 5 15 1.6114142353467473]
[3.091168808007044 'Conceptual' 1.080814110243326 91.14841478791075
 2.0338983050847457 27 3 5 16 3.091168808007044]
[0.703108766138471 'Conceptual' 1.080814110243326 91.14841478791075
 0.1694915254237288 27 3 5 17 0.703108766138471]
[0.7031087661382578 'Conceptual' 1.080814110243326 91.14841478791075
 0.1694915254237288 27 3 5 18 0.7031087661382578]
[1.432217183367039 'Conceptual' 1.080814110243326 91.14841478791075
 0.5084745762711864 27 3 5 19 1.432217183367039]
[0.0 'Conceptual' 1.080814110243326 91.14841478791075 0.0 27 3 6 0 0.0]
[11.606866792603087 'Conceptual' 1.080814110243326 91.14841478791075
 10.169491525423728 27 3 6 1 11.606866792603087]
[3.9615540311828603 'Conceptual' 1.080814110243326 91.14841478791075
 1.406779661016949 27 3 6 2 3.9615540311828603]
[2.679206009258048 'Conceptual' 1.080814110243326 91.14841478791075
 4.745762711864407 27 3 6 3 2.679206009258048]
[2.0293065866781403 'Conceptual' 1.080814110243326 91.14841478791075
 2.6271186440677963 27 3 6 4 2.0293065866781403]
[0.01186642956784136 'Conceptual' 1.080814110243326 91.14841478791075
 1.3050847457627117 27 3 6 5 0.01186642956784136]
[2.3032589416065012 'Conceptual' 1.080814110243326 91.14841478791075
 1.9491525423728813 27 3 6 6 2.3032589416065012]
[3.321620967327474 'Conceptual' 1.080814110243326 91.14841478791075
 3.3050847457627115 27 3 6 7 3.321620967327474]
[2.181071319545047 'Conceptual' 1.080814110243326 91.14841478791075
 1.5084745762711864 27 3 6 8 2.181071319545047]
[3.367315980967588 'Conceptual' 1.080814110243326 91.14841478791075
 3.2203389830508473 27 3 6 9 3.367315980967588]
[2.3995119870217483 'Conceptual' 1.080814110243326 91.14841478791075
 1.5084745762711864 27 3 6 10 2.3995119870217483]
[1.4222321006703846 'Conceptual' 1.080814110243326 91.14841478791075
 0.9999999999999999 27 3 6 11 1.4222321006703846]
[0.01727687787716164 'Conceptual' 1.080814110243326 91.14841478791075
 0.38983050847457623 27 3 6 12 0.01727687787716164]
[0.7815453743845884 'Conceptual' 1.080814110243326 91.14841478791075
 0.5932203389830508 27 3 6 13 0.7815453743845884]
[2.198004678594036 'Conceptual' 1.080814110243326 91.14841478791075
 1.2372881355932202 27 3 6 14 2.198004678594036]
[1.6114142353467473 'Conceptual' 1.080814110243326 91.14841478791075
 0.847457627118644 27 3 6 15 1.6114142353467473]
[3.091168808007044 'Conceptual' 1.080814110243326 91.14841478791075
 2.0338983050847457 27 3 6 16 3.091168808007044]
[0.703108766138471 'Conceptual' 1.080814110243326 91.14841478791075
 0.1694915254237288 27 3 6 17 0.703108766138471]
[0.7031087661382578 'Conceptual' 1.080814110243326 91.14841478791075
 0.1694915254237288 27 3 6 18 0.7031087661382578]
[1.432217183367039 'Conceptual' 1.080814110243326 91.14841478791075
 0.5084745762711864 27 3 6 19 1.432217183367039]
[0.0 'Conceptual' 1.080814110243326 91.14841478791075 0.0 27 3 7 0 0.0]
[11.606866792603087 'Conceptual' 1.080814110243326 91.14841478791075
 10.169491525423728 27 3 7 1 11.606866792603087]
[3.9615540311828603 'Conceptual' 1.080814110243326 91.14841478791075
 1.406779661016949 27 3 7 2 3.9615540311828603]
[2.679206009258048 'Conceptual' 1.080814110243326 91.14841478791075
 4.745762711864407 27 3 7 3 2.679206009258048]
[2.0293065866781403 'Conceptual' 1.080814110243326 91.14841478791075
 2.6271186440677963 27 3 7 4 2.0293065866781403]
[0.01186642956784136 'Conceptual' 1.080814110243326 91.14841478791075
 1.3050847457627117 27 3 7 5 0.01186642956784136]
[2.3032589416065012 'Conceptual' 1.080814110243326 91.14841478791075
 1.9491525423728813 27 3 7 6 2.3032589416065012]
[3.321620967327474 'Conceptual' 1.080814110243326 91.14841478791075
 3.3050847457627115 27 3 7 7 3.321620967327474]
[2.181071319545047 'Conceptual' 1.080814110243326 91.14841478791075
 1.5084745762711864 27 3 7 8 2.181071319545047]
[3.367315980967588 'Conceptual' 1.080814110243326 91.14841478791075
 3.2203389830508473 27 3 7 9 3.367315980967588]
[2.3995119870217483 'Conceptual' 1.080814110243326 91.14841478791075
 1.5084745762711864 27 3 7 10 2.3995119870217483]
[1.4222321006703846 'Conceptual' 1.080814110243326 91.14841478791075
 0.9999999999999999 27 3 7 11 1.4222321006703846]
[0.01727687787716164 'Conceptual' 1.080814110243326 91.14841478791075
 0.38983050847457623 27 3 7 12 0.01727687787716164]
[0.7815453743845884 'Conceptual' 1.080814110243326 91.14841478791075
 0.5932203389830508 27 3 7 13 0.7815453743845884]
[2.198004678594036 'Conceptual' 1.080814110243326 91.14841478791075
 1.2372881355932202 27 3 7 14 2.198004678594036]
[1.6114142353467473 'Conceptual' 1.080814110243326 91.14841478791075
 0.847457627118644 27 3 7 15 1.6114142353467473]
[3.091168808007044 'Conceptual' 1.080814110243326 91.14841478791075
 2.0338983050847457 27 3 7 16 3.091168808007044]
[0.703108766138471 'Conceptual' 1.080814110243326 91.14841478791075
 0.1694915254237288 27 3 7 17 0.703108766138471]
[0.7031087661382578 'Conceptual' 1.080814110243326 91.14841478791075
 0.1694915254237288 27 3 7 18 0.7031087661382578]
[1.432217183367039 'Conceptual' 1.080814110243326 91.14841478791075
 0.5084745762711864 27 3 7 19 1.432217183367039]
[0.0 'Conceptual' 1.080814110243326 91.14841478791075 0.0 27 3 8 0 0.0]
[11.606866792603087 'Conceptual' 1.080814110243326 91.14841478791075
 10.169491525423728 27 3 8 1 11.606866792603087]
[3.9615540311828603 'Conceptual' 1.080814110243326 91.14841478791075
 1.406779661016949 27 3 8 2 3.9615540311828603]
[2.679206009258048 'Conceptual' 1.080814110243326 91.14841478791075
 4.745762711864407 27 3 8 3 2.679206009258048]
[2.0293065866781403 'Conceptual' 1.080814110243326 91.14841478791075
 2.6271186440677963 27 3 8 4 2.0293065866781403]
[0.01186642956784136 'Conceptual' 1.080814110243326 91.14841478791075
 1.3050847457627117 27 3 8 5 0.01186642956784136]
[2.3032589416065012 'Conceptual' 1.080814110243326 91.14841478791075
 1.9491525423728813 27 3 8 6 2.3032589416065012]
[3.321620967327474 'Conceptual' 1.080814110243326 91.14841478791075
 3.3050847457627115 27 3 8 7 3.321620967327474]
[2.181071319545047 'Conceptual' 1.080814110243326 91.14841478791075
 1.5084745762711864 27 3 8 8 2.181071319545047]
[3.367315980967588 'Conceptual' 1.080814110243326 91.14841478791075
 3.2203389830508473 27 3 8 9 3.367315980967588]
[2.3995119870217483 'Conceptual' 1.080814110243326 91.14841478791075
 1.5084745762711864 27 3 8 10 2.3995119870217483]
[1.4222321006703846 'Conceptual' 1.080814110243326 91.14841478791075
 0.9999999999999999 27 3 8 11 1.4222321006703846]
[0.01727687787716164 'Conceptual' 1.080814110243326 91.14841478791075
 0.38983050847457623 27 3 8 12 0.01727687787716164]
[0.7815453743845884 'Conceptual' 1.080814110243326 91.14841478791075
 0.5932203389830508 27 3 8 13 0.7815453743845884]
[2.198004678594036 'Conceptual' 1.080814110243326 91.14841478791075
 1.2372881355932202 27 3 8 14 2.198004678594036]
[1.6114142353467473 'Conceptual' 1.080814110243326 91.14841478791075
 0.847457627118644 27 3 8 15 1.6114142353467473]
[3.091168808007044 'Conceptual' 1.080814110243326 91.14841478791075
 2.0338983050847457 27 3 8 16 3.091168808007044]
[0.703108766138471 'Conceptual' 1.080814110243326 91.14841478791075
 0.1694915254237288 27 3 8 17 0.703108766138471]
[0.7031087661382578 'Conceptual' 1.080814110243326 91.14841478791075
 0.1694915254237288 27 3 8 18 0.7031087661382578]
[1.432217183367039 'Conceptual' 1.080814110243326 91.14841478791075
 0.5084745762711864 27 3 8 19 1.432217183367039]
