[0.0 'Spatial' 0.18075720307444854 0.7830355430223755 0.0 17 4 0 0 0.0]
[4.143343412815748 'Spatial' 0.18075720307444854 0.7830355430223755
 0.1694915254237288 17 4 0 1 4.143343412815748]
[3.4852259634282228 'Spatial' 0.18075720307444854 0.7830355430223755
 4.745762711864407 17 4 0 2 3.4852259634282228]
[3.7261191562430893 'Spatial' 0.18075720307444854 0.7830355430223755
 4.0508474576271185 17 4 0 3 3.7261191562430893]
[4.012839446870293 'Spatial' 0.18075720307444854 0.7830355430223755
 0.559322033898305 17 4 0 4 4.012839446870293]
[3.598725001104251 'Spatial' 0.18075720307444854 0.7830355430223755
 0.8305084745762711 17 4 0 5 3.598725001104251]
[3.1944412355000544 'Spatial' 0.18075720307444854 0.7830355430223755
 0.7288135593220338 17 4 0 6 3.1944412355000544]
[0.6155606337955235 'Spatial' 0.18075720307444854 0.7830355430223755
 0.9322033898305084 17 4 0 7 0.6155606337955235]
[2.942133616438865 'Spatial' 0.18075720307444854 0.7830355430223755
 2.542372881355932 17 4 0 8 2.942133616438865]
[4.155713932993487 'Spatial' 0.18075720307444854 0.7830355430223755
 3.4745762711864403 17 4 0 9 4.155713932993487]
[3.2993290896726037 'Spatial' 0.18075720307444854 0.7830355430223755
 3.3728813559322033 17 4 0 10 3.2993290896726037]
[3.3132229267531965 'Spatial' 0.18075720307444854 0.7830355430223755
 3.3728813559322033 17 4 0 11 3.3132229267531965]
[3.6274127396093316 'Spatial' 0.18075720307444854 0.7830355430223755
 3.271186440677966 17 4 0 12 3.6274127396093316]
[4.1588830833596715 'Spatial' 0.18075720307444854 0.7830355430223755
 8.983050847457626 17 4 0 13 4.1588830833596715]
[1.6718290196200827 'Spatial' 0.18075720307444854 0.7830355430223755
 2.5254237288135593 17 4 0 14 1.6718290196200827]
[3.416722434631919 'Spatial' 0.18075720307444854 0.7830355430223755
 3.271186440677966 17 4 0 15 3.416722434631919]
[0.8497447715155412 'Spatial' 0.18075720307444854 0.7830355430223755
 0.4915254237288135 17 4 0 16 0.8497447715155412]
[0.011762253391687027 'Spatial' 0.18075720307444854 0.7830355430223755
 0.4915254237288135 17 4 0 17 0.011762253391687027]
[0.0007455425132182165 'Spatial' 0.18075720307444854 0.7830355430223755
 0.4915254237288135 17 4 0 18 0.0007455425132182165]
[2.4568708052990638 'Spatial' 0.18075720307444854 0.7830355430223755
 3.101694915254237 17 4 0 19 2.4568708052990638]
[0.0 'Spatial' 0.18075720307444854 0.7830355430223755 0.0 17 4 1 0 0.0]
[4.143343412815748 'Spatial' 0.18075720307444854 0.7830355430223755
 0.1694915254237288 17 4 1 1 4.143343412815748]
[3.4852259634282228 'Spatial' 0.18075720307444854 0.7830355430223755
 4.745762711864407 17 4 1 2 3.4852259634282228]
[3.7261191562430893 'Spatial' 0.18075720307444854 0.7830355430223755
 4.0508474576271185 17 4 1 3 3.7261191562430893]
[4.012839446870293 'Spatial' 0.18075720307444854 0.7830355430223755
 0.559322033898305 17 4 1 4 4.012839446870293]
[3.598725001104251 'Spatial' 0.18075720307444854 0.7830355430223755
 0.8305084745762711 17 4 1 5 3.598725001104251]
[3.1944412355000544 'Spatial' 0.18075720307444854 0.7830355430223755
 0.7288135593220338 17 4 1 6 3.1944412355000544]
[0.6155606337955235 'Spatial' 0.18075720307444854 0.7830355430223755
 0.9322033898305084 17 4 1 7 0.6155606337955235]
[2.942133616438865 'Spatial' 0.18075720307444854 0.7830355430223755
 2.542372881355932 17 4 1 8 2.942133616438865]
[4.155713932993487 'Spatial' 0.18075720307444854 0.7830355430223755
 3.4745762711864403 17 4 1 9 4.155713932993487]
[3.2993290896726037 'Spatial' 0.18075720307444854 0.7830355430223755
 3.3728813559322033 17 4 1 10 3.2993290896726037]
[3.3132229267531965 'Spatial' 0.18075720307444854 0.7830355430223755
 3.3728813559322033 17 4 1 11 3.3132229267531965]
[3.6274127396093316 'Spatial' 0.18075720307444854 0.7830355430223755
 3.271186440677966 17 4 1 12 3.6274127396093316]
[4.1588830833596715 'Spatial' 0.18075720307444854 0.7830355430223755
 8.983050847457626 17 4 1 13 4.1588830833596715]
[1.6718290196200827 'Spatial' 0.18075720307444854 0.7830355430223755
 2.5254237288135593 17 4 1 14 1.6718290196200827]
[3.416722434631919 'Spatial' 0.18075720307444854 0.7830355430223755
 3.271186440677966 17 4 1 15 3.416722434631919]
[0.8497447715155412 'Spatial' 0.18075720307444854 0.7830355430223755
 0.4915254237288135 17 4 1 16 0.8497447715155412]
[0.011762253391687027 'Spatial' 0.18075720307444854 0.7830355430223755
 0.4915254237288135 17 4 1 17 0.011762253391687027]
[0.0007455425132182165 'Spatial' 0.18075720307444854 0.7830355430223755
 0.4915254237288135 17 4 1 18 0.0007455425132182165]
[2.4568708052990638 'Spatial' 0.18075720307444854 0.7830355430223755
 3.101694915254237 17 4 1 19 2.4568708052990638]
[0.0 'Spatial' 0.18075720307444854 0.7830355430223755 0.0 17 4 2 0 0.0]
[4.143343412815748 'Spatial' 0.18075720307444854 0.7830355430223755
 0.1694915254237288 17 4 2 1 4.143343412815748]
[3.4852259634282228 'Spatial' 0.18075720307444854 0.7830355430223755
 4.745762711864407 17 4 2 2 3.4852259634282228]
[3.7261191562430893 'Spatial' 0.18075720307444854 0.7830355430223755
 4.0508474576271185 17 4 2 3 3.7261191562430893]
[4.012839446870293 'Spatial' 0.18075720307444854 0.7830355430223755
 0.559322033898305 17 4 2 4 4.012839446870293]
[3.598725001104251 'Spatial' 0.18075720307444854 0.7830355430223755
 0.8305084745762711 17 4 2 5 3.598725001104251]
[3.1944412355000544 'Spatial' 0.18075720307444854 0.7830355430223755
 0.7288135593220338 17 4 2 6 3.1944412355000544]
[0.6155606337955235 'Spatial' 0.18075720307444854 0.7830355430223755
 0.9322033898305084 17 4 2 7 0.6155606337955235]
[2.942133616438865 'Spatial' 0.18075720307444854 0.7830355430223755
 2.542372881355932 17 4 2 8 2.942133616438865]
[4.155713932993487 'Spatial' 0.18075720307444854 0.7830355430223755
 3.4745762711864403 17 4 2 9 4.155713932993487]
[3.2993290896726037 'Spatial' 0.18075720307444854 0.7830355430223755
 3.3728813559322033 17 4 2 10 3.2993290896726037]
[3.3132229267531965 'Spatial' 0.18075720307444854 0.7830355430223755
 3.3728813559322033 17 4 2 11 3.3132229267531965]
[3.6274127396093316 'Spatial' 0.18075720307444854 0.7830355430223755
 3.271186440677966 17 4 2 12 3.6274127396093316]
[4.1588830833596715 'Spatial' 0.18075720307444854 0.7830355430223755
 8.983050847457626 17 4 2 13 4.1588830833596715]
[1.6718290196200827 'Spatial' 0.18075720307444854 0.7830355430223755
 2.5254237288135593 17 4 2 14 1.6718290196200827]
[3.416722434631919 'Spatial' 0.18075720307444854 0.7830355430223755
 3.271186440677966 17 4 2 15 3.416722434631919]
[0.8497447715155412 'Spatial' 0.18075720307444854 0.7830355430223755
 0.4915254237288135 17 4 2 16 0.8497447715155412]
[0.011762253391687027 'Spatial' 0.18075720307444854 0.7830355430223755
 0.4915254237288135 17 4 2 17 0.011762253391687027]
[0.0007455425132182165 'Spatial' 0.18075720307444854 0.7830355430223755
 0.4915254237288135 17 4 2 18 0.0007455425132182165]
[2.4568708052990638 'Spatial' 0.18075720307444854 0.7830355430223755
 3.101694915254237 17 4 2 19 2.4568708052990638]
[0.0 'Spatial' 0.18075720307444854 0.7830355430223755 0.0 17 4 3 0 0.0]
[4.143343412815748 'Spatial' 0.18075720307444854 0.7830355430223755
 0.1694915254237288 17 4 3 1 4.143343412815748]
[3.4852259634282228 'Spatial' 0.18075720307444854 0.7830355430223755
 4.745762711864407 17 4 3 2 3.4852259634282228]
[3.7261191562430893 'Spatial' 0.18075720307444854 0.7830355430223755
 4.0508474576271185 17 4 3 3 3.7261191562430893]
[4.012839446870293 'Spatial' 0.18075720307444854 0.7830355430223755
 0.559322033898305 17 4 3 4 4.012839446870293]
[3.598725001104251 'Spatial' 0.18075720307444854 0.7830355430223755
 0.8305084745762711 17 4 3 5 3.598725001104251]
[3.1944412355000544 'Spatial' 0.18075720307444854 0.7830355430223755
 0.7288135593220338 17 4 3 6 3.1944412355000544]
[0.6155606337955235 'Spatial' 0.18075720307444854 0.7830355430223755
 0.9322033898305084 17 4 3 7 0.6155606337955235]
[2.942133616438865 'Spatial' 0.18075720307444854 0.7830355430223755
 2.542372881355932 17 4 3 8 2.942133616438865]
[4.155713932993487 'Spatial' 0.18075720307444854 0.7830355430223755
 3.4745762711864403 17 4 3 9 4.155713932993487]
[3.2993290896726037 'Spatial' 0.18075720307444854 0.7830355430223755
 3.3728813559322033 17 4 3 10 3.2993290896726037]
[3.3132229267531965 'Spatial' 0.18075720307444854 0.7830355430223755
 3.3728813559322033 17 4 3 11 3.3132229267531965]
[3.6274127396093316 'Spatial' 0.18075720307444854 0.7830355430223755
 3.271186440677966 17 4 3 12 3.6274127396093316]
[4.1588830833596715 'Spatial' 0.18075720307444854 0.7830355430223755
 8.983050847457626 17 4 3 13 4.1588830833596715]
[1.6718290196200827 'Spatial' 0.18075720307444854 0.7830355430223755
 2.5254237288135593 17 4 3 14 1.6718290196200827]
[3.416722434631919 'Spatial' 0.18075720307444854 0.7830355430223755
 3.271186440677966 17 4 3 15 3.416722434631919]
[0.8497447715155412 'Spatial' 0.18075720307444854 0.7830355430223755
 0.4915254237288135 17 4 3 16 0.8497447715155412]
[0.011762253391687027 'Spatial' 0.18075720307444854 0.7830355430223755
 0.4915254237288135 17 4 3 17 0.011762253391687027]
[0.0007455425132182165 'Spatial' 0.18075720307444854 0.7830355430223755
 0.4915254237288135 17 4 3 18 0.0007455425132182165]
[2.4568708052990638 'Spatial' 0.18075720307444854 0.7830355430223755
 3.101694915254237 17 4 3 19 2.4568708052990638]
[0.0 'Spatial' 0.18075720307444854 0.7830355430223755 0.0 17 4 5 0 0.0]
[4.143343412815748 'Spatial' 0.18075720307444854 0.7830355430223755
 0.1694915254237288 17 4 5 1 4.143343412815748]
[3.4852259634282228 'Spatial' 0.18075720307444854 0.7830355430223755
 4.745762711864407 17 4 5 2 3.4852259634282228]
[3.7261191562430893 'Spatial' 0.18075720307444854 0.7830355430223755
 4.0508474576271185 17 4 5 3 3.7261191562430893]
[4.012839446870293 'Spatial' 0.18075720307444854 0.7830355430223755
 0.559322033898305 17 4 5 4 4.012839446870293]
[3.598725001104251 'Spatial' 0.18075720307444854 0.7830355430223755
 0.8305084745762711 17 4 5 5 3.598725001104251]
[3.1944412355000544 'Spatial' 0.18075720307444854 0.7830355430223755
 0.7288135593220338 17 4 5 6 3.1944412355000544]
[0.6155606337955235 'Spatial' 0.18075720307444854 0.7830355430223755
 0.9322033898305084 17 4 5 7 0.6155606337955235]
[2.942133616438865 'Spatial' 0.18075720307444854 0.7830355430223755
 2.542372881355932 17 4 5 8 2.942133616438865]
[4.155713932993487 'Spatial' 0.18075720307444854 0.7830355430223755
 3.4745762711864403 17 4 5 9 4.155713932993487]
[3.2993290896726037 'Spatial' 0.18075720307444854 0.7830355430223755
 3.3728813559322033 17 4 5 10 3.2993290896726037]
[3.3132229267531965 'Spatial' 0.18075720307444854 0.7830355430223755
 3.3728813559322033 17 4 5 11 3.3132229267531965]
[3.6274127396093316 'Spatial' 0.18075720307444854 0.7830355430223755
 3.271186440677966 17 4 5 12 3.6274127396093316]
[4.1588830833596715 'Spatial' 0.18075720307444854 0.7830355430223755
 8.983050847457626 17 4 5 13 4.1588830833596715]
[1.6718290196200827 'Spatial' 0.18075720307444854 0.7830355430223755
 2.5254237288135593 17 4 5 14 1.6718290196200827]
[3.416722434631919 'Spatial' 0.18075720307444854 0.7830355430223755
 3.271186440677966 17 4 5 15 3.416722434631919]
[0.8497447715155412 'Spatial' 0.18075720307444854 0.7830355430223755
 0.4915254237288135 17 4 5 16 0.8497447715155412]
[0.011762253391687027 'Spatial' 0.18075720307444854 0.7830355430223755
 0.4915254237288135 17 4 5 17 0.011762253391687027]
[0.0007455425132182165 'Spatial' 0.18075720307444854 0.7830355430223755
 0.4915254237288135 17 4 5 18 0.0007455425132182165]
[2.4568708052990638 'Spatial' 0.18075720307444854 0.7830355430223755
 3.101694915254237 17 4 5 19 2.4568708052990638]
[0.0 'Spatial' 0.18075720307444854 0.7830355430223755 0.0 17 4 6 0 0.0]
[4.143343412815748 'Spatial' 0.18075720307444854 0.7830355430223755
 0.1694915254237288 17 4 6 1 4.143343412815748]
[3.4852259634282228 'Spatial' 0.18075720307444854 0.7830355430223755
 4.745762711864407 17 4 6 2 3.4852259634282228]
[3.7261191562430893 'Spatial' 0.18075720307444854 0.7830355430223755
 4.0508474576271185 17 4 6 3 3.7261191562430893]
[4.012839446870293 'Spatial' 0.18075720307444854 0.7830355430223755
 0.559322033898305 17 4 6 4 4.012839446870293]
[3.598725001104251 'Spatial' 0.18075720307444854 0.7830355430223755
 0.8305084745762711 17 4 6 5 3.598725001104251]
[3.1944412355000544 'Spatial' 0.18075720307444854 0.7830355430223755
 0.7288135593220338 17 4 6 6 3.1944412355000544]
[0.6155606337955235 'Spatial' 0.18075720307444854 0.7830355430223755
 0.9322033898305084 17 4 6 7 0.6155606337955235]
[2.942133616438865 'Spatial' 0.18075720307444854 0.7830355430223755
 2.542372881355932 17 4 6 8 2.942133616438865]
[4.155713932993487 'Spatial' 0.18075720307444854 0.7830355430223755
 3.4745762711864403 17 4 6 9 4.155713932993487]
[3.2993290896726037 'Spatial' 0.18075720307444854 0.7830355430223755
 3.3728813559322033 17 4 6 10 3.2993290896726037]
[3.3132229267531965 'Spatial' 0.18075720307444854 0.7830355430223755
 3.3728813559322033 17 4 6 11 3.3132229267531965]
[3.6274127396093316 'Spatial' 0.18075720307444854 0.7830355430223755
 3.271186440677966 17 4 6 12 3.6274127396093316]
[4.1588830833596715 'Spatial' 0.18075720307444854 0.7830355430223755
 8.983050847457626 17 4 6 13 4.1588830833596715]
[1.6718290196200827 'Spatial' 0.18075720307444854 0.7830355430223755
 2.5254237288135593 17 4 6 14 1.6718290196200827]
[3.416722434631919 'Spatial' 0.18075720307444854 0.7830355430223755
 3.271186440677966 17 4 6 15 3.416722434631919]
[0.8497447715155412 'Spatial' 0.18075720307444854 0.7830355430223755
 0.4915254237288135 17 4 6 16 0.8497447715155412]
[0.011762253391687027 'Spatial' 0.18075720307444854 0.7830355430223755
 0.4915254237288135 17 4 6 17 0.011762253391687027]
[0.0007455425132182165 'Spatial' 0.18075720307444854 0.7830355430223755
 0.4915254237288135 17 4 6 18 0.0007455425132182165]
[2.4568708052990638 'Spatial' 0.18075720307444854 0.7830355430223755
 3.101694915254237 17 4 6 19 2.4568708052990638]
[0.0 'Spatial' 0.18075720307444854 0.7830355430223755 0.0 17 4 7 0 0.0]
[4.143343412815748 'Spatial' 0.18075720307444854 0.7830355430223755
 0.1694915254237288 17 4 7 1 4.143343412815748]
[3.4852259634282228 'Spatial' 0.18075720307444854 0.7830355430223755
 4.745762711864407 17 4 7 2 3.4852259634282228]
[3.7261191562430893 'Spatial' 0.18075720307444854 0.7830355430223755
 4.0508474576271185 17 4 7 3 3.7261191562430893]
[4.012839446870293 'Spatial' 0.18075720307444854 0.7830355430223755
 0.559322033898305 17 4 7 4 4.012839446870293]
[3.598725001104251 'Spatial' 0.18075720307444854 0.7830355430223755
 0.8305084745762711 17 4 7 5 3.598725001104251]
[3.1944412355000544 'Spatial' 0.18075720307444854 0.7830355430223755
 0.7288135593220338 17 4 7 6 3.1944412355000544]
[0.6155606337955235 'Spatial' 0.18075720307444854 0.7830355430223755
 0.9322033898305084 17 4 7 7 0.6155606337955235]
[2.942133616438865 'Spatial' 0.18075720307444854 0.7830355430223755
 2.542372881355932 17 4 7 8 2.942133616438865]
[4.155713932993487 'Spatial' 0.18075720307444854 0.7830355430223755
 3.4745762711864403 17 4 7 9 4.155713932993487]
[3.2993290896726037 'Spatial' 0.18075720307444854 0.7830355430223755
 3.3728813559322033 17 4 7 10 3.2993290896726037]
[3.3132229267531965 'Spatial' 0.18075720307444854 0.7830355430223755
 3.3728813559322033 17 4 7 11 3.3132229267531965]
[3.6274127396093316 'Spatial' 0.18075720307444854 0.7830355430223755
 3.271186440677966 17 4 7 12 3.6274127396093316]
[4.1588830833596715 'Spatial' 0.18075720307444854 0.7830355430223755
 8.983050847457626 17 4 7 13 4.1588830833596715]
[1.6718290196200827 'Spatial' 0.18075720307444854 0.7830355430223755
 2.5254237288135593 17 4 7 14 1.6718290196200827]
[3.416722434631919 'Spatial' 0.18075720307444854 0.7830355430223755
 3.271186440677966 17 4 7 15 3.416722434631919]
[0.8497447715155412 'Spatial' 0.18075720307444854 0.7830355430223755
 0.4915254237288135 17 4 7 16 0.8497447715155412]
[0.011762253391687027 'Spatial' 0.18075720307444854 0.7830355430223755
 0.4915254237288135 17 4 7 17 0.011762253391687027]
[0.0007455425132182165 'Spatial' 0.18075720307444854 0.7830355430223755
 0.4915254237288135 17 4 7 18 0.0007455425132182165]
[2.4568708052990638 'Spatial' 0.18075720307444854 0.7830355430223755
 3.101694915254237 17 4 7 19 2.4568708052990638]
[0.0 'Spatial' 0.18075720307444854 0.7830355430223755 0.0 17 4 8 0 0.0]
[4.143343412815748 'Spatial' 0.18075720307444854 0.7830355430223755
 0.1694915254237288 17 4 8 1 4.143343412815748]
[3.4852259634282228 'Spatial' 0.18075720307444854 0.7830355430223755
 4.745762711864407 17 4 8 2 3.4852259634282228]
[3.7261191562430893 'Spatial' 0.18075720307444854 0.7830355430223755
 4.0508474576271185 17 4 8 3 3.7261191562430893]
[4.012839446870293 'Spatial' 0.18075720307444854 0.7830355430223755
 0.559322033898305 17 4 8 4 4.012839446870293]
[3.598725001104251 'Spatial' 0.18075720307444854 0.7830355430223755
 0.8305084745762711 17 4 8 5 3.598725001104251]
[3.1944412355000544 'Spatial' 0.18075720307444854 0.7830355430223755
 0.7288135593220338 17 4 8 6 3.1944412355000544]
[0.6155606337955235 'Spatial' 0.18075720307444854 0.7830355430223755
 0.9322033898305084 17 4 8 7 0.6155606337955235]
[2.942133616438865 'Spatial' 0.18075720307444854 0.7830355430223755
 2.542372881355932 17 4 8 8 2.942133616438865]
[4.155713932993487 'Spatial' 0.18075720307444854 0.7830355430223755
 3.4745762711864403 17 4 8 9 4.155713932993487]
[3.2993290896726037 'Spatial' 0.18075720307444854 0.7830355430223755
 3.3728813559322033 17 4 8 10 3.2993290896726037]
[3.3132229267531965 'Spatial' 0.18075720307444854 0.7830355430223755
 3.3728813559322033 17 4 8 11 3.3132229267531965]
[3.6274127396093316 'Spatial' 0.18075720307444854 0.7830355430223755
 3.271186440677966 17 4 8 12 3.6274127396093316]
[4.1588830833596715 'Spatial' 0.18075720307444854 0.7830355430223755
 8.983050847457626 17 4 8 13 4.1588830833596715]
[1.6718290196200827 'Spatial' 0.18075720307444854 0.7830355430223755
 2.5254237288135593 17 4 8 14 1.6718290196200827]
[3.416722434631919 'Spatial' 0.18075720307444854 0.7830355430223755
 3.271186440677966 17 4 8 15 3.416722434631919]
[0.8497447715155412 'Spatial' 0.18075720307444854 0.7830355430223755
 0.4915254237288135 17 4 8 16 0.8497447715155412]
[0.011762253391687027 'Spatial' 0.18075720307444854 0.7830355430223755
 0.4915254237288135 17 4 8 17 0.011762253391687027]
[0.0007455425132182165 'Spatial' 0.18075720307444854 0.7830355430223755
 0.4915254237288135 17 4 8 18 0.0007455425132182165]
[2.4568708052990638 'Spatial' 0.18075720307444854 0.7830355430223755
 3.101694915254237 17 4 8 19 2.4568708052990638]
