[0.0 'Spatial' 0.024372311967327868 0.4512109684416847 0.0 105 4 0 0 0.0]
[4.019671676534513 'Spatial' 0.024372311967327868 0.4512109684416847
 1.1016949152542372 105 4 0 1 4.019671676534513]
[3.660387958083483 'Spatial' 0.024372311967327868 0.4512109684416847
 1.2372881355932202 105 4 0 2 3.660387958083483]
[2.742619980346333 'Spatial' 0.024372311967327868 0.4512109684416847
 1.5762711864406778 105 4 0 3 2.742619980346333]
[2.168693728821373 'Spatial' 0.024372311967327868 0.4512109684416847
 1.3559322033898304 105 4 0 4 2.168693728821373]
[1.533889803238311 'Spatial' 0.024372311967327868 0.4512109684416847
 1.1694915254237288 105 4 0 5 1.533889803238311]
[0.006525500388493375 'Spatial' 0.024372311967327868 0.4512109684416847
 1.0169491525423728 105 4 0 6 0.006525500388493375]
[0.000629801633309997 'Spatial' 0.024372311967327868 0.4512109684416847
 0.1694915254237288 105 4 0 7 0.000629801633309997]
[3.3504769961567744 'Spatial' 0.024372311967327868 0.4512109684416847
 7.949152542372881 105 4 0 8 3.3504769961567744]
[0.000629801633309997 'Spatial' 0.024372311967327868 0.4512109684416847
 0.1694915254237288 105 4 0 9 0.000629801633309997]
[0.000629801633309997 'Spatial' 0.024372311967327868 0.4512109684416847
 0.1694915254237288 105 4 0 10 0.000629801633309997]
[0.000629801633309997 'Spatial' 0.024372311967327868 0.4512109684416847
 0.1694915254237288 105 4 0 11 0.000629801633309997]
[0.000629801633309997 'Spatial' 0.024372311967327868 0.4512109684416847
 0.1694915254237288 105 4 0 12 0.000629801633309997]
[0.000629801633309997 'Spatial' 0.024372311967327868 0.4512109684416847
 0.1694915254237288 105 4 0 13 0.000629801633309997]
[0.000629801633309997 'Spatial' 0.024372311967327868 0.4512109684416847
 0.1694915254237288 105 4 0 14 0.000629801633309997]
[0.000629801633309997 'Spatial' 0.024372311967327868 0.4512109684416847
 0.1694915254237288 105 4 0 15 0.000629801633309997]
[0.000629801633309997 'Spatial' 0.024372311967327868 0.4512109684416847
 0.1694915254237288 105 4 0 16 0.000629801633309997]
[0.000629801633309997 'Spatial' 0.024372311967327868 0.4512109684416847
 0.1694915254237288 105 4 0 17 0.000629801633309997]
[0.000629801633309997 'Spatial' 0.024372311967327868 0.4512109684416847
 0.1694915254237288 105 4 0 18 0.000629801633309997]
[0.000629801633309997 'Spatial' 0.024372311967327868 0.4512109684416847
 0.1694915254237288 105 4 0 19 0.000629801633309997]
[0.0 'Spatial' 0.024372311967327868 0.4512109684416847 0.0 105 4 1 0 0.0]
[4.019671676534513 'Spatial' 0.024372311967327868 0.4512109684416847
 1.1016949152542372 105 4 1 1 4.019671676534513]
[3.660387958083483 'Spatial' 0.024372311967327868 0.4512109684416847
 1.2372881355932202 105 4 1 2 3.660387958083483]
[2.742619980346333 'Spatial' 0.024372311967327868 0.4512109684416847
 1.5762711864406778 105 4 1 3 2.742619980346333]
[2.168693728821373 'Spatial' 0.024372311967327868 0.4512109684416847
 1.3559322033898304 105 4 1 4 2.168693728821373]
[1.533889803238311 'Spatial' 0.024372311967327868 0.4512109684416847
 1.1694915254237288 105 4 1 5 1.533889803238311]
[0.006525500388493375 'Spatial' 0.024372311967327868 0.4512109684416847
 1.0169491525423728 105 4 1 6 0.006525500388493375]
[0.000629801633309997 'Spatial' 0.024372311967327868 0.4512109684416847
 0.1694915254237288 105 4 1 7 0.000629801633309997]
[3.3504769961567744 'Spatial' 0.024372311967327868 0.4512109684416847
 7.949152542372881 105 4 1 8 3.3504769961567744]
[0.000629801633309997 'Spatial' 0.024372311967327868 0.4512109684416847
 0.1694915254237288 105 4 1 9 0.000629801633309997]
[0.000629801633309997 'Spatial' 0.024372311967327868 0.4512109684416847
 0.1694915254237288 105 4 1 10 0.000629801633309997]
[0.000629801633309997 'Spatial' 0.024372311967327868 0.4512109684416847
 0.1694915254237288 105 4 1 11 0.000629801633309997]
[0.000629801633309997 'Spatial' 0.024372311967327868 0.4512109684416847
 0.1694915254237288 105 4 1 12 0.000629801633309997]
[0.000629801633309997 'Spatial' 0.024372311967327868 0.4512109684416847
 0.1694915254237288 105 4 1 13 0.000629801633309997]
[0.000629801633309997 'Spatial' 0.024372311967327868 0.4512109684416847
 0.1694915254237288 105 4 1 14 0.000629801633309997]
[0.000629801633309997 'Spatial' 0.024372311967327868 0.4512109684416847
 0.1694915254237288 105 4 1 15 0.000629801633309997]
[0.000629801633309997 'Spatial' 0.024372311967327868 0.4512109684416847
 0.1694915254237288 105 4 1 16 0.000629801633309997]
[0.000629801633309997 'Spatial' 0.024372311967327868 0.4512109684416847
 0.1694915254237288 105 4 1 17 0.000629801633309997]
[0.000629801633309997 'Spatial' 0.024372311967327868 0.4512109684416847
 0.1694915254237288 105 4 1 18 0.000629801633309997]
[0.000629801633309997 'Spatial' 0.024372311967327868 0.4512109684416847
 0.1694915254237288 105 4 1 19 0.000629801633309997]
[0.0 'Spatial' 0.024372311967327868 0.4512109684416847 0.0 105 4 2 0 0.0]
[4.019671676534513 'Spatial' 0.024372311967327868 0.4512109684416847
 1.1016949152542372 105 4 2 1 4.019671676534513]
[3.660387958083483 'Spatial' 0.024372311967327868 0.4512109684416847
 1.2372881355932202 105 4 2 2 3.660387958083483]
[2.742619980346333 'Spatial' 0.024372311967327868 0.4512109684416847
 1.5762711864406778 105 4 2 3 2.742619980346333]
[2.168693728821373 'Spatial' 0.024372311967327868 0.4512109684416847
 1.3559322033898304 105 4 2 4 2.168693728821373]
[1.533889803238311 'Spatial' 0.024372311967327868 0.4512109684416847
 1.1694915254237288 105 4 2 5 1.533889803238311]
[0.006525500388493375 'Spatial' 0.024372311967327868 0.4512109684416847
 1.0169491525423728 105 4 2 6 0.006525500388493375]
[0.000629801633309997 'Spatial' 0.024372311967327868 0.4512109684416847
 0.1694915254237288 105 4 2 7 0.000629801633309997]
[3.3504769961567744 'Spatial' 0.024372311967327868 0.4512109684416847
 7.949152542372881 105 4 2 8 3.3504769961567744]
[0.000629801633309997 'Spatial' 0.024372311967327868 0.4512109684416847
 0.1694915254237288 105 4 2 9 0.000629801633309997]
[0.000629801633309997 'Spatial' 0.024372311967327868 0.4512109684416847
 0.1694915254237288 105 4 2 10 0.000629801633309997]
[0.000629801633309997 'Spatial' 0.024372311967327868 0.4512109684416847
 0.1694915254237288 105 4 2 11 0.000629801633309997]
[0.000629801633309997 'Spatial' 0.024372311967327868 0.4512109684416847
 0.1694915254237288 105 4 2 12 0.000629801633309997]
[0.000629801633309997 'Spatial' 0.024372311967327868 0.4512109684416847
 0.1694915254237288 105 4 2 13 0.000629801633309997]
[0.000629801633309997 'Spatial' 0.024372311967327868 0.4512109684416847
 0.1694915254237288 105 4 2 14 0.000629801633309997]
[0.000629801633309997 'Spatial' 0.024372311967327868 0.4512109684416847
 0.1694915254237288 105 4 2 15 0.000629801633309997]
[0.000629801633309997 'Spatial' 0.024372311967327868 0.4512109684416847
 0.1694915254237288 105 4 2 16 0.000629801633309997]
[0.000629801633309997 'Spatial' 0.024372311967327868 0.4512109684416847
 0.1694915254237288 105 4 2 17 0.000629801633309997]
[0.000629801633309997 'Spatial' 0.024372311967327868 0.4512109684416847
 0.1694915254237288 105 4 2 18 0.000629801633309997]
[0.000629801633309997 'Spatial' 0.024372311967327868 0.4512109684416847
 0.1694915254237288 105 4 2 19 0.000629801633309997]
[0.0 'Spatial' 0.024372311967327868 0.4512109684416847 0.0 105 4 3 0 0.0]
[4.019671676534513 'Spatial' 0.024372311967327868 0.4512109684416847
 1.1016949152542372 105 4 3 1 4.019671676534513]
[3.660387958083483 'Spatial' 0.024372311967327868 0.4512109684416847
 1.2372881355932202 105 4 3 2 3.660387958083483]
[2.742619980346333 'Spatial' 0.024372311967327868 0.4512109684416847
 1.5762711864406778 105 4 3 3 2.742619980346333]
[2.168693728821373 'Spatial' 0.024372311967327868 0.4512109684416847
 1.3559322033898304 105 4 3 4 2.168693728821373]
[1.533889803238311 'Spatial' 0.024372311967327868 0.4512109684416847
 1.1694915254237288 105 4 3 5 1.533889803238311]
[0.006525500388493375 'Spatial' 0.024372311967327868 0.4512109684416847
 1.0169491525423728 105 4 3 6 0.006525500388493375]
[0.000629801633309997 'Spatial' 0.024372311967327868 0.4512109684416847
 0.1694915254237288 105 4 3 7 0.000629801633309997]
[3.3504769961567744 'Spatial' 0.024372311967327868 0.4512109684416847
 7.949152542372881 105 4 3 8 3.3504769961567744]
[0.000629801633309997 'Spatial' 0.024372311967327868 0.4512109684416847
 0.1694915254237288 105 4 3 9 0.000629801633309997]
[0.000629801633309997 'Spatial' 0.024372311967327868 0.4512109684416847
 0.1694915254237288 105 4 3 10 0.000629801633309997]
[0.000629801633309997 'Spatial' 0.024372311967327868 0.4512109684416847
 0.1694915254237288 105 4 3 11 0.000629801633309997]
[0.000629801633309997 'Spatial' 0.024372311967327868 0.4512109684416847
 0.1694915254237288 105 4 3 12 0.000629801633309997]
[0.000629801633309997 'Spatial' 0.024372311967327868 0.4512109684416847
 0.1694915254237288 105 4 3 13 0.000629801633309997]
[0.000629801633309997 'Spatial' 0.024372311967327868 0.4512109684416847
 0.1694915254237288 105 4 3 14 0.000629801633309997]
[0.000629801633309997 'Spatial' 0.024372311967327868 0.4512109684416847
 0.1694915254237288 105 4 3 15 0.000629801633309997]
[0.000629801633309997 'Spatial' 0.024372311967327868 0.4512109684416847
 0.1694915254237288 105 4 3 16 0.000629801633309997]
[0.000629801633309997 'Spatial' 0.024372311967327868 0.4512109684416847
 0.1694915254237288 105 4 3 17 0.000629801633309997]
[0.000629801633309997 'Spatial' 0.024372311967327868 0.4512109684416847
 0.1694915254237288 105 4 3 18 0.000629801633309997]
[0.000629801633309997 'Spatial' 0.024372311967327868 0.4512109684416847
 0.1694915254237288 105 4 3 19 0.000629801633309997]
[0.0 'Spatial' 0.024372311967327868 0.4512109684416847 0.0 105 4 5 0 0.0]
[4.019671676534513 'Spatial' 0.024372311967327868 0.4512109684416847
 1.1016949152542372 105 4 5 1 4.019671676534513]
[3.660387958083483 'Spatial' 0.024372311967327868 0.4512109684416847
 1.2372881355932202 105 4 5 2 3.660387958083483]
[2.742619980346333 'Spatial' 0.024372311967327868 0.4512109684416847
 1.5762711864406778 105 4 5 3 2.742619980346333]
[2.168693728821373 'Spatial' 0.024372311967327868 0.4512109684416847
 1.3559322033898304 105 4 5 4 2.168693728821373]
[1.533889803238311 'Spatial' 0.024372311967327868 0.4512109684416847
 1.1694915254237288 105 4 5 5 1.533889803238311]
[0.006525500388493375 'Spatial' 0.024372311967327868 0.4512109684416847
 1.0169491525423728 105 4 5 6 0.006525500388493375]
[0.000629801633309997 'Spatial' 0.024372311967327868 0.4512109684416847
 0.1694915254237288 105 4 5 7 0.000629801633309997]
[3.3504769961567744 'Spatial' 0.024372311967327868 0.4512109684416847
 7.949152542372881 105 4 5 8 3.3504769961567744]
[0.000629801633309997 'Spatial' 0.024372311967327868 0.4512109684416847
 0.1694915254237288 105 4 5 9 0.000629801633309997]
[0.000629801633309997 'Spatial' 0.024372311967327868 0.4512109684416847
 0.1694915254237288 105 4 5 10 0.000629801633309997]
[0.000629801633309997 'Spatial' 0.024372311967327868 0.4512109684416847
 0.1694915254237288 105 4 5 11 0.000629801633309997]
[0.000629801633309997 'Spatial' 0.024372311967327868 0.4512109684416847
 0.1694915254237288 105 4 5 12 0.000629801633309997]
[0.000629801633309997 'Spatial' 0.024372311967327868 0.4512109684416847
 0.1694915254237288 105 4 5 13 0.000629801633309997]
[0.000629801633309997 'Spatial' 0.024372311967327868 0.4512109684416847
 0.1694915254237288 105 4 5 14 0.000629801633309997]
[0.000629801633309997 'Spatial' 0.024372311967327868 0.4512109684416847
 0.1694915254237288 105 4 5 15 0.000629801633309997]
[0.000629801633309997 'Spatial' 0.024372311967327868 0.4512109684416847
 0.1694915254237288 105 4 5 16 0.000629801633309997]
[0.000629801633309997 'Spatial' 0.024372311967327868 0.4512109684416847
 0.1694915254237288 105 4 5 17 0.000629801633309997]
[0.000629801633309997 'Spatial' 0.024372311967327868 0.4512109684416847
 0.1694915254237288 105 4 5 18 0.000629801633309997]
[0.000629801633309997 'Spatial' 0.024372311967327868 0.4512109684416847
 0.1694915254237288 105 4 5 19 0.000629801633309997]
[0.0 'Spatial' 0.024372311967327868 0.4512109684416847 0.0 105 4 6 0 0.0]
[4.019671676534513 'Spatial' 0.024372311967327868 0.4512109684416847
 1.1016949152542372 105 4 6 1 4.019671676534513]
[3.660387958083483 'Spatial' 0.024372311967327868 0.4512109684416847
 1.2372881355932202 105 4 6 2 3.660387958083483]
[2.742619980346333 'Spatial' 0.024372311967327868 0.4512109684416847
 1.5762711864406778 105 4 6 3 2.742619980346333]
[2.168693728821373 'Spatial' 0.024372311967327868 0.4512109684416847
 1.3559322033898304 105 4 6 4 2.168693728821373]
[1.533889803238311 'Spatial' 0.024372311967327868 0.4512109684416847
 1.1694915254237288 105 4 6 5 1.533889803238311]
[0.006525500388493375 'Spatial' 0.024372311967327868 0.4512109684416847
 1.0169491525423728 105 4 6 6 0.006525500388493375]
[0.000629801633309997 'Spatial' 0.024372311967327868 0.4512109684416847
 0.1694915254237288 105 4 6 7 0.000629801633309997]
[3.3504769961567744 'Spatial' 0.024372311967327868 0.4512109684416847
 7.949152542372881 105 4 6 8 3.3504769961567744]
[0.000629801633309997 'Spatial' 0.024372311967327868 0.4512109684416847
 0.1694915254237288 105 4 6 9 0.000629801633309997]
[0.000629801633309997 'Spatial' 0.024372311967327868 0.4512109684416847
 0.1694915254237288 105 4 6 10 0.000629801633309997]
[0.000629801633309997 'Spatial' 0.024372311967327868 0.4512109684416847
 0.1694915254237288 105 4 6 11 0.000629801633309997]
[0.000629801633309997 'Spatial' 0.024372311967327868 0.4512109684416847
 0.1694915254237288 105 4 6 12 0.000629801633309997]
[0.000629801633309997 'Spatial' 0.024372311967327868 0.4512109684416847
 0.1694915254237288 105 4 6 13 0.000629801633309997]
[0.000629801633309997 'Spatial' 0.024372311967327868 0.4512109684416847
 0.1694915254237288 105 4 6 14 0.000629801633309997]
[0.000629801633309997 'Spatial' 0.024372311967327868 0.4512109684416847
 0.1694915254237288 105 4 6 15 0.000629801633309997]
[0.000629801633309997 'Spatial' 0.024372311967327868 0.4512109684416847
 0.1694915254237288 105 4 6 16 0.000629801633309997]
[0.000629801633309997 'Spatial' 0.024372311967327868 0.4512109684416847
 0.1694915254237288 105 4 6 17 0.000629801633309997]
[0.000629801633309997 'Spatial' 0.024372311967327868 0.4512109684416847
 0.1694915254237288 105 4 6 18 0.000629801633309997]
[0.000629801633309997 'Spatial' 0.024372311967327868 0.4512109684416847
 0.1694915254237288 105 4 6 19 0.000629801633309997]
[0.0 'Spatial' 0.024372311967327868 0.4512109684416847 0.0 105 4 7 0 0.0]
[4.019671676534513 'Spatial' 0.024372311967327868 0.4512109684416847
 1.1016949152542372 105 4 7 1 4.019671676534513]
[3.660387958083483 'Spatial' 0.024372311967327868 0.4512109684416847
 1.2372881355932202 105 4 7 2 3.660387958083483]
[2.742619980346333 'Spatial' 0.024372311967327868 0.4512109684416847
 1.5762711864406778 105 4 7 3 2.742619980346333]
[2.168693728821373 'Spatial' 0.024372311967327868 0.4512109684416847
 1.3559322033898304 105 4 7 4 2.168693728821373]
[1.533889803238311 'Spatial' 0.024372311967327868 0.4512109684416847
 1.1694915254237288 105 4 7 5 1.533889803238311]
[0.006525500388493375 'Spatial' 0.024372311967327868 0.4512109684416847
 1.0169491525423728 105 4 7 6 0.006525500388493375]
[0.000629801633309997 'Spatial' 0.024372311967327868 0.4512109684416847
 0.1694915254237288 105 4 7 7 0.000629801633309997]
[3.3504769961567744 'Spatial' 0.024372311967327868 0.4512109684416847
 7.949152542372881 105 4 7 8 3.3504769961567744]
[0.000629801633309997 'Spatial' 0.024372311967327868 0.4512109684416847
 0.1694915254237288 105 4 7 9 0.000629801633309997]
[0.000629801633309997 'Spatial' 0.024372311967327868 0.4512109684416847
 0.1694915254237288 105 4 7 10 0.000629801633309997]
[0.000629801633309997 'Spatial' 0.024372311967327868 0.4512109684416847
 0.1694915254237288 105 4 7 11 0.000629801633309997]
[0.000629801633309997 'Spatial' 0.024372311967327868 0.4512109684416847
 0.1694915254237288 105 4 7 12 0.000629801633309997]
[0.000629801633309997 'Spatial' 0.024372311967327868 0.4512109684416847
 0.1694915254237288 105 4 7 13 0.000629801633309997]
[0.000629801633309997 'Spatial' 0.024372311967327868 0.4512109684416847
 0.1694915254237288 105 4 7 14 0.000629801633309997]
[0.000629801633309997 'Spatial' 0.024372311967327868 0.4512109684416847
 0.1694915254237288 105 4 7 15 0.000629801633309997]
[0.000629801633309997 'Spatial' 0.024372311967327868 0.4512109684416847
 0.1694915254237288 105 4 7 16 0.000629801633309997]
[0.000629801633309997 'Spatial' 0.024372311967327868 0.4512109684416847
 0.1694915254237288 105 4 7 17 0.000629801633309997]
[0.000629801633309997 'Spatial' 0.024372311967327868 0.4512109684416847
 0.1694915254237288 105 4 7 18 0.000629801633309997]
[0.000629801633309997 'Spatial' 0.024372311967327868 0.4512109684416847
 0.1694915254237288 105 4 7 19 0.000629801633309997]
[0.0 'Spatial' 0.024372311967327868 0.4512109684416847 0.0 105 4 8 0 0.0]
[4.019671676534513 'Spatial' 0.024372311967327868 0.4512109684416847
 1.1016949152542372 105 4 8 1 4.019671676534513]
[3.660387958083483 'Spatial' 0.024372311967327868 0.4512109684416847
 1.2372881355932202 105 4 8 2 3.660387958083483]
[2.742619980346333 'Spatial' 0.024372311967327868 0.4512109684416847
 1.5762711864406778 105 4 8 3 2.742619980346333]
[2.168693728821373 'Spatial' 0.024372311967327868 0.4512109684416847
 1.3559322033898304 105 4 8 4 2.168693728821373]
[1.533889803238311 'Spatial' 0.024372311967327868 0.4512109684416847
 1.1694915254237288 105 4 8 5 1.533889803238311]
[0.006525500388493375 'Spatial' 0.024372311967327868 0.4512109684416847
 1.0169491525423728 105 4 8 6 0.006525500388493375]
[0.000629801633309997 'Spatial' 0.024372311967327868 0.4512109684416847
 0.1694915254237288 105 4 8 7 0.000629801633309997]
[3.3504769961567744 'Spatial' 0.024372311967327868 0.4512109684416847
 7.949152542372881 105 4 8 8 3.3504769961567744]
[0.000629801633309997 'Spatial' 0.024372311967327868 0.4512109684416847
 0.1694915254237288 105 4 8 9 0.000629801633309997]
[0.000629801633309997 'Spatial' 0.024372311967327868 0.4512109684416847
 0.1694915254237288 105 4 8 10 0.000629801633309997]
[0.000629801633309997 'Spatial' 0.024372311967327868 0.4512109684416847
 0.1694915254237288 105 4 8 11 0.000629801633309997]
[0.000629801633309997 'Spatial' 0.024372311967327868 0.4512109684416847
 0.1694915254237288 105 4 8 12 0.000629801633309997]
[0.000629801633309997 'Spatial' 0.024372311967327868 0.4512109684416847
 0.1694915254237288 105 4 8 13 0.000629801633309997]
[0.000629801633309997 'Spatial' 0.024372311967327868 0.4512109684416847
 0.1694915254237288 105 4 8 14 0.000629801633309997]
[0.000629801633309997 'Spatial' 0.024372311967327868 0.4512109684416847
 0.1694915254237288 105 4 8 15 0.000629801633309997]
[0.000629801633309997 'Spatial' 0.024372311967327868 0.4512109684416847
 0.1694915254237288 105 4 8 16 0.000629801633309997]
[0.000629801633309997 'Spatial' 0.024372311967327868 0.4512109684416847
 0.1694915254237288 105 4 8 17 0.000629801633309997]
[0.000629801633309997 'Spatial' 0.024372311967327868 0.4512109684416847
 0.1694915254237288 105 4 8 18 0.000629801633309997]
[0.000629801633309997 'Spatial' 0.024372311967327868 0.4512109684416847
 0.1694915254237288 105 4 8 19 0.000629801633309997]
