[0.0 'Spatial' 0.050766235965346636 0.40999673693839556 0.0 47 8 0 0 0.0]
[3.9298480283640904 'Spatial' 0.050766235965346636 0.40999673693839556
 1.7796610169491525 47 8 0 1 3.9298480283640904]
[3.5022265310072385 'Spatial' 0.050766235965346636 0.40999673693839556
 1.9491525423728813 47 8 0 2 3.5022265310072385]
[2.26684233530026 'Spatial' 0.050766235965346636 0.40999673693839556
 3.542372881355932 47 8 0 3 2.26684233530026]
[2.1519128748193537 'Spatial' 0.050766235965346636 0.40999673693839556
 3.101694915254237 47 8 0 4 2.1519128748193537]
[2.314774537240971 'Spatial' 0.050766235965346636 0.40999673693839556
 3.559322033898305 47 8 0 5 2.314774537240971]
[1.5039284139613927 'Spatial' 0.050766235965346636 0.40999673693839556
 2.5254237288135593 47 8 0 6 1.5039284139613927]
[1.174383733722456 'Spatial' 0.050766235965346636 0.40999673693839556
 1.2372881355932202 47 8 0 7 1.174383733722456]
[0.34476574095414125 'Spatial' 0.050766235965346636 0.40999673693839556
 0.8983050847457626 47 8 0 8 0.34476574095414125]
[0.04300574796491304 'Spatial' 0.050766235965346636 0.40999673693839556
 0.7288135593220338 47 8 0 9 0.04300574796491304]
[0.0040776851260246605 'Spatial' 0.050766235965346636 0.40999673693839556
 0.6610169491525423 47 8 0 10 0.0040776851260246605]
[3.018317096232142 'Spatial' 0.050766235965346636 0.40999673693839556
 6.762711864406779 47 8 0 11 3.018317096232142]
[0.0008026806140289846 'Spatial' 0.050766235965346636 0.40999673693839556
 0.5084745762711864 47 8 0 12 0.0008026806140289846]
[1.4078831950521673 'Spatial' 0.050766235965346636 0.40999673693839556
 2.932203389830508 47 8 0 13 1.4078831950521673]
[0.0008896870944379191 'Spatial' 0.050766235965346636 0.40999673693839556
 0.559322033898305 47 8 0 14 0.0008896870944379191]
[0.0006540213046002425 'Spatial' 0.050766235965346636 0.40999673693839556
 0.559322033898305 47 8 0 15 0.0006540213046002425]
[3.031275559298666 'Spatial' 0.050766235965346636 0.40999673693839556
 6.830508474576271 47 8 0 16 3.031275559298666]
[0.000629801633309997 'Spatial' 0.050766235965346636 0.40999673693839556
 0.3389830508474576 47 8 0 17 0.000629801633309997]
[0.000629801633309997 'Spatial' 0.050766235965346636 0.40999673693839556
 0.1694915254237288 47 8 0 18 0.000629801633309997]
[2.8913679067337887 'Spatial' 0.050766235965346636 0.40999673693839556
 7.440677966101695 47 8 0 19 2.8913679067337887]
[0.0 'Spatial' 0.050766235965346636 0.40999673693839556 0.0 47 8 1 0 0.0]
[3.9298480283640904 'Spatial' 0.050766235965346636 0.40999673693839556
 1.7796610169491525 47 8 1 1 3.9298480283640904]
[3.5022265310072385 'Spatial' 0.050766235965346636 0.40999673693839556
 1.9491525423728813 47 8 1 2 3.5022265310072385]
[2.26684233530026 'Spatial' 0.050766235965346636 0.40999673693839556
 3.542372881355932 47 8 1 3 2.26684233530026]
[2.1519128748193537 'Spatial' 0.050766235965346636 0.40999673693839556
 3.101694915254237 47 8 1 4 2.1519128748193537]
[2.314774537240971 'Spatial' 0.050766235965346636 0.40999673693839556
 3.559322033898305 47 8 1 5 2.314774537240971]
[1.5039284139613927 'Spatial' 0.050766235965346636 0.40999673693839556
 2.5254237288135593 47 8 1 6 1.5039284139613927]
[1.174383733722456 'Spatial' 0.050766235965346636 0.40999673693839556
 1.2372881355932202 47 8 1 7 1.174383733722456]
[0.34476574095414125 'Spatial' 0.050766235965346636 0.40999673693839556
 0.8983050847457626 47 8 1 8 0.34476574095414125]
[0.04300574796491304 'Spatial' 0.050766235965346636 0.40999673693839556
 0.7288135593220338 47 8 1 9 0.04300574796491304]
[0.0040776851260246605 'Spatial' 0.050766235965346636 0.40999673693839556
 0.6610169491525423 47 8 1 10 0.0040776851260246605]
[3.018317096232142 'Spatial' 0.050766235965346636 0.40999673693839556
 6.762711864406779 47 8 1 11 3.018317096232142]
[0.0008026806140289846 'Spatial' 0.050766235965346636 0.40999673693839556
 0.5084745762711864 47 8 1 12 0.0008026806140289846]
[1.4078831950521673 'Spatial' 0.050766235965346636 0.40999673693839556
 2.932203389830508 47 8 1 13 1.4078831950521673]
[0.0008896870944379191 'Spatial' 0.050766235965346636 0.40999673693839556
 0.559322033898305 47 8 1 14 0.0008896870944379191]
[0.0006540213046002425 'Spatial' 0.050766235965346636 0.40999673693839556
 0.559322033898305 47 8 1 15 0.0006540213046002425]
[3.031275559298666 'Spatial' 0.050766235965346636 0.40999673693839556
 6.830508474576271 47 8 1 16 3.031275559298666]
[0.000629801633309997 'Spatial' 0.050766235965346636 0.40999673693839556
 0.3389830508474576 47 8 1 17 0.000629801633309997]
[0.000629801633309997 'Spatial' 0.050766235965346636 0.40999673693839556
 0.1694915254237288 47 8 1 18 0.000629801633309997]
[2.8913679067337887 'Spatial' 0.050766235965346636 0.40999673693839556
 7.440677966101695 47 8 1 19 2.8913679067337887]
[0.0 'Spatial' 0.050766235965346636 0.40999673693839556 0.0 47 8 2 0 0.0]
[3.9298480283640904 'Spatial' 0.050766235965346636 0.40999673693839556
 1.7796610169491525 47 8 2 1 3.9298480283640904]
[3.5022265310072385 'Spatial' 0.050766235965346636 0.40999673693839556
 1.9491525423728813 47 8 2 2 3.5022265310072385]
[2.26684233530026 'Spatial' 0.050766235965346636 0.40999673693839556
 3.542372881355932 47 8 2 3 2.26684233530026]
[2.1519128748193537 'Spatial' 0.050766235965346636 0.40999673693839556
 3.101694915254237 47 8 2 4 2.1519128748193537]
[2.314774537240971 'Spatial' 0.050766235965346636 0.40999673693839556
 3.559322033898305 47 8 2 5 2.314774537240971]
[1.5039284139613927 'Spatial' 0.050766235965346636 0.40999673693839556
 2.5254237288135593 47 8 2 6 1.5039284139613927]
[1.174383733722456 'Spatial' 0.050766235965346636 0.40999673693839556
 1.2372881355932202 47 8 2 7 1.174383733722456]
[0.34476574095414125 'Spatial' 0.050766235965346636 0.40999673693839556
 0.8983050847457626 47 8 2 8 0.34476574095414125]
[0.04300574796491304 'Spatial' 0.050766235965346636 0.40999673693839556
 0.7288135593220338 47 8 2 9 0.04300574796491304]
[0.0040776851260246605 'Spatial' 0.050766235965346636 0.40999673693839556
 0.6610169491525423 47 8 2 10 0.0040776851260246605]
[3.018317096232142 'Spatial' 0.050766235965346636 0.40999673693839556
 6.762711864406779 47 8 2 11 3.018317096232142]
[0.0008026806140289846 'Spatial' 0.050766235965346636 0.40999673693839556
 0.5084745762711864 47 8 2 12 0.0008026806140289846]
[1.4078831950521673 'Spatial' 0.050766235965346636 0.40999673693839556
 2.932203389830508 47 8 2 13 1.4078831950521673]
[0.0008896870944379191 'Spatial' 0.050766235965346636 0.40999673693839556
 0.559322033898305 47 8 2 14 0.0008896870944379191]
[0.0006540213046002425 'Spatial' 0.050766235965346636 0.40999673693839556
 0.559322033898305 47 8 2 15 0.0006540213046002425]
[3.031275559298666 'Spatial' 0.050766235965346636 0.40999673693839556
 6.830508474576271 47 8 2 16 3.031275559298666]
[0.000629801633309997 'Spatial' 0.050766235965346636 0.40999673693839556
 0.3389830508474576 47 8 2 17 0.000629801633309997]
[0.000629801633309997 'Spatial' 0.050766235965346636 0.40999673693839556
 0.1694915254237288 47 8 2 18 0.000629801633309997]
[2.8913679067337887 'Spatial' 0.050766235965346636 0.40999673693839556
 7.440677966101695 47 8 2 19 2.8913679067337887]
[0.0 'Spatial' 0.050766235965346636 0.40999673693839556 0.0 47 8 3 0 0.0]
[3.9298480283640904 'Spatial' 0.050766235965346636 0.40999673693839556
 1.7796610169491525 47 8 3 1 3.9298480283640904]
[3.5022265310072385 'Spatial' 0.050766235965346636 0.40999673693839556
 1.9491525423728813 47 8 3 2 3.5022265310072385]
[2.26684233530026 'Spatial' 0.050766235965346636 0.40999673693839556
 3.542372881355932 47 8 3 3 2.26684233530026]
[2.1519128748193537 'Spatial' 0.050766235965346636 0.40999673693839556
 3.101694915254237 47 8 3 4 2.1519128748193537]
[2.314774537240971 'Spatial' 0.050766235965346636 0.40999673693839556
 3.559322033898305 47 8 3 5 2.314774537240971]
[1.5039284139613927 'Spatial' 0.050766235965346636 0.40999673693839556
 2.5254237288135593 47 8 3 6 1.5039284139613927]
[1.174383733722456 'Spatial' 0.050766235965346636 0.40999673693839556
 1.2372881355932202 47 8 3 7 1.174383733722456]
[0.34476574095414125 'Spatial' 0.050766235965346636 0.40999673693839556
 0.8983050847457626 47 8 3 8 0.34476574095414125]
[0.04300574796491304 'Spatial' 0.050766235965346636 0.40999673693839556
 0.7288135593220338 47 8 3 9 0.04300574796491304]
[0.0040776851260246605 'Spatial' 0.050766235965346636 0.40999673693839556
 0.6610169491525423 47 8 3 10 0.0040776851260246605]
[3.018317096232142 'Spatial' 0.050766235965346636 0.40999673693839556
 6.762711864406779 47 8 3 11 3.018317096232142]
[0.0008026806140289846 'Spatial' 0.050766235965346636 0.40999673693839556
 0.5084745762711864 47 8 3 12 0.0008026806140289846]
[1.4078831950521673 'Spatial' 0.050766235965346636 0.40999673693839556
 2.932203389830508 47 8 3 13 1.4078831950521673]
[0.0008896870944379191 'Spatial' 0.050766235965346636 0.40999673693839556
 0.559322033898305 47 8 3 14 0.0008896870944379191]
[0.0006540213046002425 'Spatial' 0.050766235965346636 0.40999673693839556
 0.559322033898305 47 8 3 15 0.0006540213046002425]
[3.031275559298666 'Spatial' 0.050766235965346636 0.40999673693839556
 6.830508474576271 47 8 3 16 3.031275559298666]
[0.000629801633309997 'Spatial' 0.050766235965346636 0.40999673693839556
 0.3389830508474576 47 8 3 17 0.000629801633309997]
[0.000629801633309997 'Spatial' 0.050766235965346636 0.40999673693839556
 0.1694915254237288 47 8 3 18 0.000629801633309997]
[2.8913679067337887 'Spatial' 0.050766235965346636 0.40999673693839556
 7.440677966101695 47 8 3 19 2.8913679067337887]
[0.0 'Spatial' 0.050766235965346636 0.40999673693839556 0.0 47 8 4 0 0.0]
[3.9298480283640904 'Spatial' 0.050766235965346636 0.40999673693839556
 1.7796610169491525 47 8 4 1 3.9298480283640904]
[3.5022265310072385 'Spatial' 0.050766235965346636 0.40999673693839556
 1.9491525423728813 47 8 4 2 3.5022265310072385]
[2.26684233530026 'Spatial' 0.050766235965346636 0.40999673693839556
 3.542372881355932 47 8 4 3 2.26684233530026]
[2.1519128748193537 'Spatial' 0.050766235965346636 0.40999673693839556
 3.101694915254237 47 8 4 4 2.1519128748193537]
[2.314774537240971 'Spatial' 0.050766235965346636 0.40999673693839556
 3.559322033898305 47 8 4 5 2.314774537240971]
[1.5039284139613927 'Spatial' 0.050766235965346636 0.40999673693839556
 2.5254237288135593 47 8 4 6 1.5039284139613927]
[1.174383733722456 'Spatial' 0.050766235965346636 0.40999673693839556
 1.2372881355932202 47 8 4 7 1.174383733722456]
[0.34476574095414125 'Spatial' 0.050766235965346636 0.40999673693839556
 0.8983050847457626 47 8 4 8 0.34476574095414125]
[0.04300574796491304 'Spatial' 0.050766235965346636 0.40999673693839556
 0.7288135593220338 47 8 4 9 0.04300574796491304]
[0.0040776851260246605 'Spatial' 0.050766235965346636 0.40999673693839556
 0.6610169491525423 47 8 4 10 0.0040776851260246605]
[3.018317096232142 'Spatial' 0.050766235965346636 0.40999673693839556
 6.762711864406779 47 8 4 11 3.018317096232142]
[0.0008026806140289846 'Spatial' 0.050766235965346636 0.40999673693839556
 0.5084745762711864 47 8 4 12 0.0008026806140289846]
[1.4078831950521673 'Spatial' 0.050766235965346636 0.40999673693839556
 2.932203389830508 47 8 4 13 1.4078831950521673]
[0.0008896870944379191 'Spatial' 0.050766235965346636 0.40999673693839556
 0.559322033898305 47 8 4 14 0.0008896870944379191]
[0.0006540213046002425 'Spatial' 0.050766235965346636 0.40999673693839556
 0.559322033898305 47 8 4 15 0.0006540213046002425]
[3.031275559298666 'Spatial' 0.050766235965346636 0.40999673693839556
 6.830508474576271 47 8 4 16 3.031275559298666]
[0.000629801633309997 'Spatial' 0.050766235965346636 0.40999673693839556
 0.3389830508474576 47 8 4 17 0.000629801633309997]
[0.000629801633309997 'Spatial' 0.050766235965346636 0.40999673693839556
 0.1694915254237288 47 8 4 18 0.000629801633309997]
[2.8913679067337887 'Spatial' 0.050766235965346636 0.40999673693839556
 7.440677966101695 47 8 4 19 2.8913679067337887]
[0.0 'Spatial' 0.050766235965346636 0.40999673693839556 0.0 47 8 5 0 0.0]
[3.9298480283640904 'Spatial' 0.050766235965346636 0.40999673693839556
 1.7796610169491525 47 8 5 1 3.9298480283640904]
[3.5022265310072385 'Spatial' 0.050766235965346636 0.40999673693839556
 1.9491525423728813 47 8 5 2 3.5022265310072385]
[2.26684233530026 'Spatial' 0.050766235965346636 0.40999673693839556
 3.542372881355932 47 8 5 3 2.26684233530026]
[2.1519128748193537 'Spatial' 0.050766235965346636 0.40999673693839556
 3.101694915254237 47 8 5 4 2.1519128748193537]
[2.314774537240971 'Spatial' 0.050766235965346636 0.40999673693839556
 3.559322033898305 47 8 5 5 2.314774537240971]
[1.5039284139613927 'Spatial' 0.050766235965346636 0.40999673693839556
 2.5254237288135593 47 8 5 6 1.5039284139613927]
[1.174383733722456 'Spatial' 0.050766235965346636 0.40999673693839556
 1.2372881355932202 47 8 5 7 1.174383733722456]
[0.34476574095414125 'Spatial' 0.050766235965346636 0.40999673693839556
 0.8983050847457626 47 8 5 8 0.34476574095414125]
[0.04300574796491304 'Spatial' 0.050766235965346636 0.40999673693839556
 0.7288135593220338 47 8 5 9 0.04300574796491304]
[0.0040776851260246605 'Spatial' 0.050766235965346636 0.40999673693839556
 0.6610169491525423 47 8 5 10 0.0040776851260246605]
[3.018317096232142 'Spatial' 0.050766235965346636 0.40999673693839556
 6.762711864406779 47 8 5 11 3.018317096232142]
[0.0008026806140289846 'Spatial' 0.050766235965346636 0.40999673693839556
 0.5084745762711864 47 8 5 12 0.0008026806140289846]
[1.4078831950521673 'Spatial' 0.050766235965346636 0.40999673693839556
 2.932203389830508 47 8 5 13 1.4078831950521673]
[0.0008896870944379191 'Spatial' 0.050766235965346636 0.40999673693839556
 0.559322033898305 47 8 5 14 0.0008896870944379191]
[0.0006540213046002425 'Spatial' 0.050766235965346636 0.40999673693839556
 0.559322033898305 47 8 5 15 0.0006540213046002425]
[3.031275559298666 'Spatial' 0.050766235965346636 0.40999673693839556
 6.830508474576271 47 8 5 16 3.031275559298666]
[0.000629801633309997 'Spatial' 0.050766235965346636 0.40999673693839556
 0.3389830508474576 47 8 5 17 0.000629801633309997]
[0.000629801633309997 'Spatial' 0.050766235965346636 0.40999673693839556
 0.1694915254237288 47 8 5 18 0.000629801633309997]
[2.8913679067337887 'Spatial' 0.050766235965346636 0.40999673693839556
 7.440677966101695 47 8 5 19 2.8913679067337887]
[0.0 'Spatial' 0.050766235965346636 0.40999673693839556 0.0 47 8 6 0 0.0]
[3.9298480283640904 'Spatial' 0.050766235965346636 0.40999673693839556
 1.7796610169491525 47 8 6 1 3.9298480283640904]
[3.5022265310072385 'Spatial' 0.050766235965346636 0.40999673693839556
 1.9491525423728813 47 8 6 2 3.5022265310072385]
[2.26684233530026 'Spatial' 0.050766235965346636 0.40999673693839556
 3.542372881355932 47 8 6 3 2.26684233530026]
[2.1519128748193537 'Spatial' 0.050766235965346636 0.40999673693839556
 3.101694915254237 47 8 6 4 2.1519128748193537]
[2.314774537240971 'Spatial' 0.050766235965346636 0.40999673693839556
 3.559322033898305 47 8 6 5 2.314774537240971]
[1.5039284139613927 'Spatial' 0.050766235965346636 0.40999673693839556
 2.5254237288135593 47 8 6 6 1.5039284139613927]
[1.174383733722456 'Spatial' 0.050766235965346636 0.40999673693839556
 1.2372881355932202 47 8 6 7 1.174383733722456]
[0.34476574095414125 'Spatial' 0.050766235965346636 0.40999673693839556
 0.8983050847457626 47 8 6 8 0.34476574095414125]
[0.04300574796491304 'Spatial' 0.050766235965346636 0.40999673693839556
 0.7288135593220338 47 8 6 9 0.04300574796491304]
[0.0040776851260246605 'Spatial' 0.050766235965346636 0.40999673693839556
 0.6610169491525423 47 8 6 10 0.0040776851260246605]
[3.018317096232142 'Spatial' 0.050766235965346636 0.40999673693839556
 6.762711864406779 47 8 6 11 3.018317096232142]
[0.0008026806140289846 'Spatial' 0.050766235965346636 0.40999673693839556
 0.5084745762711864 47 8 6 12 0.0008026806140289846]
[1.4078831950521673 'Spatial' 0.050766235965346636 0.40999673693839556
 2.932203389830508 47 8 6 13 1.4078831950521673]
[0.0008896870944379191 'Spatial' 0.050766235965346636 0.40999673693839556
 0.559322033898305 47 8 6 14 0.0008896870944379191]
[0.0006540213046002425 'Spatial' 0.050766235965346636 0.40999673693839556
 0.559322033898305 47 8 6 15 0.0006540213046002425]
[3.031275559298666 'Spatial' 0.050766235965346636 0.40999673693839556
 6.830508474576271 47 8 6 16 3.031275559298666]
[0.000629801633309997 'Spatial' 0.050766235965346636 0.40999673693839556
 0.3389830508474576 47 8 6 17 0.000629801633309997]
[0.000629801633309997 'Spatial' 0.050766235965346636 0.40999673693839556
 0.1694915254237288 47 8 6 18 0.000629801633309997]
[2.8913679067337887 'Spatial' 0.050766235965346636 0.40999673693839556
 7.440677966101695 47 8 6 19 2.8913679067337887]
[0.0 'Spatial' 0.050766235965346636 0.40999673693839556 0.0 47 8 7 0 0.0]
[3.9298480283640904 'Spatial' 0.050766235965346636 0.40999673693839556
 1.7796610169491525 47 8 7 1 3.9298480283640904]
[3.5022265310072385 'Spatial' 0.050766235965346636 0.40999673693839556
 1.9491525423728813 47 8 7 2 3.5022265310072385]
[2.26684233530026 'Spatial' 0.050766235965346636 0.40999673693839556
 3.542372881355932 47 8 7 3 2.26684233530026]
[2.1519128748193537 'Spatial' 0.050766235965346636 0.40999673693839556
 3.101694915254237 47 8 7 4 2.1519128748193537]
[2.314774537240971 'Spatial' 0.050766235965346636 0.40999673693839556
 3.559322033898305 47 8 7 5 2.314774537240971]
[1.5039284139613927 'Spatial' 0.050766235965346636 0.40999673693839556
 2.5254237288135593 47 8 7 6 1.5039284139613927]
[1.174383733722456 'Spatial' 0.050766235965346636 0.40999673693839556
 1.2372881355932202 47 8 7 7 1.174383733722456]
[0.34476574095414125 'Spatial' 0.050766235965346636 0.40999673693839556
 0.8983050847457626 47 8 7 8 0.34476574095414125]
[0.04300574796491304 'Spatial' 0.050766235965346636 0.40999673693839556
 0.7288135593220338 47 8 7 9 0.04300574796491304]
[0.0040776851260246605 'Spatial' 0.050766235965346636 0.40999673693839556
 0.6610169491525423 47 8 7 10 0.0040776851260246605]
[3.018317096232142 'Spatial' 0.050766235965346636 0.40999673693839556
 6.762711864406779 47 8 7 11 3.018317096232142]
[0.0008026806140289846 'Spatial' 0.050766235965346636 0.40999673693839556
 0.5084745762711864 47 8 7 12 0.0008026806140289846]
[1.4078831950521673 'Spatial' 0.050766235965346636 0.40999673693839556
 2.932203389830508 47 8 7 13 1.4078831950521673]
[0.0008896870944379191 'Spatial' 0.050766235965346636 0.40999673693839556
 0.559322033898305 47 8 7 14 0.0008896870944379191]
[0.0006540213046002425 'Spatial' 0.050766235965346636 0.40999673693839556
 0.559322033898305 47 8 7 15 0.0006540213046002425]
[3.031275559298666 'Spatial' 0.050766235965346636 0.40999673693839556
 6.830508474576271 47 8 7 16 3.031275559298666]
[0.000629801633309997 'Spatial' 0.050766235965346636 0.40999673693839556
 0.3389830508474576 47 8 7 17 0.000629801633309997]
[0.000629801633309997 'Spatial' 0.050766235965346636 0.40999673693839556
 0.1694915254237288 47 8 7 18 0.000629801633309997]
[2.8913679067337887 'Spatial' 0.050766235965346636 0.40999673693839556
 7.440677966101695 47 8 7 19 2.8913679067337887]
