[0.0 'Spatial' 0.03370210737006574 0.5364172317791037 0.0 77 5 0 0 0.0]
[4.087245322348002 'Spatial' 0.03370210737006574 0.5364172317791037
 0.559322033898305 77 5 0 1 4.087245322348002]
[2.8636244027270115 'Spatial' 0.03370210737006574 0.5364172317791037
 6.694915254237288 77 5 0 2 2.8636244027270115]
[2.8438238472749413 'Spatial' 0.03370210737006574 0.5364172317791037
 5.847457627118643 77 5 0 3 2.8438238472749413]
[2.5390767477292826 'Spatial' 0.03370210737006574 0.5364172317791037
 5.135593220338983 77 5 0 4 2.5390767477292826]
[2.3072524822402607 'Spatial' 0.03370210737006574 0.5364172317791037
 4.745762711864407 77 5 0 5 2.3072524822402607]
[3.048274580438958 'Spatial' 0.03370210737006574 0.5364172317791037
 5.406779661016949 77 5 0 6 3.048274580438958]
[1.8488000359414392 'Spatial' 0.03370210737006574 0.5364172317791037
 1.7457627118644066 77 5 0 7 1.8488000359414392]
[0.49123654593125704 'Spatial' 0.03370210737006574 0.5364172317791037
 1.271186440677966 77 5 0 8 0.49123654593125704]
[0.004028090304875536 'Spatial' 0.03370210737006574 0.5364172317791037
 0.38983050847457623 77 5 0 9 0.004028090304875536]
[0.0006298016333097749 'Spatial' 0.03370210737006574 0.5364172317791037
 0.1694915254237288 77 5 0 10 0.0006298016333097749]
[4.1588830833596715 'Spatial' 0.03370210737006574 0.5364172317791037
 7.118644067796609 77 5 0 11 4.1588830833596715]
[4.1588830833596715 'Spatial' 0.03370210737006574 0.5364172317791037
 6.101694915254237 77 5 0 12 4.1588830833596715]
[0.07656250841971236 'Spatial' 0.03370210737006574 0.5364172317791037
 2.254237288135593 77 5 0 13 0.07656250841971236]
[3.922147334913009 'Spatial' 0.03370210737006574 0.5364172317791037
 4.288135593220338 77 5 0 14 3.922147334913009]
[4.1588830833596715 'Spatial' 0.03370210737006574 0.5364172317791037
 5.423728813559322 77 5 0 15 4.1588830833596715]
[4.1588830833596715 'Spatial' 0.03370210737006574 0.5364172317791037
 5.084745762711863 77 5 0 16 4.1588830833596715]
[0.020051088852684106 'Spatial' 0.03370210737006574 0.5364172317791037
 1.3389830508474576 77 5 0 17 0.020051088852684106]
[0.0006298016333102192 'Spatial' 0.03370210737006574 0.5364172317791037
 0.5084745762711864 77 5 0 18 0.0006298016333102192]
[0.0006298016333102192 'Spatial' 0.03370210737006574 0.5364172317791037
 0.1694915254237288 77 5 0 19 0.0006298016333102192]
[0.0 'Spatial' 0.03370210737006574 0.5364172317791037 0.0 77 5 1 0 0.0]
[4.087245322348002 'Spatial' 0.03370210737006574 0.5364172317791037
 0.559322033898305 77 5 1 1 4.087245322348002]
[2.8636244027270115 'Spatial' 0.03370210737006574 0.5364172317791037
 6.694915254237288 77 5 1 2 2.8636244027270115]
[2.8438238472749413 'Spatial' 0.03370210737006574 0.5364172317791037
 5.847457627118643 77 5 1 3 2.8438238472749413]
[2.5390767477292826 'Spatial' 0.03370210737006574 0.5364172317791037
 5.135593220338983 77 5 1 4 2.5390767477292826]
[2.3072524822402607 'Spatial' 0.03370210737006574 0.5364172317791037
 4.745762711864407 77 5 1 5 2.3072524822402607]
[3.048274580438958 'Spatial' 0.03370210737006574 0.5364172317791037
 5.406779661016949 77 5 1 6 3.048274580438958]
[1.8488000359414392 'Spatial' 0.03370210737006574 0.5364172317791037
 1.7457627118644066 77 5 1 7 1.8488000359414392]
[0.49123654593125704 'Spatial' 0.03370210737006574 0.5364172317791037
 1.271186440677966 77 5 1 8 0.49123654593125704]
[0.004028090304875536 'Spatial' 0.03370210737006574 0.5364172317791037
 0.38983050847457623 77 5 1 9 0.004028090304875536]
[0.0006298016333097749 'Spatial' 0.03370210737006574 0.5364172317791037
 0.1694915254237288 77 5 1 10 0.0006298016333097749]
[4.1588830833596715 'Spatial' 0.03370210737006574 0.5364172317791037
 7.118644067796609 77 5 1 11 4.1588830833596715]
[4.1588830833596715 'Spatial' 0.03370210737006574 0.5364172317791037
 6.101694915254237 77 5 1 12 4.1588830833596715]
[0.07656250841971236 'Spatial' 0.03370210737006574 0.5364172317791037
 2.254237288135593 77 5 1 13 0.07656250841971236]
[3.922147334913009 'Spatial' 0.03370210737006574 0.5364172317791037
 4.288135593220338 77 5 1 14 3.922147334913009]
[4.1588830833596715 'Spatial' 0.03370210737006574 0.5364172317791037
 5.423728813559322 77 5 1 15 4.1588830833596715]
[4.1588830833596715 'Spatial' 0.03370210737006574 0.5364172317791037
 5.084745762711863 77 5 1 16 4.1588830833596715]
[0.020051088852684106 'Spatial' 0.03370210737006574 0.5364172317791037
 1.3389830508474576 77 5 1 17 0.020051088852684106]
[0.0006298016333102192 'Spatial' 0.03370210737006574 0.5364172317791037
 0.5084745762711864 77 5 1 18 0.0006298016333102192]
[0.0006298016333102192 'Spatial' 0.03370210737006574 0.5364172317791037
 0.1694915254237288 77 5 1 19 0.0006298016333102192]
[0.0 'Spatial' 0.03370210737006574 0.5364172317791037 0.0 77 5 2 0 0.0]
[4.087245322348002 'Spatial' 0.03370210737006574 0.5364172317791037
 0.559322033898305 77 5 2 1 4.087245322348002]
[2.8636244027270115 'Spatial' 0.03370210737006574 0.5364172317791037
 6.694915254237288 77 5 2 2 2.8636244027270115]
[2.8438238472749413 'Spatial' 0.03370210737006574 0.5364172317791037
 5.847457627118643 77 5 2 3 2.8438238472749413]
[2.5390767477292826 'Spatial' 0.03370210737006574 0.5364172317791037
 5.135593220338983 77 5 2 4 2.5390767477292826]
[2.3072524822402607 'Spatial' 0.03370210737006574 0.5364172317791037
 4.745762711864407 77 5 2 5 2.3072524822402607]
[3.048274580438958 'Spatial' 0.03370210737006574 0.5364172317791037
 5.406779661016949 77 5 2 6 3.048274580438958]
[1.8488000359414392 'Spatial' 0.03370210737006574 0.5364172317791037
 1.7457627118644066 77 5 2 7 1.8488000359414392]
[0.49123654593125704 'Spatial' 0.03370210737006574 0.5364172317791037
 1.271186440677966 77 5 2 8 0.49123654593125704]
[0.004028090304875536 'Spatial' 0.03370210737006574 0.5364172317791037
 0.38983050847457623 77 5 2 9 0.004028090304875536]
[0.0006298016333097749 'Spatial' 0.03370210737006574 0.5364172317791037
 0.1694915254237288 77 5 2 10 0.0006298016333097749]
[4.1588830833596715 'Spatial' 0.03370210737006574 0.5364172317791037
 7.118644067796609 77 5 2 11 4.1588830833596715]
[4.1588830833596715 'Spatial' 0.03370210737006574 0.5364172317791037
 6.101694915254237 77 5 2 12 4.1588830833596715]
[0.07656250841971236 'Spatial' 0.03370210737006574 0.5364172317791037
 2.254237288135593 77 5 2 13 0.07656250841971236]
[3.922147334913009 'Spatial' 0.03370210737006574 0.5364172317791037
 4.288135593220338 77 5 2 14 3.922147334913009]
[4.1588830833596715 'Spatial' 0.03370210737006574 0.5364172317791037
 5.423728813559322 77 5 2 15 4.1588830833596715]
[4.1588830833596715 'Spatial' 0.03370210737006574 0.5364172317791037
 5.084745762711863 77 5 2 16 4.1588830833596715]
[0.020051088852684106 'Spatial' 0.03370210737006574 0.5364172317791037
 1.3389830508474576 77 5 2 17 0.020051088852684106]
[0.0006298016333102192 'Spatial' 0.03370210737006574 0.5364172317791037
 0.5084745762711864 77 5 2 18 0.0006298016333102192]
[0.0006298016333102192 'Spatial' 0.03370210737006574 0.5364172317791037
 0.1694915254237288 77 5 2 19 0.0006298016333102192]
[0.0 'Spatial' 0.03370210737006574 0.5364172317791037 0.0 77 5 3 0 0.0]
[4.087245322348002 'Spatial' 0.03370210737006574 0.5364172317791037
 0.559322033898305 77 5 3 1 4.087245322348002]
[2.8636244027270115 'Spatial' 0.03370210737006574 0.5364172317791037
 6.694915254237288 77 5 3 2 2.8636244027270115]
[2.8438238472749413 'Spatial' 0.03370210737006574 0.5364172317791037
 5.847457627118643 77 5 3 3 2.8438238472749413]
[2.5390767477292826 'Spatial' 0.03370210737006574 0.5364172317791037
 5.135593220338983 77 5 3 4 2.5390767477292826]
[2.3072524822402607 'Spatial' 0.03370210737006574 0.5364172317791037
 4.745762711864407 77 5 3 5 2.3072524822402607]
[3.048274580438958 'Spatial' 0.03370210737006574 0.5364172317791037
 5.406779661016949 77 5 3 6 3.048274580438958]
[1.8488000359414392 'Spatial' 0.03370210737006574 0.5364172317791037
 1.7457627118644066 77 5 3 7 1.8488000359414392]
[0.49123654593125704 'Spatial' 0.03370210737006574 0.5364172317791037
 1.271186440677966 77 5 3 8 0.49123654593125704]
[0.004028090304875536 'Spatial' 0.03370210737006574 0.5364172317791037
 0.38983050847457623 77 5 3 9 0.004028090304875536]
[0.0006298016333097749 'Spatial' 0.03370210737006574 0.5364172317791037
 0.1694915254237288 77 5 3 10 0.0006298016333097749]
[4.1588830833596715 'Spatial' 0.03370210737006574 0.5364172317791037
 7.118644067796609 77 5 3 11 4.1588830833596715]
[4.1588830833596715 'Spatial' 0.03370210737006574 0.5364172317791037
 6.101694915254237 77 5 3 12 4.1588830833596715]
[0.07656250841971236 'Spatial' 0.03370210737006574 0.5364172317791037
 2.254237288135593 77 5 3 13 0.07656250841971236]
[3.922147334913009 'Spatial' 0.03370210737006574 0.5364172317791037
 4.288135593220338 77 5 3 14 3.922147334913009]
[4.1588830833596715 'Spatial' 0.03370210737006574 0.5364172317791037
 5.423728813559322 77 5 3 15 4.1588830833596715]
[4.1588830833596715 'Spatial' 0.03370210737006574 0.5364172317791037
 5.084745762711863 77 5 3 16 4.1588830833596715]
[0.020051088852684106 'Spatial' 0.03370210737006574 0.5364172317791037
 1.3389830508474576 77 5 3 17 0.020051088852684106]
[0.0006298016333102192 'Spatial' 0.03370210737006574 0.5364172317791037
 0.5084745762711864 77 5 3 18 0.0006298016333102192]
[0.0006298016333102192 'Spatial' 0.03370210737006574 0.5364172317791037
 0.1694915254237288 77 5 3 19 0.0006298016333102192]
[0.0 'Spatial' 0.03370210737006574 0.5364172317791037 0.0 77 5 4 0 0.0]
[4.087245322348002 'Spatial' 0.03370210737006574 0.5364172317791037
 0.559322033898305 77 5 4 1 4.087245322348002]
[2.8636244027270115 'Spatial' 0.03370210737006574 0.5364172317791037
 6.694915254237288 77 5 4 2 2.8636244027270115]
[2.8438238472749413 'Spatial' 0.03370210737006574 0.5364172317791037
 5.847457627118643 77 5 4 3 2.8438238472749413]
[2.5390767477292826 'Spatial' 0.03370210737006574 0.5364172317791037
 5.135593220338983 77 5 4 4 2.5390767477292826]
[2.3072524822402607 'Spatial' 0.03370210737006574 0.5364172317791037
 4.745762711864407 77 5 4 5 2.3072524822402607]
[3.048274580438958 'Spatial' 0.03370210737006574 0.5364172317791037
 5.406779661016949 77 5 4 6 3.048274580438958]
[1.8488000359414392 'Spatial' 0.03370210737006574 0.5364172317791037
 1.7457627118644066 77 5 4 7 1.8488000359414392]
[0.49123654593125704 'Spatial' 0.03370210737006574 0.5364172317791037
 1.271186440677966 77 5 4 8 0.49123654593125704]
[0.004028090304875536 'Spatial' 0.03370210737006574 0.5364172317791037
 0.38983050847457623 77 5 4 9 0.004028090304875536]
[0.0006298016333097749 'Spatial' 0.03370210737006574 0.5364172317791037
 0.1694915254237288 77 5 4 10 0.0006298016333097749]
[4.1588830833596715 'Spatial' 0.03370210737006574 0.5364172317791037
 7.118644067796609 77 5 4 11 4.1588830833596715]
[4.1588830833596715 'Spatial' 0.03370210737006574 0.5364172317791037
 6.101694915254237 77 5 4 12 4.1588830833596715]
[0.07656250841971236 'Spatial' 0.03370210737006574 0.5364172317791037
 2.254237288135593 77 5 4 13 0.07656250841971236]
[3.922147334913009 'Spatial' 0.03370210737006574 0.5364172317791037
 4.288135593220338 77 5 4 14 3.922147334913009]
[4.1588830833596715 'Spatial' 0.03370210737006574 0.5364172317791037
 5.423728813559322 77 5 4 15 4.1588830833596715]
[4.1588830833596715 'Spatial' 0.03370210737006574 0.5364172317791037
 5.084745762711863 77 5 4 16 4.1588830833596715]
[0.020051088852684106 'Spatial' 0.03370210737006574 0.5364172317791037
 1.3389830508474576 77 5 4 17 0.020051088852684106]
[0.0006298016333102192 'Spatial' 0.03370210737006574 0.5364172317791037
 0.5084745762711864 77 5 4 18 0.0006298016333102192]
[0.0006298016333102192 'Spatial' 0.03370210737006574 0.5364172317791037
 0.1694915254237288 77 5 4 19 0.0006298016333102192]
[0.0 'Spatial' 0.03370210737006574 0.5364172317791037 0.0 77 5 6 0 0.0]
[4.087245322348002 'Spatial' 0.03370210737006574 0.5364172317791037
 0.559322033898305 77 5 6 1 4.087245322348002]
[2.8636244027270115 'Spatial' 0.03370210737006574 0.5364172317791037
 6.694915254237288 77 5 6 2 2.8636244027270115]
[2.8438238472749413 'Spatial' 0.03370210737006574 0.5364172317791037
 5.847457627118643 77 5 6 3 2.8438238472749413]
[2.5390767477292826 'Spatial' 0.03370210737006574 0.5364172317791037
 5.135593220338983 77 5 6 4 2.5390767477292826]
[2.3072524822402607 'Spatial' 0.03370210737006574 0.5364172317791037
 4.745762711864407 77 5 6 5 2.3072524822402607]
[3.048274580438958 'Spatial' 0.03370210737006574 0.5364172317791037
 5.406779661016949 77 5 6 6 3.048274580438958]
[1.8488000359414392 'Spatial' 0.03370210737006574 0.5364172317791037
 1.7457627118644066 77 5 6 7 1.8488000359414392]
[0.49123654593125704 'Spatial' 0.03370210737006574 0.5364172317791037
 1.271186440677966 77 5 6 8 0.49123654593125704]
[0.004028090304875536 'Spatial' 0.03370210737006574 0.5364172317791037
 0.38983050847457623 77 5 6 9 0.004028090304875536]
[0.0006298016333097749 'Spatial' 0.03370210737006574 0.5364172317791037
 0.1694915254237288 77 5 6 10 0.0006298016333097749]
[4.1588830833596715 'Spatial' 0.03370210737006574 0.5364172317791037
 7.118644067796609 77 5 6 11 4.1588830833596715]
[4.1588830833596715 'Spatial' 0.03370210737006574 0.5364172317791037
 6.101694915254237 77 5 6 12 4.1588830833596715]
[0.07656250841971236 'Spatial' 0.03370210737006574 0.5364172317791037
 2.254237288135593 77 5 6 13 0.07656250841971236]
[3.922147334913009 'Spatial' 0.03370210737006574 0.5364172317791037
 4.288135593220338 77 5 6 14 3.922147334913009]
[4.1588830833596715 'Spatial' 0.03370210737006574 0.5364172317791037
 5.423728813559322 77 5 6 15 4.1588830833596715]
[4.1588830833596715 'Spatial' 0.03370210737006574 0.5364172317791037
 5.084745762711863 77 5 6 16 4.1588830833596715]
[0.020051088852684106 'Spatial' 0.03370210737006574 0.5364172317791037
 1.3389830508474576 77 5 6 17 0.020051088852684106]
[0.0006298016333102192 'Spatial' 0.03370210737006574 0.5364172317791037
 0.5084745762711864 77 5 6 18 0.0006298016333102192]
[0.0006298016333102192 'Spatial' 0.03370210737006574 0.5364172317791037
 0.1694915254237288 77 5 6 19 0.0006298016333102192]
[0.0 'Spatial' 0.03370210737006574 0.5364172317791037 0.0 77 5 7 0 0.0]
[4.087245322348002 'Spatial' 0.03370210737006574 0.5364172317791037
 0.559322033898305 77 5 7 1 4.087245322348002]
[2.8636244027270115 'Spatial' 0.03370210737006574 0.5364172317791037
 6.694915254237288 77 5 7 2 2.8636244027270115]
[2.8438238472749413 'Spatial' 0.03370210737006574 0.5364172317791037
 5.847457627118643 77 5 7 3 2.8438238472749413]
[2.5390767477292826 'Spatial' 0.03370210737006574 0.5364172317791037
 5.135593220338983 77 5 7 4 2.5390767477292826]
[2.3072524822402607 'Spatial' 0.03370210737006574 0.5364172317791037
 4.745762711864407 77 5 7 5 2.3072524822402607]
[3.048274580438958 'Spatial' 0.03370210737006574 0.5364172317791037
 5.406779661016949 77 5 7 6 3.048274580438958]
[1.8488000359414392 'Spatial' 0.03370210737006574 0.5364172317791037
 1.7457627118644066 77 5 7 7 1.8488000359414392]
[0.49123654593125704 'Spatial' 0.03370210737006574 0.5364172317791037
 1.271186440677966 77 5 7 8 0.49123654593125704]
[0.004028090304875536 'Spatial' 0.03370210737006574 0.5364172317791037
 0.38983050847457623 77 5 7 9 0.004028090304875536]
[0.0006298016333097749 'Spatial' 0.03370210737006574 0.5364172317791037
 0.1694915254237288 77 5 7 10 0.0006298016333097749]
[4.1588830833596715 'Spatial' 0.03370210737006574 0.5364172317791037
 7.118644067796609 77 5 7 11 4.1588830833596715]
[4.1588830833596715 'Spatial' 0.03370210737006574 0.5364172317791037
 6.101694915254237 77 5 7 12 4.1588830833596715]
[0.07656250841971236 'Spatial' 0.03370210737006574 0.5364172317791037
 2.254237288135593 77 5 7 13 0.07656250841971236]
[3.922147334913009 'Spatial' 0.03370210737006574 0.5364172317791037
 4.288135593220338 77 5 7 14 3.922147334913009]
[4.1588830833596715 'Spatial' 0.03370210737006574 0.5364172317791037
 5.423728813559322 77 5 7 15 4.1588830833596715]
[4.1588830833596715 'Spatial' 0.03370210737006574 0.5364172317791037
 5.084745762711863 77 5 7 16 4.1588830833596715]
[0.020051088852684106 'Spatial' 0.03370210737006574 0.5364172317791037
 1.3389830508474576 77 5 7 17 0.020051088852684106]
[0.0006298016333102192 'Spatial' 0.03370210737006574 0.5364172317791037
 0.5084745762711864 77 5 7 18 0.0006298016333102192]
[0.0006298016333102192 'Spatial' 0.03370210737006574 0.5364172317791037
 0.1694915254237288 77 5 7 19 0.0006298016333102192]
[0.0 'Spatial' 0.03370210737006574 0.5364172317791037 0.0 77 5 8 0 0.0]
[4.087245322348002 'Spatial' 0.03370210737006574 0.5364172317791037
 0.559322033898305 77 5 8 1 4.087245322348002]
[2.8636244027270115 'Spatial' 0.03370210737006574 0.5364172317791037
 6.694915254237288 77 5 8 2 2.8636244027270115]
[2.8438238472749413 'Spatial' 0.03370210737006574 0.5364172317791037
 5.847457627118643 77 5 8 3 2.8438238472749413]
[2.5390767477292826 'Spatial' 0.03370210737006574 0.5364172317791037
 5.135593220338983 77 5 8 4 2.5390767477292826]
[2.3072524822402607 'Spatial' 0.03370210737006574 0.5364172317791037
 4.745762711864407 77 5 8 5 2.3072524822402607]
[3.048274580438958 'Spatial' 0.03370210737006574 0.5364172317791037
 5.406779661016949 77 5 8 6 3.048274580438958]
[1.8488000359414392 'Spatial' 0.03370210737006574 0.5364172317791037
 1.7457627118644066 77 5 8 7 1.8488000359414392]
[0.49123654593125704 'Spatial' 0.03370210737006574 0.5364172317791037
 1.271186440677966 77 5 8 8 0.49123654593125704]
[0.004028090304875536 'Spatial' 0.03370210737006574 0.5364172317791037
 0.38983050847457623 77 5 8 9 0.004028090304875536]
[0.0006298016333097749 'Spatial' 0.03370210737006574 0.5364172317791037
 0.1694915254237288 77 5 8 10 0.0006298016333097749]
[4.1588830833596715 'Spatial' 0.03370210737006574 0.5364172317791037
 7.118644067796609 77 5 8 11 4.1588830833596715]
[4.1588830833596715 'Spatial' 0.03370210737006574 0.5364172317791037
 6.101694915254237 77 5 8 12 4.1588830833596715]
[0.07656250841971236 'Spatial' 0.03370210737006574 0.5364172317791037
 2.254237288135593 77 5 8 13 0.07656250841971236]
[3.922147334913009 'Spatial' 0.03370210737006574 0.5364172317791037
 4.288135593220338 77 5 8 14 3.922147334913009]
[4.1588830833596715 'Spatial' 0.03370210737006574 0.5364172317791037
 5.423728813559322 77 5 8 15 4.1588830833596715]
[4.1588830833596715 'Spatial' 0.03370210737006574 0.5364172317791037
 5.084745762711863 77 5 8 16 4.1588830833596715]
[0.020051088852684106 'Spatial' 0.03370210737006574 0.5364172317791037
 1.3389830508474576 77 5 8 17 0.020051088852684106]
[0.0006298016333102192 'Spatial' 0.03370210737006574 0.5364172317791037
 0.5084745762711864 77 5 8 18 0.0006298016333102192]
[0.0006298016333102192 'Spatial' 0.03370210737006574 0.5364172317791037
 0.1694915254237288 77 5 8 19 0.0006298016333102192]
