[0.0 'Conceptual' 0.31881280628310044 77.53786096841945 0.0 19 6 0 0 0.0]
[11.51389694249791 'Conceptual' 0.31881280628310044 77.53786096841945
 8.694915254237289 19 6 0 1 11.51389694249791]
[4.04913913373098 'Conceptual' 0.31881280628310044 77.53786096841945
 0.9999999999999999 19 6 0 2 4.04913913373098]
[3.479195182622362 'Conceptual' 0.31881280628310044 77.53786096841945
 8.389830508474574 19 6 0 3 3.479195182622362]
[2.3132766775071065 'Conceptual' 0.31881280628310044 77.53786096841945
 3.2033898305084745 19 6 0 4 2.3132766775071065]
[3.9061137837608526 'Conceptual' 0.31881280628310044 77.53786096841945
 0.7288135593220338 19 6 0 5 3.9061137837608526]
[3.2958877140765783 'Conceptual' 0.31881280628310044 77.53786096841945
 3.644067796610169 19 6 0 6 3.2958877140765783]
[3.0923600115464818 'Conceptual' 0.31881280628310044 77.53786096841945
 2.796610169491525 19 6 0 7 3.0923600115464818]
[0.0006341893530614787 'Conceptual' 0.31881280628310044 77.53786096841945
 1.1694915254237288 19 6 0 8 0.0006341893530614787]
[3.871204344235669 'Conceptual' 0.31881280628310044 77.53786096841945
 3.8983050847457625 19 6 0 9 3.871204344235669]
[0.6934571325198734 'Conceptual' 0.31881280628310044 77.53786096841945
 1.3728813559322033 19 6 0 10 0.6934571325198734]
[2.0797688156952234 'Conceptual' 0.31881280628310044 77.53786096841945
 1.5084745762711864 19 6 0 11 2.0797688156952234]
[2.180700580485417 'Conceptual' 0.31881280628310044 77.53786096841945
 1.3728813559322033 19 6 0 12 2.180700580485417]
[1.6095559054726483 'Conceptual' 0.31881280628310044 77.53786096841945
 1.1016949152542372 19 6 0 13 1.6095559054726483]
[1.3864443498710157 'Conceptual' 0.31881280628310044 77.53786096841945
 1.0169491525423728 19 6 0 14 1.3864443498710157]
[3.4340774628206736 'Conceptual' 0.31881280628310044 77.53786096841945
 2.1864406779661016 19 6 0 15 3.4340774628206736]
[3.4965169553617512 'Conceptual' 0.31881280628310044 77.53786096841945
 2.11864406779661 19 6 0 16 3.4965169553617512]
[3.8921916077965983 'Conceptual' 0.31881280628310044 77.53786096841945
 2.542372881355932 19 6 0 17 3.8921916077965983]
[3.893737518960166 'Conceptual' 0.31881280628310044 77.53786096841945
 2.4576271186440675 19 6 0 18 3.893737518960166]
[2.890424852105386 'Conceptual' 0.31881280628310044 77.53786096841945
 1.3728813559322033 19 6 0 19 2.890424852105386]
[0.0 'Conceptual' 0.31881280628310044 77.53786096841945 0.0 19 6 1 0 0.0]
[11.51389694249791 'Conceptual' 0.31881280628310044 77.53786096841945
 8.694915254237289 19 6 1 1 11.51389694249791]
[4.04913913373098 'Conceptual' 0.31881280628310044 77.53786096841945
 0.9999999999999999 19 6 1 2 4.04913913373098]
[3.479195182622362 'Conceptual' 0.31881280628310044 77.53786096841945
 8.389830508474574 19 6 1 3 3.479195182622362]
[2.3132766775071065 'Conceptual' 0.31881280628310044 77.53786096841945
 3.2033898305084745 19 6 1 4 2.3132766775071065]
[3.9061137837608526 'Conceptual' 0.31881280628310044 77.53786096841945
 0.7288135593220338 19 6 1 5 3.9061137837608526]
[3.2958877140765783 'Conceptual' 0.31881280628310044 77.53786096841945
 3.644067796610169 19 6 1 6 3.2958877140765783]
[3.0923600115464818 'Conceptual' 0.31881280628310044 77.53786096841945
 2.796610169491525 19 6 1 7 3.0923600115464818]
[0.0006341893530614787 'Conceptual' 0.31881280628310044 77.53786096841945
 1.1694915254237288 19 6 1 8 0.0006341893530614787]
[3.871204344235669 'Conceptual' 0.31881280628310044 77.53786096841945
 3.8983050847457625 19 6 1 9 3.871204344235669]
[0.6934571325198734 'Conceptual' 0.31881280628310044 77.53786096841945
 1.3728813559322033 19 6 1 10 0.6934571325198734]
[2.0797688156952234 'Conceptual' 0.31881280628310044 77.53786096841945
 1.5084745762711864 19 6 1 11 2.0797688156952234]
[2.180700580485417 'Conceptual' 0.31881280628310044 77.53786096841945
 1.3728813559322033 19 6 1 12 2.180700580485417]
[1.6095559054726483 'Conceptual' 0.31881280628310044 77.53786096841945
 1.1016949152542372 19 6 1 13 1.6095559054726483]
[1.3864443498710157 'Conceptual' 0.31881280628310044 77.53786096841945
 1.0169491525423728 19 6 1 14 1.3864443498710157]
[3.4340774628206736 'Conceptual' 0.31881280628310044 77.53786096841945
 2.1864406779661016 19 6 1 15 3.4340774628206736]
[3.4965169553617512 'Conceptual' 0.31881280628310044 77.53786096841945
 2.11864406779661 19 6 1 16 3.4965169553617512]
[3.8921916077965983 'Conceptual' 0.31881280628310044 77.53786096841945
 2.542372881355932 19 6 1 17 3.8921916077965983]
[3.893737518960166 'Conceptual' 0.31881280628310044 77.53786096841945
 2.4576271186440675 19 6 1 18 3.893737518960166]
[2.890424852105386 'Conceptual' 0.31881280628310044 77.53786096841945
 1.3728813559322033 19 6 1 19 2.890424852105386]
[0.0 'Conceptual' 0.31881280628310044 77.53786096841945 0.0 19 6 2 0 0.0]
[11.51389694249791 'Conceptual' 0.31881280628310044 77.53786096841945
 8.694915254237289 19 6 2 1 11.51389694249791]
[4.04913913373098 'Conceptual' 0.31881280628310044 77.53786096841945
 0.9999999999999999 19 6 2 2 4.04913913373098]
[3.479195182622362 'Conceptual' 0.31881280628310044 77.53786096841945
 8.389830508474574 19 6 2 3 3.479195182622362]
[2.3132766775071065 'Conceptual' 0.31881280628310044 77.53786096841945
 3.2033898305084745 19 6 2 4 2.3132766775071065]
[3.9061137837608526 'Conceptual' 0.31881280628310044 77.53786096841945
 0.7288135593220338 19 6 2 5 3.9061137837608526]
[3.2958877140765783 'Conceptual' 0.31881280628310044 77.53786096841945
 3.644067796610169 19 6 2 6 3.2958877140765783]
[3.0923600115464818 'Conceptual' 0.31881280628310044 77.53786096841945
 2.796610169491525 19 6 2 7 3.0923600115464818]
[0.0006341893530614787 'Conceptual' 0.31881280628310044 77.53786096841945
 1.1694915254237288 19 6 2 8 0.0006341893530614787]
[3.871204344235669 'Conceptual' 0.31881280628310044 77.53786096841945
 3.8983050847457625 19 6 2 9 3.871204344235669]
[0.6934571325198734 'Conceptual' 0.31881280628310044 77.53786096841945
 1.3728813559322033 19 6 2 10 0.6934571325198734]
[2.0797688156952234 'Conceptual' 0.31881280628310044 77.53786096841945
 1.5084745762711864 19 6 2 11 2.0797688156952234]
[2.180700580485417 'Conceptual' 0.31881280628310044 77.53786096841945
 1.3728813559322033 19 6 2 12 2.180700580485417]
[1.6095559054726483 'Conceptual' 0.31881280628310044 77.53786096841945
 1.1016949152542372 19 6 2 13 1.6095559054726483]
[1.3864443498710157 'Conceptual' 0.31881280628310044 77.53786096841945
 1.0169491525423728 19 6 2 14 1.3864443498710157]
[3.4340774628206736 'Conceptual' 0.31881280628310044 77.53786096841945
 2.1864406779661016 19 6 2 15 3.4340774628206736]
[3.4965169553617512 'Conceptual' 0.31881280628310044 77.53786096841945
 2.11864406779661 19 6 2 16 3.4965169553617512]
[3.8921916077965983 'Conceptual' 0.31881280628310044 77.53786096841945
 2.542372881355932 19 6 2 17 3.8921916077965983]
[3.893737518960166 'Conceptual' 0.31881280628310044 77.53786096841945
 2.4576271186440675 19 6 2 18 3.893737518960166]
[2.890424852105386 'Conceptual' 0.31881280628310044 77.53786096841945
 1.3728813559322033 19 6 2 19 2.890424852105386]
[0.0 'Conceptual' 0.31881280628310044 77.53786096841945 0.0 19 6 3 0 0.0]
[11.51389694249791 'Conceptual' 0.31881280628310044 77.53786096841945
 8.694915254237289 19 6 3 1 11.51389694249791]
[4.04913913373098 'Conceptual' 0.31881280628310044 77.53786096841945
 0.9999999999999999 19 6 3 2 4.04913913373098]
[3.479195182622362 'Conceptual' 0.31881280628310044 77.53786096841945
 8.389830508474574 19 6 3 3 3.479195182622362]
[2.3132766775071065 'Conceptual' 0.31881280628310044 77.53786096841945
 3.2033898305084745 19 6 3 4 2.3132766775071065]
[3.9061137837608526 'Conceptual' 0.31881280628310044 77.53786096841945
 0.7288135593220338 19 6 3 5 3.9061137837608526]
[3.2958877140765783 'Conceptual' 0.31881280628310044 77.53786096841945
 3.644067796610169 19 6 3 6 3.2958877140765783]
[3.0923600115464818 'Conceptual' 0.31881280628310044 77.53786096841945
 2.796610169491525 19 6 3 7 3.0923600115464818]
[0.0006341893530614787 'Conceptual' 0.31881280628310044 77.53786096841945
 1.1694915254237288 19 6 3 8 0.0006341893530614787]
[3.871204344235669 'Conceptual' 0.31881280628310044 77.53786096841945
 3.8983050847457625 19 6 3 9 3.871204344235669]
[0.6934571325198734 'Conceptual' 0.31881280628310044 77.53786096841945
 1.3728813559322033 19 6 3 10 0.6934571325198734]
[2.0797688156952234 'Conceptual' 0.31881280628310044 77.53786096841945
 1.5084745762711864 19 6 3 11 2.0797688156952234]
[2.180700580485417 'Conceptual' 0.31881280628310044 77.53786096841945
 1.3728813559322033 19 6 3 12 2.180700580485417]
[1.6095559054726483 'Conceptual' 0.31881280628310044 77.53786096841945
 1.1016949152542372 19 6 3 13 1.6095559054726483]
[1.3864443498710157 'Conceptual' 0.31881280628310044 77.53786096841945
 1.0169491525423728 19 6 3 14 1.3864443498710157]
[3.4340774628206736 'Conceptual' 0.31881280628310044 77.53786096841945
 2.1864406779661016 19 6 3 15 3.4340774628206736]
[3.4965169553617512 'Conceptual' 0.31881280628310044 77.53786096841945
 2.11864406779661 19 6 3 16 3.4965169553617512]
[3.8921916077965983 'Conceptual' 0.31881280628310044 77.53786096841945
 2.542372881355932 19 6 3 17 3.8921916077965983]
[3.893737518960166 'Conceptual' 0.31881280628310044 77.53786096841945
 2.4576271186440675 19 6 3 18 3.893737518960166]
[2.890424852105386 'Conceptual' 0.31881280628310044 77.53786096841945
 1.3728813559322033 19 6 3 19 2.890424852105386]
[0.0 'Conceptual' 0.31881280628310044 77.53786096841945 0.0 19 6 4 0 0.0]
[11.51389694249791 'Conceptual' 0.31881280628310044 77.53786096841945
 8.694915254237289 19 6 4 1 11.51389694249791]
[4.04913913373098 'Conceptual' 0.31881280628310044 77.53786096841945
 0.9999999999999999 19 6 4 2 4.04913913373098]
[3.479195182622362 'Conceptual' 0.31881280628310044 77.53786096841945
 8.389830508474574 19 6 4 3 3.479195182622362]
[2.3132766775071065 'Conceptual' 0.31881280628310044 77.53786096841945
 3.2033898305084745 19 6 4 4 2.3132766775071065]
[3.9061137837608526 'Conceptual' 0.31881280628310044 77.53786096841945
 0.7288135593220338 19 6 4 5 3.9061137837608526]
[3.2958877140765783 'Conceptual' 0.31881280628310044 77.53786096841945
 3.644067796610169 19 6 4 6 3.2958877140765783]
[3.0923600115464818 'Conceptual' 0.31881280628310044 77.53786096841945
 2.796610169491525 19 6 4 7 3.0923600115464818]
[0.0006341893530614787 'Conceptual' 0.31881280628310044 77.53786096841945
 1.1694915254237288 19 6 4 8 0.0006341893530614787]
[3.871204344235669 'Conceptual' 0.31881280628310044 77.53786096841945
 3.8983050847457625 19 6 4 9 3.871204344235669]
[0.6934571325198734 'Conceptual' 0.31881280628310044 77.53786096841945
 1.3728813559322033 19 6 4 10 0.6934571325198734]
[2.0797688156952234 'Conceptual' 0.31881280628310044 77.53786096841945
 1.5084745762711864 19 6 4 11 2.0797688156952234]
[2.180700580485417 'Conceptual' 0.31881280628310044 77.53786096841945
 1.3728813559322033 19 6 4 12 2.180700580485417]
[1.6095559054726483 'Conceptual' 0.31881280628310044 77.53786096841945
 1.1016949152542372 19 6 4 13 1.6095559054726483]
[1.3864443498710157 'Conceptual' 0.31881280628310044 77.53786096841945
 1.0169491525423728 19 6 4 14 1.3864443498710157]
[3.4340774628206736 'Conceptual' 0.31881280628310044 77.53786096841945
 2.1864406779661016 19 6 4 15 3.4340774628206736]
[3.4965169553617512 'Conceptual' 0.31881280628310044 77.53786096841945
 2.11864406779661 19 6 4 16 3.4965169553617512]
[3.8921916077965983 'Conceptual' 0.31881280628310044 77.53786096841945
 2.542372881355932 19 6 4 17 3.8921916077965983]
[3.893737518960166 'Conceptual' 0.31881280628310044 77.53786096841945
 2.4576271186440675 19 6 4 18 3.893737518960166]
[2.890424852105386 'Conceptual' 0.31881280628310044 77.53786096841945
 1.3728813559322033 19 6 4 19 2.890424852105386]
[0.0 'Conceptual' 0.31881280628310044 77.53786096841945 0.0 19 6 5 0 0.0]
[11.51389694249791 'Conceptual' 0.31881280628310044 77.53786096841945
 8.694915254237289 19 6 5 1 11.51389694249791]
[4.04913913373098 'Conceptual' 0.31881280628310044 77.53786096841945
 0.9999999999999999 19 6 5 2 4.04913913373098]
[3.479195182622362 'Conceptual' 0.31881280628310044 77.53786096841945
 8.389830508474574 19 6 5 3 3.479195182622362]
[2.3132766775071065 'Conceptual' 0.31881280628310044 77.53786096841945
 3.2033898305084745 19 6 5 4 2.3132766775071065]
[3.9061137837608526 'Conceptual' 0.31881280628310044 77.53786096841945
 0.7288135593220338 19 6 5 5 3.9061137837608526]
[3.2958877140765783 'Conceptual' 0.31881280628310044 77.53786096841945
 3.644067796610169 19 6 5 6 3.2958877140765783]
[3.0923600115464818 'Conceptual' 0.31881280628310044 77.53786096841945
 2.796610169491525 19 6 5 7 3.0923600115464818]
[0.0006341893530614787 'Conceptual' 0.31881280628310044 77.53786096841945
 1.1694915254237288 19 6 5 8 0.0006341893530614787]
[3.871204344235669 'Conceptual' 0.31881280628310044 77.53786096841945
 3.8983050847457625 19 6 5 9 3.871204344235669]
[0.6934571325198734 'Conceptual' 0.31881280628310044 77.53786096841945
 1.3728813559322033 19 6 5 10 0.6934571325198734]
[2.0797688156952234 'Conceptual' 0.31881280628310044 77.53786096841945
 1.5084745762711864 19 6 5 11 2.0797688156952234]
[2.180700580485417 'Conceptual' 0.31881280628310044 77.53786096841945
 1.3728813559322033 19 6 5 12 2.180700580485417]
[1.6095559054726483 'Conceptual' 0.31881280628310044 77.53786096841945
 1.1016949152542372 19 6 5 13 1.6095559054726483]
[1.3864443498710157 'Conceptual' 0.31881280628310044 77.53786096841945
 1.0169491525423728 19 6 5 14 1.3864443498710157]
[3.4340774628206736 'Conceptual' 0.31881280628310044 77.53786096841945
 2.1864406779661016 19 6 5 15 3.4340774628206736]
[3.4965169553617512 'Conceptual' 0.31881280628310044 77.53786096841945
 2.11864406779661 19 6 5 16 3.4965169553617512]
[3.8921916077965983 'Conceptual' 0.31881280628310044 77.53786096841945
 2.542372881355932 19 6 5 17 3.8921916077965983]
[3.893737518960166 'Conceptual' 0.31881280628310044 77.53786096841945
 2.4576271186440675 19 6 5 18 3.893737518960166]
[2.890424852105386 'Conceptual' 0.31881280628310044 77.53786096841945
 1.3728813559322033 19 6 5 19 2.890424852105386]
[0.0 'Conceptual' 0.31881280628310044 77.53786096841945 0.0 19 6 7 0 0.0]
[11.51389694249791 'Conceptual' 0.31881280628310044 77.53786096841945
 8.694915254237289 19 6 7 1 11.51389694249791]
[4.04913913373098 'Conceptual' 0.31881280628310044 77.53786096841945
 0.9999999999999999 19 6 7 2 4.04913913373098]
[3.479195182622362 'Conceptual' 0.31881280628310044 77.53786096841945
 8.389830508474574 19 6 7 3 3.479195182622362]
[2.3132766775071065 'Conceptual' 0.31881280628310044 77.53786096841945
 3.2033898305084745 19 6 7 4 2.3132766775071065]
[3.9061137837608526 'Conceptual' 0.31881280628310044 77.53786096841945
 0.7288135593220338 19 6 7 5 3.9061137837608526]
[3.2958877140765783 'Conceptual' 0.31881280628310044 77.53786096841945
 3.644067796610169 19 6 7 6 3.2958877140765783]
[3.0923600115464818 'Conceptual' 0.31881280628310044 77.53786096841945
 2.796610169491525 19 6 7 7 3.0923600115464818]
[0.0006341893530614787 'Conceptual' 0.31881280628310044 77.53786096841945
 1.1694915254237288 19 6 7 8 0.0006341893530614787]
[3.871204344235669 'Conceptual' 0.31881280628310044 77.53786096841945
 3.8983050847457625 19 6 7 9 3.871204344235669]
[0.6934571325198734 'Conceptual' 0.31881280628310044 77.53786096841945
 1.3728813559322033 19 6 7 10 0.6934571325198734]
[2.0797688156952234 'Conceptual' 0.31881280628310044 77.53786096841945
 1.5084745762711864 19 6 7 11 2.0797688156952234]
[2.180700580485417 'Conceptual' 0.31881280628310044 77.53786096841945
 1.3728813559322033 19 6 7 12 2.180700580485417]
[1.6095559054726483 'Conceptual' 0.31881280628310044 77.53786096841945
 1.1016949152542372 19 6 7 13 1.6095559054726483]
[1.3864443498710157 'Conceptual' 0.31881280628310044 77.53786096841945
 1.0169491525423728 19 6 7 14 1.3864443498710157]
[3.4340774628206736 'Conceptual' 0.31881280628310044 77.53786096841945
 2.1864406779661016 19 6 7 15 3.4340774628206736]
[3.4965169553617512 'Conceptual' 0.31881280628310044 77.53786096841945
 2.11864406779661 19 6 7 16 3.4965169553617512]
[3.8921916077965983 'Conceptual' 0.31881280628310044 77.53786096841945
 2.542372881355932 19 6 7 17 3.8921916077965983]
[3.893737518960166 'Conceptual' 0.31881280628310044 77.53786096841945
 2.4576271186440675 19 6 7 18 3.893737518960166]
[2.890424852105386 'Conceptual' 0.31881280628310044 77.53786096841945
 1.3728813559322033 19 6 7 19 2.890424852105386]
[0.0 'Conceptual' 0.31881280628310044 77.53786096841945 0.0 19 6 8 0 0.0]
[11.51389694249791 'Conceptual' 0.31881280628310044 77.53786096841945
 8.694915254237289 19 6 8 1 11.51389694249791]
[4.04913913373098 'Conceptual' 0.31881280628310044 77.53786096841945
 0.9999999999999999 19 6 8 2 4.04913913373098]
[3.479195182622362 'Conceptual' 0.31881280628310044 77.53786096841945
 8.389830508474574 19 6 8 3 3.479195182622362]
[2.3132766775071065 'Conceptual' 0.31881280628310044 77.53786096841945
 3.2033898305084745 19 6 8 4 2.3132766775071065]
[3.9061137837608526 'Conceptual' 0.31881280628310044 77.53786096841945
 0.7288135593220338 19 6 8 5 3.9061137837608526]
[3.2958877140765783 'Conceptual' 0.31881280628310044 77.53786096841945
 3.644067796610169 19 6 8 6 3.2958877140765783]
[3.0923600115464818 'Conceptual' 0.31881280628310044 77.53786096841945
 2.796610169491525 19 6 8 7 3.0923600115464818]
[0.0006341893530614787 'Conceptual' 0.31881280628310044 77.53786096841945
 1.1694915254237288 19 6 8 8 0.0006341893530614787]
[3.871204344235669 'Conceptual' 0.31881280628310044 77.53786096841945
 3.8983050847457625 19 6 8 9 3.871204344235669]
[0.6934571325198734 'Conceptual' 0.31881280628310044 77.53786096841945
 1.3728813559322033 19 6 8 10 0.6934571325198734]
[2.0797688156952234 'Conceptual' 0.31881280628310044 77.53786096841945
 1.5084745762711864 19 6 8 11 2.0797688156952234]
[2.180700580485417 'Conceptual' 0.31881280628310044 77.53786096841945
 1.3728813559322033 19 6 8 12 2.180700580485417]
[1.6095559054726483 'Conceptual' 0.31881280628310044 77.53786096841945
 1.1016949152542372 19 6 8 13 1.6095559054726483]
[1.3864443498710157 'Conceptual' 0.31881280628310044 77.53786096841945
 1.0169491525423728 19 6 8 14 1.3864443498710157]
[3.4340774628206736 'Conceptual' 0.31881280628310044 77.53786096841945
 2.1864406779661016 19 6 8 15 3.4340774628206736]
[3.4965169553617512 'Conceptual' 0.31881280628310044 77.53786096841945
 2.11864406779661 19 6 8 16 3.4965169553617512]
[3.8921916077965983 'Conceptual' 0.31881280628310044 77.53786096841945
 2.542372881355932 19 6 8 17 3.8921916077965983]
[3.893737518960166 'Conceptual' 0.31881280628310044 77.53786096841945
 2.4576271186440675 19 6 8 18 3.893737518960166]
[2.890424852105386 'Conceptual' 0.31881280628310044 77.53786096841945
 1.3728813559322033 19 6 8 19 2.890424852105386]
