[0.0 'Spatial' 0.05905276780152767 0.11986150951423132 0.0 120 0 1 0 0.0]
[0.4281752776110885 'Spatial' 0.05905276780152767 0.11986150951423132
 0.1694915254237288 120 0 1 1 0.4281752776110885]
[2.1531980086248925 'Spatial' 0.05905276780152767 0.11986150951423132
 2.966101694915254 120 0 1 2 2.1531980086248925]
[1.2015589337260497 'Spatial' 0.05905276780152767 0.11986150951423132
 2.11864406779661 120 0 1 3 1.2015589337260497]
[2.874160186144626 'Spatial' 0.05905276780152767 0.11986150951423132
 6.491525423728813 120 0 1 4 2.874160186144626]
[3.5168143993003516 'Spatial' 0.05905276780152767 0.11986150951423132
 10.169491525423728 120 0 1 5 3.5168143993003516]
[3.16091841089989 'Spatial' 0.05905276780152767 0.11986150951423132
 9.406779661016948 120 0 1 6 3.16091841089989]
[4.051846812500143 'Spatial' 0.05905276780152767 0.11986150951423132
 10.169491525423728 120 0 1 7 4.051846812500143]
[2.4781203005709873 'Spatial' 0.05905276780152767 0.11986150951423132
 0.1694915254237288 120 0 1 8 2.4781203005709873]
[0.007140969402422306 'Spatial' 0.05905276780152767 0.11986150951423132
 1.7796610169491525 120 0 1 9 0.007140969402422306]
[0.0013895221247316849 'Spatial' 0.05905276780152767 0.11986150951423132
 1.5762711864406778 120 0 1 10 0.0013895221247316849]
[2.505981461961362 'Spatial' 0.05905276780152767 0.11986150951423132
 8.1864406779661 120 0 1 11 2.505981461961362]
[1.770086181513747 'Spatial' 0.05905276780152767 0.11986150951423132
 0.1694915254237288 120 0 1 12 1.770086181513747]
[0.0016579268744887424 'Spatial' 0.05905276780152767 0.11986150951423132
 0.1694915254237288 120 0 1 13 0.0016579268744887424]
[3.904636905402746 'Spatial' 0.05905276780152767 0.11986150951423132
 10.169491525423728 120 0 1 14 3.904636905402746]
[0.23975990248685825 'Spatial' 0.05905276780152767 0.11986150951423132
 3.4406779661016946 120 0 1 15 0.23975990248685825]
[2.646641249637506 'Spatial' 0.05905276780152767 0.11986150951423132
 10.169491525423728 120 0 1 16 2.646641249637506]
[0.2485487411841501 'Spatial' 0.05905276780152767 0.11986150951423132
 3.4745762711864403 120 0 1 17 0.2485487411841501]
[0.07069614529960914 'Spatial' 0.05905276780152767 0.11986150951423132
 0.1694915254237288 120 0 1 18 0.07069614529960914]
[0.0006302584635268141 'Spatial' 0.05905276780152767 0.11986150951423132
 0.1694915254237288 120 0 1 19 0.0006302584635268141]
[0.0 'Spatial' 0.05905276780152767 0.11986150951423132 0.0 120 0 2 0 0.0]
[0.4281752776110885 'Spatial' 0.05905276780152767 0.11986150951423132
 0.1694915254237288 120 0 2 1 0.4281752776110885]
[2.1531980086248925 'Spatial' 0.05905276780152767 0.11986150951423132
 2.966101694915254 120 0 2 2 2.1531980086248925]
[1.2015589337260497 'Spatial' 0.05905276780152767 0.11986150951423132
 2.11864406779661 120 0 2 3 1.2015589337260497]
[2.874160186144626 'Spatial' 0.05905276780152767 0.11986150951423132
 6.491525423728813 120 0 2 4 2.874160186144626]
[3.5168143993003516 'Spatial' 0.05905276780152767 0.11986150951423132
 10.169491525423728 120 0 2 5 3.5168143993003516]
[3.16091841089989 'Spatial' 0.05905276780152767 0.11986150951423132
 9.406779661016948 120 0 2 6 3.16091841089989]
[4.051846812500143 'Spatial' 0.05905276780152767 0.11986150951423132
 10.169491525423728 120 0 2 7 4.051846812500143]
[2.4781203005709873 'Spatial' 0.05905276780152767 0.11986150951423132
 0.1694915254237288 120 0 2 8 2.4781203005709873]
[0.007140969402422306 'Spatial' 0.05905276780152767 0.11986150951423132
 1.7796610169491525 120 0 2 9 0.007140969402422306]
[0.0013895221247316849 'Spatial' 0.05905276780152767 0.11986150951423132
 1.5762711864406778 120 0 2 10 0.0013895221247316849]
[2.505981461961362 'Spatial' 0.05905276780152767 0.11986150951423132
 8.1864406779661 120 0 2 11 2.505981461961362]
[1.770086181513747 'Spatial' 0.05905276780152767 0.11986150951423132
 0.1694915254237288 120 0 2 12 1.770086181513747]
[0.0016579268744887424 'Spatial' 0.05905276780152767 0.11986150951423132
 0.1694915254237288 120 0 2 13 0.0016579268744887424]
[3.904636905402746 'Spatial' 0.05905276780152767 0.11986150951423132
 10.169491525423728 120 0 2 14 3.904636905402746]
[0.23975990248685825 'Spatial' 0.05905276780152767 0.11986150951423132
 3.4406779661016946 120 0 2 15 0.23975990248685825]
[2.646641249637506 'Spatial' 0.05905276780152767 0.11986150951423132
 10.169491525423728 120 0 2 16 2.646641249637506]
[0.2485487411841501 'Spatial' 0.05905276780152767 0.11986150951423132
 3.4745762711864403 120 0 2 17 0.2485487411841501]
[0.07069614529960914 'Spatial' 0.05905276780152767 0.11986150951423132
 0.1694915254237288 120 0 2 18 0.07069614529960914]
[0.0006302584635268141 'Spatial' 0.05905276780152767 0.11986150951423132
 0.1694915254237288 120 0 2 19 0.0006302584635268141]
[0.0 'Spatial' 0.05905276780152767 0.11986150951423132 0.0 120 0 3 0 0.0]
[0.4281752776110885 'Spatial' 0.05905276780152767 0.11986150951423132
 0.1694915254237288 120 0 3 1 0.4281752776110885]
[2.1531980086248925 'Spatial' 0.05905276780152767 0.11986150951423132
 2.966101694915254 120 0 3 2 2.1531980086248925]
[1.2015589337260497 'Spatial' 0.05905276780152767 0.11986150951423132
 2.11864406779661 120 0 3 3 1.2015589337260497]
[2.874160186144626 'Spatial' 0.05905276780152767 0.11986150951423132
 6.491525423728813 120 0 3 4 2.874160186144626]
[3.5168143993003516 'Spatial' 0.05905276780152767 0.11986150951423132
 10.169491525423728 120 0 3 5 3.5168143993003516]
[3.16091841089989 'Spatial' 0.05905276780152767 0.11986150951423132
 9.406779661016948 120 0 3 6 3.16091841089989]
[4.051846812500143 'Spatial' 0.05905276780152767 0.11986150951423132
 10.169491525423728 120 0 3 7 4.051846812500143]
[2.4781203005709873 'Spatial' 0.05905276780152767 0.11986150951423132
 0.1694915254237288 120 0 3 8 2.4781203005709873]
[0.007140969402422306 'Spatial' 0.05905276780152767 0.11986150951423132
 1.7796610169491525 120 0 3 9 0.007140969402422306]
[0.0013895221247316849 'Spatial' 0.05905276780152767 0.11986150951423132
 1.5762711864406778 120 0 3 10 0.0013895221247316849]
[2.505981461961362 'Spatial' 0.05905276780152767 0.11986150951423132
 8.1864406779661 120 0 3 11 2.505981461961362]
[1.770086181513747 'Spatial' 0.05905276780152767 0.11986150951423132
 0.1694915254237288 120 0 3 12 1.770086181513747]
[0.0016579268744887424 'Spatial' 0.05905276780152767 0.11986150951423132
 0.1694915254237288 120 0 3 13 0.0016579268744887424]
[3.904636905402746 'Spatial' 0.05905276780152767 0.11986150951423132
 10.169491525423728 120 0 3 14 3.904636905402746]
[0.23975990248685825 'Spatial' 0.05905276780152767 0.11986150951423132
 3.4406779661016946 120 0 3 15 0.23975990248685825]
[2.646641249637506 'Spatial' 0.05905276780152767 0.11986150951423132
 10.169491525423728 120 0 3 16 2.646641249637506]
[0.2485487411841501 'Spatial' 0.05905276780152767 0.11986150951423132
 3.4745762711864403 120 0 3 17 0.2485487411841501]
[0.07069614529960914 'Spatial' 0.05905276780152767 0.11986150951423132
 0.1694915254237288 120 0 3 18 0.07069614529960914]
[0.0006302584635268141 'Spatial' 0.05905276780152767 0.11986150951423132
 0.1694915254237288 120 0 3 19 0.0006302584635268141]
[0.0 'Spatial' 0.05905276780152767 0.11986150951423132 0.0 120 0 4 0 0.0]
[0.4281752776110885 'Spatial' 0.05905276780152767 0.11986150951423132
 0.1694915254237288 120 0 4 1 0.4281752776110885]
[2.1531980086248925 'Spatial' 0.05905276780152767 0.11986150951423132
 2.966101694915254 120 0 4 2 2.1531980086248925]
[1.2015589337260497 'Spatial' 0.05905276780152767 0.11986150951423132
 2.11864406779661 120 0 4 3 1.2015589337260497]
[2.874160186144626 'Spatial' 0.05905276780152767 0.11986150951423132
 6.491525423728813 120 0 4 4 2.874160186144626]
[3.5168143993003516 'Spatial' 0.05905276780152767 0.11986150951423132
 10.169491525423728 120 0 4 5 3.5168143993003516]
[3.16091841089989 'Spatial' 0.05905276780152767 0.11986150951423132
 9.406779661016948 120 0 4 6 3.16091841089989]
[4.051846812500143 'Spatial' 0.05905276780152767 0.11986150951423132
 10.169491525423728 120 0 4 7 4.051846812500143]
[2.4781203005709873 'Spatial' 0.05905276780152767 0.11986150951423132
 0.1694915254237288 120 0 4 8 2.4781203005709873]
[0.007140969402422306 'Spatial' 0.05905276780152767 0.11986150951423132
 1.7796610169491525 120 0 4 9 0.007140969402422306]
[0.0013895221247316849 'Spatial' 0.05905276780152767 0.11986150951423132
 1.5762711864406778 120 0 4 10 0.0013895221247316849]
[2.505981461961362 'Spatial' 0.05905276780152767 0.11986150951423132
 8.1864406779661 120 0 4 11 2.505981461961362]
[1.770086181513747 'Spatial' 0.05905276780152767 0.11986150951423132
 0.1694915254237288 120 0 4 12 1.770086181513747]
[0.0016579268744887424 'Spatial' 0.05905276780152767 0.11986150951423132
 0.1694915254237288 120 0 4 13 0.0016579268744887424]
[3.904636905402746 'Spatial' 0.05905276780152767 0.11986150951423132
 10.169491525423728 120 0 4 14 3.904636905402746]
[0.23975990248685825 'Spatial' 0.05905276780152767 0.11986150951423132
 3.4406779661016946 120 0 4 15 0.23975990248685825]
[2.646641249637506 'Spatial' 0.05905276780152767 0.11986150951423132
 10.169491525423728 120 0 4 16 2.646641249637506]
[0.2485487411841501 'Spatial' 0.05905276780152767 0.11986150951423132
 3.4745762711864403 120 0 4 17 0.2485487411841501]
[0.07069614529960914 'Spatial' 0.05905276780152767 0.11986150951423132
 0.1694915254237288 120 0 4 18 0.07069614529960914]
[0.0006302584635268141 'Spatial' 0.05905276780152767 0.11986150951423132
 0.1694915254237288 120 0 4 19 0.0006302584635268141]
[0.0 'Spatial' 0.05905276780152767 0.11986150951423132 0.0 120 0 5 0 0.0]
[0.4281752776110885 'Spatial' 0.05905276780152767 0.11986150951423132
 0.1694915254237288 120 0 5 1 0.4281752776110885]
[2.1531980086248925 'Spatial' 0.05905276780152767 0.11986150951423132
 2.966101694915254 120 0 5 2 2.1531980086248925]
[1.2015589337260497 'Spatial' 0.05905276780152767 0.11986150951423132
 2.11864406779661 120 0 5 3 1.2015589337260497]
[2.874160186144626 'Spatial' 0.05905276780152767 0.11986150951423132
 6.491525423728813 120 0 5 4 2.874160186144626]
[3.5168143993003516 'Spatial' 0.05905276780152767 0.11986150951423132
 10.169491525423728 120 0 5 5 3.5168143993003516]
[3.16091841089989 'Spatial' 0.05905276780152767 0.11986150951423132
 9.406779661016948 120 0 5 6 3.16091841089989]
[4.051846812500143 'Spatial' 0.05905276780152767 0.11986150951423132
 10.169491525423728 120 0 5 7 4.051846812500143]
[2.4781203005709873 'Spatial' 0.05905276780152767 0.11986150951423132
 0.1694915254237288 120 0 5 8 2.4781203005709873]
[0.007140969402422306 'Spatial' 0.05905276780152767 0.11986150951423132
 1.7796610169491525 120 0 5 9 0.007140969402422306]
[0.0013895221247316849 'Spatial' 0.05905276780152767 0.11986150951423132
 1.5762711864406778 120 0 5 10 0.0013895221247316849]
[2.505981461961362 'Spatial' 0.05905276780152767 0.11986150951423132
 8.1864406779661 120 0 5 11 2.505981461961362]
[1.770086181513747 'Spatial' 0.05905276780152767 0.11986150951423132
 0.1694915254237288 120 0 5 12 1.770086181513747]
[0.0016579268744887424 'Spatial' 0.05905276780152767 0.11986150951423132
 0.1694915254237288 120 0 5 13 0.0016579268744887424]
[3.904636905402746 'Spatial' 0.05905276780152767 0.11986150951423132
 10.169491525423728 120 0 5 14 3.904636905402746]
[0.23975990248685825 'Spatial' 0.05905276780152767 0.11986150951423132
 3.4406779661016946 120 0 5 15 0.23975990248685825]
[2.646641249637506 'Spatial' 0.05905276780152767 0.11986150951423132
 10.169491525423728 120 0 5 16 2.646641249637506]
[0.2485487411841501 'Spatial' 0.05905276780152767 0.11986150951423132
 3.4745762711864403 120 0 5 17 0.2485487411841501]
[0.07069614529960914 'Spatial' 0.05905276780152767 0.11986150951423132
 0.1694915254237288 120 0 5 18 0.07069614529960914]
[0.0006302584635268141 'Spatial' 0.05905276780152767 0.11986150951423132
 0.1694915254237288 120 0 5 19 0.0006302584635268141]
[0.0 'Spatial' 0.05905276780152767 0.11986150951423132 0.0 120 0 6 0 0.0]
[0.4281752776110885 'Spatial' 0.05905276780152767 0.11986150951423132
 0.1694915254237288 120 0 6 1 0.4281752776110885]
[2.1531980086248925 'Spatial' 0.05905276780152767 0.11986150951423132
 2.966101694915254 120 0 6 2 2.1531980086248925]
[1.2015589337260497 'Spatial' 0.05905276780152767 0.11986150951423132
 2.11864406779661 120 0 6 3 1.2015589337260497]
[2.874160186144626 'Spatial' 0.05905276780152767 0.11986150951423132
 6.491525423728813 120 0 6 4 2.874160186144626]
[3.5168143993003516 'Spatial' 0.05905276780152767 0.11986150951423132
 10.169491525423728 120 0 6 5 3.5168143993003516]
[3.16091841089989 'Spatial' 0.05905276780152767 0.11986150951423132
 9.406779661016948 120 0 6 6 3.16091841089989]
[4.051846812500143 'Spatial' 0.05905276780152767 0.11986150951423132
 10.169491525423728 120 0 6 7 4.051846812500143]
[2.4781203005709873 'Spatial' 0.05905276780152767 0.11986150951423132
 0.1694915254237288 120 0 6 8 2.4781203005709873]
[0.007140969402422306 'Spatial' 0.05905276780152767 0.11986150951423132
 1.7796610169491525 120 0 6 9 0.007140969402422306]
[0.0013895221247316849 'Spatial' 0.05905276780152767 0.11986150951423132
 1.5762711864406778 120 0 6 10 0.0013895221247316849]
[2.505981461961362 'Spatial' 0.05905276780152767 0.11986150951423132
 8.1864406779661 120 0 6 11 2.505981461961362]
[1.770086181513747 'Spatial' 0.05905276780152767 0.11986150951423132
 0.1694915254237288 120 0 6 12 1.770086181513747]
[0.0016579268744887424 'Spatial' 0.05905276780152767 0.11986150951423132
 0.1694915254237288 120 0 6 13 0.0016579268744887424]
[3.904636905402746 'Spatial' 0.05905276780152767 0.11986150951423132
 10.169491525423728 120 0 6 14 3.904636905402746]
[0.23975990248685825 'Spatial' 0.05905276780152767 0.11986150951423132
 3.4406779661016946 120 0 6 15 0.23975990248685825]
[2.646641249637506 'Spatial' 0.05905276780152767 0.11986150951423132
 10.169491525423728 120 0 6 16 2.646641249637506]
[0.2485487411841501 'Spatial' 0.05905276780152767 0.11986150951423132
 3.4745762711864403 120 0 6 17 0.2485487411841501]
[0.07069614529960914 'Spatial' 0.05905276780152767 0.11986150951423132
 0.1694915254237288 120 0 6 18 0.07069614529960914]
[0.0006302584635268141 'Spatial' 0.05905276780152767 0.11986150951423132
 0.1694915254237288 120 0 6 19 0.0006302584635268141]
[0.0 'Spatial' 0.05905276780152767 0.11986150951423132 0.0 120 0 7 0 0.0]
[0.4281752776110885 'Spatial' 0.05905276780152767 0.11986150951423132
 0.1694915254237288 120 0 7 1 0.4281752776110885]
[2.1531980086248925 'Spatial' 0.05905276780152767 0.11986150951423132
 2.966101694915254 120 0 7 2 2.1531980086248925]
[1.2015589337260497 'Spatial' 0.05905276780152767 0.11986150951423132
 2.11864406779661 120 0 7 3 1.2015589337260497]
[2.874160186144626 'Spatial' 0.05905276780152767 0.11986150951423132
 6.491525423728813 120 0 7 4 2.874160186144626]
[3.5168143993003516 'Spatial' 0.05905276780152767 0.11986150951423132
 10.169491525423728 120 0 7 5 3.5168143993003516]
[3.16091841089989 'Spatial' 0.05905276780152767 0.11986150951423132
 9.406779661016948 120 0 7 6 3.16091841089989]
[4.051846812500143 'Spatial' 0.05905276780152767 0.11986150951423132
 10.169491525423728 120 0 7 7 4.051846812500143]
[2.4781203005709873 'Spatial' 0.05905276780152767 0.11986150951423132
 0.1694915254237288 120 0 7 8 2.4781203005709873]
[0.007140969402422306 'Spatial' 0.05905276780152767 0.11986150951423132
 1.7796610169491525 120 0 7 9 0.007140969402422306]
[0.0013895221247316849 'Spatial' 0.05905276780152767 0.11986150951423132
 1.5762711864406778 120 0 7 10 0.0013895221247316849]
[2.505981461961362 'Spatial' 0.05905276780152767 0.11986150951423132
 8.1864406779661 120 0 7 11 2.505981461961362]
[1.770086181513747 'Spatial' 0.05905276780152767 0.11986150951423132
 0.1694915254237288 120 0 7 12 1.770086181513747]
[0.0016579268744887424 'Spatial' 0.05905276780152767 0.11986150951423132
 0.1694915254237288 120 0 7 13 0.0016579268744887424]
[3.904636905402746 'Spatial' 0.05905276780152767 0.11986150951423132
 10.169491525423728 120 0 7 14 3.904636905402746]
[0.23975990248685825 'Spatial' 0.05905276780152767 0.11986150951423132
 3.4406779661016946 120 0 7 15 0.23975990248685825]
[2.646641249637506 'Spatial' 0.05905276780152767 0.11986150951423132
 10.169491525423728 120 0 7 16 2.646641249637506]
[0.2485487411841501 'Spatial' 0.05905276780152767 0.11986150951423132
 3.4745762711864403 120 0 7 17 0.2485487411841501]
[0.07069614529960914 'Spatial' 0.05905276780152767 0.11986150951423132
 0.1694915254237288 120 0 7 18 0.07069614529960914]
[0.0006302584635268141 'Spatial' 0.05905276780152767 0.11986150951423132
 0.1694915254237288 120 0 7 19 0.0006302584635268141]
[0.0 'Spatial' 0.05905276780152767 0.11986150951423132 0.0 120 0 8 0 0.0]
[0.4281752776110885 'Spatial' 0.05905276780152767 0.11986150951423132
 0.1694915254237288 120 0 8 1 0.4281752776110885]
[2.1531980086248925 'Spatial' 0.05905276780152767 0.11986150951423132
 2.966101694915254 120 0 8 2 2.1531980086248925]
[1.2015589337260497 'Spatial' 0.05905276780152767 0.11986150951423132
 2.11864406779661 120 0 8 3 1.2015589337260497]
[2.874160186144626 'Spatial' 0.05905276780152767 0.11986150951423132
 6.491525423728813 120 0 8 4 2.874160186144626]
[3.5168143993003516 'Spatial' 0.05905276780152767 0.11986150951423132
 10.169491525423728 120 0 8 5 3.5168143993003516]
[3.16091841089989 'Spatial' 0.05905276780152767 0.11986150951423132
 9.406779661016948 120 0 8 6 3.16091841089989]
[4.051846812500143 'Spatial' 0.05905276780152767 0.11986150951423132
 10.169491525423728 120 0 8 7 4.051846812500143]
[2.4781203005709873 'Spatial' 0.05905276780152767 0.11986150951423132
 0.1694915254237288 120 0 8 8 2.4781203005709873]
[0.007140969402422306 'Spatial' 0.05905276780152767 0.11986150951423132
 1.7796610169491525 120 0 8 9 0.007140969402422306]
[0.0013895221247316849 'Spatial' 0.05905276780152767 0.11986150951423132
 1.5762711864406778 120 0 8 10 0.0013895221247316849]
[2.505981461961362 'Spatial' 0.05905276780152767 0.11986150951423132
 8.1864406779661 120 0 8 11 2.505981461961362]
[1.770086181513747 'Spatial' 0.05905276780152767 0.11986150951423132
 0.1694915254237288 120 0 8 12 1.770086181513747]
[0.0016579268744887424 'Spatial' 0.05905276780152767 0.11986150951423132
 0.1694915254237288 120 0 8 13 0.0016579268744887424]
[3.904636905402746 'Spatial' 0.05905276780152767 0.11986150951423132
 10.169491525423728 120 0 8 14 3.904636905402746]
[0.23975990248685825 'Spatial' 0.05905276780152767 0.11986150951423132
 3.4406779661016946 120 0 8 15 0.23975990248685825]
[2.646641249637506 'Spatial' 0.05905276780152767 0.11986150951423132
 10.169491525423728 120 0 8 16 2.646641249637506]
[0.2485487411841501 'Spatial' 0.05905276780152767 0.11986150951423132
 3.4745762711864403 120 0 8 17 0.2485487411841501]
[0.07069614529960914 'Spatial' 0.05905276780152767 0.11986150951423132
 0.1694915254237288 120 0 8 18 0.07069614529960914]
[0.0006302584635268141 'Spatial' 0.05905276780152767 0.11986150951423132
 0.1694915254237288 120 0 8 19 0.0006302584635268141]
