[0.0 'Spatial' 1 0.35134057704796645 99.49999349338923 0.0 12 0 0 47]
[3.3136211820347508 'Spatial' 1 0.35134057704796645 99.49999349338923
 2.3728813559322033 12 0 1 49]
[1.3847012692050067 'Spatial' 1 0.35134057704796645 99.49999349338923
 5.406779661016949 12 0 2 52]
[3.4705352810014087 'Spatial' 1 0.35134057704796645 99.49999349338923
 4.999999999999999 12 0 3 33]
[2.9972442930362377 'Spatial' 1 0.35134057704796645 99.49999349338923
 3.0338983050847457 12 0 4 36]
[3.092062529874038 'Spatial' 1 0.35134057704796645 99.49999349338923
 2.5254237288135593 12 0 5 60]
[3.333052751770687 'Spatial' 1 0.35134057704796645 99.49999349338923
 0.7627118644067796 12 0 6 19]
[3.1228950329887186 'Spatial' 1 0.35134057704796645 99.49999349338923
 0.7288135593220338 12 0 7 31]
[3.2545265214482293 'Spatial' 1 0.35134057704796645 99.49999349338923
 2.016949152542373 12 0 8 26]
[2.853688613085475 'Spatial' 1 0.35134057704796645 99.49999349338923
 1.6779661016949152 12 0 9 53]
[3.333476059026356 'Spatial' 1 0.35134057704796645 99.49999349338923
 1.7796610169491525 12 0 10 18]
[2.8365027662439144 'Spatial' 1 0.35134057704796645 99.49999349338923
 1.5084745762711864 12 0 11 36]
[2.718992352637837 'Spatial' 1 0.35134057704796645 99.49999349338923
 0.847457627118644 12 0 12 7]
[2.7104261145434094 'Spatial' 1 0.35134057704796645 99.49999349338923
 1.3559322033898304 12 0 13 33]
[2.9623995455554457 'Spatial' 1 0.35134057704796645 99.49999349338923
 1.4406779661016949 12 0 14 42]
[3.4836069231509987 'Spatial' 1 0.35134057704796645 99.49999349338923
 0.5084745762711864 12 0 15 38]
[2.895906033729818 'Spatial' 1 0.35134057704796645 99.49999349338923
 0.847457627118644 12 0 16 4]
[3.475604822162958 'Spatial' 1 0.35134057704796645 99.49999349338923
 1.5084745762711864 12 0 17 32]
[3.332718528430775 'Spatial' 1 0.35134057704796645 99.49999349338923
 1.406779661016949 12 0 18 50]
[3.3327230755773845 'Spatial' 1 0.35134057704796645 99.49999349338923
 1.406779661016949 12 0 19 47]
[0.0 'Spatial' 1 0.35134057704796645 99.49999349338923 0.0 12 1 0 47]
[3.3136211820347508 'Spatial' 1 0.35134057704796645 99.49999349338923
 2.3728813559322033 12 1 1 49]
[1.3847012692050067 'Spatial' 1 0.35134057704796645 99.49999349338923
 5.406779661016949 12 1 2 52]
[3.4705352810014087 'Spatial' 1 0.35134057704796645 99.49999349338923
 4.999999999999999 12 1 3 33]
[2.9972442930362377 'Spatial' 1 0.35134057704796645 99.49999349338923
 3.0338983050847457 12 1 4 36]
[3.092062529874038 'Spatial' 1 0.35134057704796645 99.49999349338923
 2.5254237288135593 12 1 5 60]
[3.333052751770687 'Spatial' 1 0.35134057704796645 99.49999349338923
 0.7627118644067796 12 1 6 19]
[3.1228950329887186 'Spatial' 1 0.35134057704796645 99.49999349338923
 0.7288135593220338 12 1 7 31]
[3.2545265214482293 'Spatial' 1 0.35134057704796645 99.49999349338923
 2.016949152542373 12 1 8 26]
[2.853688613085475 'Spatial' 1 0.35134057704796645 99.49999349338923
 1.6779661016949152 12 1 9 53]
[3.333476059026356 'Spatial' 1 0.35134057704796645 99.49999349338923
 1.7796610169491525 12 1 10 18]
[2.8365027662439144 'Spatial' 1 0.35134057704796645 99.49999349338923
 1.5084745762711864 12 1 11 36]
[2.718992352637837 'Spatial' 1 0.35134057704796645 99.49999349338923
 0.847457627118644 12 1 12 7]
[2.7104261145434094 'Spatial' 1 0.35134057704796645 99.49999349338923
 1.3559322033898304 12 1 13 33]
[2.9623995455554457 'Spatial' 1 0.35134057704796645 99.49999349338923
 1.4406779661016949 12 1 14 42]
[3.4836069231509987 'Spatial' 1 0.35134057704796645 99.49999349338923
 0.5084745762711864 12 1 15 38]
[2.895906033729818 'Spatial' 1 0.35134057704796645 99.49999349338923
 0.847457627118644 12 1 16 4]
[3.475604822162958 'Spatial' 1 0.35134057704796645 99.49999349338923
 1.5084745762711864 12 1 17 32]
[3.332718528430775 'Spatial' 1 0.35134057704796645 99.49999349338923
 1.406779661016949 12 1 18 50]
[3.3327230755773845 'Spatial' 1 0.35134057704796645 99.49999349338923
 1.406779661016949 12 1 19 47]
[0.0 'Spatial' 1 0.35134057704796645 99.49999349338923 0.0 12 2 0 47]
[3.3136211820347508 'Spatial' 1 0.35134057704796645 99.49999349338923
 2.3728813559322033 12 2 1 49]
[1.3847012692050067 'Spatial' 1 0.35134057704796645 99.49999349338923
 5.406779661016949 12 2 2 52]
[3.4705352810014087 'Spatial' 1 0.35134057704796645 99.49999349338923
 4.999999999999999 12 2 3 33]
[2.9972442930362377 'Spatial' 1 0.35134057704796645 99.49999349338923
 3.0338983050847457 12 2 4 36]
[3.092062529874038 'Spatial' 1 0.35134057704796645 99.49999349338923
 2.5254237288135593 12 2 5 60]
[3.333052751770687 'Spatial' 1 0.35134057704796645 99.49999349338923
 0.7627118644067796 12 2 6 19]
[3.1228950329887186 'Spatial' 1 0.35134057704796645 99.49999349338923
 0.7288135593220338 12 2 7 31]
[3.2545265214482293 'Spatial' 1 0.35134057704796645 99.49999349338923
 2.016949152542373 12 2 8 26]
[2.853688613085475 'Spatial' 1 0.35134057704796645 99.49999349338923
 1.6779661016949152 12 2 9 53]
[3.333476059026356 'Spatial' 1 0.35134057704796645 99.49999349338923
 1.7796610169491525 12 2 10 18]
[2.8365027662439144 'Spatial' 1 0.35134057704796645 99.49999349338923
 1.5084745762711864 12 2 11 36]
[2.718992352637837 'Spatial' 1 0.35134057704796645 99.49999349338923
 0.847457627118644 12 2 12 7]
[2.7104261145434094 'Spatial' 1 0.35134057704796645 99.49999349338923
 1.3559322033898304 12 2 13 33]
[2.9623995455554457 'Spatial' 1 0.35134057704796645 99.49999349338923
 1.4406779661016949 12 2 14 42]
[3.4836069231509987 'Spatial' 1 0.35134057704796645 99.49999349338923
 0.5084745762711864 12 2 15 38]
[2.895906033729818 'Spatial' 1 0.35134057704796645 99.49999349338923
 0.847457627118644 12 2 16 4]
[3.475604822162958 'Spatial' 1 0.35134057704796645 99.49999349338923
 1.5084745762711864 12 2 17 32]
[3.332718528430775 'Spatial' 1 0.35134057704796645 99.49999349338923
 1.406779661016949 12 2 18 50]
[3.3327230755773845 'Spatial' 1 0.35134057704796645 99.49999349338923
 1.406779661016949 12 2 19 47]
[0.0 'Spatial' 1 0.35134057704796645 99.49999349338923 0.0 12 3 0 47]
[3.3136211820347508 'Spatial' 1 0.35134057704796645 99.49999349338923
 2.3728813559322033 12 3 1 49]
[1.3847012692050067 'Spatial' 1 0.35134057704796645 99.49999349338923
 5.406779661016949 12 3 2 52]
[3.4705352810014087 'Spatial' 1 0.35134057704796645 99.49999349338923
 4.999999999999999 12 3 3 33]
[2.9972442930362377 'Spatial' 1 0.35134057704796645 99.49999349338923
 3.0338983050847457 12 3 4 36]
[3.092062529874038 'Spatial' 1 0.35134057704796645 99.49999349338923
 2.5254237288135593 12 3 5 60]
[3.333052751770687 'Spatial' 1 0.35134057704796645 99.49999349338923
 0.7627118644067796 12 3 6 19]
[3.1228950329887186 'Spatial' 1 0.35134057704796645 99.49999349338923
 0.7288135593220338 12 3 7 31]
[3.2545265214482293 'Spatial' 1 0.35134057704796645 99.49999349338923
 2.016949152542373 12 3 8 26]
[2.853688613085475 'Spatial' 1 0.35134057704796645 99.49999349338923
 1.6779661016949152 12 3 9 53]
[3.333476059026356 'Spatial' 1 0.35134057704796645 99.49999349338923
 1.7796610169491525 12 3 10 18]
[2.8365027662439144 'Spatial' 1 0.35134057704796645 99.49999349338923
 1.5084745762711864 12 3 11 36]
[2.718992352637837 'Spatial' 1 0.35134057704796645 99.49999349338923
 0.847457627118644 12 3 12 7]
[2.7104261145434094 'Spatial' 1 0.35134057704796645 99.49999349338923
 1.3559322033898304 12 3 13 33]
[2.9623995455554457 'Spatial' 1 0.35134057704796645 99.49999349338923
 1.4406779661016949 12 3 14 42]
[3.4836069231509987 'Spatial' 1 0.35134057704796645 99.49999349338923
 0.5084745762711864 12 3 15 38]
[2.895906033729818 'Spatial' 1 0.35134057704796645 99.49999349338923
 0.847457627118644 12 3 16 4]
[3.475604822162958 'Spatial' 1 0.35134057704796645 99.49999349338923
 1.5084745762711864 12 3 17 32]
[3.332718528430775 'Spatial' 1 0.35134057704796645 99.49999349338923
 1.406779661016949 12 3 18 50]
[3.3327230755773845 'Spatial' 1 0.35134057704796645 99.49999349338923
 1.406779661016949 12 3 19 47]
[0.0 'Spatial' 1 0.35134057704796645 99.49999349338923 0.0 12 4 0 47]
[3.3136211820347508 'Spatial' 1 0.35134057704796645 99.49999349338923
 2.3728813559322033 12 4 1 49]
[1.3847012692050067 'Spatial' 1 0.35134057704796645 99.49999349338923
 5.406779661016949 12 4 2 52]
[3.4705352810014087 'Spatial' 1 0.35134057704796645 99.49999349338923
 4.999999999999999 12 4 3 33]
[2.9972442930362377 'Spatial' 1 0.35134057704796645 99.49999349338923
 3.0338983050847457 12 4 4 36]
[3.092062529874038 'Spatial' 1 0.35134057704796645 99.49999349338923
 2.5254237288135593 12 4 5 60]
[3.333052751770687 'Spatial' 1 0.35134057704796645 99.49999349338923
 0.7627118644067796 12 4 6 19]
[3.1228950329887186 'Spatial' 1 0.35134057704796645 99.49999349338923
 0.7288135593220338 12 4 7 31]
[3.2545265214482293 'Spatial' 1 0.35134057704796645 99.49999349338923
 2.016949152542373 12 4 8 26]
[2.853688613085475 'Spatial' 1 0.35134057704796645 99.49999349338923
 1.6779661016949152 12 4 9 53]
[3.333476059026356 'Spatial' 1 0.35134057704796645 99.49999349338923
 1.7796610169491525 12 4 10 18]
[2.8365027662439144 'Spatial' 1 0.35134057704796645 99.49999349338923
 1.5084745762711864 12 4 11 36]
[2.718992352637837 'Spatial' 1 0.35134057704796645 99.49999349338923
 0.847457627118644 12 4 12 7]
[2.7104261145434094 'Spatial' 1 0.35134057704796645 99.49999349338923
 1.3559322033898304 12 4 13 33]
[2.9623995455554457 'Spatial' 1 0.35134057704796645 99.49999349338923
 1.4406779661016949 12 4 14 42]
[3.4836069231509987 'Spatial' 1 0.35134057704796645 99.49999349338923
 0.5084745762711864 12 4 15 38]
[2.895906033729818 'Spatial' 1 0.35134057704796645 99.49999349338923
 0.847457627118644 12 4 16 4]
[3.475604822162958 'Spatial' 1 0.35134057704796645 99.49999349338923
 1.5084745762711864 12 4 17 32]
[3.332718528430775 'Spatial' 1 0.35134057704796645 99.49999349338923
 1.406779661016949 12 4 18 50]
[3.3327230755773845 'Spatial' 1 0.35134057704796645 99.49999349338923
 1.406779661016949 12 4 19 47]
[0.0 'Spatial' 1 0.35134057704796645 99.49999349338923 0.0 12 5 0 47]
[3.3136211820347508 'Spatial' 1 0.35134057704796645 99.49999349338923
 2.3728813559322033 12 5 1 49]
[1.3847012692050067 'Spatial' 1 0.35134057704796645 99.49999349338923
 5.406779661016949 12 5 2 52]
[3.4705352810014087 'Spatial' 1 0.35134057704796645 99.49999349338923
 4.999999999999999 12 5 3 33]
[2.9972442930362377 'Spatial' 1 0.35134057704796645 99.49999349338923
 3.0338983050847457 12 5 4 36]
[3.092062529874038 'Spatial' 1 0.35134057704796645 99.49999349338923
 2.5254237288135593 12 5 5 60]
[3.333052751770687 'Spatial' 1 0.35134057704796645 99.49999349338923
 0.7627118644067796 12 5 6 19]
[3.1228950329887186 'Spatial' 1 0.35134057704796645 99.49999349338923
 0.7288135593220338 12 5 7 31]
[3.2545265214482293 'Spatial' 1 0.35134057704796645 99.49999349338923
 2.016949152542373 12 5 8 26]
[2.853688613085475 'Spatial' 1 0.35134057704796645 99.49999349338923
 1.6779661016949152 12 5 9 53]
[3.333476059026356 'Spatial' 1 0.35134057704796645 99.49999349338923
 1.7796610169491525 12 5 10 18]
[2.8365027662439144 'Spatial' 1 0.35134057704796645 99.49999349338923
 1.5084745762711864 12 5 11 36]
[2.718992352637837 'Spatial' 1 0.35134057704796645 99.49999349338923
 0.847457627118644 12 5 12 7]
[2.7104261145434094 'Spatial' 1 0.35134057704796645 99.49999349338923
 1.3559322033898304 12 5 13 33]
[2.9623995455554457 'Spatial' 1 0.35134057704796645 99.49999349338923
 1.4406779661016949 12 5 14 42]
[3.4836069231509987 'Spatial' 1 0.35134057704796645 99.49999349338923
 0.5084745762711864 12 5 15 38]
[2.895906033729818 'Spatial' 1 0.35134057704796645 99.49999349338923
 0.847457627118644 12 5 16 4]
[3.475604822162958 'Spatial' 1 0.35134057704796645 99.49999349338923
 1.5084745762711864 12 5 17 32]
[3.332718528430775 'Spatial' 1 0.35134057704796645 99.49999349338923
 1.406779661016949 12 5 18 50]
[3.3327230755773845 'Spatial' 1 0.35134057704796645 99.49999349338923
 1.406779661016949 12 5 19 47]
[0.0 'Spatial' 1 0.35134057704796645 99.49999349338923 0.0 12 6 0 47]
[3.3136211820347508 'Spatial' 1 0.35134057704796645 99.49999349338923
 2.3728813559322033 12 6 1 49]
[1.3847012692050067 'Spatial' 1 0.35134057704796645 99.49999349338923
 5.406779661016949 12 6 2 52]
[3.4705352810014087 'Spatial' 1 0.35134057704796645 99.49999349338923
 4.999999999999999 12 6 3 33]
[2.9972442930362377 'Spatial' 1 0.35134057704796645 99.49999349338923
 3.0338983050847457 12 6 4 36]
[3.092062529874038 'Spatial' 1 0.35134057704796645 99.49999349338923
 2.5254237288135593 12 6 5 60]
[3.333052751770687 'Spatial' 1 0.35134057704796645 99.49999349338923
 0.7627118644067796 12 6 6 19]
[3.1228950329887186 'Spatial' 1 0.35134057704796645 99.49999349338923
 0.7288135593220338 12 6 7 31]
[3.2545265214482293 'Spatial' 1 0.35134057704796645 99.49999349338923
 2.016949152542373 12 6 8 26]
[2.853688613085475 'Spatial' 1 0.35134057704796645 99.49999349338923
 1.6779661016949152 12 6 9 53]
[3.333476059026356 'Spatial' 1 0.35134057704796645 99.49999349338923
 1.7796610169491525 12 6 10 18]
[2.8365027662439144 'Spatial' 1 0.35134057704796645 99.49999349338923
 1.5084745762711864 12 6 11 36]
[2.718992352637837 'Spatial' 1 0.35134057704796645 99.49999349338923
 0.847457627118644 12 6 12 7]
[2.7104261145434094 'Spatial' 1 0.35134057704796645 99.49999349338923
 1.3559322033898304 12 6 13 33]
[2.9623995455554457 'Spatial' 1 0.35134057704796645 99.49999349338923
 1.4406779661016949 12 6 14 42]
[3.4836069231509987 'Spatial' 1 0.35134057704796645 99.49999349338923
 0.5084745762711864 12 6 15 38]
[2.895906033729818 'Spatial' 1 0.35134057704796645 99.49999349338923
 0.847457627118644 12 6 16 4]
[3.475604822162958 'Spatial' 1 0.35134057704796645 99.49999349338923
 1.5084745762711864 12 6 17 32]
[3.332718528430775 'Spatial' 1 0.35134057704796645 99.49999349338923
 1.406779661016949 12 6 18 50]
[3.3327230755773845 'Spatial' 1 0.35134057704796645 99.49999349338923
 1.406779661016949 12 6 19 47]
[0.0 'Spatial' 1 0.35134057704796645 99.49999349338923 0.0 12 7 0 47]
[3.3136211820347508 'Spatial' 1 0.35134057704796645 99.49999349338923
 2.3728813559322033 12 7 1 49]
[1.3847012692050067 'Spatial' 1 0.35134057704796645 99.49999349338923
 5.406779661016949 12 7 2 52]
[3.4705352810014087 'Spatial' 1 0.35134057704796645 99.49999349338923
 4.999999999999999 12 7 3 33]
[2.9972442930362377 'Spatial' 1 0.35134057704796645 99.49999349338923
 3.0338983050847457 12 7 4 36]
[3.092062529874038 'Spatial' 1 0.35134057704796645 99.49999349338923
 2.5254237288135593 12 7 5 60]
[3.333052751770687 'Spatial' 1 0.35134057704796645 99.49999349338923
 0.7627118644067796 12 7 6 19]
[3.1228950329887186 'Spatial' 1 0.35134057704796645 99.49999349338923
 0.7288135593220338 12 7 7 31]
[3.2545265214482293 'Spatial' 1 0.35134057704796645 99.49999349338923
 2.016949152542373 12 7 8 26]
[2.853688613085475 'Spatial' 1 0.35134057704796645 99.49999349338923
 1.6779661016949152 12 7 9 53]
[3.333476059026356 'Spatial' 1 0.35134057704796645 99.49999349338923
 1.7796610169491525 12 7 10 18]
[2.8365027662439144 'Spatial' 1 0.35134057704796645 99.49999349338923
 1.5084745762711864 12 7 11 36]
[2.718992352637837 'Spatial' 1 0.35134057704796645 99.49999349338923
 0.847457627118644 12 7 12 7]
[2.7104261145434094 'Spatial' 1 0.35134057704796645 99.49999349338923
 1.3559322033898304 12 7 13 33]
[2.9623995455554457 'Spatial' 1 0.35134057704796645 99.49999349338923
 1.4406779661016949 12 7 14 42]
[3.4836069231509987 'Spatial' 1 0.35134057704796645 99.49999349338923
 0.5084745762711864 12 7 15 38]
[2.895906033729818 'Spatial' 1 0.35134057704796645 99.49999349338923
 0.847457627118644 12 7 16 4]
[3.475604822162958 'Spatial' 1 0.35134057704796645 99.49999349338923
 1.5084745762711864 12 7 17 32]
[3.332718528430775 'Spatial' 1 0.35134057704796645 99.49999349338923
 1.406779661016949 12 7 18 50]
[3.3327230755773845 'Spatial' 1 0.35134057704796645 99.49999349338923
 1.406779661016949 12 7 19 47]
[0.0 'Spatial' 1 0.35134057704796645 99.49999349338923 0.0 12 8 0 47]
[3.3136211820347508 'Spatial' 1 0.35134057704796645 99.49999349338923
 2.3728813559322033 12 8 1 49]
[1.3847012692050067 'Spatial' 1 0.35134057704796645 99.49999349338923
 5.406779661016949 12 8 2 52]
[3.4705352810014087 'Spatial' 1 0.35134057704796645 99.49999349338923
 4.999999999999999 12 8 3 33]
[2.9972442930362377 'Spatial' 1 0.35134057704796645 99.49999349338923
 3.0338983050847457 12 8 4 36]
[3.092062529874038 'Spatial' 1 0.35134057704796645 99.49999349338923
 2.5254237288135593 12 8 5 60]
[3.333052751770687 'Spatial' 1 0.35134057704796645 99.49999349338923
 0.7627118644067796 12 8 6 19]
[3.1228950329887186 'Spatial' 1 0.35134057704796645 99.49999349338923
 0.7288135593220338 12 8 7 31]
[3.2545265214482293 'Spatial' 1 0.35134057704796645 99.49999349338923
 2.016949152542373 12 8 8 26]
[2.853688613085475 'Spatial' 1 0.35134057704796645 99.49999349338923
 1.6779661016949152 12 8 9 53]
[3.333476059026356 'Spatial' 1 0.35134057704796645 99.49999349338923
 1.7796610169491525 12 8 10 18]
[2.8365027662439144 'Spatial' 1 0.35134057704796645 99.49999349338923
 1.5084745762711864 12 8 11 36]
[2.718992352637837 'Spatial' 1 0.35134057704796645 99.49999349338923
 0.847457627118644 12 8 12 7]
[2.7104261145434094 'Spatial' 1 0.35134057704796645 99.49999349338923
 1.3559322033898304 12 8 13 33]
[2.9623995455554457 'Spatial' 1 0.35134057704796645 99.49999349338923
 1.4406779661016949 12 8 14 42]
[3.4836069231509987 'Spatial' 1 0.35134057704796645 99.49999349338923
 0.5084745762711864 12 8 15 38]
[2.895906033729818 'Spatial' 1 0.35134057704796645 99.49999349338923
 0.847457627118644 12 8 16 4]
[3.475604822162958 'Spatial' 1 0.35134057704796645 99.49999349338923
 1.5084745762711864 12 8 17 32]
[3.332718528430775 'Spatial' 1 0.35134057704796645 99.49999349338923
 1.406779661016949 12 8 18 50]
[3.3327230755773845 'Spatial' 1 0.35134057704796645 99.49999349338923
 1.406779661016949 12 8 19 47]
