[0.0 'Spatial' 0 0.5543380827482328 89.6169486613646 0.0 69 0 0 4]
[11.53562087836576 'Spatial' 0 0.5543380827482328 89.6169486613646
 9.711864406779661 69 0 1 4]
[2.1061069333493516 'Spatial' 0 0.5543380827482328 89.6169486613646
 10.169491525423728 69 0 2 5]
[1.9459915743116158 'Spatial' 0 0.5543380827482328 89.6169486613646
 3.0508474576271185 69 0 3 6]
[1.6095559054726483 'Spatial' 0 0.5543380827482328 89.6169486613646
 1.5254237288135593 69 0 4 6]
[0.20537303329905604 'Spatial' 0 0.5543380827482328 89.6169486613646
 0.5932203389830508 69 0 5 6]
[0.0006298016333102192 'Spatial' 0 0.5543380827482328 89.6169486613646
 0.1694915254237288 69 0 6 6]
[0.0006298016333102192 'Spatial' 0 0.5543380827482328 89.6169486613646
 0.1694915254237288 69 0 7 6]
[0.0006298016333102192 'Spatial' 0 0.5543380827482328 89.6169486613646
 0.1694915254237288 69 0 8 6]
[0.0006298016333102192 'Spatial' 0 0.5543380827482328 89.6169486613646
 0.1694915254237288 69 0 9 6]
[0.0006298016333102192 'Spatial' 0 0.5543380827482328 89.6169486613646
 0.1694915254237288 69 0 10 6]
[0.0006298016333102192 'Spatial' 0 0.5543380827482328 89.6169486613646
 0.1694915254237288 69 0 11 6]
[0.7454598970583681 'Spatial' 0 0.5543380827482328 89.6169486613646
 0.6610169491525423 69 0 12 5]
[0.6934571325198738 'Spatial' 0 0.5543380827482328 89.6169486613646
 0.5084745762711864 69 0 13 5]
[0.6934571325198738 'Spatial' 0 0.5543380827482328 89.6169486613646
 0.1694915254237288 69 0 14 6]
[0.6934571325198738 'Spatial' 0 0.5543380827482328 89.6169486613646
 0.1694915254237288 69 0 15 6]
[0.6934571325198738 'Spatial' 0 0.5543380827482328 89.6169486613646
 0.1694915254237288 69 0 16 6]
[0.6934571325198738 'Spatial' 0 0.5543380827482328 89.6169486613646
 0.1694915254237288 69 0 17 6]
[0.6934571325198738 'Spatial' 0 0.5543380827482328 89.6169486613646
 0.1694915254237288 69 0 18 6]
[0.6934571325198738 'Spatial' 0 0.5543380827482328 89.6169486613646
 0.1694915254237288 69 0 19 6]
[0.0 'Spatial' 0 0.5543380827482328 89.6169486613646 0.0 69 1 0 4]
[11.53562087836576 'Spatial' 0 0.5543380827482328 89.6169486613646
 9.711864406779661 69 1 1 4]
[2.1061069333493516 'Spatial' 0 0.5543380827482328 89.6169486613646
 10.169491525423728 69 1 2 5]
[1.9459915743116158 'Spatial' 0 0.5543380827482328 89.6169486613646
 3.0508474576271185 69 1 3 6]
[1.6095559054726483 'Spatial' 0 0.5543380827482328 89.6169486613646
 1.5254237288135593 69 1 4 6]
[0.20537303329905604 'Spatial' 0 0.5543380827482328 89.6169486613646
 0.5932203389830508 69 1 5 6]
[0.0006298016333102192 'Spatial' 0 0.5543380827482328 89.6169486613646
 0.1694915254237288 69 1 6 6]
[0.0006298016333102192 'Spatial' 0 0.5543380827482328 89.6169486613646
 0.1694915254237288 69 1 7 6]
[0.0006298016333102192 'Spatial' 0 0.5543380827482328 89.6169486613646
 0.1694915254237288 69 1 8 6]
[0.0006298016333102192 'Spatial' 0 0.5543380827482328 89.6169486613646
 0.1694915254237288 69 1 9 6]
[0.0006298016333102192 'Spatial' 0 0.5543380827482328 89.6169486613646
 0.1694915254237288 69 1 10 6]
[0.0006298016333102192 'Spatial' 0 0.5543380827482328 89.6169486613646
 0.1694915254237288 69 1 11 6]
[0.7454598970583681 'Spatial' 0 0.5543380827482328 89.6169486613646
 0.6610169491525423 69 1 12 5]
[0.6934571325198738 'Spatial' 0 0.5543380827482328 89.6169486613646
 0.5084745762711864 69 1 13 5]
[0.6934571325198738 'Spatial' 0 0.5543380827482328 89.6169486613646
 0.1694915254237288 69 1 14 6]
[0.6934571325198738 'Spatial' 0 0.5543380827482328 89.6169486613646
 0.1694915254237288 69 1 15 6]
[0.6934571325198738 'Spatial' 0 0.5543380827482328 89.6169486613646
 0.1694915254237288 69 1 16 6]
[0.6934571325198738 'Spatial' 0 0.5543380827482328 89.6169486613646
 0.1694915254237288 69 1 17 6]
[0.6934571325198738 'Spatial' 0 0.5543380827482328 89.6169486613646
 0.1694915254237288 69 1 18 6]
[0.6934571325198738 'Spatial' 0 0.5543380827482328 89.6169486613646
 0.1694915254237288 69 1 19 6]
[0.0 'Spatial' 0 0.5543380827482328 89.6169486613646 0.0 69 2 0 4]
[11.53562087836576 'Spatial' 0 0.5543380827482328 89.6169486613646
 9.711864406779661 69 2 1 4]
[2.1061069333493516 'Spatial' 0 0.5543380827482328 89.6169486613646
 10.169491525423728 69 2 2 5]
[1.9459915743116158 'Spatial' 0 0.5543380827482328 89.6169486613646
 3.0508474576271185 69 2 3 6]
[1.6095559054726483 'Spatial' 0 0.5543380827482328 89.6169486613646
 1.5254237288135593 69 2 4 6]
[0.20537303329905604 'Spatial' 0 0.5543380827482328 89.6169486613646
 0.5932203389830508 69 2 5 6]
[0.0006298016333102192 'Spatial' 0 0.5543380827482328 89.6169486613646
 0.1694915254237288 69 2 6 6]
[0.0006298016333102192 'Spatial' 0 0.5543380827482328 89.6169486613646
 0.1694915254237288 69 2 7 6]
[0.0006298016333102192 'Spatial' 0 0.5543380827482328 89.6169486613646
 0.1694915254237288 69 2 8 6]
[0.0006298016333102192 'Spatial' 0 0.5543380827482328 89.6169486613646
 0.1694915254237288 69 2 9 6]
[0.0006298016333102192 'Spatial' 0 0.5543380827482328 89.6169486613646
 0.1694915254237288 69 2 10 6]
[0.0006298016333102192 'Spatial' 0 0.5543380827482328 89.6169486613646
 0.1694915254237288 69 2 11 6]
[0.7454598970583681 'Spatial' 0 0.5543380827482328 89.6169486613646
 0.6610169491525423 69 2 12 5]
[0.6934571325198738 'Spatial' 0 0.5543380827482328 89.6169486613646
 0.5084745762711864 69 2 13 5]
[0.6934571325198738 'Spatial' 0 0.5543380827482328 89.6169486613646
 0.1694915254237288 69 2 14 6]
[0.6934571325198738 'Spatial' 0 0.5543380827482328 89.6169486613646
 0.1694915254237288 69 2 15 6]
[0.6934571325198738 'Spatial' 0 0.5543380827482328 89.6169486613646
 0.1694915254237288 69 2 16 6]
[0.6934571325198738 'Spatial' 0 0.5543380827482328 89.6169486613646
 0.1694915254237288 69 2 17 6]
[0.6934571325198738 'Spatial' 0 0.5543380827482328 89.6169486613646
 0.1694915254237288 69 2 18 6]
[0.6934571325198738 'Spatial' 0 0.5543380827482328 89.6169486613646
 0.1694915254237288 69 2 19 6]
[0.0 'Spatial' 0 0.5543380827482328 89.6169486613646 0.0 69 3 0 4]
[11.53562087836576 'Spatial' 0 0.5543380827482328 89.6169486613646
 9.711864406779661 69 3 1 4]
[2.1061069333493516 'Spatial' 0 0.5543380827482328 89.6169486613646
 10.169491525423728 69 3 2 5]
[1.9459915743116158 'Spatial' 0 0.5543380827482328 89.6169486613646
 3.0508474576271185 69 3 3 6]
[1.6095559054726483 'Spatial' 0 0.5543380827482328 89.6169486613646
 1.5254237288135593 69 3 4 6]
[0.20537303329905604 'Spatial' 0 0.5543380827482328 89.6169486613646
 0.5932203389830508 69 3 5 6]
[0.0006298016333102192 'Spatial' 0 0.5543380827482328 89.6169486613646
 0.1694915254237288 69 3 6 6]
[0.0006298016333102192 'Spatial' 0 0.5543380827482328 89.6169486613646
 0.1694915254237288 69 3 7 6]
[0.0006298016333102192 'Spatial' 0 0.5543380827482328 89.6169486613646
 0.1694915254237288 69 3 8 6]
[0.0006298016333102192 'Spatial' 0 0.5543380827482328 89.6169486613646
 0.1694915254237288 69 3 9 6]
[0.0006298016333102192 'Spatial' 0 0.5543380827482328 89.6169486613646
 0.1694915254237288 69 3 10 6]
[0.0006298016333102192 'Spatial' 0 0.5543380827482328 89.6169486613646
 0.1694915254237288 69 3 11 6]
[0.7454598970583681 'Spatial' 0 0.5543380827482328 89.6169486613646
 0.6610169491525423 69 3 12 5]
[0.6934571325198738 'Spatial' 0 0.5543380827482328 89.6169486613646
 0.5084745762711864 69 3 13 5]
[0.6934571325198738 'Spatial' 0 0.5543380827482328 89.6169486613646
 0.1694915254237288 69 3 14 6]
[0.6934571325198738 'Spatial' 0 0.5543380827482328 89.6169486613646
 0.1694915254237288 69 3 15 6]
[0.6934571325198738 'Spatial' 0 0.5543380827482328 89.6169486613646
 0.1694915254237288 69 3 16 6]
[0.6934571325198738 'Spatial' 0 0.5543380827482328 89.6169486613646
 0.1694915254237288 69 3 17 6]
[0.6934571325198738 'Spatial' 0 0.5543380827482328 89.6169486613646
 0.1694915254237288 69 3 18 6]
[0.6934571325198738 'Spatial' 0 0.5543380827482328 89.6169486613646
 0.1694915254237288 69 3 19 6]
[0.0 'Spatial' 0 0.5543380827482328 89.6169486613646 0.0 69 4 0 4]
[11.53562087836576 'Spatial' 0 0.5543380827482328 89.6169486613646
 9.711864406779661 69 4 1 4]
[2.1061069333493516 'Spatial' 0 0.5543380827482328 89.6169486613646
 10.169491525423728 69 4 2 5]
[1.9459915743116158 'Spatial' 0 0.5543380827482328 89.6169486613646
 3.0508474576271185 69 4 3 6]
[1.6095559054726483 'Spatial' 0 0.5543380827482328 89.6169486613646
 1.5254237288135593 69 4 4 6]
[0.20537303329905604 'Spatial' 0 0.5543380827482328 89.6169486613646
 0.5932203389830508 69 4 5 6]
[0.0006298016333102192 'Spatial' 0 0.5543380827482328 89.6169486613646
 0.1694915254237288 69 4 6 6]
[0.0006298016333102192 'Spatial' 0 0.5543380827482328 89.6169486613646
 0.1694915254237288 69 4 7 6]
[0.0006298016333102192 'Spatial' 0 0.5543380827482328 89.6169486613646
 0.1694915254237288 69 4 8 6]
[0.0006298016333102192 'Spatial' 0 0.5543380827482328 89.6169486613646
 0.1694915254237288 69 4 9 6]
[0.0006298016333102192 'Spatial' 0 0.5543380827482328 89.6169486613646
 0.1694915254237288 69 4 10 6]
[0.0006298016333102192 'Spatial' 0 0.5543380827482328 89.6169486613646
 0.1694915254237288 69 4 11 6]
[0.7454598970583681 'Spatial' 0 0.5543380827482328 89.6169486613646
 0.6610169491525423 69 4 12 5]
[0.6934571325198738 'Spatial' 0 0.5543380827482328 89.6169486613646
 0.5084745762711864 69 4 13 5]
[0.6934571325198738 'Spatial' 0 0.5543380827482328 89.6169486613646
 0.1694915254237288 69 4 14 6]
[0.6934571325198738 'Spatial' 0 0.5543380827482328 89.6169486613646
 0.1694915254237288 69 4 15 6]
[0.6934571325198738 'Spatial' 0 0.5543380827482328 89.6169486613646
 0.1694915254237288 69 4 16 6]
[0.6934571325198738 'Spatial' 0 0.5543380827482328 89.6169486613646
 0.1694915254237288 69 4 17 6]
[0.6934571325198738 'Spatial' 0 0.5543380827482328 89.6169486613646
 0.1694915254237288 69 4 18 6]
[0.6934571325198738 'Spatial' 0 0.5543380827482328 89.6169486613646
 0.1694915254237288 69 4 19 6]
[0.0 'Spatial' 0 0.5543380827482328 89.6169486613646 0.0 69 5 0 4]
[11.53562087836576 'Spatial' 0 0.5543380827482328 89.6169486613646
 9.711864406779661 69 5 1 4]
[2.1061069333493516 'Spatial' 0 0.5543380827482328 89.6169486613646
 10.169491525423728 69 5 2 5]
[1.9459915743116158 'Spatial' 0 0.5543380827482328 89.6169486613646
 3.0508474576271185 69 5 3 6]
[1.6095559054726483 'Spatial' 0 0.5543380827482328 89.6169486613646
 1.5254237288135593 69 5 4 6]
[0.20537303329905604 'Spatial' 0 0.5543380827482328 89.6169486613646
 0.5932203389830508 69 5 5 6]
[0.0006298016333102192 'Spatial' 0 0.5543380827482328 89.6169486613646
 0.1694915254237288 69 5 6 6]
[0.0006298016333102192 'Spatial' 0 0.5543380827482328 89.6169486613646
 0.1694915254237288 69 5 7 6]
[0.0006298016333102192 'Spatial' 0 0.5543380827482328 89.6169486613646
 0.1694915254237288 69 5 8 6]
[0.0006298016333102192 'Spatial' 0 0.5543380827482328 89.6169486613646
 0.1694915254237288 69 5 9 6]
[0.0006298016333102192 'Spatial' 0 0.5543380827482328 89.6169486613646
 0.1694915254237288 69 5 10 6]
[0.0006298016333102192 'Spatial' 0 0.5543380827482328 89.6169486613646
 0.1694915254237288 69 5 11 6]
[0.7454598970583681 'Spatial' 0 0.5543380827482328 89.6169486613646
 0.6610169491525423 69 5 12 5]
[0.6934571325198738 'Spatial' 0 0.5543380827482328 89.6169486613646
 0.5084745762711864 69 5 13 5]
[0.6934571325198738 'Spatial' 0 0.5543380827482328 89.6169486613646
 0.1694915254237288 69 5 14 6]
[0.6934571325198738 'Spatial' 0 0.5543380827482328 89.6169486613646
 0.1694915254237288 69 5 15 6]
[0.6934571325198738 'Spatial' 0 0.5543380827482328 89.6169486613646
 0.1694915254237288 69 5 16 6]
[0.6934571325198738 'Spatial' 0 0.5543380827482328 89.6169486613646
 0.1694915254237288 69 5 17 6]
[0.6934571325198738 'Spatial' 0 0.5543380827482328 89.6169486613646
 0.1694915254237288 69 5 18 6]
[0.6934571325198738 'Spatial' 0 0.5543380827482328 89.6169486613646
 0.1694915254237288 69 5 19 6]
[0.0 'Spatial' 0 0.5543380827482328 89.6169486613646 0.0 69 6 0 4]
[11.53562087836576 'Spatial' 0 0.5543380827482328 89.6169486613646
 9.711864406779661 69 6 1 4]
[2.1061069333493516 'Spatial' 0 0.5543380827482328 89.6169486613646
 10.169491525423728 69 6 2 5]
[1.9459915743116158 'Spatial' 0 0.5543380827482328 89.6169486613646
 3.0508474576271185 69 6 3 6]
[1.6095559054726483 'Spatial' 0 0.5543380827482328 89.6169486613646
 1.5254237288135593 69 6 4 6]
[0.20537303329905604 'Spatial' 0 0.5543380827482328 89.6169486613646
 0.5932203389830508 69 6 5 6]
[0.0006298016333102192 'Spatial' 0 0.5543380827482328 89.6169486613646
 0.1694915254237288 69 6 6 6]
[0.0006298016333102192 'Spatial' 0 0.5543380827482328 89.6169486613646
 0.1694915254237288 69 6 7 6]
[0.0006298016333102192 'Spatial' 0 0.5543380827482328 89.6169486613646
 0.1694915254237288 69 6 8 6]
[0.0006298016333102192 'Spatial' 0 0.5543380827482328 89.6169486613646
 0.1694915254237288 69 6 9 6]
[0.0006298016333102192 'Spatial' 0 0.5543380827482328 89.6169486613646
 0.1694915254237288 69 6 10 6]
[0.0006298016333102192 'Spatial' 0 0.5543380827482328 89.6169486613646
 0.1694915254237288 69 6 11 6]
[0.7454598970583681 'Spatial' 0 0.5543380827482328 89.6169486613646
 0.6610169491525423 69 6 12 5]
[0.6934571325198738 'Spatial' 0 0.5543380827482328 89.6169486613646
 0.5084745762711864 69 6 13 5]
[0.6934571325198738 'Spatial' 0 0.5543380827482328 89.6169486613646
 0.1694915254237288 69 6 14 6]
[0.6934571325198738 'Spatial' 0 0.5543380827482328 89.6169486613646
 0.1694915254237288 69 6 15 6]
[0.6934571325198738 'Spatial' 0 0.5543380827482328 89.6169486613646
 0.1694915254237288 69 6 16 6]
[0.6934571325198738 'Spatial' 0 0.5543380827482328 89.6169486613646
 0.1694915254237288 69 6 17 6]
[0.6934571325198738 'Spatial' 0 0.5543380827482328 89.6169486613646
 0.1694915254237288 69 6 18 6]
[0.6934571325198738 'Spatial' 0 0.5543380827482328 89.6169486613646
 0.1694915254237288 69 6 19 6]
[0.0 'Spatial' 0 0.5543380827482328 89.6169486613646 0.0 69 7 0 4]
[11.53562087836576 'Spatial' 0 0.5543380827482328 89.6169486613646
 9.711864406779661 69 7 1 4]
[2.1061069333493516 'Spatial' 0 0.5543380827482328 89.6169486613646
 10.169491525423728 69 7 2 5]
[1.9459915743116158 'Spatial' 0 0.5543380827482328 89.6169486613646
 3.0508474576271185 69 7 3 6]
[1.6095559054726483 'Spatial' 0 0.5543380827482328 89.6169486613646
 1.5254237288135593 69 7 4 6]
[0.20537303329905604 'Spatial' 0 0.5543380827482328 89.6169486613646
 0.5932203389830508 69 7 5 6]
[0.0006298016333102192 'Spatial' 0 0.5543380827482328 89.6169486613646
 0.1694915254237288 69 7 6 6]
[0.0006298016333102192 'Spatial' 0 0.5543380827482328 89.6169486613646
 0.1694915254237288 69 7 7 6]
[0.0006298016333102192 'Spatial' 0 0.5543380827482328 89.6169486613646
 0.1694915254237288 69 7 8 6]
[0.0006298016333102192 'Spatial' 0 0.5543380827482328 89.6169486613646
 0.1694915254237288 69 7 9 6]
[0.0006298016333102192 'Spatial' 0 0.5543380827482328 89.6169486613646
 0.1694915254237288 69 7 10 6]
[0.0006298016333102192 'Spatial' 0 0.5543380827482328 89.6169486613646
 0.1694915254237288 69 7 11 6]
[0.7454598970583681 'Spatial' 0 0.5543380827482328 89.6169486613646
 0.6610169491525423 69 7 12 5]
[0.6934571325198738 'Spatial' 0 0.5543380827482328 89.6169486613646
 0.5084745762711864 69 7 13 5]
[0.6934571325198738 'Spatial' 0 0.5543380827482328 89.6169486613646
 0.1694915254237288 69 7 14 6]
[0.6934571325198738 'Spatial' 0 0.5543380827482328 89.6169486613646
 0.1694915254237288 69 7 15 6]
[0.6934571325198738 'Spatial' 0 0.5543380827482328 89.6169486613646
 0.1694915254237288 69 7 16 6]
[0.6934571325198738 'Spatial' 0 0.5543380827482328 89.6169486613646
 0.1694915254237288 69 7 17 6]
[0.6934571325198738 'Spatial' 0 0.5543380827482328 89.6169486613646
 0.1694915254237288 69 7 18 6]
[0.6934571325198738 'Spatial' 0 0.5543380827482328 89.6169486613646
 0.1694915254237288 69 7 19 6]
[0.0 'Spatial' 0 0.5543380827482328 89.6169486613646 0.0 69 8 0 4]
[11.53562087836576 'Spatial' 0 0.5543380827482328 89.6169486613646
 9.711864406779661 69 8 1 4]
[2.1061069333493516 'Spatial' 0 0.5543380827482328 89.6169486613646
 10.169491525423728 69 8 2 5]
[1.9459915743116158 'Spatial' 0 0.5543380827482328 89.6169486613646
 3.0508474576271185 69 8 3 6]
[1.6095559054726483 'Spatial' 0 0.5543380827482328 89.6169486613646
 1.5254237288135593 69 8 4 6]
[0.20537303329905604 'Spatial' 0 0.5543380827482328 89.6169486613646
 0.5932203389830508 69 8 5 6]
[0.0006298016333102192 'Spatial' 0 0.5543380827482328 89.6169486613646
 0.1694915254237288 69 8 6 6]
[0.0006298016333102192 'Spatial' 0 0.5543380827482328 89.6169486613646
 0.1694915254237288 69 8 7 6]
[0.0006298016333102192 'Spatial' 0 0.5543380827482328 89.6169486613646
 0.1694915254237288 69 8 8 6]
[0.0006298016333102192 'Spatial' 0 0.5543380827482328 89.6169486613646
 0.1694915254237288 69 8 9 6]
[0.0006298016333102192 'Spatial' 0 0.5543380827482328 89.6169486613646
 0.1694915254237288 69 8 10 6]
[0.0006298016333102192 'Spatial' 0 0.5543380827482328 89.6169486613646
 0.1694915254237288 69 8 11 6]
[0.7454598970583681 'Spatial' 0 0.5543380827482328 89.6169486613646
 0.6610169491525423 69 8 12 5]
[0.6934571325198738 'Spatial' 0 0.5543380827482328 89.6169486613646
 0.5084745762711864 69 8 13 5]
[0.6934571325198738 'Spatial' 0 0.5543380827482328 89.6169486613646
 0.1694915254237288 69 8 14 6]
[0.6934571325198738 'Spatial' 0 0.5543380827482328 89.6169486613646
 0.1694915254237288 69 8 15 6]
[0.6934571325198738 'Spatial' 0 0.5543380827482328 89.6169486613646
 0.1694915254237288 69 8 16 6]
[0.6934571325198738 'Spatial' 0 0.5543380827482328 89.6169486613646
 0.1694915254237288 69 8 17 6]
[0.6934571325198738 'Spatial' 0 0.5543380827482328 89.6169486613646
 0.1694915254237288 69 8 18 6]
[0.6934571325198738 'Spatial' 0 0.5543380827482328 89.6169486613646
 0.1694915254237288 69 8 19 6]
