[0.0 'Spatial' 1 0.012914181534828515 0.40700490635497827 0.0 49 0 0 26]
[3.5631566946743978 'Spatial' 1 0.012914181534828515 0.40700490635497827
 1.2372881355932202 49 0 1 30]
[2.4382010695525973 'Spatial' 1 0.012914181534828515 0.40700490635497827
 1.6779661016949152 49 0 2 54]
[2.2356299254900294 'Spatial' 1 0.012914181534828515 0.40700490635497827
 1.2372881355932202 49 0 3 14]
[1.9351314719616646 'Spatial' 1 0.012914181534828515 0.40700490635497827
 1.3050847457627117 49 0 4 7]
[0.7005466136790149 'Spatial' 1 0.012914181534828515 0.40700490635497827
 0.5932203389830508 49 0 5 6]
[1.8604121853616093 'Spatial' 1 0.012914181534828515 0.40700490635497827
 3.6101694915254234 49 0 6 15]
[4.1588830833596715 'Spatial' 1 0.012914181534828515 0.40700490635497827
 7.288135593220339 49 0 7 23]
[0.0006298016333102192 'Spatial' 1 0.012914181534828515
 0.40700490635497827 0.6779661016949152 49 0 8 15]
[1.737797944638021 'Spatial' 1 0.012914181534828515 0.40700490635497827
 5.067796610169491 49 0 9 7]
[1.2267905242417516 'Spatial' 1 0.012914181534828515 0.40700490635497827
 4.627118644067796 49 0 10 7]
[0.9639962790396697 'Spatial' 1 0.012914181534828515 0.40700490635497827
 5.745762711864407 49 0 11 6]
[1.7664746064146335 'Spatial' 1 0.012914181534828515 0.40700490635497827
 5.508474576271186 49 0 12 14]
[0.0006298016333102192 'Spatial' 1 0.012914181534828515
 0.40700490635497827 0.1694915254237288 49 0 13 7]
[0.0006298016333102192 'Spatial' 1 0.012914181534828515
 0.40700490635497827 0.1694915254237288 49 0 14 7]
[0.0006298016333102192 'Spatial' 1 0.012914181534828515
 0.40700490635497827 0.1694915254237288 49 0 15 7]
[0.0006298016333102192 'Spatial' 1 0.012914181534828515
 0.40700490635497827 0.1694915254237288 49 0 16 7]
[0.0006298016333102192 'Spatial' 1 0.012914181534828515
 0.40700490635497827 0.1694915254237288 49 0 17 7]
[0.0006298016333102192 'Spatial' 1 0.012914181534828515
 0.40700490635497827 0.1694915254237288 49 0 18 7]
[0.0006298016333102192 'Spatial' 1 0.012914181534828515
 0.40700490635497827 0.1694915254237288 49 0 19 7]
[0.0 'Spatial' 1 0.012914181534828515 0.40700490635497827 0.0 49 1 0 26]
[3.5631566946743978 'Spatial' 1 0.012914181534828515 0.40700490635497827
 1.2372881355932202 49 1 1 30]
[2.4382010695525973 'Spatial' 1 0.012914181534828515 0.40700490635497827
 1.6779661016949152 49 1 2 54]
[2.2356299254900294 'Spatial' 1 0.012914181534828515 0.40700490635497827
 1.2372881355932202 49 1 3 14]
[1.9351314719616646 'Spatial' 1 0.012914181534828515 0.40700490635497827
 1.3050847457627117 49 1 4 7]
[0.7005466136790149 'Spatial' 1 0.012914181534828515 0.40700490635497827
 0.5932203389830508 49 1 5 6]
[1.8604121853616093 'Spatial' 1 0.012914181534828515 0.40700490635497827
 3.6101694915254234 49 1 6 15]
[4.1588830833596715 'Spatial' 1 0.012914181534828515 0.40700490635497827
 7.288135593220339 49 1 7 23]
[0.0006298016333102192 'Spatial' 1 0.012914181534828515
 0.40700490635497827 0.6779661016949152 49 1 8 15]
[1.737797944638021 'Spatial' 1 0.012914181534828515 0.40700490635497827
 5.067796610169491 49 1 9 7]
[1.2267905242417516 'Spatial' 1 0.012914181534828515 0.40700490635497827
 4.627118644067796 49 1 10 7]
[0.9639962790396697 'Spatial' 1 0.012914181534828515 0.40700490635497827
 5.745762711864407 49 1 11 6]
[1.7664746064146335 'Spatial' 1 0.012914181534828515 0.40700490635497827
 5.508474576271186 49 1 12 14]
[0.0006298016333102192 'Spatial' 1 0.012914181534828515
 0.40700490635497827 0.1694915254237288 49 1 13 7]
[0.0006298016333102192 'Spatial' 1 0.012914181534828515
 0.40700490635497827 0.1694915254237288 49 1 14 7]
[0.0006298016333102192 'Spatial' 1 0.012914181534828515
 0.40700490635497827 0.1694915254237288 49 1 15 7]
[0.0006298016333102192 'Spatial' 1 0.012914181534828515
 0.40700490635497827 0.1694915254237288 49 1 16 7]
[0.0006298016333102192 'Spatial' 1 0.012914181534828515
 0.40700490635497827 0.1694915254237288 49 1 17 7]
[0.0006298016333102192 'Spatial' 1 0.012914181534828515
 0.40700490635497827 0.1694915254237288 49 1 18 7]
[0.0006298016333102192 'Spatial' 1 0.012914181534828515
 0.40700490635497827 0.1694915254237288 49 1 19 7]
[0.0 'Spatial' 1 0.012914181534828515 0.40700490635497827 0.0 49 2 0 26]
[3.5631566946743978 'Spatial' 1 0.012914181534828515 0.40700490635497827
 1.2372881355932202 49 2 1 30]
[2.4382010695525973 'Spatial' 1 0.012914181534828515 0.40700490635497827
 1.6779661016949152 49 2 2 54]
[2.2356299254900294 'Spatial' 1 0.012914181534828515 0.40700490635497827
 1.2372881355932202 49 2 3 14]
[1.9351314719616646 'Spatial' 1 0.012914181534828515 0.40700490635497827
 1.3050847457627117 49 2 4 7]
[0.7005466136790149 'Spatial' 1 0.012914181534828515 0.40700490635497827
 0.5932203389830508 49 2 5 6]
[1.8604121853616093 'Spatial' 1 0.012914181534828515 0.40700490635497827
 3.6101694915254234 49 2 6 15]
[4.1588830833596715 'Spatial' 1 0.012914181534828515 0.40700490635497827
 7.288135593220339 49 2 7 23]
[0.0006298016333102192 'Spatial' 1 0.012914181534828515
 0.40700490635497827 0.6779661016949152 49 2 8 15]
[1.737797944638021 'Spatial' 1 0.012914181534828515 0.40700490635497827
 5.067796610169491 49 2 9 7]
[1.2267905242417516 'Spatial' 1 0.012914181534828515 0.40700490635497827
 4.627118644067796 49 2 10 7]
[0.9639962790396697 'Spatial' 1 0.012914181534828515 0.40700490635497827
 5.745762711864407 49 2 11 6]
[1.7664746064146335 'Spatial' 1 0.012914181534828515 0.40700490635497827
 5.508474576271186 49 2 12 14]
[0.0006298016333102192 'Spatial' 1 0.012914181534828515
 0.40700490635497827 0.1694915254237288 49 2 13 7]
[0.0006298016333102192 'Spatial' 1 0.012914181534828515
 0.40700490635497827 0.1694915254237288 49 2 14 7]
[0.0006298016333102192 'Spatial' 1 0.012914181534828515
 0.40700490635497827 0.1694915254237288 49 2 15 7]
[0.0006298016333102192 'Spatial' 1 0.012914181534828515
 0.40700490635497827 0.1694915254237288 49 2 16 7]
[0.0006298016333102192 'Spatial' 1 0.012914181534828515
 0.40700490635497827 0.1694915254237288 49 2 17 7]
[0.0006298016333102192 'Spatial' 1 0.012914181534828515
 0.40700490635497827 0.1694915254237288 49 2 18 7]
[0.0006298016333102192 'Spatial' 1 0.012914181534828515
 0.40700490635497827 0.1694915254237288 49 2 19 7]
[0.0 'Spatial' 1 0.012914181534828515 0.40700490635497827 0.0 49 3 0 26]
[3.5631566946743978 'Spatial' 1 0.012914181534828515 0.40700490635497827
 1.2372881355932202 49 3 1 30]
[2.4382010695525973 'Spatial' 1 0.012914181534828515 0.40700490635497827
 1.6779661016949152 49 3 2 54]
[2.2356299254900294 'Spatial' 1 0.012914181534828515 0.40700490635497827
 1.2372881355932202 49 3 3 14]
[1.9351314719616646 'Spatial' 1 0.012914181534828515 0.40700490635497827
 1.3050847457627117 49 3 4 7]
[0.7005466136790149 'Spatial' 1 0.012914181534828515 0.40700490635497827
 0.5932203389830508 49 3 5 6]
[1.8604121853616093 'Spatial' 1 0.012914181534828515 0.40700490635497827
 3.6101694915254234 49 3 6 15]
[4.1588830833596715 'Spatial' 1 0.012914181534828515 0.40700490635497827
 7.288135593220339 49 3 7 23]
[0.0006298016333102192 'Spatial' 1 0.012914181534828515
 0.40700490635497827 0.6779661016949152 49 3 8 15]
[1.737797944638021 'Spatial' 1 0.012914181534828515 0.40700490635497827
 5.067796610169491 49 3 9 7]
[1.2267905242417516 'Spatial' 1 0.012914181534828515 0.40700490635497827
 4.627118644067796 49 3 10 7]
[0.9639962790396697 'Spatial' 1 0.012914181534828515 0.40700490635497827
 5.745762711864407 49 3 11 6]
[1.7664746064146335 'Spatial' 1 0.012914181534828515 0.40700490635497827
 5.508474576271186 49 3 12 14]
[0.0006298016333102192 'Spatial' 1 0.012914181534828515
 0.40700490635497827 0.1694915254237288 49 3 13 7]
[0.0006298016333102192 'Spatial' 1 0.012914181534828515
 0.40700490635497827 0.1694915254237288 49 3 14 7]
[0.0006298016333102192 'Spatial' 1 0.012914181534828515
 0.40700490635497827 0.1694915254237288 49 3 15 7]
[0.0006298016333102192 'Spatial' 1 0.012914181534828515
 0.40700490635497827 0.1694915254237288 49 3 16 7]
[0.0006298016333102192 'Spatial' 1 0.012914181534828515
 0.40700490635497827 0.1694915254237288 49 3 17 7]
[0.0006298016333102192 'Spatial' 1 0.012914181534828515
 0.40700490635497827 0.1694915254237288 49 3 18 7]
[0.0006298016333102192 'Spatial' 1 0.012914181534828515
 0.40700490635497827 0.1694915254237288 49 3 19 7]
[0.0 'Spatial' 1 0.012914181534828515 0.40700490635497827 0.0 49 4 0 26]
[3.5631566946743978 'Spatial' 1 0.012914181534828515 0.40700490635497827
 1.2372881355932202 49 4 1 30]
[2.4382010695525973 'Spatial' 1 0.012914181534828515 0.40700490635497827
 1.6779661016949152 49 4 2 54]
[2.2356299254900294 'Spatial' 1 0.012914181534828515 0.40700490635497827
 1.2372881355932202 49 4 3 14]
[1.9351314719616646 'Spatial' 1 0.012914181534828515 0.40700490635497827
 1.3050847457627117 49 4 4 7]
[0.7005466136790149 'Spatial' 1 0.012914181534828515 0.40700490635497827
 0.5932203389830508 49 4 5 6]
[1.8604121853616093 'Spatial' 1 0.012914181534828515 0.40700490635497827
 3.6101694915254234 49 4 6 15]
[4.1588830833596715 'Spatial' 1 0.012914181534828515 0.40700490635497827
 7.288135593220339 49 4 7 23]
[0.0006298016333102192 'Spatial' 1 0.012914181534828515
 0.40700490635497827 0.6779661016949152 49 4 8 15]
[1.737797944638021 'Spatial' 1 0.012914181534828515 0.40700490635497827
 5.067796610169491 49 4 9 7]
[1.2267905242417516 'Spatial' 1 0.012914181534828515 0.40700490635497827
 4.627118644067796 49 4 10 7]
[0.9639962790396697 'Spatial' 1 0.012914181534828515 0.40700490635497827
 5.745762711864407 49 4 11 6]
[1.7664746064146335 'Spatial' 1 0.012914181534828515 0.40700490635497827
 5.508474576271186 49 4 12 14]
[0.0006298016333102192 'Spatial' 1 0.012914181534828515
 0.40700490635497827 0.1694915254237288 49 4 13 7]
[0.0006298016333102192 'Spatial' 1 0.012914181534828515
 0.40700490635497827 0.1694915254237288 49 4 14 7]
[0.0006298016333102192 'Spatial' 1 0.012914181534828515
 0.40700490635497827 0.1694915254237288 49 4 15 7]
[0.0006298016333102192 'Spatial' 1 0.012914181534828515
 0.40700490635497827 0.1694915254237288 49 4 16 7]
[0.0006298016333102192 'Spatial' 1 0.012914181534828515
 0.40700490635497827 0.1694915254237288 49 4 17 7]
[0.0006298016333102192 'Spatial' 1 0.012914181534828515
 0.40700490635497827 0.1694915254237288 49 4 18 7]
[0.0006298016333102192 'Spatial' 1 0.012914181534828515
 0.40700490635497827 0.1694915254237288 49 4 19 7]
[0.0 'Spatial' 1 0.012914181534828515 0.40700490635497827 0.0 49 5 0 26]
[3.5631566946743978 'Spatial' 1 0.012914181534828515 0.40700490635497827
 1.2372881355932202 49 5 1 30]
[2.4382010695525973 'Spatial' 1 0.012914181534828515 0.40700490635497827
 1.6779661016949152 49 5 2 54]
[2.2356299254900294 'Spatial' 1 0.012914181534828515 0.40700490635497827
 1.2372881355932202 49 5 3 14]
[1.9351314719616646 'Spatial' 1 0.012914181534828515 0.40700490635497827
 1.3050847457627117 49 5 4 7]
[0.7005466136790149 'Spatial' 1 0.012914181534828515 0.40700490635497827
 0.5932203389830508 49 5 5 6]
[1.8604121853616093 'Spatial' 1 0.012914181534828515 0.40700490635497827
 3.6101694915254234 49 5 6 15]
[4.1588830833596715 'Spatial' 1 0.012914181534828515 0.40700490635497827
 7.288135593220339 49 5 7 23]
[0.0006298016333102192 'Spatial' 1 0.012914181534828515
 0.40700490635497827 0.6779661016949152 49 5 8 15]
[1.737797944638021 'Spatial' 1 0.012914181534828515 0.40700490635497827
 5.067796610169491 49 5 9 7]
[1.2267905242417516 'Spatial' 1 0.012914181534828515 0.40700490635497827
 4.627118644067796 49 5 10 7]
[0.9639962790396697 'Spatial' 1 0.012914181534828515 0.40700490635497827
 5.745762711864407 49 5 11 6]
[1.7664746064146335 'Spatial' 1 0.012914181534828515 0.40700490635497827
 5.508474576271186 49 5 12 14]
[0.0006298016333102192 'Spatial' 1 0.012914181534828515
 0.40700490635497827 0.1694915254237288 49 5 13 7]
[0.0006298016333102192 'Spatial' 1 0.012914181534828515
 0.40700490635497827 0.1694915254237288 49 5 14 7]
[0.0006298016333102192 'Spatial' 1 0.012914181534828515
 0.40700490635497827 0.1694915254237288 49 5 15 7]
[0.0006298016333102192 'Spatial' 1 0.012914181534828515
 0.40700490635497827 0.1694915254237288 49 5 16 7]
[0.0006298016333102192 'Spatial' 1 0.012914181534828515
 0.40700490635497827 0.1694915254237288 49 5 17 7]
[0.0006298016333102192 'Spatial' 1 0.012914181534828515
 0.40700490635497827 0.1694915254237288 49 5 18 7]
[0.0006298016333102192 'Spatial' 1 0.012914181534828515
 0.40700490635497827 0.1694915254237288 49 5 19 7]
[0.0 'Spatial' 1 0.012914181534828515 0.40700490635497827 0.0 49 6 0 26]
[3.5631566946743978 'Spatial' 1 0.012914181534828515 0.40700490635497827
 1.2372881355932202 49 6 1 30]
[2.4382010695525973 'Spatial' 1 0.012914181534828515 0.40700490635497827
 1.6779661016949152 49 6 2 54]
[2.2356299254900294 'Spatial' 1 0.012914181534828515 0.40700490635497827
 1.2372881355932202 49 6 3 14]
[1.9351314719616646 'Spatial' 1 0.012914181534828515 0.40700490635497827
 1.3050847457627117 49 6 4 7]
[0.7005466136790149 'Spatial' 1 0.012914181534828515 0.40700490635497827
 0.5932203389830508 49 6 5 6]
[1.8604121853616093 'Spatial' 1 0.012914181534828515 0.40700490635497827
 3.6101694915254234 49 6 6 15]
[4.1588830833596715 'Spatial' 1 0.012914181534828515 0.40700490635497827
 7.288135593220339 49 6 7 23]
[0.0006298016333102192 'Spatial' 1 0.012914181534828515
 0.40700490635497827 0.6779661016949152 49 6 8 15]
[1.737797944638021 'Spatial' 1 0.012914181534828515 0.40700490635497827
 5.067796610169491 49 6 9 7]
[1.2267905242417516 'Spatial' 1 0.012914181534828515 0.40700490635497827
 4.627118644067796 49 6 10 7]
[0.9639962790396697 'Spatial' 1 0.012914181534828515 0.40700490635497827
 5.745762711864407 49 6 11 6]
[1.7664746064146335 'Spatial' 1 0.012914181534828515 0.40700490635497827
 5.508474576271186 49 6 12 14]
[0.0006298016333102192 'Spatial' 1 0.012914181534828515
 0.40700490635497827 0.1694915254237288 49 6 13 7]
[0.0006298016333102192 'Spatial' 1 0.012914181534828515
 0.40700490635497827 0.1694915254237288 49 6 14 7]
[0.0006298016333102192 'Spatial' 1 0.012914181534828515
 0.40700490635497827 0.1694915254237288 49 6 15 7]
[0.0006298016333102192 'Spatial' 1 0.012914181534828515
 0.40700490635497827 0.1694915254237288 49 6 16 7]
[0.0006298016333102192 'Spatial' 1 0.012914181534828515
 0.40700490635497827 0.1694915254237288 49 6 17 7]
[0.0006298016333102192 'Spatial' 1 0.012914181534828515
 0.40700490635497827 0.1694915254237288 49 6 18 7]
[0.0006298016333102192 'Spatial' 1 0.012914181534828515
 0.40700490635497827 0.1694915254237288 49 6 19 7]
[0.0 'Spatial' 1 0.012914181534828515 0.40700490635497827 0.0 49 7 0 26]
[3.5631566946743978 'Spatial' 1 0.012914181534828515 0.40700490635497827
 1.2372881355932202 49 7 1 30]
[2.4382010695525973 'Spatial' 1 0.012914181534828515 0.40700490635497827
 1.6779661016949152 49 7 2 54]
[2.2356299254900294 'Spatial' 1 0.012914181534828515 0.40700490635497827
 1.2372881355932202 49 7 3 14]
[1.9351314719616646 'Spatial' 1 0.012914181534828515 0.40700490635497827
 1.3050847457627117 49 7 4 7]
[0.7005466136790149 'Spatial' 1 0.012914181534828515 0.40700490635497827
 0.5932203389830508 49 7 5 6]
[1.8604121853616093 'Spatial' 1 0.012914181534828515 0.40700490635497827
 3.6101694915254234 49 7 6 15]
[4.1588830833596715 'Spatial' 1 0.012914181534828515 0.40700490635497827
 7.288135593220339 49 7 7 23]
[0.0006298016333102192 'Spatial' 1 0.012914181534828515
 0.40700490635497827 0.6779661016949152 49 7 8 15]
[1.737797944638021 'Spatial' 1 0.012914181534828515 0.40700490635497827
 5.067796610169491 49 7 9 7]
[1.2267905242417516 'Spatial' 1 0.012914181534828515 0.40700490635497827
 4.627118644067796 49 7 10 7]
[0.9639962790396697 'Spatial' 1 0.012914181534828515 0.40700490635497827
 5.745762711864407 49 7 11 6]
[1.7664746064146335 'Spatial' 1 0.012914181534828515 0.40700490635497827
 5.508474576271186 49 7 12 14]
[0.0006298016333102192 'Spatial' 1 0.012914181534828515
 0.40700490635497827 0.1694915254237288 49 7 13 7]
[0.0006298016333102192 'Spatial' 1 0.012914181534828515
 0.40700490635497827 0.1694915254237288 49 7 14 7]
[0.0006298016333102192 'Spatial' 1 0.012914181534828515
 0.40700490635497827 0.1694915254237288 49 7 15 7]
[0.0006298016333102192 'Spatial' 1 0.012914181534828515
 0.40700490635497827 0.1694915254237288 49 7 16 7]
[0.0006298016333102192 'Spatial' 1 0.012914181534828515
 0.40700490635497827 0.1694915254237288 49 7 17 7]
[0.0006298016333102192 'Spatial' 1 0.012914181534828515
 0.40700490635497827 0.1694915254237288 49 7 18 7]
[0.0006298016333102192 'Spatial' 1 0.012914181534828515
 0.40700490635497827 0.1694915254237288 49 7 19 7]
[0.0 'Spatial' 1 0.012914181534828515 0.40700490635497827 0.0 49 8 0 26]
[3.5631566946743978 'Spatial' 1 0.012914181534828515 0.40700490635497827
 1.2372881355932202 49 8 1 30]
[2.4382010695525973 'Spatial' 1 0.012914181534828515 0.40700490635497827
 1.6779661016949152 49 8 2 54]
[2.2356299254900294 'Spatial' 1 0.012914181534828515 0.40700490635497827
 1.2372881355932202 49 8 3 14]
[1.9351314719616646 'Spatial' 1 0.012914181534828515 0.40700490635497827
 1.3050847457627117 49 8 4 7]
[0.7005466136790149 'Spatial' 1 0.012914181534828515 0.40700490635497827
 0.5932203389830508 49 8 5 6]
[1.8604121853616093 'Spatial' 1 0.012914181534828515 0.40700490635497827
 3.6101694915254234 49 8 6 15]
[4.1588830833596715 'Spatial' 1 0.012914181534828515 0.40700490635497827
 7.288135593220339 49 8 7 23]
[0.0006298016333102192 'Spatial' 1 0.012914181534828515
 0.40700490635497827 0.6779661016949152 49 8 8 15]
[1.737797944638021 'Spatial' 1 0.012914181534828515 0.40700490635497827
 5.067796610169491 49 8 9 7]
[1.2267905242417516 'Spatial' 1 0.012914181534828515 0.40700490635497827
 4.627118644067796 49 8 10 7]
[0.9639962790396697 'Spatial' 1 0.012914181534828515 0.40700490635497827
 5.745762711864407 49 8 11 6]
[1.7664746064146335 'Spatial' 1 0.012914181534828515 0.40700490635497827
 5.508474576271186 49 8 12 14]
[0.0006298016333102192 'Spatial' 1 0.012914181534828515
 0.40700490635497827 0.1694915254237288 49 8 13 7]
[0.0006298016333102192 'Spatial' 1 0.012914181534828515
 0.40700490635497827 0.1694915254237288 49 8 14 7]
[0.0006298016333102192 'Spatial' 1 0.012914181534828515
 0.40700490635497827 0.1694915254237288 49 8 15 7]
[0.0006298016333102192 'Spatial' 1 0.012914181534828515
 0.40700490635497827 0.1694915254237288 49 8 16 7]
[0.0006298016333102192 'Spatial' 1 0.012914181534828515
 0.40700490635497827 0.1694915254237288 49 8 17 7]
[0.0006298016333102192 'Spatial' 1 0.012914181534828515
 0.40700490635497827 0.1694915254237288 49 8 18 7]
[0.0006298016333102192 'Spatial' 1 0.012914181534828515
 0.40700490635497827 0.1694915254237288 49 8 19 7]
