[0.0 'Conceptual' 0 0.25099453744495515 1.7843494793646772 0.0 58 0 0 43]
[4.026330845837202 'Conceptual' 0 0.25099453744495515 1.7843494793646772
 1.406779661016949 58 0 1 50]
[2.765539957724043 'Conceptual' 0 0.25099453744495515 1.7843494793646772
 5.135593220338983 58 0 2 26]
[3.724716956637833 'Conceptual' 0 0.25099453744495515 1.7843494793646772
 7.881355932203389 58 0 3 34]
[3.402873100741025 'Conceptual' 0 0.25099453744495515 1.7843494793646772
 1.847457627118644 58 0 4 26]
[3.607338830032491 'Conceptual' 0 0.25099453744495515 1.7843494793646772
 1.1864406779661016 58 0 5 34]
[3.3077407034931547 'Conceptual' 0 0.25099453744495515 1.7843494793646772
 1.5762711864406778 58 0 6 34]
[4.026116445406779 'Conceptual' 0 0.25099453744495515 1.7843494793646772
 0.423728813559322 58 0 7 25]
[3.9297283167636934 'Conceptual' 0 0.25099453744495515 1.7843494793646772
 0.559322033898305 58 0 8 34]
[2.1886490440633395 'Conceptual' 0 0.25099453744495515 1.7843494793646772
 3.6101694915254234 58 0 9 34]
[1.7865462973723578 'Conceptual' 0 0.25099453744495515 1.7843494793646772
 2.3559322033898304 58 0 10 34]
[3.970642684216956 'Conceptual' 0 0.25099453744495515 1.7843494793646772
 0.1694915254237288 58 0 11 34]
[2.2405702201737623 'Conceptual' 0 0.25099453744495515 1.7843494793646772
 4.4576271186440675 58 0 12 34]
[3.8603622789615772 'Conceptual' 0 0.25099453744495515 1.7843494793646772
 0.7288135593220338 58 0 13 34]
[2.7821562190643783 'Conceptual' 0 0.25099453744495515 1.7843494793646772
 1.0677966101694913 58 0 14 42]
[4.057443505842918 'Conceptual' 0 0.25099453744495515 1.7843494793646772
 0.1694915254237288 58 0 15 34]
[3.937224347431563 'Conceptual' 0 0.25099453744495515 1.7843494793646772
 1.1864406779661016 58 0 16 34]
[2.668118834322929 'Conceptual' 0 0.25099453744495515 1.7843494793646772
 3.6101694915254234 58 0 17 34]
[3.0557221703777944 'Conceptual' 0 0.25099453744495515 1.7843494793646772
 1.4406779661016949 58 0 18 34]
[3.1800086161563605 'Conceptual' 0 0.25099453744495515 1.7843494793646772
 0.8305084745762711 58 0 19 34]
[0.0 'Conceptual' 0 0.25099453744495515 1.7843494793646772 0.0 58 1 0 43]
[4.026330845837202 'Conceptual' 0 0.25099453744495515 1.7843494793646772
 1.406779661016949 58 1 1 50]
[2.765539957724043 'Conceptual' 0 0.25099453744495515 1.7843494793646772
 5.135593220338983 58 1 2 26]
[3.724716956637833 'Conceptual' 0 0.25099453744495515 1.7843494793646772
 7.881355932203389 58 1 3 34]
[3.402873100741025 'Conceptual' 0 0.25099453744495515 1.7843494793646772
 1.847457627118644 58 1 4 26]
[3.607338830032491 'Conceptual' 0 0.25099453744495515 1.7843494793646772
 1.1864406779661016 58 1 5 34]
[3.3077407034931547 'Conceptual' 0 0.25099453744495515 1.7843494793646772
 1.5762711864406778 58 1 6 34]
[4.026116445406779 'Conceptual' 0 0.25099453744495515 1.7843494793646772
 0.423728813559322 58 1 7 25]
[3.9297283167636934 'Conceptual' 0 0.25099453744495515 1.7843494793646772
 0.559322033898305 58 1 8 34]
[2.1886490440633395 'Conceptual' 0 0.25099453744495515 1.7843494793646772
 3.6101694915254234 58 1 9 34]
[1.7865462973723578 'Conceptual' 0 0.25099453744495515 1.7843494793646772
 2.3559322033898304 58 1 10 34]
[3.970642684216956 'Conceptual' 0 0.25099453744495515 1.7843494793646772
 0.1694915254237288 58 1 11 34]
[2.2405702201737623 'Conceptual' 0 0.25099453744495515 1.7843494793646772
 4.4576271186440675 58 1 12 34]
[3.8603622789615772 'Conceptual' 0 0.25099453744495515 1.7843494793646772
 0.7288135593220338 58 1 13 34]
[2.7821562190643783 'Conceptual' 0 0.25099453744495515 1.7843494793646772
 1.0677966101694913 58 1 14 42]
[4.057443505842918 'Conceptual' 0 0.25099453744495515 1.7843494793646772
 0.1694915254237288 58 1 15 34]
[3.937224347431563 'Conceptual' 0 0.25099453744495515 1.7843494793646772
 1.1864406779661016 58 1 16 34]
[2.668118834322929 'Conceptual' 0 0.25099453744495515 1.7843494793646772
 3.6101694915254234 58 1 17 34]
[3.0557221703777944 'Conceptual' 0 0.25099453744495515 1.7843494793646772
 1.4406779661016949 58 1 18 34]
[3.1800086161563605 'Conceptual' 0 0.25099453744495515 1.7843494793646772
 0.8305084745762711 58 1 19 34]
[0.0 'Conceptual' 0 0.25099453744495515 1.7843494793646772 0.0 58 2 0 43]
[4.026330845837202 'Conceptual' 0 0.25099453744495515 1.7843494793646772
 1.406779661016949 58 2 1 50]
[2.765539957724043 'Conceptual' 0 0.25099453744495515 1.7843494793646772
 5.135593220338983 58 2 2 26]
[3.724716956637833 'Conceptual' 0 0.25099453744495515 1.7843494793646772
 7.881355932203389 58 2 3 34]
[3.402873100741025 'Conceptual' 0 0.25099453744495515 1.7843494793646772
 1.847457627118644 58 2 4 26]
[3.607338830032491 'Conceptual' 0 0.25099453744495515 1.7843494793646772
 1.1864406779661016 58 2 5 34]
[3.3077407034931547 'Conceptual' 0 0.25099453744495515 1.7843494793646772
 1.5762711864406778 58 2 6 34]
[4.026116445406779 'Conceptual' 0 0.25099453744495515 1.7843494793646772
 0.423728813559322 58 2 7 25]
[3.9297283167636934 'Conceptual' 0 0.25099453744495515 1.7843494793646772
 0.559322033898305 58 2 8 34]
[2.1886490440633395 'Conceptual' 0 0.25099453744495515 1.7843494793646772
 3.6101694915254234 58 2 9 34]
[1.7865462973723578 'Conceptual' 0 0.25099453744495515 1.7843494793646772
 2.3559322033898304 58 2 10 34]
[3.970642684216956 'Conceptual' 0 0.25099453744495515 1.7843494793646772
 0.1694915254237288 58 2 11 34]
[2.2405702201737623 'Conceptual' 0 0.25099453744495515 1.7843494793646772
 4.4576271186440675 58 2 12 34]
[3.8603622789615772 'Conceptual' 0 0.25099453744495515 1.7843494793646772
 0.7288135593220338 58 2 13 34]
[2.7821562190643783 'Conceptual' 0 0.25099453744495515 1.7843494793646772
 1.0677966101694913 58 2 14 42]
[4.057443505842918 'Conceptual' 0 0.25099453744495515 1.7843494793646772
 0.1694915254237288 58 2 15 34]
[3.937224347431563 'Conceptual' 0 0.25099453744495515 1.7843494793646772
 1.1864406779661016 58 2 16 34]
[2.668118834322929 'Conceptual' 0 0.25099453744495515 1.7843494793646772
 3.6101694915254234 58 2 17 34]
[3.0557221703777944 'Conceptual' 0 0.25099453744495515 1.7843494793646772
 1.4406779661016949 58 2 18 34]
[3.1800086161563605 'Conceptual' 0 0.25099453744495515 1.7843494793646772
 0.8305084745762711 58 2 19 34]
[0.0 'Conceptual' 0 0.25099453744495515 1.7843494793646772 0.0 58 3 0 43]
[4.026330845837202 'Conceptual' 0 0.25099453744495515 1.7843494793646772
 1.406779661016949 58 3 1 50]
[2.765539957724043 'Conceptual' 0 0.25099453744495515 1.7843494793646772
 5.135593220338983 58 3 2 26]
[3.724716956637833 'Conceptual' 0 0.25099453744495515 1.7843494793646772
 7.881355932203389 58 3 3 34]
[3.402873100741025 'Conceptual' 0 0.25099453744495515 1.7843494793646772
 1.847457627118644 58 3 4 26]
[3.607338830032491 'Conceptual' 0 0.25099453744495515 1.7843494793646772
 1.1864406779661016 58 3 5 34]
[3.3077407034931547 'Conceptual' 0 0.25099453744495515 1.7843494793646772
 1.5762711864406778 58 3 6 34]
[4.026116445406779 'Conceptual' 0 0.25099453744495515 1.7843494793646772
 0.423728813559322 58 3 7 25]
[3.9297283167636934 'Conceptual' 0 0.25099453744495515 1.7843494793646772
 0.559322033898305 58 3 8 34]
[2.1886490440633395 'Conceptual' 0 0.25099453744495515 1.7843494793646772
 3.6101694915254234 58 3 9 34]
[1.7865462973723578 'Conceptual' 0 0.25099453744495515 1.7843494793646772
 2.3559322033898304 58 3 10 34]
[3.970642684216956 'Conceptual' 0 0.25099453744495515 1.7843494793646772
 0.1694915254237288 58 3 11 34]
[2.2405702201737623 'Conceptual' 0 0.25099453744495515 1.7843494793646772
 4.4576271186440675 58 3 12 34]
[3.8603622789615772 'Conceptual' 0 0.25099453744495515 1.7843494793646772
 0.7288135593220338 58 3 13 34]
[2.7821562190643783 'Conceptual' 0 0.25099453744495515 1.7843494793646772
 1.0677966101694913 58 3 14 42]
[4.057443505842918 'Conceptual' 0 0.25099453744495515 1.7843494793646772
 0.1694915254237288 58 3 15 34]
[3.937224347431563 'Conceptual' 0 0.25099453744495515 1.7843494793646772
 1.1864406779661016 58 3 16 34]
[2.668118834322929 'Conceptual' 0 0.25099453744495515 1.7843494793646772
 3.6101694915254234 58 3 17 34]
[3.0557221703777944 'Conceptual' 0 0.25099453744495515 1.7843494793646772
 1.4406779661016949 58 3 18 34]
[3.1800086161563605 'Conceptual' 0 0.25099453744495515 1.7843494793646772
 0.8305084745762711 58 3 19 34]
[0.0 'Conceptual' 0 0.25099453744495515 1.7843494793646772 0.0 58 4 0 43]
[4.026330845837202 'Conceptual' 0 0.25099453744495515 1.7843494793646772
 1.406779661016949 58 4 1 50]
[2.765539957724043 'Conceptual' 0 0.25099453744495515 1.7843494793646772
 5.135593220338983 58 4 2 26]
[3.724716956637833 'Conceptual' 0 0.25099453744495515 1.7843494793646772
 7.881355932203389 58 4 3 34]
[3.402873100741025 'Conceptual' 0 0.25099453744495515 1.7843494793646772
 1.847457627118644 58 4 4 26]
[3.607338830032491 'Conceptual' 0 0.25099453744495515 1.7843494793646772
 1.1864406779661016 58 4 5 34]
[3.3077407034931547 'Conceptual' 0 0.25099453744495515 1.7843494793646772
 1.5762711864406778 58 4 6 34]
[4.026116445406779 'Conceptual' 0 0.25099453744495515 1.7843494793646772
 0.423728813559322 58 4 7 25]
[3.9297283167636934 'Conceptual' 0 0.25099453744495515 1.7843494793646772
 0.559322033898305 58 4 8 34]
[2.1886490440633395 'Conceptual' 0 0.25099453744495515 1.7843494793646772
 3.6101694915254234 58 4 9 34]
[1.7865462973723578 'Conceptual' 0 0.25099453744495515 1.7843494793646772
 2.3559322033898304 58 4 10 34]
[3.970642684216956 'Conceptual' 0 0.25099453744495515 1.7843494793646772
 0.1694915254237288 58 4 11 34]
[2.2405702201737623 'Conceptual' 0 0.25099453744495515 1.7843494793646772
 4.4576271186440675 58 4 12 34]
[3.8603622789615772 'Conceptual' 0 0.25099453744495515 1.7843494793646772
 0.7288135593220338 58 4 13 34]
[2.7821562190643783 'Conceptual' 0 0.25099453744495515 1.7843494793646772
 1.0677966101694913 58 4 14 42]
[4.057443505842918 'Conceptual' 0 0.25099453744495515 1.7843494793646772
 0.1694915254237288 58 4 15 34]
[3.937224347431563 'Conceptual' 0 0.25099453744495515 1.7843494793646772
 1.1864406779661016 58 4 16 34]
[2.668118834322929 'Conceptual' 0 0.25099453744495515 1.7843494793646772
 3.6101694915254234 58 4 17 34]
[3.0557221703777944 'Conceptual' 0 0.25099453744495515 1.7843494793646772
 1.4406779661016949 58 4 18 34]
[3.1800086161563605 'Conceptual' 0 0.25099453744495515 1.7843494793646772
 0.8305084745762711 58 4 19 34]
[0.0 'Conceptual' 0 0.25099453744495515 1.7843494793646772 0.0 58 5 0 43]
[4.026330845837202 'Conceptual' 0 0.25099453744495515 1.7843494793646772
 1.406779661016949 58 5 1 50]
[2.765539957724043 'Conceptual' 0 0.25099453744495515 1.7843494793646772
 5.135593220338983 58 5 2 26]
[3.724716956637833 'Conceptual' 0 0.25099453744495515 1.7843494793646772
 7.881355932203389 58 5 3 34]
[3.402873100741025 'Conceptual' 0 0.25099453744495515 1.7843494793646772
 1.847457627118644 58 5 4 26]
[3.607338830032491 'Conceptual' 0 0.25099453744495515 1.7843494793646772
 1.1864406779661016 58 5 5 34]
[3.3077407034931547 'Conceptual' 0 0.25099453744495515 1.7843494793646772
 1.5762711864406778 58 5 6 34]
[4.026116445406779 'Conceptual' 0 0.25099453744495515 1.7843494793646772
 0.423728813559322 58 5 7 25]
[3.9297283167636934 'Conceptual' 0 0.25099453744495515 1.7843494793646772
 0.559322033898305 58 5 8 34]
[2.1886490440633395 'Conceptual' 0 0.25099453744495515 1.7843494793646772
 3.6101694915254234 58 5 9 34]
[1.7865462973723578 'Conceptual' 0 0.25099453744495515 1.7843494793646772
 2.3559322033898304 58 5 10 34]
[3.970642684216956 'Conceptual' 0 0.25099453744495515 1.7843494793646772
 0.1694915254237288 58 5 11 34]
[2.2405702201737623 'Conceptual' 0 0.25099453744495515 1.7843494793646772
 4.4576271186440675 58 5 12 34]
[3.8603622789615772 'Conceptual' 0 0.25099453744495515 1.7843494793646772
 0.7288135593220338 58 5 13 34]
[2.7821562190643783 'Conceptual' 0 0.25099453744495515 1.7843494793646772
 1.0677966101694913 58 5 14 42]
[4.057443505842918 'Conceptual' 0 0.25099453744495515 1.7843494793646772
 0.1694915254237288 58 5 15 34]
[3.937224347431563 'Conceptual' 0 0.25099453744495515 1.7843494793646772
 1.1864406779661016 58 5 16 34]
[2.668118834322929 'Conceptual' 0 0.25099453744495515 1.7843494793646772
 3.6101694915254234 58 5 17 34]
[3.0557221703777944 'Conceptual' 0 0.25099453744495515 1.7843494793646772
 1.4406779661016949 58 5 18 34]
[3.1800086161563605 'Conceptual' 0 0.25099453744495515 1.7843494793646772
 0.8305084745762711 58 5 19 34]
[0.0 'Conceptual' 0 0.25099453744495515 1.7843494793646772 0.0 58 6 0 43]
[4.026330845837202 'Conceptual' 0 0.25099453744495515 1.7843494793646772
 1.406779661016949 58 6 1 50]
[2.765539957724043 'Conceptual' 0 0.25099453744495515 1.7843494793646772
 5.135593220338983 58 6 2 26]
[3.724716956637833 'Conceptual' 0 0.25099453744495515 1.7843494793646772
 7.881355932203389 58 6 3 34]
[3.402873100741025 'Conceptual' 0 0.25099453744495515 1.7843494793646772
 1.847457627118644 58 6 4 26]
[3.607338830032491 'Conceptual' 0 0.25099453744495515 1.7843494793646772
 1.1864406779661016 58 6 5 34]
[3.3077407034931547 'Conceptual' 0 0.25099453744495515 1.7843494793646772
 1.5762711864406778 58 6 6 34]
[4.026116445406779 'Conceptual' 0 0.25099453744495515 1.7843494793646772
 0.423728813559322 58 6 7 25]
[3.9297283167636934 'Conceptual' 0 0.25099453744495515 1.7843494793646772
 0.559322033898305 58 6 8 34]
[2.1886490440633395 'Conceptual' 0 0.25099453744495515 1.7843494793646772
 3.6101694915254234 58 6 9 34]
[1.7865462973723578 'Conceptual' 0 0.25099453744495515 1.7843494793646772
 2.3559322033898304 58 6 10 34]
[3.970642684216956 'Conceptual' 0 0.25099453744495515 1.7843494793646772
 0.1694915254237288 58 6 11 34]
[2.2405702201737623 'Conceptual' 0 0.25099453744495515 1.7843494793646772
 4.4576271186440675 58 6 12 34]
[3.8603622789615772 'Conceptual' 0 0.25099453744495515 1.7843494793646772
 0.7288135593220338 58 6 13 34]
[2.7821562190643783 'Conceptual' 0 0.25099453744495515 1.7843494793646772
 1.0677966101694913 58 6 14 42]
[4.057443505842918 'Conceptual' 0 0.25099453744495515 1.7843494793646772
 0.1694915254237288 58 6 15 34]
[3.937224347431563 'Conceptual' 0 0.25099453744495515 1.7843494793646772
 1.1864406779661016 58 6 16 34]
[2.668118834322929 'Conceptual' 0 0.25099453744495515 1.7843494793646772
 3.6101694915254234 58 6 17 34]
[3.0557221703777944 'Conceptual' 0 0.25099453744495515 1.7843494793646772
 1.4406779661016949 58 6 18 34]
[3.1800086161563605 'Conceptual' 0 0.25099453744495515 1.7843494793646772
 0.8305084745762711 58 6 19 34]
[0.0 'Conceptual' 0 0.25099453744495515 1.7843494793646772 0.0 58 7 0 43]
[4.026330845837202 'Conceptual' 0 0.25099453744495515 1.7843494793646772
 1.406779661016949 58 7 1 50]
[2.765539957724043 'Conceptual' 0 0.25099453744495515 1.7843494793646772
 5.135593220338983 58 7 2 26]
[3.724716956637833 'Conceptual' 0 0.25099453744495515 1.7843494793646772
 7.881355932203389 58 7 3 34]
[3.402873100741025 'Conceptual' 0 0.25099453744495515 1.7843494793646772
 1.847457627118644 58 7 4 26]
[3.607338830032491 'Conceptual' 0 0.25099453744495515 1.7843494793646772
 1.1864406779661016 58 7 5 34]
[3.3077407034931547 'Conceptual' 0 0.25099453744495515 1.7843494793646772
 1.5762711864406778 58 7 6 34]
[4.026116445406779 'Conceptual' 0 0.25099453744495515 1.7843494793646772
 0.423728813559322 58 7 7 25]
[3.9297283167636934 'Conceptual' 0 0.25099453744495515 1.7843494793646772
 0.559322033898305 58 7 8 34]
[2.1886490440633395 'Conceptual' 0 0.25099453744495515 1.7843494793646772
 3.6101694915254234 58 7 9 34]
[1.7865462973723578 'Conceptual' 0 0.25099453744495515 1.7843494793646772
 2.3559322033898304 58 7 10 34]
[3.970642684216956 'Conceptual' 0 0.25099453744495515 1.7843494793646772
 0.1694915254237288 58 7 11 34]
[2.2405702201737623 'Conceptual' 0 0.25099453744495515 1.7843494793646772
 4.4576271186440675 58 7 12 34]
[3.8603622789615772 'Conceptual' 0 0.25099453744495515 1.7843494793646772
 0.7288135593220338 58 7 13 34]
[2.7821562190643783 'Conceptual' 0 0.25099453744495515 1.7843494793646772
 1.0677966101694913 58 7 14 42]
[4.057443505842918 'Conceptual' 0 0.25099453744495515 1.7843494793646772
 0.1694915254237288 58 7 15 34]
[3.937224347431563 'Conceptual' 0 0.25099453744495515 1.7843494793646772
 1.1864406779661016 58 7 16 34]
[2.668118834322929 'Conceptual' 0 0.25099453744495515 1.7843494793646772
 3.6101694915254234 58 7 17 34]
[3.0557221703777944 'Conceptual' 0 0.25099453744495515 1.7843494793646772
 1.4406779661016949 58 7 18 34]
[3.1800086161563605 'Conceptual' 0 0.25099453744495515 1.7843494793646772
 0.8305084745762711 58 7 19 34]
[0.0 'Conceptual' 0 0.25099453744495515 1.7843494793646772 0.0 58 8 0 43]
[4.026330845837202 'Conceptual' 0 0.25099453744495515 1.7843494793646772
 1.406779661016949 58 8 1 50]
[2.765539957724043 'Conceptual' 0 0.25099453744495515 1.7843494793646772
 5.135593220338983 58 8 2 26]
[3.724716956637833 'Conceptual' 0 0.25099453744495515 1.7843494793646772
 7.881355932203389 58 8 3 34]
[3.402873100741025 'Conceptual' 0 0.25099453744495515 1.7843494793646772
 1.847457627118644 58 8 4 26]
[3.607338830032491 'Conceptual' 0 0.25099453744495515 1.7843494793646772
 1.1864406779661016 58 8 5 34]
[3.3077407034931547 'Conceptual' 0 0.25099453744495515 1.7843494793646772
 1.5762711864406778 58 8 6 34]
[4.026116445406779 'Conceptual' 0 0.25099453744495515 1.7843494793646772
 0.423728813559322 58 8 7 25]
[3.9297283167636934 'Conceptual' 0 0.25099453744495515 1.7843494793646772
 0.559322033898305 58 8 8 34]
[2.1886490440633395 'Conceptual' 0 0.25099453744495515 1.7843494793646772
 3.6101694915254234 58 8 9 34]
[1.7865462973723578 'Conceptual' 0 0.25099453744495515 1.7843494793646772
 2.3559322033898304 58 8 10 34]
[3.970642684216956 'Conceptual' 0 0.25099453744495515 1.7843494793646772
 0.1694915254237288 58 8 11 34]
[2.2405702201737623 'Conceptual' 0 0.25099453744495515 1.7843494793646772
 4.4576271186440675 58 8 12 34]
[3.8603622789615772 'Conceptual' 0 0.25099453744495515 1.7843494793646772
 0.7288135593220338 58 8 13 34]
[2.7821562190643783 'Conceptual' 0 0.25099453744495515 1.7843494793646772
 1.0677966101694913 58 8 14 42]
[4.057443505842918 'Conceptual' 0 0.25099453744495515 1.7843494793646772
 0.1694915254237288 58 8 15 34]
[3.937224347431563 'Conceptual' 0 0.25099453744495515 1.7843494793646772
 1.1864406779661016 58 8 16 34]
[2.668118834322929 'Conceptual' 0 0.25099453744495515 1.7843494793646772
 3.6101694915254234 58 8 17 34]
[3.0557221703777944 'Conceptual' 0 0.25099453744495515 1.7843494793646772
 1.4406779661016949 58 8 18 34]
[3.1800086161563605 'Conceptual' 0 0.25099453744495515 1.7843494793646772
 0.8305084745762711 58 8 19 34]
