[0.0 'Spatial' 0 0.45014746267306927 59.18170088881997 0.0 56 0 0 56]
[3.453106343475916 'Spatial' 0 0.45014746267306927 59.18170088881997
 2.966101694915254 56 0 1 0]
[1.510849033028238 'Spatial' 0 0.45014746267306927 59.18170088881997
 5.1694915254237275 56 0 2 63]
[0.0010843718247664546 'Spatial' 0 0.45014746267306927 59.18170088881997
 4.796610169491525 56 0 3 7]
[3.5232887504212145 'Spatial' 0 0.45014746267306927 59.18170088881997
 1.1864406779661016 56 0 4 60]
[3.703086362185772 'Spatial' 0 0.45014746267306927 59.18170088881997
 6.932203389830508 56 0 5 56]
[2.7341933737118778 'Spatial' 0 0.45014746267306927 59.18170088881997
 5.338983050847458 56 0 6 48]
[2.39803464794873 'Spatial' 0 0.45014746267306927 59.18170088881997
 4.322033898305084 56 0 7 40]
[2.495481016171881 'Spatial' 0 0.45014746267306927 59.18170088881997
 3.7288135593220337 56 0 8 32]
[1.3864443498710157 'Spatial' 0 0.45014746267306927 59.18170088881997
 1.8644067796610169 56 0 9 49]
[1.7918561312228005 'Spatial' 0 0.45014746267306927 59.18170088881997
 1.8644067796610169 56 0 10 41]
[1.9524949408210752 'Spatial' 0 0.45014746267306927 59.18170088881997
 1.847457627118644 56 0 11 50]
[2.397943453455846 'Spatial' 0 0.45014746267306927 59.18170088881997
 2.0338983050847457 56 0 12 33]
[1.9471987920642866 'Spatial' 0 0.45014746267306927 59.18170088881997
 1.3728813559322033 56 0 13 32]
[1.418530264225268 'Spatial' 0 0.45014746267306927 59.18170088881997
 0.9999999999999999 56 0 14 48]
[1.0994270314398271 'Spatial' 0 0.45014746267306927 59.18170088881997
 0.9322033898305084 56 0 15 49]
[0.0006461250786221589 'Spatial' 0 0.45014746267306927 59.18170088881997
 0.7288135593220338 56 0 16 48]
[0.0006298016333097749 'Spatial' 0 0.45014746267306927 59.18170088881997
 0.1694915254237288 56 0 17 48]
[0.0006298016333097749 'Spatial' 0 0.45014746267306927 59.18170088881997
 0.1694915254237288 56 0 18 48]
[1.0988156013320227 'Spatial' 0 0.45014746267306927 59.18170088881997
 0.7627118644067796 56 0 19 49]
[0.0 'Spatial' 0 0.45014746267306927 59.18170088881997 0.0 56 1 0 56]
[3.453106343475916 'Spatial' 0 0.45014746267306927 59.18170088881997
 2.966101694915254 56 1 1 0]
[1.510849033028238 'Spatial' 0 0.45014746267306927 59.18170088881997
 5.1694915254237275 56 1 2 63]
[0.0010843718247664546 'Spatial' 0 0.45014746267306927 59.18170088881997
 4.796610169491525 56 1 3 7]
[3.5232887504212145 'Spatial' 0 0.45014746267306927 59.18170088881997
 1.1864406779661016 56 1 4 60]
[3.703086362185772 'Spatial' 0 0.45014746267306927 59.18170088881997
 6.932203389830508 56 1 5 56]
[2.7341933737118778 'Spatial' 0 0.45014746267306927 59.18170088881997
 5.338983050847458 56 1 6 48]
[2.39803464794873 'Spatial' 0 0.45014746267306927 59.18170088881997
 4.322033898305084 56 1 7 40]
[2.495481016171881 'Spatial' 0 0.45014746267306927 59.18170088881997
 3.7288135593220337 56 1 8 32]
[1.3864443498710157 'Spatial' 0 0.45014746267306927 59.18170088881997
 1.8644067796610169 56 1 9 49]
[1.7918561312228005 'Spatial' 0 0.45014746267306927 59.18170088881997
 1.8644067796610169 56 1 10 41]
[1.9524949408210752 'Spatial' 0 0.45014746267306927 59.18170088881997
 1.847457627118644 56 1 11 50]
[2.397943453455846 'Spatial' 0 0.45014746267306927 59.18170088881997
 2.0338983050847457 56 1 12 33]
[1.9471987920642866 'Spatial' 0 0.45014746267306927 59.18170088881997
 1.3728813559322033 56 1 13 32]
[1.418530264225268 'Spatial' 0 0.45014746267306927 59.18170088881997
 0.9999999999999999 56 1 14 48]
[1.0994270314398271 'Spatial' 0 0.45014746267306927 59.18170088881997
 0.9322033898305084 56 1 15 49]
[0.0006461250786221589 'Spatial' 0 0.45014746267306927 59.18170088881997
 0.7288135593220338 56 1 16 48]
[0.0006298016333097749 'Spatial' 0 0.45014746267306927 59.18170088881997
 0.1694915254237288 56 1 17 48]
[0.0006298016333097749 'Spatial' 0 0.45014746267306927 59.18170088881997
 0.1694915254237288 56 1 18 48]
[1.0988156013320227 'Spatial' 0 0.45014746267306927 59.18170088881997
 0.7627118644067796 56 1 19 49]
[0.0 'Spatial' 0 0.45014746267306927 59.18170088881997 0.0 56 2 0 56]
[3.453106343475916 'Spatial' 0 0.45014746267306927 59.18170088881997
 2.966101694915254 56 2 1 0]
[1.510849033028238 'Spatial' 0 0.45014746267306927 59.18170088881997
 5.1694915254237275 56 2 2 63]
[0.0010843718247664546 'Spatial' 0 0.45014746267306927 59.18170088881997
 4.796610169491525 56 2 3 7]
[3.5232887504212145 'Spatial' 0 0.45014746267306927 59.18170088881997
 1.1864406779661016 56 2 4 60]
[3.703086362185772 'Spatial' 0 0.45014746267306927 59.18170088881997
 6.932203389830508 56 2 5 56]
[2.7341933737118778 'Spatial' 0 0.45014746267306927 59.18170088881997
 5.338983050847458 56 2 6 48]
[2.39803464794873 'Spatial' 0 0.45014746267306927 59.18170088881997
 4.322033898305084 56 2 7 40]
[2.495481016171881 'Spatial' 0 0.45014746267306927 59.18170088881997
 3.7288135593220337 56 2 8 32]
[1.3864443498710157 'Spatial' 0 0.45014746267306927 59.18170088881997
 1.8644067796610169 56 2 9 49]
[1.7918561312228005 'Spatial' 0 0.45014746267306927 59.18170088881997
 1.8644067796610169 56 2 10 41]
[1.9524949408210752 'Spatial' 0 0.45014746267306927 59.18170088881997
 1.847457627118644 56 2 11 50]
[2.397943453455846 'Spatial' 0 0.45014746267306927 59.18170088881997
 2.0338983050847457 56 2 12 33]
[1.9471987920642866 'Spatial' 0 0.45014746267306927 59.18170088881997
 1.3728813559322033 56 2 13 32]
[1.418530264225268 'Spatial' 0 0.45014746267306927 59.18170088881997
 0.9999999999999999 56 2 14 48]
[1.0994270314398271 'Spatial' 0 0.45014746267306927 59.18170088881997
 0.9322033898305084 56 2 15 49]
[0.0006461250786221589 'Spatial' 0 0.45014746267306927 59.18170088881997
 0.7288135593220338 56 2 16 48]
[0.0006298016333097749 'Spatial' 0 0.45014746267306927 59.18170088881997
 0.1694915254237288 56 2 17 48]
[0.0006298016333097749 'Spatial' 0 0.45014746267306927 59.18170088881997
 0.1694915254237288 56 2 18 48]
[1.0988156013320227 'Spatial' 0 0.45014746267306927 59.18170088881997
 0.7627118644067796 56 2 19 49]
[0.0 'Spatial' 0 0.45014746267306927 59.18170088881997 0.0 56 3 0 56]
[3.453106343475916 'Spatial' 0 0.45014746267306927 59.18170088881997
 2.966101694915254 56 3 1 0]
[1.510849033028238 'Spatial' 0 0.45014746267306927 59.18170088881997
 5.1694915254237275 56 3 2 63]
[0.0010843718247664546 'Spatial' 0 0.45014746267306927 59.18170088881997
 4.796610169491525 56 3 3 7]
[3.5232887504212145 'Spatial' 0 0.45014746267306927 59.18170088881997
 1.1864406779661016 56 3 4 60]
[3.703086362185772 'Spatial' 0 0.45014746267306927 59.18170088881997
 6.932203389830508 56 3 5 56]
[2.7341933737118778 'Spatial' 0 0.45014746267306927 59.18170088881997
 5.338983050847458 56 3 6 48]
[2.39803464794873 'Spatial' 0 0.45014746267306927 59.18170088881997
 4.322033898305084 56 3 7 40]
[2.495481016171881 'Spatial' 0 0.45014746267306927 59.18170088881997
 3.7288135593220337 56 3 8 32]
[1.3864443498710157 'Spatial' 0 0.45014746267306927 59.18170088881997
 1.8644067796610169 56 3 9 49]
[1.7918561312228005 'Spatial' 0 0.45014746267306927 59.18170088881997
 1.8644067796610169 56 3 10 41]
[1.9524949408210752 'Spatial' 0 0.45014746267306927 59.18170088881997
 1.847457627118644 56 3 11 50]
[2.397943453455846 'Spatial' 0 0.45014746267306927 59.18170088881997
 2.0338983050847457 56 3 12 33]
[1.9471987920642866 'Spatial' 0 0.45014746267306927 59.18170088881997
 1.3728813559322033 56 3 13 32]
[1.418530264225268 'Spatial' 0 0.45014746267306927 59.18170088881997
 0.9999999999999999 56 3 14 48]
[1.0994270314398271 'Spatial' 0 0.45014746267306927 59.18170088881997
 0.9322033898305084 56 3 15 49]
[0.0006461250786221589 'Spatial' 0 0.45014746267306927 59.18170088881997
 0.7288135593220338 56 3 16 48]
[0.0006298016333097749 'Spatial' 0 0.45014746267306927 59.18170088881997
 0.1694915254237288 56 3 17 48]
[0.0006298016333097749 'Spatial' 0 0.45014746267306927 59.18170088881997
 0.1694915254237288 56 3 18 48]
[1.0988156013320227 'Spatial' 0 0.45014746267306927 59.18170088881997
 0.7627118644067796 56 3 19 49]
[0.0 'Spatial' 0 0.45014746267306927 59.18170088881997 0.0 56 4 0 56]
[3.453106343475916 'Spatial' 0 0.45014746267306927 59.18170088881997
 2.966101694915254 56 4 1 0]
[1.510849033028238 'Spatial' 0 0.45014746267306927 59.18170088881997
 5.1694915254237275 56 4 2 63]
[0.0010843718247664546 'Spatial' 0 0.45014746267306927 59.18170088881997
 4.796610169491525 56 4 3 7]
[3.5232887504212145 'Spatial' 0 0.45014746267306927 59.18170088881997
 1.1864406779661016 56 4 4 60]
[3.703086362185772 'Spatial' 0 0.45014746267306927 59.18170088881997
 6.932203389830508 56 4 5 56]
[2.7341933737118778 'Spatial' 0 0.45014746267306927 59.18170088881997
 5.338983050847458 56 4 6 48]
[2.39803464794873 'Spatial' 0 0.45014746267306927 59.18170088881997
 4.322033898305084 56 4 7 40]
[2.495481016171881 'Spatial' 0 0.45014746267306927 59.18170088881997
 3.7288135593220337 56 4 8 32]
[1.3864443498710157 'Spatial' 0 0.45014746267306927 59.18170088881997
 1.8644067796610169 56 4 9 49]
[1.7918561312228005 'Spatial' 0 0.45014746267306927 59.18170088881997
 1.8644067796610169 56 4 10 41]
[1.9524949408210752 'Spatial' 0 0.45014746267306927 59.18170088881997
 1.847457627118644 56 4 11 50]
[2.397943453455846 'Spatial' 0 0.45014746267306927 59.18170088881997
 2.0338983050847457 56 4 12 33]
[1.9471987920642866 'Spatial' 0 0.45014746267306927 59.18170088881997
 1.3728813559322033 56 4 13 32]
[1.418530264225268 'Spatial' 0 0.45014746267306927 59.18170088881997
 0.9999999999999999 56 4 14 48]
[1.0994270314398271 'Spatial' 0 0.45014746267306927 59.18170088881997
 0.9322033898305084 56 4 15 49]
[0.0006461250786221589 'Spatial' 0 0.45014746267306927 59.18170088881997
 0.7288135593220338 56 4 16 48]
[0.0006298016333097749 'Spatial' 0 0.45014746267306927 59.18170088881997
 0.1694915254237288 56 4 17 48]
[0.0006298016333097749 'Spatial' 0 0.45014746267306927 59.18170088881997
 0.1694915254237288 56 4 18 48]
[1.0988156013320227 'Spatial' 0 0.45014746267306927 59.18170088881997
 0.7627118644067796 56 4 19 49]
[0.0 'Spatial' 0 0.45014746267306927 59.18170088881997 0.0 56 5 0 56]
[3.453106343475916 'Spatial' 0 0.45014746267306927 59.18170088881997
 2.966101694915254 56 5 1 0]
[1.510849033028238 'Spatial' 0 0.45014746267306927 59.18170088881997
 5.1694915254237275 56 5 2 63]
[0.0010843718247664546 'Spatial' 0 0.45014746267306927 59.18170088881997
 4.796610169491525 56 5 3 7]
[3.5232887504212145 'Spatial' 0 0.45014746267306927 59.18170088881997
 1.1864406779661016 56 5 4 60]
[3.703086362185772 'Spatial' 0 0.45014746267306927 59.18170088881997
 6.932203389830508 56 5 5 56]
[2.7341933737118778 'Spatial' 0 0.45014746267306927 59.18170088881997
 5.338983050847458 56 5 6 48]
[2.39803464794873 'Spatial' 0 0.45014746267306927 59.18170088881997
 4.322033898305084 56 5 7 40]
[2.495481016171881 'Spatial' 0 0.45014746267306927 59.18170088881997
 3.7288135593220337 56 5 8 32]
[1.3864443498710157 'Spatial' 0 0.45014746267306927 59.18170088881997
 1.8644067796610169 56 5 9 49]
[1.7918561312228005 'Spatial' 0 0.45014746267306927 59.18170088881997
 1.8644067796610169 56 5 10 41]
[1.9524949408210752 'Spatial' 0 0.45014746267306927 59.18170088881997
 1.847457627118644 56 5 11 50]
[2.397943453455846 'Spatial' 0 0.45014746267306927 59.18170088881997
 2.0338983050847457 56 5 12 33]
[1.9471987920642866 'Spatial' 0 0.45014746267306927 59.18170088881997
 1.3728813559322033 56 5 13 32]
[1.418530264225268 'Spatial' 0 0.45014746267306927 59.18170088881997
 0.9999999999999999 56 5 14 48]
[1.0994270314398271 'Spatial' 0 0.45014746267306927 59.18170088881997
 0.9322033898305084 56 5 15 49]
[0.0006461250786221589 'Spatial' 0 0.45014746267306927 59.18170088881997
 0.7288135593220338 56 5 16 48]
[0.0006298016333097749 'Spatial' 0 0.45014746267306927 59.18170088881997
 0.1694915254237288 56 5 17 48]
[0.0006298016333097749 'Spatial' 0 0.45014746267306927 59.18170088881997
 0.1694915254237288 56 5 18 48]
[1.0988156013320227 'Spatial' 0 0.45014746267306927 59.18170088881997
 0.7627118644067796 56 5 19 49]
[0.0 'Spatial' 0 0.45014746267306927 59.18170088881997 0.0 56 6 0 56]
[3.453106343475916 'Spatial' 0 0.45014746267306927 59.18170088881997
 2.966101694915254 56 6 1 0]
[1.510849033028238 'Spatial' 0 0.45014746267306927 59.18170088881997
 5.1694915254237275 56 6 2 63]
[0.0010843718247664546 'Spatial' 0 0.45014746267306927 59.18170088881997
 4.796610169491525 56 6 3 7]
[3.5232887504212145 'Spatial' 0 0.45014746267306927 59.18170088881997
 1.1864406779661016 56 6 4 60]
[3.703086362185772 'Spatial' 0 0.45014746267306927 59.18170088881997
 6.932203389830508 56 6 5 56]
[2.7341933737118778 'Spatial' 0 0.45014746267306927 59.18170088881997
 5.338983050847458 56 6 6 48]
[2.39803464794873 'Spatial' 0 0.45014746267306927 59.18170088881997
 4.322033898305084 56 6 7 40]
[2.495481016171881 'Spatial' 0 0.45014746267306927 59.18170088881997
 3.7288135593220337 56 6 8 32]
[1.3864443498710157 'Spatial' 0 0.45014746267306927 59.18170088881997
 1.8644067796610169 56 6 9 49]
[1.7918561312228005 'Spatial' 0 0.45014746267306927 59.18170088881997
 1.8644067796610169 56 6 10 41]
[1.9524949408210752 'Spatial' 0 0.45014746267306927 59.18170088881997
 1.847457627118644 56 6 11 50]
[2.397943453455846 'Spatial' 0 0.45014746267306927 59.18170088881997
 2.0338983050847457 56 6 12 33]
[1.9471987920642866 'Spatial' 0 0.45014746267306927 59.18170088881997
 1.3728813559322033 56 6 13 32]
[1.418530264225268 'Spatial' 0 0.45014746267306927 59.18170088881997
 0.9999999999999999 56 6 14 48]
[1.0994270314398271 'Spatial' 0 0.45014746267306927 59.18170088881997
 0.9322033898305084 56 6 15 49]
[0.0006461250786221589 'Spatial' 0 0.45014746267306927 59.18170088881997
 0.7288135593220338 56 6 16 48]
[0.0006298016333097749 'Spatial' 0 0.45014746267306927 59.18170088881997
 0.1694915254237288 56 6 17 48]
[0.0006298016333097749 'Spatial' 0 0.45014746267306927 59.18170088881997
 0.1694915254237288 56 6 18 48]
[1.0988156013320227 'Spatial' 0 0.45014746267306927 59.18170088881997
 0.7627118644067796 56 6 19 49]
[0.0 'Spatial' 0 0.45014746267306927 59.18170088881997 0.0 56 7 0 56]
[3.453106343475916 'Spatial' 0 0.45014746267306927 59.18170088881997
 2.966101694915254 56 7 1 0]
[1.510849033028238 'Spatial' 0 0.45014746267306927 59.18170088881997
 5.1694915254237275 56 7 2 63]
[0.0010843718247664546 'Spatial' 0 0.45014746267306927 59.18170088881997
 4.796610169491525 56 7 3 7]
[3.5232887504212145 'Spatial' 0 0.45014746267306927 59.18170088881997
 1.1864406779661016 56 7 4 60]
[3.703086362185772 'Spatial' 0 0.45014746267306927 59.18170088881997
 6.932203389830508 56 7 5 56]
[2.7341933737118778 'Spatial' 0 0.45014746267306927 59.18170088881997
 5.338983050847458 56 7 6 48]
[2.39803464794873 'Spatial' 0 0.45014746267306927 59.18170088881997
 4.322033898305084 56 7 7 40]
[2.495481016171881 'Spatial' 0 0.45014746267306927 59.18170088881997
 3.7288135593220337 56 7 8 32]
[1.3864443498710157 'Spatial' 0 0.45014746267306927 59.18170088881997
 1.8644067796610169 56 7 9 49]
[1.7918561312228005 'Spatial' 0 0.45014746267306927 59.18170088881997
 1.8644067796610169 56 7 10 41]
[1.9524949408210752 'Spatial' 0 0.45014746267306927 59.18170088881997
 1.847457627118644 56 7 11 50]
[2.397943453455846 'Spatial' 0 0.45014746267306927 59.18170088881997
 2.0338983050847457 56 7 12 33]
[1.9471987920642866 'Spatial' 0 0.45014746267306927 59.18170088881997
 1.3728813559322033 56 7 13 32]
[1.418530264225268 'Spatial' 0 0.45014746267306927 59.18170088881997
 0.9999999999999999 56 7 14 48]
[1.0994270314398271 'Spatial' 0 0.45014746267306927 59.18170088881997
 0.9322033898305084 56 7 15 49]
[0.0006461250786221589 'Spatial' 0 0.45014746267306927 59.18170088881997
 0.7288135593220338 56 7 16 48]
[0.0006298016333097749 'Spatial' 0 0.45014746267306927 59.18170088881997
 0.1694915254237288 56 7 17 48]
[0.0006298016333097749 'Spatial' 0 0.45014746267306927 59.18170088881997
 0.1694915254237288 56 7 18 48]
[1.0988156013320227 'Spatial' 0 0.45014746267306927 59.18170088881997
 0.7627118644067796 56 7 19 49]
[0.0 'Spatial' 0 0.45014746267306927 59.18170088881997 0.0 56 8 0 56]
[3.453106343475916 'Spatial' 0 0.45014746267306927 59.18170088881997
 2.966101694915254 56 8 1 0]
[1.510849033028238 'Spatial' 0 0.45014746267306927 59.18170088881997
 5.1694915254237275 56 8 2 63]
[0.0010843718247664546 'Spatial' 0 0.45014746267306927 59.18170088881997
 4.796610169491525 56 8 3 7]
[3.5232887504212145 'Spatial' 0 0.45014746267306927 59.18170088881997
 1.1864406779661016 56 8 4 60]
[3.703086362185772 'Spatial' 0 0.45014746267306927 59.18170088881997
 6.932203389830508 56 8 5 56]
[2.7341933737118778 'Spatial' 0 0.45014746267306927 59.18170088881997
 5.338983050847458 56 8 6 48]
[2.39803464794873 'Spatial' 0 0.45014746267306927 59.18170088881997
 4.322033898305084 56 8 7 40]
[2.495481016171881 'Spatial' 0 0.45014746267306927 59.18170088881997
 3.7288135593220337 56 8 8 32]
[1.3864443498710157 'Spatial' 0 0.45014746267306927 59.18170088881997
 1.8644067796610169 56 8 9 49]
[1.7918561312228005 'Spatial' 0 0.45014746267306927 59.18170088881997
 1.8644067796610169 56 8 10 41]
[1.9524949408210752 'Spatial' 0 0.45014746267306927 59.18170088881997
 1.847457627118644 56 8 11 50]
[2.397943453455846 'Spatial' 0 0.45014746267306927 59.18170088881997
 2.0338983050847457 56 8 12 33]
[1.9471987920642866 'Spatial' 0 0.45014746267306927 59.18170088881997
 1.3728813559322033 56 8 13 32]
[1.418530264225268 'Spatial' 0 0.45014746267306927 59.18170088881997
 0.9999999999999999 56 8 14 48]
[1.0994270314398271 'Spatial' 0 0.45014746267306927 59.18170088881997
 0.9322033898305084 56 8 15 49]
[0.0006461250786221589 'Spatial' 0 0.45014746267306927 59.18170088881997
 0.7288135593220338 56 8 16 48]
[0.0006298016333097749 'Spatial' 0 0.45014746267306927 59.18170088881997
 0.1694915254237288 56 8 17 48]
[0.0006298016333097749 'Spatial' 0 0.45014746267306927 59.18170088881997
 0.1694915254237288 56 8 18 48]
[1.0988156013320227 'Spatial' 0 0.45014746267306927 59.18170088881997
 0.7627118644067796 56 8 19 49]
