[0.0 'Conceptual' 1 0.18921063343566852 0.283853067281791 0.0 6 2 0 0 27 1]
[3.8706299397773383 'Conceptual' 1 0.18921063343566852 0.283853067281791
 4.102564102564102 6 2 0 1 14 1]
[3.9478945651579624 'Conceptual' 1 0.18921063343566852 0.283853067281791
 3.5658119658119656 6 2 0 2 2 1]
[3.177130987598439 'Conceptual' 1 0.18921063343566852 0.283853067281791
 2.7111111111111112 6 2 0 3 1 1]
[4.980889494056958 'Conceptual' 1 0.18921063343566852 0.283853067281791
 4.102564102564102 6 2 0 4 0 1]
[3.4064621669751696 'Conceptual' 1 0.18921063343566852 0.283853067281791
 1.9247863247863248 6 2 0 5 10 1]
[2.7563659802575553 'Conceptual' 1 0.18921063343566852 0.283853067281791
 2.769230769230769 6 2 0 6 2 1]
[4.197196718742555 'Conceptual' 1 0.18921063343566852 0.283853067281791
 0.3521367521367521 6 2 0 7 1 1]
[2.702839034595698 'Conceptual' 1 0.18921063343566852 0.283853067281791
 4.102564102564102 6 2 0 8 1 1]
[3.501667581895234 'Conceptual' 1 0.18921063343566852 0.283853067281791
 4.102564102564102 6 2 0 9 9 1]
[1.2985837857094307 'Conceptual' 1 0.18921063343566852 0.283853067281791
 1.1282051282051282 6 2 0 10 1 1]
[0.13293982218528885 'Conceptual' 1 0.18921063343566852 0.283853067281791
 0.717948717948718 6 2 0 11 8 1]
[6.354123536851508 'Conceptual' 1 0.18921063343566852 0.283853067281791
 4.102564102564102 6 2 0 12 1 1]
[0.0074569308328030345 'Conceptual' 1 0.18921063343566852
 0.283853067281791 0.6153846153846153 6 2 0 13 1 1]
[1.1007397590359953 'Conceptual' 1 0.18921063343566852 0.283853067281791
 2.6427350427350427 6 2 0 14 1 1]
[0.0007999409256949729 'Conceptual' 1 0.18921063343566852
 0.283853067281791 0.45470085470085464 6 2 0 15 1 1]
[6.498922194620809 'Conceptual' 1 0.18921063343566852 0.283853067281791
 4.102564102564102 6 2 0 16 1 1]
[11.513555266603538 'Conceptual' 1 0.18921063343566852 0.283853067281791
 0.41025641025641024 6 2 0 17 2 1]
[0.716280377387355 'Conceptual' 1 0.18921063343566852 0.283853067281791
 2.505982905982906 6 2 0 18 10 1]
[6.378360334928932 'Conceptual' 1 0.18921063343566852 0.283853067281791
 4.102564102564102 6 2 0 19 1 1]
[0.0 'Conceptual' 1 0.18921063343566852 0.283853067281791 0.0 6 2 1 0 54 1]
[3.8706299397773383 'Conceptual' 1 0.18921063343566852 0.283853067281791
 4.102564102564102 6 2 1 1 16 1]
[3.9478945651579624 'Conceptual' 1 0.18921063343566852 0.283853067281791
 3.5658119658119656 6 2 1 2 36 1]
[3.177130987598439 'Conceptual' 1 0.18921063343566852 0.283853067281791
 2.7111111111111112 6 2 1 3 56 1]
[4.980889494056958 'Conceptual' 1 0.18921063343566852 0.283853067281791
 4.102564102564102 6 2 1 4 7 1]
[3.4064621669751696 'Conceptual' 1 0.18921063343566852 0.283853067281791
 1.9247863247863248 6 2 1 5 48 1]
[2.7563659802575553 'Conceptual' 1 0.18921063343566852 0.283853067281791
 2.769230769230769 6 2 1 6 57 1]
[4.197196718742555 'Conceptual' 1 0.18921063343566852 0.283853067281791
 0.3521367521367521 6 2 1 7 58 1]
[2.702839034595698 'Conceptual' 1 0.18921063343566852 0.283853067281791
 4.102564102564102 6 2 1 8 60 1]
[3.501667581895234 'Conceptual' 1 0.18921063343566852 0.283853067281791
 4.102564102564102 6 2 1 9 57 1]
[1.2985837857094307 'Conceptual' 1 0.18921063343566852 0.283853067281791
 1.1282051282051282 6 2 1 10 56 1]
[0.13293982218528885 'Conceptual' 1 0.18921063343566852 0.283853067281791
 0.717948717948718 6 2 1 11 49 1]
[6.354123536851508 'Conceptual' 1 0.18921063343566852 0.283853067281791
 4.102564102564102 6 2 1 12 57 1]
[0.0074569308328030345 'Conceptual' 1 0.18921063343566852
 0.283853067281791 0.6153846153846153 6 2 1 13 57 1]
[1.1007397590359953 'Conceptual' 1 0.18921063343566852 0.283853067281791
 2.6427350427350427 6 2 1 14 57 1]
[0.0007999409256949729 'Conceptual' 1 0.18921063343566852
 0.283853067281791 0.45470085470085464 6 2 1 15 57 1]
[6.498922194620809 'Conceptual' 1 0.18921063343566852 0.283853067281791
 4.102564102564102 6 2 1 16 57 1]
[11.513555266603538 'Conceptual' 1 0.18921063343566852 0.283853067281791
 0.41025641025641024 6 2 1 17 57 1]
[0.716280377387355 'Conceptual' 1 0.18921063343566852 0.283853067281791
 2.505982905982906 6 2 1 18 57 1]
[6.378360334928932 'Conceptual' 1 0.18921063343566852 0.283853067281791
 4.102564102564102 6 2 1 19 57 1]
[0.0 'Conceptual' 1 0.18921063343566852 0.283853067281791 0.0 6 2 3 0 28 1]
[3.8706299397773383 'Conceptual' 1 0.18921063343566852 0.283853067281791
 4.102564102564102 6 2 3 1 39 1]
[3.9478945651579624 'Conceptual' 1 0.18921063343566852 0.283853067281791
 3.5658119658119656 6 2 3 2 7 1]
[3.177130987598439 'Conceptual' 1 0.18921063343566852 0.283853067281791
 2.7111111111111112 6 2 3 3 46 1]
[4.980889494056958 'Conceptual' 1 0.18921063343566852 0.283853067281791
 4.102564102564102 6 2 3 4 33 1]
[3.4064621669751696 'Conceptual' 1 0.18921063343566852 0.283853067281791
 1.9247863247863248 6 2 3 5 52 1]
[2.7563659802575553 'Conceptual' 1 0.18921063343566852 0.283853067281791
 2.769230769230769 6 2 3 6 36 1]
[4.197196718742555 'Conceptual' 1 0.18921063343566852 0.283853067281791
 0.3521367521367521 6 2 3 7 19 1]
[2.702839034595698 'Conceptual' 1 0.18921063343566852 0.283853067281791
 4.102564102564102 6 2 3 8 12 1]
[3.501667581895234 'Conceptual' 1 0.18921063343566852 0.283853067281791
 4.102564102564102 6 2 3 9 11 1]
[1.2985837857094307 'Conceptual' 1 0.18921063343566852 0.283853067281791
 1.1282051282051282 6 2 3 10 11 1]
[0.13293982218528885 'Conceptual' 1 0.18921063343566852 0.283853067281791
 0.717948717948718 6 2 3 11 11 1]
[6.354123536851508 'Conceptual' 1 0.18921063343566852 0.283853067281791
 4.102564102564102 6 2 3 12 19 1]
[0.0074569308328030345 'Conceptual' 1 0.18921063343566852
 0.283853067281791 0.6153846153846153 6 2 3 13 11 1]
[1.1007397590359953 'Conceptual' 1 0.18921063343566852 0.283853067281791
 2.6427350427350427 6 2 3 14 11 1]
[0.0007999409256949729 'Conceptual' 1 0.18921063343566852
 0.283853067281791 0.45470085470085464 6 2 3 15 11 1]
[6.498922194620809 'Conceptual' 1 0.18921063343566852 0.283853067281791
 4.102564102564102 6 2 3 16 12 1]
[11.513555266603538 'Conceptual' 1 0.18921063343566852 0.283853067281791
 0.41025641025641024 6 2 3 17 12 1]
[0.716280377387355 'Conceptual' 1 0.18921063343566852 0.283853067281791
 2.505982905982906 6 2 3 18 13 1]
[6.378360334928932 'Conceptual' 1 0.18921063343566852 0.283853067281791
 4.102564102564102 6 2 3 19 12 1]
[0.0 'Conceptual' 1 0.18921063343566852 0.283853067281791 0.0 6 2 4 0 30 1]
[3.8706299397773383 'Conceptual' 1 0.18921063343566852 0.283853067281791
 4.102564102564102 6 2 4 1 33 1]
[3.9478945651579624 'Conceptual' 1 0.18921063343566852 0.283853067281791
 3.5658119658119656 6 2 4 2 46 1]
[3.177130987598439 'Conceptual' 1 0.18921063343566852 0.283853067281791
 2.7111111111111112 6 2 4 3 62 1]
[4.980889494056958 'Conceptual' 1 0.18921063343566852 0.283853067281791
 4.102564102564102 6 2 4 4 63 1]
[3.4064621669751696 'Conceptual' 1 0.18921063343566852 0.283853067281791
 1.9247863247863248 6 2 4 5 62 1]
[2.7563659802575553 'Conceptual' 1 0.18921063343566852 0.283853067281791
 2.769230769230769 6 2 4 6 61 1]
[4.197196718742555 'Conceptual' 1 0.18921063343566852 0.283853067281791
 0.3521367521367521 6 2 4 7 53 1]
[2.702839034595698 'Conceptual' 1 0.18921063343566852 0.283853067281791
 4.102564102564102 6 2 4 8 54 1]
[3.501667581895234 'Conceptual' 1 0.18921063343566852 0.283853067281791
 4.102564102564102 6 2 4 9 53 1]
[1.2985837857094307 'Conceptual' 1 0.18921063343566852 0.283853067281791
 1.1282051282051282 6 2 4 10 54 1]
[0.13293982218528885 'Conceptual' 1 0.18921063343566852 0.283853067281791
 0.717948717948718 6 2 4 11 53 1]
[6.354123536851508 'Conceptual' 1 0.18921063343566852 0.283853067281791
 4.102564102564102 6 2 4 12 54 1]
[0.0074569308328030345 'Conceptual' 1 0.18921063343566852
 0.283853067281791 0.6153846153846153 6 2 4 13 54 1]
[1.1007397590359953 'Conceptual' 1 0.18921063343566852 0.283853067281791
 2.6427350427350427 6 2 4 14 62 1]
[0.0007999409256949729 'Conceptual' 1 0.18921063343566852
 0.283853067281791 0.45470085470085464 6 2 4 15 61 1]
[6.498922194620809 'Conceptual' 1 0.18921063343566852 0.283853067281791
 4.102564102564102 6 2 4 16 62 1]
[11.513555266603538 'Conceptual' 1 0.18921063343566852 0.283853067281791
 0.41025641025641024 6 2 4 17 62 1]
[0.716280377387355 'Conceptual' 1 0.18921063343566852 0.283853067281791
 2.505982905982906 6 2 4 18 61 1]
[6.378360334928932 'Conceptual' 1 0.18921063343566852 0.283853067281791
 4.102564102564102 6 2 4 19 61 1]
[0.0 'Conceptual' 1 0.18921063343566852 0.283853067281791 0.0 6 2 5 0 24 1]
[3.8706299397773383 'Conceptual' 1 0.18921063343566852 0.283853067281791
 4.102564102564102 6 2 5 1 63 1]
[3.9478945651579624 'Conceptual' 1 0.18921063343566852 0.283853067281791
 3.5658119658119656 6 2 5 2 6 1]
[3.177130987598439 'Conceptual' 1 0.18921063343566852 0.283853067281791
 2.7111111111111112 6 2 5 3 6 1]
[4.980889494056958 'Conceptual' 1 0.18921063343566852 0.283853067281791
 4.102564102564102 6 2 5 4 14 1]
[3.4064621669751696 'Conceptual' 1 0.18921063343566852 0.283853067281791
 1.9247863247863248 6 2 5 5 5 1]
[2.7563659802575553 'Conceptual' 1 0.18921063343566852 0.283853067281791
 2.769230769230769 6 2 5 6 6 1]
[4.197196718742555 'Conceptual' 1 0.18921063343566852 0.283853067281791
 0.3521367521367521 6 2 5 7 6 1]
[2.702839034595698 'Conceptual' 1 0.18921063343566852 0.283853067281791
 4.102564102564102 6 2 5 8 6 1]
[3.501667581895234 'Conceptual' 1 0.18921063343566852 0.283853067281791
 4.102564102564102 6 2 5 9 6 1]
[1.2985837857094307 'Conceptual' 1 0.18921063343566852 0.283853067281791
 1.1282051282051282 6 2 5 10 6 1]
[0.13293982218528885 'Conceptual' 1 0.18921063343566852 0.283853067281791
 0.717948717948718 6 2 5 11 5 1]
[6.354123536851508 'Conceptual' 1 0.18921063343566852 0.283853067281791
 4.102564102564102 6 2 5 12 6 1]
[0.0074569308328030345 'Conceptual' 1 0.18921063343566852
 0.283853067281791 0.6153846153846153 6 2 5 13 6 1]
[1.1007397590359953 'Conceptual' 1 0.18921063343566852 0.283853067281791
 2.6427350427350427 6 2 5 14 6 1]
[0.0007999409256949729 'Conceptual' 1 0.18921063343566852
 0.283853067281791 0.45470085470085464 6 2 5 15 6 1]
[6.498922194620809 'Conceptual' 1 0.18921063343566852 0.283853067281791
 4.102564102564102 6 2 5 16 6 1]
[11.513555266603538 'Conceptual' 1 0.18921063343566852 0.283853067281791
 0.41025641025641024 6 2 5 17 6 1]
[0.716280377387355 'Conceptual' 1 0.18921063343566852 0.283853067281791
 2.505982905982906 6 2 5 18 6 1]
[6.378360334928932 'Conceptual' 1 0.18921063343566852 0.283853067281791
 4.102564102564102 6 2 5 19 6 1]
[0.0 'Conceptual' 1 0.18921063343566852 0.283853067281791 0.0 6 2 6 0 35 1]
[3.8706299397773383 'Conceptual' 1 0.18921063343566852 0.283853067281791
 4.102564102564102 6 2 6 1 13 1]
[3.9478945651579624 'Conceptual' 1 0.18921063343566852 0.283853067281791
 3.5658119658119656 6 2 6 2 1 1]
[3.177130987598439 'Conceptual' 1 0.18921063343566852 0.283853067281791
 2.7111111111111112 6 2 6 3 56 1]
[4.980889494056958 'Conceptual' 1 0.18921063343566852 0.283853067281791
 4.102564102564102 6 2 6 4 22 1]
[3.4064621669751696 'Conceptual' 1 0.18921063343566852 0.283853067281791
 1.9247863247863248 6 2 6 5 14 1]
[2.7563659802575553 'Conceptual' 1 0.18921063343566852 0.283853067281791
 2.769230769230769 6 2 6 6 21 1]
[4.197196718742555 'Conceptual' 1 0.18921063343566852 0.283853067281791
 0.3521367521367521 6 2 6 7 21 1]
[2.702839034595698 'Conceptual' 1 0.18921063343566852 0.283853067281791
 4.102564102564102 6 2 6 8 12 1]
[3.501667581895234 'Conceptual' 1 0.18921063343566852 0.283853067281791
 4.102564102564102 6 2 6 9 21 1]
[1.2985837857094307 'Conceptual' 1 0.18921063343566852 0.283853067281791
 1.1282051282051282 6 2 6 10 20 1]
[0.13293982218528885 'Conceptual' 1 0.18921063343566852 0.283853067281791
 0.717948717948718 6 2 6 11 22 1]
[6.354123536851508 'Conceptual' 1 0.18921063343566852 0.283853067281791
 4.102564102564102 6 2 6 12 22 1]
[0.0074569308328030345 'Conceptual' 1 0.18921063343566852
 0.283853067281791 0.6153846153846153 6 2 6 13 30 1]
[1.1007397590359953 'Conceptual' 1 0.18921063343566852 0.283853067281791
 2.6427350427350427 6 2 6 14 21 1]
[0.0007999409256949729 'Conceptual' 1 0.18921063343566852
 0.283853067281791 0.45470085470085464 6 2 6 15 22 1]
[6.498922194620809 'Conceptual' 1 0.18921063343566852 0.283853067281791
 4.102564102564102 6 2 6 16 22 1]
[11.513555266603538 'Conceptual' 1 0.18921063343566852 0.283853067281791
 0.41025641025641024 6 2 6 17 22 1]
[0.716280377387355 'Conceptual' 1 0.18921063343566852 0.283853067281791
 2.505982905982906 6 2 6 18 21 1]
[6.378360334928932 'Conceptual' 1 0.18921063343566852 0.283853067281791
 4.102564102564102 6 2 6 19 22 1]
[0.0 'Conceptual' 1 0.18921063343566852 0.283853067281791 0.0 6 2 7 0 51 1]
[3.8706299397773383 'Conceptual' 1 0.18921063343566852 0.283853067281791
 4.102564102564102 6 2 7 1 9 1]
[3.9478945651579624 'Conceptual' 1 0.18921063343566852 0.283853067281791
 3.5658119658119656 6 2 7 2 57 1]
[3.177130987598439 'Conceptual' 1 0.18921063343566852 0.283853067281791
 2.7111111111111112 6 2 7 3 62 1]
[4.980889494056958 'Conceptual' 1 0.18921063343566852 0.283853067281791
 4.102564102564102 6 2 7 4 63 1]
[3.4064621669751696 'Conceptual' 1 0.18921063343566852 0.283853067281791
 1.9247863247863248 6 2 7 5 63 1]
[2.7563659802575553 'Conceptual' 1 0.18921063343566852 0.283853067281791
 2.769230769230769 6 2 7 6 63 1]
[4.197196718742555 'Conceptual' 1 0.18921063343566852 0.283853067281791
 0.3521367521367521 6 2 7 7 63 1]
[2.702839034595698 'Conceptual' 1 0.18921063343566852 0.283853067281791
 4.102564102564102 6 2 7 8 55 1]
[3.501667581895234 'Conceptual' 1 0.18921063343566852 0.283853067281791
 4.102564102564102 6 2 7 9 63 1]
[1.2985837857094307 'Conceptual' 1 0.18921063343566852 0.283853067281791
 1.1282051282051282 6 2 7 10 55 1]
[0.13293982218528885 'Conceptual' 1 0.18921063343566852 0.283853067281791
 0.717948717948718 6 2 7 11 55 1]
[6.354123536851508 'Conceptual' 1 0.18921063343566852 0.283853067281791
 4.102564102564102 6 2 7 12 63 1]
[0.0074569308328030345 'Conceptual' 1 0.18921063343566852
 0.283853067281791 0.6153846153846153 6 2 7 13 63 1]
[1.1007397590359953 'Conceptual' 1 0.18921063343566852 0.283853067281791
 2.6427350427350427 6 2 7 14 55 1]
[0.0007999409256949729 'Conceptual' 1 0.18921063343566852
 0.283853067281791 0.45470085470085464 6 2 7 15 55 1]
[6.498922194620809 'Conceptual' 1 0.18921063343566852 0.283853067281791
 4.102564102564102 6 2 7 16 55 1]
[11.513555266603538 'Conceptual' 1 0.18921063343566852 0.283853067281791
 0.41025641025641024 6 2 7 17 55 1]
[0.716280377387355 'Conceptual' 1 0.18921063343566852 0.283853067281791
 2.505982905982906 6 2 7 18 55 1]
[6.378360334928932 'Conceptual' 1 0.18921063343566852 0.283853067281791
 4.102564102564102 6 2 7 19 63 1]
[0.0 'Conceptual' 1 0.18921063343566852 0.283853067281791 0.0 6 2 8 0 24 1]
[3.8706299397773383 'Conceptual' 1 0.18921063343566852 0.283853067281791
 4.102564102564102 6 2 8 1 61 1]
[3.9478945651579624 'Conceptual' 1 0.18921063343566852 0.283853067281791
 3.5658119658119656 6 2 8 2 5 1]
[3.177130987598439 'Conceptual' 1 0.18921063343566852 0.283853067281791
 2.7111111111111112 6 2 8 3 21 1]
[4.980889494056958 'Conceptual' 1 0.18921063343566852 0.283853067281791
 4.102564102564102 6 2 8 4 7 1]
[3.4064621669751696 'Conceptual' 1 0.18921063343566852 0.283853067281791
 1.9247863247863248 6 2 8 5 15 1]
[2.7563659802575553 'Conceptual' 1 0.18921063343566852 0.283853067281791
 2.769230769230769 6 2 8 6 5 1]
[4.197196718742555 'Conceptual' 1 0.18921063343566852 0.283853067281791
 0.3521367521367521 6 2 8 7 6 1]
[2.702839034595698 'Conceptual' 1 0.18921063343566852 0.283853067281791
 4.102564102564102 6 2 8 8 13 1]
[3.501667581895234 'Conceptual' 1 0.18921063343566852 0.283853067281791
 4.102564102564102 6 2 8 9 6 1]
[1.2985837857094307 'Conceptual' 1 0.18921063343566852 0.283853067281791
 1.1282051282051282 6 2 8 10 7 1]
[0.13293982218528885 'Conceptual' 1 0.18921063343566852 0.283853067281791
 0.717948717948718 6 2 8 11 15 1]
[6.354123536851508 'Conceptual' 1 0.18921063343566852 0.283853067281791
 4.102564102564102 6 2 8 12 6 1]
[0.0074569308328030345 'Conceptual' 1 0.18921063343566852
 0.283853067281791 0.6153846153846153 6 2 8 13 7 1]
[1.1007397590359953 'Conceptual' 1 0.18921063343566852 0.283853067281791
 2.6427350427350427 6 2 8 14 7 1]
[0.0007999409256949729 'Conceptual' 1 0.18921063343566852
 0.283853067281791 0.45470085470085464 6 2 8 15 7 1]
[6.498922194620809 'Conceptual' 1 0.18921063343566852 0.283853067281791
 4.102564102564102 6 2 8 16 7 1]
[11.513555266603538 'Conceptual' 1 0.18921063343566852 0.283853067281791
 0.41025641025641024 6 2 8 17 7 1]
[0.716280377387355 'Conceptual' 1 0.18921063343566852 0.283853067281791
 2.505982905982906 6 2 8 18 7 1]
[6.378360334928932 'Conceptual' 1 0.18921063343566852 0.283853067281791
 4.102564102564102 6 2 8 19 7 1]
[0.0 'Conceptual' 1 0.18921063343566852 0.283853067281791 0.0 6 2 9 0 55 1]
[3.8706299397773383 'Conceptual' 1 0.18921063343566852 0.283853067281791
 4.102564102564102 6 2 9 1 54 1]
[3.9478945651579624 'Conceptual' 1 0.18921063343566852 0.283853067281791
 3.5658119658119656 6 2 9 2 62 1]
[3.177130987598439 'Conceptual' 1 0.18921063343566852 0.283853067281791
 2.7111111111111112 6 2 9 3 61 1]
[4.980889494056958 'Conceptual' 1 0.18921063343566852 0.283853067281791
 4.102564102564102 6 2 9 4 61 1]
[3.4064621669751696 'Conceptual' 1 0.18921063343566852 0.283853067281791
 1.9247863247863248 6 2 9 5 61 1]
[2.7563659802575553 'Conceptual' 1 0.18921063343566852 0.283853067281791
 2.769230769230769 6 2 9 6 61 1]
[4.197196718742555 'Conceptual' 1 0.18921063343566852 0.283853067281791
 0.3521367521367521 6 2 9 7 61 1]
[2.702839034595698 'Conceptual' 1 0.18921063343566852 0.283853067281791
 4.102564102564102 6 2 9 8 61 1]
[3.501667581895234 'Conceptual' 1 0.18921063343566852 0.283853067281791
 4.102564102564102 6 2 9 9 61 1]
[1.2985837857094307 'Conceptual' 1 0.18921063343566852 0.283853067281791
 1.1282051282051282 6 2 9 10 60 1]
[0.13293982218528885 'Conceptual' 1 0.18921063343566852 0.283853067281791
 0.717948717948718 6 2 9 11 62 1]
[6.354123536851508 'Conceptual' 1 0.18921063343566852 0.283853067281791
 4.102564102564102 6 2 9 12 61 1]
[0.0074569308328030345 'Conceptual' 1 0.18921063343566852
 0.283853067281791 0.6153846153846153 6 2 9 13 53 1]
[1.1007397590359953 'Conceptual' 1 0.18921063343566852 0.283853067281791
 2.6427350427350427 6 2 9 14 61 1]
[0.0007999409256949729 'Conceptual' 1 0.18921063343566852
 0.283853067281791 0.45470085470085464 6 2 9 15 61 1]
[6.498922194620809 'Conceptual' 1 0.18921063343566852 0.283853067281791
 4.102564102564102 6 2 9 16 61 1]
[11.513555266603538 'Conceptual' 1 0.18921063343566852 0.283853067281791
 0.41025641025641024 6 2 9 17 62 1]
[0.716280377387355 'Conceptual' 1 0.18921063343566852 0.283853067281791
 2.505982905982906 6 2 9 18 62 1]
[6.378360334928932 'Conceptual' 1 0.18921063343566852 0.283853067281791
 4.102564102564102 6 2 9 19 61 1]
