slurmstepd: error: Unable to create TMPDIR [/wrk/users/kojaakko]: Permission denied
slurmstepd: error: Setting TMPDIR to /tmp
[0.0 'Spatial' 0 0.20013034138392713 0.5436678207847185 0.0 4 3 0 0 42 1]
[4.043761452038188 'Spatial' 0 0.20013034138392713 0.5436678207847185
 1.2307692307692308 4 3 0 1 45 1]
[3.823055432976856 'Spatial' 0 0.20013034138392713 0.5436678207847185
 1.5829059829059828 4 3 0 2 21 1]
[3.7089846375253925 'Spatial' 0 0.20013034138392713 0.5436678207847185
 1.5145299145299145 4 3 0 3 18 1]
[2.9327875366164813 'Spatial' 0 0.20013034138392713 0.5436678207847185
 2.1538461538461537 4 3 0 4 0 1]
[3.524276762697842 'Spatial' 0 0.20013034138392713 0.5436678207847185
 3.0188034188034187 4 3 0 5 36 1]
[3.8493840122527203 'Spatial' 0 0.20013034138392713 0.5436678207847185
 0.8991452991452991 4 3 0 6 25 1]
[3.4238538288617173 'Spatial' 0 0.20013034138392713 0.5436678207847185
 1.1042735042735041 4 3 0 7 32 1]
[2.835510245724193 'Spatial' 0 0.20013034138392713 0.5436678207847185
 1.0017094017094017 4 3 0 8 40 1]
[2.122575011371677 'Spatial' 0 0.20013034138392713 0.5436678207847185
 2.2324786324786325 4 3 0 9 41 1]
[2.917071195072164 'Spatial' 0 0.20013034138392713 0.5436678207847185
 2.6427350427350427 4 3 0 10 24 1]
[0.3507065946269105 'Spatial' 0 0.20013034138392713 0.5436678207847185
 1.0256410256410255 4 3 0 11 32 1]
[0.0553189190623853 'Spatial' 0 0.20013034138392713 0.5436678207847185
 0.7965811965811965 4 3 0 12 32 1]
[2.283849573569081 'Spatial' 0 0.20013034138392713 0.5436678207847185
 2.6427350427350427 4 3 0 13 24 1]
[0.03588394424151936 'Spatial' 0 0.20013034138392713 0.5436678207847185
 0.10256410256410256 4 3 0 14 32 1]
[0.001520367654455789 'Spatial' 0 0.20013034138392713 0.5436678207847185
 0.10256410256410256 4 3 0 15 32 1]
[0.0006530321065588931 'Spatial' 0 0.20013034138392713 0.5436678207847185
 0.10256410256410256 4 3 0 16 32 1]
[0.000629801633309997 'Spatial' 0 0.20013034138392713 0.5436678207847185
 0.10256410256410256 4 3 0 17 32 1]
[0.000629801633309997 'Spatial' 0 0.20013034138392713 0.5436678207847185
 0.10256410256410256 4 3 0 18 32 1]
[0.000629801633309997 'Spatial' 0 0.20013034138392713 0.5436678207847185
 0.10256410256410256 4 3 0 19 32 1]
[0.0 'Spatial' 0 0.20013034138392713 0.5436678207847185 0.0 4 3 1 0 42 1]
[4.043761452038188 'Spatial' 0 0.20013034138392713 0.5436678207847185
 1.2307692307692308 4 3 1 1 45 1]
[3.823055432976856 'Spatial' 0 0.20013034138392713 0.5436678207847185
 1.5829059829059828 4 3 1 2 30 1]
[3.7089846375253925 'Spatial' 0 0.20013034138392713 0.5436678207847185
 1.5145299145299145 4 3 1 3 39 1]
[2.9327875366164813 'Spatial' 0 0.20013034138392713 0.5436678207847185
 2.1538461538461537 4 3 1 4 20 1]
[3.524276762697842 'Spatial' 0 0.20013034138392713 0.5436678207847185
 3.0188034188034187 4 3 1 5 17 1]
[3.8493840122527203 'Spatial' 0 0.20013034138392713 0.5436678207847185
 0.8991452991452991 4 3 1 6 34 1]
[3.4238538288617173 'Spatial' 0 0.20013034138392713 0.5436678207847185
 1.1042735042735041 4 3 1 7 61 1]
[2.835510245724193 'Spatial' 0 0.20013034138392713 0.5436678207847185
 1.0017094017094017 4 3 1 8 6 1]
[2.122575011371677 'Spatial' 0 0.20013034138392713 0.5436678207847185
 2.2324786324786325 4 3 1 9 4 1]
[2.917071195072164 'Spatial' 0 0.20013034138392713 0.5436678207847185
 2.6427350427350427 4 3 1 10 5 1]
[0.3507065946269105 'Spatial' 0 0.20013034138392713 0.5436678207847185
 1.0256410256410255 4 3 1 11 13 1]
[0.0553189190623853 'Spatial' 0 0.20013034138392713 0.5436678207847185
 0.7965811965811965 4 3 1 12 7 1]
[2.283849573569081 'Spatial' 0 0.20013034138392713 0.5436678207847185
 2.6427350427350427 4 3 1 13 4 1]
[0.03588394424151936 'Spatial' 0 0.20013034138392713 0.5436678207847185
 0.10256410256410256 4 3 1 14 4 1]
[0.001520367654455789 'Spatial' 0 0.20013034138392713 0.5436678207847185
 0.10256410256410256 4 3 1 15 12 1]
[0.0006530321065588931 'Spatial' 0 0.20013034138392713 0.5436678207847185
 0.10256410256410256 4 3 1 16 5 1]
[0.000629801633309997 'Spatial' 0 0.20013034138392713 0.5436678207847185
 0.10256410256410256 4 3 1 17 6 1]
[0.000629801633309997 'Spatial' 0 0.20013034138392713 0.5436678207847185
 0.10256410256410256 4 3 1 18 5 1]
[0.000629801633309997 'Spatial' 0 0.20013034138392713 0.5436678207847185
 0.10256410256410256 4 3 1 19 5 1]
[0.0 'Spatial' 0 0.20013034138392713 0.5436678207847185 0.0 4 3 2 0 9 1]
[4.043761452038188 'Spatial' 0 0.20013034138392713 0.5436678207847185
 1.2307692307692308 4 3 2 1 0 1]
[3.823055432976856 'Spatial' 0 0.20013034138392713 0.5436678207847185
 1.5829059829059828 4 3 2 2 10 1]
[3.7089846375253925 'Spatial' 0 0.20013034138392713 0.5436678207847185
 1.5145299145299145 4 3 2 3 8 1]
[2.9327875366164813 'Spatial' 0 0.20013034138392713 0.5436678207847185
 2.1538461538461537 4 3 2 4 16 1]
[3.524276762697842 'Spatial' 0 0.20013034138392713 0.5436678207847185
 3.0188034188034187 4 3 2 5 24 1]
[3.8493840122527203 'Spatial' 0 0.20013034138392713 0.5436678207847185
 0.8991452991452991 4 3 2 6 25 1]
[3.4238538288617173 'Spatial' 0 0.20013034138392713 0.5436678207847185
 1.1042735042735041 4 3 2 7 48 1]
[2.835510245724193 'Spatial' 0 0.20013034138392713 0.5436678207847185
 1.0017094017094017 4 3 2 8 56 1]
[2.122575011371677 'Spatial' 0 0.20013034138392713 0.5436678207847185
 2.2324786324786325 4 3 2 9 57 1]
[2.917071195072164 'Spatial' 0 0.20013034138392713 0.5436678207847185
 2.6427350427350427 4 3 2 10 57 1]
[0.3507065946269105 'Spatial' 0 0.20013034138392713 0.5436678207847185
 1.0256410256410255 4 3 2 11 57 1]
[0.0553189190623853 'Spatial' 0 0.20013034138392713 0.5436678207847185
 0.7965811965811965 4 3 2 12 57 1]
[2.283849573569081 'Spatial' 0 0.20013034138392713 0.5436678207847185
 2.6427350427350427 4 3 2 13 57 1]
[0.03588394424151936 'Spatial' 0 0.20013034138392713 0.5436678207847185
 0.10256410256410256 4 3 2 14 57 1]
[0.001520367654455789 'Spatial' 0 0.20013034138392713 0.5436678207847185
 0.10256410256410256 4 3 2 15 57 1]
[0.0006530321065588931 'Spatial' 0 0.20013034138392713 0.5436678207847185
 0.10256410256410256 4 3 2 16 57 1]
[0.000629801633309997 'Spatial' 0 0.20013034138392713 0.5436678207847185
 0.10256410256410256 4 3 2 17 57 1]
[0.000629801633309997 'Spatial' 0 0.20013034138392713 0.5436678207847185
 0.10256410256410256 4 3 2 18 57 1]
[0.000629801633309997 'Spatial' 0 0.20013034138392713 0.5436678207847185
 0.10256410256410256 4 3 2 19 57 1]
[0.0 'Spatial' 0 0.20013034138392713 0.5436678207847185 0.0 4 3 4 0 57 1]
[4.043761452038188 'Spatial' 0 0.20013034138392713 0.5436678207847185
 1.2307692307692308 4 3 4 1 51 1]
[3.823055432976856 'Spatial' 0 0.20013034138392713 0.5436678207847185
 1.5829059829059828 4 3 4 2 55 1]
[3.7089846375253925 'Spatial' 0 0.20013034138392713 0.5436678207847185
 1.5145299145299145 4 3 4 3 53 1]
[2.9327875366164813 'Spatial' 0 0.20013034138392713 0.5436678207847185
 2.1538461538461537 4 3 4 4 48 1]
[3.524276762697842 'Spatial' 0 0.20013034138392713 0.5436678207847185
 3.0188034188034187 4 3 4 5 33 1]
[3.8493840122527203 'Spatial' 0 0.20013034138392713 0.5436678207847185
 0.8991452991452991 4 3 4 6 9 1]
[3.4238538288617173 'Spatial' 0 0.20013034138392713 0.5436678207847185
 1.1042735042735041 4 3 4 7 33 1]
[2.835510245724193 'Spatial' 0 0.20013034138392713 0.5436678207847185
 1.0017094017094017 4 3 4 8 41 1]
[2.122575011371677 'Spatial' 0 0.20013034138392713 0.5436678207847185
 2.2324786324786325 4 3 4 9 57 1]
[2.917071195072164 'Spatial' 0 0.20013034138392713 0.5436678207847185
 2.6427350427350427 4 3 4 10 42 1]
[0.3507065946269105 'Spatial' 0 0.20013034138392713 0.5436678207847185
 1.0256410256410255 4 3 4 11 43 1]
[0.0553189190623853 'Spatial' 0 0.20013034138392713 0.5436678207847185
 0.7965811965811965 4 3 4 12 34 1]
[2.283849573569081 'Spatial' 0 0.20013034138392713 0.5436678207847185
 2.6427350427350427 4 3 4 13 26 1]
[0.03588394424151936 'Spatial' 0 0.20013034138392713 0.5436678207847185
 0.10256410256410256 4 3 4 14 42 1]
[0.001520367654455789 'Spatial' 0 0.20013034138392713 0.5436678207847185
 0.10256410256410256 4 3 4 15 34 1]
[0.0006530321065588931 'Spatial' 0 0.20013034138392713 0.5436678207847185
 0.10256410256410256 4 3 4 16 34 1]
[0.000629801633309997 'Spatial' 0 0.20013034138392713 0.5436678207847185
 0.10256410256410256 4 3 4 17 35 1]
[0.000629801633309997 'Spatial' 0 0.20013034138392713 0.5436678207847185
 0.10256410256410256 4 3 4 18 34 1]
[0.000629801633309997 'Spatial' 0 0.20013034138392713 0.5436678207847185
 0.10256410256410256 4 3 4 19 42 1]
[0.0 'Spatial' 0 0.20013034138392713 0.5436678207847185 0.0 4 3 5 0 54 1]
[4.043761452038188 'Spatial' 0 0.20013034138392713 0.5436678207847185
 1.2307692307692308 4 3 5 1 55 1]
[3.823055432976856 'Spatial' 0 0.20013034138392713 0.5436678207847185
 1.5829059829059828 4 3 5 2 46 1]
[3.7089846375253925 'Spatial' 0 0.20013034138392713 0.5436678207847185
 1.5145299145299145 4 3 5 3 53 1]
[2.9327875366164813 'Spatial' 0 0.20013034138392713 0.5436678207847185
 2.1538461538461537 4 3 5 4 60 1]
[3.524276762697842 'Spatial' 0 0.20013034138392713 0.5436678207847185
 3.0188034188034187 4 3 5 5 51 1]
[3.8493840122527203 'Spatial' 0 0.20013034138392713 0.5436678207847185
 0.8991452991452991 4 3 5 6 48 1]
[3.4238538288617173 'Spatial' 0 0.20013034138392713 0.5436678207847185
 1.1042735042735041 4 3 5 7 58 1]
[2.835510245724193 'Spatial' 0 0.20013034138392713 0.5436678207847185
 1.0017094017094017 4 3 5 8 52 1]
[2.122575011371677 'Spatial' 0 0.20013034138392713 0.5436678207847185
 2.2324786324786325 4 3 5 9 52 1]
[2.917071195072164 'Spatial' 0 0.20013034138392713 0.5436678207847185
 2.6427350427350427 4 3 5 10 52 1]
[0.3507065946269105 'Spatial' 0 0.20013034138392713 0.5436678207847185
 1.0256410256410255 4 3 5 11 44 1]
[0.0553189190623853 'Spatial' 0 0.20013034138392713 0.5436678207847185
 0.7965811965811965 4 3 5 12 44 1]
[2.283849573569081 'Spatial' 0 0.20013034138392713 0.5436678207847185
 2.6427350427350427 4 3 5 13 36 1]
[0.03588394424151936 'Spatial' 0 0.20013034138392713 0.5436678207847185
 0.10256410256410256 4 3 5 14 52 1]
[0.001520367654455789 'Spatial' 0 0.20013034138392713 0.5436678207847185
 0.10256410256410256 4 3 5 15 53 1]
[0.0006530321065588931 'Spatial' 0 0.20013034138392713 0.5436678207847185
 0.10256410256410256 4 3 5 16 52 1]
[0.000629801633309997 'Spatial' 0 0.20013034138392713 0.5436678207847185
 0.10256410256410256 4 3 5 17 43 1]
[0.000629801633309997 'Spatial' 0 0.20013034138392713 0.5436678207847185
 0.10256410256410256 4 3 5 18 43 1]
[0.000629801633309997 'Spatial' 0 0.20013034138392713 0.5436678207847185
 0.10256410256410256 4 3 5 19 43 1]
[0.0 'Spatial' 0 0.20013034138392713 0.5436678207847185 0.0 4 3 6 0 49 1]
[4.043761452038188 'Spatial' 0 0.20013034138392713 0.5436678207847185
 1.2307692307692308 4 3 6 1 41 1]
[3.823055432976856 'Spatial' 0 0.20013034138392713 0.5436678207847185
 1.5829059829059828 4 3 6 2 51 1]
[3.7089846375253925 'Spatial' 0 0.20013034138392713 0.5436678207847185
 1.5145299145299145 4 3 6 3 32 1]
[2.9327875366164813 'Spatial' 0 0.20013034138392713 0.5436678207847185
 2.1538461538461537 4 3 6 4 8 1]
[3.524276762697842 'Spatial' 0 0.20013034138392713 0.5436678207847185
 3.0188034188034187 4 3 6 5 62 1]
[3.8493840122527203 'Spatial' 0 0.20013034138392713 0.5436678207847185
 0.8991452991452991 4 3 6 6 46 1]
[3.4238538288617173 'Spatial' 0 0.20013034138392713 0.5436678207847185
 1.1042735042735041 4 3 6 7 54 1]
[2.835510245724193 'Spatial' 0 0.20013034138392713 0.5436678207847185
 1.0017094017094017 4 3 6 8 45 1]
[2.122575011371677 'Spatial' 0 0.20013034138392713 0.5436678207847185
 2.2324786324786325 4 3 6 9 46 1]
[2.917071195072164 'Spatial' 0 0.20013034138392713 0.5436678207847185
 2.6427350427350427 4 3 6 10 55 1]
[0.3507065946269105 'Spatial' 0 0.20013034138392713 0.5436678207847185
 1.0256410256410255 4 3 6 11 62 1]
[0.0553189190623853 'Spatial' 0 0.20013034138392713 0.5436678207847185
 0.7965811965811965 4 3 6 12 63 1]
[2.283849573569081 'Spatial' 0 0.20013034138392713 0.5436678207847185
 2.6427350427350427 4 3 6 13 47 1]
[0.03588394424151936 'Spatial' 0 0.20013034138392713 0.5436678207847185
 0.10256410256410256 4 3 6 14 38 1]
[0.001520367654455789 'Spatial' 0 0.20013034138392713 0.5436678207847185
 0.10256410256410256 4 3 6 15 54 1]
[0.0006530321065588931 'Spatial' 0 0.20013034138392713 0.5436678207847185
 0.10256410256410256 4 3 6 16 53 1]
[0.000629801633309997 'Spatial' 0 0.20013034138392713 0.5436678207847185
 0.10256410256410256 4 3 6 17 61 1]
[0.000629801633309997 'Spatial' 0 0.20013034138392713 0.5436678207847185
 0.10256410256410256 4 3 6 18 55 1]
[0.000629801633309997 'Spatial' 0 0.20013034138392713 0.5436678207847185
 0.10256410256410256 4 3 6 19 55 1]
[0.0 'Spatial' 0 0.20013034138392713 0.5436678207847185 0.0 4 3 7 0 49 1]
[4.043761452038188 'Spatial' 0 0.20013034138392713 0.5436678207847185
 1.2307692307692308 4 3 7 1 56 1]
[3.823055432976856 'Spatial' 0 0.20013034138392713 0.5436678207847185
 1.5829059829059828 4 3 7 2 49 1]
[3.7089846375253925 'Spatial' 0 0.20013034138392713 0.5436678207847185
 1.5145299145299145 4 3 7 3 49 1]
[2.9327875366164813 'Spatial' 0 0.20013034138392713 0.5436678207847185
 2.1538461538461537 4 3 7 4 49 1]
[3.524276762697842 'Spatial' 0 0.20013034138392713 0.5436678207847185
 3.0188034188034187 4 3 7 5 49 1]
[3.8493840122527203 'Spatial' 0 0.20013034138392713 0.5436678207847185
 0.8991452991452991 4 3 7 6 41 1]
[3.4238538288617173 'Spatial' 0 0.20013034138392713 0.5436678207847185
 1.1042735042735041 4 3 7 7 57 1]
[2.835510245724193 'Spatial' 0 0.20013034138392713 0.5436678207847185
 1.0017094017094017 4 3 7 8 48 1]
[2.122575011371677 'Spatial' 0 0.20013034138392713 0.5436678207847185
 2.2324786324786325 4 3 7 9 48 1]
[2.917071195072164 'Spatial' 0 0.20013034138392713 0.5436678207847185
 2.6427350427350427 4 3 7 10 48 1]
[0.3507065946269105 'Spatial' 0 0.20013034138392713 0.5436678207847185
 1.0256410256410255 4 3 7 11 50 1]
[0.0553189190623853 'Spatial' 0 0.20013034138392713 0.5436678207847185
 0.7965811965811965 4 3 7 12 48 1]
[2.283849573569081 'Spatial' 0 0.20013034138392713 0.5436678207847185
 2.6427350427350427 4 3 7 13 48 1]
[0.03588394424151936 'Spatial' 0 0.20013034138392713 0.5436678207847185
 0.10256410256410256 4 3 7 14 48 1]
[0.001520367654455789 'Spatial' 0 0.20013034138392713 0.5436678207847185
 0.10256410256410256 4 3 7 15 48 1]
[0.0006530321065588931 'Spatial' 0 0.20013034138392713 0.5436678207847185
 0.10256410256410256 4 3 7 16 48 1]
[0.000629801633309997 'Spatial' 0 0.20013034138392713 0.5436678207847185
 0.10256410256410256 4 3 7 17 48 1]
[0.000629801633309997 'Spatial' 0 0.20013034138392713 0.5436678207847185
 0.10256410256410256 4 3 7 18 48 1]
[0.000629801633309997 'Spatial' 0 0.20013034138392713 0.5436678207847185
 0.10256410256410256 4 3 7 19 48 1]
[0.0 'Spatial' 0 0.20013034138392713 0.5436678207847185 0.0 4 3 8 0 48 1]
[4.043761452038188 'Spatial' 0 0.20013034138392713 0.5436678207847185
 1.2307692307692308 4 3 8 1 58 1]
[3.823055432976856 'Spatial' 0 0.20013034138392713 0.5436678207847185
 1.5829059829059828 4 3 8 2 50 1]
[3.7089846375253925 'Spatial' 0 0.20013034138392713 0.5436678207847185
 1.5145299145299145 4 3 8 3 60 1]
[2.9327875366164813 'Spatial' 0 0.20013034138392713 0.5436678207847185
 2.1538461538461537 4 3 8 4 57 1]
[3.524276762697842 'Spatial' 0 0.20013034138392713 0.5436678207847185
 3.0188034188034187 4 3 8 5 58 1]
[3.8493840122527203 'Spatial' 0 0.20013034138392713 0.5436678207847185
 0.8991452991452991 4 3 8 6 51 1]
[3.4238538288617173 'Spatial' 0 0.20013034138392713 0.5436678207847185
 1.1042735042735041 4 3 8 7 49 1]
[2.835510245724193 'Spatial' 0 0.20013034138392713 0.5436678207847185
 1.0017094017094017 4 3 8 8 50 1]
[2.122575011371677 'Spatial' 0 0.20013034138392713 0.5436678207847185
 2.2324786324786325 4 3 8 9 42 1]
[2.917071195072164 'Spatial' 0 0.20013034138392713 0.5436678207847185
 2.6427350427350427 4 3 8 10 32 1]
[0.3507065946269105 'Spatial' 0 0.20013034138392713 0.5436678207847185
 1.0256410256410255 4 3 8 11 1 1]
[0.0553189190623853 'Spatial' 0 0.20013034138392713 0.5436678207847185
 0.7965811965811965 4 3 8 12 17 1]
[2.283849573569081 'Spatial' 0 0.20013034138392713 0.5436678207847185
 2.6427350427350427 4 3 8 13 21 1]
[0.03588394424151936 'Spatial' 0 0.20013034138392713 0.5436678207847185
 0.10256410256410256 4 3 8 14 58 1]
[0.001520367654455789 'Spatial' 0 0.20013034138392713 0.5436678207847185
 0.10256410256410256 4 3 8 15 58 1]
[0.0006530321065588931 'Spatial' 0 0.20013034138392713 0.5436678207847185
 0.10256410256410256 4 3 8 16 59 1]
[0.000629801633309997 'Spatial' 0 0.20013034138392713 0.5436678207847185
 0.10256410256410256 4 3 8 17 58 1]
[0.000629801633309997 'Spatial' 0 0.20013034138392713 0.5436678207847185
 0.10256410256410256 4 3 8 18 58 1]
[0.000629801633309997 'Spatial' 0 0.20013034138392713 0.5436678207847185
 0.10256410256410256 4 3 8 19 58 1]
[0.0 'Spatial' 0 0.20013034138392713 0.5436678207847185 0.0 4 3 9 0 57 1]
[4.043761452038188 'Spatial' 0 0.20013034138392713 0.5436678207847185
 1.2307692307692308 4 3 9 1 48 1]
[3.823055432976856 'Spatial' 0 0.20013034138392713 0.5436678207847185
 1.5829059829059828 4 3 9 2 40 1]
[3.7089846375253925 'Spatial' 0 0.20013034138392713 0.5436678207847185
 1.5145299145299145 4 3 9 3 56 1]
[2.9327875366164813 'Spatial' 0 0.20013034138392713 0.5436678207847185
 2.1538461538461537 4 3 9 4 56 1]
[3.524276762697842 'Spatial' 0 0.20013034138392713 0.5436678207847185
 3.0188034188034187 4 3 9 5 56 1]
[3.8493840122527203 'Spatial' 0 0.20013034138392713 0.5436678207847185
 0.8991452991452991 4 3 9 6 56 1]
[3.4238538288617173 'Spatial' 0 0.20013034138392713 0.5436678207847185
 1.1042735042735041 4 3 9 7 56 1]
[2.835510245724193 'Spatial' 0 0.20013034138392713 0.5436678207847185
 1.0017094017094017 4 3 9 8 56 1]
[2.122575011371677 'Spatial' 0 0.20013034138392713 0.5436678207847185
 2.2324786324786325 4 3 9 9 56 1]
[2.917071195072164 'Spatial' 0 0.20013034138392713 0.5436678207847185
 2.6427350427350427 4 3 9 10 56 1]
[0.3507065946269105 'Spatial' 0 0.20013034138392713 0.5436678207847185
 1.0256410256410255 4 3 9 11 56 1]
[0.0553189190623853 'Spatial' 0 0.20013034138392713 0.5436678207847185
 0.7965811965811965 4 3 9 12 56 1]
[2.283849573569081 'Spatial' 0 0.20013034138392713 0.5436678207847185
 2.6427350427350427 4 3 9 13 56 1]
[0.03588394424151936 'Spatial' 0 0.20013034138392713 0.5436678207847185
 0.10256410256410256 4 3 9 14 56 1]
[0.001520367654455789 'Spatial' 0 0.20013034138392713 0.5436678207847185
 0.10256410256410256 4 3 9 15 56 1]
[0.0006530321065588931 'Spatial' 0 0.20013034138392713 0.5436678207847185
 0.10256410256410256 4 3 9 16 56 1]
[0.000629801633309997 'Spatial' 0 0.20013034138392713 0.5436678207847185
 0.10256410256410256 4 3 9 17 56 1]
[0.000629801633309997 'Spatial' 0 0.20013034138392713 0.5436678207847185
 0.10256410256410256 4 3 9 18 56 1]
[0.000629801633309997 'Spatial' 0 0.20013034138392713 0.5436678207847185
 0.10256410256410256 4 3 9 19 56 1]
