slurmstepd: error: Unable to create TMPDIR [/wrk/users/kojaakko]: Permission denied
slurmstepd: error: Setting TMPDIR to /tmp
[0.0 'Conceptual' 1 0.10053855049134879 1.1778956963732282e-06 0.0 1 3 0 0
 7 1]
[4.158437277687903 'Conceptual' 1 0.10053855049134879
 1.1778956963732282e-06 1.2068376068376068 1 3 0 1 56 1]
[1.3571887337800714 'Conceptual' 1 0.10053855049134879
 1.1778956963732282e-06 0.10256410256410256 1 3 0 2 57 1]
[1.8977132789790039 'Conceptual' 1 0.10053855049134879
 1.1778956963732282e-06 2.358974358974359 1 3 0 3 57 1]
[0.7523647970092309 'Conceptual' 1 0.10053855049134879
 1.1778956963732282e-06 0.8991452991452991 1 3 0 4 57 1]
[0.014241327511505938 'Conceptual' 1 0.10053855049134879
 1.1778956963732282e-06 0.4888888888888889 1 3 0 5 58 1]
[0.0006965827720479675 'Conceptual' 1 0.10053855049134879
 1.1778956963732282e-06 0.10256410256410256 1 3 0 6 57 1]
[0.0006298016333097749 'Conceptual' 1 0.10053855049134879
 1.1778956963732282e-06 0.10256410256410256 1 3 0 7 58 1]
[0.0006298016333097749 'Conceptual' 1 0.10053855049134879
 1.1778956963732282e-06 0.10256410256410256 1 3 0 8 58 1]
[0.0006298016333097749 'Conceptual' 1 0.10053855049134879
 1.1778956963732282e-06 0.10256410256410256 1 3 0 9 58 1]
[0.0006298016333097749 'Conceptual' 1 0.10053855049134879
 1.1778956963732282e-06 0.10256410256410256 1 3 0 10 58 1]
[0.0006298016333097749 'Conceptual' 1 0.10053855049134879
 1.1778956963732282e-06 0.10256410256410256 1 3 0 11 58 1]
[0.0006298016333097749 'Conceptual' 1 0.10053855049134879
 1.1778956963732282e-06 0.10256410256410256 1 3 0 12 58 1]
[0.0006298016333097749 'Conceptual' 1 0.10053855049134879
 1.1778956963732282e-06 0.10256410256410256 1 3 0 13 58 1]
[0.0006298016333097749 'Conceptual' 1 0.10053855049134879
 1.1778956963732282e-06 0.10256410256410256 1 3 0 14 58 1]
[0.0006298016333097749 'Conceptual' 1 0.10053855049134879
 1.1778956963732282e-06 0.10256410256410256 1 3 0 15 58 1]
[0.0006298016333097749 'Conceptual' 1 0.10053855049134879
 1.1778956963732282e-06 0.10256410256410256 1 3 0 16 58 1]
[0.0006298016333097749 'Conceptual' 1 0.10053855049134879
 1.1778956963732282e-06 0.10256410256410256 1 3 0 17 58 1]
[0.0006298016333097749 'Conceptual' 1 0.10053855049134879
 1.1778956963732282e-06 0.10256410256410256 1 3 0 18 58 1]
[0.0006298016333097749 'Conceptual' 1 0.10053855049134879
 1.1778956963732282e-06 0.10256410256410256 1 3 0 19 58 1]
[0.0 'Conceptual' 1 0.10053855049134879 1.1778956963732282e-06 0.0 1 3 1 0
 0 1]
[4.158437277687903 'Conceptual' 1 0.10053855049134879
 1.1778956963732282e-06 1.2068376068376068 1 3 1 1 1 1]
[1.3571887337800714 'Conceptual' 1 0.10053855049134879
 1.1778956963732282e-06 0.10256410256410256 1 3 1 2 8 1]
[1.8977132789790039 'Conceptual' 1 0.10053855049134879
 1.1778956963732282e-06 2.358974358974359 1 3 1 3 0 1]
[0.7523647970092309 'Conceptual' 1 0.10053855049134879
 1.1778956963732282e-06 0.8991452991452991 1 3 1 4 16 1]
[0.014241327511505938 'Conceptual' 1 0.10053855049134879
 1.1778956963732282e-06 0.4888888888888889 1 3 1 5 0 1]
[0.0006965827720479675 'Conceptual' 1 0.10053855049134879
 1.1778956963732282e-06 0.10256410256410256 1 3 1 6 0 1]
[0.0006298016333097749 'Conceptual' 1 0.10053855049134879
 1.1778956963732282e-06 0.10256410256410256 1 3 1 7 0 1]
[0.0006298016333097749 'Conceptual' 1 0.10053855049134879
 1.1778956963732282e-06 0.10256410256410256 1 3 1 8 0 1]
[0.0006298016333097749 'Conceptual' 1 0.10053855049134879
 1.1778956963732282e-06 0.10256410256410256 1 3 1 9 0 1]
[0.0006298016333097749 'Conceptual' 1 0.10053855049134879
 1.1778956963732282e-06 0.10256410256410256 1 3 1 10 0 1]
[0.0006298016333097749 'Conceptual' 1 0.10053855049134879
 1.1778956963732282e-06 0.10256410256410256 1 3 1 11 0 1]
[0.0006298016333097749 'Conceptual' 1 0.10053855049134879
 1.1778956963732282e-06 0.10256410256410256 1 3 1 12 0 1]
[0.0006298016333097749 'Conceptual' 1 0.10053855049134879
 1.1778956963732282e-06 0.10256410256410256 1 3 1 13 0 1]
[0.0006298016333097749 'Conceptual' 1 0.10053855049134879
 1.1778956963732282e-06 0.10256410256410256 1 3 1 14 0 1]
[0.0006298016333097749 'Conceptual' 1 0.10053855049134879
 1.1778956963732282e-06 0.10256410256410256 1 3 1 15 0 1]
[0.0006298016333097749 'Conceptual' 1 0.10053855049134879
 1.1778956963732282e-06 0.10256410256410256 1 3 1 16 0 1]
[0.0006298016333097749 'Conceptual' 1 0.10053855049134879
 1.1778956963732282e-06 0.10256410256410256 1 3 1 17 0 1]
[0.0006298016333097749 'Conceptual' 1 0.10053855049134879
 1.1778956963732282e-06 0.10256410256410256 1 3 1 18 0 1]
[0.0006298016333097749 'Conceptual' 1 0.10053855049134879
 1.1778956963732282e-06 0.10256410256410256 1 3 1 19 0 1]
[0.0 'Conceptual' 1 0.10053855049134879 1.1778956963732282e-06 0.0 1 3 2 0
 7 1]
[4.158437277687903 'Conceptual' 1 0.10053855049134879
 1.1778956963732282e-06 1.2068376068376068 1 3 2 1 63 1]
[1.3571887337800714 'Conceptual' 1 0.10053855049134879
 1.1778956963732282e-06 0.10256410256410256 1 3 2 2 5 1]
[1.8977132789790039 'Conceptual' 1 0.10053855049134879
 1.1778956963732282e-06 2.358974358974359 1 3 2 3 39 1]
[0.7523647970092309 'Conceptual' 1 0.10053855049134879
 1.1778956963732282e-06 0.8991452991452991 1 3 2 4 7 1]
[0.014241327511505938 'Conceptual' 1 0.10053855049134879
 1.1778956963732282e-06 0.4888888888888889 1 3 2 5 32 1]
[0.0006965827720479675 'Conceptual' 1 0.10053855049134879
 1.1778956963732282e-06 0.10256410256410256 1 3 2 6 40 1]
[0.0006298016333097749 'Conceptual' 1 0.10053855049134879
 1.1778956963732282e-06 0.10256410256410256 1 3 2 7 48 1]
[0.0006298016333097749 'Conceptual' 1 0.10053855049134879
 1.1778956963732282e-06 0.10256410256410256 1 3 2 8 48 1]
[0.0006298016333097749 'Conceptual' 1 0.10053855049134879
 1.1778956963732282e-06 0.10256410256410256 1 3 2 9 56 1]
[0.0006298016333097749 'Conceptual' 1 0.10053855049134879
 1.1778956963732282e-06 0.10256410256410256 1 3 2 10 56 1]
[0.0006298016333097749 'Conceptual' 1 0.10053855049134879
 1.1778956963732282e-06 0.10256410256410256 1 3 2 11 57 1]
[0.0006298016333097749 'Conceptual' 1 0.10053855049134879
 1.1778956963732282e-06 0.10256410256410256 1 3 2 12 56 1]
[0.0006298016333097749 'Conceptual' 1 0.10053855049134879
 1.1778956963732282e-06 0.10256410256410256 1 3 2 13 56 1]
[0.0006298016333097749 'Conceptual' 1 0.10053855049134879
 1.1778956963732282e-06 0.10256410256410256 1 3 2 14 56 1]
[0.0006298016333097749 'Conceptual' 1 0.10053855049134879
 1.1778956963732282e-06 0.10256410256410256 1 3 2 15 56 1]
[0.0006298016333097749 'Conceptual' 1 0.10053855049134879
 1.1778956963732282e-06 0.10256410256410256 1 3 2 16 56 1]
[0.0006298016333097749 'Conceptual' 1 0.10053855049134879
 1.1778956963732282e-06 0.10256410256410256 1 3 2 17 56 1]
[0.0006298016333097749 'Conceptual' 1 0.10053855049134879
 1.1778956963732282e-06 0.10256410256410256 1 3 2 18 56 1]
[0.0006298016333097749 'Conceptual' 1 0.10053855049134879
 1.1778956963732282e-06 0.10256410256410256 1 3 2 19 56 1]
[0.0 'Conceptual' 1 0.10053855049134879 1.1778956963732282e-06 0.0 1 3 4 0
 32 1]
[4.158437277687903 'Conceptual' 1 0.10053855049134879
 1.1778956963732282e-06 1.2068376068376068 1 3 4 1 60 1]
[1.3571887337800714 'Conceptual' 1 0.10053855049134879
 1.1778956963732282e-06 0.10256410256410256 1 3 4 2 39 1]
[1.8977132789790039 'Conceptual' 1 0.10053855049134879
 1.1778956963732282e-06 2.358974358974359 1 3 4 3 5 1]
[0.7523647970092309 'Conceptual' 1 0.10053855049134879
 1.1778956963732282e-06 0.8991452991452991 1 3 4 4 0 1]
[0.014241327511505938 'Conceptual' 1 0.10053855049134879
 1.1778956963732282e-06 0.4888888888888889 1 3 4 5 61 1]
[0.0006965827720479675 'Conceptual' 1 0.10053855049134879
 1.1778956963732282e-06 0.10256410256410256 1 3 4 6 62 1]
[0.0006298016333097749 'Conceptual' 1 0.10053855049134879
 1.1778956963732282e-06 0.10256410256410256 1 3 4 7 63 1]
[0.0006298016333097749 'Conceptual' 1 0.10053855049134879
 1.1778956963732282e-06 0.10256410256410256 1 3 4 8 63 1]
[0.0006298016333097749 'Conceptual' 1 0.10053855049134879
 1.1778956963732282e-06 0.10256410256410256 1 3 4 9 63 1]
[0.0006298016333097749 'Conceptual' 1 0.10053855049134879
 1.1778956963732282e-06 0.10256410256410256 1 3 4 10 63 1]
[0.0006298016333097749 'Conceptual' 1 0.10053855049134879
 1.1778956963732282e-06 0.10256410256410256 1 3 4 11 63 1]
[0.0006298016333097749 'Conceptual' 1 0.10053855049134879
 1.1778956963732282e-06 0.10256410256410256 1 3 4 12 62 1]
[0.0006298016333097749 'Conceptual' 1 0.10053855049134879
 1.1778956963732282e-06 0.10256410256410256 1 3 4 13 63 1]
[0.0006298016333097749 'Conceptual' 1 0.10053855049134879
 1.1778956963732282e-06 0.10256410256410256 1 3 4 14 63 1]
[0.0006298016333097749 'Conceptual' 1 0.10053855049134879
 1.1778956963732282e-06 0.10256410256410256 1 3 4 15 63 1]
[0.0006298016333097749 'Conceptual' 1 0.10053855049134879
 1.1778956963732282e-06 0.10256410256410256 1 3 4 16 63 1]
[0.0006298016333097749 'Conceptual' 1 0.10053855049134879
 1.1778956963732282e-06 0.10256410256410256 1 3 4 17 63 1]
[0.0006298016333097749 'Conceptual' 1 0.10053855049134879
 1.1778956963732282e-06 0.10256410256410256 1 3 4 18 63 1]
[0.0006298016333097749 'Conceptual' 1 0.10053855049134879
 1.1778956963732282e-06 0.10256410256410256 1 3 4 19 63 1]
[0.0 'Conceptual' 1 0.10053855049134879 1.1778956963732282e-06 0.0 1 3 5 0
 63 1]
[4.158437277687903 'Conceptual' 1 0.10053855049134879
 1.1778956963732282e-06 1.2068376068376068 1 3 5 1 7 1]
[1.3571887337800714 'Conceptual' 1 0.10053855049134879
 1.1778956963732282e-06 0.10256410256410256 1 3 5 2 56 1]
[1.8977132789790039 'Conceptual' 1 0.10053855049134879
 1.1778956963732282e-06 2.358974358974359 1 3 5 3 0 1]
[0.7523647970092309 'Conceptual' 1 0.10053855049134879
 1.1778956963732282e-06 0.8991452991452991 1 3 5 4 40 1]
[0.014241327511505938 'Conceptual' 1 0.10053855049134879
 1.1778956963732282e-06 0.4888888888888889 1 3 5 5 23 1]
[0.0006965827720479675 'Conceptual' 1 0.10053855049134879
 1.1778956963732282e-06 0.10256410256410256 1 3 5 6 31 1]
[0.0006298016333097749 'Conceptual' 1 0.10053855049134879
 1.1778956963732282e-06 0.10256410256410256 1 3 5 7 5 1]
[0.0006298016333097749 'Conceptual' 1 0.10053855049134879
 1.1778956963732282e-06 0.10256410256410256 1 3 5 8 6 1]
[0.0006298016333097749 'Conceptual' 1 0.10053855049134879
 1.1778956963732282e-06 0.10256410256410256 1 3 5 9 4 1]
[0.0006298016333097749 'Conceptual' 1 0.10053855049134879
 1.1778956963732282e-06 0.10256410256410256 1 3 5 10 3 1]
[0.0006298016333097749 'Conceptual' 1 0.10053855049134879
 1.1778956963732282e-06 0.10256410256410256 1 3 5 11 4 1]
[0.0006298016333097749 'Conceptual' 1 0.10053855049134879
 1.1778956963732282e-06 0.10256410256410256 1 3 5 12 5 1]
[0.0006298016333097749 'Conceptual' 1 0.10053855049134879
 1.1778956963732282e-06 0.10256410256410256 1 3 5 13 6 1]
[0.0006298016333097749 'Conceptual' 1 0.10053855049134879
 1.1778956963732282e-06 0.10256410256410256 1 3 5 14 5 1]
[0.0006298016333097749 'Conceptual' 1 0.10053855049134879
 1.1778956963732282e-06 0.10256410256410256 1 3 5 15 5 1]
[0.0006298016333097749 'Conceptual' 1 0.10053855049134879
 1.1778956963732282e-06 0.10256410256410256 1 3 5 16 5 1]
[0.0006298016333097749 'Conceptual' 1 0.10053855049134879
 1.1778956963732282e-06 0.10256410256410256 1 3 5 17 5 1]
[0.0006298016333097749 'Conceptual' 1 0.10053855049134879
 1.1778956963732282e-06 0.10256410256410256 1 3 5 18 5 1]
[0.0006298016333097749 'Conceptual' 1 0.10053855049134879
 1.1778956963732282e-06 0.10256410256410256 1 3 5 19 5 1]
[0.0 'Conceptual' 1 0.10053855049134879 1.1778956963732282e-06 0.0 1 3 6 0
 28 1]
[4.158437277687903 'Conceptual' 1 0.10053855049134879
 1.1778956963732282e-06 1.2068376068376068 1 3 6 1 20 1]
[1.3571887337800714 'Conceptual' 1 0.10053855049134879
 1.1778956963732282e-06 0.10256410256410256 1 3 6 2 21 1]
[1.8977132789790039 'Conceptual' 1 0.10053855049134879
 1.1778956963732282e-06 2.358974358974359 1 3 6 3 29 1]
[0.7523647970092309 'Conceptual' 1 0.10053855049134879
 1.1778956963732282e-06 0.8991452991452991 1 3 6 4 28 1]
[0.014241327511505938 'Conceptual' 1 0.10053855049134879
 1.1778956963732282e-06 0.4888888888888889 1 3 6 5 28 1]
[0.0006965827720479675 'Conceptual' 1 0.10053855049134879
 1.1778956963732282e-06 0.10256410256410256 1 3 6 6 28 1]
[0.0006298016333097749 'Conceptual' 1 0.10053855049134879
 1.1778956963732282e-06 0.10256410256410256 1 3 6 7 28 1]
[0.0006298016333097749 'Conceptual' 1 0.10053855049134879
 1.1778956963732282e-06 0.10256410256410256 1 3 6 8 28 1]
[0.0006298016333097749 'Conceptual' 1 0.10053855049134879
 1.1778956963732282e-06 0.10256410256410256 1 3 6 9 28 1]
[0.0006298016333097749 'Conceptual' 1 0.10053855049134879
 1.1778956963732282e-06 0.10256410256410256 1 3 6 10 29 1]
[0.0006298016333097749 'Conceptual' 1 0.10053855049134879
 1.1778956963732282e-06 0.10256410256410256 1 3 6 11 28 1]
[0.0006298016333097749 'Conceptual' 1 0.10053855049134879
 1.1778956963732282e-06 0.10256410256410256 1 3 6 12 27 1]
[0.0006298016333097749 'Conceptual' 1 0.10053855049134879
 1.1778956963732282e-06 0.10256410256410256 1 3 6 13 26 1]
[0.0006298016333097749 'Conceptual' 1 0.10053855049134879
 1.1778956963732282e-06 0.10256410256410256 1 3 6 14 27 1]
[0.0006298016333097749 'Conceptual' 1 0.10053855049134879
 1.1778956963732282e-06 0.10256410256410256 1 3 6 15 27 1]
[0.0006298016333097749 'Conceptual' 1 0.10053855049134879
 1.1778956963732282e-06 0.10256410256410256 1 3 6 16 28 1]
[0.0006298016333097749 'Conceptual' 1 0.10053855049134879
 1.1778956963732282e-06 0.10256410256410256 1 3 6 17 27 1]
[0.0006298016333097749 'Conceptual' 1 0.10053855049134879
 1.1778956963732282e-06 0.10256410256410256 1 3 6 18 27 1]
[0.0006298016333097749 'Conceptual' 1 0.10053855049134879
 1.1778956963732282e-06 0.10256410256410256 1 3 6 19 26 1]
[0.0 'Conceptual' 1 0.10053855049134879 1.1778956963732282e-06 0.0 1 3 7 0
 44 1]
[4.158437277687903 'Conceptual' 1 0.10053855049134879
 1.1778956963732282e-06 1.2068376068376068 1 3 7 1 11 1]
[1.3571887337800714 'Conceptual' 1 0.10053855049134879
 1.1778956963732282e-06 0.10256410256410256 1 3 7 2 1 1]
[1.8977132789790039 'Conceptual' 1 0.10053855049134879
 1.1778956963732282e-06 2.358974358974359 1 3 7 3 1 1]
[0.7523647970092309 'Conceptual' 1 0.10053855049134879
 1.1778956963732282e-06 0.8991452991452991 1 3 7 4 0 1]
[0.014241327511505938 'Conceptual' 1 0.10053855049134879
 1.1778956963732282e-06 0.4888888888888889 1 3 7 5 1 1]
[0.0006965827720479675 'Conceptual' 1 0.10053855049134879
 1.1778956963732282e-06 0.10256410256410256 1 3 7 6 1 1]
[0.0006298016333097749 'Conceptual' 1 0.10053855049134879
 1.1778956963732282e-06 0.10256410256410256 1 3 7 7 1 1]
[0.0006298016333097749 'Conceptual' 1 0.10053855049134879
 1.1778956963732282e-06 0.10256410256410256 1 3 7 8 1 1]
[0.0006298016333097749 'Conceptual' 1 0.10053855049134879
 1.1778956963732282e-06 0.10256410256410256 1 3 7 9 1 1]
[0.0006298016333097749 'Conceptual' 1 0.10053855049134879
 1.1778956963732282e-06 0.10256410256410256 1 3 7 10 1 1]
[0.0006298016333097749 'Conceptual' 1 0.10053855049134879
 1.1778956963732282e-06 0.10256410256410256 1 3 7 11 1 1]
[0.0006298016333097749 'Conceptual' 1 0.10053855049134879
 1.1778956963732282e-06 0.10256410256410256 1 3 7 12 1 1]
[0.0006298016333097749 'Conceptual' 1 0.10053855049134879
 1.1778956963732282e-06 0.10256410256410256 1 3 7 13 1 1]
[0.0006298016333097749 'Conceptual' 1 0.10053855049134879
 1.1778956963732282e-06 0.10256410256410256 1 3 7 14 1 1]
[0.0006298016333097749 'Conceptual' 1 0.10053855049134879
 1.1778956963732282e-06 0.10256410256410256 1 3 7 15 1 1]
[0.0006298016333097749 'Conceptual' 1 0.10053855049134879
 1.1778956963732282e-06 0.10256410256410256 1 3 7 16 1 1]
[0.0006298016333097749 'Conceptual' 1 0.10053855049134879
 1.1778956963732282e-06 0.10256410256410256 1 3 7 17 1 1]
[0.0006298016333097749 'Conceptual' 1 0.10053855049134879
 1.1778956963732282e-06 0.10256410256410256 1 3 7 18 1 1]
[0.0006298016333097749 'Conceptual' 1 0.10053855049134879
 1.1778956963732282e-06 0.10256410256410256 1 3 7 19 1 1]
[0.0 'Conceptual' 1 0.10053855049134879 1.1778956963732282e-06 0.0 1 3 8 0
 63 1]
[4.158437277687903 'Conceptual' 1 0.10053855049134879
 1.1778956963732282e-06 1.2068376068376068 1 3 8 1 56 1]
[1.3571887337800714 'Conceptual' 1 0.10053855049134879
 1.1778956963732282e-06 0.10256410256410256 1 3 8 2 7 1]
[1.8977132789790039 'Conceptual' 1 0.10053855049134879
 1.1778956963732282e-06 2.358974358974359 1 3 8 3 6 1]
[0.7523647970092309 'Conceptual' 1 0.10053855049134879
 1.1778956963732282e-06 0.8991452991452991 1 3 8 4 15 1]
[0.014241327511505938 'Conceptual' 1 0.10053855049134879
 1.1778956963732282e-06 0.4888888888888889 1 3 8 5 14 1]
[0.0006965827720479675 'Conceptual' 1 0.10053855049134879
 1.1778956963732282e-06 0.10256410256410256 1 3 8 6 7 1]
[0.0006298016333097749 'Conceptual' 1 0.10053855049134879
 1.1778956963732282e-06 0.10256410256410256 1 3 8 7 7 1]
[0.0006298016333097749 'Conceptual' 1 0.10053855049134879
 1.1778956963732282e-06 0.10256410256410256 1 3 8 8 7 1]
[0.0006298016333097749 'Conceptual' 1 0.10053855049134879
 1.1778956963732282e-06 0.10256410256410256 1 3 8 9 7 1]
[0.0006298016333097749 'Conceptual' 1 0.10053855049134879
 1.1778956963732282e-06 0.10256410256410256 1 3 8 10 7 1]
[0.0006298016333097749 'Conceptual' 1 0.10053855049134879
 1.1778956963732282e-06 0.10256410256410256 1 3 8 11 7 1]
[0.0006298016333097749 'Conceptual' 1 0.10053855049134879
 1.1778956963732282e-06 0.10256410256410256 1 3 8 12 7 1]
[0.0006298016333097749 'Conceptual' 1 0.10053855049134879
 1.1778956963732282e-06 0.10256410256410256 1 3 8 13 7 1]
[0.0006298016333097749 'Conceptual' 1 0.10053855049134879
 1.1778956963732282e-06 0.10256410256410256 1 3 8 14 7 1]
[0.0006298016333097749 'Conceptual' 1 0.10053855049134879
 1.1778956963732282e-06 0.10256410256410256 1 3 8 15 7 1]
[0.0006298016333097749 'Conceptual' 1 0.10053855049134879
 1.1778956963732282e-06 0.10256410256410256 1 3 8 16 7 1]
[0.0006298016333097749 'Conceptual' 1 0.10053855049134879
 1.1778956963732282e-06 0.10256410256410256 1 3 8 17 7 1]
[0.0006298016333097749 'Conceptual' 1 0.10053855049134879
 1.1778956963732282e-06 0.10256410256410256 1 3 8 18 7 1]
[0.0006298016333097749 'Conceptual' 1 0.10053855049134879
 1.1778956963732282e-06 0.10256410256410256 1 3 8 19 7 1]
[0.0 'Conceptual' 1 0.10053855049134879 1.1778956963732282e-06 0.0 1 3 9 0
 0 1]
[4.158437277687903 'Conceptual' 1 0.10053855049134879
 1.1778956963732282e-06 1.2068376068376068 1 3 9 1 63 1]
[1.3571887337800714 'Conceptual' 1 0.10053855049134879
 1.1778956963732282e-06 0.10256410256410256 1 3 9 2 63 1]
[1.8977132789790039 'Conceptual' 1 0.10053855049134879
 1.1778956963732282e-06 2.358974358974359 1 3 9 3 63 1]
[0.7523647970092309 'Conceptual' 1 0.10053855049134879
 1.1778956963732282e-06 0.8991452991452991 1 3 9 4 63 1]
[0.014241327511505938 'Conceptual' 1 0.10053855049134879
 1.1778956963732282e-06 0.4888888888888889 1 3 9 5 63 1]
[0.0006965827720479675 'Conceptual' 1 0.10053855049134879
 1.1778956963732282e-06 0.10256410256410256 1 3 9 6 63 1]
[0.0006298016333097749 'Conceptual' 1 0.10053855049134879
 1.1778956963732282e-06 0.10256410256410256 1 3 9 7 63 1]
[0.0006298016333097749 'Conceptual' 1 0.10053855049134879
 1.1778956963732282e-06 0.10256410256410256 1 3 9 8 63 1]
[0.0006298016333097749 'Conceptual' 1 0.10053855049134879
 1.1778956963732282e-06 0.10256410256410256 1 3 9 9 63 1]
[0.0006298016333097749 'Conceptual' 1 0.10053855049134879
 1.1778956963732282e-06 0.10256410256410256 1 3 9 10 63 1]
[0.0006298016333097749 'Conceptual' 1 0.10053855049134879
 1.1778956963732282e-06 0.10256410256410256 1 3 9 11 63 1]
[0.0006298016333097749 'Conceptual' 1 0.10053855049134879
 1.1778956963732282e-06 0.10256410256410256 1 3 9 12 63 1]
[0.0006298016333097749 'Conceptual' 1 0.10053855049134879
 1.1778956963732282e-06 0.10256410256410256 1 3 9 13 63 1]
[0.0006298016333097749 'Conceptual' 1 0.10053855049134879
 1.1778956963732282e-06 0.10256410256410256 1 3 9 14 63 1]
[0.0006298016333097749 'Conceptual' 1 0.10053855049134879
 1.1778956963732282e-06 0.10256410256410256 1 3 9 15 63 1]
[0.0006298016333097749 'Conceptual' 1 0.10053855049134879
 1.1778956963732282e-06 0.10256410256410256 1 3 9 16 63 1]
[0.0006298016333097749 'Conceptual' 1 0.10053855049134879
 1.1778956963732282e-06 0.10256410256410256 1 3 9 17 63 1]
[0.0006298016333097749 'Conceptual' 1 0.10053855049134879
 1.1778956963732282e-06 0.10256410256410256 1 3 9 18 63 1]
[0.0006298016333097749 'Conceptual' 1 0.10053855049134879
 1.1778956963732282e-06 0.10256410256410256 1 3 9 19 63 1]
