[0.0 'Spatial' 1 0.39238312285070565 1.4866353651022568 0.0 8 2 0 0 13 0]
[4.143493800030468 'Spatial' 1 0.39238312285070565 1.4866353651022568
 0.10256410256410256 8 2 0 1 21 0]
[4.071894664575112 'Spatial' 1 0.39238312285070565 1.4866353651022568
 4.102564102564102 8 2 0 2 19 0]
[3.595344625839469 'Spatial' 1 0.39238312285070565 1.4866353651022568
 4.102564102564102 8 2 0 3 30 0]
[3.886787670150301 'Spatial' 1 0.39238312285070565 1.4866353651022568
 1.2307692307692308 8 2 0 4 63 0]
[3.8623172823891276 'Spatial' 1 0.39238312285070565 1.4866353651022568
 1.2307692307692308 8 2 0 5 56 0]
[3.92441148615828 'Spatial' 1 0.39238312285070565 1.4866353651022568
 0.6598290598290598 8 2 0 6 55 0]
[2.8971791398515574 'Spatial' 1 0.39238312285070565 1.4866353651022568
 3.0188034188034187 8 2 0 7 46 0]
[3.784126770865967 'Spatial' 1 0.39238312285070565 1.4866353651022568
 1.0017094017094017 8 2 0 8 61 0]
[3.3105194441229577 'Spatial' 1 0.39238312285070565 1.4866353651022568
 4.102564102564102 8 2 0 9 31 0]
[3.965526915545684 'Spatial' 1 0.39238312285070565 1.4866353651022568
 0.8205128205128205 8 2 0 10 7 0]
[3.925668164340267 'Spatial' 1 0.39238312285070565 1.4866353651022568
 0.8205128205128205 8 2 0 11 8 0]
[3.9599073700995504 'Spatial' 1 0.39238312285070565 1.4866353651022568
 0.10256410256410256 8 2 0 12 15 0]
[2.613713350441479 'Spatial' 1 0.39238312285070565 1.4866353651022568
 3.282051282051282 8 2 0 13 39 0]
[1.37975096764224 'Spatial' 1 0.39238312285070565 1.4866353651022568
 1.1042735042735041 8 2 0 14 39 0]
[2.1635391216922164 'Spatial' 1 0.39238312285070565 1.4866353651022568
 1.0017094017094017 8 2 0 15 31 0]
[0.5165447613948159 'Spatial' 1 0.39238312285070565 1.4866353651022568
 1.1042735042735041 8 2 0 16 39 0]
[2.0126967432739926 'Spatial' 1 0.39238312285070565 1.4866353651022568
 1.4803418803418804 8 2 0 17 31 0]
[4.657707864343103 'Spatial' 1 0.39238312285070565 1.4866353651022568
 2.769230769230769 8 2 0 18 55 0]
[5.905803994865444 'Spatial' 1 0.39238312285070565 1.4866353651022568
 0.10256410256410256 8 2 0 19 24 0]
[0.0 'Spatial' 1 0.39238312285070565 1.4866353651022568 0.0 8 2 1 0 28 0]
[4.143493800030468 'Spatial' 1 0.39238312285070565 1.4866353651022568
 0.10256410256410256 8 2 1 1 14 0]
[4.071894664575112 'Spatial' 1 0.39238312285070565 1.4866353651022568
 4.102564102564102 8 2 1 2 60 0]
[3.595344625839469 'Spatial' 1 0.39238312285070565 1.4866353651022568
 4.102564102564102 8 2 1 3 24 0]
[3.886787670150301 'Spatial' 1 0.39238312285070565 1.4866353651022568
 1.2307692307692308 8 2 1 4 48 0]
[3.8623172823891276 'Spatial' 1 0.39238312285070565 1.4866353651022568
 1.2307692307692308 8 2 1 5 2 0]
[3.92441148615828 'Spatial' 1 0.39238312285070565 1.4866353651022568
 0.6598290598290598 8 2 1 6 0 0]
[2.8971791398515574 'Spatial' 1 0.39238312285070565 1.4866353651022568
 3.0188034188034187 8 2 1 7 0 0]
[3.784126770865967 'Spatial' 1 0.39238312285070565 1.4866353651022568
 1.0017094017094017 8 2 1 8 0 0]
[3.3105194441229577 'Spatial' 1 0.39238312285070565 1.4866353651022568
 4.102564102564102 8 2 1 9 0 0]
[3.965526915545684 'Spatial' 1 0.39238312285070565 1.4866353651022568
 0.8205128205128205 8 2 1 10 16 0]
[3.925668164340267 'Spatial' 1 0.39238312285070565 1.4866353651022568
 0.8205128205128205 8 2 1 11 0 0]
[3.9599073700995504 'Spatial' 1 0.39238312285070565 1.4866353651022568
 0.10256410256410256 8 2 1 12 0 0]
[2.613713350441479 'Spatial' 1 0.39238312285070565 1.4866353651022568
 3.282051282051282 8 2 1 13 0 0]
[1.37975096764224 'Spatial' 1 0.39238312285070565 1.4866353651022568
 1.1042735042735041 8 2 1 14 0 0]
[2.1635391216922164 'Spatial' 1 0.39238312285070565 1.4866353651022568
 1.0017094017094017 8 2 1 15 0 0]
[0.5165447613948159 'Spatial' 1 0.39238312285070565 1.4866353651022568
 1.1042735042735041 8 2 1 16 0 0]
[2.0126967432739926 'Spatial' 1 0.39238312285070565 1.4866353651022568
 1.4803418803418804 8 2 1 17 0 0]
[4.657707864343103 'Spatial' 1 0.39238312285070565 1.4866353651022568
 2.769230769230769 8 2 1 18 9 0]
[5.905803994865444 'Spatial' 1 0.39238312285070565 1.4866353651022568
 0.10256410256410256 8 2 1 19 1 0]
[0.0 'Spatial' 1 0.39238312285070565 1.4866353651022568 0.0 8 2 3 0 23 0]
[4.143493800030468 'Spatial' 1 0.39238312285070565 1.4866353651022568
 0.10256410256410256 8 2 3 1 10 0]
[4.071894664575112 'Spatial' 1 0.39238312285070565 1.4866353651022568
 4.102564102564102 8 2 3 2 61 0]
[3.595344625839469 'Spatial' 1 0.39238312285070565 1.4866353651022568
 4.102564102564102 8 2 3 3 1 0]
[3.886787670150301 'Spatial' 1 0.39238312285070565 1.4866353651022568
 1.2307692307692308 8 2 3 4 0 0]
[3.8623172823891276 'Spatial' 1 0.39238312285070565 1.4866353651022568
 1.2307692307692308 8 2 3 5 3 0]
[3.92441148615828 'Spatial' 1 0.39238312285070565 1.4866353651022568
 0.6598290598290598 8 2 3 6 4 0]
[2.8971791398515574 'Spatial' 1 0.39238312285070565 1.4866353651022568
 3.0188034188034187 8 2 3 7 3 0]
[3.784126770865967 'Spatial' 1 0.39238312285070565 1.4866353651022568
 1.0017094017094017 8 2 3 8 2 0]
[3.3105194441229577 'Spatial' 1 0.39238312285070565 1.4866353651022568
 4.102564102564102 8 2 3 9 4 0]
[3.965526915545684 'Spatial' 1 0.39238312285070565 1.4866353651022568
 0.8205128205128205 8 2 3 10 3 0]
[3.925668164340267 'Spatial' 1 0.39238312285070565 1.4866353651022568
 0.8205128205128205 8 2 3 11 4 0]
[3.9599073700995504 'Spatial' 1 0.39238312285070565 1.4866353651022568
 0.10256410256410256 8 2 3 12 4 0]
[2.613713350441479 'Spatial' 1 0.39238312285070565 1.4866353651022568
 3.282051282051282 8 2 3 13 4 0]
[1.37975096764224 'Spatial' 1 0.39238312285070565 1.4866353651022568
 1.1042735042735041 8 2 3 14 3 0]
[2.1635391216922164 'Spatial' 1 0.39238312285070565 1.4866353651022568
 1.0017094017094017 8 2 3 15 4 0]
[0.5165447613948159 'Spatial' 1 0.39238312285070565 1.4866353651022568
 1.1042735042735041 8 2 3 16 6 0]
[2.0126967432739926 'Spatial' 1 0.39238312285070565 1.4866353651022568
 1.4803418803418804 8 2 3 17 5 0]
[4.657707864343103 'Spatial' 1 0.39238312285070565 1.4866353651022568
 2.769230769230769 8 2 3 18 3 0]
[5.905803994865444 'Spatial' 1 0.39238312285070565 1.4866353651022568
 0.10256410256410256 8 2 3 19 4 0]
[0.0 'Spatial' 1 0.39238312285070565 1.4866353651022568 0.0 8 2 4 0 2 0]
[4.143493800030468 'Spatial' 1 0.39238312285070565 1.4866353651022568
 0.10256410256410256 8 2 4 1 57 0]
[4.071894664575112 'Spatial' 1 0.39238312285070565 1.4866353651022568
 4.102564102564102 8 2 4 2 16 0]
[3.595344625839469 'Spatial' 1 0.39238312285070565 1.4866353651022568
 4.102564102564102 8 2 4 3 39 0]
[3.886787670150301 'Spatial' 1 0.39238312285070565 1.4866353651022568
 1.2307692307692308 8 2 4 4 63 0]
[3.8623172823891276 'Spatial' 1 0.39238312285070565 1.4866353651022568
 1.2307692307692308 8 2 4 5 62 0]
[3.92441148615828 'Spatial' 1 0.39238312285070565 1.4866353651022568
 0.6598290598290598 8 2 4 6 54 0]
[2.8971791398515574 'Spatial' 1 0.39238312285070565 1.4866353651022568
 3.0188034188034187 8 2 4 7 63 0]
[3.784126770865967 'Spatial' 1 0.39238312285070565 1.4866353651022568
 1.0017094017094017 8 2 4 8 63 0]
[3.3105194441229577 'Spatial' 1 0.39238312285070565 1.4866353651022568
 4.102564102564102 8 2 4 9 60 0]
[3.965526915545684 'Spatial' 1 0.39238312285070565 1.4866353651022568
 0.8205128205128205 8 2 4 10 7 0]
[3.925668164340267 'Spatial' 1 0.39238312285070565 1.4866353651022568
 0.8205128205128205 8 2 4 11 23 0]
[3.9599073700995504 'Spatial' 1 0.39238312285070565 1.4866353651022568
 0.10256410256410256 8 2 4 12 55 0]
[2.613713350441479 'Spatial' 1 0.39238312285070565 1.4866353651022568
 3.282051282051282 8 2 4 13 63 0]
[1.37975096764224 'Spatial' 1 0.39238312285070565 1.4866353651022568
 1.1042735042735041 8 2 4 14 63 0]
[2.1635391216922164 'Spatial' 1 0.39238312285070565 1.4866353651022568
 1.0017094017094017 8 2 4 15 63 0]
[0.5165447613948159 'Spatial' 1 0.39238312285070565 1.4866353651022568
 1.1042735042735041 8 2 4 16 63 0]
[2.0126967432739926 'Spatial' 1 0.39238312285070565 1.4866353651022568
 1.4803418803418804 8 2 4 17 63 0]
[4.657707864343103 'Spatial' 1 0.39238312285070565 1.4866353651022568
 2.769230769230769 8 2 4 18 63 0]
[5.905803994865444 'Spatial' 1 0.39238312285070565 1.4866353651022568
 0.10256410256410256 8 2 4 19 63 0]
[0.0 'Spatial' 1 0.39238312285070565 1.4866353651022568 0.0 8 2 5 0 46 0]
[4.143493800030468 'Spatial' 1 0.39238312285070565 1.4866353651022568
 0.10256410256410256 8 2 5 1 8 0]
[4.071894664575112 'Spatial' 1 0.39238312285070565 1.4866353651022568
 4.102564102564102 8 2 5 2 2 0]
[3.595344625839469 'Spatial' 1 0.39238312285070565 1.4866353651022568
 4.102564102564102 8 2 5 3 0 0]
[3.886787670150301 'Spatial' 1 0.39238312285070565 1.4866353651022568
 1.2307692307692308 8 2 5 4 40 0]
[3.8623172823891276 'Spatial' 1 0.39238312285070565 1.4866353651022568
 1.2307692307692308 8 2 5 5 56 0]
[3.92441148615828 'Spatial' 1 0.39238312285070565 1.4866353651022568
 0.6598290598290598 8 2 5 6 57 0]
[2.8971791398515574 'Spatial' 1 0.39238312285070565 1.4866353651022568
 3.0188034188034187 8 2 5 7 49 0]
[3.784126770865967 'Spatial' 1 0.39238312285070565 1.4866353651022568
 1.0017094017094017 8 2 5 8 49 0]
[3.3105194441229577 'Spatial' 1 0.39238312285070565 1.4866353651022568
 4.102564102564102 8 2 5 9 56 0]
[3.965526915545684 'Spatial' 1 0.39238312285070565 1.4866353651022568
 0.8205128205128205 8 2 5 10 7 0]
[3.925668164340267 'Spatial' 1 0.39238312285070565 1.4866353651022568
 0.8205128205128205 8 2 5 11 12 0]
[3.9599073700995504 'Spatial' 1 0.39238312285070565 1.4866353651022568
 0.10256410256410256 8 2 5 12 32 0]
[2.613713350441479 'Spatial' 1 0.39238312285070565 1.4866353651022568
 3.282051282051282 8 2 5 13 50 0]
[1.37975096764224 'Spatial' 1 0.39238312285070565 1.4866353651022568
 1.1042735042735041 8 2 5 14 48 0]
[2.1635391216922164 'Spatial' 1 0.39238312285070565 1.4866353651022568
 1.0017094017094017 8 2 5 15 56 0]
[0.5165447613948159 'Spatial' 1 0.39238312285070565 1.4866353651022568
 1.1042735042735041 8 2 5 16 56 0]
[2.0126967432739926 'Spatial' 1 0.39238312285070565 1.4866353651022568
 1.4803418803418804 8 2 5 17 56 0]
[4.657707864343103 'Spatial' 1 0.39238312285070565 1.4866353651022568
 2.769230769230769 8 2 5 18 56 0]
[5.905803994865444 'Spatial' 1 0.39238312285070565 1.4866353651022568
 0.10256410256410256 8 2 5 19 56 0]
[0.0 'Spatial' 1 0.39238312285070565 1.4866353651022568 0.0 8 2 6 0 56 0]
[4.143493800030468 'Spatial' 1 0.39238312285070565 1.4866353651022568
 0.10256410256410256 8 2 6 1 3 0]
[4.071894664575112 'Spatial' 1 0.39238312285070565 1.4866353651022568
 4.102564102564102 8 2 6 2 0 0]
[3.595344625839469 'Spatial' 1 0.39238312285070565 1.4866353651022568
 4.102564102564102 8 2 6 3 24 0]
[3.886787670150301 'Spatial' 1 0.39238312285070565 1.4866353651022568
 1.2307692307692308 8 2 6 4 46 0]
[3.8623172823891276 'Spatial' 1 0.39238312285070565 1.4866353651022568
 1.2307692307692308 8 2 6 5 23 0]
[3.92441148615828 'Spatial' 1 0.39238312285070565 1.4866353651022568
 0.6598290598290598 8 2 6 6 7 0]
[2.8971791398515574 'Spatial' 1 0.39238312285070565 1.4866353651022568
 3.0188034188034187 8 2 6 7 36 0]
[3.784126770865967 'Spatial' 1 0.39238312285070565 1.4866353651022568
 1.0017094017094017 8 2 6 8 46 0]
[3.3105194441229577 'Spatial' 1 0.39238312285070565 1.4866353651022568
 4.102564102564102 8 2 6 9 34 0]
[3.965526915545684 'Spatial' 1 0.39238312285070565 1.4866353651022568
 0.8205128205128205 8 2 6 10 19 0]
[3.925668164340267 'Spatial' 1 0.39238312285070565 1.4866353651022568
 0.8205128205128205 8 2 6 11 12 0]
[3.9599073700995504 'Spatial' 1 0.39238312285070565 1.4866353651022568
 0.10256410256410256 8 2 6 12 10 0]
[2.613713350441479 'Spatial' 1 0.39238312285070565 1.4866353651022568
 3.282051282051282 8 2 6 13 13 0]
[1.37975096764224 'Spatial' 1 0.39238312285070565 1.4866353651022568
 1.1042735042735041 8 2 6 14 15 0]
[2.1635391216922164 'Spatial' 1 0.39238312285070565 1.4866353651022568
 1.0017094017094017 8 2 6 15 30 0]
[0.5165447613948159 'Spatial' 1 0.39238312285070565 1.4866353651022568
 1.1042735042735041 8 2 6 16 22 0]
[2.0126967432739926 'Spatial' 1 0.39238312285070565 1.4866353651022568
 1.4803418803418804 8 2 6 17 13 0]
[4.657707864343103 'Spatial' 1 0.39238312285070565 1.4866353651022568
 2.769230769230769 8 2 6 18 3 0]
[5.905803994865444 'Spatial' 1 0.39238312285070565 1.4866353651022568
 0.10256410256410256 8 2 6 19 20 0]
[0.0 'Spatial' 1 0.39238312285070565 1.4866353651022568 0.0 8 2 7 0 17 0]
[4.143493800030468 'Spatial' 1 0.39238312285070565 1.4866353651022568
 0.10256410256410256 8 2 7 1 39 0]
[4.071894664575112 'Spatial' 1 0.39238312285070565 1.4866353651022568
 4.102564102564102 8 2 7 2 63 0]
[3.595344625839469 'Spatial' 1 0.39238312285070565 1.4866353651022568
 4.102564102564102 8 2 7 3 62 0]
[3.886787670150301 'Spatial' 1 0.39238312285070565 1.4866353651022568
 1.2307692307692308 8 2 7 4 54 0]
[3.8623172823891276 'Spatial' 1 0.39238312285070565 1.4866353651022568
 1.2307692307692308 8 2 7 5 38 0]
[3.92441148615828 'Spatial' 1 0.39238312285070565 1.4866353651022568
 0.6598290598290598 8 2 7 6 63 0]
[2.8971791398515574 'Spatial' 1 0.39238312285070565 1.4866353651022568
 3.0188034188034187 8 2 7 7 63 0]
[3.784126770865967 'Spatial' 1 0.39238312285070565 1.4866353651022568
 1.0017094017094017 8 2 7 8 63 0]
[3.3105194441229577 'Spatial' 1 0.39238312285070565 1.4866353651022568
 4.102564102564102 8 2 7 9 63 0]
[3.965526915545684 'Spatial' 1 0.39238312285070565 1.4866353651022568
 0.8205128205128205 8 2 7 10 63 0]
[3.925668164340267 'Spatial' 1 0.39238312285070565 1.4866353651022568
 0.8205128205128205 8 2 7 11 63 0]
[3.9599073700995504 'Spatial' 1 0.39238312285070565 1.4866353651022568
 0.10256410256410256 8 2 7 12 63 0]
[2.613713350441479 'Spatial' 1 0.39238312285070565 1.4866353651022568
 3.282051282051282 8 2 7 13 63 0]
[1.37975096764224 'Spatial' 1 0.39238312285070565 1.4866353651022568
 1.1042735042735041 8 2 7 14 63 0]
[2.1635391216922164 'Spatial' 1 0.39238312285070565 1.4866353651022568
 1.0017094017094017 8 2 7 15 63 0]
[0.5165447613948159 'Spatial' 1 0.39238312285070565 1.4866353651022568
 1.1042735042735041 8 2 7 16 63 0]
[2.0126967432739926 'Spatial' 1 0.39238312285070565 1.4866353651022568
 1.4803418803418804 8 2 7 17 63 0]
[4.657707864343103 'Spatial' 1 0.39238312285070565 1.4866353651022568
 2.769230769230769 8 2 7 18 63 0]
[5.905803994865444 'Spatial' 1 0.39238312285070565 1.4866353651022568
 0.10256410256410256 8 2 7 19 63 0]
[0.0 'Spatial' 1 0.39238312285070565 1.4866353651022568 0.0 8 2 8 0 28 0]
[4.143493800030468 'Spatial' 1 0.39238312285070565 1.4866353651022568
 0.10256410256410256 8 2 8 1 3 0]
[4.071894664575112 'Spatial' 1 0.39238312285070565 1.4866353651022568
 4.102564102564102 8 2 8 2 56 0]
[3.595344625839469 'Spatial' 1 0.39238312285070565 1.4866353651022568
 4.102564102564102 8 2 8 3 40 0]
[3.886787670150301 'Spatial' 1 0.39238312285070565 1.4866353651022568
 1.2307692307692308 8 2 8 4 59 0]
[3.8623172823891276 'Spatial' 1 0.39238312285070565 1.4866353651022568
 1.2307692307692308 8 2 8 5 57 0]
[3.92441148615828 'Spatial' 1 0.39238312285070565 1.4866353651022568
 0.6598290598290598 8 2 8 6 62 0]
[2.8971791398515574 'Spatial' 1 0.39238312285070565 1.4866353651022568
 3.0188034188034187 8 2 8 7 56 0]
[3.784126770865967 'Spatial' 1 0.39238312285070565 1.4866353651022568
 1.0017094017094017 8 2 8 8 49 0]
[3.3105194441229577 'Spatial' 1 0.39238312285070565 1.4866353651022568
 4.102564102564102 8 2 8 9 49 0]
[3.965526915545684 'Spatial' 1 0.39238312285070565 1.4866353651022568
 0.8205128205128205 8 2 8 10 50 0]
[3.925668164340267 'Spatial' 1 0.39238312285070565 1.4866353651022568
 0.8205128205128205 8 2 8 11 48 0]
[3.9599073700995504 'Spatial' 1 0.39238312285070565 1.4866353651022568
 0.10256410256410256 8 2 8 12 56 0]
[2.613713350441479 'Spatial' 1 0.39238312285070565 1.4866353651022568
 3.282051282051282 8 2 8 13 56 0]
[1.37975096764224 'Spatial' 1 0.39238312285070565 1.4866353651022568
 1.1042735042735041 8 2 8 14 7 0]
[2.1635391216922164 'Spatial' 1 0.39238312285070565 1.4866353651022568
 1.0017094017094017 8 2 8 15 56 0]
[0.5165447613948159 'Spatial' 1 0.39238312285070565 1.4866353651022568
 1.1042735042735041 8 2 8 16 56 0]
[2.0126967432739926 'Spatial' 1 0.39238312285070565 1.4866353651022568
 1.4803418803418804 8 2 8 17 56 0]
[4.657707864343103 'Spatial' 1 0.39238312285070565 1.4866353651022568
 2.769230769230769 8 2 8 18 56 0]
[5.905803994865444 'Spatial' 1 0.39238312285070565 1.4866353651022568
 0.10256410256410256 8 2 8 19 56 0]
[0.0 'Spatial' 1 0.39238312285070565 1.4866353651022568 0.0 8 2 9 0 56 0]
[4.143493800030468 'Spatial' 1 0.39238312285070565 1.4866353651022568
 0.10256410256410256 8 2 9 1 30 0]
[4.071894664575112 'Spatial' 1 0.39238312285070565 1.4866353651022568
 4.102564102564102 8 2 9 2 6 0]
[3.595344625839469 'Spatial' 1 0.39238312285070565 1.4866353651022568
 4.102564102564102 8 2 9 3 13 0]
[3.886787670150301 'Spatial' 1 0.39238312285070565 1.4866353651022568
 1.2307692307692308 8 2 9 4 23 0]
[3.8623172823891276 'Spatial' 1 0.39238312285070565 1.4866353651022568
 1.2307692307692308 8 2 9 5 39 0]
[3.92441148615828 'Spatial' 1 0.39238312285070565 1.4866353651022568
 0.6598290598290598 8 2 9 6 47 0]
[2.8971791398515574 'Spatial' 1 0.39238312285070565 1.4866353651022568
 3.0188034188034187 8 2 9 7 55 0]
[3.784126770865967 'Spatial' 1 0.39238312285070565 1.4866353651022568
 1.0017094017094017 8 2 9 8 37 0]
[3.3105194441229577 'Spatial' 1 0.39238312285070565 1.4866353651022568
 4.102564102564102 8 2 9 9 15 0]
[3.965526915545684 'Spatial' 1 0.39238312285070565 1.4866353651022568
 0.8205128205128205 8 2 9 10 7 0]
[3.925668164340267 'Spatial' 1 0.39238312285070565 1.4866353651022568
 0.8205128205128205 8 2 9 11 15 0]
[3.9599073700995504 'Spatial' 1 0.39238312285070565 1.4866353651022568
 0.10256410256410256 8 2 9 12 15 0]
[2.613713350441479 'Spatial' 1 0.39238312285070565 1.4866353651022568
 3.282051282051282 8 2 9 13 15 0]
[1.37975096764224 'Spatial' 1 0.39238312285070565 1.4866353651022568
 1.1042735042735041 8 2 9 14 15 0]
[2.1635391216922164 'Spatial' 1 0.39238312285070565 1.4866353651022568
 1.0017094017094017 8 2 9 15 23 0]
[0.5165447613948159 'Spatial' 1 0.39238312285070565 1.4866353651022568
 1.1042735042735041 8 2 9 16 23 0]
[2.0126967432739926 'Spatial' 1 0.39238312285070565 1.4866353651022568
 1.4803418803418804 8 2 9 17 31 0]
[4.657707864343103 'Spatial' 1 0.39238312285070565 1.4866353651022568
 2.769230769230769 8 2 9 18 31 0]
[5.905803994865444 'Spatial' 1 0.39238312285070565 1.4866353651022568
 0.10256410256410256 8 2 9 19 31 0]
