slurmstepd: error: Unable to create TMPDIR [/wrk/users/kojaakko]: Permission denied
slurmstepd: error: Setting TMPDIR to /tmp
[0.0 'Conceptual' 0 0.1137584891248576 3.9036548561207835e-05 0.0 2 4 0 0
 0 1]
[4.158631772796968 'Conceptual' 0 0.1137584891248576
 3.9036548561207835e-05 1.2307692307692308 2 4 0 1 7 1]
[2.0792890844344196 'Conceptual' 0 0.1137584891248576
 3.9036548561207835e-05 0.10256410256410256 2 4 0 2 56 1]
[3.508640055956692 'Conceptual' 0 0.1137584891248576
 3.9036548561207835e-05 3.076923076923077 2 4 0 3 63 1]
[0.5631408726055815 'Conceptual' 0 0.1137584891248576
 3.9036548561207835e-05 0.10256410256410256 2 4 0 4 62 1]
[2.2694862119248755 'Conceptual' 0 0.1137584891248576
 3.9036548561207835e-05 1.5384615384615385 2 4 0 5 61 1]
[3.4711487565340002 'Conceptual' 0 0.1137584891248576
 3.9036548561207835e-05 4.102564102564102 2 4 0 6 53 1]
[3.776911215329511 'Conceptual' 0 0.1137584891248576
 3.9036548561207835e-05 4.102564102564102 2 4 0 7 59 1]
[4.024845736692137 'Conceptual' 0 0.1137584891248576
 3.9036548561207835e-05 4.102564102564102 2 4 0 8 61 1]
[6.347249395777937 'Conceptual' 0 0.1137584891248576
 3.9036548561207835e-05 4.102564102564102 2 4 0 9 60 1]
[0.15106512153176613 'Conceptual' 0 0.1137584891248576
 3.9036548561207835e-05 0.10256410256410256 2 4 0 10 61 1]
[2.0818185180330233 'Conceptual' 0 0.1137584891248576
 3.9036548561207835e-05 3.3846153846153846 2 4 0 11 61 1]
[0.017383656207544212 'Conceptual' 0 0.1137584891248576
 3.9036548561207835e-05 0.10256410256410256 2 4 0 12 61 1]
[0.0018445311548847471 'Conceptual' 0 0.1137584891248576
 3.9036548561207835e-05 0.10256410256410256 2 4 0 13 61 1]
[2.50072081666088 'Conceptual' 0 0.1137584891248576 3.9036548561207835e-05
 3.0188034188034187 2 4 0 14 61 1]
[2.5471177006806154 'Conceptual' 0 0.1137584891248576
 3.9036548561207835e-05 4.0 2 4 0 15 61 1]
[5.862638292115471 'Conceptual' 0 0.1137584891248576
 3.9036548561207835e-05 4.102564102564102 2 4 0 16 61 1]
[11.513638978413816 'Conceptual' 0 0.1137584891248576
 3.9036548561207835e-05 0.10256410256410256 2 4 0 17 61 1]
[11.513638978413816 'Conceptual' 0 0.1137584891248576
 3.9036548561207835e-05 0.10256410256410256 2 4 0 18 61 1]
[0.0007135134435877871 'Conceptual' 0 0.1137584891248576
 3.9036548561207835e-05 0.10256410256410256 2 4 0 19 61 1]
[0.0 'Conceptual' 0 0.1137584891248576 3.9036548561207835e-05 0.0 2 4 1 0
 63 1]
[4.158631772796968 'Conceptual' 0 0.1137584891248576
 3.9036548561207835e-05 1.2307692307692308 2 4 1 1 0 1]
[2.0792890844344196 'Conceptual' 0 0.1137584891248576
 3.9036548561207835e-05 0.10256410256410256 2 4 1 2 7 1]
[3.508640055956692 'Conceptual' 0 0.1137584891248576
 3.9036548561207835e-05 3.076923076923077 2 4 1 3 56 1]
[0.5631408726055815 'Conceptual' 0 0.1137584891248576
 3.9036548561207835e-05 0.10256410256410256 2 4 1 4 1 1]
[2.2694862119248755 'Conceptual' 0 0.1137584891248576
 3.9036548561207835e-05 1.5384615384615385 2 4 1 5 2 1]
[3.4711487565340002 'Conceptual' 0 0.1137584891248576
 3.9036548561207835e-05 4.102564102564102 2 4 1 6 10 1]
[3.776911215329511 'Conceptual' 0 0.1137584891248576
 3.9036548561207835e-05 4.102564102564102 2 4 1 7 10 1]
[4.024845736692137 'Conceptual' 0 0.1137584891248576
 3.9036548561207835e-05 4.102564102564102 2 4 1 8 10 1]
[6.347249395777937 'Conceptual' 0 0.1137584891248576
 3.9036548561207835e-05 4.102564102564102 2 4 1 9 10 1]
[0.15106512153176613 'Conceptual' 0 0.1137584891248576
 3.9036548561207835e-05 0.10256410256410256 2 4 1 10 10 1]
[2.0818185180330233 'Conceptual' 0 0.1137584891248576
 3.9036548561207835e-05 3.3846153846153846 2 4 1 11 10 1]
[0.017383656207544212 'Conceptual' 0 0.1137584891248576
 3.9036548561207835e-05 0.10256410256410256 2 4 1 12 9 1]
[0.0018445311548847471 'Conceptual' 0 0.1137584891248576
 3.9036548561207835e-05 0.10256410256410256 2 4 1 13 10 1]
[2.50072081666088 'Conceptual' 0 0.1137584891248576 3.9036548561207835e-05
 3.0188034188034187 2 4 1 14 10 1]
[2.5471177006806154 'Conceptual' 0 0.1137584891248576
 3.9036548561207835e-05 4.0 2 4 1 15 9 1]
[5.862638292115471 'Conceptual' 0 0.1137584891248576
 3.9036548561207835e-05 4.102564102564102 2 4 1 16 9 1]
[11.513638978413816 'Conceptual' 0 0.1137584891248576
 3.9036548561207835e-05 0.10256410256410256 2 4 1 17 9 1]
[11.513638978413816 'Conceptual' 0 0.1137584891248576
 3.9036548561207835e-05 0.10256410256410256 2 4 1 18 9 1]
[0.0007135134435877871 'Conceptual' 0 0.1137584891248576
 3.9036548561207835e-05 0.10256410256410256 2 4 1 19 9 1]
[0.0 'Conceptual' 0 0.1137584891248576 3.9036548561207835e-05 0.0 2 4 2 0
 0 1]
[4.158631772796968 'Conceptual' 0 0.1137584891248576
 3.9036548561207835e-05 1.2307692307692308 2 4 2 1 63 1]
[2.0792890844344196 'Conceptual' 0 0.1137584891248576
 3.9036548561207835e-05 0.10256410256410256 2 4 2 2 55 1]
[3.508640055956692 'Conceptual' 0 0.1137584891248576
 3.9036548561207835e-05 3.076923076923077 2 4 2 3 54 1]
[0.5631408726055815 'Conceptual' 0 0.1137584891248576
 3.9036548561207835e-05 0.10256410256410256 2 4 2 4 55 1]
[2.2694862119248755 'Conceptual' 0 0.1137584891248576
 3.9036548561207835e-05 1.5384615384615385 2 4 2 5 55 1]
[3.4711487565340002 'Conceptual' 0 0.1137584891248576
 3.9036548561207835e-05 4.102564102564102 2 4 2 6 55 1]
[3.776911215329511 'Conceptual' 0 0.1137584891248576
 3.9036548561207835e-05 4.102564102564102 2 4 2 7 55 1]
[4.024845736692137 'Conceptual' 0 0.1137584891248576
 3.9036548561207835e-05 4.102564102564102 2 4 2 8 55 1]
[6.347249395777937 'Conceptual' 0 0.1137584891248576
 3.9036548561207835e-05 4.102564102564102 2 4 2 9 55 1]
[0.15106512153176613 'Conceptual' 0 0.1137584891248576
 3.9036548561207835e-05 0.10256410256410256 2 4 2 10 55 1]
[2.0818185180330233 'Conceptual' 0 0.1137584891248576
 3.9036548561207835e-05 3.3846153846153846 2 4 2 11 55 1]
[0.017383656207544212 'Conceptual' 0 0.1137584891248576
 3.9036548561207835e-05 0.10256410256410256 2 4 2 12 55 1]
[0.0018445311548847471 'Conceptual' 0 0.1137584891248576
 3.9036548561207835e-05 0.10256410256410256 2 4 2 13 55 1]
[2.50072081666088 'Conceptual' 0 0.1137584891248576 3.9036548561207835e-05
 3.0188034188034187 2 4 2 14 55 1]
[2.5471177006806154 'Conceptual' 0 0.1137584891248576
 3.9036548561207835e-05 4.0 2 4 2 15 55 1]
[5.862638292115471 'Conceptual' 0 0.1137584891248576
 3.9036548561207835e-05 4.102564102564102 2 4 2 16 55 1]
[11.513638978413816 'Conceptual' 0 0.1137584891248576
 3.9036548561207835e-05 0.10256410256410256 2 4 2 17 55 1]
[11.513638978413816 'Conceptual' 0 0.1137584891248576
 3.9036548561207835e-05 0.10256410256410256 2 4 2 18 55 1]
[0.0007135134435877871 'Conceptual' 0 0.1137584891248576
 3.9036548561207835e-05 0.10256410256410256 2 4 2 19 55 1]
[0.0 'Conceptual' 0 0.1137584891248576 3.9036548561207835e-05 0.0 2 4 3 0
 7 1]
[4.158631772796968 'Conceptual' 0 0.1137584891248576
 3.9036548561207835e-05 1.2307692307692308 2 4 3 1 56 1]
[2.0792890844344196 'Conceptual' 0 0.1137584891248576
 3.9036548561207835e-05 0.10256410256410256 2 4 3 2 0 1]
[3.508640055956692 'Conceptual' 0 0.1137584891248576
 3.9036548561207835e-05 3.076923076923077 2 4 3 3 63 1]
[0.5631408726055815 'Conceptual' 0 0.1137584891248576
 3.9036548561207835e-05 0.10256410256410256 2 4 3 4 28 1]
[2.2694862119248755 'Conceptual' 0 0.1137584891248576
 3.9036548561207835e-05 1.5384615384615385 2 4 3 5 50 1]
[3.4711487565340002 'Conceptual' 0 0.1137584891248576
 3.9036548561207835e-05 4.102564102564102 2 4 3 6 9 1]
[3.776911215329511 'Conceptual' 0 0.1137584891248576
 3.9036548561207835e-05 4.102564102564102 2 4 3 7 17 1]
[4.024845736692137 'Conceptual' 0 0.1137584891248576
 3.9036548561207835e-05 4.102564102564102 2 4 3 8 16 1]
[6.347249395777937 'Conceptual' 0 0.1137584891248576
 3.9036548561207835e-05 4.102564102564102 2 4 3 9 16 1]
[0.15106512153176613 'Conceptual' 0 0.1137584891248576
 3.9036548561207835e-05 0.10256410256410256 2 4 3 10 16 1]
[2.0818185180330233 'Conceptual' 0 0.1137584891248576
 3.9036548561207835e-05 3.3846153846153846 2 4 3 11 16 1]
[0.017383656207544212 'Conceptual' 0 0.1137584891248576
 3.9036548561207835e-05 0.10256410256410256 2 4 3 12 16 1]
[0.0018445311548847471 'Conceptual' 0 0.1137584891248576
 3.9036548561207835e-05 0.10256410256410256 2 4 3 13 16 1]
[2.50072081666088 'Conceptual' 0 0.1137584891248576 3.9036548561207835e-05
 3.0188034188034187 2 4 3 14 16 1]
[2.5471177006806154 'Conceptual' 0 0.1137584891248576
 3.9036548561207835e-05 4.0 2 4 3 15 16 1]
[5.862638292115471 'Conceptual' 0 0.1137584891248576
 3.9036548561207835e-05 4.102564102564102 2 4 3 16 16 1]
[11.513638978413816 'Conceptual' 0 0.1137584891248576
 3.9036548561207835e-05 0.10256410256410256 2 4 3 17 16 1]
[11.513638978413816 'Conceptual' 0 0.1137584891248576
 3.9036548561207835e-05 0.10256410256410256 2 4 3 18 16 1]
[0.0007135134435877871 'Conceptual' 0 0.1137584891248576
 3.9036548561207835e-05 0.10256410256410256 2 4 3 19 16 1]
[0.0 'Conceptual' 0 0.1137584891248576 3.9036548561207835e-05 0.0 2 4 5 0
 63 1]
[4.158631772796968 'Conceptual' 0 0.1137584891248576
 3.9036548561207835e-05 1.2307692307692308 2 4 5 1 56 1]
[2.0792890844344196 'Conceptual' 0 0.1137584891248576
 3.9036548561207835e-05 0.10256410256410256 2 4 5 2 0 1]
[3.508640055956692 'Conceptual' 0 0.1137584891248576
 3.9036548561207835e-05 3.076923076923077 2 4 5 3 7 1]
[0.5631408726055815 'Conceptual' 0 0.1137584891248576
 3.9036548561207835e-05 0.10256410256410256 2 4 5 4 31 1]
[2.2694862119248755 'Conceptual' 0 0.1137584891248576
 3.9036548561207835e-05 1.5384615384615385 2 4 5 5 28 1]
[3.4711487565340002 'Conceptual' 0 0.1137584891248576
 3.9036548561207835e-05 4.102564102564102 2 4 5 6 32 1]
[3.776911215329511 'Conceptual' 0 0.1137584891248576
 3.9036548561207835e-05 4.102564102564102 2 4 5 7 18 1]
[4.024845736692137 'Conceptual' 0 0.1137584891248576
 3.9036548561207835e-05 4.102564102564102 2 4 5 8 10 1]
[6.347249395777937 'Conceptual' 0 0.1137584891248576
 3.9036548561207835e-05 4.102564102564102 2 4 5 9 2 1]
[0.15106512153176613 'Conceptual' 0 0.1137584891248576
 3.9036548561207835e-05 0.10256410256410256 2 4 5 10 3 1]
[2.0818185180330233 'Conceptual' 0 0.1137584891248576
 3.9036548561207835e-05 3.3846153846153846 2 4 5 11 4 1]
[0.017383656207544212 'Conceptual' 0 0.1137584891248576
 3.9036548561207835e-05 0.10256410256410256 2 4 5 12 5 1]
[0.0018445311548847471 'Conceptual' 0 0.1137584891248576
 3.9036548561207835e-05 0.10256410256410256 2 4 5 13 4 1]
[2.50072081666088 'Conceptual' 0 0.1137584891248576 3.9036548561207835e-05
 3.0188034188034187 2 4 5 14 4 1]
[2.5471177006806154 'Conceptual' 0 0.1137584891248576
 3.9036548561207835e-05 4.0 2 4 5 15 4 1]
[5.862638292115471 'Conceptual' 0 0.1137584891248576
 3.9036548561207835e-05 4.102564102564102 2 4 5 16 4 1]
[11.513638978413816 'Conceptual' 0 0.1137584891248576
 3.9036548561207835e-05 0.10256410256410256 2 4 5 17 4 1]
[11.513638978413816 'Conceptual' 0 0.1137584891248576
 3.9036548561207835e-05 0.10256410256410256 2 4 5 18 4 1]
[0.0007135134435877871 'Conceptual' 0 0.1137584891248576
 3.9036548561207835e-05 0.10256410256410256 2 4 5 19 4 1]
[0.0 'Conceptual' 0 0.1137584891248576 3.9036548561207835e-05 0.0 2 4 6 0
 49 1]
[4.158631772796968 'Conceptual' 0 0.1137584891248576
 3.9036548561207835e-05 1.2307692307692308 2 4 6 1 54 1]
[2.0792890844344196 'Conceptual' 0 0.1137584891248576
 3.9036548561207835e-05 0.10256410256410256 2 4 6 2 56 1]
[3.508640055956692 'Conceptual' 0 0.1137584891248576
 3.9036548561207835e-05 3.076923076923077 2 4 6 3 56 1]
[0.5631408726055815 'Conceptual' 0 0.1137584891248576
 3.9036548561207835e-05 0.10256410256410256 2 4 6 4 56 1]
[2.2694862119248755 'Conceptual' 0 0.1137584891248576
 3.9036548561207835e-05 1.5384615384615385 2 4 6 5 56 1]
[3.4711487565340002 'Conceptual' 0 0.1137584891248576
 3.9036548561207835e-05 4.102564102564102 2 4 6 6 56 1]
[3.776911215329511 'Conceptual' 0 0.1137584891248576
 3.9036548561207835e-05 4.102564102564102 2 4 6 7 56 1]
[4.024845736692137 'Conceptual' 0 0.1137584891248576
 3.9036548561207835e-05 4.102564102564102 2 4 6 8 56 1]
[6.347249395777937 'Conceptual' 0 0.1137584891248576
 3.9036548561207835e-05 4.102564102564102 2 4 6 9 56 1]
[0.15106512153176613 'Conceptual' 0 0.1137584891248576
 3.9036548561207835e-05 0.10256410256410256 2 4 6 10 56 1]
[2.0818185180330233 'Conceptual' 0 0.1137584891248576
 3.9036548561207835e-05 3.3846153846153846 2 4 6 11 56 1]
[0.017383656207544212 'Conceptual' 0 0.1137584891248576
 3.9036548561207835e-05 0.10256410256410256 2 4 6 12 56 1]
[0.0018445311548847471 'Conceptual' 0 0.1137584891248576
 3.9036548561207835e-05 0.10256410256410256 2 4 6 13 56 1]
[2.50072081666088 'Conceptual' 0 0.1137584891248576 3.9036548561207835e-05
 3.0188034188034187 2 4 6 14 56 1]
[2.5471177006806154 'Conceptual' 0 0.1137584891248576
 3.9036548561207835e-05 4.0 2 4 6 15 56 1]
[5.862638292115471 'Conceptual' 0 0.1137584891248576
 3.9036548561207835e-05 4.102564102564102 2 4 6 16 56 1]
[11.513638978413816 'Conceptual' 0 0.1137584891248576
 3.9036548561207835e-05 0.10256410256410256 2 4 6 17 56 1]
[11.513638978413816 'Conceptual' 0 0.1137584891248576
 3.9036548561207835e-05 0.10256410256410256 2 4 6 18 56 1]
[0.0007135134435877871 'Conceptual' 0 0.1137584891248576
 3.9036548561207835e-05 0.10256410256410256 2 4 6 19 56 1]
[0.0 'Conceptual' 0 0.1137584891248576 3.9036548561207835e-05 0.0 2 4 7 0
 12 1]
[4.158631772796968 'Conceptual' 0 0.1137584891248576
 3.9036548561207835e-05 1.2307692307692308 2 4 7 1 50 1]
[2.0792890844344196 'Conceptual' 0 0.1137584891248576
 3.9036548561207835e-05 0.10256410256410256 2 4 7 2 53 1]
[3.508640055956692 'Conceptual' 0 0.1137584891248576
 3.9036548561207835e-05 3.076923076923077 2 4 7 3 11 1]
[0.5631408726055815 'Conceptual' 0 0.1137584891248576
 3.9036548561207835e-05 0.10256410256410256 2 4 7 4 15 1]
[2.2694862119248755 'Conceptual' 0 0.1137584891248576
 3.9036548561207835e-05 1.5384615384615385 2 4 7 5 7 1]
[3.4711487565340002 'Conceptual' 0 0.1137584891248576
 3.9036548561207835e-05 4.102564102564102 2 4 7 6 6 1]
[3.776911215329511 'Conceptual' 0 0.1137584891248576
 3.9036548561207835e-05 4.102564102564102 2 4 7 7 5 1]
[4.024845736692137 'Conceptual' 0 0.1137584891248576
 3.9036548561207835e-05 4.102564102564102 2 4 7 8 14 1]
[6.347249395777937 'Conceptual' 0 0.1137584891248576
 3.9036548561207835e-05 4.102564102564102 2 4 7 9 6 1]
[0.15106512153176613 'Conceptual' 0 0.1137584891248576
 3.9036548561207835e-05 0.10256410256410256 2 4 7 10 7 1]
[2.0818185180330233 'Conceptual' 0 0.1137584891248576
 3.9036548561207835e-05 3.3846153846153846 2 4 7 11 6 1]
[0.017383656207544212 'Conceptual' 0 0.1137584891248576
 3.9036548561207835e-05 0.10256410256410256 2 4 7 12 7 1]
[0.0018445311548847471 'Conceptual' 0 0.1137584891248576
 3.9036548561207835e-05 0.10256410256410256 2 4 7 13 7 1]
[2.50072081666088 'Conceptual' 0 0.1137584891248576 3.9036548561207835e-05
 3.0188034188034187 2 4 7 14 6 1]
[2.5471177006806154 'Conceptual' 0 0.1137584891248576
 3.9036548561207835e-05 4.0 2 4 7 15 6 1]
[5.862638292115471 'Conceptual' 0 0.1137584891248576
 3.9036548561207835e-05 4.102564102564102 2 4 7 16 6 1]
[11.513638978413816 'Conceptual' 0 0.1137584891248576
 3.9036548561207835e-05 0.10256410256410256 2 4 7 17 6 1]
[11.513638978413816 'Conceptual' 0 0.1137584891248576
 3.9036548561207835e-05 0.10256410256410256 2 4 7 18 6 1]
[0.0007135134435877871 'Conceptual' 0 0.1137584891248576
 3.9036548561207835e-05 0.10256410256410256 2 4 7 19 6 1]
[0.0 'Conceptual' 0 0.1137584891248576 3.9036548561207835e-05 0.0 2 4 8 0
 0 1]
[4.158631772796968 'Conceptual' 0 0.1137584891248576
 3.9036548561207835e-05 1.2307692307692308 2 4 8 1 57 1]
[2.0792890844344196 'Conceptual' 0 0.1137584891248576
 3.9036548561207835e-05 0.10256410256410256 2 4 8 2 56 1]
[3.508640055956692 'Conceptual' 0 0.1137584891248576
 3.9036548561207835e-05 3.076923076923077 2 4 8 3 58 1]
[0.5631408726055815 'Conceptual' 0 0.1137584891248576
 3.9036548561207835e-05 0.10256410256410256 2 4 8 4 57 1]
[2.2694862119248755 'Conceptual' 0 0.1137584891248576
 3.9036548561207835e-05 1.5384615384615385 2 4 8 5 57 1]
[3.4711487565340002 'Conceptual' 0 0.1137584891248576
 3.9036548561207835e-05 4.102564102564102 2 4 8 6 57 1]
[3.776911215329511 'Conceptual' 0 0.1137584891248576
 3.9036548561207835e-05 4.102564102564102 2 4 8 7 57 1]
[4.024845736692137 'Conceptual' 0 0.1137584891248576
 3.9036548561207835e-05 4.102564102564102 2 4 8 8 57 1]
[6.347249395777937 'Conceptual' 0 0.1137584891248576
 3.9036548561207835e-05 4.102564102564102 2 4 8 9 57 1]
[0.15106512153176613 'Conceptual' 0 0.1137584891248576
 3.9036548561207835e-05 0.10256410256410256 2 4 8 10 57 1]
[2.0818185180330233 'Conceptual' 0 0.1137584891248576
 3.9036548561207835e-05 3.3846153846153846 2 4 8 11 57 1]
[0.017383656207544212 'Conceptual' 0 0.1137584891248576
 3.9036548561207835e-05 0.10256410256410256 2 4 8 12 57 1]
[0.0018445311548847471 'Conceptual' 0 0.1137584891248576
 3.9036548561207835e-05 0.10256410256410256 2 4 8 13 57 1]
[2.50072081666088 'Conceptual' 0 0.1137584891248576 3.9036548561207835e-05
 3.0188034188034187 2 4 8 14 57 1]
[2.5471177006806154 'Conceptual' 0 0.1137584891248576
 3.9036548561207835e-05 4.0 2 4 8 15 57 1]
[5.862638292115471 'Conceptual' 0 0.1137584891248576
 3.9036548561207835e-05 4.102564102564102 2 4 8 16 57 1]
[11.513638978413816 'Conceptual' 0 0.1137584891248576
 3.9036548561207835e-05 0.10256410256410256 2 4 8 17 57 1]
[11.513638978413816 'Conceptual' 0 0.1137584891248576
 3.9036548561207835e-05 0.10256410256410256 2 4 8 18 57 1]
[0.0007135134435877871 'Conceptual' 0 0.1137584891248576
 3.9036548561207835e-05 0.10256410256410256 2 4 8 19 57 1]
[0.0 'Conceptual' 0 0.1137584891248576 3.9036548561207835e-05 0.0 2 4 9 0
 39 1]
[4.158631772796968 'Conceptual' 0 0.1137584891248576
 3.9036548561207835e-05 1.2307692307692308 2 4 9 1 55 1]
[2.0792890844344196 'Conceptual' 0 0.1137584891248576
 3.9036548561207835e-05 0.10256410256410256 2 4 9 2 63 1]
[3.508640055956692 'Conceptual' 0 0.1137584891248576
 3.9036548561207835e-05 3.076923076923077 2 4 9 3 62 1]
[0.5631408726055815 'Conceptual' 0 0.1137584891248576
 3.9036548561207835e-05 0.10256410256410256 2 4 9 4 54 1]
[2.2694862119248755 'Conceptual' 0 0.1137584891248576
 3.9036548561207835e-05 1.5384615384615385 2 4 9 5 63 1]
[3.4711487565340002 'Conceptual' 0 0.1137584891248576
 3.9036548561207835e-05 4.102564102564102 2 4 9 6 63 1]
[3.776911215329511 'Conceptual' 0 0.1137584891248576
 3.9036548561207835e-05 4.102564102564102 2 4 9 7 63 1]
[4.024845736692137 'Conceptual' 0 0.1137584891248576
 3.9036548561207835e-05 4.102564102564102 2 4 9 8 63 1]
[6.347249395777937 'Conceptual' 0 0.1137584891248576
 3.9036548561207835e-05 4.102564102564102 2 4 9 9 63 1]
[0.15106512153176613 'Conceptual' 0 0.1137584891248576
 3.9036548561207835e-05 0.10256410256410256 2 4 9 10 63 1]
[2.0818185180330233 'Conceptual' 0 0.1137584891248576
 3.9036548561207835e-05 3.3846153846153846 2 4 9 11 63 1]
[0.017383656207544212 'Conceptual' 0 0.1137584891248576
 3.9036548561207835e-05 0.10256410256410256 2 4 9 12 63 1]
[0.0018445311548847471 'Conceptual' 0 0.1137584891248576
 3.9036548561207835e-05 0.10256410256410256 2 4 9 13 63 1]
[2.50072081666088 'Conceptual' 0 0.1137584891248576 3.9036548561207835e-05
 3.0188034188034187 2 4 9 14 63 1]
[2.5471177006806154 'Conceptual' 0 0.1137584891248576
 3.9036548561207835e-05 4.0 2 4 9 15 63 1]
[5.862638292115471 'Conceptual' 0 0.1137584891248576
 3.9036548561207835e-05 4.102564102564102 2 4 9 16 63 1]
[11.513638978413816 'Conceptual' 0 0.1137584891248576
 3.9036548561207835e-05 0.10256410256410256 2 4 9 17 63 1]
[11.513638978413816 'Conceptual' 0 0.1137584891248576
 3.9036548561207835e-05 0.10256410256410256 2 4 9 18 63 1]
[0.0007135134435877871 'Conceptual' 0 0.1137584891248576
 3.9036548561207835e-05 0.10256410256410256 2 4 9 19 63 1]
