slurmstepd: error: Unable to create TMPDIR [/wrk/users/kojaakko]: Permission denied
slurmstepd: error: Setting TMPDIR to /tmp
[0.0 'Spatial' 0 0.014647508550545241 0.6426752464906165 0.0 4 0 0 42 1]
[3.916010024531146 'Spatial' 0 0.014647508550545241 0.6426752464906165
 0.923076923076923 4 0 1 45 1]
[3.528036771056843 'Spatial' 0 0.014647508550545241 0.6426752464906165
 1.1042735042735041 4 0 2 21 1]
[3.213362278590566 'Spatial' 0 0.014647508550545241 0.6426752464906165
 1.0256410256410255 4 0 3 18 1]
[0.22462117785138122 'Spatial' 0 0.014647508550545241 0.6426752464906165
 2.505982905982906 4 0 4 0 1]
[1.5232837496674705 'Spatial' 0 0.014647508550545241 0.6426752464906165
 2.7452991452991453 4 0 5 36 1]
[3.5349532494085505 'Spatial' 0 0.014647508550545241 0.6426752464906165
 0.6153846153846153 4 0 6 25 1]
[1.0480703326973708 'Spatial' 0 0.014647508550545241 0.6426752464906165
 0.9675213675213674 4 0 7 32 1]
[0.675410690395201 'Spatial' 0 0.014647508550545241 0.6426752464906165
 0.8649572649572649 4 0 8 40 1]
[1.0905085796628526 'Spatial' 0 0.014647508550545241 0.6426752464906165
 3.839316239316239 4 0 9 41 1]
[1.5035902935622592 'Spatial' 0 0.014647508550545241 0.6426752464906165
 0.45470085470085464 4 0 10 24 1]
[0.000629801633309997 'Spatial' 0 0.014647508550545241 0.6426752464906165
 0.717948717948718 4 0 11 32 1]
[0.000629801633309997 'Spatial' 0 0.014647508550545241 0.6426752464906165
 0.10256410256410256 4 0 12 32 1]
[5.037175152473202 'Spatial' 0 0.014647508550545241 0.6426752464906165
 4.102564102564102 4 0 13 24 1]
[0.000629801633309997 'Spatial' 0 0.014647508550545241 0.6426752464906165
 0.10256410256410256 4 0 14 32 1]
[0.000629801633309997 'Spatial' 0 0.014647508550545241 0.6426752464906165
 0.10256410256410256 4 0 15 32 1]
[0.000629801633309997 'Spatial' 0 0.014647508550545241 0.6426752464906165
 0.10256410256410256 4 0 16 32 1]
[0.000629801633309997 'Spatial' 0 0.014647508550545241 0.6426752464906165
 0.10256410256410256 4 0 17 32 1]
[0.000629801633309997 'Spatial' 0 0.014647508550545241 0.6426752464906165
 0.10256410256410256 4 0 18 32 1]
[0.000629801633309997 'Spatial' 0 0.014647508550545241 0.6426752464906165
 0.10256410256410256 4 0 19 32 1]
[0.0 'Spatial' 0 0.05909777683465522 0.4706279332675989 0.0 4 1 0 42 1]
[3.9896567064215827 'Spatial' 0 0.05909777683465522 0.4706279332675989
 1.1282051282051282 4 1 1 45 1]
[3.933141870641159 'Spatial' 0 0.05909777683465522 0.4706279332675989
 0.9675213675213674 4 1 2 30 1]
[4.092211232187748 'Spatial' 0 0.05909777683465522 0.4706279332675989
 0.45470085470085464 4 1 3 39 1]
[3.8165684146703107 'Spatial' 0 0.05909777683465522 0.4706279332675989
 0.8649572649572649 4 1 4 20 1]
[3.1155886144065033 'Spatial' 0 0.05909777683465522 0.4706279332675989
 1.435897435897436 4 1 5 17 1]
[3.748745193138078 'Spatial' 0 0.05909777683465522 0.4706279332675989
 4.102564102564102 4 1 6 34 1]
[2.9129112296858577 'Spatial' 0 0.05909777683465522 0.4706279332675989
 1.3094017094017094 4 1 7 61 1]
[1.844629817328983 'Spatial' 0 0.05909777683465522 0.4706279332675989
 1.6170940170940171 4 1 8 6 1]
[2.2603737571287374 'Spatial' 0 0.05909777683465522 0.4706279332675989
 1.435897435897436 4 1 9 4 1]
[0.21587754415409682 'Spatial' 0 0.05909777683465522 0.4706279332675989
 1.5829059829059828 4 1 10 5 1]
[2.130403860531049 'Spatial' 0 0.05909777683465522 0.4706279332675989
 3.282051282051282 4 1 11 13 1]
[2.817188974811438 'Spatial' 0 0.05909777683465522 0.4706279332675989
 3.5658119658119656 4 1 12 7 1]
[3.608635870741448 'Spatial' 0 0.05909777683465522 0.4706279332675989
 3.4632478632478634 4 1 13 4 1]
[0.0006298016333102192 'Spatial' 0 0.05909777683465522 0.4706279332675989
 0.10256410256410256 4 1 14 4 1]
[2.99440996758369 'Spatial' 0 0.05909777683465522 0.4706279332675989
 3.8974358974358974 4 1 15 12 1]
[0.1207120617240569 'Spatial' 0 0.05909777683465522 0.4706279332675989
 2.0957264957264954 4 1 16 5 1]
[1.5249481342583675 'Spatial' 0 0.05909777683465522 0.4706279332675989
 3.4632478632478634 4 1 17 6 1]
[0.000788401941916691 'Spatial' 0 0.05909777683465522 0.4706279332675989
 1.0017094017094017 4 1 18 5 1]
[0.0006298016333102192 'Spatial' 0 0.05909777683465522 0.4706279332675989
 0.6153846153846153 4 1 19 5 1]
[0.0 'Spatial' 0 0.0005302523982469512 0.4951045365811099 0.0 4 2 0 9 1]
[1.386444349871016 'Spatial' 0 0.0005302523982469512 0.4951045365811099
 0.923076923076923 4 2 1 0 1]
[0.6934571325198738 'Spatial' 0 0.0005302523982469512 0.4951045365811099
 0.717948717948718 4 2 2 10 1]
[0.701224278729643 'Spatial' 0 0.0005302523982469512 0.4951045365811099
 0.41025641025641024 4 2 3 8 1]
[0.000629801633309997 'Spatial' 0 0.0005302523982469512 0.4951045365811099
 0.6153846153846153 4 2 4 16 1]
[2.7807432981874953 'Spatial' 0 0.0005302523982469512 0.4951045365811099
 0.3076923076923077 4 2 5 24 1]
[3.51636707736057 'Spatial' 0 0.0005302523982469512 0.4951045365811099
 0.3076923076923077 4 2 6 25 1]
[4.0430524959039715 'Spatial' 0 0.0005302523982469512 0.4951045365811099
 0.10256410256410256 4 2 7 48 1]
[2.0484702146253797 'Spatial' 0 0.0005302523982469512 0.4951045365811099
 0.3076923076923077 4 2 8 56 1]
[2.013230599535164 'Spatial' 0 0.0005302523982469512 0.4951045365811099
 0.3076923076923077 4 2 9 57 1]
[0.0006298016333097749 'Spatial' 0 0.0005302523982469512
 0.4951045365811099 0.10256410256410256 4 2 10 57 1]
[0.0006298016333097749 'Spatial' 0 0.0005302523982469512
 0.4951045365811099 0.10256410256410256 4 2 11 57 1]
[0.0006298016333097749 'Spatial' 0 0.0005302523982469512
 0.4951045365811099 0.10256410256410256 4 2 12 57 1]
[0.0006298016333097749 'Spatial' 0 0.0005302523982469512
 0.4951045365811099 0.10256410256410256 4 2 13 57 1]
[0.0006298016333097749 'Spatial' 0 0.0005302523982469512
 0.4951045365811099 0.10256410256410256 4 2 14 57 1]
[0.0006298016333097749 'Spatial' 0 0.0005302523982469512
 0.4951045365811099 0.10256410256410256 4 2 15 57 1]
[0.0006298016333097749 'Spatial' 0 0.0005302523982469512
 0.4951045365811099 0.10256410256410256 4 2 16 57 1]
[0.0006298016333097749 'Spatial' 0 0.0005302523982469512
 0.4951045365811099 0.10256410256410256 4 2 17 57 1]
[0.0006298016333097749 'Spatial' 0 0.0005302523982469512
 0.4951045365811099 0.10256410256410256 4 2 18 57 1]
[0.0006298016333097749 'Spatial' 0 0.0005302523982469512
 0.4951045365811099 0.10256410256410256 4 2 19 57 1]
[0.0 'Spatial' 0 0.19751558753409842 0.5340854317058399 0.0 4 3 0 57 1]
[4.121482318243237 'Spatial' 0 0.19751558753409842 0.5340854317058399
 1.0256410256410255 4 3 1 51 1]
[4.010169537797844 'Spatial' 0 0.19751558753409842 0.5340854317058399
 2.2564102564102564 4 3 2 55 1]
[3.711803301904591 'Spatial' 0 0.19751558753409842 0.5340854317058399
 4.102564102564102 4 3 3 53 1]
[3.968118296701002 'Spatial' 0 0.19751558753409842 0.5340854317058399
 4.102564102564102 4 3 4 48 1]
[3.8719522471350607 'Spatial' 0 0.19751558753409842 0.5340854317058399
 1.2307692307692308 4 3 5 33 1]
[3.7922427031934935 'Spatial' 0 0.19751558753409842 0.5340854317058399
 1.411965811965812 4 3 6 9 1]
[2.5065754474302886 'Spatial' 0 0.19751558753409842 0.5340854317058399
 2.9504273504273506 4 3 7 33 1]
[1.6437098515656186 'Spatial' 0 0.19751558753409842 0.5340854317058399
 1.8222222222222222 4 3 8 41 1]
[3.7886871263267317 'Spatial' 0 0.19751558753409842 0.5340854317058399
 4.102564102564102 4 3 9 57 1]
[2.290260658118987 'Spatial' 0 0.19751558753409842 0.5340854317058399
 2.1538461538461537 4 3 10 42 1]
[3.37395393568055 'Spatial' 0 0.19751558753409842 0.5340854317058399
 4.102564102564102 4 3 11 43 1]
[2.4191900984462684 'Spatial' 0 0.19751558753409842 0.5340854317058399
 3.076923076923077 4 3 12 34 1]
[3.5723630616558766 'Spatial' 0 0.19751558753409842 0.5340854317058399
 4.102564102564102 4 3 13 26 1]
[1.1525160251050792 'Spatial' 0 0.19751558753409842 0.5340854317058399
 1.8461538461538463 4 3 14 42 1]
[0.77928302885401 'Spatial' 0 0.19751558753409842 0.5340854317058399
 1.3094017094017094 4 3 15 34 1]
[0.15934955669942316 'Spatial' 0 0.19751558753409842 0.5340854317058399
 0.717948717948718 4 3 16 34 1]
[3.2603105081960018 'Spatial' 0 0.19751558753409842 0.5340854317058399
 4.102564102564102 4 3 17 35 1]
[0.0031544748948778346 'Spatial' 0 0.19751558753409842 0.5340854317058399
 0.6598290598290598 4 3 18 34 1]
[1.269767477920338 'Spatial' 0 0.19751558753409842 0.5340854317058399
 2.7452991452991453 4 3 19 42 1]
[0.0 'Spatial' 0 0.18146992317309424 6.849320130776625e-06 0.0 4 4 0 54 1]
[3.2124723792218335 'Spatial' 0 0.18146992317309424 6.849320130776625e-06
 1.641025641025641 4 4 1 55 1]
[2.661660877407268 'Spatial' 0 0.18146992317309424 6.849320130776625e-06
 1.9247863247863248 4 4 2 46 1]
[2.7710604476651994 'Spatial' 0 0.18146992317309424 6.849320130776625e-06
 2.4034188034188033 4 4 3 53 1]
[3.573430232903396 'Spatial' 0 0.18146992317309424 6.849320130776625e-06
 4.102564102564102 4 4 4 60 1]
[3.8750412723812957 'Spatial' 0 0.18146992317309424 6.849320130776625e-06
 4.102564102564102 4 4 5 51 1]
[4.513528507090718 'Spatial' 0 0.18146992317309424 6.849320130776625e-06
 0.10256410256410256 4 4 6 48 1]
[3.866397327383061 'Spatial' 0 0.18146992317309424 6.849320130776625e-06
 4.102564102564102 4 4 7 58 1]
[1.439217698416725 'Spatial' 0 0.18146992317309424 6.849320130776625e-06
 1.641025641025641 4 4 8 52 1]
[0.44310526581393084 'Spatial' 0 0.18146992317309424 6.849320130776625e-06
 0.8205128205128205 4 4 9 52 1]
[0.03449377210203002 'Spatial' 0 0.18146992317309424 6.849320130776625e-06
 0.6940170940170939 4 4 10 52 1]
[2.4996167247746603 'Spatial' 0 0.18146992317309424 6.849320130776625e-06
 3.8974358974358974 4 4 11 44 1]
[2.323021615137928 'Spatial' 0 0.18146992317309424 6.849320130776625e-06
 3.5316239316239315 4 4 12 44 1]
[3.962415185926469 'Spatial' 0 0.18146992317309424 6.849320130776625e-06
 4.102564102564102 4 4 13 36 1]
[0.017454019522777288 'Spatial' 0 0.18146992317309424
 6.849320130776625e-06 0.5914529914529914 4 4 14 52 1]
[2.2529952652237086 'Spatial' 0 0.18146992317309424 6.849320130776625e-06
 3.429059829059829 4 4 15 53 1]
[0.0013185307473616403 'Spatial' 0 0.18146992317309424
 6.849320130776625e-06 0.6153846153846153 4 4 16 52 1]
[2.721142518920205 'Spatial' 0 0.18146992317309424 6.849320130776625e-06
 4.102564102564102 4 4 17 43 1]
[2.5497763250038097 'Spatial' 0 0.18146992317309424 6.849320130776625e-06
 4.102564102564102 4 4 18 43 1]
[2.393003656566782 'Spatial' 0 0.18146992317309424 6.849320130776625e-06
 4.102564102564102 4 4 19 43 1]
[0.0 'Spatial' 0 0.11155976047278104 7.495761912002129e-06 0.0 4 5 0 49 1]
[3.5592100276557965 'Spatial' 0 0.11155976047278104 7.495761912002129e-06
 1.6854700854700855 4 5 1 41 1]
[3.6745939218022032 'Spatial' 0 0.11155976047278104 7.495761912002129e-06
 2.847863247863248 4 5 2 51 1]
[3.6315940895585332 'Spatial' 0 0.11155976047278104 7.495761912002129e-06
 2.4615384615384617 4 5 3 32 1]
[4.184839525927977 'Spatial' 0 0.11155976047278104 7.495761912002129e-06
 0.20512820512820512 4 5 4 8 1]
[4.18485116523278 'Spatial' 0 0.11155976047278104 7.495761912002129e-06
 0.20512820512820512 4 5 5 62 1]
[3.5740318412020633 'Spatial' 0 0.11155976047278104 7.495761912002129e-06
 2.2564102564102564 4 5 6 46 1]
[1.309648415477758 'Spatial' 0 0.11155976047278104 7.495761912002129e-06
 1.3094017094017094 4 5 7 54 1]
[2.502882939840332 'Spatial' 0 0.11155976047278104 7.495761912002129e-06
 2.847863247863248 4 5 8 45 1]
[1.4688790177172084 'Spatial' 0 0.11155976047278104 7.495761912002129e-06
 1.6170940170940171 4 5 9 46 1]
[2.9309174431650704 'Spatial' 0 0.11155976047278104 7.495761912002129e-06
 3.0188034188034187 4 5 10 55 1]
[2.7298993977650845 'Spatial' 0 0.11155976047278104 7.495761912002129e-06
 3.692307692307692 4 5 11 62 1]
[3.203899165667774 'Spatial' 0 0.11155976047278104 7.495761912002129e-06
 4.044444444444444 4 5 12 63 1]
[2.821981713949916 'Spatial' 0 0.11155976047278104 7.495761912002129e-06
 3.839316239316239 4 5 13 47 1]
[3.6361367608102935 'Spatial' 0 0.11155976047278104 7.495761912002129e-06
 4.102564102564102 4 5 14 38 1]
[0.2091004185935649 'Spatial' 0 0.11155976047278104 7.495761912002129e-06
 1.3094017094017094 4 5 15 54 1]
[2.3032514031742357 'Spatial' 0 0.11155976047278104 7.495761912002129e-06
 4.102564102564102 4 5 16 53 1]
[3.353891109751636 'Spatial' 0 0.11155976047278104 7.495761912002129e-06
 4.102564102564102 4 5 17 61 1]
[2.022564220071483 'Spatial' 0 0.11155976047278104 7.495761912002129e-06
 3.1794871794871793 4 5 18 55 1]
[0.44046324182098273 'Spatial' 0 0.11155976047278104 7.495761912002129e-06
 0.10256410256410256 4 5 19 55 1]
[0.0 'Spatial' 0 0.10500689434242193 2.833990152579984e-15 0.0 4 6 0 49 1]
[2.867285186916609 'Spatial' 0 0.10500689434242193 2.833990152579984e-15
 2.335042735042735 4 6 1 56 1]
[0.6704500825898937 'Spatial' 0 0.10500689434242193 2.833990152579984e-15
 0.10256410256410256 4 6 2 49 1]
[0.012270239074517198 'Spatial' 0 0.10500689434242193
 2.833990152579984e-15 0.10256410256410256 4 6 3 49 1]
[0.0006364206380173476 'Spatial' 0 0.10500689434242193
 2.833990152579984e-15 0.10256410256410256 4 6 4 49 1]
[0.0006298016333097749 'Spatial' 0 0.10500689434242193
 2.833990152579984e-15 0.10256410256410256 4 6 5 49 1]
[2.410244160048212 'Spatial' 0 0.10500689434242193 2.833990152579984e-15
 4.102564102564102 4 6 6 41 1]
[2.139303717438274 'Spatial' 0 0.10500689434242193 2.833990152579984e-15
 4.102564102564102 4 6 7 57 1]
[1.8944651306740552 'Spatial' 0 0.10500689434242193 2.833990152579984e-15
 3.839316239316239 4 6 8 48 1]
[1.6295864442761954 'Spatial' 0 0.10500689434242193 2.833990152579984e-15
 3.4871794871794872 4 6 9 48 1]
[1.3812408948631696 'Spatial' 0 0.10500689434242193 2.833990152579984e-15
 3.1794871794871793 4 6 10 48 1]
[3.5528540040538332 'Spatial' 0 0.10500689434242193 2.833990152579984e-15
 4.102564102564102 4 6 11 50 1]
[1.417707669262654 'Spatial' 0 0.10500689434242193 2.833990152579984e-15
 3.4871794871794872 4 6 12 48 1]
[1.0560149413239628 'Spatial' 0 0.10500689434242193 2.833990152579984e-15
 0.5914529914529914 4 6 13 48 1]
[0.017575853692904656 'Spatial' 0 0.10500689434242193
 2.833990152579984e-15 0.5128205128205128 4 6 14 48 1]
[0.0007594932585021334 'Spatial' 0 0.10500689434242193
 2.833990152579984e-15 0.5128205128205128 4 6 15 48 1]
[0.0006298016333097749 'Spatial' 0 0.10500689434242193
 2.833990152579984e-15 0.10256410256410256 4 6 16 48 1]
[0.0006298016333097749 'Spatial' 0 0.10500689434242193
 2.833990152579984e-15 0.10256410256410256 4 6 17 48 1]
[0.0006298016333097749 'Spatial' 0 0.10500689434242193
 2.833990152579984e-15 0.10256410256410256 4 6 18 48 1]
[0.0006298016333097749 'Spatial' 0 0.10500689434242193
 2.833990152579984e-15 0.10256410256410256 4 6 19 48 1]
[0.0 'Spatial' 0 0.5163152655956359 2.5497311296830234 0.0 4 7 0 48 1]
[4.088562961651834 'Spatial' 0 0.5163152655956359 2.5497311296830234
 1.1042735042735041 4 7 1 58 1]
[2.9351048052225512 'Spatial' 0 0.5163152655956359 2.5497311296830234
 4.102564102564102 4 7 2 50 1]
[3.9773217509781498 'Spatial' 0 0.5163152655956359 2.5497311296830234
 1.0256410256410255 4 7 3 60 1]
[2.1219403669780776 'Spatial' 0 0.5163152655956359 2.5497311296830234
 3.1213675213675214 4 7 4 57 1]
[0.9113893647383937 'Spatial' 0 0.5163152655956359 2.5497311296830234
 1.2307692307692308 4 7 5 58 1]
[2.8147299327261925 'Spatial' 0 0.5163152655956359 2.5497311296830234
 4.102564102564102 4 7 6 51 1]
[2.005780089958097 'Spatial' 0 0.5163152655956359 2.5497311296830234
 3.634188034188034 4 7 7 49 1]
[1.093866325762002 'Spatial' 0 0.5163152655956359 2.5497311296830234
 1.7196581196581195 4 7 8 50 1]
[2.93584920958375 'Spatial' 0 0.5163152655956359 2.5497311296830234
 4.102564102564102 4 7 9 42 1]
[4.247530989961812 'Spatial' 0 0.5163152655956359 2.5497311296830234
 0.10256410256410256 4 7 10 32 1]
[4.233232225669879 'Spatial' 0 0.5163152655956359 2.5497311296830234
 0.10256410256410256 4 7 11 1 1]
[4.218804779853496 'Spatial' 0 0.5163152655956359 2.5497311296830234
 0.10256410256410256 4 7 12 17 1]
[4.20408622818116 'Spatial' 0 0.5163152655956359 2.5497311296830234
 0.10256410256410256 4 7 13 21 1]
[1.4414616346688551 'Spatial' 0 0.5163152655956359 2.5497311296830234
 0.6153846153846153 4 7 14 58 1]
[0.1992089628855851 'Spatial' 0 0.5163152655956359 2.5497311296830234
 0.5572649572649572 4 7 15 58 1]
[3.8474452887818913 'Spatial' 0 0.5163152655956359 2.5497311296830234
 4.102564102564102 4 7 16 59 1]
[0.014939703112187185 'Spatial' 0 0.5163152655956359 2.5497311296830234
 0.5128205128205128 4 7 17 58 1]
[0.0016725852350787883 'Spatial' 0 0.5163152655956359 2.5497311296830234
 0.5128205128205128 4 7 18 58 1]
[0.0006452443939352545 'Spatial' 0 0.5163152655956359 2.5497311296830234
 0.10256410256410256 4 7 19 58 1]
[0.0 'Spatial' 0 0.0001735198759088018 0.8940539088755731 0.0 4 8 0 57 1]
[0.6934571325198734 'Spatial' 0 0.0001735198759088018 0.8940539088755731
 0.717948717948718 4 8 1 48 1]
[0.000629801633309997 'Spatial' 0 0.0001735198759088018 0.8940539088755731
 0.717948717948718 4 8 2 40 1]
[0.0006298016333097749 'Spatial' 0 0.0001735198759088018
 0.8940539088755731 0.717948717948718 4 8 3 56 1]
[0.0006298016333097749 'Spatial' 0 0.0001735198759088018
 0.8940539088755731 0.6153846153846153 4 8 4 56 1]
[0.0006298016333097749 'Spatial' 0 0.0001735198759088018
 0.8940539088755731 0.10256410256410256 4 8 5 56 1]
[0.0006298016333097749 'Spatial' 0 0.0001735198759088018
 0.8940539088755731 0.10256410256410256 4 8 6 56 1]
[0.0006298016333097749 'Spatial' 0 0.0001735198759088018
 0.8940539088755731 0.10256410256410256 4 8 7 56 1]
[0.0006298016333097749 'Spatial' 0 0.0001735198759088018
 0.8940539088755731 0.10256410256410256 4 8 8 56 1]
[0.0006298016333097749 'Spatial' 0 0.0001735198759088018
 0.8940539088755731 0.10256410256410256 4 8 9 56 1]
[0.0006298016333097749 'Spatial' 0 0.0001735198759088018
 0.8940539088755731 0.10256410256410256 4 8 10 56 1]
[0.0006298016333097749 'Spatial' 0 0.0001735198759088018
 0.8940539088755731 0.10256410256410256 4 8 11 56 1]
[0.0006298016333097749 'Spatial' 0 0.0001735198759088018
 0.8940539088755731 0.10256410256410256 4 8 12 56 1]
[0.0006298016333097749 'Spatial' 0 0.0001735198759088018
 0.8940539088755731 0.10256410256410256 4 8 13 56 1]
[0.0006298016333097749 'Spatial' 0 0.0001735198759088018
 0.8940539088755731 0.10256410256410256 4 8 14 56 1]
[0.0006298016333097749 'Spatial' 0 0.0001735198759088018
 0.8940539088755731 0.10256410256410256 4 8 15 56 1]
[0.0006298016333097749 'Spatial' 0 0.0001735198759088018
 0.8940539088755731 0.10256410256410256 4 8 16 56 1]
[0.0006298016333097749 'Spatial' 0 0.0001735198759088018
 0.8940539088755731 0.10256410256410256 4 8 17 56 1]
[0.0006298016333097749 'Spatial' 0 0.0001735198759088018
 0.8940539088755731 0.10256410256410256 4 8 18 56 1]
[0.0006298016333097749 'Spatial' 0 0.0001735198759088018
 0.8940539088755731 0.10256410256410256 4 8 19 56 1]
[0.0 'Spatial' 0 0.02625384253485655 0.38526532393336316 0.0 4 9 0 48 1]
[4.0962695403522 'Spatial' 0 0.02625384253485655 0.38526532393336316
 0.5128205128205128 4 9 1 32 1]
[3.8636255314324806 'Spatial' 0 0.02625384253485655 0.38526532393336316
 1.0256410256410255 4 9 2 10 1]
[3.191912521020712 'Spatial' 0 0.02625384253485655 0.38526532393336316
 1.7196581196581195 4 9 3 22 1]
[3.5399033365464727 'Spatial' 0 0.02625384253485655 0.38526532393336316
 0.9675213675213674 4 9 4 27 1]
[4.077693707124126 'Spatial' 0 0.02625384253485655 0.38526532393336316
 0.3521367521367521 4 9 5 59 1]
[1.1287528392046478 'Spatial' 0 0.02625384253485655 0.38526532393336316
 2.12991452991453 4 9 6 55 1]
[4.0482568741583185 'Spatial' 0 0.02625384253485655 0.38526532393336316
 0.3521367521367521 4 9 7 31 1]
[4.036609647947781 'Spatial' 0 0.02625384253485655 0.38526532393336316
 0.10256410256410256 4 9 8 58 1]
[1.7705372474338534 'Spatial' 0 0.02625384253485655 0.38526532393336316
 0.717948717948718 4 9 9 26 1]
[3.9876299862359206 'Spatial' 0 0.02625384253485655 0.38526532393336316
 0.3521367521367521 4 9 10 0 1]
[2.404384646622151 'Spatial' 0 0.02625384253485655 0.38526532393336316
 0.7965811965811965 4 9 11 26 1]
[0.020804006304050313 'Spatial' 0 0.02625384253485655 0.38526532393336316
 1.5384615384615385 4 9 12 27 1]
[0.8971423307551073 'Spatial' 0 0.02625384253485655 0.38526532393336316
 1.993162393162393 4 9 13 28 1]
[4.1588830833596715 'Spatial' 0 0.02625384253485655 0.38526532393336316
 3.076923076923077 4 9 14 11 1]
[4.1588830833596715 'Spatial' 0 0.02625384253485655 0.38526532393336316
 3.076923076923077 4 9 15 54 1]
[4.1588830833596715 'Spatial' 0 0.02625384253485655 0.38526532393336316
 3.3846153846153846 4 9 16 18 1]
[4.1588830833596715 'Spatial' 0 0.02625384253485655 0.38526532393336316
 3.3846153846153846 4 9 17 18 1]
[1.2752463341716958 'Spatial' 0 0.02625384253485655 0.38526532393336316
 2.0273504273504273 4 9 18 54 1]
[0.08900960283486353 'Spatial' 0 0.02625384253485655 0.38526532393336316
 2.54017094017094 4 9 19 55 1]
[0.0 'Conceptual' 0 0.038628718619661606 2.3827666234103884e-07 0.0 4 0 0
 56 1]
[4.156461993755251 'Conceptual' 0 0.038628718619661606
 2.3827666234103884e-07 0.41025641025641024 4 0 1 57 1]
[4.156542779812882 'Conceptual' 0 0.038628718619661606
 2.3827666234103884e-07 0.41025641025641024 4 0 2 58 1]
[4.1567043510518 'Conceptual' 0 0.038628718619661606
 2.3827666234103884e-07 0.41025641025641024 4 0 3 60 1]
[4.156623608042326 'Conceptual' 0 0.038628718619661606
 2.3827666234103884e-07 0.20512820512820512 4 0 4 61 1]
[4.1567043885668165 'Conceptual' 0 0.038628718619661606
 2.3827666234103884e-07 0.20512820512820512 4 0 5 62 1]
[4.156785162567693 'Conceptual' 0 0.038628718619661606
 2.3827666234103884e-07 0.20512820512820512 4 0 6 63 1]
[4.156825547122369 'Conceptual' 0 0.038628718619661606
 2.3827666234103884e-07 0.20512820512820512 4 0 7 55 1]
[4.1588830833596715 'Conceptual' 0 0.038628718619661606
 2.3827666234103884e-07 1.435897435897436 4 0 8 0 1]
[3.6745650825127982 'Conceptual' 0 0.038628718619661606
 2.3827666234103884e-07 2.0273504273504273 4 0 9 10 1]
[2.8792501952843788 'Conceptual' 0 0.038628718619661606
 2.3827666234103884e-07 2.505982905982906 4 0 10 3 1]
[2.1785758101728327 'Conceptual' 0 0.038628718619661606
 2.3827666234103884e-07 2.437606837606838 4 0 11 3 1]
[1.0224031776417453 'Conceptual' 0 0.038628718619661606
 2.3827666234103884e-07 0.17777777777777776 4 0 12 10 1]
[3.344872949012259 'Conceptual' 0 0.038628718619661606
 2.3827666234103884e-07 1.1282051282051282 4 0 13 18 1]
[4.1588830833596715 'Conceptual' 0 0.038628718619661606
 2.3827666234103884e-07 4.102564102564102 4 0 14 26 1]
[4.1588830833596715 'Conceptual' 0 0.038628718619661606
 2.3827666234103884e-07 4.102564102564102 4 0 15 34 1]
[4.1588830833596715 'Conceptual' 0 0.038628718619661606
 2.3827666234103884e-07 4.102564102564102 4 0 16 13 1]
[0.029951412515177293 'Conceptual' 0 0.038628718619661606
 2.3827666234103884e-07 0.10256410256410256 4 0 17 13 1]
[4.1588830833596715 'Conceptual' 0 0.038628718619661606
 2.3827666234103884e-07 4.102564102564102 4 0 18 21 1]
[1.795106145687995 'Conceptual' 0 0.038628718619661606
 2.3827666234103884e-07 1.411965811965812 4 0 19 21 1]
[0.0 'Conceptual' 0 0.027098898200112985 0.5117450017387527 0.0 4 1 0 0 1]
[1.9000263776423358 'Conceptual' 0 0.027098898200112985 0.5117450017387527
 4.102564102564102 4 1 1 62 1]
[3.56454832618373 'Conceptual' 0 0.027098898200112985 0.5117450017387527
 1.641025641025641 4 1 2 29 1]
[3.602337368201322 'Conceptual' 0 0.027098898200112985 0.5117450017387527
 1.1282051282051282 4 1 3 26 1]
[3.655796943078925 'Conceptual' 0 0.027098898200112985 0.5117450017387527
 0.8649572649572649 4 1 4 47 1]
[3.6189439216729995 'Conceptual' 0 0.027098898200112985 0.5117450017387527
 0.7965811965811965 4 1 5 31 1]
[4.185337775545026 'Conceptual' 0 0.027098898200112985 0.5117450017387527
 4.102564102564102 4 1 6 29 1]
[3.7797838969998465 'Conceptual' 0 0.027098898200112985 0.5117450017387527
 0.5914529914529914 4 1 7 20 1]
[3.199715936954469 'Conceptual' 0 0.027098898200112985 0.5117450017387527
 0.923076923076923 4 1 8 4 1]
[2.241497384321126 'Conceptual' 0 0.027098898200112985 0.5117450017387527
 0.7623931623931623 4 1 9 3 1]
[4.017196056772006 'Conceptual' 0 0.027098898200112985 0.5117450017387527
 0.10256410256410256 4 1 10 1 1]
[0.7855361490140053 'Conceptual' 0 0.027098898200112985 0.5117450017387527
 1.7880341880341881 4 1 11 21 1]
[3.528148209651635 'Conceptual' 0 0.027098898200112985 0.5117450017387527
 0.6153846153846153 4 1 12 14 1]
[1.6222120454820534 'Conceptual' 0 0.027098898200112985 0.5117450017387527
 0.717948717948718 4 1 13 6 1]
[2.9135119625172594 'Conceptual' 0 0.027098898200112985 0.5117450017387527
 0.45470085470085464 4 1 14 7 1]
[2.2333156040605777 'Conceptual' 0 0.027098898200112985 0.5117450017387527
 3.052991452991453 4 1 15 7 1]
[0.0006298016333102192 'Conceptual' 0 0.027098898200112985
 0.5117450017387527 0.10256410256410256 4 1 16 7 1]
[1.9670757772844967 'Conceptual' 0 0.027098898200112985 0.5117450017387527
 1.993162393162393 4 1 17 6 1]
[4.1588830833596715 'Conceptual' 0 0.027098898200112985 0.5117450017387527
 3.7948717948717947 4 1 18 5 1]
[0.0033781320033208525 'Conceptual' 0 0.027098898200112985
 0.5117450017387527 1.4803418803418804 4 1 19 6 1]
[0.0 'Conceptual' 0 0.13727859461726521 0.3052765967409161 0.0 4 2 0 7 1]
[3.062927616799978 'Conceptual' 0 0.13727859461726521 0.3052765967409161
 1.2068376068376068 4 2 1 6 1]
[3.02587491954003 'Conceptual' 0 0.13727859461726521 0.3052765967409161
 4.102564102564102 4 2 2 23 1]
[1.2870319700284651 'Conceptual' 0 0.13727859461726521 0.3052765967409161
 1.993162393162393 4 2 3 15 1]
[3.0622077595094495 'Conceptual' 0 0.13727859461726521 0.3052765967409161
 4.102564102564102 4 2 4 13 1]
[4.13355126940135 'Conceptual' 0 0.13727859461726521 0.3052765967409161
 0.10256410256410256 4 2 5 1 1]
[4.122719781749463 'Conceptual' 0 0.13727859461726521 0.3052765967409161
 0.10256410256410256 4 2 6 24 1]
[4.060753300482817 'Conceptual' 0 0.13727859461726521 0.3052765967409161
 0.45470085470085464 4 2 7 32 1]
[3.9225367861079046 'Conceptual' 0 0.13727859461726521 0.3052765967409161
 0.5572649572649572 4 2 8 40 1]
[4.022555259549834 'Conceptual' 0 0.13727859461726521 0.3052765967409161
 0.4888888888888889 4 2 9 48 1]
[4.107603129759613 'Conceptual' 0 0.13727859461726521 0.3052765967409161
 0.45470085470085464 4 2 10 56 1]
[1.8572259176587926 'Conceptual' 0 0.13727859461726521 0.3052765967409161
 0.5572649572649572 4 2 11 56 1]
[0.014138028622600279 'Conceptual' 0 0.13727859461726521
 0.3052765967409161 0.5128205128205128 4 2 12 56 1]
[0.0006298246152800212 'Conceptual' 0 0.13727859461726521
 0.3052765967409161 0.10256410256410256 4 2 13 56 1]
[0.0006298016333097749 'Conceptual' 0 0.13727859461726521
 0.3052765967409161 0.10256410256410256 4 2 14 56 1]
[3.567296829910281 'Conceptual' 0 0.13727859461726521 0.3052765967409161
 3.4632478632478634 4 2 15 57 1]
[0.49348377657709824 'Conceptual' 0 0.13727859461726521 0.3052765967409161
 2.769230769230769 4 2 16 48 1]
[0.0006298016333097749 'Conceptual' 0 0.13727859461726521
 0.3052765967409161 0.10256410256410256 4 2 17 56 1]
[0.0006298016333097749 'Conceptual' 0 0.13727859461726521
 0.3052765967409161 0.10256410256410256 4 2 18 56 1]
[0.0006298016333097749 'Conceptual' 0 0.13727859461726521
 0.3052765967409161 0.10256410256410256 4 2 19 56 1]
[0.0 'Conceptual' 0 0.21716977524095352 1.0202672292513357e-06 0.0 4 3 0
 63 1]
[4.158882948113921 'Conceptual' 0 0.21716977524095352
 1.0202672292513357e-06 1.3777777777777778 4 3 1 60 1]
[3.985386352846706 'Conceptual' 0 0.21716977524095352
 1.0202672292513357e-06 3.1794871794871793 4 3 2 36 1]
[3.3101294205334204 'Conceptual' 0 0.21716977524095352
 1.0202672292513357e-06 1.4803418803418804 4 3 3 59 1]
[3.5674538014303563 'Conceptual' 0 0.21716977524095352
 1.0202672292513357e-06 2.6427350427350427 4 3 4 57 1]
[3.202051831845684 'Conceptual' 0 0.21716977524095352
 1.0202672292513357e-06 2.916239316239316 4 3 5 56 1]
[1.617312959982283 'Conceptual' 0 0.21716977524095352
 1.0202672292513357e-06 1.8222222222222222 4 3 6 58 1]
[1.8171606581131448 'Conceptual' 0 0.21716977524095352
 1.0202672292513357e-06 0.7623931623931623 4 3 7 59 1]
[3.414895753461162 'Conceptual' 0 0.21716977524095352
 1.0202672292513357e-06 4.102564102564102 4 3 8 60 1]
[2.0540324617784362 'Conceptual' 0 0.21716977524095352
 1.0202672292513357e-06 2.9743589743589745 4 3 9 50 1]
[3.107410779672384 'Conceptual' 0 0.21716977524095352
 1.0202672292513357e-06 4.102564102564102 4 3 10 42 1]
[5.139527824185533 'Conceptual' 0 0.21716977524095352
 1.0202672292513357e-06 0.10256410256410256 4 3 11 61 1]
[2.0957639031975366 'Conceptual' 0 0.21716977524095352
 1.0202672292513357e-06 3.052991452991453 4 3 12 57 1]
[3.23658384480466 'Conceptual' 0 0.21716977524095352
 1.0202672292513357e-06 4.102564102564102 4 3 13 56 1]
[0.6676972717698689 'Conceptual' 0 0.21716977524095352
 1.0202672292513357e-06 1.1726495726495727 4 3 14 58 1]
[1.2327331033734032 'Conceptual' 0 0.21716977524095352
 1.0202672292513357e-06 2.335042735042735 4 3 15 57 1]
[0.31412342480722505 'Conceptual' 0 0.21716977524095352
 1.0202672292513357e-06 0.10256410256410256 4 3 16 57 1]
[0.03943581565158994 'Conceptual' 0 0.21716977524095352
 1.0202672292513357e-06 0.10256410256410256 4 3 17 57 1]
[0.004359330061857634 'Conceptual' 0 0.21716977524095352
 1.0202672292513357e-06 0.10256410256410256 4 3 18 57 1]
[0.0009444038803025872 'Conceptual' 0 0.21716977524095352
 1.0202672292513357e-06 0.10256410256410256 4 3 19 57 1]
[0.0 'Conceptual' 0 0.4173901045187396 0.0008219225039021083 0.0 4 4 0 7 1]
[3.6110616941556706 'Conceptual' 0 0.4173901045187396
 0.0008219225039021083 1.9247863247863248 4 4 1 6 1]
[3.2106045517460395 'Conceptual' 0 0.4173901045187396
 0.0008219225039021083 2.051282051282051 4 4 2 15 1]
[3.5415374367315158 'Conceptual' 0 0.4173901045187396
 0.0008219225039021083 3.4632478632478634 4 4 3 31 1]
[2.879406187344979 'Conceptual' 0 0.4173901045187396 0.0008219225039021083
 2.0957264957264954 4 4 4 31 1]
[3.8305772007834635 'Conceptual' 0 0.4173901045187396
 0.0008219225039021083 4.102564102564102 4 4 5 12 1]
[4.320323505061308 'Conceptual' 0 0.4173901045187396 0.0008219225039021083
 0.10256410256410256 4 4 6 33 1]
[4.320300527182398 'Conceptual' 0 0.4173901045187396 0.0008219225039021083
 0.10256410256410256 4 4 7 48 1]
[3.2355594618848533 'Conceptual' 0 0.4173901045187396
 0.0008219225039021083 1.3333333333333335 4 4 8 39 1]
[4.346583705056255 'Conceptual' 0 0.4173901045187396 0.0008219225039021083
 0.10256410256410256 4 4 9 63 1]
[3.1945791468018916 'Conceptual' 0 0.4173901045187396
 0.0008219225039021083 0.8649572649572649 4 4 10 7 1]
[3.2149576890893323 'Conceptual' 0 0.4173901045187396
 0.0008219225039021083 1.0017094017094017 4 4 11 6 1]
[1.777766082677003 'Conceptual' 0 0.4173901045187396 0.0008219225039021083
 1.3094017094017094 4 4 12 31 1]
[1.111450705117267 'Conceptual' 0 0.4173901045187396 0.0008219225039021083
 1.1042735042735041 4 4 13 31 1]
[3.21669957517054 'Conceptual' 0 0.4173901045187396 0.0008219225039021083
 0.717948717948718 4 4 14 7 1]
[0.6709150580696114 'Conceptual' 0 0.4173901045187396
 0.0008219225039021083 0.5128205128205128 4 4 15 31 1]
[3.90808525563942 'Conceptual' 0 0.4173901045187396 0.0008219225039021083
 4.102564102564102 4 4 16 47 1]
[5.334455164970777 'Conceptual' 0 0.4173901045187396 0.0008219225039021083
 0.10256410256410256 4 4 17 63 1]
[2.9757177099489227 'Conceptual' 0 0.4173901045187396
 0.0008219225039021083 4.102564102564102 4 4 18 47 1]
[0.978170653965973 'Conceptual' 0 0.4173901045187396 0.0008219225039021083
 1.1726495726495727 4 4 19 39 1]
[0.0 'Conceptual' 0 0.016173590548554263 0.40895520988875383 0.0 4 5 0 4 1]
[4.091173282783006 'Conceptual' 0 0.016173590548554263 0.40895520988875383
 0.6153846153846153 4 5 1 10 1]
[3.965268827578186 'Conceptual' 0 0.016173590548554263 0.40895520988875383
 0.6940170940170939 4 5 2 21 1]
[3.8276438578229315 'Conceptual' 0 0.016173590548554263
 0.40895520988875383 0.717948717948718 4 5 3 15 1]
[3.428197002039916 'Conceptual' 0 0.016173590548554263 0.40895520988875383
 1.1726495726495727 4 5 4 32 1]
[0.8070078290358863 'Conceptual' 0 0.016173590548554263
 0.40895520988875383 2.769230769230769 4 5 5 56 1]
[0.7661785655012067 'Conceptual' 0 0.016173590548554263
 0.40895520988875383 1.1042735042735041 4 5 6 33 1]
[2.4075887151923103 'Conceptual' 0 0.016173590548554263
 0.40895520988875383 4.102564102564102 4 5 7 26 1]
[4.022329349554733 'Conceptual' 0 0.016173590548554263 0.40895520988875383
 0.3076923076923077 4 5 8 28 1]
[3.977982056909747 'Conceptual' 0 0.016173590548554263 0.40895520988875383
 0.3521367521367521 4 5 9 29 1]
[3.9880671822194658 'Conceptual' 0 0.016173590548554263
 0.40895520988875383 0.3076923076923077 4 5 10 31 1]
[3.956552587300433 'Conceptual' 0 0.016173590548554263 0.40895520988875383
 0.3521367521367521 4 5 11 1 1]
[3.9518471782924918 'Conceptual' 0 0.016173590548554263
 0.40895520988875383 0.10256410256410256 4 5 12 57 1]
[1.9236193217451343 'Conceptual' 0 0.016173590548554263
 0.40895520988875383 0.4888888888888889 4 5 13 25 1]
[0.6553764408177017 'Conceptual' 0 0.016173590548554263
 0.40895520988875383 3.3264957264957262 4 5 14 40 1]
[2.1264497377225613 'Conceptual' 0 0.016173590548554263
 0.40895520988875383 0.45470085470085464 4 5 15 24 1]
[3.852787501462892 'Conceptual' 0 0.016173590548554263 0.40895520988875383
 0.3521367521367521 4 5 16 0 1]
[4.397277505603627 'Conceptual' 0 0.016173590548554263 0.40895520988875383
 0.45470085470085464 4 5 17 24 1]
[0.19285292931097195 'Conceptual' 0 0.016173590548554263
 0.40895520988875383 1.2307692307692308 4 5 18 32 1]
[0.3586799029298678 'Conceptual' 0 0.016173590548554263
 0.40895520988875383 3.5316239316239315 4 5 19 40 1]
[0.0 'Conceptual' 0 0.0664315662447368 0.6499090295674053 0.0 4 6 0 7 1]
[4.095837370363468 'Conceptual' 0 0.0664315662447368 0.6499090295674053
 1.2068376068376068 4 6 1 31 1]
[4.077166023180839 'Conceptual' 0 0.0664315662447368 0.6499090295674053
 0.6598290598290598 4 6 2 38 1]
[3.232890100717244 'Conceptual' 0 0.0664315662447368 0.6499090295674053
 2.335042735042735 4 6 3 38 1]
[4.0833706607722196 'Conceptual' 0 0.0664315662447368 0.6499090295674053
 0.7623931623931623 4 6 4 52 1]
[4.126931843815724 'Conceptual' 0 0.0664315662447368 0.6499090295674053
 0.10256410256410256 4 6 5 12 1]
[4.110669153602277 'Conceptual' 0 0.0664315662447368 0.6499090295674053
 0.10256410256410256 4 6 6 27 1]
[3.7803552944107834 'Conceptual' 0 0.0664315662447368 0.6499090295674053
 1.0256410256410255 4 6 7 50 1]
[2.60501839620534 'Conceptual' 0 0.0664315662447368 0.6499090295674053
 1.0017094017094017 4 6 8 58 1]
[3.841057469780111 'Conceptual' 0 0.0664315662447368 0.6499090295674053
 0.4888888888888889 4 6 9 60 1]
[2.850173523721735 'Conceptual' 0 0.0664315662447368 0.6499090295674053
 0.5914529914529914 4 6 10 57 1]
[3.7554596625691845 'Conceptual' 0 0.0664315662447368 0.6499090295674053
 0.4888888888888889 4 6 11 56 1]
[3.034209816466527 'Conceptual' 0 0.0664315662447368 0.6499090295674053
 4.102564102564102 4 6 12 42 1]
[3.991639733011796 'Conceptual' 0 0.0664315662447368 0.6499090295674053
 0.10256410256410256 4 6 13 2 1]
[3.957170280891659 'Conceptual' 0 0.0664315662447368 0.6499090295674053
 0.38632478632478634 4 6 14 26 1]
[0.33069510091645865 'Conceptual' 0 0.0664315662447368 0.6499090295674053
 0.6598290598290598 4 6 15 58 1]
[0.0006298016333097749 'Conceptual' 0 0.0664315662447368
 0.6499090295674053 0.10256410256410256 4 6 16 58 1]
[0.0006298016333097749 'Conceptual' 0 0.0664315662447368
 0.6499090295674053 0.10256410256410256 4 6 17 58 1]
[0.0006298016333097749 'Conceptual' 0 0.0664315662447368
 0.6499090295674053 0.10256410256410256 4 6 18 58 1]
[0.0006298016333097749 'Conceptual' 0 0.0664315662447368
 0.6499090295674053 0.10256410256410256 4 6 19 58 1]
[0.0 'Conceptual' 0 0.052661891333379056 0.18403003201804022 0.0 4 7 0 63
 1]
[4.114548243110449 'Conceptual' 0 0.052661891333379056 0.18403003201804022
 0.5914529914529914 4 7 1 46 1]
[3.956709943318173 'Conceptual' 0 0.052661891333379056 0.18403003201804022
 1.07008547008547 4 7 2 51 1]
[3.0570423148425316 'Conceptual' 0 0.052661891333379056
 0.18403003201804022 2.12991452991453 4 7 3 16 1]
[3.892683798237573 'Conceptual' 0 0.052661891333379056 0.18403003201804022
 0.9675213675213674 4 7 4 56 1]
[2.7266393714409896 'Conceptual' 0 0.052661891333379056
 0.18403003201804022 1.7435897435897436 4 7 5 9 1]
[1.4995329665293249 'Conceptual' 0 0.052661891333379056
 0.18403003201804022 3.1555555555555554 4 7 6 1 1]
[0.35267363632311305 'Conceptual' 0 0.052661891333379056
 0.18403003201804022 1.5384615384615385 4 7 7 9 1]
[0.0006298016333102192 'Conceptual' 0 0.052661891333379056
 0.18403003201804022 0.10256410256410256 4 7 8 9 1]
[2.5192278256022633 'Conceptual' 0 0.052661891333379056
 0.18403003201804022 4.102564102564102 4 7 9 2 1]
[1.0588858110077939 'Conceptual' 0 0.052661891333379056
 0.18403003201804022 4.102564102564102 4 7 10 0 1]
[3.4033420887263404 'Conceptual' 0 0.052661891333379056
 0.18403003201804022 3.9418803418803416 4 7 11 8 1]
[0.0006298016333102192 'Conceptual' 0 0.052661891333379056
 0.18403003201804022 0.10256410256410256 4 7 12 9 1]
[0.4285591866051325 'Conceptual' 0 0.052661891333379056
 0.18403003201804022 3.1794871794871793 4 7 13 1 1]
[0.27063459569481985 'Conceptual' 0 0.052661891333379056
 0.18403003201804022 3.1213675213675214 4 7 14 1 1]
[0.10909027634219004 'Conceptual' 0 0.052661891333379056
 0.18403003201804022 1.1282051282051282 4 7 15 1 1]
[0.0008909109717295169 'Conceptual' 0 0.052661891333379056
 0.18403003201804022 0.8649572649572649 4 7 16 1 1]
[0.0006298016333102192 'Conceptual' 0 0.052661891333379056
 0.18403003201804022 0.5128205128205128 4 7 17 1 1]
[0.0006298016333102192 'Conceptual' 0 0.052661891333379056
 0.18403003201804022 0.10256410256410256 4 7 18 1 1]
[0.0006298016333102192 'Conceptual' 0 0.052661891333379056
 0.18403003201804022 0.10256410256410256 4 7 19 1 1]
[0.0 'Conceptual' 0 0.9022147695590489 5.340270621400784 0.0 4 8 0 0 1]
[4.063982354433688 'Conceptual' 0 0.9022147695590489 5.340270621400784
 1.7880341880341881 4 8 1 32 1]
[3.8964156656742746 'Conceptual' 0 0.9022147695590489 5.340270621400784
 4.102564102564102 4 8 2 9 1]
[3.8670023492901655 'Conceptual' 0 0.9022147695590489 5.340270621400784
 1.5384615384615385 4 8 3 20 1]
[3.5617678805330577 'Conceptual' 0 0.9022147695590489 5.340270621400784
 1.7880341880341881 4 8 4 52 1]
[3.029936551951494 'Conceptual' 0 0.9022147695590489 5.340270621400784
 1.8461538461538463 4 8 5 7 1]
[3.714314568861896 'Conceptual' 0 0.9022147695590489 5.340270621400784
 1.1282051282051282 4 8 6 5 1]
[3.3592949470032574 'Conceptual' 0 0.9022147695590489 5.340270621400784
 4.102564102564102 4 8 7 27 1]
[2.928372043271569 'Conceptual' 0 0.9022147695590489 5.340270621400784
 4.102564102564102 4 8 8 26 1]
[3.5750553308084685 'Conceptual' 0 0.9022147695590489 5.340270621400784
 1.0017094017094017 4 8 9 42 1]
[1.8012482437056452 'Conceptual' 0 0.9022147695590489 5.340270621400784
 2.8136752136752134 4 8 10 18 1]
[1.4016154727114754 'Conceptual' 0 0.9022147695590489 5.340270621400784
 1.1726495726495727 4 8 11 26 1]
[5.952910113555906 'Conceptual' 0 0.9022147695590489 5.340270621400784
 4.102564102564102 4 8 12 42 1]
[2.2849433461928577 'Conceptual' 0 0.9022147695590489 5.340270621400784
 2.871794871794872 4 8 13 25 1]
[1.5617334004017387 'Conceptual' 0 0.9022147695590489 5.340270621400784
 2.0273504273504273 4 8 14 18 1]
[2.6093993811536182 'Conceptual' 0 0.9022147695590489 5.340270621400784
 1.5384615384615385 4 8 15 27 1]
[3.523547864246581 'Conceptual' 0 0.9022147695590489 5.340270621400784
 4.102564102564102 4 8 16 11 1]
[0.3680006574933917 'Conceptual' 0 0.9022147695590489 5.340270621400784
 0.8205128205128205 4 8 17 26 1]
[0.9039413385042157 'Conceptual' 0 0.9022147695590489 5.340270621400784
 1.9487179487179487 4 8 18 18 1]
[0.31110600840330666 'Conceptual' 0 0.9022147695590489 5.340270621400784
 0.7965811965811965 4 8 19 26 1]
[0.0 'Conceptual' 0 2.1790849823435323 67.25474819730333 0.0 4 9 0 23 1]
[4.045713270594381 'Conceptual' 0 2.1790849823435323 67.25474819730333
 1.1042735042735041 4 9 1 37 1]
[4.126934388042929 'Conceptual' 0 2.1790849823435323 67.25474819730333
 0.3076923076923077 4 9 2 45 1]
[3.7077117780992586 'Conceptual' 0 2.1790849823435323 67.25474819730333
 1.2307692307692308 4 9 3 5 1]
[4.094329607216976 'Conceptual' 0 2.1790849823435323 67.25474819730333
 0.24957264957264963 4 9 4 53 1]
[3.1990372481405864 'Conceptual' 0 2.1790849823435323 67.25474819730333
 3.770940170940171 4 9 5 35 1]
[3.5276283872361653 'Conceptual' 0 2.1790849823435323 67.25474819730333
 0.8991452991452991 4 9 6 10 1]
[3.2602657167256983 'Conceptual' 0 2.1790849823435323 67.25474819730333
 0.8991452991452991 4 9 7 58 1]
[3.023104004789344 'Conceptual' 0 2.1790849823435323 67.25474819730333
 0.8991452991452991 4 9 8 24 1]
[3.1799250200267832 'Conceptual' 0 2.1790849823435323 67.25474819730333
 2.54017094017094 4 9 9 26 1]
[2.6794825929321733 'Conceptual' 0 2.1790849823435323 67.25474819730333
 2.051282051282051 4 9 10 34 1]
[2.8925651950133866 'Conceptual' 0 2.1790849823435323 67.25474819730333
 0.8649572649572649 4 9 11 21 1]
[3.1195440258446157 'Conceptual' 0 2.1790849823435323 67.25474819730333
 1.958974358974359 4 9 12 46 1]
[0.7606491600551688 'Conceptual' 0 2.1790849823435323 67.25474819730333
 1.3094017094017094 4 9 13 37 1]
[1.990189454189435 'Conceptual' 0 2.1790849823435323 67.25474819730333
 1.411965811965812 4 9 14 44 1]
[3.426103095579989 'Conceptual' 0 2.1790849823435323 67.25474819730333
 2.051282051282051 4 9 15 47 1]
[1.8610896316864953 'Conceptual' 0 2.1790849823435323 67.25474819730333
 1.2307692307692308 4 9 16 38 1]
[2.3947212858577664 'Conceptual' 0 2.1790849823435323 67.25474819730333
 1.411965811965812 4 9 17 30 1]
[2.30707236703705 'Conceptual' 0 2.1790849823435323 67.25474819730333
 1.3094017094017094 4 9 18 35 1]
[2.802285256876146 'Conceptual' 0 2.1790849823435323 67.25474819730333
 1.411965811965812 4 9 19 26 1]
