[0.0 'Conceptual' 0.5250656062961278 2.7138421154514396 0.0 55 4 0 0]
[3.49867109410129 'Conceptual' 0.5250656062961278 2.7138421154514396
 6.864406779661016 55 4 0 1]
[3.958958832997452 'Conceptual' 0.5250656062961278 2.7138421154514396
 6.186440677966101 55 4 0 2]
[3.5341926637843444 'Conceptual' 0.5250656062961278 2.7138421154514396
 6.491525423728813 55 4 0 3]
[3.7791982362643446 'Conceptual' 0.5250656062961278 2.7138421154514396
 1.847457627118644 55 4 0 4]
[3.630573002517755 'Conceptual' 0.5250656062961278 2.7138421154514396
 1.6779661016949152 55 4 0 5]
[3.3696469656813375 'Conceptual' 0.5250656062961278 2.7138421154514396
 6.322033898305084 55 4 0 6]
[3.25788092841686 'Conceptual' 0.5250656062961278 2.7138421154514396
 1.6101694915254237 55 4 0 7]
[3.080924181267577 'Conceptual' 0.5250656062961278 2.7138421154514396
 1.9491525423728813 55 4 0 8]
[4.0510167403273964 'Conceptual' 0.5250656062961278 2.7138421154514396
 0.38983050847457623 55 4 0 9]
[3.972263574495067 'Conceptual' 0.5250656062961278 2.7138421154514396
 0.7288135593220338 55 4 0 10]
[2.432412081673487 'Conceptual' 0.5250656062961278 2.7138421154514396
 1.9152542372881354 55 4 0 11]
[3.0054131462042295 'Conceptual' 0.5250656062961278 2.7138421154514396
 5.813559322033898 55 4 0 12]
[1.976086758388864 'Conceptual' 0.5250656062961278 2.7138421154514396
 1.0677966101694913 55 4 0 13]
[3.849197390707119 'Conceptual' 0.5250656062961278 2.7138421154514396
 10.169491525423728 55 4 0 14]
[2.904660353769647 'Conceptual' 0.5250656062961278 2.7138421154514396
 4.966101694915253 55 4 0 15]
[3.1711511011332982 'Conceptual' 0.5250656062961278 2.7138421154514396
 5.135593220338983 55 4 0 16]
[4.233330585193185 'Conceptual' 0.5250656062961278 2.7138421154514396
 0.1694915254237288 55 4 0 17]
[2.8778702168259027 'Conceptual' 0.5250656062961278 2.7138421154514396
 5.745762711864407 55 4 0 18]
[4.204281115705715 'Conceptual' 0.5250656062961278 2.7138421154514396
 0.1694915254237288 55 4 0 19]
[0.0 'Conceptual' 0.5250656062961278 2.7138421154514396 0.0 55 4 1 0]
[3.49867109410129 'Conceptual' 0.5250656062961278 2.7138421154514396
 6.864406779661016 55 4 1 1]
[3.958958832997452 'Conceptual' 0.5250656062961278 2.7138421154514396
 6.186440677966101 55 4 1 2]
[3.5341926637843444 'Conceptual' 0.5250656062961278 2.7138421154514396
 6.491525423728813 55 4 1 3]
[3.7791982362643446 'Conceptual' 0.5250656062961278 2.7138421154514396
 1.847457627118644 55 4 1 4]
[3.630573002517755 'Conceptual' 0.5250656062961278 2.7138421154514396
 1.6779661016949152 55 4 1 5]
[3.3696469656813375 'Conceptual' 0.5250656062961278 2.7138421154514396
 6.322033898305084 55 4 1 6]
[3.25788092841686 'Conceptual' 0.5250656062961278 2.7138421154514396
 1.6101694915254237 55 4 1 7]
[3.080924181267577 'Conceptual' 0.5250656062961278 2.7138421154514396
 1.9491525423728813 55 4 1 8]
[4.0510167403273964 'Conceptual' 0.5250656062961278 2.7138421154514396
 0.38983050847457623 55 4 1 9]
[3.972263574495067 'Conceptual' 0.5250656062961278 2.7138421154514396
 0.7288135593220338 55 4 1 10]
[2.432412081673487 'Conceptual' 0.5250656062961278 2.7138421154514396
 1.9152542372881354 55 4 1 11]
[3.0054131462042295 'Conceptual' 0.5250656062961278 2.7138421154514396
 5.813559322033898 55 4 1 12]
[1.976086758388864 'Conceptual' 0.5250656062961278 2.7138421154514396
 1.0677966101694913 55 4 1 13]
[3.849197390707119 'Conceptual' 0.5250656062961278 2.7138421154514396
 10.169491525423728 55 4 1 14]
[2.904660353769647 'Conceptual' 0.5250656062961278 2.7138421154514396
 4.966101694915253 55 4 1 15]
[3.1711511011332982 'Conceptual' 0.5250656062961278 2.7138421154514396
 5.135593220338983 55 4 1 16]
[4.233330585193185 'Conceptual' 0.5250656062961278 2.7138421154514396
 0.1694915254237288 55 4 1 17]
[2.8778702168259027 'Conceptual' 0.5250656062961278 2.7138421154514396
 5.745762711864407 55 4 1 18]
[4.204281115705715 'Conceptual' 0.5250656062961278 2.7138421154514396
 0.1694915254237288 55 4 1 19]
[0.0 'Conceptual' 0.5250656062961278 2.7138421154514396 0.0 55 4 2 0]
[3.49867109410129 'Conceptual' 0.5250656062961278 2.7138421154514396
 6.864406779661016 55 4 2 1]
[3.958958832997452 'Conceptual' 0.5250656062961278 2.7138421154514396
 6.186440677966101 55 4 2 2]
[3.5341926637843444 'Conceptual' 0.5250656062961278 2.7138421154514396
 6.491525423728813 55 4 2 3]
[3.7791982362643446 'Conceptual' 0.5250656062961278 2.7138421154514396
 1.847457627118644 55 4 2 4]
[3.630573002517755 'Conceptual' 0.5250656062961278 2.7138421154514396
 1.6779661016949152 55 4 2 5]
[3.3696469656813375 'Conceptual' 0.5250656062961278 2.7138421154514396
 6.322033898305084 55 4 2 6]
[3.25788092841686 'Conceptual' 0.5250656062961278 2.7138421154514396
 1.6101694915254237 55 4 2 7]
[3.080924181267577 'Conceptual' 0.5250656062961278 2.7138421154514396
 1.9491525423728813 55 4 2 8]
[4.0510167403273964 'Conceptual' 0.5250656062961278 2.7138421154514396
 0.38983050847457623 55 4 2 9]
[3.972263574495067 'Conceptual' 0.5250656062961278 2.7138421154514396
 0.7288135593220338 55 4 2 10]
[2.432412081673487 'Conceptual' 0.5250656062961278 2.7138421154514396
 1.9152542372881354 55 4 2 11]
[3.0054131462042295 'Conceptual' 0.5250656062961278 2.7138421154514396
 5.813559322033898 55 4 2 12]
[1.976086758388864 'Conceptual' 0.5250656062961278 2.7138421154514396
 1.0677966101694913 55 4 2 13]
[3.849197390707119 'Conceptual' 0.5250656062961278 2.7138421154514396
 10.169491525423728 55 4 2 14]
[2.904660353769647 'Conceptual' 0.5250656062961278 2.7138421154514396
 4.966101694915253 55 4 2 15]
[3.1711511011332982 'Conceptual' 0.5250656062961278 2.7138421154514396
 5.135593220338983 55 4 2 16]
[4.233330585193185 'Conceptual' 0.5250656062961278 2.7138421154514396
 0.1694915254237288 55 4 2 17]
[2.8778702168259027 'Conceptual' 0.5250656062961278 2.7138421154514396
 5.745762711864407 55 4 2 18]
[4.204281115705715 'Conceptual' 0.5250656062961278 2.7138421154514396
 0.1694915254237288 55 4 2 19]
[0.0 'Conceptual' 0.5250656062961278 2.7138421154514396 0.0 55 4 3 0]
[3.49867109410129 'Conceptual' 0.5250656062961278 2.7138421154514396
 6.864406779661016 55 4 3 1]
[3.958958832997452 'Conceptual' 0.5250656062961278 2.7138421154514396
 6.186440677966101 55 4 3 2]
[3.5341926637843444 'Conceptual' 0.5250656062961278 2.7138421154514396
 6.491525423728813 55 4 3 3]
[3.7791982362643446 'Conceptual' 0.5250656062961278 2.7138421154514396
 1.847457627118644 55 4 3 4]
[3.630573002517755 'Conceptual' 0.5250656062961278 2.7138421154514396
 1.6779661016949152 55 4 3 5]
[3.3696469656813375 'Conceptual' 0.5250656062961278 2.7138421154514396
 6.322033898305084 55 4 3 6]
[3.25788092841686 'Conceptual' 0.5250656062961278 2.7138421154514396
 1.6101694915254237 55 4 3 7]
[3.080924181267577 'Conceptual' 0.5250656062961278 2.7138421154514396
 1.9491525423728813 55 4 3 8]
[4.0510167403273964 'Conceptual' 0.5250656062961278 2.7138421154514396
 0.38983050847457623 55 4 3 9]
[3.972263574495067 'Conceptual' 0.5250656062961278 2.7138421154514396
 0.7288135593220338 55 4 3 10]
[2.432412081673487 'Conceptual' 0.5250656062961278 2.7138421154514396
 1.9152542372881354 55 4 3 11]
[3.0054131462042295 'Conceptual' 0.5250656062961278 2.7138421154514396
 5.813559322033898 55 4 3 12]
[1.976086758388864 'Conceptual' 0.5250656062961278 2.7138421154514396
 1.0677966101694913 55 4 3 13]
[3.849197390707119 'Conceptual' 0.5250656062961278 2.7138421154514396
 10.169491525423728 55 4 3 14]
[2.904660353769647 'Conceptual' 0.5250656062961278 2.7138421154514396
 4.966101694915253 55 4 3 15]
[3.1711511011332982 'Conceptual' 0.5250656062961278 2.7138421154514396
 5.135593220338983 55 4 3 16]
[4.233330585193185 'Conceptual' 0.5250656062961278 2.7138421154514396
 0.1694915254237288 55 4 3 17]
[2.8778702168259027 'Conceptual' 0.5250656062961278 2.7138421154514396
 5.745762711864407 55 4 3 18]
[4.204281115705715 'Conceptual' 0.5250656062961278 2.7138421154514396
 0.1694915254237288 55 4 3 19]
[0.0 'Conceptual' 0.5250656062961278 2.7138421154514396 0.0 55 4 5 0]
[3.49867109410129 'Conceptual' 0.5250656062961278 2.7138421154514396
 6.864406779661016 55 4 5 1]
[3.958958832997452 'Conceptual' 0.5250656062961278 2.7138421154514396
 6.186440677966101 55 4 5 2]
[3.5341926637843444 'Conceptual' 0.5250656062961278 2.7138421154514396
 6.491525423728813 55 4 5 3]
[3.7791982362643446 'Conceptual' 0.5250656062961278 2.7138421154514396
 1.847457627118644 55 4 5 4]
[3.630573002517755 'Conceptual' 0.5250656062961278 2.7138421154514396
 1.6779661016949152 55 4 5 5]
[3.3696469656813375 'Conceptual' 0.5250656062961278 2.7138421154514396
 6.322033898305084 55 4 5 6]
[3.25788092841686 'Conceptual' 0.5250656062961278 2.7138421154514396
 1.6101694915254237 55 4 5 7]
[3.080924181267577 'Conceptual' 0.5250656062961278 2.7138421154514396
 1.9491525423728813 55 4 5 8]
[4.0510167403273964 'Conceptual' 0.5250656062961278 2.7138421154514396
 0.38983050847457623 55 4 5 9]
[3.972263574495067 'Conceptual' 0.5250656062961278 2.7138421154514396
 0.7288135593220338 55 4 5 10]
[2.432412081673487 'Conceptual' 0.5250656062961278 2.7138421154514396
 1.9152542372881354 55 4 5 11]
[3.0054131462042295 'Conceptual' 0.5250656062961278 2.7138421154514396
 5.813559322033898 55 4 5 12]
[1.976086758388864 'Conceptual' 0.5250656062961278 2.7138421154514396
 1.0677966101694913 55 4 5 13]
[3.849197390707119 'Conceptual' 0.5250656062961278 2.7138421154514396
 10.169491525423728 55 4 5 14]
[2.904660353769647 'Conceptual' 0.5250656062961278 2.7138421154514396
 4.966101694915253 55 4 5 15]
[3.1711511011332982 'Conceptual' 0.5250656062961278 2.7138421154514396
 5.135593220338983 55 4 5 16]
[4.233330585193185 'Conceptual' 0.5250656062961278 2.7138421154514396
 0.1694915254237288 55 4 5 17]
[2.8778702168259027 'Conceptual' 0.5250656062961278 2.7138421154514396
 5.745762711864407 55 4 5 18]
[4.204281115705715 'Conceptual' 0.5250656062961278 2.7138421154514396
 0.1694915254237288 55 4 5 19]
[0.0 'Conceptual' 0.5250656062961278 2.7138421154514396 0.0 55 4 6 0]
[3.49867109410129 'Conceptual' 0.5250656062961278 2.7138421154514396
 6.864406779661016 55 4 6 1]
[3.958958832997452 'Conceptual' 0.5250656062961278 2.7138421154514396
 6.186440677966101 55 4 6 2]
[3.5341926637843444 'Conceptual' 0.5250656062961278 2.7138421154514396
 6.491525423728813 55 4 6 3]
[3.7791982362643446 'Conceptual' 0.5250656062961278 2.7138421154514396
 1.847457627118644 55 4 6 4]
[3.630573002517755 'Conceptual' 0.5250656062961278 2.7138421154514396
 1.6779661016949152 55 4 6 5]
[3.3696469656813375 'Conceptual' 0.5250656062961278 2.7138421154514396
 6.322033898305084 55 4 6 6]
[3.25788092841686 'Conceptual' 0.5250656062961278 2.7138421154514396
 1.6101694915254237 55 4 6 7]
[3.080924181267577 'Conceptual' 0.5250656062961278 2.7138421154514396
 1.9491525423728813 55 4 6 8]
[4.0510167403273964 'Conceptual' 0.5250656062961278 2.7138421154514396
 0.38983050847457623 55 4 6 9]
[3.972263574495067 'Conceptual' 0.5250656062961278 2.7138421154514396
 0.7288135593220338 55 4 6 10]
[2.432412081673487 'Conceptual' 0.5250656062961278 2.7138421154514396
 1.9152542372881354 55 4 6 11]
[3.0054131462042295 'Conceptual' 0.5250656062961278 2.7138421154514396
 5.813559322033898 55 4 6 12]
[1.976086758388864 'Conceptual' 0.5250656062961278 2.7138421154514396
 1.0677966101694913 55 4 6 13]
[3.849197390707119 'Conceptual' 0.5250656062961278 2.7138421154514396
 10.169491525423728 55 4 6 14]
[2.904660353769647 'Conceptual' 0.5250656062961278 2.7138421154514396
 4.966101694915253 55 4 6 15]
[3.1711511011332982 'Conceptual' 0.5250656062961278 2.7138421154514396
 5.135593220338983 55 4 6 16]
[4.233330585193185 'Conceptual' 0.5250656062961278 2.7138421154514396
 0.1694915254237288 55 4 6 17]
[2.8778702168259027 'Conceptual' 0.5250656062961278 2.7138421154514396
 5.745762711864407 55 4 6 18]
[4.204281115705715 'Conceptual' 0.5250656062961278 2.7138421154514396
 0.1694915254237288 55 4 6 19]
[0.0 'Conceptual' 0.5250656062961278 2.7138421154514396 0.0 55 4 7 0]
[3.49867109410129 'Conceptual' 0.5250656062961278 2.7138421154514396
 6.864406779661016 55 4 7 1]
[3.958958832997452 'Conceptual' 0.5250656062961278 2.7138421154514396
 6.186440677966101 55 4 7 2]
[3.5341926637843444 'Conceptual' 0.5250656062961278 2.7138421154514396
 6.491525423728813 55 4 7 3]
[3.7791982362643446 'Conceptual' 0.5250656062961278 2.7138421154514396
 1.847457627118644 55 4 7 4]
[3.630573002517755 'Conceptual' 0.5250656062961278 2.7138421154514396
 1.6779661016949152 55 4 7 5]
[3.3696469656813375 'Conceptual' 0.5250656062961278 2.7138421154514396
 6.322033898305084 55 4 7 6]
[3.25788092841686 'Conceptual' 0.5250656062961278 2.7138421154514396
 1.6101694915254237 55 4 7 7]
[3.080924181267577 'Conceptual' 0.5250656062961278 2.7138421154514396
 1.9491525423728813 55 4 7 8]
[4.0510167403273964 'Conceptual' 0.5250656062961278 2.7138421154514396
 0.38983050847457623 55 4 7 9]
[3.972263574495067 'Conceptual' 0.5250656062961278 2.7138421154514396
 0.7288135593220338 55 4 7 10]
[2.432412081673487 'Conceptual' 0.5250656062961278 2.7138421154514396
 1.9152542372881354 55 4 7 11]
[3.0054131462042295 'Conceptual' 0.5250656062961278 2.7138421154514396
 5.813559322033898 55 4 7 12]
[1.976086758388864 'Conceptual' 0.5250656062961278 2.7138421154514396
 1.0677966101694913 55 4 7 13]
[3.849197390707119 'Conceptual' 0.5250656062961278 2.7138421154514396
 10.169491525423728 55 4 7 14]
[2.904660353769647 'Conceptual' 0.5250656062961278 2.7138421154514396
 4.966101694915253 55 4 7 15]
[3.1711511011332982 'Conceptual' 0.5250656062961278 2.7138421154514396
 5.135593220338983 55 4 7 16]
[4.233330585193185 'Conceptual' 0.5250656062961278 2.7138421154514396
 0.1694915254237288 55 4 7 17]
[2.8778702168259027 'Conceptual' 0.5250656062961278 2.7138421154514396
 5.745762711864407 55 4 7 18]
[4.204281115705715 'Conceptual' 0.5250656062961278 2.7138421154514396
 0.1694915254237288 55 4 7 19]
[0.0 'Conceptual' 0.5250656062961278 2.7138421154514396 0.0 55 4 8 0]
[3.49867109410129 'Conceptual' 0.5250656062961278 2.7138421154514396
 6.864406779661016 55 4 8 1]
[3.958958832997452 'Conceptual' 0.5250656062961278 2.7138421154514396
 6.186440677966101 55 4 8 2]
[3.5341926637843444 'Conceptual' 0.5250656062961278 2.7138421154514396
 6.491525423728813 55 4 8 3]
[3.7791982362643446 'Conceptual' 0.5250656062961278 2.7138421154514396
 1.847457627118644 55 4 8 4]
[3.630573002517755 'Conceptual' 0.5250656062961278 2.7138421154514396
 1.6779661016949152 55 4 8 5]
[3.3696469656813375 'Conceptual' 0.5250656062961278 2.7138421154514396
 6.322033898305084 55 4 8 6]
[3.25788092841686 'Conceptual' 0.5250656062961278 2.7138421154514396
 1.6101694915254237 55 4 8 7]
[3.080924181267577 'Conceptual' 0.5250656062961278 2.7138421154514396
 1.9491525423728813 55 4 8 8]
[4.0510167403273964 'Conceptual' 0.5250656062961278 2.7138421154514396
 0.38983050847457623 55 4 8 9]
[3.972263574495067 'Conceptual' 0.5250656062961278 2.7138421154514396
 0.7288135593220338 55 4 8 10]
[2.432412081673487 'Conceptual' 0.5250656062961278 2.7138421154514396
 1.9152542372881354 55 4 8 11]
[3.0054131462042295 'Conceptual' 0.5250656062961278 2.7138421154514396
 5.813559322033898 55 4 8 12]
[1.976086758388864 'Conceptual' 0.5250656062961278 2.7138421154514396
 1.0677966101694913 55 4 8 13]
[3.849197390707119 'Conceptual' 0.5250656062961278 2.7138421154514396
 10.169491525423728 55 4 8 14]
[2.904660353769647 'Conceptual' 0.5250656062961278 2.7138421154514396
 4.966101694915253 55 4 8 15]
[3.1711511011332982 'Conceptual' 0.5250656062961278 2.7138421154514396
 5.135593220338983 55 4 8 16]
[4.233330585193185 'Conceptual' 0.5250656062961278 2.7138421154514396
 0.1694915254237288 55 4 8 17]
[2.8778702168259027 'Conceptual' 0.5250656062961278 2.7138421154514396
 5.745762711864407 55 4 8 18]
[4.204281115705715 'Conceptual' 0.5250656062961278 2.7138421154514396
 0.1694915254237288 55 4 8 19]
