[0.0 'Spatial' 0.11459848665724909 97.76497263287125 0.0 105 8 0 0]
[3.9583682394023665 'Spatial' 0.11459848665724909 97.76497263287125
 1.1016949152542372 105 8 0 1]
[3.8880201861722026 'Spatial' 0.11459848665724909 97.76497263287125
 0.6779661016949152 105 8 0 2]
[3.7096518878773135 'Spatial' 0.11459848665724909 97.76497263287125
 0.7288135593220338 105 8 0 3]
[3.5263702003784423 'Spatial' 0.11459848665724909 97.76497263287125
 3.542372881355932 105 8 0 4]
[2.484949982182472 'Spatial' 0.11459848665724909 97.76497263287125
 2.2033898305084745 105 8 0 5]
[1.7918561312228007 'Spatial' 0.11459848665724909 97.76497263287125
 1.5254237288135593 105 8 0 6]
[0.000629801633309997 'Spatial' 0.11459848665724909 97.76497263287125
 0.1694915254237288 105 8 0 7]
[1.9459915743116156 'Spatial' 0.11459848665724909 97.76497263287125
 1.3389830508474576 105 8 0 8]
[0.000629801633309997 'Spatial' 0.11459848665724909 97.76497263287125
 0.1694915254237288 105 8 0 9]
[0.000629801633309997 'Spatial' 0.11459848665724909 97.76497263287125
 0.1694915254237288 105 8 0 10]
[0.000629801633309997 'Spatial' 0.11459848665724909 97.76497263287125
 0.1694915254237288 105 8 0 11]
[0.000629801633309997 'Spatial' 0.11459848665724909 97.76497263287125
 0.1694915254237288 105 8 0 12]
[0.000629801633309997 'Spatial' 0.11459848665724909 97.76497263287125
 0.1694915254237288 105 8 0 13]
[0.000629801633309997 'Spatial' 0.11459848665724909 97.76497263287125
 0.1694915254237288 105 8 0 14]
[0.000629801633309997 'Spatial' 0.11459848665724909 97.76497263287125
 0.1694915254237288 105 8 0 15]
[0.000629801633309997 'Spatial' 0.11459848665724909 97.76497263287125
 0.1694915254237288 105 8 0 16]
[0.000629801633309997 'Spatial' 0.11459848665724909 97.76497263287125
 0.1694915254237288 105 8 0 17]
[0.000629801633309997 'Spatial' 0.11459848665724909 97.76497263287125
 0.1694915254237288 105 8 0 18]
[0.000629801633309997 'Spatial' 0.11459848665724909 97.76497263287125
 0.1694915254237288 105 8 0 19]
[0.0 'Spatial' 0.11459848665724909 97.76497263287125 0.0 105 8 1 0]
[3.9583682394023665 'Spatial' 0.11459848665724909 97.76497263287125
 1.1016949152542372 105 8 1 1]
[3.8880201861722026 'Spatial' 0.11459848665724909 97.76497263287125
 0.6779661016949152 105 8 1 2]
[3.7096518878773135 'Spatial' 0.11459848665724909 97.76497263287125
 0.7288135593220338 105 8 1 3]
[3.5263702003784423 'Spatial' 0.11459848665724909 97.76497263287125
 3.542372881355932 105 8 1 4]
[2.484949982182472 'Spatial' 0.11459848665724909 97.76497263287125
 2.2033898305084745 105 8 1 5]
[1.7918561312228007 'Spatial' 0.11459848665724909 97.76497263287125
 1.5254237288135593 105 8 1 6]
[0.000629801633309997 'Spatial' 0.11459848665724909 97.76497263287125
 0.1694915254237288 105 8 1 7]
[1.9459915743116156 'Spatial' 0.11459848665724909 97.76497263287125
 1.3389830508474576 105 8 1 8]
[0.000629801633309997 'Spatial' 0.11459848665724909 97.76497263287125
 0.1694915254237288 105 8 1 9]
[0.000629801633309997 'Spatial' 0.11459848665724909 97.76497263287125
 0.1694915254237288 105 8 1 10]
[0.000629801633309997 'Spatial' 0.11459848665724909 97.76497263287125
 0.1694915254237288 105 8 1 11]
[0.000629801633309997 'Spatial' 0.11459848665724909 97.76497263287125
 0.1694915254237288 105 8 1 12]
[0.000629801633309997 'Spatial' 0.11459848665724909 97.76497263287125
 0.1694915254237288 105 8 1 13]
[0.000629801633309997 'Spatial' 0.11459848665724909 97.76497263287125
 0.1694915254237288 105 8 1 14]
[0.000629801633309997 'Spatial' 0.11459848665724909 97.76497263287125
 0.1694915254237288 105 8 1 15]
[0.000629801633309997 'Spatial' 0.11459848665724909 97.76497263287125
 0.1694915254237288 105 8 1 16]
[0.000629801633309997 'Spatial' 0.11459848665724909 97.76497263287125
 0.1694915254237288 105 8 1 17]
[0.000629801633309997 'Spatial' 0.11459848665724909 97.76497263287125
 0.1694915254237288 105 8 1 18]
[0.000629801633309997 'Spatial' 0.11459848665724909 97.76497263287125
 0.1694915254237288 105 8 1 19]
[0.0 'Spatial' 0.11459848665724909 97.76497263287125 0.0 105 8 2 0]
[3.9583682394023665 'Spatial' 0.11459848665724909 97.76497263287125
 1.1016949152542372 105 8 2 1]
[3.8880201861722026 'Spatial' 0.11459848665724909 97.76497263287125
 0.6779661016949152 105 8 2 2]
[3.7096518878773135 'Spatial' 0.11459848665724909 97.76497263287125
 0.7288135593220338 105 8 2 3]
[3.5263702003784423 'Spatial' 0.11459848665724909 97.76497263287125
 3.542372881355932 105 8 2 4]
[2.484949982182472 'Spatial' 0.11459848665724909 97.76497263287125
 2.2033898305084745 105 8 2 5]
[1.7918561312228007 'Spatial' 0.11459848665724909 97.76497263287125
 1.5254237288135593 105 8 2 6]
[0.000629801633309997 'Spatial' 0.11459848665724909 97.76497263287125
 0.1694915254237288 105 8 2 7]
[1.9459915743116156 'Spatial' 0.11459848665724909 97.76497263287125
 1.3389830508474576 105 8 2 8]
[0.000629801633309997 'Spatial' 0.11459848665724909 97.76497263287125
 0.1694915254237288 105 8 2 9]
[0.000629801633309997 'Spatial' 0.11459848665724909 97.76497263287125
 0.1694915254237288 105 8 2 10]
[0.000629801633309997 'Spatial' 0.11459848665724909 97.76497263287125
 0.1694915254237288 105 8 2 11]
[0.000629801633309997 'Spatial' 0.11459848665724909 97.76497263287125
 0.1694915254237288 105 8 2 12]
[0.000629801633309997 'Spatial' 0.11459848665724909 97.76497263287125
 0.1694915254237288 105 8 2 13]
[0.000629801633309997 'Spatial' 0.11459848665724909 97.76497263287125
 0.1694915254237288 105 8 2 14]
[0.000629801633309997 'Spatial' 0.11459848665724909 97.76497263287125
 0.1694915254237288 105 8 2 15]
[0.000629801633309997 'Spatial' 0.11459848665724909 97.76497263287125
 0.1694915254237288 105 8 2 16]
[0.000629801633309997 'Spatial' 0.11459848665724909 97.76497263287125
 0.1694915254237288 105 8 2 17]
[0.000629801633309997 'Spatial' 0.11459848665724909 97.76497263287125
 0.1694915254237288 105 8 2 18]
[0.000629801633309997 'Spatial' 0.11459848665724909 97.76497263287125
 0.1694915254237288 105 8 2 19]
[0.0 'Spatial' 0.11459848665724909 97.76497263287125 0.0 105 8 3 0]
[3.9583682394023665 'Spatial' 0.11459848665724909 97.76497263287125
 1.1016949152542372 105 8 3 1]
[3.8880201861722026 'Spatial' 0.11459848665724909 97.76497263287125
 0.6779661016949152 105 8 3 2]
[3.7096518878773135 'Spatial' 0.11459848665724909 97.76497263287125
 0.7288135593220338 105 8 3 3]
[3.5263702003784423 'Spatial' 0.11459848665724909 97.76497263287125
 3.542372881355932 105 8 3 4]
[2.484949982182472 'Spatial' 0.11459848665724909 97.76497263287125
 2.2033898305084745 105 8 3 5]
[1.7918561312228007 'Spatial' 0.11459848665724909 97.76497263287125
 1.5254237288135593 105 8 3 6]
[0.000629801633309997 'Spatial' 0.11459848665724909 97.76497263287125
 0.1694915254237288 105 8 3 7]
[1.9459915743116156 'Spatial' 0.11459848665724909 97.76497263287125
 1.3389830508474576 105 8 3 8]
[0.000629801633309997 'Spatial' 0.11459848665724909 97.76497263287125
 0.1694915254237288 105 8 3 9]
[0.000629801633309997 'Spatial' 0.11459848665724909 97.76497263287125
 0.1694915254237288 105 8 3 10]
[0.000629801633309997 'Spatial' 0.11459848665724909 97.76497263287125
 0.1694915254237288 105 8 3 11]
[0.000629801633309997 'Spatial' 0.11459848665724909 97.76497263287125
 0.1694915254237288 105 8 3 12]
[0.000629801633309997 'Spatial' 0.11459848665724909 97.76497263287125
 0.1694915254237288 105 8 3 13]
[0.000629801633309997 'Spatial' 0.11459848665724909 97.76497263287125
 0.1694915254237288 105 8 3 14]
[0.000629801633309997 'Spatial' 0.11459848665724909 97.76497263287125
 0.1694915254237288 105 8 3 15]
[0.000629801633309997 'Spatial' 0.11459848665724909 97.76497263287125
 0.1694915254237288 105 8 3 16]
[0.000629801633309997 'Spatial' 0.11459848665724909 97.76497263287125
 0.1694915254237288 105 8 3 17]
[0.000629801633309997 'Spatial' 0.11459848665724909 97.76497263287125
 0.1694915254237288 105 8 3 18]
[0.000629801633309997 'Spatial' 0.11459848665724909 97.76497263287125
 0.1694915254237288 105 8 3 19]
[0.0 'Spatial' 0.11459848665724909 97.76497263287125 0.0 105 8 4 0]
[3.9583682394023665 'Spatial' 0.11459848665724909 97.76497263287125
 1.1016949152542372 105 8 4 1]
[3.8880201861722026 'Spatial' 0.11459848665724909 97.76497263287125
 0.6779661016949152 105 8 4 2]
[3.7096518878773135 'Spatial' 0.11459848665724909 97.76497263287125
 0.7288135593220338 105 8 4 3]
[3.5263702003784423 'Spatial' 0.11459848665724909 97.76497263287125
 3.542372881355932 105 8 4 4]
[2.484949982182472 'Spatial' 0.11459848665724909 97.76497263287125
 2.2033898305084745 105 8 4 5]
[1.7918561312228007 'Spatial' 0.11459848665724909 97.76497263287125
 1.5254237288135593 105 8 4 6]
[0.000629801633309997 'Spatial' 0.11459848665724909 97.76497263287125
 0.1694915254237288 105 8 4 7]
[1.9459915743116156 'Spatial' 0.11459848665724909 97.76497263287125
 1.3389830508474576 105 8 4 8]
[0.000629801633309997 'Spatial' 0.11459848665724909 97.76497263287125
 0.1694915254237288 105 8 4 9]
[0.000629801633309997 'Spatial' 0.11459848665724909 97.76497263287125
 0.1694915254237288 105 8 4 10]
[0.000629801633309997 'Spatial' 0.11459848665724909 97.76497263287125
 0.1694915254237288 105 8 4 11]
[0.000629801633309997 'Spatial' 0.11459848665724909 97.76497263287125
 0.1694915254237288 105 8 4 12]
[0.000629801633309997 'Spatial' 0.11459848665724909 97.76497263287125
 0.1694915254237288 105 8 4 13]
[0.000629801633309997 'Spatial' 0.11459848665724909 97.76497263287125
 0.1694915254237288 105 8 4 14]
[0.000629801633309997 'Spatial' 0.11459848665724909 97.76497263287125
 0.1694915254237288 105 8 4 15]
[0.000629801633309997 'Spatial' 0.11459848665724909 97.76497263287125
 0.1694915254237288 105 8 4 16]
[0.000629801633309997 'Spatial' 0.11459848665724909 97.76497263287125
 0.1694915254237288 105 8 4 17]
[0.000629801633309997 'Spatial' 0.11459848665724909 97.76497263287125
 0.1694915254237288 105 8 4 18]
[0.000629801633309997 'Spatial' 0.11459848665724909 97.76497263287125
 0.1694915254237288 105 8 4 19]
[0.0 'Spatial' 0.11459848665724909 97.76497263287125 0.0 105 8 5 0]
[3.9583682394023665 'Spatial' 0.11459848665724909 97.76497263287125
 1.1016949152542372 105 8 5 1]
[3.8880201861722026 'Spatial' 0.11459848665724909 97.76497263287125
 0.6779661016949152 105 8 5 2]
[3.7096518878773135 'Spatial' 0.11459848665724909 97.76497263287125
 0.7288135593220338 105 8 5 3]
[3.5263702003784423 'Spatial' 0.11459848665724909 97.76497263287125
 3.542372881355932 105 8 5 4]
[2.484949982182472 'Spatial' 0.11459848665724909 97.76497263287125
 2.2033898305084745 105 8 5 5]
[1.7918561312228007 'Spatial' 0.11459848665724909 97.76497263287125
 1.5254237288135593 105 8 5 6]
[0.000629801633309997 'Spatial' 0.11459848665724909 97.76497263287125
 0.1694915254237288 105 8 5 7]
[1.9459915743116156 'Spatial' 0.11459848665724909 97.76497263287125
 1.3389830508474576 105 8 5 8]
[0.000629801633309997 'Spatial' 0.11459848665724909 97.76497263287125
 0.1694915254237288 105 8 5 9]
[0.000629801633309997 'Spatial' 0.11459848665724909 97.76497263287125
 0.1694915254237288 105 8 5 10]
[0.000629801633309997 'Spatial' 0.11459848665724909 97.76497263287125
 0.1694915254237288 105 8 5 11]
[0.000629801633309997 'Spatial' 0.11459848665724909 97.76497263287125
 0.1694915254237288 105 8 5 12]
[0.000629801633309997 'Spatial' 0.11459848665724909 97.76497263287125
 0.1694915254237288 105 8 5 13]
[0.000629801633309997 'Spatial' 0.11459848665724909 97.76497263287125
 0.1694915254237288 105 8 5 14]
[0.000629801633309997 'Spatial' 0.11459848665724909 97.76497263287125
 0.1694915254237288 105 8 5 15]
[0.000629801633309997 'Spatial' 0.11459848665724909 97.76497263287125
 0.1694915254237288 105 8 5 16]
[0.000629801633309997 'Spatial' 0.11459848665724909 97.76497263287125
 0.1694915254237288 105 8 5 17]
[0.000629801633309997 'Spatial' 0.11459848665724909 97.76497263287125
 0.1694915254237288 105 8 5 18]
[0.000629801633309997 'Spatial' 0.11459848665724909 97.76497263287125
 0.1694915254237288 105 8 5 19]
[0.0 'Spatial' 0.11459848665724909 97.76497263287125 0.0 105 8 6 0]
[3.9583682394023665 'Spatial' 0.11459848665724909 97.76497263287125
 1.1016949152542372 105 8 6 1]
[3.8880201861722026 'Spatial' 0.11459848665724909 97.76497263287125
 0.6779661016949152 105 8 6 2]
[3.7096518878773135 'Spatial' 0.11459848665724909 97.76497263287125
 0.7288135593220338 105 8 6 3]
[3.5263702003784423 'Spatial' 0.11459848665724909 97.76497263287125
 3.542372881355932 105 8 6 4]
[2.484949982182472 'Spatial' 0.11459848665724909 97.76497263287125
 2.2033898305084745 105 8 6 5]
[1.7918561312228007 'Spatial' 0.11459848665724909 97.76497263287125
 1.5254237288135593 105 8 6 6]
[0.000629801633309997 'Spatial' 0.11459848665724909 97.76497263287125
 0.1694915254237288 105 8 6 7]
[1.9459915743116156 'Spatial' 0.11459848665724909 97.76497263287125
 1.3389830508474576 105 8 6 8]
[0.000629801633309997 'Spatial' 0.11459848665724909 97.76497263287125
 0.1694915254237288 105 8 6 9]
[0.000629801633309997 'Spatial' 0.11459848665724909 97.76497263287125
 0.1694915254237288 105 8 6 10]
[0.000629801633309997 'Spatial' 0.11459848665724909 97.76497263287125
 0.1694915254237288 105 8 6 11]
[0.000629801633309997 'Spatial' 0.11459848665724909 97.76497263287125
 0.1694915254237288 105 8 6 12]
[0.000629801633309997 'Spatial' 0.11459848665724909 97.76497263287125
 0.1694915254237288 105 8 6 13]
[0.000629801633309997 'Spatial' 0.11459848665724909 97.76497263287125
 0.1694915254237288 105 8 6 14]
[0.000629801633309997 'Spatial' 0.11459848665724909 97.76497263287125
 0.1694915254237288 105 8 6 15]
[0.000629801633309997 'Spatial' 0.11459848665724909 97.76497263287125
 0.1694915254237288 105 8 6 16]
[0.000629801633309997 'Spatial' 0.11459848665724909 97.76497263287125
 0.1694915254237288 105 8 6 17]
[0.000629801633309997 'Spatial' 0.11459848665724909 97.76497263287125
 0.1694915254237288 105 8 6 18]
[0.000629801633309997 'Spatial' 0.11459848665724909 97.76497263287125
 0.1694915254237288 105 8 6 19]
[0.0 'Spatial' 0.11459848665724909 97.76497263287125 0.0 105 8 7 0]
[3.9583682394023665 'Spatial' 0.11459848665724909 97.76497263287125
 1.1016949152542372 105 8 7 1]
[3.8880201861722026 'Spatial' 0.11459848665724909 97.76497263287125
 0.6779661016949152 105 8 7 2]
[3.7096518878773135 'Spatial' 0.11459848665724909 97.76497263287125
 0.7288135593220338 105 8 7 3]
[3.5263702003784423 'Spatial' 0.11459848665724909 97.76497263287125
 3.542372881355932 105 8 7 4]
[2.484949982182472 'Spatial' 0.11459848665724909 97.76497263287125
 2.2033898305084745 105 8 7 5]
[1.7918561312228007 'Spatial' 0.11459848665724909 97.76497263287125
 1.5254237288135593 105 8 7 6]
[0.000629801633309997 'Spatial' 0.11459848665724909 97.76497263287125
 0.1694915254237288 105 8 7 7]
[1.9459915743116156 'Spatial' 0.11459848665724909 97.76497263287125
 1.3389830508474576 105 8 7 8]
[0.000629801633309997 'Spatial' 0.11459848665724909 97.76497263287125
 0.1694915254237288 105 8 7 9]
[0.000629801633309997 'Spatial' 0.11459848665724909 97.76497263287125
 0.1694915254237288 105 8 7 10]
[0.000629801633309997 'Spatial' 0.11459848665724909 97.76497263287125
 0.1694915254237288 105 8 7 11]
[0.000629801633309997 'Spatial' 0.11459848665724909 97.76497263287125
 0.1694915254237288 105 8 7 12]
[0.000629801633309997 'Spatial' 0.11459848665724909 97.76497263287125
 0.1694915254237288 105 8 7 13]
[0.000629801633309997 'Spatial' 0.11459848665724909 97.76497263287125
 0.1694915254237288 105 8 7 14]
[0.000629801633309997 'Spatial' 0.11459848665724909 97.76497263287125
 0.1694915254237288 105 8 7 15]
[0.000629801633309997 'Spatial' 0.11459848665724909 97.76497263287125
 0.1694915254237288 105 8 7 16]
[0.000629801633309997 'Spatial' 0.11459848665724909 97.76497263287125
 0.1694915254237288 105 8 7 17]
[0.000629801633309997 'Spatial' 0.11459848665724909 97.76497263287125
 0.1694915254237288 105 8 7 18]
[0.000629801633309997 'Spatial' 0.11459848665724909 97.76497263287125
 0.1694915254237288 105 8 7 19]
