[0.0 'Conceptual' 0.24701624491706525 0.878661334896118 0.0 96 1 0 0]
[3.806279411349146 'Conceptual' 0.24701624491706525 0.878661334896118
 3.101694915254237 96 1 0 1]
[3.570395976764673 'Conceptual' 0.24701624491706525 0.878661334896118
 3.0338983050847457 96 1 0 2]
[3.125687957194492 'Conceptual' 0.24701624491706525 0.878661334896118
 4.576271186440678 96 1 0 3]
[4.078886021098364 'Conceptual' 0.24701624491706525 0.878661334896118
 10.169491525423728 96 1 0 4]
[3.848298934616518 'Conceptual' 0.24701624491706525 0.878661334896118
 1.694915254237288 96 1 0 5]
[4.001688764016149 'Conceptual' 0.24701624491706525 0.878661334896118
 9.203389830508476 96 1 0 6]
[4.049161447349902 'Conceptual' 0.24701624491706525 0.878661334896118
 0.1694915254237288 96 1 0 7]
[3.864287916939422 'Conceptual' 0.24701624491706525 0.878661334896118
 1.1016949152542372 96 1 0 8]
[4.014708013729066 'Conceptual' 0.24701624491706525 0.878661334896118
 0.1694915254237288 96 1 0 9]
[3.9974809982393498 'Conceptual' 0.24701624491706525 0.878661334896118
 0.1694915254237288 96 1 0 10]
[3.742667392649278 'Conceptual' 0.24701624491706525 0.878661334896118
 1.0677966101694913 96 1 0 11]
[3.9613795506753746 'Conceptual' 0.24701624491706525 0.878661334896118
 0.1694915254237288 96 1 0 12]
[4.1588830833596715 'Conceptual' 0.24701624491706525 0.878661334896118
 7.796610169491524 96 1 0 13]
[3.7206792001928073 'Conceptual' 0.24701624491706525 0.878661334896118
 4.915254237288135 96 1 0 14]
[3.937423861355545 'Conceptual' 0.24701624491706525 0.878661334896118
 0.1694915254237288 96 1 0 15]
[3.9569503670928 'Conceptual' 0.24701624491706525 0.878661334896118
 1.6779661016949152 96 1 0 16]
[3.5808694123747262 'Conceptual' 0.24701624491706525 0.878661334896118
 1.0677966101694913 96 1 0 17]
[4.034183505265059 'Conceptual' 0.24701624491706525 0.878661334896118
 1.7457627118644066 96 1 0 18]
[3.6807912021242797 'Conceptual' 0.24701624491706525 0.878661334896118
 0.8305084745762711 96 1 0 19]
[0.0 'Conceptual' 0.24701624491706525 0.878661334896118 0.0 96 1 2 0]
[3.806279411349146 'Conceptual' 0.24701624491706525 0.878661334896118
 3.101694915254237 96 1 2 1]
[3.570395976764673 'Conceptual' 0.24701624491706525 0.878661334896118
 3.0338983050847457 96 1 2 2]
[3.125687957194492 'Conceptual' 0.24701624491706525 0.878661334896118
 4.576271186440678 96 1 2 3]
[4.078886021098364 'Conceptual' 0.24701624491706525 0.878661334896118
 10.169491525423728 96 1 2 4]
[3.848298934616518 'Conceptual' 0.24701624491706525 0.878661334896118
 1.694915254237288 96 1 2 5]
[4.001688764016149 'Conceptual' 0.24701624491706525 0.878661334896118
 9.203389830508476 96 1 2 6]
[4.049161447349902 'Conceptual' 0.24701624491706525 0.878661334896118
 0.1694915254237288 96 1 2 7]
[3.864287916939422 'Conceptual' 0.24701624491706525 0.878661334896118
 1.1016949152542372 96 1 2 8]
[4.014708013729066 'Conceptual' 0.24701624491706525 0.878661334896118
 0.1694915254237288 96 1 2 9]
[3.9974809982393498 'Conceptual' 0.24701624491706525 0.878661334896118
 0.1694915254237288 96 1 2 10]
[3.742667392649278 'Conceptual' 0.24701624491706525 0.878661334896118
 1.0677966101694913 96 1 2 11]
[3.9613795506753746 'Conceptual' 0.24701624491706525 0.878661334896118
 0.1694915254237288 96 1 2 12]
[4.1588830833596715 'Conceptual' 0.24701624491706525 0.878661334896118
 7.796610169491524 96 1 2 13]
[3.7206792001928073 'Conceptual' 0.24701624491706525 0.878661334896118
 4.915254237288135 96 1 2 14]
[3.937423861355545 'Conceptual' 0.24701624491706525 0.878661334896118
 0.1694915254237288 96 1 2 15]
[3.9569503670928 'Conceptual' 0.24701624491706525 0.878661334896118
 1.6779661016949152 96 1 2 16]
[3.5808694123747262 'Conceptual' 0.24701624491706525 0.878661334896118
 1.0677966101694913 96 1 2 17]
[4.034183505265059 'Conceptual' 0.24701624491706525 0.878661334896118
 1.7457627118644066 96 1 2 18]
[3.6807912021242797 'Conceptual' 0.24701624491706525 0.878661334896118
 0.8305084745762711 96 1 2 19]
[0.0 'Conceptual' 0.24701624491706525 0.878661334896118 0.0 96 1 3 0]
[3.806279411349146 'Conceptual' 0.24701624491706525 0.878661334896118
 3.101694915254237 96 1 3 1]
[3.570395976764673 'Conceptual' 0.24701624491706525 0.878661334896118
 3.0338983050847457 96 1 3 2]
[3.125687957194492 'Conceptual' 0.24701624491706525 0.878661334896118
 4.576271186440678 96 1 3 3]
[4.078886021098364 'Conceptual' 0.24701624491706525 0.878661334896118
 10.169491525423728 96 1 3 4]
[3.848298934616518 'Conceptual' 0.24701624491706525 0.878661334896118
 1.694915254237288 96 1 3 5]
[4.001688764016149 'Conceptual' 0.24701624491706525 0.878661334896118
 9.203389830508476 96 1 3 6]
[4.049161447349902 'Conceptual' 0.24701624491706525 0.878661334896118
 0.1694915254237288 96 1 3 7]
[3.864287916939422 'Conceptual' 0.24701624491706525 0.878661334896118
 1.1016949152542372 96 1 3 8]
[4.014708013729066 'Conceptual' 0.24701624491706525 0.878661334896118
 0.1694915254237288 96 1 3 9]
[3.9974809982393498 'Conceptual' 0.24701624491706525 0.878661334896118
 0.1694915254237288 96 1 3 10]
[3.742667392649278 'Conceptual' 0.24701624491706525 0.878661334896118
 1.0677966101694913 96 1 3 11]
[3.9613795506753746 'Conceptual' 0.24701624491706525 0.878661334896118
 0.1694915254237288 96 1 3 12]
[4.1588830833596715 'Conceptual' 0.24701624491706525 0.878661334896118
 7.796610169491524 96 1 3 13]
[3.7206792001928073 'Conceptual' 0.24701624491706525 0.878661334896118
 4.915254237288135 96 1 3 14]
[3.937423861355545 'Conceptual' 0.24701624491706525 0.878661334896118
 0.1694915254237288 96 1 3 15]
[3.9569503670928 'Conceptual' 0.24701624491706525 0.878661334896118
 1.6779661016949152 96 1 3 16]
[3.5808694123747262 'Conceptual' 0.24701624491706525 0.878661334896118
 1.0677966101694913 96 1 3 17]
[4.034183505265059 'Conceptual' 0.24701624491706525 0.878661334896118
 1.7457627118644066 96 1 3 18]
[3.6807912021242797 'Conceptual' 0.24701624491706525 0.878661334896118
 0.8305084745762711 96 1 3 19]
[0.0 'Conceptual' 0.24701624491706525 0.878661334896118 0.0 96 1 4 0]
[3.806279411349146 'Conceptual' 0.24701624491706525 0.878661334896118
 3.101694915254237 96 1 4 1]
[3.570395976764673 'Conceptual' 0.24701624491706525 0.878661334896118
 3.0338983050847457 96 1 4 2]
[3.125687957194492 'Conceptual' 0.24701624491706525 0.878661334896118
 4.576271186440678 96 1 4 3]
[4.078886021098364 'Conceptual' 0.24701624491706525 0.878661334896118
 10.169491525423728 96 1 4 4]
[3.848298934616518 'Conceptual' 0.24701624491706525 0.878661334896118
 1.694915254237288 96 1 4 5]
[4.001688764016149 'Conceptual' 0.24701624491706525 0.878661334896118
 9.203389830508476 96 1 4 6]
[4.049161447349902 'Conceptual' 0.24701624491706525 0.878661334896118
 0.1694915254237288 96 1 4 7]
[3.864287916939422 'Conceptual' 0.24701624491706525 0.878661334896118
 1.1016949152542372 96 1 4 8]
[4.014708013729066 'Conceptual' 0.24701624491706525 0.878661334896118
 0.1694915254237288 96 1 4 9]
[3.9974809982393498 'Conceptual' 0.24701624491706525 0.878661334896118
 0.1694915254237288 96 1 4 10]
[3.742667392649278 'Conceptual' 0.24701624491706525 0.878661334896118
 1.0677966101694913 96 1 4 11]
[3.9613795506753746 'Conceptual' 0.24701624491706525 0.878661334896118
 0.1694915254237288 96 1 4 12]
[4.1588830833596715 'Conceptual' 0.24701624491706525 0.878661334896118
 7.796610169491524 96 1 4 13]
[3.7206792001928073 'Conceptual' 0.24701624491706525 0.878661334896118
 4.915254237288135 96 1 4 14]
[3.937423861355545 'Conceptual' 0.24701624491706525 0.878661334896118
 0.1694915254237288 96 1 4 15]
[3.9569503670928 'Conceptual' 0.24701624491706525 0.878661334896118
 1.6779661016949152 96 1 4 16]
[3.5808694123747262 'Conceptual' 0.24701624491706525 0.878661334896118
 1.0677966101694913 96 1 4 17]
[4.034183505265059 'Conceptual' 0.24701624491706525 0.878661334896118
 1.7457627118644066 96 1 4 18]
[3.6807912021242797 'Conceptual' 0.24701624491706525 0.878661334896118
 0.8305084745762711 96 1 4 19]
[0.0 'Conceptual' 0.24701624491706525 0.878661334896118 0.0 96 1 5 0]
[3.806279411349146 'Conceptual' 0.24701624491706525 0.878661334896118
 3.101694915254237 96 1 5 1]
[3.570395976764673 'Conceptual' 0.24701624491706525 0.878661334896118
 3.0338983050847457 96 1 5 2]
[3.125687957194492 'Conceptual' 0.24701624491706525 0.878661334896118
 4.576271186440678 96 1 5 3]
[4.078886021098364 'Conceptual' 0.24701624491706525 0.878661334896118
 10.169491525423728 96 1 5 4]
[3.848298934616518 'Conceptual' 0.24701624491706525 0.878661334896118
 1.694915254237288 96 1 5 5]
[4.001688764016149 'Conceptual' 0.24701624491706525 0.878661334896118
 9.203389830508476 96 1 5 6]
[4.049161447349902 'Conceptual' 0.24701624491706525 0.878661334896118
 0.1694915254237288 96 1 5 7]
[3.864287916939422 'Conceptual' 0.24701624491706525 0.878661334896118
 1.1016949152542372 96 1 5 8]
[4.014708013729066 'Conceptual' 0.24701624491706525 0.878661334896118
 0.1694915254237288 96 1 5 9]
[3.9974809982393498 'Conceptual' 0.24701624491706525 0.878661334896118
 0.1694915254237288 96 1 5 10]
[3.742667392649278 'Conceptual' 0.24701624491706525 0.878661334896118
 1.0677966101694913 96 1 5 11]
[3.9613795506753746 'Conceptual' 0.24701624491706525 0.878661334896118
 0.1694915254237288 96 1 5 12]
[4.1588830833596715 'Conceptual' 0.24701624491706525 0.878661334896118
 7.796610169491524 96 1 5 13]
[3.7206792001928073 'Conceptual' 0.24701624491706525 0.878661334896118
 4.915254237288135 96 1 5 14]
[3.937423861355545 'Conceptual' 0.24701624491706525 0.878661334896118
 0.1694915254237288 96 1 5 15]
[3.9569503670928 'Conceptual' 0.24701624491706525 0.878661334896118
 1.6779661016949152 96 1 5 16]
[3.5808694123747262 'Conceptual' 0.24701624491706525 0.878661334896118
 1.0677966101694913 96 1 5 17]
[4.034183505265059 'Conceptual' 0.24701624491706525 0.878661334896118
 1.7457627118644066 96 1 5 18]
[3.6807912021242797 'Conceptual' 0.24701624491706525 0.878661334896118
 0.8305084745762711 96 1 5 19]
[0.0 'Conceptual' 0.24701624491706525 0.878661334896118 0.0 96 1 6 0]
[3.806279411349146 'Conceptual' 0.24701624491706525 0.878661334896118
 3.101694915254237 96 1 6 1]
[3.570395976764673 'Conceptual' 0.24701624491706525 0.878661334896118
 3.0338983050847457 96 1 6 2]
[3.125687957194492 'Conceptual' 0.24701624491706525 0.878661334896118
 4.576271186440678 96 1 6 3]
[4.078886021098364 'Conceptual' 0.24701624491706525 0.878661334896118
 10.169491525423728 96 1 6 4]
[3.848298934616518 'Conceptual' 0.24701624491706525 0.878661334896118
 1.694915254237288 96 1 6 5]
[4.001688764016149 'Conceptual' 0.24701624491706525 0.878661334896118
 9.203389830508476 96 1 6 6]
[4.049161447349902 'Conceptual' 0.24701624491706525 0.878661334896118
 0.1694915254237288 96 1 6 7]
[3.864287916939422 'Conceptual' 0.24701624491706525 0.878661334896118
 1.1016949152542372 96 1 6 8]
[4.014708013729066 'Conceptual' 0.24701624491706525 0.878661334896118
 0.1694915254237288 96 1 6 9]
[3.9974809982393498 'Conceptual' 0.24701624491706525 0.878661334896118
 0.1694915254237288 96 1 6 10]
[3.742667392649278 'Conceptual' 0.24701624491706525 0.878661334896118
 1.0677966101694913 96 1 6 11]
[3.9613795506753746 'Conceptual' 0.24701624491706525 0.878661334896118
 0.1694915254237288 96 1 6 12]
[4.1588830833596715 'Conceptual' 0.24701624491706525 0.878661334896118
 7.796610169491524 96 1 6 13]
[3.7206792001928073 'Conceptual' 0.24701624491706525 0.878661334896118
 4.915254237288135 96 1 6 14]
[3.937423861355545 'Conceptual' 0.24701624491706525 0.878661334896118
 0.1694915254237288 96 1 6 15]
[3.9569503670928 'Conceptual' 0.24701624491706525 0.878661334896118
 1.6779661016949152 96 1 6 16]
[3.5808694123747262 'Conceptual' 0.24701624491706525 0.878661334896118
 1.0677966101694913 96 1 6 17]
[4.034183505265059 'Conceptual' 0.24701624491706525 0.878661334896118
 1.7457627118644066 96 1 6 18]
[3.6807912021242797 'Conceptual' 0.24701624491706525 0.878661334896118
 0.8305084745762711 96 1 6 19]
[0.0 'Conceptual' 0.24701624491706525 0.878661334896118 0.0 96 1 7 0]
[3.806279411349146 'Conceptual' 0.24701624491706525 0.878661334896118
 3.101694915254237 96 1 7 1]
[3.570395976764673 'Conceptual' 0.24701624491706525 0.878661334896118
 3.0338983050847457 96 1 7 2]
[3.125687957194492 'Conceptual' 0.24701624491706525 0.878661334896118
 4.576271186440678 96 1 7 3]
[4.078886021098364 'Conceptual' 0.24701624491706525 0.878661334896118
 10.169491525423728 96 1 7 4]
[3.848298934616518 'Conceptual' 0.24701624491706525 0.878661334896118
 1.694915254237288 96 1 7 5]
[4.001688764016149 'Conceptual' 0.24701624491706525 0.878661334896118
 9.203389830508476 96 1 7 6]
[4.049161447349902 'Conceptual' 0.24701624491706525 0.878661334896118
 0.1694915254237288 96 1 7 7]
[3.864287916939422 'Conceptual' 0.24701624491706525 0.878661334896118
 1.1016949152542372 96 1 7 8]
[4.014708013729066 'Conceptual' 0.24701624491706525 0.878661334896118
 0.1694915254237288 96 1 7 9]
[3.9974809982393498 'Conceptual' 0.24701624491706525 0.878661334896118
 0.1694915254237288 96 1 7 10]
[3.742667392649278 'Conceptual' 0.24701624491706525 0.878661334896118
 1.0677966101694913 96 1 7 11]
[3.9613795506753746 'Conceptual' 0.24701624491706525 0.878661334896118
 0.1694915254237288 96 1 7 12]
[4.1588830833596715 'Conceptual' 0.24701624491706525 0.878661334896118
 7.796610169491524 96 1 7 13]
[3.7206792001928073 'Conceptual' 0.24701624491706525 0.878661334896118
 4.915254237288135 96 1 7 14]
[3.937423861355545 'Conceptual' 0.24701624491706525 0.878661334896118
 0.1694915254237288 96 1 7 15]
[3.9569503670928 'Conceptual' 0.24701624491706525 0.878661334896118
 1.6779661016949152 96 1 7 16]
[3.5808694123747262 'Conceptual' 0.24701624491706525 0.878661334896118
 1.0677966101694913 96 1 7 17]
[4.034183505265059 'Conceptual' 0.24701624491706525 0.878661334896118
 1.7457627118644066 96 1 7 18]
[3.6807912021242797 'Conceptual' 0.24701624491706525 0.878661334896118
 0.8305084745762711 96 1 7 19]
[0.0 'Conceptual' 0.24701624491706525 0.878661334896118 0.0 96 1 8 0]
[3.806279411349146 'Conceptual' 0.24701624491706525 0.878661334896118
 3.101694915254237 96 1 8 1]
[3.570395976764673 'Conceptual' 0.24701624491706525 0.878661334896118
 3.0338983050847457 96 1 8 2]
[3.125687957194492 'Conceptual' 0.24701624491706525 0.878661334896118
 4.576271186440678 96 1 8 3]
[4.078886021098364 'Conceptual' 0.24701624491706525 0.878661334896118
 10.169491525423728 96 1 8 4]
[3.848298934616518 'Conceptual' 0.24701624491706525 0.878661334896118
 1.694915254237288 96 1 8 5]
[4.001688764016149 'Conceptual' 0.24701624491706525 0.878661334896118
 9.203389830508476 96 1 8 6]
[4.049161447349902 'Conceptual' 0.24701624491706525 0.878661334896118
 0.1694915254237288 96 1 8 7]
[3.864287916939422 'Conceptual' 0.24701624491706525 0.878661334896118
 1.1016949152542372 96 1 8 8]
[4.014708013729066 'Conceptual' 0.24701624491706525 0.878661334896118
 0.1694915254237288 96 1 8 9]
[3.9974809982393498 'Conceptual' 0.24701624491706525 0.878661334896118
 0.1694915254237288 96 1 8 10]
[3.742667392649278 'Conceptual' 0.24701624491706525 0.878661334896118
 1.0677966101694913 96 1 8 11]
[3.9613795506753746 'Conceptual' 0.24701624491706525 0.878661334896118
 0.1694915254237288 96 1 8 12]
[4.1588830833596715 'Conceptual' 0.24701624491706525 0.878661334896118
 7.796610169491524 96 1 8 13]
[3.7206792001928073 'Conceptual' 0.24701624491706525 0.878661334896118
 4.915254237288135 96 1 8 14]
[3.937423861355545 'Conceptual' 0.24701624491706525 0.878661334896118
 0.1694915254237288 96 1 8 15]
[3.9569503670928 'Conceptual' 0.24701624491706525 0.878661334896118
 1.6779661016949152 96 1 8 16]
[3.5808694123747262 'Conceptual' 0.24701624491706525 0.878661334896118
 1.0677966101694913 96 1 8 17]
[4.034183505265059 'Conceptual' 0.24701624491706525 0.878661334896118
 1.7457627118644066 96 1 8 18]
[3.6807912021242797 'Conceptual' 0.24701624491706525 0.878661334896118
 0.8305084745762711 96 1 8 19]
