[0.0 'Spatial' 0.05898231976106376 0.4109852631951803 0.0 36 8 0 0]
[3.94745638491865 'Spatial' 0.05898231976106376 0.4109852631951803
 1.7796610169491525 36 8 0 1]
[3.6939726364487995 'Spatial' 0.05898231976106376 0.4109852631951803
 2.0338983050847457 36 8 0 2]
[2.6167115803847083 'Spatial' 0.05898231976106376 0.4109852631951803
 1.7796610169491525 36 8 0 3]
[1.7041044201415514 'Spatial' 0.05898231976106376 0.4109852631951803
 1.1016949152542372 36 8 0 4]
[2.2237920695650857 'Spatial' 0.05898231976106376 0.4109852631951803
 5.576271186440677 36 8 0 5]
[2.8012970276143587 'Spatial' 0.05898231976106376 0.4109852631951803
 7.271186440677965 36 8 0 6]
[4.152092745810057 'Spatial' 0.05898231976106376 0.4109852631951803
 0.1694915254237288 36 8 0 7]
[1.3904418914741545 'Spatial' 0.05898231976106376 0.4109852631951803
 3.7796610169491522 36 8 0 8]
[1.8431010063303386 'Spatial' 0.05898231976106376 0.4109852631951803
 5.847457627118643 36 8 0 9]
[2.9247391537969847 'Spatial' 0.05898231976106376 0.4109852631951803
 8.796610169491524 36 8 0 10]
[3.5331463870794164 'Spatial' 0.05898231976106376 0.4109852631951803
 10.169491525423728 36 8 0 11]
[3.380672348448306 'Spatial' 0.05898231976106376 0.4109852631951803
 10.169491525423728 36 8 0 12]
[4.1896980665594095 'Spatial' 0.05898231976106376 0.4109852631951803
 10.169491525423728 36 8 0 13]
[2.7169370063876186 'Spatial' 0.05898231976106376 0.4109852631951803
 9.372881355932204 36 8 0 14]
[9.132215303014739 'Spatial' 0.05898231976106376 0.4109852631951803
 10.169491525423728 36 8 0 15]
[3.5959653441987625 'Spatial' 0.05898231976106376 0.4109852631951803
 10.169491525423728 36 8 0 16]
[0.0216735590112695 'Spatial' 0.05898231976106376 0.4109852631951803
 2.084745762711864 36 8 0 17]
[0.3178307708625926 'Spatial' 0.05898231976106376 0.4109852631951803
 0.1694915254237288 36 8 0 18]
[3.746752208024225 'Spatial' 0.05898231976106376 0.4109852631951803
 10.169491525423728 36 8 0 19]
[0.0 'Spatial' 0.05898231976106376 0.4109852631951803 0.0 36 8 1 0]
[3.94745638491865 'Spatial' 0.05898231976106376 0.4109852631951803
 1.7796610169491525 36 8 1 1]
[3.6939726364487995 'Spatial' 0.05898231976106376 0.4109852631951803
 2.0338983050847457 36 8 1 2]
[2.6167115803847083 'Spatial' 0.05898231976106376 0.4109852631951803
 1.7796610169491525 36 8 1 3]
[1.7041044201415514 'Spatial' 0.05898231976106376 0.4109852631951803
 1.1016949152542372 36 8 1 4]
[2.2237920695650857 'Spatial' 0.05898231976106376 0.4109852631951803
 5.576271186440677 36 8 1 5]
[2.8012970276143587 'Spatial' 0.05898231976106376 0.4109852631951803
 7.271186440677965 36 8 1 6]
[4.152092745810057 'Spatial' 0.05898231976106376 0.4109852631951803
 0.1694915254237288 36 8 1 7]
[1.3904418914741545 'Spatial' 0.05898231976106376 0.4109852631951803
 3.7796610169491522 36 8 1 8]
[1.8431010063303386 'Spatial' 0.05898231976106376 0.4109852631951803
 5.847457627118643 36 8 1 9]
[2.9247391537969847 'Spatial' 0.05898231976106376 0.4109852631951803
 8.796610169491524 36 8 1 10]
[3.5331463870794164 'Spatial' 0.05898231976106376 0.4109852631951803
 10.169491525423728 36 8 1 11]
[3.380672348448306 'Spatial' 0.05898231976106376 0.4109852631951803
 10.169491525423728 36 8 1 12]
[4.1896980665594095 'Spatial' 0.05898231976106376 0.4109852631951803
 10.169491525423728 36 8 1 13]
[2.7169370063876186 'Spatial' 0.05898231976106376 0.4109852631951803
 9.372881355932204 36 8 1 14]
[9.132215303014739 'Spatial' 0.05898231976106376 0.4109852631951803
 10.169491525423728 36 8 1 15]
[3.5959653441987625 'Spatial' 0.05898231976106376 0.4109852631951803
 10.169491525423728 36 8 1 16]
[0.0216735590112695 'Spatial' 0.05898231976106376 0.4109852631951803
 2.084745762711864 36 8 1 17]
[0.3178307708625926 'Spatial' 0.05898231976106376 0.4109852631951803
 0.1694915254237288 36 8 1 18]
[3.746752208024225 'Spatial' 0.05898231976106376 0.4109852631951803
 10.169491525423728 36 8 1 19]
[0.0 'Spatial' 0.05898231976106376 0.4109852631951803 0.0 36 8 2 0]
[3.94745638491865 'Spatial' 0.05898231976106376 0.4109852631951803
 1.7796610169491525 36 8 2 1]
[3.6939726364487995 'Spatial' 0.05898231976106376 0.4109852631951803
 2.0338983050847457 36 8 2 2]
[2.6167115803847083 'Spatial' 0.05898231976106376 0.4109852631951803
 1.7796610169491525 36 8 2 3]
[1.7041044201415514 'Spatial' 0.05898231976106376 0.4109852631951803
 1.1016949152542372 36 8 2 4]
[2.2237920695650857 'Spatial' 0.05898231976106376 0.4109852631951803
 5.576271186440677 36 8 2 5]
[2.8012970276143587 'Spatial' 0.05898231976106376 0.4109852631951803
 7.271186440677965 36 8 2 6]
[4.152092745810057 'Spatial' 0.05898231976106376 0.4109852631951803
 0.1694915254237288 36 8 2 7]
[1.3904418914741545 'Spatial' 0.05898231976106376 0.4109852631951803
 3.7796610169491522 36 8 2 8]
[1.8431010063303386 'Spatial' 0.05898231976106376 0.4109852631951803
 5.847457627118643 36 8 2 9]
[2.9247391537969847 'Spatial' 0.05898231976106376 0.4109852631951803
 8.796610169491524 36 8 2 10]
[3.5331463870794164 'Spatial' 0.05898231976106376 0.4109852631951803
 10.169491525423728 36 8 2 11]
[3.380672348448306 'Spatial' 0.05898231976106376 0.4109852631951803
 10.169491525423728 36 8 2 12]
[4.1896980665594095 'Spatial' 0.05898231976106376 0.4109852631951803
 10.169491525423728 36 8 2 13]
[2.7169370063876186 'Spatial' 0.05898231976106376 0.4109852631951803
 9.372881355932204 36 8 2 14]
[9.132215303014739 'Spatial' 0.05898231976106376 0.4109852631951803
 10.169491525423728 36 8 2 15]
[3.5959653441987625 'Spatial' 0.05898231976106376 0.4109852631951803
 10.169491525423728 36 8 2 16]
[0.0216735590112695 'Spatial' 0.05898231976106376 0.4109852631951803
 2.084745762711864 36 8 2 17]
[0.3178307708625926 'Spatial' 0.05898231976106376 0.4109852631951803
 0.1694915254237288 36 8 2 18]
[3.746752208024225 'Spatial' 0.05898231976106376 0.4109852631951803
 10.169491525423728 36 8 2 19]
[0.0 'Spatial' 0.05898231976106376 0.4109852631951803 0.0 36 8 3 0]
[3.94745638491865 'Spatial' 0.05898231976106376 0.4109852631951803
 1.7796610169491525 36 8 3 1]
[3.6939726364487995 'Spatial' 0.05898231976106376 0.4109852631951803
 2.0338983050847457 36 8 3 2]
[2.6167115803847083 'Spatial' 0.05898231976106376 0.4109852631951803
 1.7796610169491525 36 8 3 3]
[1.7041044201415514 'Spatial' 0.05898231976106376 0.4109852631951803
 1.1016949152542372 36 8 3 4]
[2.2237920695650857 'Spatial' 0.05898231976106376 0.4109852631951803
 5.576271186440677 36 8 3 5]
[2.8012970276143587 'Spatial' 0.05898231976106376 0.4109852631951803
 7.271186440677965 36 8 3 6]
[4.152092745810057 'Spatial' 0.05898231976106376 0.4109852631951803
 0.1694915254237288 36 8 3 7]
[1.3904418914741545 'Spatial' 0.05898231976106376 0.4109852631951803
 3.7796610169491522 36 8 3 8]
[1.8431010063303386 'Spatial' 0.05898231976106376 0.4109852631951803
 5.847457627118643 36 8 3 9]
[2.9247391537969847 'Spatial' 0.05898231976106376 0.4109852631951803
 8.796610169491524 36 8 3 10]
[3.5331463870794164 'Spatial' 0.05898231976106376 0.4109852631951803
 10.169491525423728 36 8 3 11]
[3.380672348448306 'Spatial' 0.05898231976106376 0.4109852631951803
 10.169491525423728 36 8 3 12]
[4.1896980665594095 'Spatial' 0.05898231976106376 0.4109852631951803
 10.169491525423728 36 8 3 13]
[2.7169370063876186 'Spatial' 0.05898231976106376 0.4109852631951803
 9.372881355932204 36 8 3 14]
[9.132215303014739 'Spatial' 0.05898231976106376 0.4109852631951803
 10.169491525423728 36 8 3 15]
[3.5959653441987625 'Spatial' 0.05898231976106376 0.4109852631951803
 10.169491525423728 36 8 3 16]
[0.0216735590112695 'Spatial' 0.05898231976106376 0.4109852631951803
 2.084745762711864 36 8 3 17]
[0.3178307708625926 'Spatial' 0.05898231976106376 0.4109852631951803
 0.1694915254237288 36 8 3 18]
[3.746752208024225 'Spatial' 0.05898231976106376 0.4109852631951803
 10.169491525423728 36 8 3 19]
[0.0 'Spatial' 0.05898231976106376 0.4109852631951803 0.0 36 8 4 0]
[3.94745638491865 'Spatial' 0.05898231976106376 0.4109852631951803
 1.7796610169491525 36 8 4 1]
[3.6939726364487995 'Spatial' 0.05898231976106376 0.4109852631951803
 2.0338983050847457 36 8 4 2]
[2.6167115803847083 'Spatial' 0.05898231976106376 0.4109852631951803
 1.7796610169491525 36 8 4 3]
[1.7041044201415514 'Spatial' 0.05898231976106376 0.4109852631951803
 1.1016949152542372 36 8 4 4]
[2.2237920695650857 'Spatial' 0.05898231976106376 0.4109852631951803
 5.576271186440677 36 8 4 5]
[2.8012970276143587 'Spatial' 0.05898231976106376 0.4109852631951803
 7.271186440677965 36 8 4 6]
[4.152092745810057 'Spatial' 0.05898231976106376 0.4109852631951803
 0.1694915254237288 36 8 4 7]
[1.3904418914741545 'Spatial' 0.05898231976106376 0.4109852631951803
 3.7796610169491522 36 8 4 8]
[1.8431010063303386 'Spatial' 0.05898231976106376 0.4109852631951803
 5.847457627118643 36 8 4 9]
[2.9247391537969847 'Spatial' 0.05898231976106376 0.4109852631951803
 8.796610169491524 36 8 4 10]
[3.5331463870794164 'Spatial' 0.05898231976106376 0.4109852631951803
 10.169491525423728 36 8 4 11]
[3.380672348448306 'Spatial' 0.05898231976106376 0.4109852631951803
 10.169491525423728 36 8 4 12]
[4.1896980665594095 'Spatial' 0.05898231976106376 0.4109852631951803
 10.169491525423728 36 8 4 13]
[2.7169370063876186 'Spatial' 0.05898231976106376 0.4109852631951803
 9.372881355932204 36 8 4 14]
[9.132215303014739 'Spatial' 0.05898231976106376 0.4109852631951803
 10.169491525423728 36 8 4 15]
[3.5959653441987625 'Spatial' 0.05898231976106376 0.4109852631951803
 10.169491525423728 36 8 4 16]
[0.0216735590112695 'Spatial' 0.05898231976106376 0.4109852631951803
 2.084745762711864 36 8 4 17]
[0.3178307708625926 'Spatial' 0.05898231976106376 0.4109852631951803
 0.1694915254237288 36 8 4 18]
[3.746752208024225 'Spatial' 0.05898231976106376 0.4109852631951803
 10.169491525423728 36 8 4 19]
[0.0 'Spatial' 0.05898231976106376 0.4109852631951803 0.0 36 8 5 0]
[3.94745638491865 'Spatial' 0.05898231976106376 0.4109852631951803
 1.7796610169491525 36 8 5 1]
[3.6939726364487995 'Spatial' 0.05898231976106376 0.4109852631951803
 2.0338983050847457 36 8 5 2]
[2.6167115803847083 'Spatial' 0.05898231976106376 0.4109852631951803
 1.7796610169491525 36 8 5 3]
[1.7041044201415514 'Spatial' 0.05898231976106376 0.4109852631951803
 1.1016949152542372 36 8 5 4]
[2.2237920695650857 'Spatial' 0.05898231976106376 0.4109852631951803
 5.576271186440677 36 8 5 5]
[2.8012970276143587 'Spatial' 0.05898231976106376 0.4109852631951803
 7.271186440677965 36 8 5 6]
[4.152092745810057 'Spatial' 0.05898231976106376 0.4109852631951803
 0.1694915254237288 36 8 5 7]
[1.3904418914741545 'Spatial' 0.05898231976106376 0.4109852631951803
 3.7796610169491522 36 8 5 8]
[1.8431010063303386 'Spatial' 0.05898231976106376 0.4109852631951803
 5.847457627118643 36 8 5 9]
[2.9247391537969847 'Spatial' 0.05898231976106376 0.4109852631951803
 8.796610169491524 36 8 5 10]
[3.5331463870794164 'Spatial' 0.05898231976106376 0.4109852631951803
 10.169491525423728 36 8 5 11]
[3.380672348448306 'Spatial' 0.05898231976106376 0.4109852631951803
 10.169491525423728 36 8 5 12]
[4.1896980665594095 'Spatial' 0.05898231976106376 0.4109852631951803
 10.169491525423728 36 8 5 13]
[2.7169370063876186 'Spatial' 0.05898231976106376 0.4109852631951803
 9.372881355932204 36 8 5 14]
[9.132215303014739 'Spatial' 0.05898231976106376 0.4109852631951803
 10.169491525423728 36 8 5 15]
[3.5959653441987625 'Spatial' 0.05898231976106376 0.4109852631951803
 10.169491525423728 36 8 5 16]
[0.0216735590112695 'Spatial' 0.05898231976106376 0.4109852631951803
 2.084745762711864 36 8 5 17]
[0.3178307708625926 'Spatial' 0.05898231976106376 0.4109852631951803
 0.1694915254237288 36 8 5 18]
[3.746752208024225 'Spatial' 0.05898231976106376 0.4109852631951803
 10.169491525423728 36 8 5 19]
[0.0 'Spatial' 0.05898231976106376 0.4109852631951803 0.0 36 8 6 0]
[3.94745638491865 'Spatial' 0.05898231976106376 0.4109852631951803
 1.7796610169491525 36 8 6 1]
[3.6939726364487995 'Spatial' 0.05898231976106376 0.4109852631951803
 2.0338983050847457 36 8 6 2]
[2.6167115803847083 'Spatial' 0.05898231976106376 0.4109852631951803
 1.7796610169491525 36 8 6 3]
[1.7041044201415514 'Spatial' 0.05898231976106376 0.4109852631951803
 1.1016949152542372 36 8 6 4]
[2.2237920695650857 'Spatial' 0.05898231976106376 0.4109852631951803
 5.576271186440677 36 8 6 5]
[2.8012970276143587 'Spatial' 0.05898231976106376 0.4109852631951803
 7.271186440677965 36 8 6 6]
[4.152092745810057 'Spatial' 0.05898231976106376 0.4109852631951803
 0.1694915254237288 36 8 6 7]
[1.3904418914741545 'Spatial' 0.05898231976106376 0.4109852631951803
 3.7796610169491522 36 8 6 8]
[1.8431010063303386 'Spatial' 0.05898231976106376 0.4109852631951803
 5.847457627118643 36 8 6 9]
[2.9247391537969847 'Spatial' 0.05898231976106376 0.4109852631951803
 8.796610169491524 36 8 6 10]
[3.5331463870794164 'Spatial' 0.05898231976106376 0.4109852631951803
 10.169491525423728 36 8 6 11]
[3.380672348448306 'Spatial' 0.05898231976106376 0.4109852631951803
 10.169491525423728 36 8 6 12]
[4.1896980665594095 'Spatial' 0.05898231976106376 0.4109852631951803
 10.169491525423728 36 8 6 13]
[2.7169370063876186 'Spatial' 0.05898231976106376 0.4109852631951803
 9.372881355932204 36 8 6 14]
[9.132215303014739 'Spatial' 0.05898231976106376 0.4109852631951803
 10.169491525423728 36 8 6 15]
[3.5959653441987625 'Spatial' 0.05898231976106376 0.4109852631951803
 10.169491525423728 36 8 6 16]
[0.0216735590112695 'Spatial' 0.05898231976106376 0.4109852631951803
 2.084745762711864 36 8 6 17]
[0.3178307708625926 'Spatial' 0.05898231976106376 0.4109852631951803
 0.1694915254237288 36 8 6 18]
[3.746752208024225 'Spatial' 0.05898231976106376 0.4109852631951803
 10.169491525423728 36 8 6 19]
[0.0 'Spatial' 0.05898231976106376 0.4109852631951803 0.0 36 8 7 0]
[3.94745638491865 'Spatial' 0.05898231976106376 0.4109852631951803
 1.7796610169491525 36 8 7 1]
[3.6939726364487995 'Spatial' 0.05898231976106376 0.4109852631951803
 2.0338983050847457 36 8 7 2]
[2.6167115803847083 'Spatial' 0.05898231976106376 0.4109852631951803
 1.7796610169491525 36 8 7 3]
[1.7041044201415514 'Spatial' 0.05898231976106376 0.4109852631951803
 1.1016949152542372 36 8 7 4]
[2.2237920695650857 'Spatial' 0.05898231976106376 0.4109852631951803
 5.576271186440677 36 8 7 5]
[2.8012970276143587 'Spatial' 0.05898231976106376 0.4109852631951803
 7.271186440677965 36 8 7 6]
[4.152092745810057 'Spatial' 0.05898231976106376 0.4109852631951803
 0.1694915254237288 36 8 7 7]
[1.3904418914741545 'Spatial' 0.05898231976106376 0.4109852631951803
 3.7796610169491522 36 8 7 8]
[1.8431010063303386 'Spatial' 0.05898231976106376 0.4109852631951803
 5.847457627118643 36 8 7 9]
[2.9247391537969847 'Spatial' 0.05898231976106376 0.4109852631951803
 8.796610169491524 36 8 7 10]
[3.5331463870794164 'Spatial' 0.05898231976106376 0.4109852631951803
 10.169491525423728 36 8 7 11]
[3.380672348448306 'Spatial' 0.05898231976106376 0.4109852631951803
 10.169491525423728 36 8 7 12]
[4.1896980665594095 'Spatial' 0.05898231976106376 0.4109852631951803
 10.169491525423728 36 8 7 13]
[2.7169370063876186 'Spatial' 0.05898231976106376 0.4109852631951803
 9.372881355932204 36 8 7 14]
[9.132215303014739 'Spatial' 0.05898231976106376 0.4109852631951803
 10.169491525423728 36 8 7 15]
[3.5959653441987625 'Spatial' 0.05898231976106376 0.4109852631951803
 10.169491525423728 36 8 7 16]
[0.0216735590112695 'Spatial' 0.05898231976106376 0.4109852631951803
 2.084745762711864 36 8 7 17]
[0.3178307708625926 'Spatial' 0.05898231976106376 0.4109852631951803
 0.1694915254237288 36 8 7 18]
[3.746752208024225 'Spatial' 0.05898231976106376 0.4109852631951803
 10.169491525423728 36 8 7 19]
