[0.0 'Spatial' 0.08079634796094651 0.49131459807053185 0.0 62 0 1 0]
[3.1174250646142454 'Spatial' 0.08079634796094651 0.49131459807053185
 1.2372881355932202 62 0 1 1]
[2.988911962698 'Spatial' 0.08079634796094651 0.49131459807053185
 5.423728813559322 62 0 1 2]
[4.128559518036934 'Spatial' 0.08079634796094651 0.49131459807053185
 0.1694915254237288 62 0 1 3]
[2.762033523560616 'Spatial' 0.08079634796094651 0.49131459807053185
 5.508474576271186 62 0 1 4]
[3.072235375728883 'Spatial' 0.08079634796094651 0.49131459807053185
 7.440677966101695 62 0 1 5]
[4.083349365674252 'Spatial' 0.08079634796094651 0.49131459807053185
 0.1694915254237288 62 0 1 6]
[2.621965052102425 'Spatial' 0.08079634796094651 0.49131459807053185
 6.6610169491525415 62 0 1 7]
[4.049543328015639 'Spatial' 0.08079634796094651 0.49131459807053185
 0.1694915254237288 62 0 1 8]
[4.031999859107529 'Spatial' 0.08079634796094651 0.49131459807053185
 0.1694915254237288 62 0 1 9]
[4.014345519197859 'Spatial' 0.08079634796094651 0.49131459807053185
 0.1694915254237288 62 0 1 10]
[3.017258765443126 'Spatial' 0.08079634796094651 0.49131459807053185
 10.169491525423728 62 0 1 11]
[3.7903197944046134 'Spatial' 0.08079634796094651 0.49131459807053185
 10.169491525423728 62 0 1 12]
[3.4115841072656363 'Spatial' 0.08079634796094651 0.49131459807053185
 0.4915254237288135 62 0 1 13]
[3.7892565246892635 'Spatial' 0.08079634796094651 0.49131459807053185
 0.45762711864406774 62 0 1 14]
[5.946941347632998 'Spatial' 0.08079634796094651 0.49131459807053185
 10.169491525423728 62 0 1 15]
[1.2279320104603584 'Spatial' 0.08079634796094651 0.49131459807053185
 0.6779661016949152 62 0 1 16]
[3.2569147239943357 'Spatial' 0.08079634796094651 0.49131459807053185
 10.169491525423728 62 0 1 17]
[2.988501555727242 'Spatial' 0.08079634796094651 0.49131459807053185
 10.169491525423728 62 0 1 18]
[4.657880759486528 'Spatial' 0.08079634796094651 0.49131459807053185
 10.169491525423728 62 0 1 19]
[0.0 'Spatial' 0.08079634796094651 0.49131459807053185 0.0 62 0 2 0]
[3.1174250646142454 'Spatial' 0.08079634796094651 0.49131459807053185
 1.2372881355932202 62 0 2 1]
[2.988911962698 'Spatial' 0.08079634796094651 0.49131459807053185
 5.423728813559322 62 0 2 2]
[4.128559518036934 'Spatial' 0.08079634796094651 0.49131459807053185
 0.1694915254237288 62 0 2 3]
[2.762033523560616 'Spatial' 0.08079634796094651 0.49131459807053185
 5.508474576271186 62 0 2 4]
[3.072235375728883 'Spatial' 0.08079634796094651 0.49131459807053185
 7.440677966101695 62 0 2 5]
[4.083349365674252 'Spatial' 0.08079634796094651 0.49131459807053185
 0.1694915254237288 62 0 2 6]
[2.621965052102425 'Spatial' 0.08079634796094651 0.49131459807053185
 6.6610169491525415 62 0 2 7]
[4.049543328015639 'Spatial' 0.08079634796094651 0.49131459807053185
 0.1694915254237288 62 0 2 8]
[4.031999859107529 'Spatial' 0.08079634796094651 0.49131459807053185
 0.1694915254237288 62 0 2 9]
[4.014345519197859 'Spatial' 0.08079634796094651 0.49131459807053185
 0.1694915254237288 62 0 2 10]
[3.017258765443126 'Spatial' 0.08079634796094651 0.49131459807053185
 10.169491525423728 62 0 2 11]
[3.7903197944046134 'Spatial' 0.08079634796094651 0.49131459807053185
 10.169491525423728 62 0 2 12]
[3.4115841072656363 'Spatial' 0.08079634796094651 0.49131459807053185
 0.4915254237288135 62 0 2 13]
[3.7892565246892635 'Spatial' 0.08079634796094651 0.49131459807053185
 0.45762711864406774 62 0 2 14]
[5.946941347632998 'Spatial' 0.08079634796094651 0.49131459807053185
 10.169491525423728 62 0 2 15]
[1.2279320104603584 'Spatial' 0.08079634796094651 0.49131459807053185
 0.6779661016949152 62 0 2 16]
[3.2569147239943357 'Spatial' 0.08079634796094651 0.49131459807053185
 10.169491525423728 62 0 2 17]
[2.988501555727242 'Spatial' 0.08079634796094651 0.49131459807053185
 10.169491525423728 62 0 2 18]
[4.657880759486528 'Spatial' 0.08079634796094651 0.49131459807053185
 10.169491525423728 62 0 2 19]
[0.0 'Spatial' 0.08079634796094651 0.49131459807053185 0.0 62 0 3 0]
[3.1174250646142454 'Spatial' 0.08079634796094651 0.49131459807053185
 1.2372881355932202 62 0 3 1]
[2.988911962698 'Spatial' 0.08079634796094651 0.49131459807053185
 5.423728813559322 62 0 3 2]
[4.128559518036934 'Spatial' 0.08079634796094651 0.49131459807053185
 0.1694915254237288 62 0 3 3]
[2.762033523560616 'Spatial' 0.08079634796094651 0.49131459807053185
 5.508474576271186 62 0 3 4]
[3.072235375728883 'Spatial' 0.08079634796094651 0.49131459807053185
 7.440677966101695 62 0 3 5]
[4.083349365674252 'Spatial' 0.08079634796094651 0.49131459807053185
 0.1694915254237288 62 0 3 6]
[2.621965052102425 'Spatial' 0.08079634796094651 0.49131459807053185
 6.6610169491525415 62 0 3 7]
[4.049543328015639 'Spatial' 0.08079634796094651 0.49131459807053185
 0.1694915254237288 62 0 3 8]
[4.031999859107529 'Spatial' 0.08079634796094651 0.49131459807053185
 0.1694915254237288 62 0 3 9]
[4.014345519197859 'Spatial' 0.08079634796094651 0.49131459807053185
 0.1694915254237288 62 0 3 10]
[3.017258765443126 'Spatial' 0.08079634796094651 0.49131459807053185
 10.169491525423728 62 0 3 11]
[3.7903197944046134 'Spatial' 0.08079634796094651 0.49131459807053185
 10.169491525423728 62 0 3 12]
[3.4115841072656363 'Spatial' 0.08079634796094651 0.49131459807053185
 0.4915254237288135 62 0 3 13]
[3.7892565246892635 'Spatial' 0.08079634796094651 0.49131459807053185
 0.45762711864406774 62 0 3 14]
[5.946941347632998 'Spatial' 0.08079634796094651 0.49131459807053185
 10.169491525423728 62 0 3 15]
[1.2279320104603584 'Spatial' 0.08079634796094651 0.49131459807053185
 0.6779661016949152 62 0 3 16]
[3.2569147239943357 'Spatial' 0.08079634796094651 0.49131459807053185
 10.169491525423728 62 0 3 17]
[2.988501555727242 'Spatial' 0.08079634796094651 0.49131459807053185
 10.169491525423728 62 0 3 18]
[4.657880759486528 'Spatial' 0.08079634796094651 0.49131459807053185
 10.169491525423728 62 0 3 19]
[0.0 'Spatial' 0.08079634796094651 0.49131459807053185 0.0 62 0 4 0]
[3.1174250646142454 'Spatial' 0.08079634796094651 0.49131459807053185
 1.2372881355932202 62 0 4 1]
[2.988911962698 'Spatial' 0.08079634796094651 0.49131459807053185
 5.423728813559322 62 0 4 2]
[4.128559518036934 'Spatial' 0.08079634796094651 0.49131459807053185
 0.1694915254237288 62 0 4 3]
[2.762033523560616 'Spatial' 0.08079634796094651 0.49131459807053185
 5.508474576271186 62 0 4 4]
[3.072235375728883 'Spatial' 0.08079634796094651 0.49131459807053185
 7.440677966101695 62 0 4 5]
[4.083349365674252 'Spatial' 0.08079634796094651 0.49131459807053185
 0.1694915254237288 62 0 4 6]
[2.621965052102425 'Spatial' 0.08079634796094651 0.49131459807053185
 6.6610169491525415 62 0 4 7]
[4.049543328015639 'Spatial' 0.08079634796094651 0.49131459807053185
 0.1694915254237288 62 0 4 8]
[4.031999859107529 'Spatial' 0.08079634796094651 0.49131459807053185
 0.1694915254237288 62 0 4 9]
[4.014345519197859 'Spatial' 0.08079634796094651 0.49131459807053185
 0.1694915254237288 62 0 4 10]
[3.017258765443126 'Spatial' 0.08079634796094651 0.49131459807053185
 10.169491525423728 62 0 4 11]
[3.7903197944046134 'Spatial' 0.08079634796094651 0.49131459807053185
 10.169491525423728 62 0 4 12]
[3.4115841072656363 'Spatial' 0.08079634796094651 0.49131459807053185
 0.4915254237288135 62 0 4 13]
[3.7892565246892635 'Spatial' 0.08079634796094651 0.49131459807053185
 0.45762711864406774 62 0 4 14]
[5.946941347632998 'Spatial' 0.08079634796094651 0.49131459807053185
 10.169491525423728 62 0 4 15]
[1.2279320104603584 'Spatial' 0.08079634796094651 0.49131459807053185
 0.6779661016949152 62 0 4 16]
[3.2569147239943357 'Spatial' 0.08079634796094651 0.49131459807053185
 10.169491525423728 62 0 4 17]
[2.988501555727242 'Spatial' 0.08079634796094651 0.49131459807053185
 10.169491525423728 62 0 4 18]
[4.657880759486528 'Spatial' 0.08079634796094651 0.49131459807053185
 10.169491525423728 62 0 4 19]
[0.0 'Spatial' 0.08079634796094651 0.49131459807053185 0.0 62 0 5 0]
[3.1174250646142454 'Spatial' 0.08079634796094651 0.49131459807053185
 1.2372881355932202 62 0 5 1]
[2.988911962698 'Spatial' 0.08079634796094651 0.49131459807053185
 5.423728813559322 62 0 5 2]
[4.128559518036934 'Spatial' 0.08079634796094651 0.49131459807053185
 0.1694915254237288 62 0 5 3]
[2.762033523560616 'Spatial' 0.08079634796094651 0.49131459807053185
 5.508474576271186 62 0 5 4]
[3.072235375728883 'Spatial' 0.08079634796094651 0.49131459807053185
 7.440677966101695 62 0 5 5]
[4.083349365674252 'Spatial' 0.08079634796094651 0.49131459807053185
 0.1694915254237288 62 0 5 6]
[2.621965052102425 'Spatial' 0.08079634796094651 0.49131459807053185
 6.6610169491525415 62 0 5 7]
[4.049543328015639 'Spatial' 0.08079634796094651 0.49131459807053185
 0.1694915254237288 62 0 5 8]
[4.031999859107529 'Spatial' 0.08079634796094651 0.49131459807053185
 0.1694915254237288 62 0 5 9]
[4.014345519197859 'Spatial' 0.08079634796094651 0.49131459807053185
 0.1694915254237288 62 0 5 10]
[3.017258765443126 'Spatial' 0.08079634796094651 0.49131459807053185
 10.169491525423728 62 0 5 11]
[3.7903197944046134 'Spatial' 0.08079634796094651 0.49131459807053185
 10.169491525423728 62 0 5 12]
[3.4115841072656363 'Spatial' 0.08079634796094651 0.49131459807053185
 0.4915254237288135 62 0 5 13]
[3.7892565246892635 'Spatial' 0.08079634796094651 0.49131459807053185
 0.45762711864406774 62 0 5 14]
[5.946941347632998 'Spatial' 0.08079634796094651 0.49131459807053185
 10.169491525423728 62 0 5 15]
[1.2279320104603584 'Spatial' 0.08079634796094651 0.49131459807053185
 0.6779661016949152 62 0 5 16]
[3.2569147239943357 'Spatial' 0.08079634796094651 0.49131459807053185
 10.169491525423728 62 0 5 17]
[2.988501555727242 'Spatial' 0.08079634796094651 0.49131459807053185
 10.169491525423728 62 0 5 18]
[4.657880759486528 'Spatial' 0.08079634796094651 0.49131459807053185
 10.169491525423728 62 0 5 19]
[0.0 'Spatial' 0.08079634796094651 0.49131459807053185 0.0 62 0 6 0]
[3.1174250646142454 'Spatial' 0.08079634796094651 0.49131459807053185
 1.2372881355932202 62 0 6 1]
[2.988911962698 'Spatial' 0.08079634796094651 0.49131459807053185
 5.423728813559322 62 0 6 2]
[4.128559518036934 'Spatial' 0.08079634796094651 0.49131459807053185
 0.1694915254237288 62 0 6 3]
[2.762033523560616 'Spatial' 0.08079634796094651 0.49131459807053185
 5.508474576271186 62 0 6 4]
[3.072235375728883 'Spatial' 0.08079634796094651 0.49131459807053185
 7.440677966101695 62 0 6 5]
[4.083349365674252 'Spatial' 0.08079634796094651 0.49131459807053185
 0.1694915254237288 62 0 6 6]
[2.621965052102425 'Spatial' 0.08079634796094651 0.49131459807053185
 6.6610169491525415 62 0 6 7]
[4.049543328015639 'Spatial' 0.08079634796094651 0.49131459807053185
 0.1694915254237288 62 0 6 8]
[4.031999859107529 'Spatial' 0.08079634796094651 0.49131459807053185
 0.1694915254237288 62 0 6 9]
[4.014345519197859 'Spatial' 0.08079634796094651 0.49131459807053185
 0.1694915254237288 62 0 6 10]
[3.017258765443126 'Spatial' 0.08079634796094651 0.49131459807053185
 10.169491525423728 62 0 6 11]
[3.7903197944046134 'Spatial' 0.08079634796094651 0.49131459807053185
 10.169491525423728 62 0 6 12]
[3.4115841072656363 'Spatial' 0.08079634796094651 0.49131459807053185
 0.4915254237288135 62 0 6 13]
[3.7892565246892635 'Spatial' 0.08079634796094651 0.49131459807053185
 0.45762711864406774 62 0 6 14]
[5.946941347632998 'Spatial' 0.08079634796094651 0.49131459807053185
 10.169491525423728 62 0 6 15]
[1.2279320104603584 'Spatial' 0.08079634796094651 0.49131459807053185
 0.6779661016949152 62 0 6 16]
[3.2569147239943357 'Spatial' 0.08079634796094651 0.49131459807053185
 10.169491525423728 62 0 6 17]
[2.988501555727242 'Spatial' 0.08079634796094651 0.49131459807053185
 10.169491525423728 62 0 6 18]
[4.657880759486528 'Spatial' 0.08079634796094651 0.49131459807053185
 10.169491525423728 62 0 6 19]
[0.0 'Spatial' 0.08079634796094651 0.49131459807053185 0.0 62 0 7 0]
[3.1174250646142454 'Spatial' 0.08079634796094651 0.49131459807053185
 1.2372881355932202 62 0 7 1]
[2.988911962698 'Spatial' 0.08079634796094651 0.49131459807053185
 5.423728813559322 62 0 7 2]
[4.128559518036934 'Spatial' 0.08079634796094651 0.49131459807053185
 0.1694915254237288 62 0 7 3]
[2.762033523560616 'Spatial' 0.08079634796094651 0.49131459807053185
 5.508474576271186 62 0 7 4]
[3.072235375728883 'Spatial' 0.08079634796094651 0.49131459807053185
 7.440677966101695 62 0 7 5]
[4.083349365674252 'Spatial' 0.08079634796094651 0.49131459807053185
 0.1694915254237288 62 0 7 6]
[2.621965052102425 'Spatial' 0.08079634796094651 0.49131459807053185
 6.6610169491525415 62 0 7 7]
[4.049543328015639 'Spatial' 0.08079634796094651 0.49131459807053185
 0.1694915254237288 62 0 7 8]
[4.031999859107529 'Spatial' 0.08079634796094651 0.49131459807053185
 0.1694915254237288 62 0 7 9]
[4.014345519197859 'Spatial' 0.08079634796094651 0.49131459807053185
 0.1694915254237288 62 0 7 10]
[3.017258765443126 'Spatial' 0.08079634796094651 0.49131459807053185
 10.169491525423728 62 0 7 11]
[3.7903197944046134 'Spatial' 0.08079634796094651 0.49131459807053185
 10.169491525423728 62 0 7 12]
[3.4115841072656363 'Spatial' 0.08079634796094651 0.49131459807053185
 0.4915254237288135 62 0 7 13]
[3.7892565246892635 'Spatial' 0.08079634796094651 0.49131459807053185
 0.45762711864406774 62 0 7 14]
[5.946941347632998 'Spatial' 0.08079634796094651 0.49131459807053185
 10.169491525423728 62 0 7 15]
[1.2279320104603584 'Spatial' 0.08079634796094651 0.49131459807053185
 0.6779661016949152 62 0 7 16]
[3.2569147239943357 'Spatial' 0.08079634796094651 0.49131459807053185
 10.169491525423728 62 0 7 17]
[2.988501555727242 'Spatial' 0.08079634796094651 0.49131459807053185
 10.169491525423728 62 0 7 18]
[4.657880759486528 'Spatial' 0.08079634796094651 0.49131459807053185
 10.169491525423728 62 0 7 19]
[0.0 'Spatial' 0.08079634796094651 0.49131459807053185 0.0 62 0 8 0]
[3.1174250646142454 'Spatial' 0.08079634796094651 0.49131459807053185
 1.2372881355932202 62 0 8 1]
[2.988911962698 'Spatial' 0.08079634796094651 0.49131459807053185
 5.423728813559322 62 0 8 2]
[4.128559518036934 'Spatial' 0.08079634796094651 0.49131459807053185
 0.1694915254237288 62 0 8 3]
[2.762033523560616 'Spatial' 0.08079634796094651 0.49131459807053185
 5.508474576271186 62 0 8 4]
[3.072235375728883 'Spatial' 0.08079634796094651 0.49131459807053185
 7.440677966101695 62 0 8 5]
[4.083349365674252 'Spatial' 0.08079634796094651 0.49131459807053185
 0.1694915254237288 62 0 8 6]
[2.621965052102425 'Spatial' 0.08079634796094651 0.49131459807053185
 6.6610169491525415 62 0 8 7]
[4.049543328015639 'Spatial' 0.08079634796094651 0.49131459807053185
 0.1694915254237288 62 0 8 8]
[4.031999859107529 'Spatial' 0.08079634796094651 0.49131459807053185
 0.1694915254237288 62 0 8 9]
[4.014345519197859 'Spatial' 0.08079634796094651 0.49131459807053185
 0.1694915254237288 62 0 8 10]
[3.017258765443126 'Spatial' 0.08079634796094651 0.49131459807053185
 10.169491525423728 62 0 8 11]
[3.7903197944046134 'Spatial' 0.08079634796094651 0.49131459807053185
 10.169491525423728 62 0 8 12]
[3.4115841072656363 'Spatial' 0.08079634796094651 0.49131459807053185
 0.4915254237288135 62 0 8 13]
[3.7892565246892635 'Spatial' 0.08079634796094651 0.49131459807053185
 0.45762711864406774 62 0 8 14]
[5.946941347632998 'Spatial' 0.08079634796094651 0.49131459807053185
 10.169491525423728 62 0 8 15]
[1.2279320104603584 'Spatial' 0.08079634796094651 0.49131459807053185
 0.6779661016949152 62 0 8 16]
[3.2569147239943357 'Spatial' 0.08079634796094651 0.49131459807053185
 10.169491525423728 62 0 8 17]
[2.988501555727242 'Spatial' 0.08079634796094651 0.49131459807053185
 10.169491525423728 62 0 8 18]
[4.657880759486528 'Spatial' 0.08079634796094651 0.49131459807053185
 10.169491525423728 62 0 8 19]
