[0.0 'Spatial' 0.03571837447261133 0.29536576209600385 0.0 86 4 0 0]
[4.1216846652799815 'Spatial' 0.03571837447261133 0.29536576209600385
 0.5084745762711864 86 4 0 1]
[2.7149525207585574 'Spatial' 0.03571837447261133 0.29536576209600385
 3.7796610169491522 86 4 0 2]
[3.576738582808196 'Spatial' 0.03571837447261133 0.29536576209600385
 1.0677966101694913 86 4 0 3]
[1.3461469466997096 'Spatial' 0.03571837447261133 0.29536576209600385
 2.711864406779661 86 4 0 4]
[1.0875983202183384 'Spatial' 0.03571837447261133 0.29536576209600385
 1.1016949152542372 86 4 0 5]
[2.5104129948112384 'Spatial' 0.03571837447261133 0.29536576209600385
 5.508474576271186 86 4 0 6]
[0.02637018590285137 'Spatial' 0.03571837447261133 0.29536576209600385
 2.016949152542373 86 4 0 7]
[0.0014642067975114978 'Spatial' 0.03571837447261133 0.29536576209600385
 0.6610169491525423 86 4 0 8]
[3.061853286839586 'Spatial' 0.03571837447261133 0.29536576209600385
 6.322033898305084 86 4 0 9]
[0.9016212797220348 'Spatial' 0.03571837447261133 0.29536576209600385
 3.8813559322033897 86 4 0 10]
[2.6370172025992615 'Spatial' 0.03571837447261133 0.29536576209600385
 5.813559322033898 86 4 0 11]
[2.5855646635948895 'Spatial' 0.03571837447261133 0.29536576209600385
 5.644067796610169 86 4 0 12]
[0.0006298016333097749 'Spatial' 0.03571837447261133 0.29536576209600385
 0.847457627118644 86 4 0 13]
[0.0006298016333097749 'Spatial' 0.03571837447261133 0.29536576209600385
 0.5084745762711864 86 4 0 14]
[1.0942184080764514 'Spatial' 0.03571837447261133 0.29536576209600385
 4.4576271186440675 86 4 0 15]
[2.3907835555286328 'Spatial' 0.03571837447261133 0.29536576209600385
 5.745762711864407 86 4 0 16]
[0.0006298016333097749 'Spatial' 0.03571837447261133 0.29536576209600385
 0.3389830508474576 86 4 0 17]
[1.0780982888535768 'Spatial' 0.03571837447261133 0.29536576209600385
 4.627118644067796 86 4 0 18]
[0.0006298016333097749 'Spatial' 0.03571837447261133 0.29536576209600385
 0.1694915254237288 86 4 0 19]
[0.0 'Spatial' 0.03571837447261133 0.29536576209600385 0.0 86 4 1 0]
[4.1216846652799815 'Spatial' 0.03571837447261133 0.29536576209600385
 0.5084745762711864 86 4 1 1]
[2.7149525207585574 'Spatial' 0.03571837447261133 0.29536576209600385
 3.7796610169491522 86 4 1 2]
[3.576738582808196 'Spatial' 0.03571837447261133 0.29536576209600385
 1.0677966101694913 86 4 1 3]
[1.3461469466997096 'Spatial' 0.03571837447261133 0.29536576209600385
 2.711864406779661 86 4 1 4]
[1.0875983202183384 'Spatial' 0.03571837447261133 0.29536576209600385
 1.1016949152542372 86 4 1 5]
[2.5104129948112384 'Spatial' 0.03571837447261133 0.29536576209600385
 5.508474576271186 86 4 1 6]
[0.02637018590285137 'Spatial' 0.03571837447261133 0.29536576209600385
 2.016949152542373 86 4 1 7]
[0.0014642067975114978 'Spatial' 0.03571837447261133 0.29536576209600385
 0.6610169491525423 86 4 1 8]
[3.061853286839586 'Spatial' 0.03571837447261133 0.29536576209600385
 6.322033898305084 86 4 1 9]
[0.9016212797220348 'Spatial' 0.03571837447261133 0.29536576209600385
 3.8813559322033897 86 4 1 10]
[2.6370172025992615 'Spatial' 0.03571837447261133 0.29536576209600385
 5.813559322033898 86 4 1 11]
[2.5855646635948895 'Spatial' 0.03571837447261133 0.29536576209600385
 5.644067796610169 86 4 1 12]
[0.0006298016333097749 'Spatial' 0.03571837447261133 0.29536576209600385
 0.847457627118644 86 4 1 13]
[0.0006298016333097749 'Spatial' 0.03571837447261133 0.29536576209600385
 0.5084745762711864 86 4 1 14]
[1.0942184080764514 'Spatial' 0.03571837447261133 0.29536576209600385
 4.4576271186440675 86 4 1 15]
[2.3907835555286328 'Spatial' 0.03571837447261133 0.29536576209600385
 5.745762711864407 86 4 1 16]
[0.0006298016333097749 'Spatial' 0.03571837447261133 0.29536576209600385
 0.3389830508474576 86 4 1 17]
[1.0780982888535768 'Spatial' 0.03571837447261133 0.29536576209600385
 4.627118644067796 86 4 1 18]
[0.0006298016333097749 'Spatial' 0.03571837447261133 0.29536576209600385
 0.1694915254237288 86 4 1 19]
[0.0 'Spatial' 0.03571837447261133 0.29536576209600385 0.0 86 4 2 0]
[4.1216846652799815 'Spatial' 0.03571837447261133 0.29536576209600385
 0.5084745762711864 86 4 2 1]
[2.7149525207585574 'Spatial' 0.03571837447261133 0.29536576209600385
 3.7796610169491522 86 4 2 2]
[3.576738582808196 'Spatial' 0.03571837447261133 0.29536576209600385
 1.0677966101694913 86 4 2 3]
[1.3461469466997096 'Spatial' 0.03571837447261133 0.29536576209600385
 2.711864406779661 86 4 2 4]
[1.0875983202183384 'Spatial' 0.03571837447261133 0.29536576209600385
 1.1016949152542372 86 4 2 5]
[2.5104129948112384 'Spatial' 0.03571837447261133 0.29536576209600385
 5.508474576271186 86 4 2 6]
[0.02637018590285137 'Spatial' 0.03571837447261133 0.29536576209600385
 2.016949152542373 86 4 2 7]
[0.0014642067975114978 'Spatial' 0.03571837447261133 0.29536576209600385
 0.6610169491525423 86 4 2 8]
[3.061853286839586 'Spatial' 0.03571837447261133 0.29536576209600385
 6.322033898305084 86 4 2 9]
[0.9016212797220348 'Spatial' 0.03571837447261133 0.29536576209600385
 3.8813559322033897 86 4 2 10]
[2.6370172025992615 'Spatial' 0.03571837447261133 0.29536576209600385
 5.813559322033898 86 4 2 11]
[2.5855646635948895 'Spatial' 0.03571837447261133 0.29536576209600385
 5.644067796610169 86 4 2 12]
[0.0006298016333097749 'Spatial' 0.03571837447261133 0.29536576209600385
 0.847457627118644 86 4 2 13]
[0.0006298016333097749 'Spatial' 0.03571837447261133 0.29536576209600385
 0.5084745762711864 86 4 2 14]
[1.0942184080764514 'Spatial' 0.03571837447261133 0.29536576209600385
 4.4576271186440675 86 4 2 15]
[2.3907835555286328 'Spatial' 0.03571837447261133 0.29536576209600385
 5.745762711864407 86 4 2 16]
[0.0006298016333097749 'Spatial' 0.03571837447261133 0.29536576209600385
 0.3389830508474576 86 4 2 17]
[1.0780982888535768 'Spatial' 0.03571837447261133 0.29536576209600385
 4.627118644067796 86 4 2 18]
[0.0006298016333097749 'Spatial' 0.03571837447261133 0.29536576209600385
 0.1694915254237288 86 4 2 19]
[0.0 'Spatial' 0.03571837447261133 0.29536576209600385 0.0 86 4 3 0]
[4.1216846652799815 'Spatial' 0.03571837447261133 0.29536576209600385
 0.5084745762711864 86 4 3 1]
[2.7149525207585574 'Spatial' 0.03571837447261133 0.29536576209600385
 3.7796610169491522 86 4 3 2]
[3.576738582808196 'Spatial' 0.03571837447261133 0.29536576209600385
 1.0677966101694913 86 4 3 3]
[1.3461469466997096 'Spatial' 0.03571837447261133 0.29536576209600385
 2.711864406779661 86 4 3 4]
[1.0875983202183384 'Spatial' 0.03571837447261133 0.29536576209600385
 1.1016949152542372 86 4 3 5]
[2.5104129948112384 'Spatial' 0.03571837447261133 0.29536576209600385
 5.508474576271186 86 4 3 6]
[0.02637018590285137 'Spatial' 0.03571837447261133 0.29536576209600385
 2.016949152542373 86 4 3 7]
[0.0014642067975114978 'Spatial' 0.03571837447261133 0.29536576209600385
 0.6610169491525423 86 4 3 8]
[3.061853286839586 'Spatial' 0.03571837447261133 0.29536576209600385
 6.322033898305084 86 4 3 9]
[0.9016212797220348 'Spatial' 0.03571837447261133 0.29536576209600385
 3.8813559322033897 86 4 3 10]
[2.6370172025992615 'Spatial' 0.03571837447261133 0.29536576209600385
 5.813559322033898 86 4 3 11]
[2.5855646635948895 'Spatial' 0.03571837447261133 0.29536576209600385
 5.644067796610169 86 4 3 12]
[0.0006298016333097749 'Spatial' 0.03571837447261133 0.29536576209600385
 0.847457627118644 86 4 3 13]
[0.0006298016333097749 'Spatial' 0.03571837447261133 0.29536576209600385
 0.5084745762711864 86 4 3 14]
[1.0942184080764514 'Spatial' 0.03571837447261133 0.29536576209600385
 4.4576271186440675 86 4 3 15]
[2.3907835555286328 'Spatial' 0.03571837447261133 0.29536576209600385
 5.745762711864407 86 4 3 16]
[0.0006298016333097749 'Spatial' 0.03571837447261133 0.29536576209600385
 0.3389830508474576 86 4 3 17]
[1.0780982888535768 'Spatial' 0.03571837447261133 0.29536576209600385
 4.627118644067796 86 4 3 18]
[0.0006298016333097749 'Spatial' 0.03571837447261133 0.29536576209600385
 0.1694915254237288 86 4 3 19]
[0.0 'Spatial' 0.03571837447261133 0.29536576209600385 0.0 86 4 5 0]
[4.1216846652799815 'Spatial' 0.03571837447261133 0.29536576209600385
 0.5084745762711864 86 4 5 1]
[2.7149525207585574 'Spatial' 0.03571837447261133 0.29536576209600385
 3.7796610169491522 86 4 5 2]
[3.576738582808196 'Spatial' 0.03571837447261133 0.29536576209600385
 1.0677966101694913 86 4 5 3]
[1.3461469466997096 'Spatial' 0.03571837447261133 0.29536576209600385
 2.711864406779661 86 4 5 4]
[1.0875983202183384 'Spatial' 0.03571837447261133 0.29536576209600385
 1.1016949152542372 86 4 5 5]
[2.5104129948112384 'Spatial' 0.03571837447261133 0.29536576209600385
 5.508474576271186 86 4 5 6]
[0.02637018590285137 'Spatial' 0.03571837447261133 0.29536576209600385
 2.016949152542373 86 4 5 7]
[0.0014642067975114978 'Spatial' 0.03571837447261133 0.29536576209600385
 0.6610169491525423 86 4 5 8]
[3.061853286839586 'Spatial' 0.03571837447261133 0.29536576209600385
 6.322033898305084 86 4 5 9]
[0.9016212797220348 'Spatial' 0.03571837447261133 0.29536576209600385
 3.8813559322033897 86 4 5 10]
[2.6370172025992615 'Spatial' 0.03571837447261133 0.29536576209600385
 5.813559322033898 86 4 5 11]
[2.5855646635948895 'Spatial' 0.03571837447261133 0.29536576209600385
 5.644067796610169 86 4 5 12]
[0.0006298016333097749 'Spatial' 0.03571837447261133 0.29536576209600385
 0.847457627118644 86 4 5 13]
[0.0006298016333097749 'Spatial' 0.03571837447261133 0.29536576209600385
 0.5084745762711864 86 4 5 14]
[1.0942184080764514 'Spatial' 0.03571837447261133 0.29536576209600385
 4.4576271186440675 86 4 5 15]
[2.3907835555286328 'Spatial' 0.03571837447261133 0.29536576209600385
 5.745762711864407 86 4 5 16]
[0.0006298016333097749 'Spatial' 0.03571837447261133 0.29536576209600385
 0.3389830508474576 86 4 5 17]
[1.0780982888535768 'Spatial' 0.03571837447261133 0.29536576209600385
 4.627118644067796 86 4 5 18]
[0.0006298016333097749 'Spatial' 0.03571837447261133 0.29536576209600385
 0.1694915254237288 86 4 5 19]
[0.0 'Spatial' 0.03571837447261133 0.29536576209600385 0.0 86 4 6 0]
[4.1216846652799815 'Spatial' 0.03571837447261133 0.29536576209600385
 0.5084745762711864 86 4 6 1]
[2.7149525207585574 'Spatial' 0.03571837447261133 0.29536576209600385
 3.7796610169491522 86 4 6 2]
[3.576738582808196 'Spatial' 0.03571837447261133 0.29536576209600385
 1.0677966101694913 86 4 6 3]
[1.3461469466997096 'Spatial' 0.03571837447261133 0.29536576209600385
 2.711864406779661 86 4 6 4]
[1.0875983202183384 'Spatial' 0.03571837447261133 0.29536576209600385
 1.1016949152542372 86 4 6 5]
[2.5104129948112384 'Spatial' 0.03571837447261133 0.29536576209600385
 5.508474576271186 86 4 6 6]
[0.02637018590285137 'Spatial' 0.03571837447261133 0.29536576209600385
 2.016949152542373 86 4 6 7]
[0.0014642067975114978 'Spatial' 0.03571837447261133 0.29536576209600385
 0.6610169491525423 86 4 6 8]
[3.061853286839586 'Spatial' 0.03571837447261133 0.29536576209600385
 6.322033898305084 86 4 6 9]
[0.9016212797220348 'Spatial' 0.03571837447261133 0.29536576209600385
 3.8813559322033897 86 4 6 10]
[2.6370172025992615 'Spatial' 0.03571837447261133 0.29536576209600385
 5.813559322033898 86 4 6 11]
[2.5855646635948895 'Spatial' 0.03571837447261133 0.29536576209600385
 5.644067796610169 86 4 6 12]
[0.0006298016333097749 'Spatial' 0.03571837447261133 0.29536576209600385
 0.847457627118644 86 4 6 13]
[0.0006298016333097749 'Spatial' 0.03571837447261133 0.29536576209600385
 0.5084745762711864 86 4 6 14]
[1.0942184080764514 'Spatial' 0.03571837447261133 0.29536576209600385
 4.4576271186440675 86 4 6 15]
[2.3907835555286328 'Spatial' 0.03571837447261133 0.29536576209600385
 5.745762711864407 86 4 6 16]
[0.0006298016333097749 'Spatial' 0.03571837447261133 0.29536576209600385
 0.3389830508474576 86 4 6 17]
[1.0780982888535768 'Spatial' 0.03571837447261133 0.29536576209600385
 4.627118644067796 86 4 6 18]
[0.0006298016333097749 'Spatial' 0.03571837447261133 0.29536576209600385
 0.1694915254237288 86 4 6 19]
[0.0 'Spatial' 0.03571837447261133 0.29536576209600385 0.0 86 4 7 0]
[4.1216846652799815 'Spatial' 0.03571837447261133 0.29536576209600385
 0.5084745762711864 86 4 7 1]
[2.7149525207585574 'Spatial' 0.03571837447261133 0.29536576209600385
 3.7796610169491522 86 4 7 2]
[3.576738582808196 'Spatial' 0.03571837447261133 0.29536576209600385
 1.0677966101694913 86 4 7 3]
[1.3461469466997096 'Spatial' 0.03571837447261133 0.29536576209600385
 2.711864406779661 86 4 7 4]
[1.0875983202183384 'Spatial' 0.03571837447261133 0.29536576209600385
 1.1016949152542372 86 4 7 5]
[2.5104129948112384 'Spatial' 0.03571837447261133 0.29536576209600385
 5.508474576271186 86 4 7 6]
[0.02637018590285137 'Spatial' 0.03571837447261133 0.29536576209600385
 2.016949152542373 86 4 7 7]
[0.0014642067975114978 'Spatial' 0.03571837447261133 0.29536576209600385
 0.6610169491525423 86 4 7 8]
[3.061853286839586 'Spatial' 0.03571837447261133 0.29536576209600385
 6.322033898305084 86 4 7 9]
[0.9016212797220348 'Spatial' 0.03571837447261133 0.29536576209600385
 3.8813559322033897 86 4 7 10]
[2.6370172025992615 'Spatial' 0.03571837447261133 0.29536576209600385
 5.813559322033898 86 4 7 11]
[2.5855646635948895 'Spatial' 0.03571837447261133 0.29536576209600385
 5.644067796610169 86 4 7 12]
[0.0006298016333097749 'Spatial' 0.03571837447261133 0.29536576209600385
 0.847457627118644 86 4 7 13]
[0.0006298016333097749 'Spatial' 0.03571837447261133 0.29536576209600385
 0.5084745762711864 86 4 7 14]
[1.0942184080764514 'Spatial' 0.03571837447261133 0.29536576209600385
 4.4576271186440675 86 4 7 15]
[2.3907835555286328 'Spatial' 0.03571837447261133 0.29536576209600385
 5.745762711864407 86 4 7 16]
[0.0006298016333097749 'Spatial' 0.03571837447261133 0.29536576209600385
 0.3389830508474576 86 4 7 17]
[1.0780982888535768 'Spatial' 0.03571837447261133 0.29536576209600385
 4.627118644067796 86 4 7 18]
[0.0006298016333097749 'Spatial' 0.03571837447261133 0.29536576209600385
 0.1694915254237288 86 4 7 19]
[0.0 'Spatial' 0.03571837447261133 0.29536576209600385 0.0 86 4 8 0]
[4.1216846652799815 'Spatial' 0.03571837447261133 0.29536576209600385
 0.5084745762711864 86 4 8 1]
[2.7149525207585574 'Spatial' 0.03571837447261133 0.29536576209600385
 3.7796610169491522 86 4 8 2]
[3.576738582808196 'Spatial' 0.03571837447261133 0.29536576209600385
 1.0677966101694913 86 4 8 3]
[1.3461469466997096 'Spatial' 0.03571837447261133 0.29536576209600385
 2.711864406779661 86 4 8 4]
[1.0875983202183384 'Spatial' 0.03571837447261133 0.29536576209600385
 1.1016949152542372 86 4 8 5]
[2.5104129948112384 'Spatial' 0.03571837447261133 0.29536576209600385
 5.508474576271186 86 4 8 6]
[0.02637018590285137 'Spatial' 0.03571837447261133 0.29536576209600385
 2.016949152542373 86 4 8 7]
[0.0014642067975114978 'Spatial' 0.03571837447261133 0.29536576209600385
 0.6610169491525423 86 4 8 8]
[3.061853286839586 'Spatial' 0.03571837447261133 0.29536576209600385
 6.322033898305084 86 4 8 9]
[0.9016212797220348 'Spatial' 0.03571837447261133 0.29536576209600385
 3.8813559322033897 86 4 8 10]
[2.6370172025992615 'Spatial' 0.03571837447261133 0.29536576209600385
 5.813559322033898 86 4 8 11]
[2.5855646635948895 'Spatial' 0.03571837447261133 0.29536576209600385
 5.644067796610169 86 4 8 12]
[0.0006298016333097749 'Spatial' 0.03571837447261133 0.29536576209600385
 0.847457627118644 86 4 8 13]
[0.0006298016333097749 'Spatial' 0.03571837447261133 0.29536576209600385
 0.5084745762711864 86 4 8 14]
[1.0942184080764514 'Spatial' 0.03571837447261133 0.29536576209600385
 4.4576271186440675 86 4 8 15]
[2.3907835555286328 'Spatial' 0.03571837447261133 0.29536576209600385
 5.745762711864407 86 4 8 16]
[0.0006298016333097749 'Spatial' 0.03571837447261133 0.29536576209600385
 0.3389830508474576 86 4 8 17]
[1.0780982888535768 'Spatial' 0.03571837447261133 0.29536576209600385
 4.627118644067796 86 4 8 18]
[0.0006298016333097749 'Spatial' 0.03571837447261133 0.29536576209600385
 0.1694915254237288 86 4 8 19]
