[0.0 'Spatial' 1.9652967561290184 86.48523977308236 0.0 91 3 0 0]
[3.3422176626281725 'Spatial' 1.9652967561290184 86.48523977308236
 2.11864406779661 91 3 0 1]
[3.163654499565841 'Spatial' 1.9652967561290184 86.48523977308236
 2.084745762711864 91 3 0 2]
[3.3067641571313495 'Spatial' 1.9652967561290184 86.48523977308236
 5.338983050847458 91 3 0 3]
[3.7299214095477735 'Spatial' 1.9652967561290184 86.48523977308236
 4.999999999999999 91 3 0 4]
[3.0648664613618966 'Spatial' 1.9652967561290184 86.48523977308236
 3.3050847457627115 91 3 0 5]
[2.7397917247457237 'Spatial' 1.9652967561290184 86.48523977308236
 1.2372881355932202 91 3 0 6]
[2.476432001940233 'Spatial' 1.9652967561290184 86.48523977308236
 1.2372881355932202 91 3 0 7]
[3.232064762043625 'Spatial' 1.9652967561290184 86.48523977308236
 1.0169491525423728 91 3 0 8]
[4.1314913392923724 'Spatial' 1.9652967561290184 86.48523977308236
 3.711864406779661 91 3 0 9]
[4.1588830833596715 'Spatial' 1.9652967561290184 86.48523977308236
 4.23728813559322 91 3 0 10]
[2.9561596040703138 'Spatial' 1.9652967561290184 86.48523977308236
 2.1864406779661016 91 3 0 11]
[1.3458271470181031 'Spatial' 1.9652967561290184 86.48523977308236
 1.5254237288135593 91 3 0 12]
[3.3408025933228047 'Spatial' 1.9652967561290184 86.48523977308236
 2.11864406779661 91 3 0 13]
[2.9811147319890554 'Spatial' 1.9652967561290184 86.48523977308236
 1.711864406779661 91 3 0 14]
[1.1025843911876738 'Spatial' 1.9652967561290184 86.48523977308236
 1.0169491525423728 91 3 0 15]
[2.1133949910804595 'Spatial' 1.9652967561290184 86.48523977308236
 1.271186440677966 91 3 0 16]
[3.6103960274403657 'Spatial' 1.9652967561290184 86.48523977308236
 2.016949152542373 91 3 0 17]
[3.930497004777938 'Spatial' 1.9652967561290184 86.48523977308236
 2.2203389830508473 91 3 0 18]
[0.7030454345213654 'Spatial' 1.9652967561290184 86.48523977308236
 0.7288135593220338 91 3 0 19]
[0.0 'Spatial' 1.9652967561290184 86.48523977308236 0.0 91 3 1 0]
[3.3422176626281725 'Spatial' 1.9652967561290184 86.48523977308236
 2.11864406779661 91 3 1 1]
[3.163654499565841 'Spatial' 1.9652967561290184 86.48523977308236
 2.084745762711864 91 3 1 2]
[3.3067641571313495 'Spatial' 1.9652967561290184 86.48523977308236
 5.338983050847458 91 3 1 3]
[3.7299214095477735 'Spatial' 1.9652967561290184 86.48523977308236
 4.999999999999999 91 3 1 4]
[3.0648664613618966 'Spatial' 1.9652967561290184 86.48523977308236
 3.3050847457627115 91 3 1 5]
[2.7397917247457237 'Spatial' 1.9652967561290184 86.48523977308236
 1.2372881355932202 91 3 1 6]
[2.476432001940233 'Spatial' 1.9652967561290184 86.48523977308236
 1.2372881355932202 91 3 1 7]
[3.232064762043625 'Spatial' 1.9652967561290184 86.48523977308236
 1.0169491525423728 91 3 1 8]
[4.1314913392923724 'Spatial' 1.9652967561290184 86.48523977308236
 3.711864406779661 91 3 1 9]
[4.1588830833596715 'Spatial' 1.9652967561290184 86.48523977308236
 4.23728813559322 91 3 1 10]
[2.9561596040703138 'Spatial' 1.9652967561290184 86.48523977308236
 2.1864406779661016 91 3 1 11]
[1.3458271470181031 'Spatial' 1.9652967561290184 86.48523977308236
 1.5254237288135593 91 3 1 12]
[3.3408025933228047 'Spatial' 1.9652967561290184 86.48523977308236
 2.11864406779661 91 3 1 13]
[2.9811147319890554 'Spatial' 1.9652967561290184 86.48523977308236
 1.711864406779661 91 3 1 14]
[1.1025843911876738 'Spatial' 1.9652967561290184 86.48523977308236
 1.0169491525423728 91 3 1 15]
[2.1133949910804595 'Spatial' 1.9652967561290184 86.48523977308236
 1.271186440677966 91 3 1 16]
[3.6103960274403657 'Spatial' 1.9652967561290184 86.48523977308236
 2.016949152542373 91 3 1 17]
[3.930497004777938 'Spatial' 1.9652967561290184 86.48523977308236
 2.2203389830508473 91 3 1 18]
[0.7030454345213654 'Spatial' 1.9652967561290184 86.48523977308236
 0.7288135593220338 91 3 1 19]
[0.0 'Spatial' 1.9652967561290184 86.48523977308236 0.0 91 3 2 0]
[3.3422176626281725 'Spatial' 1.9652967561290184 86.48523977308236
 2.11864406779661 91 3 2 1]
[3.163654499565841 'Spatial' 1.9652967561290184 86.48523977308236
 2.084745762711864 91 3 2 2]
[3.3067641571313495 'Spatial' 1.9652967561290184 86.48523977308236
 5.338983050847458 91 3 2 3]
[3.7299214095477735 'Spatial' 1.9652967561290184 86.48523977308236
 4.999999999999999 91 3 2 4]
[3.0648664613618966 'Spatial' 1.9652967561290184 86.48523977308236
 3.3050847457627115 91 3 2 5]
[2.7397917247457237 'Spatial' 1.9652967561290184 86.48523977308236
 1.2372881355932202 91 3 2 6]
[2.476432001940233 'Spatial' 1.9652967561290184 86.48523977308236
 1.2372881355932202 91 3 2 7]
[3.232064762043625 'Spatial' 1.9652967561290184 86.48523977308236
 1.0169491525423728 91 3 2 8]
[4.1314913392923724 'Spatial' 1.9652967561290184 86.48523977308236
 3.711864406779661 91 3 2 9]
[4.1588830833596715 'Spatial' 1.9652967561290184 86.48523977308236
 4.23728813559322 91 3 2 10]
[2.9561596040703138 'Spatial' 1.9652967561290184 86.48523977308236
 2.1864406779661016 91 3 2 11]
[1.3458271470181031 'Spatial' 1.9652967561290184 86.48523977308236
 1.5254237288135593 91 3 2 12]
[3.3408025933228047 'Spatial' 1.9652967561290184 86.48523977308236
 2.11864406779661 91 3 2 13]
[2.9811147319890554 'Spatial' 1.9652967561290184 86.48523977308236
 1.711864406779661 91 3 2 14]
[1.1025843911876738 'Spatial' 1.9652967561290184 86.48523977308236
 1.0169491525423728 91 3 2 15]
[2.1133949910804595 'Spatial' 1.9652967561290184 86.48523977308236
 1.271186440677966 91 3 2 16]
[3.6103960274403657 'Spatial' 1.9652967561290184 86.48523977308236
 2.016949152542373 91 3 2 17]
[3.930497004777938 'Spatial' 1.9652967561290184 86.48523977308236
 2.2203389830508473 91 3 2 18]
[0.7030454345213654 'Spatial' 1.9652967561290184 86.48523977308236
 0.7288135593220338 91 3 2 19]
[0.0 'Spatial' 1.9652967561290184 86.48523977308236 0.0 91 3 4 0]
[3.3422176626281725 'Spatial' 1.9652967561290184 86.48523977308236
 2.11864406779661 91 3 4 1]
[3.163654499565841 'Spatial' 1.9652967561290184 86.48523977308236
 2.084745762711864 91 3 4 2]
[3.3067641571313495 'Spatial' 1.9652967561290184 86.48523977308236
 5.338983050847458 91 3 4 3]
[3.7299214095477735 'Spatial' 1.9652967561290184 86.48523977308236
 4.999999999999999 91 3 4 4]
[3.0648664613618966 'Spatial' 1.9652967561290184 86.48523977308236
 3.3050847457627115 91 3 4 5]
[2.7397917247457237 'Spatial' 1.9652967561290184 86.48523977308236
 1.2372881355932202 91 3 4 6]
[2.476432001940233 'Spatial' 1.9652967561290184 86.48523977308236
 1.2372881355932202 91 3 4 7]
[3.232064762043625 'Spatial' 1.9652967561290184 86.48523977308236
 1.0169491525423728 91 3 4 8]
[4.1314913392923724 'Spatial' 1.9652967561290184 86.48523977308236
 3.711864406779661 91 3 4 9]
[4.1588830833596715 'Spatial' 1.9652967561290184 86.48523977308236
 4.23728813559322 91 3 4 10]
[2.9561596040703138 'Spatial' 1.9652967561290184 86.48523977308236
 2.1864406779661016 91 3 4 11]
[1.3458271470181031 'Spatial' 1.9652967561290184 86.48523977308236
 1.5254237288135593 91 3 4 12]
[3.3408025933228047 'Spatial' 1.9652967561290184 86.48523977308236
 2.11864406779661 91 3 4 13]
[2.9811147319890554 'Spatial' 1.9652967561290184 86.48523977308236
 1.711864406779661 91 3 4 14]
[1.1025843911876738 'Spatial' 1.9652967561290184 86.48523977308236
 1.0169491525423728 91 3 4 15]
[2.1133949910804595 'Spatial' 1.9652967561290184 86.48523977308236
 1.271186440677966 91 3 4 16]
[3.6103960274403657 'Spatial' 1.9652967561290184 86.48523977308236
 2.016949152542373 91 3 4 17]
[3.930497004777938 'Spatial' 1.9652967561290184 86.48523977308236
 2.2203389830508473 91 3 4 18]
[0.7030454345213654 'Spatial' 1.9652967561290184 86.48523977308236
 0.7288135593220338 91 3 4 19]
[0.0 'Spatial' 1.9652967561290184 86.48523977308236 0.0 91 3 5 0]
[3.3422176626281725 'Spatial' 1.9652967561290184 86.48523977308236
 2.11864406779661 91 3 5 1]
[3.163654499565841 'Spatial' 1.9652967561290184 86.48523977308236
 2.084745762711864 91 3 5 2]
[3.3067641571313495 'Spatial' 1.9652967561290184 86.48523977308236
 5.338983050847458 91 3 5 3]
[3.7299214095477735 'Spatial' 1.9652967561290184 86.48523977308236
 4.999999999999999 91 3 5 4]
[3.0648664613618966 'Spatial' 1.9652967561290184 86.48523977308236
 3.3050847457627115 91 3 5 5]
[2.7397917247457237 'Spatial' 1.9652967561290184 86.48523977308236
 1.2372881355932202 91 3 5 6]
[2.476432001940233 'Spatial' 1.9652967561290184 86.48523977308236
 1.2372881355932202 91 3 5 7]
[3.232064762043625 'Spatial' 1.9652967561290184 86.48523977308236
 1.0169491525423728 91 3 5 8]
[4.1314913392923724 'Spatial' 1.9652967561290184 86.48523977308236
 3.711864406779661 91 3 5 9]
[4.1588830833596715 'Spatial' 1.9652967561290184 86.48523977308236
 4.23728813559322 91 3 5 10]
[2.9561596040703138 'Spatial' 1.9652967561290184 86.48523977308236
 2.1864406779661016 91 3 5 11]
[1.3458271470181031 'Spatial' 1.9652967561290184 86.48523977308236
 1.5254237288135593 91 3 5 12]
[3.3408025933228047 'Spatial' 1.9652967561290184 86.48523977308236
 2.11864406779661 91 3 5 13]
[2.9811147319890554 'Spatial' 1.9652967561290184 86.48523977308236
 1.711864406779661 91 3 5 14]
[1.1025843911876738 'Spatial' 1.9652967561290184 86.48523977308236
 1.0169491525423728 91 3 5 15]
[2.1133949910804595 'Spatial' 1.9652967561290184 86.48523977308236
 1.271186440677966 91 3 5 16]
[3.6103960274403657 'Spatial' 1.9652967561290184 86.48523977308236
 2.016949152542373 91 3 5 17]
[3.930497004777938 'Spatial' 1.9652967561290184 86.48523977308236
 2.2203389830508473 91 3 5 18]
[0.7030454345213654 'Spatial' 1.9652967561290184 86.48523977308236
 0.7288135593220338 91 3 5 19]
[0.0 'Spatial' 1.9652967561290184 86.48523977308236 0.0 91 3 6 0]
[3.3422176626281725 'Spatial' 1.9652967561290184 86.48523977308236
 2.11864406779661 91 3 6 1]
[3.163654499565841 'Spatial' 1.9652967561290184 86.48523977308236
 2.084745762711864 91 3 6 2]
[3.3067641571313495 'Spatial' 1.9652967561290184 86.48523977308236
 5.338983050847458 91 3 6 3]
[3.7299214095477735 'Spatial' 1.9652967561290184 86.48523977308236
 4.999999999999999 91 3 6 4]
[3.0648664613618966 'Spatial' 1.9652967561290184 86.48523977308236
 3.3050847457627115 91 3 6 5]
[2.7397917247457237 'Spatial' 1.9652967561290184 86.48523977308236
 1.2372881355932202 91 3 6 6]
[2.476432001940233 'Spatial' 1.9652967561290184 86.48523977308236
 1.2372881355932202 91 3 6 7]
[3.232064762043625 'Spatial' 1.9652967561290184 86.48523977308236
 1.0169491525423728 91 3 6 8]
[4.1314913392923724 'Spatial' 1.9652967561290184 86.48523977308236
 3.711864406779661 91 3 6 9]
[4.1588830833596715 'Spatial' 1.9652967561290184 86.48523977308236
 4.23728813559322 91 3 6 10]
[2.9561596040703138 'Spatial' 1.9652967561290184 86.48523977308236
 2.1864406779661016 91 3 6 11]
[1.3458271470181031 'Spatial' 1.9652967561290184 86.48523977308236
 1.5254237288135593 91 3 6 12]
[3.3408025933228047 'Spatial' 1.9652967561290184 86.48523977308236
 2.11864406779661 91 3 6 13]
[2.9811147319890554 'Spatial' 1.9652967561290184 86.48523977308236
 1.711864406779661 91 3 6 14]
[1.1025843911876738 'Spatial' 1.9652967561290184 86.48523977308236
 1.0169491525423728 91 3 6 15]
[2.1133949910804595 'Spatial' 1.9652967561290184 86.48523977308236
 1.271186440677966 91 3 6 16]
[3.6103960274403657 'Spatial' 1.9652967561290184 86.48523977308236
 2.016949152542373 91 3 6 17]
[3.930497004777938 'Spatial' 1.9652967561290184 86.48523977308236
 2.2203389830508473 91 3 6 18]
[0.7030454345213654 'Spatial' 1.9652967561290184 86.48523977308236
 0.7288135593220338 91 3 6 19]
[0.0 'Spatial' 1.9652967561290184 86.48523977308236 0.0 91 3 7 0]
[3.3422176626281725 'Spatial' 1.9652967561290184 86.48523977308236
 2.11864406779661 91 3 7 1]
[3.163654499565841 'Spatial' 1.9652967561290184 86.48523977308236
 2.084745762711864 91 3 7 2]
[3.3067641571313495 'Spatial' 1.9652967561290184 86.48523977308236
 5.338983050847458 91 3 7 3]
[3.7299214095477735 'Spatial' 1.9652967561290184 86.48523977308236
 4.999999999999999 91 3 7 4]
[3.0648664613618966 'Spatial' 1.9652967561290184 86.48523977308236
 3.3050847457627115 91 3 7 5]
[2.7397917247457237 'Spatial' 1.9652967561290184 86.48523977308236
 1.2372881355932202 91 3 7 6]
[2.476432001940233 'Spatial' 1.9652967561290184 86.48523977308236
 1.2372881355932202 91 3 7 7]
[3.232064762043625 'Spatial' 1.9652967561290184 86.48523977308236
 1.0169491525423728 91 3 7 8]
[4.1314913392923724 'Spatial' 1.9652967561290184 86.48523977308236
 3.711864406779661 91 3 7 9]
[4.1588830833596715 'Spatial' 1.9652967561290184 86.48523977308236
 4.23728813559322 91 3 7 10]
[2.9561596040703138 'Spatial' 1.9652967561290184 86.48523977308236
 2.1864406779661016 91 3 7 11]
[1.3458271470181031 'Spatial' 1.9652967561290184 86.48523977308236
 1.5254237288135593 91 3 7 12]
[3.3408025933228047 'Spatial' 1.9652967561290184 86.48523977308236
 2.11864406779661 91 3 7 13]
[2.9811147319890554 'Spatial' 1.9652967561290184 86.48523977308236
 1.711864406779661 91 3 7 14]
[1.1025843911876738 'Spatial' 1.9652967561290184 86.48523977308236
 1.0169491525423728 91 3 7 15]
[2.1133949910804595 'Spatial' 1.9652967561290184 86.48523977308236
 1.271186440677966 91 3 7 16]
[3.6103960274403657 'Spatial' 1.9652967561290184 86.48523977308236
 2.016949152542373 91 3 7 17]
[3.930497004777938 'Spatial' 1.9652967561290184 86.48523977308236
 2.2203389830508473 91 3 7 18]
[0.7030454345213654 'Spatial' 1.9652967561290184 86.48523977308236
 0.7288135593220338 91 3 7 19]
[0.0 'Spatial' 1.9652967561290184 86.48523977308236 0.0 91 3 8 0]
[3.3422176626281725 'Spatial' 1.9652967561290184 86.48523977308236
 2.11864406779661 91 3 8 1]
[3.163654499565841 'Spatial' 1.9652967561290184 86.48523977308236
 2.084745762711864 91 3 8 2]
[3.3067641571313495 'Spatial' 1.9652967561290184 86.48523977308236
 5.338983050847458 91 3 8 3]
[3.7299214095477735 'Spatial' 1.9652967561290184 86.48523977308236
 4.999999999999999 91 3 8 4]
[3.0648664613618966 'Spatial' 1.9652967561290184 86.48523977308236
 3.3050847457627115 91 3 8 5]
[2.7397917247457237 'Spatial' 1.9652967561290184 86.48523977308236
 1.2372881355932202 91 3 8 6]
[2.476432001940233 'Spatial' 1.9652967561290184 86.48523977308236
 1.2372881355932202 91 3 8 7]
[3.232064762043625 'Spatial' 1.9652967561290184 86.48523977308236
 1.0169491525423728 91 3 8 8]
[4.1314913392923724 'Spatial' 1.9652967561290184 86.48523977308236
 3.711864406779661 91 3 8 9]
[4.1588830833596715 'Spatial' 1.9652967561290184 86.48523977308236
 4.23728813559322 91 3 8 10]
[2.9561596040703138 'Spatial' 1.9652967561290184 86.48523977308236
 2.1864406779661016 91 3 8 11]
[1.3458271470181031 'Spatial' 1.9652967561290184 86.48523977308236
 1.5254237288135593 91 3 8 12]
[3.3408025933228047 'Spatial' 1.9652967561290184 86.48523977308236
 2.11864406779661 91 3 8 13]
[2.9811147319890554 'Spatial' 1.9652967561290184 86.48523977308236
 1.711864406779661 91 3 8 14]
[1.1025843911876738 'Spatial' 1.9652967561290184 86.48523977308236
 1.0169491525423728 91 3 8 15]
[2.1133949910804595 'Spatial' 1.9652967561290184 86.48523977308236
 1.271186440677966 91 3 8 16]
[3.6103960274403657 'Spatial' 1.9652967561290184 86.48523977308236
 2.016949152542373 91 3 8 17]
[3.930497004777938 'Spatial' 1.9652967561290184 86.48523977308236
 2.2203389830508473 91 3 8 18]
[0.7030454345213654 'Spatial' 1.9652967561290184 86.48523977308236
 0.7288135593220338 91 3 8 19]
