[0.0 'Spatial' 1.4584714448046816 87.27937855607142 0.0 21 3 0 0]
[3.5033992506576186 'Spatial' 1.4584714448046816 87.27937855607142
 3.2203389830508473 21 3 0 1]
[9.898368535064103 'Spatial' 1.4584714448046816 87.27937855607142
 10.169491525423728 21 3 0 2]
[0.30121726232191665 'Spatial' 1.4584714448046816 87.27937855607142
 3.7288135593220337 21 3 0 3]
[0.007026753996446688 'Spatial' 1.4584714448046816 87.27937855607142
 1.5084745762711864 21 3 0 4]
[0.00810913077383491 'Spatial' 1.4584714448046816 87.27937855607142
 1.135593220338983 21 3 0 5]
[0.008484662566541025 'Spatial' 1.4584714448046816 87.27937855607142
 0.9999999999999999 21 3 0 6]
[0.008804261515279807 'Spatial' 1.4584714448046816 87.27937855607142
 0.8983050847457626 21 3 0 7]
[0.008953905025109694 'Spatial' 1.4584714448046816 87.27937855607142
 0.847457627118644 21 3 0 8]
[0.009089700627028468 'Spatial' 1.4584714448046816 87.27937855607142
 0.7966101694915253 21 3 0 9]
[0.009121489767662281 'Spatial' 1.4584714448046816 87.27937855607142
 0.7966101694915253 21 3 0 10]
[0.009220186770535141 'Spatial' 1.4584714448046816 87.27937855607142
 0.7288135593220338 21 3 0 11]
[0.00921777241962825 'Spatial' 1.4584714448046816 87.27937855607142
 0.7288135593220338 21 3 0 12]
[0.00922429735960866 'Spatial' 1.4584714448046816 87.27937855607142
 0.7288135593220338 21 3 0 13]
[0.009279451421511238 'Spatial' 1.4584714448046816 87.27937855607142
 0.6779661016949152 21 3 0 14]
[0.009279481992743789 'Spatial' 1.4584714448046816 87.27937855607142
 0.6779661016949152 21 3 0 15]
[0.00927951220291455 'Spatial' 1.4584714448046816 87.27937855607142
 0.6779661016949152 21 3 0 16]
[0.009291167708411926 'Spatial' 1.4584714448046816 87.27937855607142
 0.6779661016949152 21 3 0 17]
[0.009321966111516217 'Spatial' 1.4584714448046816 87.27937855607142
 0.6271186440677965 21 3 0 18]
[0.009322420048725456 'Spatial' 1.4584714448046816 87.27937855607142
 0.6271186440677965 21 3 0 19]
[0.0 'Spatial' 1.4584714448046816 87.27937855607142 0.0 21 3 1 0]
[3.5033992506576186 'Spatial' 1.4584714448046816 87.27937855607142
 3.2203389830508473 21 3 1 1]
[9.898368535064103 'Spatial' 1.4584714448046816 87.27937855607142
 10.169491525423728 21 3 1 2]
[0.30121726232191665 'Spatial' 1.4584714448046816 87.27937855607142
 3.7288135593220337 21 3 1 3]
[0.007026753996446688 'Spatial' 1.4584714448046816 87.27937855607142
 1.5084745762711864 21 3 1 4]
[0.00810913077383491 'Spatial' 1.4584714448046816 87.27937855607142
 1.135593220338983 21 3 1 5]
[0.008484662566541025 'Spatial' 1.4584714448046816 87.27937855607142
 0.9999999999999999 21 3 1 6]
[0.008804261515279807 'Spatial' 1.4584714448046816 87.27937855607142
 0.8983050847457626 21 3 1 7]
[0.008953905025109694 'Spatial' 1.4584714448046816 87.27937855607142
 0.847457627118644 21 3 1 8]
[0.009089700627028468 'Spatial' 1.4584714448046816 87.27937855607142
 0.7966101694915253 21 3 1 9]
[0.009121489767662281 'Spatial' 1.4584714448046816 87.27937855607142
 0.7966101694915253 21 3 1 10]
[0.009220186770535141 'Spatial' 1.4584714448046816 87.27937855607142
 0.7288135593220338 21 3 1 11]
[0.00921777241962825 'Spatial' 1.4584714448046816 87.27937855607142
 0.7288135593220338 21 3 1 12]
[0.00922429735960866 'Spatial' 1.4584714448046816 87.27937855607142
 0.7288135593220338 21 3 1 13]
[0.009279451421511238 'Spatial' 1.4584714448046816 87.27937855607142
 0.6779661016949152 21 3 1 14]
[0.009279481992743789 'Spatial' 1.4584714448046816 87.27937855607142
 0.6779661016949152 21 3 1 15]
[0.00927951220291455 'Spatial' 1.4584714448046816 87.27937855607142
 0.6779661016949152 21 3 1 16]
[0.009291167708411926 'Spatial' 1.4584714448046816 87.27937855607142
 0.6779661016949152 21 3 1 17]
[0.009321966111516217 'Spatial' 1.4584714448046816 87.27937855607142
 0.6271186440677965 21 3 1 18]
[0.009322420048725456 'Spatial' 1.4584714448046816 87.27937855607142
 0.6271186440677965 21 3 1 19]
[0.0 'Spatial' 1.4584714448046816 87.27937855607142 0.0 21 3 2 0]
[3.5033992506576186 'Spatial' 1.4584714448046816 87.27937855607142
 3.2203389830508473 21 3 2 1]
[9.898368535064103 'Spatial' 1.4584714448046816 87.27937855607142
 10.169491525423728 21 3 2 2]
[0.30121726232191665 'Spatial' 1.4584714448046816 87.27937855607142
 3.7288135593220337 21 3 2 3]
[0.007026753996446688 'Spatial' 1.4584714448046816 87.27937855607142
 1.5084745762711864 21 3 2 4]
[0.00810913077383491 'Spatial' 1.4584714448046816 87.27937855607142
 1.135593220338983 21 3 2 5]
[0.008484662566541025 'Spatial' 1.4584714448046816 87.27937855607142
 0.9999999999999999 21 3 2 6]
[0.008804261515279807 'Spatial' 1.4584714448046816 87.27937855607142
 0.8983050847457626 21 3 2 7]
[0.008953905025109694 'Spatial' 1.4584714448046816 87.27937855607142
 0.847457627118644 21 3 2 8]
[0.009089700627028468 'Spatial' 1.4584714448046816 87.27937855607142
 0.7966101694915253 21 3 2 9]
[0.009121489767662281 'Spatial' 1.4584714448046816 87.27937855607142
 0.7966101694915253 21 3 2 10]
[0.009220186770535141 'Spatial' 1.4584714448046816 87.27937855607142
 0.7288135593220338 21 3 2 11]
[0.00921777241962825 'Spatial' 1.4584714448046816 87.27937855607142
 0.7288135593220338 21 3 2 12]
[0.00922429735960866 'Spatial' 1.4584714448046816 87.27937855607142
 0.7288135593220338 21 3 2 13]
[0.009279451421511238 'Spatial' 1.4584714448046816 87.27937855607142
 0.6779661016949152 21 3 2 14]
[0.009279481992743789 'Spatial' 1.4584714448046816 87.27937855607142
 0.6779661016949152 21 3 2 15]
[0.00927951220291455 'Spatial' 1.4584714448046816 87.27937855607142
 0.6779661016949152 21 3 2 16]
[0.009291167708411926 'Spatial' 1.4584714448046816 87.27937855607142
 0.6779661016949152 21 3 2 17]
[0.009321966111516217 'Spatial' 1.4584714448046816 87.27937855607142
 0.6271186440677965 21 3 2 18]
[0.009322420048725456 'Spatial' 1.4584714448046816 87.27937855607142
 0.6271186440677965 21 3 2 19]
[0.0 'Spatial' 1.4584714448046816 87.27937855607142 0.0 21 3 4 0]
[3.5033992506576186 'Spatial' 1.4584714448046816 87.27937855607142
 3.2203389830508473 21 3 4 1]
[9.898368535064103 'Spatial' 1.4584714448046816 87.27937855607142
 10.169491525423728 21 3 4 2]
[0.30121726232191665 'Spatial' 1.4584714448046816 87.27937855607142
 3.7288135593220337 21 3 4 3]
[0.007026753996446688 'Spatial' 1.4584714448046816 87.27937855607142
 1.5084745762711864 21 3 4 4]
[0.00810913077383491 'Spatial' 1.4584714448046816 87.27937855607142
 1.135593220338983 21 3 4 5]
[0.008484662566541025 'Spatial' 1.4584714448046816 87.27937855607142
 0.9999999999999999 21 3 4 6]
[0.008804261515279807 'Spatial' 1.4584714448046816 87.27937855607142
 0.8983050847457626 21 3 4 7]
[0.008953905025109694 'Spatial' 1.4584714448046816 87.27937855607142
 0.847457627118644 21 3 4 8]
[0.009089700627028468 'Spatial' 1.4584714448046816 87.27937855607142
 0.7966101694915253 21 3 4 9]
[0.009121489767662281 'Spatial' 1.4584714448046816 87.27937855607142
 0.7966101694915253 21 3 4 10]
[0.009220186770535141 'Spatial' 1.4584714448046816 87.27937855607142
 0.7288135593220338 21 3 4 11]
[0.00921777241962825 'Spatial' 1.4584714448046816 87.27937855607142
 0.7288135593220338 21 3 4 12]
[0.00922429735960866 'Spatial' 1.4584714448046816 87.27937855607142
 0.7288135593220338 21 3 4 13]
[0.009279451421511238 'Spatial' 1.4584714448046816 87.27937855607142
 0.6779661016949152 21 3 4 14]
[0.009279481992743789 'Spatial' 1.4584714448046816 87.27937855607142
 0.6779661016949152 21 3 4 15]
[0.00927951220291455 'Spatial' 1.4584714448046816 87.27937855607142
 0.6779661016949152 21 3 4 16]
[0.009291167708411926 'Spatial' 1.4584714448046816 87.27937855607142
 0.6779661016949152 21 3 4 17]
[0.009321966111516217 'Spatial' 1.4584714448046816 87.27937855607142
 0.6271186440677965 21 3 4 18]
[0.009322420048725456 'Spatial' 1.4584714448046816 87.27937855607142
 0.6271186440677965 21 3 4 19]
[0.0 'Spatial' 1.4584714448046816 87.27937855607142 0.0 21 3 5 0]
[3.5033992506576186 'Spatial' 1.4584714448046816 87.27937855607142
 3.2203389830508473 21 3 5 1]
[9.898368535064103 'Spatial' 1.4584714448046816 87.27937855607142
 10.169491525423728 21 3 5 2]
[0.30121726232191665 'Spatial' 1.4584714448046816 87.27937855607142
 3.7288135593220337 21 3 5 3]
[0.007026753996446688 'Spatial' 1.4584714448046816 87.27937855607142
 1.5084745762711864 21 3 5 4]
[0.00810913077383491 'Spatial' 1.4584714448046816 87.27937855607142
 1.135593220338983 21 3 5 5]
[0.008484662566541025 'Spatial' 1.4584714448046816 87.27937855607142
 0.9999999999999999 21 3 5 6]
[0.008804261515279807 'Spatial' 1.4584714448046816 87.27937855607142
 0.8983050847457626 21 3 5 7]
[0.008953905025109694 'Spatial' 1.4584714448046816 87.27937855607142
 0.847457627118644 21 3 5 8]
[0.009089700627028468 'Spatial' 1.4584714448046816 87.27937855607142
 0.7966101694915253 21 3 5 9]
[0.009121489767662281 'Spatial' 1.4584714448046816 87.27937855607142
 0.7966101694915253 21 3 5 10]
[0.009220186770535141 'Spatial' 1.4584714448046816 87.27937855607142
 0.7288135593220338 21 3 5 11]
[0.00921777241962825 'Spatial' 1.4584714448046816 87.27937855607142
 0.7288135593220338 21 3 5 12]
[0.00922429735960866 'Spatial' 1.4584714448046816 87.27937855607142
 0.7288135593220338 21 3 5 13]
[0.009279451421511238 'Spatial' 1.4584714448046816 87.27937855607142
 0.6779661016949152 21 3 5 14]
[0.009279481992743789 'Spatial' 1.4584714448046816 87.27937855607142
 0.6779661016949152 21 3 5 15]
[0.00927951220291455 'Spatial' 1.4584714448046816 87.27937855607142
 0.6779661016949152 21 3 5 16]
[0.009291167708411926 'Spatial' 1.4584714448046816 87.27937855607142
 0.6779661016949152 21 3 5 17]
[0.009321966111516217 'Spatial' 1.4584714448046816 87.27937855607142
 0.6271186440677965 21 3 5 18]
[0.009322420048725456 'Spatial' 1.4584714448046816 87.27937855607142
 0.6271186440677965 21 3 5 19]
[0.0 'Spatial' 1.4584714448046816 87.27937855607142 0.0 21 3 6 0]
[3.5033992506576186 'Spatial' 1.4584714448046816 87.27937855607142
 3.2203389830508473 21 3 6 1]
[9.898368535064103 'Spatial' 1.4584714448046816 87.27937855607142
 10.169491525423728 21 3 6 2]
[0.30121726232191665 'Spatial' 1.4584714448046816 87.27937855607142
 3.7288135593220337 21 3 6 3]
[0.007026753996446688 'Spatial' 1.4584714448046816 87.27937855607142
 1.5084745762711864 21 3 6 4]
[0.00810913077383491 'Spatial' 1.4584714448046816 87.27937855607142
 1.135593220338983 21 3 6 5]
[0.008484662566541025 'Spatial' 1.4584714448046816 87.27937855607142
 0.9999999999999999 21 3 6 6]
[0.008804261515279807 'Spatial' 1.4584714448046816 87.27937855607142
 0.8983050847457626 21 3 6 7]
[0.008953905025109694 'Spatial' 1.4584714448046816 87.27937855607142
 0.847457627118644 21 3 6 8]
[0.009089700627028468 'Spatial' 1.4584714448046816 87.27937855607142
 0.7966101694915253 21 3 6 9]
[0.009121489767662281 'Spatial' 1.4584714448046816 87.27937855607142
 0.7966101694915253 21 3 6 10]
[0.009220186770535141 'Spatial' 1.4584714448046816 87.27937855607142
 0.7288135593220338 21 3 6 11]
[0.00921777241962825 'Spatial' 1.4584714448046816 87.27937855607142
 0.7288135593220338 21 3 6 12]
[0.00922429735960866 'Spatial' 1.4584714448046816 87.27937855607142
 0.7288135593220338 21 3 6 13]
[0.009279451421511238 'Spatial' 1.4584714448046816 87.27937855607142
 0.6779661016949152 21 3 6 14]
[0.009279481992743789 'Spatial' 1.4584714448046816 87.27937855607142
 0.6779661016949152 21 3 6 15]
[0.00927951220291455 'Spatial' 1.4584714448046816 87.27937855607142
 0.6779661016949152 21 3 6 16]
[0.009291167708411926 'Spatial' 1.4584714448046816 87.27937855607142
 0.6779661016949152 21 3 6 17]
[0.009321966111516217 'Spatial' 1.4584714448046816 87.27937855607142
 0.6271186440677965 21 3 6 18]
[0.009322420048725456 'Spatial' 1.4584714448046816 87.27937855607142
 0.6271186440677965 21 3 6 19]
[0.0 'Spatial' 1.4584714448046816 87.27937855607142 0.0 21 3 7 0]
[3.5033992506576186 'Spatial' 1.4584714448046816 87.27937855607142
 3.2203389830508473 21 3 7 1]
[9.898368535064103 'Spatial' 1.4584714448046816 87.27937855607142
 10.169491525423728 21 3 7 2]
[0.30121726232191665 'Spatial' 1.4584714448046816 87.27937855607142
 3.7288135593220337 21 3 7 3]
[0.007026753996446688 'Spatial' 1.4584714448046816 87.27937855607142
 1.5084745762711864 21 3 7 4]
[0.00810913077383491 'Spatial' 1.4584714448046816 87.27937855607142
 1.135593220338983 21 3 7 5]
[0.008484662566541025 'Spatial' 1.4584714448046816 87.27937855607142
 0.9999999999999999 21 3 7 6]
[0.008804261515279807 'Spatial' 1.4584714448046816 87.27937855607142
 0.8983050847457626 21 3 7 7]
[0.008953905025109694 'Spatial' 1.4584714448046816 87.27937855607142
 0.847457627118644 21 3 7 8]
[0.009089700627028468 'Spatial' 1.4584714448046816 87.27937855607142
 0.7966101694915253 21 3 7 9]
[0.009121489767662281 'Spatial' 1.4584714448046816 87.27937855607142
 0.7966101694915253 21 3 7 10]
[0.009220186770535141 'Spatial' 1.4584714448046816 87.27937855607142
 0.7288135593220338 21 3 7 11]
[0.00921777241962825 'Spatial' 1.4584714448046816 87.27937855607142
 0.7288135593220338 21 3 7 12]
[0.00922429735960866 'Spatial' 1.4584714448046816 87.27937855607142
 0.7288135593220338 21 3 7 13]
[0.009279451421511238 'Spatial' 1.4584714448046816 87.27937855607142
 0.6779661016949152 21 3 7 14]
[0.009279481992743789 'Spatial' 1.4584714448046816 87.27937855607142
 0.6779661016949152 21 3 7 15]
[0.00927951220291455 'Spatial' 1.4584714448046816 87.27937855607142
 0.6779661016949152 21 3 7 16]
[0.009291167708411926 'Spatial' 1.4584714448046816 87.27937855607142
 0.6779661016949152 21 3 7 17]
[0.009321966111516217 'Spatial' 1.4584714448046816 87.27937855607142
 0.6271186440677965 21 3 7 18]
[0.009322420048725456 'Spatial' 1.4584714448046816 87.27937855607142
 0.6271186440677965 21 3 7 19]
[0.0 'Spatial' 1.4584714448046816 87.27937855607142 0.0 21 3 8 0]
[3.5033992506576186 'Spatial' 1.4584714448046816 87.27937855607142
 3.2203389830508473 21 3 8 1]
[9.898368535064103 'Spatial' 1.4584714448046816 87.27937855607142
 10.169491525423728 21 3 8 2]
[0.30121726232191665 'Spatial' 1.4584714448046816 87.27937855607142
 3.7288135593220337 21 3 8 3]
[0.007026753996446688 'Spatial' 1.4584714448046816 87.27937855607142
 1.5084745762711864 21 3 8 4]
[0.00810913077383491 'Spatial' 1.4584714448046816 87.27937855607142
 1.135593220338983 21 3 8 5]
[0.008484662566541025 'Spatial' 1.4584714448046816 87.27937855607142
 0.9999999999999999 21 3 8 6]
[0.008804261515279807 'Spatial' 1.4584714448046816 87.27937855607142
 0.8983050847457626 21 3 8 7]
[0.008953905025109694 'Spatial' 1.4584714448046816 87.27937855607142
 0.847457627118644 21 3 8 8]
[0.009089700627028468 'Spatial' 1.4584714448046816 87.27937855607142
 0.7966101694915253 21 3 8 9]
[0.009121489767662281 'Spatial' 1.4584714448046816 87.27937855607142
 0.7966101694915253 21 3 8 10]
[0.009220186770535141 'Spatial' 1.4584714448046816 87.27937855607142
 0.7288135593220338 21 3 8 11]
[0.00921777241962825 'Spatial' 1.4584714448046816 87.27937855607142
 0.7288135593220338 21 3 8 12]
[0.00922429735960866 'Spatial' 1.4584714448046816 87.27937855607142
 0.7288135593220338 21 3 8 13]
[0.009279451421511238 'Spatial' 1.4584714448046816 87.27937855607142
 0.6779661016949152 21 3 8 14]
[0.009279481992743789 'Spatial' 1.4584714448046816 87.27937855607142
 0.6779661016949152 21 3 8 15]
[0.00927951220291455 'Spatial' 1.4584714448046816 87.27937855607142
 0.6779661016949152 21 3 8 16]
[0.009291167708411926 'Spatial' 1.4584714448046816 87.27937855607142
 0.6779661016949152 21 3 8 17]
[0.009321966111516217 'Spatial' 1.4584714448046816 87.27937855607142
 0.6271186440677965 21 3 8 18]
[0.009322420048725456 'Spatial' 1.4584714448046816 87.27937855607142
 0.6271186440677965 21 3 8 19]
