[0.0 'Spatial' 0.026875676762912602 0.767012371247224 0.0 68 5 0 0]
[3.449191701402031 'Spatial' 0.026875676762912602 0.767012371247224
 3.2203389830508473 68 5 0 1]
[4.017206831121461 'Spatial' 0.026875676762912602 0.767012371247224
 1.7457627118644066 68 5 0 2]
[2.8737417922285347 'Spatial' 0.026875676762912602 0.767012371247224
 2.5254237288135593 68 5 0 3]
[2.149396705779996 'Spatial' 0.026875676762912602 0.767012371247224
 1.0677966101694913 68 5 0 4]
[3.017036237583369 'Spatial' 0.026875676762912602 0.767012371247224
 0.9322033898305084 68 5 0 5]
[2.4607148753493395 'Spatial' 0.026875676762912602 0.767012371247224
 0.847457627118644 68 5 0 6]
[1.1348374208605965 'Spatial' 0.026875676762912602 0.767012371247224
 0.6779661016949152 68 5 0 7]
[3.6253485189898074 'Spatial' 0.026875676762912602 0.767012371247224
 10.169491525423728 68 5 0 8]
[1.2650749416781517 'Spatial' 0.026875676762912602 0.767012371247224
 6.830508474576271 68 5 0 9]
[0.2153634927416152 'Spatial' 0.026875676762912602 0.767012371247224
 4.220338983050847 68 5 0 10]
[0.0006298016333097749 'Spatial' 0.026875676762912602 0.767012371247224
 0.1694915254237288 68 5 0 11]
[0.0006298016333097749 'Spatial' 0.026875676762912602 0.767012371247224
 0.1694915254237288 68 5 0 12]
[0.0006298016333097749 'Spatial' 0.026875676762912602 0.767012371247224
 0.1694915254237288 68 5 0 13]
[0.0006298016333097749 'Spatial' 0.026875676762912602 0.767012371247224
 0.1694915254237288 68 5 0 14]
[0.0006298016333097749 'Spatial' 0.026875676762912602 0.767012371247224
 0.1694915254237288 68 5 0 15]
[0.0006298016333097749 'Spatial' 0.026875676762912602 0.767012371247224
 0.1694915254237288 68 5 0 16]
[0.0006298016333097749 'Spatial' 0.026875676762912602 0.767012371247224
 0.1694915254237288 68 5 0 17]
[0.0006298016333097749 'Spatial' 0.026875676762912602 0.767012371247224
 0.1694915254237288 68 5 0 18]
[0.0006298016333097749 'Spatial' 0.026875676762912602 0.767012371247224
 0.1694915254237288 68 5 0 19]
[0.0 'Spatial' 0.026875676762912602 0.767012371247224 0.0 68 5 1 0]
[3.449191701402031 'Spatial' 0.026875676762912602 0.767012371247224
 3.2203389830508473 68 5 1 1]
[4.017206831121461 'Spatial' 0.026875676762912602 0.767012371247224
 1.7457627118644066 68 5 1 2]
[2.8737417922285347 'Spatial' 0.026875676762912602 0.767012371247224
 2.5254237288135593 68 5 1 3]
[2.149396705779996 'Spatial' 0.026875676762912602 0.767012371247224
 1.0677966101694913 68 5 1 4]
[3.017036237583369 'Spatial' 0.026875676762912602 0.767012371247224
 0.9322033898305084 68 5 1 5]
[2.4607148753493395 'Spatial' 0.026875676762912602 0.767012371247224
 0.847457627118644 68 5 1 6]
[1.1348374208605965 'Spatial' 0.026875676762912602 0.767012371247224
 0.6779661016949152 68 5 1 7]
[3.6253485189898074 'Spatial' 0.026875676762912602 0.767012371247224
 10.169491525423728 68 5 1 8]
[1.2650749416781517 'Spatial' 0.026875676762912602 0.767012371247224
 6.830508474576271 68 5 1 9]
[0.2153634927416152 'Spatial' 0.026875676762912602 0.767012371247224
 4.220338983050847 68 5 1 10]
[0.0006298016333097749 'Spatial' 0.026875676762912602 0.767012371247224
 0.1694915254237288 68 5 1 11]
[0.0006298016333097749 'Spatial' 0.026875676762912602 0.767012371247224
 0.1694915254237288 68 5 1 12]
[0.0006298016333097749 'Spatial' 0.026875676762912602 0.767012371247224
 0.1694915254237288 68 5 1 13]
[0.0006298016333097749 'Spatial' 0.026875676762912602 0.767012371247224
 0.1694915254237288 68 5 1 14]
[0.0006298016333097749 'Spatial' 0.026875676762912602 0.767012371247224
 0.1694915254237288 68 5 1 15]
[0.0006298016333097749 'Spatial' 0.026875676762912602 0.767012371247224
 0.1694915254237288 68 5 1 16]
[0.0006298016333097749 'Spatial' 0.026875676762912602 0.767012371247224
 0.1694915254237288 68 5 1 17]
[0.0006298016333097749 'Spatial' 0.026875676762912602 0.767012371247224
 0.1694915254237288 68 5 1 18]
[0.0006298016333097749 'Spatial' 0.026875676762912602 0.767012371247224
 0.1694915254237288 68 5 1 19]
[0.0 'Spatial' 0.026875676762912602 0.767012371247224 0.0 68 5 2 0]
[3.449191701402031 'Spatial' 0.026875676762912602 0.767012371247224
 3.2203389830508473 68 5 2 1]
[4.017206831121461 'Spatial' 0.026875676762912602 0.767012371247224
 1.7457627118644066 68 5 2 2]
[2.8737417922285347 'Spatial' 0.026875676762912602 0.767012371247224
 2.5254237288135593 68 5 2 3]
[2.149396705779996 'Spatial' 0.026875676762912602 0.767012371247224
 1.0677966101694913 68 5 2 4]
[3.017036237583369 'Spatial' 0.026875676762912602 0.767012371247224
 0.9322033898305084 68 5 2 5]
[2.4607148753493395 'Spatial' 0.026875676762912602 0.767012371247224
 0.847457627118644 68 5 2 6]
[1.1348374208605965 'Spatial' 0.026875676762912602 0.767012371247224
 0.6779661016949152 68 5 2 7]
[3.6253485189898074 'Spatial' 0.026875676762912602 0.767012371247224
 10.169491525423728 68 5 2 8]
[1.2650749416781517 'Spatial' 0.026875676762912602 0.767012371247224
 6.830508474576271 68 5 2 9]
[0.2153634927416152 'Spatial' 0.026875676762912602 0.767012371247224
 4.220338983050847 68 5 2 10]
[0.0006298016333097749 'Spatial' 0.026875676762912602 0.767012371247224
 0.1694915254237288 68 5 2 11]
[0.0006298016333097749 'Spatial' 0.026875676762912602 0.767012371247224
 0.1694915254237288 68 5 2 12]
[0.0006298016333097749 'Spatial' 0.026875676762912602 0.767012371247224
 0.1694915254237288 68 5 2 13]
[0.0006298016333097749 'Spatial' 0.026875676762912602 0.767012371247224
 0.1694915254237288 68 5 2 14]
[0.0006298016333097749 'Spatial' 0.026875676762912602 0.767012371247224
 0.1694915254237288 68 5 2 15]
[0.0006298016333097749 'Spatial' 0.026875676762912602 0.767012371247224
 0.1694915254237288 68 5 2 16]
[0.0006298016333097749 'Spatial' 0.026875676762912602 0.767012371247224
 0.1694915254237288 68 5 2 17]
[0.0006298016333097749 'Spatial' 0.026875676762912602 0.767012371247224
 0.1694915254237288 68 5 2 18]
[0.0006298016333097749 'Spatial' 0.026875676762912602 0.767012371247224
 0.1694915254237288 68 5 2 19]
[0.0 'Spatial' 0.026875676762912602 0.767012371247224 0.0 68 5 3 0]
[3.449191701402031 'Spatial' 0.026875676762912602 0.767012371247224
 3.2203389830508473 68 5 3 1]
[4.017206831121461 'Spatial' 0.026875676762912602 0.767012371247224
 1.7457627118644066 68 5 3 2]
[2.8737417922285347 'Spatial' 0.026875676762912602 0.767012371247224
 2.5254237288135593 68 5 3 3]
[2.149396705779996 'Spatial' 0.026875676762912602 0.767012371247224
 1.0677966101694913 68 5 3 4]
[3.017036237583369 'Spatial' 0.026875676762912602 0.767012371247224
 0.9322033898305084 68 5 3 5]
[2.4607148753493395 'Spatial' 0.026875676762912602 0.767012371247224
 0.847457627118644 68 5 3 6]
[1.1348374208605965 'Spatial' 0.026875676762912602 0.767012371247224
 0.6779661016949152 68 5 3 7]
[3.6253485189898074 'Spatial' 0.026875676762912602 0.767012371247224
 10.169491525423728 68 5 3 8]
[1.2650749416781517 'Spatial' 0.026875676762912602 0.767012371247224
 6.830508474576271 68 5 3 9]
[0.2153634927416152 'Spatial' 0.026875676762912602 0.767012371247224
 4.220338983050847 68 5 3 10]
[0.0006298016333097749 'Spatial' 0.026875676762912602 0.767012371247224
 0.1694915254237288 68 5 3 11]
[0.0006298016333097749 'Spatial' 0.026875676762912602 0.767012371247224
 0.1694915254237288 68 5 3 12]
[0.0006298016333097749 'Spatial' 0.026875676762912602 0.767012371247224
 0.1694915254237288 68 5 3 13]
[0.0006298016333097749 'Spatial' 0.026875676762912602 0.767012371247224
 0.1694915254237288 68 5 3 14]
[0.0006298016333097749 'Spatial' 0.026875676762912602 0.767012371247224
 0.1694915254237288 68 5 3 15]
[0.0006298016333097749 'Spatial' 0.026875676762912602 0.767012371247224
 0.1694915254237288 68 5 3 16]
[0.0006298016333097749 'Spatial' 0.026875676762912602 0.767012371247224
 0.1694915254237288 68 5 3 17]
[0.0006298016333097749 'Spatial' 0.026875676762912602 0.767012371247224
 0.1694915254237288 68 5 3 18]
[0.0006298016333097749 'Spatial' 0.026875676762912602 0.767012371247224
 0.1694915254237288 68 5 3 19]
[0.0 'Spatial' 0.026875676762912602 0.767012371247224 0.0 68 5 4 0]
[3.449191701402031 'Spatial' 0.026875676762912602 0.767012371247224
 3.2203389830508473 68 5 4 1]
[4.017206831121461 'Spatial' 0.026875676762912602 0.767012371247224
 1.7457627118644066 68 5 4 2]
[2.8737417922285347 'Spatial' 0.026875676762912602 0.767012371247224
 2.5254237288135593 68 5 4 3]
[2.149396705779996 'Spatial' 0.026875676762912602 0.767012371247224
 1.0677966101694913 68 5 4 4]
[3.017036237583369 'Spatial' 0.026875676762912602 0.767012371247224
 0.9322033898305084 68 5 4 5]
[2.4607148753493395 'Spatial' 0.026875676762912602 0.767012371247224
 0.847457627118644 68 5 4 6]
[1.1348374208605965 'Spatial' 0.026875676762912602 0.767012371247224
 0.6779661016949152 68 5 4 7]
[3.6253485189898074 'Spatial' 0.026875676762912602 0.767012371247224
 10.169491525423728 68 5 4 8]
[1.2650749416781517 'Spatial' 0.026875676762912602 0.767012371247224
 6.830508474576271 68 5 4 9]
[0.2153634927416152 'Spatial' 0.026875676762912602 0.767012371247224
 4.220338983050847 68 5 4 10]
[0.0006298016333097749 'Spatial' 0.026875676762912602 0.767012371247224
 0.1694915254237288 68 5 4 11]
[0.0006298016333097749 'Spatial' 0.026875676762912602 0.767012371247224
 0.1694915254237288 68 5 4 12]
[0.0006298016333097749 'Spatial' 0.026875676762912602 0.767012371247224
 0.1694915254237288 68 5 4 13]
[0.0006298016333097749 'Spatial' 0.026875676762912602 0.767012371247224
 0.1694915254237288 68 5 4 14]
[0.0006298016333097749 'Spatial' 0.026875676762912602 0.767012371247224
 0.1694915254237288 68 5 4 15]
[0.0006298016333097749 'Spatial' 0.026875676762912602 0.767012371247224
 0.1694915254237288 68 5 4 16]
[0.0006298016333097749 'Spatial' 0.026875676762912602 0.767012371247224
 0.1694915254237288 68 5 4 17]
[0.0006298016333097749 'Spatial' 0.026875676762912602 0.767012371247224
 0.1694915254237288 68 5 4 18]
[0.0006298016333097749 'Spatial' 0.026875676762912602 0.767012371247224
 0.1694915254237288 68 5 4 19]
[0.0 'Spatial' 0.026875676762912602 0.767012371247224 0.0 68 5 6 0]
[3.449191701402031 'Spatial' 0.026875676762912602 0.767012371247224
 3.2203389830508473 68 5 6 1]
[4.017206831121461 'Spatial' 0.026875676762912602 0.767012371247224
 1.7457627118644066 68 5 6 2]
[2.8737417922285347 'Spatial' 0.026875676762912602 0.767012371247224
 2.5254237288135593 68 5 6 3]
[2.149396705779996 'Spatial' 0.026875676762912602 0.767012371247224
 1.0677966101694913 68 5 6 4]
[3.017036237583369 'Spatial' 0.026875676762912602 0.767012371247224
 0.9322033898305084 68 5 6 5]
[2.4607148753493395 'Spatial' 0.026875676762912602 0.767012371247224
 0.847457627118644 68 5 6 6]
[1.1348374208605965 'Spatial' 0.026875676762912602 0.767012371247224
 0.6779661016949152 68 5 6 7]
[3.6253485189898074 'Spatial' 0.026875676762912602 0.767012371247224
 10.169491525423728 68 5 6 8]
[1.2650749416781517 'Spatial' 0.026875676762912602 0.767012371247224
 6.830508474576271 68 5 6 9]
[0.2153634927416152 'Spatial' 0.026875676762912602 0.767012371247224
 4.220338983050847 68 5 6 10]
[0.0006298016333097749 'Spatial' 0.026875676762912602 0.767012371247224
 0.1694915254237288 68 5 6 11]
[0.0006298016333097749 'Spatial' 0.026875676762912602 0.767012371247224
 0.1694915254237288 68 5 6 12]
[0.0006298016333097749 'Spatial' 0.026875676762912602 0.767012371247224
 0.1694915254237288 68 5 6 13]
[0.0006298016333097749 'Spatial' 0.026875676762912602 0.767012371247224
 0.1694915254237288 68 5 6 14]
[0.0006298016333097749 'Spatial' 0.026875676762912602 0.767012371247224
 0.1694915254237288 68 5 6 15]
[0.0006298016333097749 'Spatial' 0.026875676762912602 0.767012371247224
 0.1694915254237288 68 5 6 16]
[0.0006298016333097749 'Spatial' 0.026875676762912602 0.767012371247224
 0.1694915254237288 68 5 6 17]
[0.0006298016333097749 'Spatial' 0.026875676762912602 0.767012371247224
 0.1694915254237288 68 5 6 18]
[0.0006298016333097749 'Spatial' 0.026875676762912602 0.767012371247224
 0.1694915254237288 68 5 6 19]
[0.0 'Spatial' 0.026875676762912602 0.767012371247224 0.0 68 5 7 0]
[3.449191701402031 'Spatial' 0.026875676762912602 0.767012371247224
 3.2203389830508473 68 5 7 1]
[4.017206831121461 'Spatial' 0.026875676762912602 0.767012371247224
 1.7457627118644066 68 5 7 2]
[2.8737417922285347 'Spatial' 0.026875676762912602 0.767012371247224
 2.5254237288135593 68 5 7 3]
[2.149396705779996 'Spatial' 0.026875676762912602 0.767012371247224
 1.0677966101694913 68 5 7 4]
[3.017036237583369 'Spatial' 0.026875676762912602 0.767012371247224
 0.9322033898305084 68 5 7 5]
[2.4607148753493395 'Spatial' 0.026875676762912602 0.767012371247224
 0.847457627118644 68 5 7 6]
[1.1348374208605965 'Spatial' 0.026875676762912602 0.767012371247224
 0.6779661016949152 68 5 7 7]
[3.6253485189898074 'Spatial' 0.026875676762912602 0.767012371247224
 10.169491525423728 68 5 7 8]
[1.2650749416781517 'Spatial' 0.026875676762912602 0.767012371247224
 6.830508474576271 68 5 7 9]
[0.2153634927416152 'Spatial' 0.026875676762912602 0.767012371247224
 4.220338983050847 68 5 7 10]
[0.0006298016333097749 'Spatial' 0.026875676762912602 0.767012371247224
 0.1694915254237288 68 5 7 11]
[0.0006298016333097749 'Spatial' 0.026875676762912602 0.767012371247224
 0.1694915254237288 68 5 7 12]
[0.0006298016333097749 'Spatial' 0.026875676762912602 0.767012371247224
 0.1694915254237288 68 5 7 13]
[0.0006298016333097749 'Spatial' 0.026875676762912602 0.767012371247224
 0.1694915254237288 68 5 7 14]
[0.0006298016333097749 'Spatial' 0.026875676762912602 0.767012371247224
 0.1694915254237288 68 5 7 15]
[0.0006298016333097749 'Spatial' 0.026875676762912602 0.767012371247224
 0.1694915254237288 68 5 7 16]
[0.0006298016333097749 'Spatial' 0.026875676762912602 0.767012371247224
 0.1694915254237288 68 5 7 17]
[0.0006298016333097749 'Spatial' 0.026875676762912602 0.767012371247224
 0.1694915254237288 68 5 7 18]
[0.0006298016333097749 'Spatial' 0.026875676762912602 0.767012371247224
 0.1694915254237288 68 5 7 19]
[0.0 'Spatial' 0.026875676762912602 0.767012371247224 0.0 68 5 8 0]
[3.449191701402031 'Spatial' 0.026875676762912602 0.767012371247224
 3.2203389830508473 68 5 8 1]
[4.017206831121461 'Spatial' 0.026875676762912602 0.767012371247224
 1.7457627118644066 68 5 8 2]
[2.8737417922285347 'Spatial' 0.026875676762912602 0.767012371247224
 2.5254237288135593 68 5 8 3]
[2.149396705779996 'Spatial' 0.026875676762912602 0.767012371247224
 1.0677966101694913 68 5 8 4]
[3.017036237583369 'Spatial' 0.026875676762912602 0.767012371247224
 0.9322033898305084 68 5 8 5]
[2.4607148753493395 'Spatial' 0.026875676762912602 0.767012371247224
 0.847457627118644 68 5 8 6]
[1.1348374208605965 'Spatial' 0.026875676762912602 0.767012371247224
 0.6779661016949152 68 5 8 7]
[3.6253485189898074 'Spatial' 0.026875676762912602 0.767012371247224
 10.169491525423728 68 5 8 8]
[1.2650749416781517 'Spatial' 0.026875676762912602 0.767012371247224
 6.830508474576271 68 5 8 9]
[0.2153634927416152 'Spatial' 0.026875676762912602 0.767012371247224
 4.220338983050847 68 5 8 10]
[0.0006298016333097749 'Spatial' 0.026875676762912602 0.767012371247224
 0.1694915254237288 68 5 8 11]
[0.0006298016333097749 'Spatial' 0.026875676762912602 0.767012371247224
 0.1694915254237288 68 5 8 12]
[0.0006298016333097749 'Spatial' 0.026875676762912602 0.767012371247224
 0.1694915254237288 68 5 8 13]
[0.0006298016333097749 'Spatial' 0.026875676762912602 0.767012371247224
 0.1694915254237288 68 5 8 14]
[0.0006298016333097749 'Spatial' 0.026875676762912602 0.767012371247224
 0.1694915254237288 68 5 8 15]
[0.0006298016333097749 'Spatial' 0.026875676762912602 0.767012371247224
 0.1694915254237288 68 5 8 16]
[0.0006298016333097749 'Spatial' 0.026875676762912602 0.767012371247224
 0.1694915254237288 68 5 8 17]
[0.0006298016333097749 'Spatial' 0.026875676762912602 0.767012371247224
 0.1694915254237288 68 5 8 18]
[0.0006298016333097749 'Spatial' 0.026875676762912602 0.767012371247224
 0.1694915254237288 68 5 8 19]
