[0.0 'Conceptual' 0.08468003741950686 0.5161057311598128 0.0 94 3 0 0]
[4.143170598392703 'Conceptual' 0.08468003741950686 0.5161057311598128
 0.1694915254237288 94 3 0 1]
[3.871229994005862 'Conceptual' 0.08468003741950686 0.5161057311598128
 2.016949152542373 94 3 0 2]
[2.608089007399541 'Conceptual' 0.08468003741950686 0.5161057311598128
 3.8983050847457625 94 3 0 3]
[2.5682272487630677 'Conceptual' 0.08468003741950686 0.5161057311598128
 4.11864406779661 94 3 0 4]
[4.072318363192793 'Conceptual' 0.08468003741950686 0.5161057311598128
 0.4915254237288135 94 3 0 5]
[4.078002512059854 'Conceptual' 0.08468003741950686 0.5161057311598128
 0.1694915254237288 94 3 0 6]
[4.011546593509361 'Conceptual' 0.08468003741950686 0.5161057311598128
 0.559322033898305 94 3 0 7]
[4.20169765466739 'Conceptual' 0.08468003741950686 0.5161057311598128
 3.542372881355932 94 3 0 8]
[3.4362359075585576 'Conceptual' 0.08468003741950686 0.5161057311598128
 1.5762711864406778 94 3 0 9]
[1.722059735080261 'Conceptual' 0.08468003741950686 0.5161057311598128
 1.2372881355932202 94 3 0 10]
[0.6239300414087015 'Conceptual' 0.08468003741950686 0.5161057311598128
 1.1016949152542372 94 3 0 11]
[0.18431848574687063 'Conceptual' 0.08468003741950686 0.5161057311598128
 0.38983050847457623 94 3 0 12]
[0.05148231454255851 'Conceptual' 0.08468003741950686 0.5161057311598128
 0.38983050847457623 94 3 0 13]
[0.01571075025034738 'Conceptual' 0.08468003741950686 0.5161057311598128
 0.38983050847457623 94 3 0 14]
[0.005292263969473824 'Conceptual' 0.08468003741950686 0.5161057311598128
 0.3389830508474576 94 3 0 15]
[0.0019468542328086073 'Conceptual' 0.08468003741950686 0.5161057311598128
 0.3389830508474576 94 3 0 16]
[0.0007910684960089964 'Conceptual' 0.08468003741950686 0.5161057311598128
 0.3389830508474576 94 3 0 17]
[0.0006298016333097749 'Conceptual' 0.08468003741950686 0.5161057311598128
 0.1694915254237288 94 3 0 18]
[0.0006298016333097749 'Conceptual' 0.08468003741950686 0.5161057311598128
 0.1694915254237288 94 3 0 19]
[0.0 'Conceptual' 0.08468003741950686 0.5161057311598128 0.0 94 3 1 0]
[4.143170598392703 'Conceptual' 0.08468003741950686 0.5161057311598128
 0.1694915254237288 94 3 1 1]
[3.871229994005862 'Conceptual' 0.08468003741950686 0.5161057311598128
 2.016949152542373 94 3 1 2]
[2.608089007399541 'Conceptual' 0.08468003741950686 0.5161057311598128
 3.8983050847457625 94 3 1 3]
[2.5682272487630677 'Conceptual' 0.08468003741950686 0.5161057311598128
 4.11864406779661 94 3 1 4]
[4.072318363192793 'Conceptual' 0.08468003741950686 0.5161057311598128
 0.4915254237288135 94 3 1 5]
[4.078002512059854 'Conceptual' 0.08468003741950686 0.5161057311598128
 0.1694915254237288 94 3 1 6]
[4.011546593509361 'Conceptual' 0.08468003741950686 0.5161057311598128
 0.559322033898305 94 3 1 7]
[4.20169765466739 'Conceptual' 0.08468003741950686 0.5161057311598128
 3.542372881355932 94 3 1 8]
[3.4362359075585576 'Conceptual' 0.08468003741950686 0.5161057311598128
 1.5762711864406778 94 3 1 9]
[1.722059735080261 'Conceptual' 0.08468003741950686 0.5161057311598128
 1.2372881355932202 94 3 1 10]
[0.6239300414087015 'Conceptual' 0.08468003741950686 0.5161057311598128
 1.1016949152542372 94 3 1 11]
[0.18431848574687063 'Conceptual' 0.08468003741950686 0.5161057311598128
 0.38983050847457623 94 3 1 12]
[0.05148231454255851 'Conceptual' 0.08468003741950686 0.5161057311598128
 0.38983050847457623 94 3 1 13]
[0.01571075025034738 'Conceptual' 0.08468003741950686 0.5161057311598128
 0.38983050847457623 94 3 1 14]
[0.005292263969473824 'Conceptual' 0.08468003741950686 0.5161057311598128
 0.3389830508474576 94 3 1 15]
[0.0019468542328086073 'Conceptual' 0.08468003741950686 0.5161057311598128
 0.3389830508474576 94 3 1 16]
[0.0007910684960089964 'Conceptual' 0.08468003741950686 0.5161057311598128
 0.3389830508474576 94 3 1 17]
[0.0006298016333097749 'Conceptual' 0.08468003741950686 0.5161057311598128
 0.1694915254237288 94 3 1 18]
[0.0006298016333097749 'Conceptual' 0.08468003741950686 0.5161057311598128
 0.1694915254237288 94 3 1 19]
[0.0 'Conceptual' 0.08468003741950686 0.5161057311598128 0.0 94 3 2 0]
[4.143170598392703 'Conceptual' 0.08468003741950686 0.5161057311598128
 0.1694915254237288 94 3 2 1]
[3.871229994005862 'Conceptual' 0.08468003741950686 0.5161057311598128
 2.016949152542373 94 3 2 2]
[2.608089007399541 'Conceptual' 0.08468003741950686 0.5161057311598128
 3.8983050847457625 94 3 2 3]
[2.5682272487630677 'Conceptual' 0.08468003741950686 0.5161057311598128
 4.11864406779661 94 3 2 4]
[4.072318363192793 'Conceptual' 0.08468003741950686 0.5161057311598128
 0.4915254237288135 94 3 2 5]
[4.078002512059854 'Conceptual' 0.08468003741950686 0.5161057311598128
 0.1694915254237288 94 3 2 6]
[4.011546593509361 'Conceptual' 0.08468003741950686 0.5161057311598128
 0.559322033898305 94 3 2 7]
[4.20169765466739 'Conceptual' 0.08468003741950686 0.5161057311598128
 3.542372881355932 94 3 2 8]
[3.4362359075585576 'Conceptual' 0.08468003741950686 0.5161057311598128
 1.5762711864406778 94 3 2 9]
[1.722059735080261 'Conceptual' 0.08468003741950686 0.5161057311598128
 1.2372881355932202 94 3 2 10]
[0.6239300414087015 'Conceptual' 0.08468003741950686 0.5161057311598128
 1.1016949152542372 94 3 2 11]
[0.18431848574687063 'Conceptual' 0.08468003741950686 0.5161057311598128
 0.38983050847457623 94 3 2 12]
[0.05148231454255851 'Conceptual' 0.08468003741950686 0.5161057311598128
 0.38983050847457623 94 3 2 13]
[0.01571075025034738 'Conceptual' 0.08468003741950686 0.5161057311598128
 0.38983050847457623 94 3 2 14]
[0.005292263969473824 'Conceptual' 0.08468003741950686 0.5161057311598128
 0.3389830508474576 94 3 2 15]
[0.0019468542328086073 'Conceptual' 0.08468003741950686 0.5161057311598128
 0.3389830508474576 94 3 2 16]
[0.0007910684960089964 'Conceptual' 0.08468003741950686 0.5161057311598128
 0.3389830508474576 94 3 2 17]
[0.0006298016333097749 'Conceptual' 0.08468003741950686 0.5161057311598128
 0.1694915254237288 94 3 2 18]
[0.0006298016333097749 'Conceptual' 0.08468003741950686 0.5161057311598128
 0.1694915254237288 94 3 2 19]
[0.0 'Conceptual' 0.08468003741950686 0.5161057311598128 0.0 94 3 4 0]
[4.143170598392703 'Conceptual' 0.08468003741950686 0.5161057311598128
 0.1694915254237288 94 3 4 1]
[3.871229994005862 'Conceptual' 0.08468003741950686 0.5161057311598128
 2.016949152542373 94 3 4 2]
[2.608089007399541 'Conceptual' 0.08468003741950686 0.5161057311598128
 3.8983050847457625 94 3 4 3]
[2.5682272487630677 'Conceptual' 0.08468003741950686 0.5161057311598128
 4.11864406779661 94 3 4 4]
[4.072318363192793 'Conceptual' 0.08468003741950686 0.5161057311598128
 0.4915254237288135 94 3 4 5]
[4.078002512059854 'Conceptual' 0.08468003741950686 0.5161057311598128
 0.1694915254237288 94 3 4 6]
[4.011546593509361 'Conceptual' 0.08468003741950686 0.5161057311598128
 0.559322033898305 94 3 4 7]
[4.20169765466739 'Conceptual' 0.08468003741950686 0.5161057311598128
 3.542372881355932 94 3 4 8]
[3.4362359075585576 'Conceptual' 0.08468003741950686 0.5161057311598128
 1.5762711864406778 94 3 4 9]
[1.722059735080261 'Conceptual' 0.08468003741950686 0.5161057311598128
 1.2372881355932202 94 3 4 10]
[0.6239300414087015 'Conceptual' 0.08468003741950686 0.5161057311598128
 1.1016949152542372 94 3 4 11]
[0.18431848574687063 'Conceptual' 0.08468003741950686 0.5161057311598128
 0.38983050847457623 94 3 4 12]
[0.05148231454255851 'Conceptual' 0.08468003741950686 0.5161057311598128
 0.38983050847457623 94 3 4 13]
[0.01571075025034738 'Conceptual' 0.08468003741950686 0.5161057311598128
 0.38983050847457623 94 3 4 14]
[0.005292263969473824 'Conceptual' 0.08468003741950686 0.5161057311598128
 0.3389830508474576 94 3 4 15]
[0.0019468542328086073 'Conceptual' 0.08468003741950686 0.5161057311598128
 0.3389830508474576 94 3 4 16]
[0.0007910684960089964 'Conceptual' 0.08468003741950686 0.5161057311598128
 0.3389830508474576 94 3 4 17]
[0.0006298016333097749 'Conceptual' 0.08468003741950686 0.5161057311598128
 0.1694915254237288 94 3 4 18]
[0.0006298016333097749 'Conceptual' 0.08468003741950686 0.5161057311598128
 0.1694915254237288 94 3 4 19]
[0.0 'Conceptual' 0.08468003741950686 0.5161057311598128 0.0 94 3 5 0]
[4.143170598392703 'Conceptual' 0.08468003741950686 0.5161057311598128
 0.1694915254237288 94 3 5 1]
[3.871229994005862 'Conceptual' 0.08468003741950686 0.5161057311598128
 2.016949152542373 94 3 5 2]
[2.608089007399541 'Conceptual' 0.08468003741950686 0.5161057311598128
 3.8983050847457625 94 3 5 3]
[2.5682272487630677 'Conceptual' 0.08468003741950686 0.5161057311598128
 4.11864406779661 94 3 5 4]
[4.072318363192793 'Conceptual' 0.08468003741950686 0.5161057311598128
 0.4915254237288135 94 3 5 5]
[4.078002512059854 'Conceptual' 0.08468003741950686 0.5161057311598128
 0.1694915254237288 94 3 5 6]
[4.011546593509361 'Conceptual' 0.08468003741950686 0.5161057311598128
 0.559322033898305 94 3 5 7]
[4.20169765466739 'Conceptual' 0.08468003741950686 0.5161057311598128
 3.542372881355932 94 3 5 8]
[3.4362359075585576 'Conceptual' 0.08468003741950686 0.5161057311598128
 1.5762711864406778 94 3 5 9]
[1.722059735080261 'Conceptual' 0.08468003741950686 0.5161057311598128
 1.2372881355932202 94 3 5 10]
[0.6239300414087015 'Conceptual' 0.08468003741950686 0.5161057311598128
 1.1016949152542372 94 3 5 11]
[0.18431848574687063 'Conceptual' 0.08468003741950686 0.5161057311598128
 0.38983050847457623 94 3 5 12]
[0.05148231454255851 'Conceptual' 0.08468003741950686 0.5161057311598128
 0.38983050847457623 94 3 5 13]
[0.01571075025034738 'Conceptual' 0.08468003741950686 0.5161057311598128
 0.38983050847457623 94 3 5 14]
[0.005292263969473824 'Conceptual' 0.08468003741950686 0.5161057311598128
 0.3389830508474576 94 3 5 15]
[0.0019468542328086073 'Conceptual' 0.08468003741950686 0.5161057311598128
 0.3389830508474576 94 3 5 16]
[0.0007910684960089964 'Conceptual' 0.08468003741950686 0.5161057311598128
 0.3389830508474576 94 3 5 17]
[0.0006298016333097749 'Conceptual' 0.08468003741950686 0.5161057311598128
 0.1694915254237288 94 3 5 18]
[0.0006298016333097749 'Conceptual' 0.08468003741950686 0.5161057311598128
 0.1694915254237288 94 3 5 19]
[0.0 'Conceptual' 0.08468003741950686 0.5161057311598128 0.0 94 3 6 0]
[4.143170598392703 'Conceptual' 0.08468003741950686 0.5161057311598128
 0.1694915254237288 94 3 6 1]
[3.871229994005862 'Conceptual' 0.08468003741950686 0.5161057311598128
 2.016949152542373 94 3 6 2]
[2.608089007399541 'Conceptual' 0.08468003741950686 0.5161057311598128
 3.8983050847457625 94 3 6 3]
[2.5682272487630677 'Conceptual' 0.08468003741950686 0.5161057311598128
 4.11864406779661 94 3 6 4]
[4.072318363192793 'Conceptual' 0.08468003741950686 0.5161057311598128
 0.4915254237288135 94 3 6 5]
[4.078002512059854 'Conceptual' 0.08468003741950686 0.5161057311598128
 0.1694915254237288 94 3 6 6]
[4.011546593509361 'Conceptual' 0.08468003741950686 0.5161057311598128
 0.559322033898305 94 3 6 7]
[4.20169765466739 'Conceptual' 0.08468003741950686 0.5161057311598128
 3.542372881355932 94 3 6 8]
[3.4362359075585576 'Conceptual' 0.08468003741950686 0.5161057311598128
 1.5762711864406778 94 3 6 9]
[1.722059735080261 'Conceptual' 0.08468003741950686 0.5161057311598128
 1.2372881355932202 94 3 6 10]
[0.6239300414087015 'Conceptual' 0.08468003741950686 0.5161057311598128
 1.1016949152542372 94 3 6 11]
[0.18431848574687063 'Conceptual' 0.08468003741950686 0.5161057311598128
 0.38983050847457623 94 3 6 12]
[0.05148231454255851 'Conceptual' 0.08468003741950686 0.5161057311598128
 0.38983050847457623 94 3 6 13]
[0.01571075025034738 'Conceptual' 0.08468003741950686 0.5161057311598128
 0.38983050847457623 94 3 6 14]
[0.005292263969473824 'Conceptual' 0.08468003741950686 0.5161057311598128
 0.3389830508474576 94 3 6 15]
[0.0019468542328086073 'Conceptual' 0.08468003741950686 0.5161057311598128
 0.3389830508474576 94 3 6 16]
[0.0007910684960089964 'Conceptual' 0.08468003741950686 0.5161057311598128
 0.3389830508474576 94 3 6 17]
[0.0006298016333097749 'Conceptual' 0.08468003741950686 0.5161057311598128
 0.1694915254237288 94 3 6 18]
[0.0006298016333097749 'Conceptual' 0.08468003741950686 0.5161057311598128
 0.1694915254237288 94 3 6 19]
[0.0 'Conceptual' 0.08468003741950686 0.5161057311598128 0.0 94 3 7 0]
[4.143170598392703 'Conceptual' 0.08468003741950686 0.5161057311598128
 0.1694915254237288 94 3 7 1]
[3.871229994005862 'Conceptual' 0.08468003741950686 0.5161057311598128
 2.016949152542373 94 3 7 2]
[2.608089007399541 'Conceptual' 0.08468003741950686 0.5161057311598128
 3.8983050847457625 94 3 7 3]
[2.5682272487630677 'Conceptual' 0.08468003741950686 0.5161057311598128
 4.11864406779661 94 3 7 4]
[4.072318363192793 'Conceptual' 0.08468003741950686 0.5161057311598128
 0.4915254237288135 94 3 7 5]
[4.078002512059854 'Conceptual' 0.08468003741950686 0.5161057311598128
 0.1694915254237288 94 3 7 6]
[4.011546593509361 'Conceptual' 0.08468003741950686 0.5161057311598128
 0.559322033898305 94 3 7 7]
[4.20169765466739 'Conceptual' 0.08468003741950686 0.5161057311598128
 3.542372881355932 94 3 7 8]
[3.4362359075585576 'Conceptual' 0.08468003741950686 0.5161057311598128
 1.5762711864406778 94 3 7 9]
[1.722059735080261 'Conceptual' 0.08468003741950686 0.5161057311598128
 1.2372881355932202 94 3 7 10]
[0.6239300414087015 'Conceptual' 0.08468003741950686 0.5161057311598128
 1.1016949152542372 94 3 7 11]
[0.18431848574687063 'Conceptual' 0.08468003741950686 0.5161057311598128
 0.38983050847457623 94 3 7 12]
[0.05148231454255851 'Conceptual' 0.08468003741950686 0.5161057311598128
 0.38983050847457623 94 3 7 13]
[0.01571075025034738 'Conceptual' 0.08468003741950686 0.5161057311598128
 0.38983050847457623 94 3 7 14]
[0.005292263969473824 'Conceptual' 0.08468003741950686 0.5161057311598128
 0.3389830508474576 94 3 7 15]
[0.0019468542328086073 'Conceptual' 0.08468003741950686 0.5161057311598128
 0.3389830508474576 94 3 7 16]
[0.0007910684960089964 'Conceptual' 0.08468003741950686 0.5161057311598128
 0.3389830508474576 94 3 7 17]
[0.0006298016333097749 'Conceptual' 0.08468003741950686 0.5161057311598128
 0.1694915254237288 94 3 7 18]
[0.0006298016333097749 'Conceptual' 0.08468003741950686 0.5161057311598128
 0.1694915254237288 94 3 7 19]
[0.0 'Conceptual' 0.08468003741950686 0.5161057311598128 0.0 94 3 8 0]
[4.143170598392703 'Conceptual' 0.08468003741950686 0.5161057311598128
 0.1694915254237288 94 3 8 1]
[3.871229994005862 'Conceptual' 0.08468003741950686 0.5161057311598128
 2.016949152542373 94 3 8 2]
[2.608089007399541 'Conceptual' 0.08468003741950686 0.5161057311598128
 3.8983050847457625 94 3 8 3]
[2.5682272487630677 'Conceptual' 0.08468003741950686 0.5161057311598128
 4.11864406779661 94 3 8 4]
[4.072318363192793 'Conceptual' 0.08468003741950686 0.5161057311598128
 0.4915254237288135 94 3 8 5]
[4.078002512059854 'Conceptual' 0.08468003741950686 0.5161057311598128
 0.1694915254237288 94 3 8 6]
[4.011546593509361 'Conceptual' 0.08468003741950686 0.5161057311598128
 0.559322033898305 94 3 8 7]
[4.20169765466739 'Conceptual' 0.08468003741950686 0.5161057311598128
 3.542372881355932 94 3 8 8]
[3.4362359075585576 'Conceptual' 0.08468003741950686 0.5161057311598128
 1.5762711864406778 94 3 8 9]
[1.722059735080261 'Conceptual' 0.08468003741950686 0.5161057311598128
 1.2372881355932202 94 3 8 10]
[0.6239300414087015 'Conceptual' 0.08468003741950686 0.5161057311598128
 1.1016949152542372 94 3 8 11]
[0.18431848574687063 'Conceptual' 0.08468003741950686 0.5161057311598128
 0.38983050847457623 94 3 8 12]
[0.05148231454255851 'Conceptual' 0.08468003741950686 0.5161057311598128
 0.38983050847457623 94 3 8 13]
[0.01571075025034738 'Conceptual' 0.08468003741950686 0.5161057311598128
 0.38983050847457623 94 3 8 14]
[0.005292263969473824 'Conceptual' 0.08468003741950686 0.5161057311598128
 0.3389830508474576 94 3 8 15]
[0.0019468542328086073 'Conceptual' 0.08468003741950686 0.5161057311598128
 0.3389830508474576 94 3 8 16]
[0.0007910684960089964 'Conceptual' 0.08468003741950686 0.5161057311598128
 0.3389830508474576 94 3 8 17]
[0.0006298016333097749 'Conceptual' 0.08468003741950686 0.5161057311598128
 0.1694915254237288 94 3 8 18]
[0.0006298016333097749 'Conceptual' 0.08468003741950686 0.5161057311598128
 0.1694915254237288 94 3 8 19]
