[0.0 'Conceptual' 0.25429151635859404 96.59133791594766 0.0 13 5 0 0]
[4.027244356340843 'Conceptual' 0.25429151635859404 96.59133791594766
 0.8983050847457626 13 5 0 1]
[2.7739938230778463 'Conceptual' 0.25429151635859404 96.59133791594766
 10.108474576271187 13 5 0 2]
[2.8903973131251828 'Conceptual' 0.25429151635859404 96.59133791594766
 3.559322033898305 13 5 0 3]
[3.52637722446629 'Conceptual' 0.25429151635859404 96.59133791594766
 4.1525423728813555 13 5 0 4]
[2.77261872178979 'Conceptual' 0.25429151635859404 96.59133791594766
 2.3728813559322033 13 5 0 5]
[0.04174731932823439 'Conceptual' 0.25429151635859404 96.59133791594766
 1.3389830508474576 13 5 0 6]
[4.143134885121679 'Conceptual' 0.25429151635859404 96.59133791594766
 6.101694915254237 13 5 0 7]
[3.7376748563648876 'Conceptual' 0.25429151635859404 96.59133791594766
 3.644067796610169 13 5 0 8]
[0.693472132593698 'Conceptual' 0.25429151635859404 96.59133791594766
 1.1016949152542372 13 5 0 9]
[4.110874355976469 'Conceptual' 0.25429151635859404 96.59133791594766
 4.745762711864407 13 5 0 10]
[2.833240990732867 'Conceptual' 0.25429151635859404 96.59133791594766
 2.0338983050847457 13 5 0 11]
[1.9307748953408443 'Conceptual' 0.25429151635859404 96.59133791594766
 0.3389830508474576 13 5 0 12]
[1.3864443498710157 'Conceptual' 0.25429151635859404 96.59133791594766
 1.1016949152542372 13 5 0 13]
[3.6109834802783456 'Conceptual' 0.25429151635859404 96.59133791594766
 2.6271186440677963 13 5 0 14]
[3.6109252099148965 'Conceptual' 0.25429151635859404 96.59133791594766
 2.2033898305084745 13 5 0 15]
[3.9512460262710722 'Conceptual' 0.25429151635859404 96.59133791594766
 2.796610169491525 13 5 0 16]
[3.7146569521569743 'Conceptual' 0.25429151635859404 96.59133791594766
 2.016949152542373 13 5 0 17]
[1.7918561312228007 'Conceptual' 0.25429151635859404 96.59133791594766
 1.0338983050847457 13 5 0 18]
[3.9318634524122906 'Conceptual' 0.25429151635859404 96.59133791594766
 2.0508474576271185 13 5 0 19]
[0.0 'Conceptual' 0.25429151635859404 96.59133791594766 0.0 13 5 1 0]
[4.027244356340843 'Conceptual' 0.25429151635859404 96.59133791594766
 0.8983050847457626 13 5 1 1]
[2.7739938230778463 'Conceptual' 0.25429151635859404 96.59133791594766
 10.108474576271187 13 5 1 2]
[2.8903973131251828 'Conceptual' 0.25429151635859404 96.59133791594766
 3.559322033898305 13 5 1 3]
[3.52637722446629 'Conceptual' 0.25429151635859404 96.59133791594766
 4.1525423728813555 13 5 1 4]
[2.77261872178979 'Conceptual' 0.25429151635859404 96.59133791594766
 2.3728813559322033 13 5 1 5]
[0.04174731932823439 'Conceptual' 0.25429151635859404 96.59133791594766
 1.3389830508474576 13 5 1 6]
[4.143134885121679 'Conceptual' 0.25429151635859404 96.59133791594766
 6.101694915254237 13 5 1 7]
[3.7376748563648876 'Conceptual' 0.25429151635859404 96.59133791594766
 3.644067796610169 13 5 1 8]
[0.693472132593698 'Conceptual' 0.25429151635859404 96.59133791594766
 1.1016949152542372 13 5 1 9]
[4.110874355976469 'Conceptual' 0.25429151635859404 96.59133791594766
 4.745762711864407 13 5 1 10]
[2.833240990732867 'Conceptual' 0.25429151635859404 96.59133791594766
 2.0338983050847457 13 5 1 11]
[1.9307748953408443 'Conceptual' 0.25429151635859404 96.59133791594766
 0.3389830508474576 13 5 1 12]
[1.3864443498710157 'Conceptual' 0.25429151635859404 96.59133791594766
 1.1016949152542372 13 5 1 13]
[3.6109834802783456 'Conceptual' 0.25429151635859404 96.59133791594766
 2.6271186440677963 13 5 1 14]
[3.6109252099148965 'Conceptual' 0.25429151635859404 96.59133791594766
 2.2033898305084745 13 5 1 15]
[3.9512460262710722 'Conceptual' 0.25429151635859404 96.59133791594766
 2.796610169491525 13 5 1 16]
[3.7146569521569743 'Conceptual' 0.25429151635859404 96.59133791594766
 2.016949152542373 13 5 1 17]
[1.7918561312228007 'Conceptual' 0.25429151635859404 96.59133791594766
 1.0338983050847457 13 5 1 18]
[3.9318634524122906 'Conceptual' 0.25429151635859404 96.59133791594766
 2.0508474576271185 13 5 1 19]
[0.0 'Conceptual' 0.25429151635859404 96.59133791594766 0.0 13 5 2 0]
[4.027244356340843 'Conceptual' 0.25429151635859404 96.59133791594766
 0.8983050847457626 13 5 2 1]
[2.7739938230778463 'Conceptual' 0.25429151635859404 96.59133791594766
 10.108474576271187 13 5 2 2]
[2.8903973131251828 'Conceptual' 0.25429151635859404 96.59133791594766
 3.559322033898305 13 5 2 3]
[3.52637722446629 'Conceptual' 0.25429151635859404 96.59133791594766
 4.1525423728813555 13 5 2 4]
[2.77261872178979 'Conceptual' 0.25429151635859404 96.59133791594766
 2.3728813559322033 13 5 2 5]
[0.04174731932823439 'Conceptual' 0.25429151635859404 96.59133791594766
 1.3389830508474576 13 5 2 6]
[4.143134885121679 'Conceptual' 0.25429151635859404 96.59133791594766
 6.101694915254237 13 5 2 7]
[3.7376748563648876 'Conceptual' 0.25429151635859404 96.59133791594766
 3.644067796610169 13 5 2 8]
[0.693472132593698 'Conceptual' 0.25429151635859404 96.59133791594766
 1.1016949152542372 13 5 2 9]
[4.110874355976469 'Conceptual' 0.25429151635859404 96.59133791594766
 4.745762711864407 13 5 2 10]
[2.833240990732867 'Conceptual' 0.25429151635859404 96.59133791594766
 2.0338983050847457 13 5 2 11]
[1.9307748953408443 'Conceptual' 0.25429151635859404 96.59133791594766
 0.3389830508474576 13 5 2 12]
[1.3864443498710157 'Conceptual' 0.25429151635859404 96.59133791594766
 1.1016949152542372 13 5 2 13]
[3.6109834802783456 'Conceptual' 0.25429151635859404 96.59133791594766
 2.6271186440677963 13 5 2 14]
[3.6109252099148965 'Conceptual' 0.25429151635859404 96.59133791594766
 2.2033898305084745 13 5 2 15]
[3.9512460262710722 'Conceptual' 0.25429151635859404 96.59133791594766
 2.796610169491525 13 5 2 16]
[3.7146569521569743 'Conceptual' 0.25429151635859404 96.59133791594766
 2.016949152542373 13 5 2 17]
[1.7918561312228007 'Conceptual' 0.25429151635859404 96.59133791594766
 1.0338983050847457 13 5 2 18]
[3.9318634524122906 'Conceptual' 0.25429151635859404 96.59133791594766
 2.0508474576271185 13 5 2 19]
[0.0 'Conceptual' 0.25429151635859404 96.59133791594766 0.0 13 5 3 0]
[4.027244356340843 'Conceptual' 0.25429151635859404 96.59133791594766
 0.8983050847457626 13 5 3 1]
[2.7739938230778463 'Conceptual' 0.25429151635859404 96.59133791594766
 10.108474576271187 13 5 3 2]
[2.8903973131251828 'Conceptual' 0.25429151635859404 96.59133791594766
 3.559322033898305 13 5 3 3]
[3.52637722446629 'Conceptual' 0.25429151635859404 96.59133791594766
 4.1525423728813555 13 5 3 4]
[2.77261872178979 'Conceptual' 0.25429151635859404 96.59133791594766
 2.3728813559322033 13 5 3 5]
[0.04174731932823439 'Conceptual' 0.25429151635859404 96.59133791594766
 1.3389830508474576 13 5 3 6]
[4.143134885121679 'Conceptual' 0.25429151635859404 96.59133791594766
 6.101694915254237 13 5 3 7]
[3.7376748563648876 'Conceptual' 0.25429151635859404 96.59133791594766
 3.644067796610169 13 5 3 8]
[0.693472132593698 'Conceptual' 0.25429151635859404 96.59133791594766
 1.1016949152542372 13 5 3 9]
[4.110874355976469 'Conceptual' 0.25429151635859404 96.59133791594766
 4.745762711864407 13 5 3 10]
[2.833240990732867 'Conceptual' 0.25429151635859404 96.59133791594766
 2.0338983050847457 13 5 3 11]
[1.9307748953408443 'Conceptual' 0.25429151635859404 96.59133791594766
 0.3389830508474576 13 5 3 12]
[1.3864443498710157 'Conceptual' 0.25429151635859404 96.59133791594766
 1.1016949152542372 13 5 3 13]
[3.6109834802783456 'Conceptual' 0.25429151635859404 96.59133791594766
 2.6271186440677963 13 5 3 14]
[3.6109252099148965 'Conceptual' 0.25429151635859404 96.59133791594766
 2.2033898305084745 13 5 3 15]
[3.9512460262710722 'Conceptual' 0.25429151635859404 96.59133791594766
 2.796610169491525 13 5 3 16]
[3.7146569521569743 'Conceptual' 0.25429151635859404 96.59133791594766
 2.016949152542373 13 5 3 17]
[1.7918561312228007 'Conceptual' 0.25429151635859404 96.59133791594766
 1.0338983050847457 13 5 3 18]
[3.9318634524122906 'Conceptual' 0.25429151635859404 96.59133791594766
 2.0508474576271185 13 5 3 19]
[0.0 'Conceptual' 0.25429151635859404 96.59133791594766 0.0 13 5 4 0]
[4.027244356340843 'Conceptual' 0.25429151635859404 96.59133791594766
 0.8983050847457626 13 5 4 1]
[2.7739938230778463 'Conceptual' 0.25429151635859404 96.59133791594766
 10.108474576271187 13 5 4 2]
[2.8903973131251828 'Conceptual' 0.25429151635859404 96.59133791594766
 3.559322033898305 13 5 4 3]
[3.52637722446629 'Conceptual' 0.25429151635859404 96.59133791594766
 4.1525423728813555 13 5 4 4]
[2.77261872178979 'Conceptual' 0.25429151635859404 96.59133791594766
 2.3728813559322033 13 5 4 5]
[0.04174731932823439 'Conceptual' 0.25429151635859404 96.59133791594766
 1.3389830508474576 13 5 4 6]
[4.143134885121679 'Conceptual' 0.25429151635859404 96.59133791594766
 6.101694915254237 13 5 4 7]
[3.7376748563648876 'Conceptual' 0.25429151635859404 96.59133791594766
 3.644067796610169 13 5 4 8]
[0.693472132593698 'Conceptual' 0.25429151635859404 96.59133791594766
 1.1016949152542372 13 5 4 9]
[4.110874355976469 'Conceptual' 0.25429151635859404 96.59133791594766
 4.745762711864407 13 5 4 10]
[2.833240990732867 'Conceptual' 0.25429151635859404 96.59133791594766
 2.0338983050847457 13 5 4 11]
[1.9307748953408443 'Conceptual' 0.25429151635859404 96.59133791594766
 0.3389830508474576 13 5 4 12]
[1.3864443498710157 'Conceptual' 0.25429151635859404 96.59133791594766
 1.1016949152542372 13 5 4 13]
[3.6109834802783456 'Conceptual' 0.25429151635859404 96.59133791594766
 2.6271186440677963 13 5 4 14]
[3.6109252099148965 'Conceptual' 0.25429151635859404 96.59133791594766
 2.2033898305084745 13 5 4 15]
[3.9512460262710722 'Conceptual' 0.25429151635859404 96.59133791594766
 2.796610169491525 13 5 4 16]
[3.7146569521569743 'Conceptual' 0.25429151635859404 96.59133791594766
 2.016949152542373 13 5 4 17]
[1.7918561312228007 'Conceptual' 0.25429151635859404 96.59133791594766
 1.0338983050847457 13 5 4 18]
[3.9318634524122906 'Conceptual' 0.25429151635859404 96.59133791594766
 2.0508474576271185 13 5 4 19]
[0.0 'Conceptual' 0.25429151635859404 96.59133791594766 0.0 13 5 6 0]
[4.027244356340843 'Conceptual' 0.25429151635859404 96.59133791594766
 0.8983050847457626 13 5 6 1]
[2.7739938230778463 'Conceptual' 0.25429151635859404 96.59133791594766
 10.108474576271187 13 5 6 2]
[2.8903973131251828 'Conceptual' 0.25429151635859404 96.59133791594766
 3.559322033898305 13 5 6 3]
[3.52637722446629 'Conceptual' 0.25429151635859404 96.59133791594766
 4.1525423728813555 13 5 6 4]
[2.77261872178979 'Conceptual' 0.25429151635859404 96.59133791594766
 2.3728813559322033 13 5 6 5]
[0.04174731932823439 'Conceptual' 0.25429151635859404 96.59133791594766
 1.3389830508474576 13 5 6 6]
[4.143134885121679 'Conceptual' 0.25429151635859404 96.59133791594766
 6.101694915254237 13 5 6 7]
[3.7376748563648876 'Conceptual' 0.25429151635859404 96.59133791594766
 3.644067796610169 13 5 6 8]
[0.693472132593698 'Conceptual' 0.25429151635859404 96.59133791594766
 1.1016949152542372 13 5 6 9]
[4.110874355976469 'Conceptual' 0.25429151635859404 96.59133791594766
 4.745762711864407 13 5 6 10]
[2.833240990732867 'Conceptual' 0.25429151635859404 96.59133791594766
 2.0338983050847457 13 5 6 11]
[1.9307748953408443 'Conceptual' 0.25429151635859404 96.59133791594766
 0.3389830508474576 13 5 6 12]
[1.3864443498710157 'Conceptual' 0.25429151635859404 96.59133791594766
 1.1016949152542372 13 5 6 13]
[3.6109834802783456 'Conceptual' 0.25429151635859404 96.59133791594766
 2.6271186440677963 13 5 6 14]
[3.6109252099148965 'Conceptual' 0.25429151635859404 96.59133791594766
 2.2033898305084745 13 5 6 15]
[3.9512460262710722 'Conceptual' 0.25429151635859404 96.59133791594766
 2.796610169491525 13 5 6 16]
[3.7146569521569743 'Conceptual' 0.25429151635859404 96.59133791594766
 2.016949152542373 13 5 6 17]
[1.7918561312228007 'Conceptual' 0.25429151635859404 96.59133791594766
 1.0338983050847457 13 5 6 18]
[3.9318634524122906 'Conceptual' 0.25429151635859404 96.59133791594766
 2.0508474576271185 13 5 6 19]
[0.0 'Conceptual' 0.25429151635859404 96.59133791594766 0.0 13 5 7 0]
[4.027244356340843 'Conceptual' 0.25429151635859404 96.59133791594766
 0.8983050847457626 13 5 7 1]
[2.7739938230778463 'Conceptual' 0.25429151635859404 96.59133791594766
 10.108474576271187 13 5 7 2]
[2.8903973131251828 'Conceptual' 0.25429151635859404 96.59133791594766
 3.559322033898305 13 5 7 3]
[3.52637722446629 'Conceptual' 0.25429151635859404 96.59133791594766
 4.1525423728813555 13 5 7 4]
[2.77261872178979 'Conceptual' 0.25429151635859404 96.59133791594766
 2.3728813559322033 13 5 7 5]
[0.04174731932823439 'Conceptual' 0.25429151635859404 96.59133791594766
 1.3389830508474576 13 5 7 6]
[4.143134885121679 'Conceptual' 0.25429151635859404 96.59133791594766
 6.101694915254237 13 5 7 7]
[3.7376748563648876 'Conceptual' 0.25429151635859404 96.59133791594766
 3.644067796610169 13 5 7 8]
[0.693472132593698 'Conceptual' 0.25429151635859404 96.59133791594766
 1.1016949152542372 13 5 7 9]
[4.110874355976469 'Conceptual' 0.25429151635859404 96.59133791594766
 4.745762711864407 13 5 7 10]
[2.833240990732867 'Conceptual' 0.25429151635859404 96.59133791594766
 2.0338983050847457 13 5 7 11]
[1.9307748953408443 'Conceptual' 0.25429151635859404 96.59133791594766
 0.3389830508474576 13 5 7 12]
[1.3864443498710157 'Conceptual' 0.25429151635859404 96.59133791594766
 1.1016949152542372 13 5 7 13]
[3.6109834802783456 'Conceptual' 0.25429151635859404 96.59133791594766
 2.6271186440677963 13 5 7 14]
[3.6109252099148965 'Conceptual' 0.25429151635859404 96.59133791594766
 2.2033898305084745 13 5 7 15]
[3.9512460262710722 'Conceptual' 0.25429151635859404 96.59133791594766
 2.796610169491525 13 5 7 16]
[3.7146569521569743 'Conceptual' 0.25429151635859404 96.59133791594766
 2.016949152542373 13 5 7 17]
[1.7918561312228007 'Conceptual' 0.25429151635859404 96.59133791594766
 1.0338983050847457 13 5 7 18]
[3.9318634524122906 'Conceptual' 0.25429151635859404 96.59133791594766
 2.0508474576271185 13 5 7 19]
[0.0 'Conceptual' 0.25429151635859404 96.59133791594766 0.0 13 5 8 0]
[4.027244356340843 'Conceptual' 0.25429151635859404 96.59133791594766
 0.8983050847457626 13 5 8 1]
[2.7739938230778463 'Conceptual' 0.25429151635859404 96.59133791594766
 10.108474576271187 13 5 8 2]
[2.8903973131251828 'Conceptual' 0.25429151635859404 96.59133791594766
 3.559322033898305 13 5 8 3]
[3.52637722446629 'Conceptual' 0.25429151635859404 96.59133791594766
 4.1525423728813555 13 5 8 4]
[2.77261872178979 'Conceptual' 0.25429151635859404 96.59133791594766
 2.3728813559322033 13 5 8 5]
[0.04174731932823439 'Conceptual' 0.25429151635859404 96.59133791594766
 1.3389830508474576 13 5 8 6]
[4.143134885121679 'Conceptual' 0.25429151635859404 96.59133791594766
 6.101694915254237 13 5 8 7]
[3.7376748563648876 'Conceptual' 0.25429151635859404 96.59133791594766
 3.644067796610169 13 5 8 8]
[0.693472132593698 'Conceptual' 0.25429151635859404 96.59133791594766
 1.1016949152542372 13 5 8 9]
[4.110874355976469 'Conceptual' 0.25429151635859404 96.59133791594766
 4.745762711864407 13 5 8 10]
[2.833240990732867 'Conceptual' 0.25429151635859404 96.59133791594766
 2.0338983050847457 13 5 8 11]
[1.9307748953408443 'Conceptual' 0.25429151635859404 96.59133791594766
 0.3389830508474576 13 5 8 12]
[1.3864443498710157 'Conceptual' 0.25429151635859404 96.59133791594766
 1.1016949152542372 13 5 8 13]
[3.6109834802783456 'Conceptual' 0.25429151635859404 96.59133791594766
 2.6271186440677963 13 5 8 14]
[3.6109252099148965 'Conceptual' 0.25429151635859404 96.59133791594766
 2.2033898305084745 13 5 8 15]
[3.9512460262710722 'Conceptual' 0.25429151635859404 96.59133791594766
 2.796610169491525 13 5 8 16]
[3.7146569521569743 'Conceptual' 0.25429151635859404 96.59133791594766
 2.016949152542373 13 5 8 17]
[1.7918561312228007 'Conceptual' 0.25429151635859404 96.59133791594766
 1.0338983050847457 13 5 8 18]
[3.9318634524122906 'Conceptual' 0.25429151635859404 96.59133791594766
 2.0508474576271185 13 5 8 19]
