[0.0 'Conceptual' 0.2686447791458721 1.8664366260929475 0.0 58 7 0 0]
[4.027331019472355 'Conceptual' 0.2686447791458721 1.8664366260929475
 1.406779661016949 58 7 0 1]
[2.775964448479011 'Conceptual' 0.2686447791458721 1.8664366260929475
 5.135593220338983 58 7 0 2]
[3.724573546190885 'Conceptual' 0.2686447791458721 1.8664366260929475
 7.847457627118644 58 7 0 3]
[3.418755526133548 'Conceptual' 0.2686447791458721 1.8664366260929475
 1.847457627118644 58 7 0 4]
[3.6183589441204886 'Conceptual' 0.2686447791458721 1.8664366260929475
 1.1864406779661016 58 7 0 5]
[3.313411775001363 'Conceptual' 0.2686447791458721 1.8664366260929475
 1.5762711864406778 58 7 0 6]
[4.027593085544711 'Conceptual' 0.2686447791458721 1.8664366260929475
 0.423728813559322 58 7 0 7]
[3.9394314695150223 'Conceptual' 0.2686447791458721 1.8664366260929475
 0.559322033898305 58 7 0 8]
[2.2104829264581585 'Conceptual' 0.2686447791458721 1.8664366260929475
 3.6101694915254234 58 7 0 9]
[1.8283607896142235 'Conceptual' 0.2686447791458721 1.8664366260929475
 2.2881355932203387 58 7 0 10]
[3.9706836260028395 'Conceptual' 0.2686447791458721 1.8664366260929475
 0.1694915254237288 58 7 0 11]
[2.2505237582768407 'Conceptual' 0.2686447791458721 1.8664366260929475
 4.406779661016948 58 7 0 12]
[3.8518156805934542 'Conceptual' 0.2686447791458721 1.8664366260929475
 0.7288135593220338 58 7 0 13]
[2.8094195091499046 'Conceptual' 0.2686447791458721 1.8664366260929475
 1.0677966101694913 58 7 0 14]
[4.040543982099095 'Conceptual' 0.2686447791458721 1.8664366260929475
 0.1694915254237288 58 7 0 15]
[3.7391051104864066 'Conceptual' 0.2686447791458721 1.8664366260929475
 1.1864406779661016 58 7 0 16]
[2.7012014384352634 'Conceptual' 0.2686447791458721 1.8664366260929475
 3.6101694915254234 58 7 0 17]
[3.0216919308106465 'Conceptual' 0.2686447791458721 1.8664366260929475
 1.4406779661016949 58 7 0 18]
[3.0158327969385677 'Conceptual' 0.2686447791458721 1.8664366260929475
 0.8305084745762711 58 7 0 19]
[0.0 'Conceptual' 0.2686447791458721 1.8664366260929475 0.0 58 7 1 0]
[4.027331019472355 'Conceptual' 0.2686447791458721 1.8664366260929475
 1.406779661016949 58 7 1 1]
[2.775964448479011 'Conceptual' 0.2686447791458721 1.8664366260929475
 5.135593220338983 58 7 1 2]
[3.724573546190885 'Conceptual' 0.2686447791458721 1.8664366260929475
 7.847457627118644 58 7 1 3]
[3.418755526133548 'Conceptual' 0.2686447791458721 1.8664366260929475
 1.847457627118644 58 7 1 4]
[3.6183589441204886 'Conceptual' 0.2686447791458721 1.8664366260929475
 1.1864406779661016 58 7 1 5]
[3.313411775001363 'Conceptual' 0.2686447791458721 1.8664366260929475
 1.5762711864406778 58 7 1 6]
[4.027593085544711 'Conceptual' 0.2686447791458721 1.8664366260929475
 0.423728813559322 58 7 1 7]
[3.9394314695150223 'Conceptual' 0.2686447791458721 1.8664366260929475
 0.559322033898305 58 7 1 8]
[2.2104829264581585 'Conceptual' 0.2686447791458721 1.8664366260929475
 3.6101694915254234 58 7 1 9]
[1.8283607896142235 'Conceptual' 0.2686447791458721 1.8664366260929475
 2.2881355932203387 58 7 1 10]
[3.9706836260028395 'Conceptual' 0.2686447791458721 1.8664366260929475
 0.1694915254237288 58 7 1 11]
[2.2505237582768407 'Conceptual' 0.2686447791458721 1.8664366260929475
 4.406779661016948 58 7 1 12]
[3.8518156805934542 'Conceptual' 0.2686447791458721 1.8664366260929475
 0.7288135593220338 58 7 1 13]
[2.8094195091499046 'Conceptual' 0.2686447791458721 1.8664366260929475
 1.0677966101694913 58 7 1 14]
[4.040543982099095 'Conceptual' 0.2686447791458721 1.8664366260929475
 0.1694915254237288 58 7 1 15]
[3.7391051104864066 'Conceptual' 0.2686447791458721 1.8664366260929475
 1.1864406779661016 58 7 1 16]
[2.7012014384352634 'Conceptual' 0.2686447791458721 1.8664366260929475
 3.6101694915254234 58 7 1 17]
[3.0216919308106465 'Conceptual' 0.2686447791458721 1.8664366260929475
 1.4406779661016949 58 7 1 18]
[3.0158327969385677 'Conceptual' 0.2686447791458721 1.8664366260929475
 0.8305084745762711 58 7 1 19]
[0.0 'Conceptual' 0.2686447791458721 1.8664366260929475 0.0 58 7 2 0]
[4.027331019472355 'Conceptual' 0.2686447791458721 1.8664366260929475
 1.406779661016949 58 7 2 1]
[2.775964448479011 'Conceptual' 0.2686447791458721 1.8664366260929475
 5.135593220338983 58 7 2 2]
[3.724573546190885 'Conceptual' 0.2686447791458721 1.8664366260929475
 7.847457627118644 58 7 2 3]
[3.418755526133548 'Conceptual' 0.2686447791458721 1.8664366260929475
 1.847457627118644 58 7 2 4]
[3.6183589441204886 'Conceptual' 0.2686447791458721 1.8664366260929475
 1.1864406779661016 58 7 2 5]
[3.313411775001363 'Conceptual' 0.2686447791458721 1.8664366260929475
 1.5762711864406778 58 7 2 6]
[4.027593085544711 'Conceptual' 0.2686447791458721 1.8664366260929475
 0.423728813559322 58 7 2 7]
[3.9394314695150223 'Conceptual' 0.2686447791458721 1.8664366260929475
 0.559322033898305 58 7 2 8]
[2.2104829264581585 'Conceptual' 0.2686447791458721 1.8664366260929475
 3.6101694915254234 58 7 2 9]
[1.8283607896142235 'Conceptual' 0.2686447791458721 1.8664366260929475
 2.2881355932203387 58 7 2 10]
[3.9706836260028395 'Conceptual' 0.2686447791458721 1.8664366260929475
 0.1694915254237288 58 7 2 11]
[2.2505237582768407 'Conceptual' 0.2686447791458721 1.8664366260929475
 4.406779661016948 58 7 2 12]
[3.8518156805934542 'Conceptual' 0.2686447791458721 1.8664366260929475
 0.7288135593220338 58 7 2 13]
[2.8094195091499046 'Conceptual' 0.2686447791458721 1.8664366260929475
 1.0677966101694913 58 7 2 14]
[4.040543982099095 'Conceptual' 0.2686447791458721 1.8664366260929475
 0.1694915254237288 58 7 2 15]
[3.7391051104864066 'Conceptual' 0.2686447791458721 1.8664366260929475
 1.1864406779661016 58 7 2 16]
[2.7012014384352634 'Conceptual' 0.2686447791458721 1.8664366260929475
 3.6101694915254234 58 7 2 17]
[3.0216919308106465 'Conceptual' 0.2686447791458721 1.8664366260929475
 1.4406779661016949 58 7 2 18]
[3.0158327969385677 'Conceptual' 0.2686447791458721 1.8664366260929475
 0.8305084745762711 58 7 2 19]
[0.0 'Conceptual' 0.2686447791458721 1.8664366260929475 0.0 58 7 3 0]
[4.027331019472355 'Conceptual' 0.2686447791458721 1.8664366260929475
 1.406779661016949 58 7 3 1]
[2.775964448479011 'Conceptual' 0.2686447791458721 1.8664366260929475
 5.135593220338983 58 7 3 2]
[3.724573546190885 'Conceptual' 0.2686447791458721 1.8664366260929475
 7.847457627118644 58 7 3 3]
[3.418755526133548 'Conceptual' 0.2686447791458721 1.8664366260929475
 1.847457627118644 58 7 3 4]
[3.6183589441204886 'Conceptual' 0.2686447791458721 1.8664366260929475
 1.1864406779661016 58 7 3 5]
[3.313411775001363 'Conceptual' 0.2686447791458721 1.8664366260929475
 1.5762711864406778 58 7 3 6]
[4.027593085544711 'Conceptual' 0.2686447791458721 1.8664366260929475
 0.423728813559322 58 7 3 7]
[3.9394314695150223 'Conceptual' 0.2686447791458721 1.8664366260929475
 0.559322033898305 58 7 3 8]
[2.2104829264581585 'Conceptual' 0.2686447791458721 1.8664366260929475
 3.6101694915254234 58 7 3 9]
[1.8283607896142235 'Conceptual' 0.2686447791458721 1.8664366260929475
 2.2881355932203387 58 7 3 10]
[3.9706836260028395 'Conceptual' 0.2686447791458721 1.8664366260929475
 0.1694915254237288 58 7 3 11]
[2.2505237582768407 'Conceptual' 0.2686447791458721 1.8664366260929475
 4.406779661016948 58 7 3 12]
[3.8518156805934542 'Conceptual' 0.2686447791458721 1.8664366260929475
 0.7288135593220338 58 7 3 13]
[2.8094195091499046 'Conceptual' 0.2686447791458721 1.8664366260929475
 1.0677966101694913 58 7 3 14]
[4.040543982099095 'Conceptual' 0.2686447791458721 1.8664366260929475
 0.1694915254237288 58 7 3 15]
[3.7391051104864066 'Conceptual' 0.2686447791458721 1.8664366260929475
 1.1864406779661016 58 7 3 16]
[2.7012014384352634 'Conceptual' 0.2686447791458721 1.8664366260929475
 3.6101694915254234 58 7 3 17]
[3.0216919308106465 'Conceptual' 0.2686447791458721 1.8664366260929475
 1.4406779661016949 58 7 3 18]
[3.0158327969385677 'Conceptual' 0.2686447791458721 1.8664366260929475
 0.8305084745762711 58 7 3 19]
[0.0 'Conceptual' 0.2686447791458721 1.8664366260929475 0.0 58 7 4 0]
[4.027331019472355 'Conceptual' 0.2686447791458721 1.8664366260929475
 1.406779661016949 58 7 4 1]
[2.775964448479011 'Conceptual' 0.2686447791458721 1.8664366260929475
 5.135593220338983 58 7 4 2]
[3.724573546190885 'Conceptual' 0.2686447791458721 1.8664366260929475
 7.847457627118644 58 7 4 3]
[3.418755526133548 'Conceptual' 0.2686447791458721 1.8664366260929475
 1.847457627118644 58 7 4 4]
[3.6183589441204886 'Conceptual' 0.2686447791458721 1.8664366260929475
 1.1864406779661016 58 7 4 5]
[3.313411775001363 'Conceptual' 0.2686447791458721 1.8664366260929475
 1.5762711864406778 58 7 4 6]
[4.027593085544711 'Conceptual' 0.2686447791458721 1.8664366260929475
 0.423728813559322 58 7 4 7]
[3.9394314695150223 'Conceptual' 0.2686447791458721 1.8664366260929475
 0.559322033898305 58 7 4 8]
[2.2104829264581585 'Conceptual' 0.2686447791458721 1.8664366260929475
 3.6101694915254234 58 7 4 9]
[1.8283607896142235 'Conceptual' 0.2686447791458721 1.8664366260929475
 2.2881355932203387 58 7 4 10]
[3.9706836260028395 'Conceptual' 0.2686447791458721 1.8664366260929475
 0.1694915254237288 58 7 4 11]
[2.2505237582768407 'Conceptual' 0.2686447791458721 1.8664366260929475
 4.406779661016948 58 7 4 12]
[3.8518156805934542 'Conceptual' 0.2686447791458721 1.8664366260929475
 0.7288135593220338 58 7 4 13]
[2.8094195091499046 'Conceptual' 0.2686447791458721 1.8664366260929475
 1.0677966101694913 58 7 4 14]
[4.040543982099095 'Conceptual' 0.2686447791458721 1.8664366260929475
 0.1694915254237288 58 7 4 15]
[3.7391051104864066 'Conceptual' 0.2686447791458721 1.8664366260929475
 1.1864406779661016 58 7 4 16]
[2.7012014384352634 'Conceptual' 0.2686447791458721 1.8664366260929475
 3.6101694915254234 58 7 4 17]
[3.0216919308106465 'Conceptual' 0.2686447791458721 1.8664366260929475
 1.4406779661016949 58 7 4 18]
[3.0158327969385677 'Conceptual' 0.2686447791458721 1.8664366260929475
 0.8305084745762711 58 7 4 19]
[0.0 'Conceptual' 0.2686447791458721 1.8664366260929475 0.0 58 7 5 0]
[4.027331019472355 'Conceptual' 0.2686447791458721 1.8664366260929475
 1.406779661016949 58 7 5 1]
[2.775964448479011 'Conceptual' 0.2686447791458721 1.8664366260929475
 5.135593220338983 58 7 5 2]
[3.724573546190885 'Conceptual' 0.2686447791458721 1.8664366260929475
 7.847457627118644 58 7 5 3]
[3.418755526133548 'Conceptual' 0.2686447791458721 1.8664366260929475
 1.847457627118644 58 7 5 4]
[3.6183589441204886 'Conceptual' 0.2686447791458721 1.8664366260929475
 1.1864406779661016 58 7 5 5]
[3.313411775001363 'Conceptual' 0.2686447791458721 1.8664366260929475
 1.5762711864406778 58 7 5 6]
[4.027593085544711 'Conceptual' 0.2686447791458721 1.8664366260929475
 0.423728813559322 58 7 5 7]
[3.9394314695150223 'Conceptual' 0.2686447791458721 1.8664366260929475
 0.559322033898305 58 7 5 8]
[2.2104829264581585 'Conceptual' 0.2686447791458721 1.8664366260929475
 3.6101694915254234 58 7 5 9]
[1.8283607896142235 'Conceptual' 0.2686447791458721 1.8664366260929475
 2.2881355932203387 58 7 5 10]
[3.9706836260028395 'Conceptual' 0.2686447791458721 1.8664366260929475
 0.1694915254237288 58 7 5 11]
[2.2505237582768407 'Conceptual' 0.2686447791458721 1.8664366260929475
 4.406779661016948 58 7 5 12]
[3.8518156805934542 'Conceptual' 0.2686447791458721 1.8664366260929475
 0.7288135593220338 58 7 5 13]
[2.8094195091499046 'Conceptual' 0.2686447791458721 1.8664366260929475
 1.0677966101694913 58 7 5 14]
[4.040543982099095 'Conceptual' 0.2686447791458721 1.8664366260929475
 0.1694915254237288 58 7 5 15]
[3.7391051104864066 'Conceptual' 0.2686447791458721 1.8664366260929475
 1.1864406779661016 58 7 5 16]
[2.7012014384352634 'Conceptual' 0.2686447791458721 1.8664366260929475
 3.6101694915254234 58 7 5 17]
[3.0216919308106465 'Conceptual' 0.2686447791458721 1.8664366260929475
 1.4406779661016949 58 7 5 18]
[3.0158327969385677 'Conceptual' 0.2686447791458721 1.8664366260929475
 0.8305084745762711 58 7 5 19]
[0.0 'Conceptual' 0.2686447791458721 1.8664366260929475 0.0 58 7 6 0]
[4.027331019472355 'Conceptual' 0.2686447791458721 1.8664366260929475
 1.406779661016949 58 7 6 1]
[2.775964448479011 'Conceptual' 0.2686447791458721 1.8664366260929475
 5.135593220338983 58 7 6 2]
[3.724573546190885 'Conceptual' 0.2686447791458721 1.8664366260929475
 7.847457627118644 58 7 6 3]
[3.418755526133548 'Conceptual' 0.2686447791458721 1.8664366260929475
 1.847457627118644 58 7 6 4]
[3.6183589441204886 'Conceptual' 0.2686447791458721 1.8664366260929475
 1.1864406779661016 58 7 6 5]
[3.313411775001363 'Conceptual' 0.2686447791458721 1.8664366260929475
 1.5762711864406778 58 7 6 6]
[4.027593085544711 'Conceptual' 0.2686447791458721 1.8664366260929475
 0.423728813559322 58 7 6 7]
[3.9394314695150223 'Conceptual' 0.2686447791458721 1.8664366260929475
 0.559322033898305 58 7 6 8]
[2.2104829264581585 'Conceptual' 0.2686447791458721 1.8664366260929475
 3.6101694915254234 58 7 6 9]
[1.8283607896142235 'Conceptual' 0.2686447791458721 1.8664366260929475
 2.2881355932203387 58 7 6 10]
[3.9706836260028395 'Conceptual' 0.2686447791458721 1.8664366260929475
 0.1694915254237288 58 7 6 11]
[2.2505237582768407 'Conceptual' 0.2686447791458721 1.8664366260929475
 4.406779661016948 58 7 6 12]
[3.8518156805934542 'Conceptual' 0.2686447791458721 1.8664366260929475
 0.7288135593220338 58 7 6 13]
[2.8094195091499046 'Conceptual' 0.2686447791458721 1.8664366260929475
 1.0677966101694913 58 7 6 14]
[4.040543982099095 'Conceptual' 0.2686447791458721 1.8664366260929475
 0.1694915254237288 58 7 6 15]
[3.7391051104864066 'Conceptual' 0.2686447791458721 1.8664366260929475
 1.1864406779661016 58 7 6 16]
[2.7012014384352634 'Conceptual' 0.2686447791458721 1.8664366260929475
 3.6101694915254234 58 7 6 17]
[3.0216919308106465 'Conceptual' 0.2686447791458721 1.8664366260929475
 1.4406779661016949 58 7 6 18]
[3.0158327969385677 'Conceptual' 0.2686447791458721 1.8664366260929475
 0.8305084745762711 58 7 6 19]
[0.0 'Conceptual' 0.2686447791458721 1.8664366260929475 0.0 58 7 8 0]
[4.027331019472355 'Conceptual' 0.2686447791458721 1.8664366260929475
 1.406779661016949 58 7 8 1]
[2.775964448479011 'Conceptual' 0.2686447791458721 1.8664366260929475
 5.135593220338983 58 7 8 2]
[3.724573546190885 'Conceptual' 0.2686447791458721 1.8664366260929475
 7.847457627118644 58 7 8 3]
[3.418755526133548 'Conceptual' 0.2686447791458721 1.8664366260929475
 1.847457627118644 58 7 8 4]
[3.6183589441204886 'Conceptual' 0.2686447791458721 1.8664366260929475
 1.1864406779661016 58 7 8 5]
[3.313411775001363 'Conceptual' 0.2686447791458721 1.8664366260929475
 1.5762711864406778 58 7 8 6]
[4.027593085544711 'Conceptual' 0.2686447791458721 1.8664366260929475
 0.423728813559322 58 7 8 7]
[3.9394314695150223 'Conceptual' 0.2686447791458721 1.8664366260929475
 0.559322033898305 58 7 8 8]
[2.2104829264581585 'Conceptual' 0.2686447791458721 1.8664366260929475
 3.6101694915254234 58 7 8 9]
[1.8283607896142235 'Conceptual' 0.2686447791458721 1.8664366260929475
 2.2881355932203387 58 7 8 10]
[3.9706836260028395 'Conceptual' 0.2686447791458721 1.8664366260929475
 0.1694915254237288 58 7 8 11]
[2.2505237582768407 'Conceptual' 0.2686447791458721 1.8664366260929475
 4.406779661016948 58 7 8 12]
[3.8518156805934542 'Conceptual' 0.2686447791458721 1.8664366260929475
 0.7288135593220338 58 7 8 13]
[2.8094195091499046 'Conceptual' 0.2686447791458721 1.8664366260929475
 1.0677966101694913 58 7 8 14]
[4.040543982099095 'Conceptual' 0.2686447791458721 1.8664366260929475
 0.1694915254237288 58 7 8 15]
[3.7391051104864066 'Conceptual' 0.2686447791458721 1.8664366260929475
 1.1864406779661016 58 7 8 16]
[2.7012014384352634 'Conceptual' 0.2686447791458721 1.8664366260929475
 3.6101694915254234 58 7 8 17]
[3.0216919308106465 'Conceptual' 0.2686447791458721 1.8664366260929475
 1.4406779661016949 58 7 8 18]
[3.0158327969385677 'Conceptual' 0.2686447791458721 1.8664366260929475
 0.8305084745762711 58 7 8 19]
