[0.0 'Spatial' 0.020100042933075976 0.3890951381790758 0.0 110 7 0 0]
[3.5537657807919083 'Spatial' 0.020100042933075976 0.3890951381790758
 2.542372881355932 110 7 0 1]
[0.7452687849028006 'Spatial' 0.020100042933075976 0.3890951381790758
 0.847457627118644 110 7 0 2]
[1.7123767631565545 'Spatial' 0.020100042933075976 0.3890951381790758
 6.491525423728813 110 7 0 3]
[0.02212894571988172 'Spatial' 0.020100042933075976 0.3890951381790758
 0.38983050847457623 110 7 0 4]
[1.7294333512986757 'Spatial' 0.020100042933075976 0.3890951381790758
 6.779661016949152 110 7 0 5]
[1.4934481678674574 'Spatial' 0.020100042933075976 0.3890951381790758
 6.2542372881355925 110 7 0 6]
[0.0006298016333097749 'Spatial' 0.020100042933075976 0.3890951381790758
 0.6779661016949152 110 7 0 7]
[2.064518124954006 'Spatial' 0.020100042933075976 0.3890951381790758
 6.2542372881355925 110 7 0 8]
[1.0764115742227869 'Spatial' 0.020100042933075976 0.3890951381790758
 5.644067796610169 110 7 0 9]
[0.3891741761604136 'Spatial' 0.020100042933075976 0.3890951381790758
 2.796610169491525 110 7 0 10]
[0.0006298016333097749 'Spatial' 0.020100042933075976 0.3890951381790758
 0.1694915254237288 110 7 0 11]
[0.0006298016333097749 'Spatial' 0.020100042933075976 0.3890951381790758
 0.1694915254237288 110 7 0 12]
[0.0006298016333097749 'Spatial' 0.020100042933075976 0.3890951381790758
 0.1694915254237288 110 7 0 13]
[0.0006298016333097749 'Spatial' 0.020100042933075976 0.3890951381790758
 0.1694915254237288 110 7 0 14]
[0.0006298016333097749 'Spatial' 0.020100042933075976 0.3890951381790758
 0.1694915254237288 110 7 0 15]
[0.0006298016333097749 'Spatial' 0.020100042933075976 0.3890951381790758
 0.1694915254237288 110 7 0 16]
[0.0006298016333097749 'Spatial' 0.020100042933075976 0.3890951381790758
 0.1694915254237288 110 7 0 17]
[0.0006298016333097749 'Spatial' 0.020100042933075976 0.3890951381790758
 0.1694915254237288 110 7 0 18]
[0.0006298016333097749 'Spatial' 0.020100042933075976 0.3890951381790758
 0.1694915254237288 110 7 0 19]
[0.0 'Spatial' 0.020100042933075976 0.3890951381790758 0.0 110 7 1 0]
[3.5537657807919083 'Spatial' 0.020100042933075976 0.3890951381790758
 2.542372881355932 110 7 1 1]
[0.7452687849028006 'Spatial' 0.020100042933075976 0.3890951381790758
 0.847457627118644 110 7 1 2]
[1.7123767631565545 'Spatial' 0.020100042933075976 0.3890951381790758
 6.491525423728813 110 7 1 3]
[0.02212894571988172 'Spatial' 0.020100042933075976 0.3890951381790758
 0.38983050847457623 110 7 1 4]
[1.7294333512986757 'Spatial' 0.020100042933075976 0.3890951381790758
 6.779661016949152 110 7 1 5]
[1.4934481678674574 'Spatial' 0.020100042933075976 0.3890951381790758
 6.2542372881355925 110 7 1 6]
[0.0006298016333097749 'Spatial' 0.020100042933075976 0.3890951381790758
 0.6779661016949152 110 7 1 7]
[2.064518124954006 'Spatial' 0.020100042933075976 0.3890951381790758
 6.2542372881355925 110 7 1 8]
[1.0764115742227869 'Spatial' 0.020100042933075976 0.3890951381790758
 5.644067796610169 110 7 1 9]
[0.3891741761604136 'Spatial' 0.020100042933075976 0.3890951381790758
 2.796610169491525 110 7 1 10]
[0.0006298016333097749 'Spatial' 0.020100042933075976 0.3890951381790758
 0.1694915254237288 110 7 1 11]
[0.0006298016333097749 'Spatial' 0.020100042933075976 0.3890951381790758
 0.1694915254237288 110 7 1 12]
[0.0006298016333097749 'Spatial' 0.020100042933075976 0.3890951381790758
 0.1694915254237288 110 7 1 13]
[0.0006298016333097749 'Spatial' 0.020100042933075976 0.3890951381790758
 0.1694915254237288 110 7 1 14]
[0.0006298016333097749 'Spatial' 0.020100042933075976 0.3890951381790758
 0.1694915254237288 110 7 1 15]
[0.0006298016333097749 'Spatial' 0.020100042933075976 0.3890951381790758
 0.1694915254237288 110 7 1 16]
[0.0006298016333097749 'Spatial' 0.020100042933075976 0.3890951381790758
 0.1694915254237288 110 7 1 17]
[0.0006298016333097749 'Spatial' 0.020100042933075976 0.3890951381790758
 0.1694915254237288 110 7 1 18]
[0.0006298016333097749 'Spatial' 0.020100042933075976 0.3890951381790758
 0.1694915254237288 110 7 1 19]
[0.0 'Spatial' 0.020100042933075976 0.3890951381790758 0.0 110 7 2 0]
[3.5537657807919083 'Spatial' 0.020100042933075976 0.3890951381790758
 2.542372881355932 110 7 2 1]
[0.7452687849028006 'Spatial' 0.020100042933075976 0.3890951381790758
 0.847457627118644 110 7 2 2]
[1.7123767631565545 'Spatial' 0.020100042933075976 0.3890951381790758
 6.491525423728813 110 7 2 3]
[0.02212894571988172 'Spatial' 0.020100042933075976 0.3890951381790758
 0.38983050847457623 110 7 2 4]
[1.7294333512986757 'Spatial' 0.020100042933075976 0.3890951381790758
 6.779661016949152 110 7 2 5]
[1.4934481678674574 'Spatial' 0.020100042933075976 0.3890951381790758
 6.2542372881355925 110 7 2 6]
[0.0006298016333097749 'Spatial' 0.020100042933075976 0.3890951381790758
 0.6779661016949152 110 7 2 7]
[2.064518124954006 'Spatial' 0.020100042933075976 0.3890951381790758
 6.2542372881355925 110 7 2 8]
[1.0764115742227869 'Spatial' 0.020100042933075976 0.3890951381790758
 5.644067796610169 110 7 2 9]
[0.3891741761604136 'Spatial' 0.020100042933075976 0.3890951381790758
 2.796610169491525 110 7 2 10]
[0.0006298016333097749 'Spatial' 0.020100042933075976 0.3890951381790758
 0.1694915254237288 110 7 2 11]
[0.0006298016333097749 'Spatial' 0.020100042933075976 0.3890951381790758
 0.1694915254237288 110 7 2 12]
[0.0006298016333097749 'Spatial' 0.020100042933075976 0.3890951381790758
 0.1694915254237288 110 7 2 13]
[0.0006298016333097749 'Spatial' 0.020100042933075976 0.3890951381790758
 0.1694915254237288 110 7 2 14]
[0.0006298016333097749 'Spatial' 0.020100042933075976 0.3890951381790758
 0.1694915254237288 110 7 2 15]
[0.0006298016333097749 'Spatial' 0.020100042933075976 0.3890951381790758
 0.1694915254237288 110 7 2 16]
[0.0006298016333097749 'Spatial' 0.020100042933075976 0.3890951381790758
 0.1694915254237288 110 7 2 17]
[0.0006298016333097749 'Spatial' 0.020100042933075976 0.3890951381790758
 0.1694915254237288 110 7 2 18]
[0.0006298016333097749 'Spatial' 0.020100042933075976 0.3890951381790758
 0.1694915254237288 110 7 2 19]
[0.0 'Spatial' 0.020100042933075976 0.3890951381790758 0.0 110 7 3 0]
[3.5537657807919083 'Spatial' 0.020100042933075976 0.3890951381790758
 2.542372881355932 110 7 3 1]
[0.7452687849028006 'Spatial' 0.020100042933075976 0.3890951381790758
 0.847457627118644 110 7 3 2]
[1.7123767631565545 'Spatial' 0.020100042933075976 0.3890951381790758
 6.491525423728813 110 7 3 3]
[0.02212894571988172 'Spatial' 0.020100042933075976 0.3890951381790758
 0.38983050847457623 110 7 3 4]
[1.7294333512986757 'Spatial' 0.020100042933075976 0.3890951381790758
 6.779661016949152 110 7 3 5]
[1.4934481678674574 'Spatial' 0.020100042933075976 0.3890951381790758
 6.2542372881355925 110 7 3 6]
[0.0006298016333097749 'Spatial' 0.020100042933075976 0.3890951381790758
 0.6779661016949152 110 7 3 7]
[2.064518124954006 'Spatial' 0.020100042933075976 0.3890951381790758
 6.2542372881355925 110 7 3 8]
[1.0764115742227869 'Spatial' 0.020100042933075976 0.3890951381790758
 5.644067796610169 110 7 3 9]
[0.3891741761604136 'Spatial' 0.020100042933075976 0.3890951381790758
 2.796610169491525 110 7 3 10]
[0.0006298016333097749 'Spatial' 0.020100042933075976 0.3890951381790758
 0.1694915254237288 110 7 3 11]
[0.0006298016333097749 'Spatial' 0.020100042933075976 0.3890951381790758
 0.1694915254237288 110 7 3 12]
[0.0006298016333097749 'Spatial' 0.020100042933075976 0.3890951381790758
 0.1694915254237288 110 7 3 13]
[0.0006298016333097749 'Spatial' 0.020100042933075976 0.3890951381790758
 0.1694915254237288 110 7 3 14]
[0.0006298016333097749 'Spatial' 0.020100042933075976 0.3890951381790758
 0.1694915254237288 110 7 3 15]
[0.0006298016333097749 'Spatial' 0.020100042933075976 0.3890951381790758
 0.1694915254237288 110 7 3 16]
[0.0006298016333097749 'Spatial' 0.020100042933075976 0.3890951381790758
 0.1694915254237288 110 7 3 17]
[0.0006298016333097749 'Spatial' 0.020100042933075976 0.3890951381790758
 0.1694915254237288 110 7 3 18]
[0.0006298016333097749 'Spatial' 0.020100042933075976 0.3890951381790758
 0.1694915254237288 110 7 3 19]
[0.0 'Spatial' 0.020100042933075976 0.3890951381790758 0.0 110 7 4 0]
[3.5537657807919083 'Spatial' 0.020100042933075976 0.3890951381790758
 2.542372881355932 110 7 4 1]
[0.7452687849028006 'Spatial' 0.020100042933075976 0.3890951381790758
 0.847457627118644 110 7 4 2]
[1.7123767631565545 'Spatial' 0.020100042933075976 0.3890951381790758
 6.491525423728813 110 7 4 3]
[0.02212894571988172 'Spatial' 0.020100042933075976 0.3890951381790758
 0.38983050847457623 110 7 4 4]
[1.7294333512986757 'Spatial' 0.020100042933075976 0.3890951381790758
 6.779661016949152 110 7 4 5]
[1.4934481678674574 'Spatial' 0.020100042933075976 0.3890951381790758
 6.2542372881355925 110 7 4 6]
[0.0006298016333097749 'Spatial' 0.020100042933075976 0.3890951381790758
 0.6779661016949152 110 7 4 7]
[2.064518124954006 'Spatial' 0.020100042933075976 0.3890951381790758
 6.2542372881355925 110 7 4 8]
[1.0764115742227869 'Spatial' 0.020100042933075976 0.3890951381790758
 5.644067796610169 110 7 4 9]
[0.3891741761604136 'Spatial' 0.020100042933075976 0.3890951381790758
 2.796610169491525 110 7 4 10]
[0.0006298016333097749 'Spatial' 0.020100042933075976 0.3890951381790758
 0.1694915254237288 110 7 4 11]
[0.0006298016333097749 'Spatial' 0.020100042933075976 0.3890951381790758
 0.1694915254237288 110 7 4 12]
[0.0006298016333097749 'Spatial' 0.020100042933075976 0.3890951381790758
 0.1694915254237288 110 7 4 13]
[0.0006298016333097749 'Spatial' 0.020100042933075976 0.3890951381790758
 0.1694915254237288 110 7 4 14]
[0.0006298016333097749 'Spatial' 0.020100042933075976 0.3890951381790758
 0.1694915254237288 110 7 4 15]
[0.0006298016333097749 'Spatial' 0.020100042933075976 0.3890951381790758
 0.1694915254237288 110 7 4 16]
[0.0006298016333097749 'Spatial' 0.020100042933075976 0.3890951381790758
 0.1694915254237288 110 7 4 17]
[0.0006298016333097749 'Spatial' 0.020100042933075976 0.3890951381790758
 0.1694915254237288 110 7 4 18]
[0.0006298016333097749 'Spatial' 0.020100042933075976 0.3890951381790758
 0.1694915254237288 110 7 4 19]
[0.0 'Spatial' 0.020100042933075976 0.3890951381790758 0.0 110 7 5 0]
[3.5537657807919083 'Spatial' 0.020100042933075976 0.3890951381790758
 2.542372881355932 110 7 5 1]
[0.7452687849028006 'Spatial' 0.020100042933075976 0.3890951381790758
 0.847457627118644 110 7 5 2]
[1.7123767631565545 'Spatial' 0.020100042933075976 0.3890951381790758
 6.491525423728813 110 7 5 3]
[0.02212894571988172 'Spatial' 0.020100042933075976 0.3890951381790758
 0.38983050847457623 110 7 5 4]
[1.7294333512986757 'Spatial' 0.020100042933075976 0.3890951381790758
 6.779661016949152 110 7 5 5]
[1.4934481678674574 'Spatial' 0.020100042933075976 0.3890951381790758
 6.2542372881355925 110 7 5 6]
[0.0006298016333097749 'Spatial' 0.020100042933075976 0.3890951381790758
 0.6779661016949152 110 7 5 7]
[2.064518124954006 'Spatial' 0.020100042933075976 0.3890951381790758
 6.2542372881355925 110 7 5 8]
[1.0764115742227869 'Spatial' 0.020100042933075976 0.3890951381790758
 5.644067796610169 110 7 5 9]
[0.3891741761604136 'Spatial' 0.020100042933075976 0.3890951381790758
 2.796610169491525 110 7 5 10]
[0.0006298016333097749 'Spatial' 0.020100042933075976 0.3890951381790758
 0.1694915254237288 110 7 5 11]
[0.0006298016333097749 'Spatial' 0.020100042933075976 0.3890951381790758
 0.1694915254237288 110 7 5 12]
[0.0006298016333097749 'Spatial' 0.020100042933075976 0.3890951381790758
 0.1694915254237288 110 7 5 13]
[0.0006298016333097749 'Spatial' 0.020100042933075976 0.3890951381790758
 0.1694915254237288 110 7 5 14]
[0.0006298016333097749 'Spatial' 0.020100042933075976 0.3890951381790758
 0.1694915254237288 110 7 5 15]
[0.0006298016333097749 'Spatial' 0.020100042933075976 0.3890951381790758
 0.1694915254237288 110 7 5 16]
[0.0006298016333097749 'Spatial' 0.020100042933075976 0.3890951381790758
 0.1694915254237288 110 7 5 17]
[0.0006298016333097749 'Spatial' 0.020100042933075976 0.3890951381790758
 0.1694915254237288 110 7 5 18]
[0.0006298016333097749 'Spatial' 0.020100042933075976 0.3890951381790758
 0.1694915254237288 110 7 5 19]
[0.0 'Spatial' 0.020100042933075976 0.3890951381790758 0.0 110 7 6 0]
[3.5537657807919083 'Spatial' 0.020100042933075976 0.3890951381790758
 2.542372881355932 110 7 6 1]
[0.7452687849028006 'Spatial' 0.020100042933075976 0.3890951381790758
 0.847457627118644 110 7 6 2]
[1.7123767631565545 'Spatial' 0.020100042933075976 0.3890951381790758
 6.491525423728813 110 7 6 3]
[0.02212894571988172 'Spatial' 0.020100042933075976 0.3890951381790758
 0.38983050847457623 110 7 6 4]
[1.7294333512986757 'Spatial' 0.020100042933075976 0.3890951381790758
 6.779661016949152 110 7 6 5]
[1.4934481678674574 'Spatial' 0.020100042933075976 0.3890951381790758
 6.2542372881355925 110 7 6 6]
[0.0006298016333097749 'Spatial' 0.020100042933075976 0.3890951381790758
 0.6779661016949152 110 7 6 7]
[2.064518124954006 'Spatial' 0.020100042933075976 0.3890951381790758
 6.2542372881355925 110 7 6 8]
[1.0764115742227869 'Spatial' 0.020100042933075976 0.3890951381790758
 5.644067796610169 110 7 6 9]
[0.3891741761604136 'Spatial' 0.020100042933075976 0.3890951381790758
 2.796610169491525 110 7 6 10]
[0.0006298016333097749 'Spatial' 0.020100042933075976 0.3890951381790758
 0.1694915254237288 110 7 6 11]
[0.0006298016333097749 'Spatial' 0.020100042933075976 0.3890951381790758
 0.1694915254237288 110 7 6 12]
[0.0006298016333097749 'Spatial' 0.020100042933075976 0.3890951381790758
 0.1694915254237288 110 7 6 13]
[0.0006298016333097749 'Spatial' 0.020100042933075976 0.3890951381790758
 0.1694915254237288 110 7 6 14]
[0.0006298016333097749 'Spatial' 0.020100042933075976 0.3890951381790758
 0.1694915254237288 110 7 6 15]
[0.0006298016333097749 'Spatial' 0.020100042933075976 0.3890951381790758
 0.1694915254237288 110 7 6 16]
[0.0006298016333097749 'Spatial' 0.020100042933075976 0.3890951381790758
 0.1694915254237288 110 7 6 17]
[0.0006298016333097749 'Spatial' 0.020100042933075976 0.3890951381790758
 0.1694915254237288 110 7 6 18]
[0.0006298016333097749 'Spatial' 0.020100042933075976 0.3890951381790758
 0.1694915254237288 110 7 6 19]
[0.0 'Spatial' 0.020100042933075976 0.3890951381790758 0.0 110 7 8 0]
[3.5537657807919083 'Spatial' 0.020100042933075976 0.3890951381790758
 2.542372881355932 110 7 8 1]
[0.7452687849028006 'Spatial' 0.020100042933075976 0.3890951381790758
 0.847457627118644 110 7 8 2]
[1.7123767631565545 'Spatial' 0.020100042933075976 0.3890951381790758
 6.491525423728813 110 7 8 3]
[0.02212894571988172 'Spatial' 0.020100042933075976 0.3890951381790758
 0.38983050847457623 110 7 8 4]
[1.7294333512986757 'Spatial' 0.020100042933075976 0.3890951381790758
 6.779661016949152 110 7 8 5]
[1.4934481678674574 'Spatial' 0.020100042933075976 0.3890951381790758
 6.2542372881355925 110 7 8 6]
[0.0006298016333097749 'Spatial' 0.020100042933075976 0.3890951381790758
 0.6779661016949152 110 7 8 7]
[2.064518124954006 'Spatial' 0.020100042933075976 0.3890951381790758
 6.2542372881355925 110 7 8 8]
[1.0764115742227869 'Spatial' 0.020100042933075976 0.3890951381790758
 5.644067796610169 110 7 8 9]
[0.3891741761604136 'Spatial' 0.020100042933075976 0.3890951381790758
 2.796610169491525 110 7 8 10]
[0.0006298016333097749 'Spatial' 0.020100042933075976 0.3890951381790758
 0.1694915254237288 110 7 8 11]
[0.0006298016333097749 'Spatial' 0.020100042933075976 0.3890951381790758
 0.1694915254237288 110 7 8 12]
[0.0006298016333097749 'Spatial' 0.020100042933075976 0.3890951381790758
 0.1694915254237288 110 7 8 13]
[0.0006298016333097749 'Spatial' 0.020100042933075976 0.3890951381790758
 0.1694915254237288 110 7 8 14]
[0.0006298016333097749 'Spatial' 0.020100042933075976 0.3890951381790758
 0.1694915254237288 110 7 8 15]
[0.0006298016333097749 'Spatial' 0.020100042933075976 0.3890951381790758
 0.1694915254237288 110 7 8 16]
[0.0006298016333097749 'Spatial' 0.020100042933075976 0.3890951381790758
 0.1694915254237288 110 7 8 17]
[0.0006298016333097749 'Spatial' 0.020100042933075976 0.3890951381790758
 0.1694915254237288 110 7 8 18]
[0.0006298016333097749 'Spatial' 0.020100042933075976 0.3890951381790758
 0.1694915254237288 110 7 8 19]
