[0.0 'Conceptual' 0.617359448870219 92.88301417018666 0.0 20 0 1 0]
[4.142460488524002 'Conceptual' 0.617359448870219 92.88301417018666
 0.28135593220338984 20 0 1 1]
[3.1787053754078487 'Conceptual' 0.617359448870219 92.88301417018666
 10.169491525423728 20 0 1 2]
[0.000629801633309997 'Conceptual' 0.617359448870219 92.88301417018666
 1.0169491525423728 20 0 1 3]
[3.536960917427253 'Conceptual' 0.617359448870219 92.88301417018666
 3.9830508474576267 20 0 1 4]
[3.761231083383683 'Conceptual' 0.617359448870219 92.88301417018666
 3.9830508474576267 20 0 1 5]
[1.9459915743116158 'Conceptual' 0.617359448870219 92.88301417018666
 1.6101694915254237 20 0 1 6]
[1.4092792787444766 'Conceptual' 0.617359448870219 92.88301417018666
 1.1016949152542372 20 0 1 7]
[2.3983607533049995 'Conceptual' 0.617359448870219 92.88301417018666
 1.4406779661016949 20 0 1 8]
[0.5480013176773889 'Conceptual' 0.617359448870219 92.88301417018666
 0.5084745762711864 20 0 1 9]
[3.0445429137042646 'Conceptual' 0.617359448870219 92.88301417018666
 1.7796610169491525 20 0 1 10]
[0.00070253423815035 'Conceptual' 0.617359448870219 92.88301417018666
 0.1694915254237288 20 0 1 11]
[1.6095559054726483 'Conceptual' 0.617359448870219 92.88301417018666
 0.8644067796610169 20 0 1 12]
[2.07951153922995 'Conceptual' 0.617359448870219 92.88301417018666
 1.0169491525423728 20 0 1 13]
[3.6109252099148965 'Conceptual' 0.617359448870219 92.88301417018666
 2.3728813559322033 20 0 1 14]
[2.07951153922995 'Conceptual' 0.617359448870219 92.88301417018666
 1.0169491525423728 20 0 1 15]
[2.3323284498755004 'Conceptual' 0.617359448870219 92.88301417018666
 1.1016949152542372 20 0 1 16]
[1.390633934742754 'Conceptual' 0.617359448870219 92.88301417018666
 0.6949152542372881 20 0 1 17]
[2.5985176653602067 'Conceptual' 0.617359448870219 92.88301417018666
 1.1016949152542372 20 0 1 18]
[0.0007675663510653596 'Conceptual' 0.617359448870219 92.88301417018666
 0.1694915254237288 20 0 1 19]
[0.0 'Conceptual' 0.617359448870219 92.88301417018666 0.0 20 0 2 0]
[4.142460488524002 'Conceptual' 0.617359448870219 92.88301417018666
 0.28135593220338984 20 0 2 1]
[3.1787053754078487 'Conceptual' 0.617359448870219 92.88301417018666
 10.169491525423728 20 0 2 2]
[0.000629801633309997 'Conceptual' 0.617359448870219 92.88301417018666
 1.0169491525423728 20 0 2 3]
[3.536960917427253 'Conceptual' 0.617359448870219 92.88301417018666
 3.9830508474576267 20 0 2 4]
[3.761231083383683 'Conceptual' 0.617359448870219 92.88301417018666
 3.9830508474576267 20 0 2 5]
[1.9459915743116158 'Conceptual' 0.617359448870219 92.88301417018666
 1.6101694915254237 20 0 2 6]
[1.4092792787444766 'Conceptual' 0.617359448870219 92.88301417018666
 1.1016949152542372 20 0 2 7]
[2.3983607533049995 'Conceptual' 0.617359448870219 92.88301417018666
 1.4406779661016949 20 0 2 8]
[0.5480013176773889 'Conceptual' 0.617359448870219 92.88301417018666
 0.5084745762711864 20 0 2 9]
[3.0445429137042646 'Conceptual' 0.617359448870219 92.88301417018666
 1.7796610169491525 20 0 2 10]
[0.00070253423815035 'Conceptual' 0.617359448870219 92.88301417018666
 0.1694915254237288 20 0 2 11]
[1.6095559054726483 'Conceptual' 0.617359448870219 92.88301417018666
 0.8644067796610169 20 0 2 12]
[2.07951153922995 'Conceptual' 0.617359448870219 92.88301417018666
 1.0169491525423728 20 0 2 13]
[3.6109252099148965 'Conceptual' 0.617359448870219 92.88301417018666
 2.3728813559322033 20 0 2 14]
[2.07951153922995 'Conceptual' 0.617359448870219 92.88301417018666
 1.0169491525423728 20 0 2 15]
[2.3323284498755004 'Conceptual' 0.617359448870219 92.88301417018666
 1.1016949152542372 20 0 2 16]
[1.390633934742754 'Conceptual' 0.617359448870219 92.88301417018666
 0.6949152542372881 20 0 2 17]
[2.5985176653602067 'Conceptual' 0.617359448870219 92.88301417018666
 1.1016949152542372 20 0 2 18]
[0.0007675663510653596 'Conceptual' 0.617359448870219 92.88301417018666
 0.1694915254237288 20 0 2 19]
[0.0 'Conceptual' 0.617359448870219 92.88301417018666 0.0 20 0 3 0]
[4.142460488524002 'Conceptual' 0.617359448870219 92.88301417018666
 0.28135593220338984 20 0 3 1]
[3.1787053754078487 'Conceptual' 0.617359448870219 92.88301417018666
 10.169491525423728 20 0 3 2]
[0.000629801633309997 'Conceptual' 0.617359448870219 92.88301417018666
 1.0169491525423728 20 0 3 3]
[3.536960917427253 'Conceptual' 0.617359448870219 92.88301417018666
 3.9830508474576267 20 0 3 4]
[3.761231083383683 'Conceptual' 0.617359448870219 92.88301417018666
 3.9830508474576267 20 0 3 5]
[1.9459915743116158 'Conceptual' 0.617359448870219 92.88301417018666
 1.6101694915254237 20 0 3 6]
[1.4092792787444766 'Conceptual' 0.617359448870219 92.88301417018666
 1.1016949152542372 20 0 3 7]
[2.3983607533049995 'Conceptual' 0.617359448870219 92.88301417018666
 1.4406779661016949 20 0 3 8]
[0.5480013176773889 'Conceptual' 0.617359448870219 92.88301417018666
 0.5084745762711864 20 0 3 9]
[3.0445429137042646 'Conceptual' 0.617359448870219 92.88301417018666
 1.7796610169491525 20 0 3 10]
[0.00070253423815035 'Conceptual' 0.617359448870219 92.88301417018666
 0.1694915254237288 20 0 3 11]
[1.6095559054726483 'Conceptual' 0.617359448870219 92.88301417018666
 0.8644067796610169 20 0 3 12]
[2.07951153922995 'Conceptual' 0.617359448870219 92.88301417018666
 1.0169491525423728 20 0 3 13]
[3.6109252099148965 'Conceptual' 0.617359448870219 92.88301417018666
 2.3728813559322033 20 0 3 14]
[2.07951153922995 'Conceptual' 0.617359448870219 92.88301417018666
 1.0169491525423728 20 0 3 15]
[2.3323284498755004 'Conceptual' 0.617359448870219 92.88301417018666
 1.1016949152542372 20 0 3 16]
[1.390633934742754 'Conceptual' 0.617359448870219 92.88301417018666
 0.6949152542372881 20 0 3 17]
[2.5985176653602067 'Conceptual' 0.617359448870219 92.88301417018666
 1.1016949152542372 20 0 3 18]
[0.0007675663510653596 'Conceptual' 0.617359448870219 92.88301417018666
 0.1694915254237288 20 0 3 19]
[0.0 'Conceptual' 0.617359448870219 92.88301417018666 0.0 20 0 4 0]
[4.142460488524002 'Conceptual' 0.617359448870219 92.88301417018666
 0.28135593220338984 20 0 4 1]
[3.1787053754078487 'Conceptual' 0.617359448870219 92.88301417018666
 10.169491525423728 20 0 4 2]
[0.000629801633309997 'Conceptual' 0.617359448870219 92.88301417018666
 1.0169491525423728 20 0 4 3]
[3.536960917427253 'Conceptual' 0.617359448870219 92.88301417018666
 3.9830508474576267 20 0 4 4]
[3.761231083383683 'Conceptual' 0.617359448870219 92.88301417018666
 3.9830508474576267 20 0 4 5]
[1.9459915743116158 'Conceptual' 0.617359448870219 92.88301417018666
 1.6101694915254237 20 0 4 6]
[1.4092792787444766 'Conceptual' 0.617359448870219 92.88301417018666
 1.1016949152542372 20 0 4 7]
[2.3983607533049995 'Conceptual' 0.617359448870219 92.88301417018666
 1.4406779661016949 20 0 4 8]
[0.5480013176773889 'Conceptual' 0.617359448870219 92.88301417018666
 0.5084745762711864 20 0 4 9]
[3.0445429137042646 'Conceptual' 0.617359448870219 92.88301417018666
 1.7796610169491525 20 0 4 10]
[0.00070253423815035 'Conceptual' 0.617359448870219 92.88301417018666
 0.1694915254237288 20 0 4 11]
[1.6095559054726483 'Conceptual' 0.617359448870219 92.88301417018666
 0.8644067796610169 20 0 4 12]
[2.07951153922995 'Conceptual' 0.617359448870219 92.88301417018666
 1.0169491525423728 20 0 4 13]
[3.6109252099148965 'Conceptual' 0.617359448870219 92.88301417018666
 2.3728813559322033 20 0 4 14]
[2.07951153922995 'Conceptual' 0.617359448870219 92.88301417018666
 1.0169491525423728 20 0 4 15]
[2.3323284498755004 'Conceptual' 0.617359448870219 92.88301417018666
 1.1016949152542372 20 0 4 16]
[1.390633934742754 'Conceptual' 0.617359448870219 92.88301417018666
 0.6949152542372881 20 0 4 17]
[2.5985176653602067 'Conceptual' 0.617359448870219 92.88301417018666
 1.1016949152542372 20 0 4 18]
[0.0007675663510653596 'Conceptual' 0.617359448870219 92.88301417018666
 0.1694915254237288 20 0 4 19]
[0.0 'Conceptual' 0.617359448870219 92.88301417018666 0.0 20 0 5 0]
[4.142460488524002 'Conceptual' 0.617359448870219 92.88301417018666
 0.28135593220338984 20 0 5 1]
[3.1787053754078487 'Conceptual' 0.617359448870219 92.88301417018666
 10.169491525423728 20 0 5 2]
[0.000629801633309997 'Conceptual' 0.617359448870219 92.88301417018666
 1.0169491525423728 20 0 5 3]
[3.536960917427253 'Conceptual' 0.617359448870219 92.88301417018666
 3.9830508474576267 20 0 5 4]
[3.761231083383683 'Conceptual' 0.617359448870219 92.88301417018666
 3.9830508474576267 20 0 5 5]
[1.9459915743116158 'Conceptual' 0.617359448870219 92.88301417018666
 1.6101694915254237 20 0 5 6]
[1.4092792787444766 'Conceptual' 0.617359448870219 92.88301417018666
 1.1016949152542372 20 0 5 7]
[2.3983607533049995 'Conceptual' 0.617359448870219 92.88301417018666
 1.4406779661016949 20 0 5 8]
[0.5480013176773889 'Conceptual' 0.617359448870219 92.88301417018666
 0.5084745762711864 20 0 5 9]
[3.0445429137042646 'Conceptual' 0.617359448870219 92.88301417018666
 1.7796610169491525 20 0 5 10]
[0.00070253423815035 'Conceptual' 0.617359448870219 92.88301417018666
 0.1694915254237288 20 0 5 11]
[1.6095559054726483 'Conceptual' 0.617359448870219 92.88301417018666
 0.8644067796610169 20 0 5 12]
[2.07951153922995 'Conceptual' 0.617359448870219 92.88301417018666
 1.0169491525423728 20 0 5 13]
[3.6109252099148965 'Conceptual' 0.617359448870219 92.88301417018666
 2.3728813559322033 20 0 5 14]
[2.07951153922995 'Conceptual' 0.617359448870219 92.88301417018666
 1.0169491525423728 20 0 5 15]
[2.3323284498755004 'Conceptual' 0.617359448870219 92.88301417018666
 1.1016949152542372 20 0 5 16]
[1.390633934742754 'Conceptual' 0.617359448870219 92.88301417018666
 0.6949152542372881 20 0 5 17]
[2.5985176653602067 'Conceptual' 0.617359448870219 92.88301417018666
 1.1016949152542372 20 0 5 18]
[0.0007675663510653596 'Conceptual' 0.617359448870219 92.88301417018666
 0.1694915254237288 20 0 5 19]
[0.0 'Conceptual' 0.617359448870219 92.88301417018666 0.0 20 0 6 0]
[4.142460488524002 'Conceptual' 0.617359448870219 92.88301417018666
 0.28135593220338984 20 0 6 1]
[3.1787053754078487 'Conceptual' 0.617359448870219 92.88301417018666
 10.169491525423728 20 0 6 2]
[0.000629801633309997 'Conceptual' 0.617359448870219 92.88301417018666
 1.0169491525423728 20 0 6 3]
[3.536960917427253 'Conceptual' 0.617359448870219 92.88301417018666
 3.9830508474576267 20 0 6 4]
[3.761231083383683 'Conceptual' 0.617359448870219 92.88301417018666
 3.9830508474576267 20 0 6 5]
[1.9459915743116158 'Conceptual' 0.617359448870219 92.88301417018666
 1.6101694915254237 20 0 6 6]
[1.4092792787444766 'Conceptual' 0.617359448870219 92.88301417018666
 1.1016949152542372 20 0 6 7]
[2.3983607533049995 'Conceptual' 0.617359448870219 92.88301417018666
 1.4406779661016949 20 0 6 8]
[0.5480013176773889 'Conceptual' 0.617359448870219 92.88301417018666
 0.5084745762711864 20 0 6 9]
[3.0445429137042646 'Conceptual' 0.617359448870219 92.88301417018666
 1.7796610169491525 20 0 6 10]
[0.00070253423815035 'Conceptual' 0.617359448870219 92.88301417018666
 0.1694915254237288 20 0 6 11]
[1.6095559054726483 'Conceptual' 0.617359448870219 92.88301417018666
 0.8644067796610169 20 0 6 12]
[2.07951153922995 'Conceptual' 0.617359448870219 92.88301417018666
 1.0169491525423728 20 0 6 13]
[3.6109252099148965 'Conceptual' 0.617359448870219 92.88301417018666
 2.3728813559322033 20 0 6 14]
[2.07951153922995 'Conceptual' 0.617359448870219 92.88301417018666
 1.0169491525423728 20 0 6 15]
[2.3323284498755004 'Conceptual' 0.617359448870219 92.88301417018666
 1.1016949152542372 20 0 6 16]
[1.390633934742754 'Conceptual' 0.617359448870219 92.88301417018666
 0.6949152542372881 20 0 6 17]
[2.5985176653602067 'Conceptual' 0.617359448870219 92.88301417018666
 1.1016949152542372 20 0 6 18]
[0.0007675663510653596 'Conceptual' 0.617359448870219 92.88301417018666
 0.1694915254237288 20 0 6 19]
[0.0 'Conceptual' 0.617359448870219 92.88301417018666 0.0 20 0 7 0]
[4.142460488524002 'Conceptual' 0.617359448870219 92.88301417018666
 0.28135593220338984 20 0 7 1]
[3.1787053754078487 'Conceptual' 0.617359448870219 92.88301417018666
 10.169491525423728 20 0 7 2]
[0.000629801633309997 'Conceptual' 0.617359448870219 92.88301417018666
 1.0169491525423728 20 0 7 3]
[3.536960917427253 'Conceptual' 0.617359448870219 92.88301417018666
 3.9830508474576267 20 0 7 4]
[3.761231083383683 'Conceptual' 0.617359448870219 92.88301417018666
 3.9830508474576267 20 0 7 5]
[1.9459915743116158 'Conceptual' 0.617359448870219 92.88301417018666
 1.6101694915254237 20 0 7 6]
[1.4092792787444766 'Conceptual' 0.617359448870219 92.88301417018666
 1.1016949152542372 20 0 7 7]
[2.3983607533049995 'Conceptual' 0.617359448870219 92.88301417018666
 1.4406779661016949 20 0 7 8]
[0.5480013176773889 'Conceptual' 0.617359448870219 92.88301417018666
 0.5084745762711864 20 0 7 9]
[3.0445429137042646 'Conceptual' 0.617359448870219 92.88301417018666
 1.7796610169491525 20 0 7 10]
[0.00070253423815035 'Conceptual' 0.617359448870219 92.88301417018666
 0.1694915254237288 20 0 7 11]
[1.6095559054726483 'Conceptual' 0.617359448870219 92.88301417018666
 0.8644067796610169 20 0 7 12]
[2.07951153922995 'Conceptual' 0.617359448870219 92.88301417018666
 1.0169491525423728 20 0 7 13]
[3.6109252099148965 'Conceptual' 0.617359448870219 92.88301417018666
 2.3728813559322033 20 0 7 14]
[2.07951153922995 'Conceptual' 0.617359448870219 92.88301417018666
 1.0169491525423728 20 0 7 15]
[2.3323284498755004 'Conceptual' 0.617359448870219 92.88301417018666
 1.1016949152542372 20 0 7 16]
[1.390633934742754 'Conceptual' 0.617359448870219 92.88301417018666
 0.6949152542372881 20 0 7 17]
[2.5985176653602067 'Conceptual' 0.617359448870219 92.88301417018666
 1.1016949152542372 20 0 7 18]
[0.0007675663510653596 'Conceptual' 0.617359448870219 92.88301417018666
 0.1694915254237288 20 0 7 19]
[0.0 'Conceptual' 0.617359448870219 92.88301417018666 0.0 20 0 8 0]
[4.142460488524002 'Conceptual' 0.617359448870219 92.88301417018666
 0.28135593220338984 20 0 8 1]
[3.1787053754078487 'Conceptual' 0.617359448870219 92.88301417018666
 10.169491525423728 20 0 8 2]
[0.000629801633309997 'Conceptual' 0.617359448870219 92.88301417018666
 1.0169491525423728 20 0 8 3]
[3.536960917427253 'Conceptual' 0.617359448870219 92.88301417018666
 3.9830508474576267 20 0 8 4]
[3.761231083383683 'Conceptual' 0.617359448870219 92.88301417018666
 3.9830508474576267 20 0 8 5]
[1.9459915743116158 'Conceptual' 0.617359448870219 92.88301417018666
 1.6101694915254237 20 0 8 6]
[1.4092792787444766 'Conceptual' 0.617359448870219 92.88301417018666
 1.1016949152542372 20 0 8 7]
[2.3983607533049995 'Conceptual' 0.617359448870219 92.88301417018666
 1.4406779661016949 20 0 8 8]
[0.5480013176773889 'Conceptual' 0.617359448870219 92.88301417018666
 0.5084745762711864 20 0 8 9]
[3.0445429137042646 'Conceptual' 0.617359448870219 92.88301417018666
 1.7796610169491525 20 0 8 10]
[0.00070253423815035 'Conceptual' 0.617359448870219 92.88301417018666
 0.1694915254237288 20 0 8 11]
[1.6095559054726483 'Conceptual' 0.617359448870219 92.88301417018666
 0.8644067796610169 20 0 8 12]
[2.07951153922995 'Conceptual' 0.617359448870219 92.88301417018666
 1.0169491525423728 20 0 8 13]
[3.6109252099148965 'Conceptual' 0.617359448870219 92.88301417018666
 2.3728813559322033 20 0 8 14]
[2.07951153922995 'Conceptual' 0.617359448870219 92.88301417018666
 1.0169491525423728 20 0 8 15]
[2.3323284498755004 'Conceptual' 0.617359448870219 92.88301417018666
 1.1016949152542372 20 0 8 16]
[1.390633934742754 'Conceptual' 0.617359448870219 92.88301417018666
 0.6949152542372881 20 0 8 17]
[2.5985176653602067 'Conceptual' 0.617359448870219 92.88301417018666
 1.1016949152542372 20 0 8 18]
[0.0007675663510653596 'Conceptual' 0.617359448870219 92.88301417018666
 0.1694915254237288 20 0 8 19]
