[0.0 'Conceptual' 0.03698724458048603 0.00812629949975989 0.0 73 4 0 0]
[2.9032471712098658 'Conceptual' 0.03698724458048603 0.00812629949975989
 1.3559322033898304 73 4 0 1]
[4.0937522046748755 'Conceptual' 0.03698724458048603 0.00812629949975989
 7.610169491525423 73 4 0 2]
[0.012039598372052927 'Conceptual' 0.03698724458048603 0.00812629949975989
 0.38983050847457623 73 4 0 3]
[3.088414392897443 'Conceptual' 0.03698724458048603 0.00812629949975989
 4.491525423728812 73 4 0 4]
[1.0855763916016343 'Conceptual' 0.03698724458048603 0.00812629949975989
 2.6271186440677963 73 4 0 5]
[2.7082171319633246 'Conceptual' 0.03698724458048603 0.00812629949975989
 5.59322033898305 73 4 0 6]
[3.7924406387118386 'Conceptual' 0.03698724458048603 0.00812629949975989
 10.169491525423728 73 4 0 7]
[0.0006852984359606768 'Conceptual' 0.03698724458048603
 0.00812629949975989 0.8305084745762711 73 4 0 8]
[1.7411396239734973 'Conceptual' 0.03698724458048603 0.00812629949975989
 4.406779661016948 73 4 0 9]
[0.0006623646567911217 'Conceptual' 0.03698724458048603
 0.00812629949975989 0.7288135593220338 73 4 0 10]
[3.2460011516612224 'Conceptual' 0.03698724458048603 0.00812629949975989
 9.406779661016948 73 4 0 11]
[0.4342788751237239 'Conceptual' 0.03698724458048603 0.00812629949975989
 1.7796610169491525 73 4 0 12]
[0.01363419985265449 'Conceptual' 0.03698724458048603 0.00812629949975989
 1.4406779661016949 73 4 0 13]
[0.000676434165681232 'Conceptual' 0.03698724458048603 0.00812629949975989
 1.2372881355932202 73 4 0 14]
[0.000629801633309997 'Conceptual' 0.03698724458048603 0.00812629949975989
 0.1694915254237288 73 4 0 15]
[1.0270923274224288 'Conceptual' 0.03698724458048603 0.00812629949975989
 4.576271186440678 73 4 0 16]
[0.000629801633309997 'Conceptual' 0.03698724458048603 0.00812629949975989
 0.1694915254237288 73 4 0 17]
[0.000629801633309997 'Conceptual' 0.03698724458048603 0.00812629949975989
 0.1694915254237288 73 4 0 18]
[0.000629801633309997 'Conceptual' 0.03698724458048603 0.00812629949975989
 0.1694915254237288 73 4 0 19]
[0.0 'Conceptual' 0.03698724458048603 0.00812629949975989 0.0 73 4 1 0]
[2.9032471712098658 'Conceptual' 0.03698724458048603 0.00812629949975989
 1.3559322033898304 73 4 1 1]
[4.0937522046748755 'Conceptual' 0.03698724458048603 0.00812629949975989
 7.610169491525423 73 4 1 2]
[0.012039598372052927 'Conceptual' 0.03698724458048603 0.00812629949975989
 0.38983050847457623 73 4 1 3]
[3.088414392897443 'Conceptual' 0.03698724458048603 0.00812629949975989
 4.491525423728812 73 4 1 4]
[1.0855763916016343 'Conceptual' 0.03698724458048603 0.00812629949975989
 2.6271186440677963 73 4 1 5]
[2.7082171319633246 'Conceptual' 0.03698724458048603 0.00812629949975989
 5.59322033898305 73 4 1 6]
[3.7924406387118386 'Conceptual' 0.03698724458048603 0.00812629949975989
 10.169491525423728 73 4 1 7]
[0.0006852984359606768 'Conceptual' 0.03698724458048603
 0.00812629949975989 0.8305084745762711 73 4 1 8]
[1.7411396239734973 'Conceptual' 0.03698724458048603 0.00812629949975989
 4.406779661016948 73 4 1 9]
[0.0006623646567911217 'Conceptual' 0.03698724458048603
 0.00812629949975989 0.7288135593220338 73 4 1 10]
[3.2460011516612224 'Conceptual' 0.03698724458048603 0.00812629949975989
 9.406779661016948 73 4 1 11]
[0.4342788751237239 'Conceptual' 0.03698724458048603 0.00812629949975989
 1.7796610169491525 73 4 1 12]
[0.01363419985265449 'Conceptual' 0.03698724458048603 0.00812629949975989
 1.4406779661016949 73 4 1 13]
[0.000676434165681232 'Conceptual' 0.03698724458048603 0.00812629949975989
 1.2372881355932202 73 4 1 14]
[0.000629801633309997 'Conceptual' 0.03698724458048603 0.00812629949975989
 0.1694915254237288 73 4 1 15]
[1.0270923274224288 'Conceptual' 0.03698724458048603 0.00812629949975989
 4.576271186440678 73 4 1 16]
[0.000629801633309997 'Conceptual' 0.03698724458048603 0.00812629949975989
 0.1694915254237288 73 4 1 17]
[0.000629801633309997 'Conceptual' 0.03698724458048603 0.00812629949975989
 0.1694915254237288 73 4 1 18]
[0.000629801633309997 'Conceptual' 0.03698724458048603 0.00812629949975989
 0.1694915254237288 73 4 1 19]
[0.0 'Conceptual' 0.03698724458048603 0.00812629949975989 0.0 73 4 2 0]
[2.9032471712098658 'Conceptual' 0.03698724458048603 0.00812629949975989
 1.3559322033898304 73 4 2 1]
[4.0937522046748755 'Conceptual' 0.03698724458048603 0.00812629949975989
 7.610169491525423 73 4 2 2]
[0.012039598372052927 'Conceptual' 0.03698724458048603 0.00812629949975989
 0.38983050847457623 73 4 2 3]
[3.088414392897443 'Conceptual' 0.03698724458048603 0.00812629949975989
 4.491525423728812 73 4 2 4]
[1.0855763916016343 'Conceptual' 0.03698724458048603 0.00812629949975989
 2.6271186440677963 73 4 2 5]
[2.7082171319633246 'Conceptual' 0.03698724458048603 0.00812629949975989
 5.59322033898305 73 4 2 6]
[3.7924406387118386 'Conceptual' 0.03698724458048603 0.00812629949975989
 10.169491525423728 73 4 2 7]
[0.0006852984359606768 'Conceptual' 0.03698724458048603
 0.00812629949975989 0.8305084745762711 73 4 2 8]
[1.7411396239734973 'Conceptual' 0.03698724458048603 0.00812629949975989
 4.406779661016948 73 4 2 9]
[0.0006623646567911217 'Conceptual' 0.03698724458048603
 0.00812629949975989 0.7288135593220338 73 4 2 10]
[3.2460011516612224 'Conceptual' 0.03698724458048603 0.00812629949975989
 9.406779661016948 73 4 2 11]
[0.4342788751237239 'Conceptual' 0.03698724458048603 0.00812629949975989
 1.7796610169491525 73 4 2 12]
[0.01363419985265449 'Conceptual' 0.03698724458048603 0.00812629949975989
 1.4406779661016949 73 4 2 13]
[0.000676434165681232 'Conceptual' 0.03698724458048603 0.00812629949975989
 1.2372881355932202 73 4 2 14]
[0.000629801633309997 'Conceptual' 0.03698724458048603 0.00812629949975989
 0.1694915254237288 73 4 2 15]
[1.0270923274224288 'Conceptual' 0.03698724458048603 0.00812629949975989
 4.576271186440678 73 4 2 16]
[0.000629801633309997 'Conceptual' 0.03698724458048603 0.00812629949975989
 0.1694915254237288 73 4 2 17]
[0.000629801633309997 'Conceptual' 0.03698724458048603 0.00812629949975989
 0.1694915254237288 73 4 2 18]
[0.000629801633309997 'Conceptual' 0.03698724458048603 0.00812629949975989
 0.1694915254237288 73 4 2 19]
[0.0 'Conceptual' 0.03698724458048603 0.00812629949975989 0.0 73 4 3 0]
[2.9032471712098658 'Conceptual' 0.03698724458048603 0.00812629949975989
 1.3559322033898304 73 4 3 1]
[4.0937522046748755 'Conceptual' 0.03698724458048603 0.00812629949975989
 7.610169491525423 73 4 3 2]
[0.012039598372052927 'Conceptual' 0.03698724458048603 0.00812629949975989
 0.38983050847457623 73 4 3 3]
[3.088414392897443 'Conceptual' 0.03698724458048603 0.00812629949975989
 4.491525423728812 73 4 3 4]
[1.0855763916016343 'Conceptual' 0.03698724458048603 0.00812629949975989
 2.6271186440677963 73 4 3 5]
[2.7082171319633246 'Conceptual' 0.03698724458048603 0.00812629949975989
 5.59322033898305 73 4 3 6]
[3.7924406387118386 'Conceptual' 0.03698724458048603 0.00812629949975989
 10.169491525423728 73 4 3 7]
[0.0006852984359606768 'Conceptual' 0.03698724458048603
 0.00812629949975989 0.8305084745762711 73 4 3 8]
[1.7411396239734973 'Conceptual' 0.03698724458048603 0.00812629949975989
 4.406779661016948 73 4 3 9]
[0.0006623646567911217 'Conceptual' 0.03698724458048603
 0.00812629949975989 0.7288135593220338 73 4 3 10]
[3.2460011516612224 'Conceptual' 0.03698724458048603 0.00812629949975989
 9.406779661016948 73 4 3 11]
[0.4342788751237239 'Conceptual' 0.03698724458048603 0.00812629949975989
 1.7796610169491525 73 4 3 12]
[0.01363419985265449 'Conceptual' 0.03698724458048603 0.00812629949975989
 1.4406779661016949 73 4 3 13]
[0.000676434165681232 'Conceptual' 0.03698724458048603 0.00812629949975989
 1.2372881355932202 73 4 3 14]
[0.000629801633309997 'Conceptual' 0.03698724458048603 0.00812629949975989
 0.1694915254237288 73 4 3 15]
[1.0270923274224288 'Conceptual' 0.03698724458048603 0.00812629949975989
 4.576271186440678 73 4 3 16]
[0.000629801633309997 'Conceptual' 0.03698724458048603 0.00812629949975989
 0.1694915254237288 73 4 3 17]
[0.000629801633309997 'Conceptual' 0.03698724458048603 0.00812629949975989
 0.1694915254237288 73 4 3 18]
[0.000629801633309997 'Conceptual' 0.03698724458048603 0.00812629949975989
 0.1694915254237288 73 4 3 19]
[0.0 'Conceptual' 0.03698724458048603 0.00812629949975989 0.0 73 4 5 0]
[2.9032471712098658 'Conceptual' 0.03698724458048603 0.00812629949975989
 1.3559322033898304 73 4 5 1]
[4.0937522046748755 'Conceptual' 0.03698724458048603 0.00812629949975989
 7.610169491525423 73 4 5 2]
[0.012039598372052927 'Conceptual' 0.03698724458048603 0.00812629949975989
 0.38983050847457623 73 4 5 3]
[3.088414392897443 'Conceptual' 0.03698724458048603 0.00812629949975989
 4.491525423728812 73 4 5 4]
[1.0855763916016343 'Conceptual' 0.03698724458048603 0.00812629949975989
 2.6271186440677963 73 4 5 5]
[2.7082171319633246 'Conceptual' 0.03698724458048603 0.00812629949975989
 5.59322033898305 73 4 5 6]
[3.7924406387118386 'Conceptual' 0.03698724458048603 0.00812629949975989
 10.169491525423728 73 4 5 7]
[0.0006852984359606768 'Conceptual' 0.03698724458048603
 0.00812629949975989 0.8305084745762711 73 4 5 8]
[1.7411396239734973 'Conceptual' 0.03698724458048603 0.00812629949975989
 4.406779661016948 73 4 5 9]
[0.0006623646567911217 'Conceptual' 0.03698724458048603
 0.00812629949975989 0.7288135593220338 73 4 5 10]
[3.2460011516612224 'Conceptual' 0.03698724458048603 0.00812629949975989
 9.406779661016948 73 4 5 11]
[0.4342788751237239 'Conceptual' 0.03698724458048603 0.00812629949975989
 1.7796610169491525 73 4 5 12]
[0.01363419985265449 'Conceptual' 0.03698724458048603 0.00812629949975989
 1.4406779661016949 73 4 5 13]
[0.000676434165681232 'Conceptual' 0.03698724458048603 0.00812629949975989
 1.2372881355932202 73 4 5 14]
[0.000629801633309997 'Conceptual' 0.03698724458048603 0.00812629949975989
 0.1694915254237288 73 4 5 15]
[1.0270923274224288 'Conceptual' 0.03698724458048603 0.00812629949975989
 4.576271186440678 73 4 5 16]
[0.000629801633309997 'Conceptual' 0.03698724458048603 0.00812629949975989
 0.1694915254237288 73 4 5 17]
[0.000629801633309997 'Conceptual' 0.03698724458048603 0.00812629949975989
 0.1694915254237288 73 4 5 18]
[0.000629801633309997 'Conceptual' 0.03698724458048603 0.00812629949975989
 0.1694915254237288 73 4 5 19]
[0.0 'Conceptual' 0.03698724458048603 0.00812629949975989 0.0 73 4 6 0]
[2.9032471712098658 'Conceptual' 0.03698724458048603 0.00812629949975989
 1.3559322033898304 73 4 6 1]
[4.0937522046748755 'Conceptual' 0.03698724458048603 0.00812629949975989
 7.610169491525423 73 4 6 2]
[0.012039598372052927 'Conceptual' 0.03698724458048603 0.00812629949975989
 0.38983050847457623 73 4 6 3]
[3.088414392897443 'Conceptual' 0.03698724458048603 0.00812629949975989
 4.491525423728812 73 4 6 4]
[1.0855763916016343 'Conceptual' 0.03698724458048603 0.00812629949975989
 2.6271186440677963 73 4 6 5]
[2.7082171319633246 'Conceptual' 0.03698724458048603 0.00812629949975989
 5.59322033898305 73 4 6 6]
[3.7924406387118386 'Conceptual' 0.03698724458048603 0.00812629949975989
 10.169491525423728 73 4 6 7]
[0.0006852984359606768 'Conceptual' 0.03698724458048603
 0.00812629949975989 0.8305084745762711 73 4 6 8]
[1.7411396239734973 'Conceptual' 0.03698724458048603 0.00812629949975989
 4.406779661016948 73 4 6 9]
[0.0006623646567911217 'Conceptual' 0.03698724458048603
 0.00812629949975989 0.7288135593220338 73 4 6 10]
[3.2460011516612224 'Conceptual' 0.03698724458048603 0.00812629949975989
 9.406779661016948 73 4 6 11]
[0.4342788751237239 'Conceptual' 0.03698724458048603 0.00812629949975989
 1.7796610169491525 73 4 6 12]
[0.01363419985265449 'Conceptual' 0.03698724458048603 0.00812629949975989
 1.4406779661016949 73 4 6 13]
[0.000676434165681232 'Conceptual' 0.03698724458048603 0.00812629949975989
 1.2372881355932202 73 4 6 14]
[0.000629801633309997 'Conceptual' 0.03698724458048603 0.00812629949975989
 0.1694915254237288 73 4 6 15]
[1.0270923274224288 'Conceptual' 0.03698724458048603 0.00812629949975989
 4.576271186440678 73 4 6 16]
[0.000629801633309997 'Conceptual' 0.03698724458048603 0.00812629949975989
 0.1694915254237288 73 4 6 17]
[0.000629801633309997 'Conceptual' 0.03698724458048603 0.00812629949975989
 0.1694915254237288 73 4 6 18]
[0.000629801633309997 'Conceptual' 0.03698724458048603 0.00812629949975989
 0.1694915254237288 73 4 6 19]
[0.0 'Conceptual' 0.03698724458048603 0.00812629949975989 0.0 73 4 7 0]
[2.9032471712098658 'Conceptual' 0.03698724458048603 0.00812629949975989
 1.3559322033898304 73 4 7 1]
[4.0937522046748755 'Conceptual' 0.03698724458048603 0.00812629949975989
 7.610169491525423 73 4 7 2]
[0.012039598372052927 'Conceptual' 0.03698724458048603 0.00812629949975989
 0.38983050847457623 73 4 7 3]
[3.088414392897443 'Conceptual' 0.03698724458048603 0.00812629949975989
 4.491525423728812 73 4 7 4]
[1.0855763916016343 'Conceptual' 0.03698724458048603 0.00812629949975989
 2.6271186440677963 73 4 7 5]
[2.7082171319633246 'Conceptual' 0.03698724458048603 0.00812629949975989
 5.59322033898305 73 4 7 6]
[3.7924406387118386 'Conceptual' 0.03698724458048603 0.00812629949975989
 10.169491525423728 73 4 7 7]
[0.0006852984359606768 'Conceptual' 0.03698724458048603
 0.00812629949975989 0.8305084745762711 73 4 7 8]
[1.7411396239734973 'Conceptual' 0.03698724458048603 0.00812629949975989
 4.406779661016948 73 4 7 9]
[0.0006623646567911217 'Conceptual' 0.03698724458048603
 0.00812629949975989 0.7288135593220338 73 4 7 10]
[3.2460011516612224 'Conceptual' 0.03698724458048603 0.00812629949975989
 9.406779661016948 73 4 7 11]
[0.4342788751237239 'Conceptual' 0.03698724458048603 0.00812629949975989
 1.7796610169491525 73 4 7 12]
[0.01363419985265449 'Conceptual' 0.03698724458048603 0.00812629949975989
 1.4406779661016949 73 4 7 13]
[0.000676434165681232 'Conceptual' 0.03698724458048603 0.00812629949975989
 1.2372881355932202 73 4 7 14]
[0.000629801633309997 'Conceptual' 0.03698724458048603 0.00812629949975989
 0.1694915254237288 73 4 7 15]
[1.0270923274224288 'Conceptual' 0.03698724458048603 0.00812629949975989
 4.576271186440678 73 4 7 16]
[0.000629801633309997 'Conceptual' 0.03698724458048603 0.00812629949975989
 0.1694915254237288 73 4 7 17]
[0.000629801633309997 'Conceptual' 0.03698724458048603 0.00812629949975989
 0.1694915254237288 73 4 7 18]
[0.000629801633309997 'Conceptual' 0.03698724458048603 0.00812629949975989
 0.1694915254237288 73 4 7 19]
[0.0 'Conceptual' 0.03698724458048603 0.00812629949975989 0.0 73 4 8 0]
[2.9032471712098658 'Conceptual' 0.03698724458048603 0.00812629949975989
 1.3559322033898304 73 4 8 1]
[4.0937522046748755 'Conceptual' 0.03698724458048603 0.00812629949975989
 7.610169491525423 73 4 8 2]
[0.012039598372052927 'Conceptual' 0.03698724458048603 0.00812629949975989
 0.38983050847457623 73 4 8 3]
[3.088414392897443 'Conceptual' 0.03698724458048603 0.00812629949975989
 4.491525423728812 73 4 8 4]
[1.0855763916016343 'Conceptual' 0.03698724458048603 0.00812629949975989
 2.6271186440677963 73 4 8 5]
[2.7082171319633246 'Conceptual' 0.03698724458048603 0.00812629949975989
 5.59322033898305 73 4 8 6]
[3.7924406387118386 'Conceptual' 0.03698724458048603 0.00812629949975989
 10.169491525423728 73 4 8 7]
[0.0006852984359606768 'Conceptual' 0.03698724458048603
 0.00812629949975989 0.8305084745762711 73 4 8 8]
[1.7411396239734973 'Conceptual' 0.03698724458048603 0.00812629949975989
 4.406779661016948 73 4 8 9]
[0.0006623646567911217 'Conceptual' 0.03698724458048603
 0.00812629949975989 0.7288135593220338 73 4 8 10]
[3.2460011516612224 'Conceptual' 0.03698724458048603 0.00812629949975989
 9.406779661016948 73 4 8 11]
[0.4342788751237239 'Conceptual' 0.03698724458048603 0.00812629949975989
 1.7796610169491525 73 4 8 12]
[0.01363419985265449 'Conceptual' 0.03698724458048603 0.00812629949975989
 1.4406779661016949 73 4 8 13]
[0.000676434165681232 'Conceptual' 0.03698724458048603 0.00812629949975989
 1.2372881355932202 73 4 8 14]
[0.000629801633309997 'Conceptual' 0.03698724458048603 0.00812629949975989
 0.1694915254237288 73 4 8 15]
[1.0270923274224288 'Conceptual' 0.03698724458048603 0.00812629949975989
 4.576271186440678 73 4 8 16]
[0.000629801633309997 'Conceptual' 0.03698724458048603 0.00812629949975989
 0.1694915254237288 73 4 8 17]
[0.000629801633309997 'Conceptual' 0.03698724458048603 0.00812629949975989
 0.1694915254237288 73 4 8 18]
[0.000629801633309997 'Conceptual' 0.03698724458048603 0.00812629949975989
 0.1694915254237288 73 4 8 19]
