[0.0 'Spatial' 0.03088478458292524 0.2042402217254199 0.0 77 2 0 0]
[4.088794795151747 'Spatial' 0.03088478458292524 0.2042402217254199
 0.559322033898305 77 2 0 1]
[4.1588830833596715 'Spatial' 0.03088478458292524 0.2042402217254199
 4.576271186440678 77 2 0 2]
[4.127178116513988 'Spatial' 0.03088478458292524 0.2042402217254199
 0.1694915254237288 77 2 0 3]
[4.0666217958279045 'Spatial' 0.03088478458292524 0.2042402217254199
 0.38983050847457623 77 2 0 4]
[4.049625297374786 'Spatial' 0.03088478458292524 0.2042402217254199
 0.38983050847457623 77 2 0 5]
[3.8884815453872172 'Spatial' 0.03088478458292524 0.2042402217254199
 0.5084745762711864 77 2 0 6]
[4.1588830833596715 'Spatial' 0.03088478458292524 0.2042402217254199
 4.067796610169491 77 2 0 7]
[2.135892392474548 'Spatial' 0.03088478458292524 0.2042402217254199
 0.3389830508474576 77 2 0 8]
[0.1528150920930953 'Spatial' 0.03088478458292524 0.2042402217254199
 0.3389830508474576 77 2 0 9]
[0.006903855884919513 'Spatial' 0.03088478458292524 0.2042402217254199
 0.3389830508474576 77 2 0 10]
[3.137544122094958 'Spatial' 0.03088478458292524 0.2042402217254199
 1.5762711864406778 77 2 0 11]
[0.9707913989070638 'Spatial' 0.03088478458292524 0.2042402217254199
 2.3559322033898304 77 2 0 12]
[0.14425144747248608 'Spatial' 0.03088478458292524 0.2042402217254199
 2.016949152542373 77 2 0 13]
[4.1588830833596715 'Spatial' 0.03088478458292524 0.2042402217254199
 4.067796610169491 77 2 0 14]
[4.1588830833596715 'Spatial' 0.03088478458292524 0.2042402217254199
 4.067796610169491 77 2 0 15]
[4.1588830833596715 'Spatial' 0.03088478458292524 0.2042402217254199
 3.8983050847457625 77 2 0 16]
[0.028353776914146825 'Spatial' 0.03088478458292524 0.2042402217254199
 1.4406779661016949 77 2 0 17]
[0.0006298016333102192 'Spatial' 0.03088478458292524 0.2042402217254199
 0.1694915254237288 77 2 0 18]
[0.0006298016333102192 'Spatial' 0.03088478458292524 0.2042402217254199
 0.1694915254237288 77 2 0 19]
[0.0 'Spatial' 0.03088478458292524 0.2042402217254199 0.0 77 2 1 0]
[4.088794795151747 'Spatial' 0.03088478458292524 0.2042402217254199
 0.559322033898305 77 2 1 1]
[4.1588830833596715 'Spatial' 0.03088478458292524 0.2042402217254199
 4.576271186440678 77 2 1 2]
[4.127178116513988 'Spatial' 0.03088478458292524 0.2042402217254199
 0.1694915254237288 77 2 1 3]
[4.0666217958279045 'Spatial' 0.03088478458292524 0.2042402217254199
 0.38983050847457623 77 2 1 4]
[4.049625297374786 'Spatial' 0.03088478458292524 0.2042402217254199
 0.38983050847457623 77 2 1 5]
[3.8884815453872172 'Spatial' 0.03088478458292524 0.2042402217254199
 0.5084745762711864 77 2 1 6]
[4.1588830833596715 'Spatial' 0.03088478458292524 0.2042402217254199
 4.067796610169491 77 2 1 7]
[2.135892392474548 'Spatial' 0.03088478458292524 0.2042402217254199
 0.3389830508474576 77 2 1 8]
[0.1528150920930953 'Spatial' 0.03088478458292524 0.2042402217254199
 0.3389830508474576 77 2 1 9]
[0.006903855884919513 'Spatial' 0.03088478458292524 0.2042402217254199
 0.3389830508474576 77 2 1 10]
[3.137544122094958 'Spatial' 0.03088478458292524 0.2042402217254199
 1.5762711864406778 77 2 1 11]
[0.9707913989070638 'Spatial' 0.03088478458292524 0.2042402217254199
 2.3559322033898304 77 2 1 12]
[0.14425144747248608 'Spatial' 0.03088478458292524 0.2042402217254199
 2.016949152542373 77 2 1 13]
[4.1588830833596715 'Spatial' 0.03088478458292524 0.2042402217254199
 4.067796610169491 77 2 1 14]
[4.1588830833596715 'Spatial' 0.03088478458292524 0.2042402217254199
 4.067796610169491 77 2 1 15]
[4.1588830833596715 'Spatial' 0.03088478458292524 0.2042402217254199
 3.8983050847457625 77 2 1 16]
[0.028353776914146825 'Spatial' 0.03088478458292524 0.2042402217254199
 1.4406779661016949 77 2 1 17]
[0.0006298016333102192 'Spatial' 0.03088478458292524 0.2042402217254199
 0.1694915254237288 77 2 1 18]
[0.0006298016333102192 'Spatial' 0.03088478458292524 0.2042402217254199
 0.1694915254237288 77 2 1 19]
[0.0 'Spatial' 0.03088478458292524 0.2042402217254199 0.0 77 2 3 0]
[4.088794795151747 'Spatial' 0.03088478458292524 0.2042402217254199
 0.559322033898305 77 2 3 1]
[4.1588830833596715 'Spatial' 0.03088478458292524 0.2042402217254199
 4.576271186440678 77 2 3 2]
[4.127178116513988 'Spatial' 0.03088478458292524 0.2042402217254199
 0.1694915254237288 77 2 3 3]
[4.0666217958279045 'Spatial' 0.03088478458292524 0.2042402217254199
 0.38983050847457623 77 2 3 4]
[4.049625297374786 'Spatial' 0.03088478458292524 0.2042402217254199
 0.38983050847457623 77 2 3 5]
[3.8884815453872172 'Spatial' 0.03088478458292524 0.2042402217254199
 0.5084745762711864 77 2 3 6]
[4.1588830833596715 'Spatial' 0.03088478458292524 0.2042402217254199
 4.067796610169491 77 2 3 7]
[2.135892392474548 'Spatial' 0.03088478458292524 0.2042402217254199
 0.3389830508474576 77 2 3 8]
[0.1528150920930953 'Spatial' 0.03088478458292524 0.2042402217254199
 0.3389830508474576 77 2 3 9]
[0.006903855884919513 'Spatial' 0.03088478458292524 0.2042402217254199
 0.3389830508474576 77 2 3 10]
[3.137544122094958 'Spatial' 0.03088478458292524 0.2042402217254199
 1.5762711864406778 77 2 3 11]
[0.9707913989070638 'Spatial' 0.03088478458292524 0.2042402217254199
 2.3559322033898304 77 2 3 12]
[0.14425144747248608 'Spatial' 0.03088478458292524 0.2042402217254199
 2.016949152542373 77 2 3 13]
[4.1588830833596715 'Spatial' 0.03088478458292524 0.2042402217254199
 4.067796610169491 77 2 3 14]
[4.1588830833596715 'Spatial' 0.03088478458292524 0.2042402217254199
 4.067796610169491 77 2 3 15]
[4.1588830833596715 'Spatial' 0.03088478458292524 0.2042402217254199
 3.8983050847457625 77 2 3 16]
[0.028353776914146825 'Spatial' 0.03088478458292524 0.2042402217254199
 1.4406779661016949 77 2 3 17]
[0.0006298016333102192 'Spatial' 0.03088478458292524 0.2042402217254199
 0.1694915254237288 77 2 3 18]
[0.0006298016333102192 'Spatial' 0.03088478458292524 0.2042402217254199
 0.1694915254237288 77 2 3 19]
[0.0 'Spatial' 0.03088478458292524 0.2042402217254199 0.0 77 2 4 0]
[4.088794795151747 'Spatial' 0.03088478458292524 0.2042402217254199
 0.559322033898305 77 2 4 1]
[4.1588830833596715 'Spatial' 0.03088478458292524 0.2042402217254199
 4.576271186440678 77 2 4 2]
[4.127178116513988 'Spatial' 0.03088478458292524 0.2042402217254199
 0.1694915254237288 77 2 4 3]
[4.0666217958279045 'Spatial' 0.03088478458292524 0.2042402217254199
 0.38983050847457623 77 2 4 4]
[4.049625297374786 'Spatial' 0.03088478458292524 0.2042402217254199
 0.38983050847457623 77 2 4 5]
[3.8884815453872172 'Spatial' 0.03088478458292524 0.2042402217254199
 0.5084745762711864 77 2 4 6]
[4.1588830833596715 'Spatial' 0.03088478458292524 0.2042402217254199
 4.067796610169491 77 2 4 7]
[2.135892392474548 'Spatial' 0.03088478458292524 0.2042402217254199
 0.3389830508474576 77 2 4 8]
[0.1528150920930953 'Spatial' 0.03088478458292524 0.2042402217254199
 0.3389830508474576 77 2 4 9]
[0.006903855884919513 'Spatial' 0.03088478458292524 0.2042402217254199
 0.3389830508474576 77 2 4 10]
[3.137544122094958 'Spatial' 0.03088478458292524 0.2042402217254199
 1.5762711864406778 77 2 4 11]
[0.9707913989070638 'Spatial' 0.03088478458292524 0.2042402217254199
 2.3559322033898304 77 2 4 12]
[0.14425144747248608 'Spatial' 0.03088478458292524 0.2042402217254199
 2.016949152542373 77 2 4 13]
[4.1588830833596715 'Spatial' 0.03088478458292524 0.2042402217254199
 4.067796610169491 77 2 4 14]
[4.1588830833596715 'Spatial' 0.03088478458292524 0.2042402217254199
 4.067796610169491 77 2 4 15]
[4.1588830833596715 'Spatial' 0.03088478458292524 0.2042402217254199
 3.8983050847457625 77 2 4 16]
[0.028353776914146825 'Spatial' 0.03088478458292524 0.2042402217254199
 1.4406779661016949 77 2 4 17]
[0.0006298016333102192 'Spatial' 0.03088478458292524 0.2042402217254199
 0.1694915254237288 77 2 4 18]
[0.0006298016333102192 'Spatial' 0.03088478458292524 0.2042402217254199
 0.1694915254237288 77 2 4 19]
[0.0 'Spatial' 0.03088478458292524 0.2042402217254199 0.0 77 2 5 0]
[4.088794795151747 'Spatial' 0.03088478458292524 0.2042402217254199
 0.559322033898305 77 2 5 1]
[4.1588830833596715 'Spatial' 0.03088478458292524 0.2042402217254199
 4.576271186440678 77 2 5 2]
[4.127178116513988 'Spatial' 0.03088478458292524 0.2042402217254199
 0.1694915254237288 77 2 5 3]
[4.0666217958279045 'Spatial' 0.03088478458292524 0.2042402217254199
 0.38983050847457623 77 2 5 4]
[4.049625297374786 'Spatial' 0.03088478458292524 0.2042402217254199
 0.38983050847457623 77 2 5 5]
[3.8884815453872172 'Spatial' 0.03088478458292524 0.2042402217254199
 0.5084745762711864 77 2 5 6]
[4.1588830833596715 'Spatial' 0.03088478458292524 0.2042402217254199
 4.067796610169491 77 2 5 7]
[2.135892392474548 'Spatial' 0.03088478458292524 0.2042402217254199
 0.3389830508474576 77 2 5 8]
[0.1528150920930953 'Spatial' 0.03088478458292524 0.2042402217254199
 0.3389830508474576 77 2 5 9]
[0.006903855884919513 'Spatial' 0.03088478458292524 0.2042402217254199
 0.3389830508474576 77 2 5 10]
[3.137544122094958 'Spatial' 0.03088478458292524 0.2042402217254199
 1.5762711864406778 77 2 5 11]
[0.9707913989070638 'Spatial' 0.03088478458292524 0.2042402217254199
 2.3559322033898304 77 2 5 12]
[0.14425144747248608 'Spatial' 0.03088478458292524 0.2042402217254199
 2.016949152542373 77 2 5 13]
[4.1588830833596715 'Spatial' 0.03088478458292524 0.2042402217254199
 4.067796610169491 77 2 5 14]
[4.1588830833596715 'Spatial' 0.03088478458292524 0.2042402217254199
 4.067796610169491 77 2 5 15]
[4.1588830833596715 'Spatial' 0.03088478458292524 0.2042402217254199
 3.8983050847457625 77 2 5 16]
[0.028353776914146825 'Spatial' 0.03088478458292524 0.2042402217254199
 1.4406779661016949 77 2 5 17]
[0.0006298016333102192 'Spatial' 0.03088478458292524 0.2042402217254199
 0.1694915254237288 77 2 5 18]
[0.0006298016333102192 'Spatial' 0.03088478458292524 0.2042402217254199
 0.1694915254237288 77 2 5 19]
[0.0 'Spatial' 0.03088478458292524 0.2042402217254199 0.0 77 2 6 0]
[4.088794795151747 'Spatial' 0.03088478458292524 0.2042402217254199
 0.559322033898305 77 2 6 1]
[4.1588830833596715 'Spatial' 0.03088478458292524 0.2042402217254199
 4.576271186440678 77 2 6 2]
[4.127178116513988 'Spatial' 0.03088478458292524 0.2042402217254199
 0.1694915254237288 77 2 6 3]
[4.0666217958279045 'Spatial' 0.03088478458292524 0.2042402217254199
 0.38983050847457623 77 2 6 4]
[4.049625297374786 'Spatial' 0.03088478458292524 0.2042402217254199
 0.38983050847457623 77 2 6 5]
[3.8884815453872172 'Spatial' 0.03088478458292524 0.2042402217254199
 0.5084745762711864 77 2 6 6]
[4.1588830833596715 'Spatial' 0.03088478458292524 0.2042402217254199
 4.067796610169491 77 2 6 7]
[2.135892392474548 'Spatial' 0.03088478458292524 0.2042402217254199
 0.3389830508474576 77 2 6 8]
[0.1528150920930953 'Spatial' 0.03088478458292524 0.2042402217254199
 0.3389830508474576 77 2 6 9]
[0.006903855884919513 'Spatial' 0.03088478458292524 0.2042402217254199
 0.3389830508474576 77 2 6 10]
[3.137544122094958 'Spatial' 0.03088478458292524 0.2042402217254199
 1.5762711864406778 77 2 6 11]
[0.9707913989070638 'Spatial' 0.03088478458292524 0.2042402217254199
 2.3559322033898304 77 2 6 12]
[0.14425144747248608 'Spatial' 0.03088478458292524 0.2042402217254199
 2.016949152542373 77 2 6 13]
[4.1588830833596715 'Spatial' 0.03088478458292524 0.2042402217254199
 4.067796610169491 77 2 6 14]
[4.1588830833596715 'Spatial' 0.03088478458292524 0.2042402217254199
 4.067796610169491 77 2 6 15]
[4.1588830833596715 'Spatial' 0.03088478458292524 0.2042402217254199
 3.8983050847457625 77 2 6 16]
[0.028353776914146825 'Spatial' 0.03088478458292524 0.2042402217254199
 1.4406779661016949 77 2 6 17]
[0.0006298016333102192 'Spatial' 0.03088478458292524 0.2042402217254199
 0.1694915254237288 77 2 6 18]
[0.0006298016333102192 'Spatial' 0.03088478458292524 0.2042402217254199
 0.1694915254237288 77 2 6 19]
[0.0 'Spatial' 0.03088478458292524 0.2042402217254199 0.0 77 2 7 0]
[4.088794795151747 'Spatial' 0.03088478458292524 0.2042402217254199
 0.559322033898305 77 2 7 1]
[4.1588830833596715 'Spatial' 0.03088478458292524 0.2042402217254199
 4.576271186440678 77 2 7 2]
[4.127178116513988 'Spatial' 0.03088478458292524 0.2042402217254199
 0.1694915254237288 77 2 7 3]
[4.0666217958279045 'Spatial' 0.03088478458292524 0.2042402217254199
 0.38983050847457623 77 2 7 4]
[4.049625297374786 'Spatial' 0.03088478458292524 0.2042402217254199
 0.38983050847457623 77 2 7 5]
[3.8884815453872172 'Spatial' 0.03088478458292524 0.2042402217254199
 0.5084745762711864 77 2 7 6]
[4.1588830833596715 'Spatial' 0.03088478458292524 0.2042402217254199
 4.067796610169491 77 2 7 7]
[2.135892392474548 'Spatial' 0.03088478458292524 0.2042402217254199
 0.3389830508474576 77 2 7 8]
[0.1528150920930953 'Spatial' 0.03088478458292524 0.2042402217254199
 0.3389830508474576 77 2 7 9]
[0.006903855884919513 'Spatial' 0.03088478458292524 0.2042402217254199
 0.3389830508474576 77 2 7 10]
[3.137544122094958 'Spatial' 0.03088478458292524 0.2042402217254199
 1.5762711864406778 77 2 7 11]
[0.9707913989070638 'Spatial' 0.03088478458292524 0.2042402217254199
 2.3559322033898304 77 2 7 12]
[0.14425144747248608 'Spatial' 0.03088478458292524 0.2042402217254199
 2.016949152542373 77 2 7 13]
[4.1588830833596715 'Spatial' 0.03088478458292524 0.2042402217254199
 4.067796610169491 77 2 7 14]
[4.1588830833596715 'Spatial' 0.03088478458292524 0.2042402217254199
 4.067796610169491 77 2 7 15]
[4.1588830833596715 'Spatial' 0.03088478458292524 0.2042402217254199
 3.8983050847457625 77 2 7 16]
[0.028353776914146825 'Spatial' 0.03088478458292524 0.2042402217254199
 1.4406779661016949 77 2 7 17]
[0.0006298016333102192 'Spatial' 0.03088478458292524 0.2042402217254199
 0.1694915254237288 77 2 7 18]
[0.0006298016333102192 'Spatial' 0.03088478458292524 0.2042402217254199
 0.1694915254237288 77 2 7 19]
[0.0 'Spatial' 0.03088478458292524 0.2042402217254199 0.0 77 2 8 0]
[4.088794795151747 'Spatial' 0.03088478458292524 0.2042402217254199
 0.559322033898305 77 2 8 1]
[4.1588830833596715 'Spatial' 0.03088478458292524 0.2042402217254199
 4.576271186440678 77 2 8 2]
[4.127178116513988 'Spatial' 0.03088478458292524 0.2042402217254199
 0.1694915254237288 77 2 8 3]
[4.0666217958279045 'Spatial' 0.03088478458292524 0.2042402217254199
 0.38983050847457623 77 2 8 4]
[4.049625297374786 'Spatial' 0.03088478458292524 0.2042402217254199
 0.38983050847457623 77 2 8 5]
[3.8884815453872172 'Spatial' 0.03088478458292524 0.2042402217254199
 0.5084745762711864 77 2 8 6]
[4.1588830833596715 'Spatial' 0.03088478458292524 0.2042402217254199
 4.067796610169491 77 2 8 7]
[2.135892392474548 'Spatial' 0.03088478458292524 0.2042402217254199
 0.3389830508474576 77 2 8 8]
[0.1528150920930953 'Spatial' 0.03088478458292524 0.2042402217254199
 0.3389830508474576 77 2 8 9]
[0.006903855884919513 'Spatial' 0.03088478458292524 0.2042402217254199
 0.3389830508474576 77 2 8 10]
[3.137544122094958 'Spatial' 0.03088478458292524 0.2042402217254199
 1.5762711864406778 77 2 8 11]
[0.9707913989070638 'Spatial' 0.03088478458292524 0.2042402217254199
 2.3559322033898304 77 2 8 12]
[0.14425144747248608 'Spatial' 0.03088478458292524 0.2042402217254199
 2.016949152542373 77 2 8 13]
[4.1588830833596715 'Spatial' 0.03088478458292524 0.2042402217254199
 4.067796610169491 77 2 8 14]
[4.1588830833596715 'Spatial' 0.03088478458292524 0.2042402217254199
 4.067796610169491 77 2 8 15]
[4.1588830833596715 'Spatial' 0.03088478458292524 0.2042402217254199
 3.8983050847457625 77 2 8 16]
[0.028353776914146825 'Spatial' 0.03088478458292524 0.2042402217254199
 1.4406779661016949 77 2 8 17]
[0.0006298016333102192 'Spatial' 0.03088478458292524 0.2042402217254199
 0.1694915254237288 77 2 8 18]
[0.0006298016333102192 'Spatial' 0.03088478458292524 0.2042402217254199
 0.1694915254237288 77 2 8 19]
