[0.0 'Conceptual' 0.012974767792888874 0.09369663213086367 0.0 122 5 0 0]
[4.027310276002154 'Conceptual' 0.012974767792888874 0.09369663213086367
 0.8305084745762711 122 5 0 1]
[1.9942588059003978 'Conceptual' 0.012974767792888874 0.09369663213086367
 1.694915254237288 122 5 0 2]
[1.3246831016765832 'Conceptual' 0.012974767792888874 0.09369663213086367
 2.3559322033898304 122 5 0 3]
[4.1588830833596715 'Conceptual' 0.012974767792888874 0.09369663213086367
 4.915254237288135 122 5 0 4]
[4.1588830833596715 'Conceptual' 0.012974767792888874 0.09369663213086367
 4.576271186440678 122 5 0 5]
[4.1588830833596715 'Conceptual' 0.012974767792888874 0.09369663213086367
 6.101694915254237 122 5 0 6]
[1.8656174838603798 'Conceptual' 0.012974767792888874 0.09369663213086367
 4.5593220338983045 122 5 0 7]
[3.7608544181059544 'Conceptual' 0.012974767792888874 0.09369663213086367
 5.915254237288135 122 5 0 8]
[2.9755227302504608 'Conceptual' 0.012974767792888874 0.09369663213086367
 8.135593220338983 122 5 0 9]
[0.0008625042537088223 'Conceptual' 0.012974767792888874
 0.09369663213086367 1.1694915254237288 122 5 0 10]
[3.7763126427855456 'Conceptual' 0.012974767792888874 0.09369663213086367
 8.644067796610168 122 5 0 11]
[0.44810322075376097 'Conceptual' 0.012974767792888874 0.09369663213086367
 5.067796610169491 122 5 0 12]
[0.29685546032496285 'Conceptual' 0.012974767792888874 0.09369663213086367
 4.898305084745762 122 5 0 13]
[1.2352616109287193 'Conceptual' 0.012974767792888874 0.09369663213086367
 7.966101694915254 122 5 0 14]
[0.0006298016333102192 'Conceptual' 0.012974767792888874
 0.09369663213086367 0.1694915254237288 122 5 0 15]
[1.097226961326423 'Conceptual' 0.012974767792888874 0.09369663213086367
 8.016949152542372 122 5 0 16]
[0.0006298016333102192 'Conceptual' 0.012974767792888874
 0.09369663213086367 0.1694915254237288 122 5 0 17]
[1.0022651105589224 'Conceptual' 0.012974767792888874 0.09369663213086367
 8.050847457627118 122 5 0 18]
[0.9073095886757596 'Conceptual' 0.012974767792888874 0.09369663213086367
 7.949152542372881 122 5 0 19]
[0.0 'Conceptual' 0.012974767792888874 0.09369663213086367 0.0 122 5 1 0]
[4.027310276002154 'Conceptual' 0.012974767792888874 0.09369663213086367
 0.8305084745762711 122 5 1 1]
[1.9942588059003978 'Conceptual' 0.012974767792888874 0.09369663213086367
 1.694915254237288 122 5 1 2]
[1.3246831016765832 'Conceptual' 0.012974767792888874 0.09369663213086367
 2.3559322033898304 122 5 1 3]
[4.1588830833596715 'Conceptual' 0.012974767792888874 0.09369663213086367
 4.915254237288135 122 5 1 4]
[4.1588830833596715 'Conceptual' 0.012974767792888874 0.09369663213086367
 4.576271186440678 122 5 1 5]
[4.1588830833596715 'Conceptual' 0.012974767792888874 0.09369663213086367
 6.101694915254237 122 5 1 6]
[1.8656174838603798 'Conceptual' 0.012974767792888874 0.09369663213086367
 4.5593220338983045 122 5 1 7]
[3.7608544181059544 'Conceptual' 0.012974767792888874 0.09369663213086367
 5.915254237288135 122 5 1 8]
[2.9755227302504608 'Conceptual' 0.012974767792888874 0.09369663213086367
 8.135593220338983 122 5 1 9]
[0.0008625042537088223 'Conceptual' 0.012974767792888874
 0.09369663213086367 1.1694915254237288 122 5 1 10]
[3.7763126427855456 'Conceptual' 0.012974767792888874 0.09369663213086367
 8.644067796610168 122 5 1 11]
[0.44810322075376097 'Conceptual' 0.012974767792888874 0.09369663213086367
 5.067796610169491 122 5 1 12]
[0.29685546032496285 'Conceptual' 0.012974767792888874 0.09369663213086367
 4.898305084745762 122 5 1 13]
[1.2352616109287193 'Conceptual' 0.012974767792888874 0.09369663213086367
 7.966101694915254 122 5 1 14]
[0.0006298016333102192 'Conceptual' 0.012974767792888874
 0.09369663213086367 0.1694915254237288 122 5 1 15]
[1.097226961326423 'Conceptual' 0.012974767792888874 0.09369663213086367
 8.016949152542372 122 5 1 16]
[0.0006298016333102192 'Conceptual' 0.012974767792888874
 0.09369663213086367 0.1694915254237288 122 5 1 17]
[1.0022651105589224 'Conceptual' 0.012974767792888874 0.09369663213086367
 8.050847457627118 122 5 1 18]
[0.9073095886757596 'Conceptual' 0.012974767792888874 0.09369663213086367
 7.949152542372881 122 5 1 19]
[0.0 'Conceptual' 0.012974767792888874 0.09369663213086367 0.0 122 5 2 0]
[4.027310276002154 'Conceptual' 0.012974767792888874 0.09369663213086367
 0.8305084745762711 122 5 2 1]
[1.9942588059003978 'Conceptual' 0.012974767792888874 0.09369663213086367
 1.694915254237288 122 5 2 2]
[1.3246831016765832 'Conceptual' 0.012974767792888874 0.09369663213086367
 2.3559322033898304 122 5 2 3]
[4.1588830833596715 'Conceptual' 0.012974767792888874 0.09369663213086367
 4.915254237288135 122 5 2 4]
[4.1588830833596715 'Conceptual' 0.012974767792888874 0.09369663213086367
 4.576271186440678 122 5 2 5]
[4.1588830833596715 'Conceptual' 0.012974767792888874 0.09369663213086367
 6.101694915254237 122 5 2 6]
[1.8656174838603798 'Conceptual' 0.012974767792888874 0.09369663213086367
 4.5593220338983045 122 5 2 7]
[3.7608544181059544 'Conceptual' 0.012974767792888874 0.09369663213086367
 5.915254237288135 122 5 2 8]
[2.9755227302504608 'Conceptual' 0.012974767792888874 0.09369663213086367
 8.135593220338983 122 5 2 9]
[0.0008625042537088223 'Conceptual' 0.012974767792888874
 0.09369663213086367 1.1694915254237288 122 5 2 10]
[3.7763126427855456 'Conceptual' 0.012974767792888874 0.09369663213086367
 8.644067796610168 122 5 2 11]
[0.44810322075376097 'Conceptual' 0.012974767792888874 0.09369663213086367
 5.067796610169491 122 5 2 12]
[0.29685546032496285 'Conceptual' 0.012974767792888874 0.09369663213086367
 4.898305084745762 122 5 2 13]
[1.2352616109287193 'Conceptual' 0.012974767792888874 0.09369663213086367
 7.966101694915254 122 5 2 14]
[0.0006298016333102192 'Conceptual' 0.012974767792888874
 0.09369663213086367 0.1694915254237288 122 5 2 15]
[1.097226961326423 'Conceptual' 0.012974767792888874 0.09369663213086367
 8.016949152542372 122 5 2 16]
[0.0006298016333102192 'Conceptual' 0.012974767792888874
 0.09369663213086367 0.1694915254237288 122 5 2 17]
[1.0022651105589224 'Conceptual' 0.012974767792888874 0.09369663213086367
 8.050847457627118 122 5 2 18]
[0.9073095886757596 'Conceptual' 0.012974767792888874 0.09369663213086367
 7.949152542372881 122 5 2 19]
[0.0 'Conceptual' 0.012974767792888874 0.09369663213086367 0.0 122 5 3 0]
[4.027310276002154 'Conceptual' 0.012974767792888874 0.09369663213086367
 0.8305084745762711 122 5 3 1]
[1.9942588059003978 'Conceptual' 0.012974767792888874 0.09369663213086367
 1.694915254237288 122 5 3 2]
[1.3246831016765832 'Conceptual' 0.012974767792888874 0.09369663213086367
 2.3559322033898304 122 5 3 3]
[4.1588830833596715 'Conceptual' 0.012974767792888874 0.09369663213086367
 4.915254237288135 122 5 3 4]
[4.1588830833596715 'Conceptual' 0.012974767792888874 0.09369663213086367
 4.576271186440678 122 5 3 5]
[4.1588830833596715 'Conceptual' 0.012974767792888874 0.09369663213086367
 6.101694915254237 122 5 3 6]
[1.8656174838603798 'Conceptual' 0.012974767792888874 0.09369663213086367
 4.5593220338983045 122 5 3 7]
[3.7608544181059544 'Conceptual' 0.012974767792888874 0.09369663213086367
 5.915254237288135 122 5 3 8]
[2.9755227302504608 'Conceptual' 0.012974767792888874 0.09369663213086367
 8.135593220338983 122 5 3 9]
[0.0008625042537088223 'Conceptual' 0.012974767792888874
 0.09369663213086367 1.1694915254237288 122 5 3 10]
[3.7763126427855456 'Conceptual' 0.012974767792888874 0.09369663213086367
 8.644067796610168 122 5 3 11]
[0.44810322075376097 'Conceptual' 0.012974767792888874 0.09369663213086367
 5.067796610169491 122 5 3 12]
[0.29685546032496285 'Conceptual' 0.012974767792888874 0.09369663213086367
 4.898305084745762 122 5 3 13]
[1.2352616109287193 'Conceptual' 0.012974767792888874 0.09369663213086367
 7.966101694915254 122 5 3 14]
[0.0006298016333102192 'Conceptual' 0.012974767792888874
 0.09369663213086367 0.1694915254237288 122 5 3 15]
[1.097226961326423 'Conceptual' 0.012974767792888874 0.09369663213086367
 8.016949152542372 122 5 3 16]
[0.0006298016333102192 'Conceptual' 0.012974767792888874
 0.09369663213086367 0.1694915254237288 122 5 3 17]
[1.0022651105589224 'Conceptual' 0.012974767792888874 0.09369663213086367
 8.050847457627118 122 5 3 18]
[0.9073095886757596 'Conceptual' 0.012974767792888874 0.09369663213086367
 7.949152542372881 122 5 3 19]
[0.0 'Conceptual' 0.012974767792888874 0.09369663213086367 0.0 122 5 4 0]
[4.027310276002154 'Conceptual' 0.012974767792888874 0.09369663213086367
 0.8305084745762711 122 5 4 1]
[1.9942588059003978 'Conceptual' 0.012974767792888874 0.09369663213086367
 1.694915254237288 122 5 4 2]
[1.3246831016765832 'Conceptual' 0.012974767792888874 0.09369663213086367
 2.3559322033898304 122 5 4 3]
[4.1588830833596715 'Conceptual' 0.012974767792888874 0.09369663213086367
 4.915254237288135 122 5 4 4]
[4.1588830833596715 'Conceptual' 0.012974767792888874 0.09369663213086367
 4.576271186440678 122 5 4 5]
[4.1588830833596715 'Conceptual' 0.012974767792888874 0.09369663213086367
 6.101694915254237 122 5 4 6]
[1.8656174838603798 'Conceptual' 0.012974767792888874 0.09369663213086367
 4.5593220338983045 122 5 4 7]
[3.7608544181059544 'Conceptual' 0.012974767792888874 0.09369663213086367
 5.915254237288135 122 5 4 8]
[2.9755227302504608 'Conceptual' 0.012974767792888874 0.09369663213086367
 8.135593220338983 122 5 4 9]
[0.0008625042537088223 'Conceptual' 0.012974767792888874
 0.09369663213086367 1.1694915254237288 122 5 4 10]
[3.7763126427855456 'Conceptual' 0.012974767792888874 0.09369663213086367
 8.644067796610168 122 5 4 11]
[0.44810322075376097 'Conceptual' 0.012974767792888874 0.09369663213086367
 5.067796610169491 122 5 4 12]
[0.29685546032496285 'Conceptual' 0.012974767792888874 0.09369663213086367
 4.898305084745762 122 5 4 13]
[1.2352616109287193 'Conceptual' 0.012974767792888874 0.09369663213086367
 7.966101694915254 122 5 4 14]
[0.0006298016333102192 'Conceptual' 0.012974767792888874
 0.09369663213086367 0.1694915254237288 122 5 4 15]
[1.097226961326423 'Conceptual' 0.012974767792888874 0.09369663213086367
 8.016949152542372 122 5 4 16]
[0.0006298016333102192 'Conceptual' 0.012974767792888874
 0.09369663213086367 0.1694915254237288 122 5 4 17]
[1.0022651105589224 'Conceptual' 0.012974767792888874 0.09369663213086367
 8.050847457627118 122 5 4 18]
[0.9073095886757596 'Conceptual' 0.012974767792888874 0.09369663213086367
 7.949152542372881 122 5 4 19]
[0.0 'Conceptual' 0.012974767792888874 0.09369663213086367 0.0 122 5 6 0]
[4.027310276002154 'Conceptual' 0.012974767792888874 0.09369663213086367
 0.8305084745762711 122 5 6 1]
[1.9942588059003978 'Conceptual' 0.012974767792888874 0.09369663213086367
 1.694915254237288 122 5 6 2]
[1.3246831016765832 'Conceptual' 0.012974767792888874 0.09369663213086367
 2.3559322033898304 122 5 6 3]
[4.1588830833596715 'Conceptual' 0.012974767792888874 0.09369663213086367
 4.915254237288135 122 5 6 4]
[4.1588830833596715 'Conceptual' 0.012974767792888874 0.09369663213086367
 4.576271186440678 122 5 6 5]
[4.1588830833596715 'Conceptual' 0.012974767792888874 0.09369663213086367
 6.101694915254237 122 5 6 6]
[1.8656174838603798 'Conceptual' 0.012974767792888874 0.09369663213086367
 4.5593220338983045 122 5 6 7]
[3.7608544181059544 'Conceptual' 0.012974767792888874 0.09369663213086367
 5.915254237288135 122 5 6 8]
[2.9755227302504608 'Conceptual' 0.012974767792888874 0.09369663213086367
 8.135593220338983 122 5 6 9]
[0.0008625042537088223 'Conceptual' 0.012974767792888874
 0.09369663213086367 1.1694915254237288 122 5 6 10]
[3.7763126427855456 'Conceptual' 0.012974767792888874 0.09369663213086367
 8.644067796610168 122 5 6 11]
[0.44810322075376097 'Conceptual' 0.012974767792888874 0.09369663213086367
 5.067796610169491 122 5 6 12]
[0.29685546032496285 'Conceptual' 0.012974767792888874 0.09369663213086367
 4.898305084745762 122 5 6 13]
[1.2352616109287193 'Conceptual' 0.012974767792888874 0.09369663213086367
 7.966101694915254 122 5 6 14]
[0.0006298016333102192 'Conceptual' 0.012974767792888874
 0.09369663213086367 0.1694915254237288 122 5 6 15]
[1.097226961326423 'Conceptual' 0.012974767792888874 0.09369663213086367
 8.016949152542372 122 5 6 16]
[0.0006298016333102192 'Conceptual' 0.012974767792888874
 0.09369663213086367 0.1694915254237288 122 5 6 17]
[1.0022651105589224 'Conceptual' 0.012974767792888874 0.09369663213086367
 8.050847457627118 122 5 6 18]
[0.9073095886757596 'Conceptual' 0.012974767792888874 0.09369663213086367
 7.949152542372881 122 5 6 19]
[0.0 'Conceptual' 0.012974767792888874 0.09369663213086367 0.0 122 5 7 0]
[4.027310276002154 'Conceptual' 0.012974767792888874 0.09369663213086367
 0.8305084745762711 122 5 7 1]
[1.9942588059003978 'Conceptual' 0.012974767792888874 0.09369663213086367
 1.694915254237288 122 5 7 2]
[1.3246831016765832 'Conceptual' 0.012974767792888874 0.09369663213086367
 2.3559322033898304 122 5 7 3]
[4.1588830833596715 'Conceptual' 0.012974767792888874 0.09369663213086367
 4.915254237288135 122 5 7 4]
[4.1588830833596715 'Conceptual' 0.012974767792888874 0.09369663213086367
 4.576271186440678 122 5 7 5]
[4.1588830833596715 'Conceptual' 0.012974767792888874 0.09369663213086367
 6.101694915254237 122 5 7 6]
[1.8656174838603798 'Conceptual' 0.012974767792888874 0.09369663213086367
 4.5593220338983045 122 5 7 7]
[3.7608544181059544 'Conceptual' 0.012974767792888874 0.09369663213086367
 5.915254237288135 122 5 7 8]
[2.9755227302504608 'Conceptual' 0.012974767792888874 0.09369663213086367
 8.135593220338983 122 5 7 9]
[0.0008625042537088223 'Conceptual' 0.012974767792888874
 0.09369663213086367 1.1694915254237288 122 5 7 10]
[3.7763126427855456 'Conceptual' 0.012974767792888874 0.09369663213086367
 8.644067796610168 122 5 7 11]
[0.44810322075376097 'Conceptual' 0.012974767792888874 0.09369663213086367
 5.067796610169491 122 5 7 12]
[0.29685546032496285 'Conceptual' 0.012974767792888874 0.09369663213086367
 4.898305084745762 122 5 7 13]
[1.2352616109287193 'Conceptual' 0.012974767792888874 0.09369663213086367
 7.966101694915254 122 5 7 14]
[0.0006298016333102192 'Conceptual' 0.012974767792888874
 0.09369663213086367 0.1694915254237288 122 5 7 15]
[1.097226961326423 'Conceptual' 0.012974767792888874 0.09369663213086367
 8.016949152542372 122 5 7 16]
[0.0006298016333102192 'Conceptual' 0.012974767792888874
 0.09369663213086367 0.1694915254237288 122 5 7 17]
[1.0022651105589224 'Conceptual' 0.012974767792888874 0.09369663213086367
 8.050847457627118 122 5 7 18]
[0.9073095886757596 'Conceptual' 0.012974767792888874 0.09369663213086367
 7.949152542372881 122 5 7 19]
[0.0 'Conceptual' 0.012974767792888874 0.09369663213086367 0.0 122 5 8 0]
[4.027310276002154 'Conceptual' 0.012974767792888874 0.09369663213086367
 0.8305084745762711 122 5 8 1]
[1.9942588059003978 'Conceptual' 0.012974767792888874 0.09369663213086367
 1.694915254237288 122 5 8 2]
[1.3246831016765832 'Conceptual' 0.012974767792888874 0.09369663213086367
 2.3559322033898304 122 5 8 3]
[4.1588830833596715 'Conceptual' 0.012974767792888874 0.09369663213086367
 4.915254237288135 122 5 8 4]
[4.1588830833596715 'Conceptual' 0.012974767792888874 0.09369663213086367
 4.576271186440678 122 5 8 5]
[4.1588830833596715 'Conceptual' 0.012974767792888874 0.09369663213086367
 6.101694915254237 122 5 8 6]
[1.8656174838603798 'Conceptual' 0.012974767792888874 0.09369663213086367
 4.5593220338983045 122 5 8 7]
[3.7608544181059544 'Conceptual' 0.012974767792888874 0.09369663213086367
 5.915254237288135 122 5 8 8]
[2.9755227302504608 'Conceptual' 0.012974767792888874 0.09369663213086367
 8.135593220338983 122 5 8 9]
[0.0008625042537088223 'Conceptual' 0.012974767792888874
 0.09369663213086367 1.1694915254237288 122 5 8 10]
[3.7763126427855456 'Conceptual' 0.012974767792888874 0.09369663213086367
 8.644067796610168 122 5 8 11]
[0.44810322075376097 'Conceptual' 0.012974767792888874 0.09369663213086367
 5.067796610169491 122 5 8 12]
[0.29685546032496285 'Conceptual' 0.012974767792888874 0.09369663213086367
 4.898305084745762 122 5 8 13]
[1.2352616109287193 'Conceptual' 0.012974767792888874 0.09369663213086367
 7.966101694915254 122 5 8 14]
[0.0006298016333102192 'Conceptual' 0.012974767792888874
 0.09369663213086367 0.1694915254237288 122 5 8 15]
[1.097226961326423 'Conceptual' 0.012974767792888874 0.09369663213086367
 8.016949152542372 122 5 8 16]
[0.0006298016333102192 'Conceptual' 0.012974767792888874
 0.09369663213086367 0.1694915254237288 122 5 8 17]
[1.0022651105589224 'Conceptual' 0.012974767792888874 0.09369663213086367
 8.050847457627118 122 5 8 18]
[0.9073095886757596 'Conceptual' 0.012974767792888874 0.09369663213086367
 7.949152542372881 122 5 8 19]
