[0.0 'Conceptual' 0.02682492739168779 0.1624116102923139 0.0 125 6 0 0]
[3.4952603280227748 'Conceptual' 0.02682492739168779 0.1624116102923139
 4.11864406779661 125 6 0 1]
[3.482704490656954 'Conceptual' 0.02682492739168779 0.1624116102923139
 10.169491525423728 125 6 0 2]
[0.3920944466924647 'Conceptual' 0.02682492739168779 0.1624116102923139
 2.0338983050847457 125 6 0 3]
[0.012520236191141476 'Conceptual' 0.02682492739168779 0.1624116102923139
 0.1694915254237288 125 6 0 4]
[0.000629801633309997 'Conceptual' 0.02682492739168779 0.1624116102923139
 0.1694915254237288 125 6 0 5]
[0.000629801633309997 'Conceptual' 0.02682492739168779 0.1624116102923139
 0.1694915254237288 125 6 0 6]
[0.000629801633309997 'Conceptual' 0.02682492739168779 0.1624116102923139
 0.1694915254237288 125 6 0 7]
[2.0521144055059715 'Conceptual' 0.02682492739168779 0.1624116102923139
 8.627118644067796 125 6 0 8]
[0.000629801633309997 'Conceptual' 0.02682492739168779 0.1624116102923139
 0.1694915254237288 125 6 0 9]
[0.000629801633309997 'Conceptual' 0.02682492739168779 0.1624116102923139
 0.1694915254237288 125 6 0 10]
[1.5809078753889274 'Conceptual' 0.02682492739168779 0.1624116102923139
 7.847457627118644 125 6 0 11]
[0.000629801633309997 'Conceptual' 0.02682492739168779 0.1624116102923139
 0.1694915254237288 125 6 0 12]
[0.000629801633309997 'Conceptual' 0.02682492739168779 0.1624116102923139
 0.1694915254237288 125 6 0 13]
[0.000629801633309997 'Conceptual' 0.02682492739168779 0.1624116102923139
 0.1694915254237288 125 6 0 14]
[0.000629801633309997 'Conceptual' 0.02682492739168779 0.1624116102923139
 0.1694915254237288 125 6 0 15]
[0.000629801633309997 'Conceptual' 0.02682492739168779 0.1624116102923139
 0.1694915254237288 125 6 0 16]
[0.000629801633309997 'Conceptual' 0.02682492739168779 0.1624116102923139
 0.1694915254237288 125 6 0 17]
[0.000629801633309997 'Conceptual' 0.02682492739168779 0.1624116102923139
 0.1694915254237288 125 6 0 18]
[0.000629801633309997 'Conceptual' 0.02682492739168779 0.1624116102923139
 0.1694915254237288 125 6 0 19]
[0.0 'Conceptual' 0.02682492739168779 0.1624116102923139 0.0 125 6 1 0]
[3.4952603280227748 'Conceptual' 0.02682492739168779 0.1624116102923139
 4.11864406779661 125 6 1 1]
[3.482704490656954 'Conceptual' 0.02682492739168779 0.1624116102923139
 10.169491525423728 125 6 1 2]
[0.3920944466924647 'Conceptual' 0.02682492739168779 0.1624116102923139
 2.0338983050847457 125 6 1 3]
[0.012520236191141476 'Conceptual' 0.02682492739168779 0.1624116102923139
 0.1694915254237288 125 6 1 4]
[0.000629801633309997 'Conceptual' 0.02682492739168779 0.1624116102923139
 0.1694915254237288 125 6 1 5]
[0.000629801633309997 'Conceptual' 0.02682492739168779 0.1624116102923139
 0.1694915254237288 125 6 1 6]
[0.000629801633309997 'Conceptual' 0.02682492739168779 0.1624116102923139
 0.1694915254237288 125 6 1 7]
[2.0521144055059715 'Conceptual' 0.02682492739168779 0.1624116102923139
 8.627118644067796 125 6 1 8]
[0.000629801633309997 'Conceptual' 0.02682492739168779 0.1624116102923139
 0.1694915254237288 125 6 1 9]
[0.000629801633309997 'Conceptual' 0.02682492739168779 0.1624116102923139
 0.1694915254237288 125 6 1 10]
[1.5809078753889274 'Conceptual' 0.02682492739168779 0.1624116102923139
 7.847457627118644 125 6 1 11]
[0.000629801633309997 'Conceptual' 0.02682492739168779 0.1624116102923139
 0.1694915254237288 125 6 1 12]
[0.000629801633309997 'Conceptual' 0.02682492739168779 0.1624116102923139
 0.1694915254237288 125 6 1 13]
[0.000629801633309997 'Conceptual' 0.02682492739168779 0.1624116102923139
 0.1694915254237288 125 6 1 14]
[0.000629801633309997 'Conceptual' 0.02682492739168779 0.1624116102923139
 0.1694915254237288 125 6 1 15]
[0.000629801633309997 'Conceptual' 0.02682492739168779 0.1624116102923139
 0.1694915254237288 125 6 1 16]
[0.000629801633309997 'Conceptual' 0.02682492739168779 0.1624116102923139
 0.1694915254237288 125 6 1 17]
[0.000629801633309997 'Conceptual' 0.02682492739168779 0.1624116102923139
 0.1694915254237288 125 6 1 18]
[0.000629801633309997 'Conceptual' 0.02682492739168779 0.1624116102923139
 0.1694915254237288 125 6 1 19]
[0.0 'Conceptual' 0.02682492739168779 0.1624116102923139 0.0 125 6 2 0]
[3.4952603280227748 'Conceptual' 0.02682492739168779 0.1624116102923139
 4.11864406779661 125 6 2 1]
[3.482704490656954 'Conceptual' 0.02682492739168779 0.1624116102923139
 10.169491525423728 125 6 2 2]
[0.3920944466924647 'Conceptual' 0.02682492739168779 0.1624116102923139
 2.0338983050847457 125 6 2 3]
[0.012520236191141476 'Conceptual' 0.02682492739168779 0.1624116102923139
 0.1694915254237288 125 6 2 4]
[0.000629801633309997 'Conceptual' 0.02682492739168779 0.1624116102923139
 0.1694915254237288 125 6 2 5]
[0.000629801633309997 'Conceptual' 0.02682492739168779 0.1624116102923139
 0.1694915254237288 125 6 2 6]
[0.000629801633309997 'Conceptual' 0.02682492739168779 0.1624116102923139
 0.1694915254237288 125 6 2 7]
[2.0521144055059715 'Conceptual' 0.02682492739168779 0.1624116102923139
 8.627118644067796 125 6 2 8]
[0.000629801633309997 'Conceptual' 0.02682492739168779 0.1624116102923139
 0.1694915254237288 125 6 2 9]
[0.000629801633309997 'Conceptual' 0.02682492739168779 0.1624116102923139
 0.1694915254237288 125 6 2 10]
[1.5809078753889274 'Conceptual' 0.02682492739168779 0.1624116102923139
 7.847457627118644 125 6 2 11]
[0.000629801633309997 'Conceptual' 0.02682492739168779 0.1624116102923139
 0.1694915254237288 125 6 2 12]
[0.000629801633309997 'Conceptual' 0.02682492739168779 0.1624116102923139
 0.1694915254237288 125 6 2 13]
[0.000629801633309997 'Conceptual' 0.02682492739168779 0.1624116102923139
 0.1694915254237288 125 6 2 14]
[0.000629801633309997 'Conceptual' 0.02682492739168779 0.1624116102923139
 0.1694915254237288 125 6 2 15]
[0.000629801633309997 'Conceptual' 0.02682492739168779 0.1624116102923139
 0.1694915254237288 125 6 2 16]
[0.000629801633309997 'Conceptual' 0.02682492739168779 0.1624116102923139
 0.1694915254237288 125 6 2 17]
[0.000629801633309997 'Conceptual' 0.02682492739168779 0.1624116102923139
 0.1694915254237288 125 6 2 18]
[0.000629801633309997 'Conceptual' 0.02682492739168779 0.1624116102923139
 0.1694915254237288 125 6 2 19]
[0.0 'Conceptual' 0.02682492739168779 0.1624116102923139 0.0 125 6 3 0]
[3.4952603280227748 'Conceptual' 0.02682492739168779 0.1624116102923139
 4.11864406779661 125 6 3 1]
[3.482704490656954 'Conceptual' 0.02682492739168779 0.1624116102923139
 10.169491525423728 125 6 3 2]
[0.3920944466924647 'Conceptual' 0.02682492739168779 0.1624116102923139
 2.0338983050847457 125 6 3 3]
[0.012520236191141476 'Conceptual' 0.02682492739168779 0.1624116102923139
 0.1694915254237288 125 6 3 4]
[0.000629801633309997 'Conceptual' 0.02682492739168779 0.1624116102923139
 0.1694915254237288 125 6 3 5]
[0.000629801633309997 'Conceptual' 0.02682492739168779 0.1624116102923139
 0.1694915254237288 125 6 3 6]
[0.000629801633309997 'Conceptual' 0.02682492739168779 0.1624116102923139
 0.1694915254237288 125 6 3 7]
[2.0521144055059715 'Conceptual' 0.02682492739168779 0.1624116102923139
 8.627118644067796 125 6 3 8]
[0.000629801633309997 'Conceptual' 0.02682492739168779 0.1624116102923139
 0.1694915254237288 125 6 3 9]
[0.000629801633309997 'Conceptual' 0.02682492739168779 0.1624116102923139
 0.1694915254237288 125 6 3 10]
[1.5809078753889274 'Conceptual' 0.02682492739168779 0.1624116102923139
 7.847457627118644 125 6 3 11]
[0.000629801633309997 'Conceptual' 0.02682492739168779 0.1624116102923139
 0.1694915254237288 125 6 3 12]
[0.000629801633309997 'Conceptual' 0.02682492739168779 0.1624116102923139
 0.1694915254237288 125 6 3 13]
[0.000629801633309997 'Conceptual' 0.02682492739168779 0.1624116102923139
 0.1694915254237288 125 6 3 14]
[0.000629801633309997 'Conceptual' 0.02682492739168779 0.1624116102923139
 0.1694915254237288 125 6 3 15]
[0.000629801633309997 'Conceptual' 0.02682492739168779 0.1624116102923139
 0.1694915254237288 125 6 3 16]
[0.000629801633309997 'Conceptual' 0.02682492739168779 0.1624116102923139
 0.1694915254237288 125 6 3 17]
[0.000629801633309997 'Conceptual' 0.02682492739168779 0.1624116102923139
 0.1694915254237288 125 6 3 18]
[0.000629801633309997 'Conceptual' 0.02682492739168779 0.1624116102923139
 0.1694915254237288 125 6 3 19]
[0.0 'Conceptual' 0.02682492739168779 0.1624116102923139 0.0 125 6 4 0]
[3.4952603280227748 'Conceptual' 0.02682492739168779 0.1624116102923139
 4.11864406779661 125 6 4 1]
[3.482704490656954 'Conceptual' 0.02682492739168779 0.1624116102923139
 10.169491525423728 125 6 4 2]
[0.3920944466924647 'Conceptual' 0.02682492739168779 0.1624116102923139
 2.0338983050847457 125 6 4 3]
[0.012520236191141476 'Conceptual' 0.02682492739168779 0.1624116102923139
 0.1694915254237288 125 6 4 4]
[0.000629801633309997 'Conceptual' 0.02682492739168779 0.1624116102923139
 0.1694915254237288 125 6 4 5]
[0.000629801633309997 'Conceptual' 0.02682492739168779 0.1624116102923139
 0.1694915254237288 125 6 4 6]
[0.000629801633309997 'Conceptual' 0.02682492739168779 0.1624116102923139
 0.1694915254237288 125 6 4 7]
[2.0521144055059715 'Conceptual' 0.02682492739168779 0.1624116102923139
 8.627118644067796 125 6 4 8]
[0.000629801633309997 'Conceptual' 0.02682492739168779 0.1624116102923139
 0.1694915254237288 125 6 4 9]
[0.000629801633309997 'Conceptual' 0.02682492739168779 0.1624116102923139
 0.1694915254237288 125 6 4 10]
[1.5809078753889274 'Conceptual' 0.02682492739168779 0.1624116102923139
 7.847457627118644 125 6 4 11]
[0.000629801633309997 'Conceptual' 0.02682492739168779 0.1624116102923139
 0.1694915254237288 125 6 4 12]
[0.000629801633309997 'Conceptual' 0.02682492739168779 0.1624116102923139
 0.1694915254237288 125 6 4 13]
[0.000629801633309997 'Conceptual' 0.02682492739168779 0.1624116102923139
 0.1694915254237288 125 6 4 14]
[0.000629801633309997 'Conceptual' 0.02682492739168779 0.1624116102923139
 0.1694915254237288 125 6 4 15]
[0.000629801633309997 'Conceptual' 0.02682492739168779 0.1624116102923139
 0.1694915254237288 125 6 4 16]
[0.000629801633309997 'Conceptual' 0.02682492739168779 0.1624116102923139
 0.1694915254237288 125 6 4 17]
[0.000629801633309997 'Conceptual' 0.02682492739168779 0.1624116102923139
 0.1694915254237288 125 6 4 18]
[0.000629801633309997 'Conceptual' 0.02682492739168779 0.1624116102923139
 0.1694915254237288 125 6 4 19]
[0.0 'Conceptual' 0.02682492739168779 0.1624116102923139 0.0 125 6 5 0]
[3.4952603280227748 'Conceptual' 0.02682492739168779 0.1624116102923139
 4.11864406779661 125 6 5 1]
[3.482704490656954 'Conceptual' 0.02682492739168779 0.1624116102923139
 10.169491525423728 125 6 5 2]
[0.3920944466924647 'Conceptual' 0.02682492739168779 0.1624116102923139
 2.0338983050847457 125 6 5 3]
[0.012520236191141476 'Conceptual' 0.02682492739168779 0.1624116102923139
 0.1694915254237288 125 6 5 4]
[0.000629801633309997 'Conceptual' 0.02682492739168779 0.1624116102923139
 0.1694915254237288 125 6 5 5]
[0.000629801633309997 'Conceptual' 0.02682492739168779 0.1624116102923139
 0.1694915254237288 125 6 5 6]
[0.000629801633309997 'Conceptual' 0.02682492739168779 0.1624116102923139
 0.1694915254237288 125 6 5 7]
[2.0521144055059715 'Conceptual' 0.02682492739168779 0.1624116102923139
 8.627118644067796 125 6 5 8]
[0.000629801633309997 'Conceptual' 0.02682492739168779 0.1624116102923139
 0.1694915254237288 125 6 5 9]
[0.000629801633309997 'Conceptual' 0.02682492739168779 0.1624116102923139
 0.1694915254237288 125 6 5 10]
[1.5809078753889274 'Conceptual' 0.02682492739168779 0.1624116102923139
 7.847457627118644 125 6 5 11]
[0.000629801633309997 'Conceptual' 0.02682492739168779 0.1624116102923139
 0.1694915254237288 125 6 5 12]
[0.000629801633309997 'Conceptual' 0.02682492739168779 0.1624116102923139
 0.1694915254237288 125 6 5 13]
[0.000629801633309997 'Conceptual' 0.02682492739168779 0.1624116102923139
 0.1694915254237288 125 6 5 14]
[0.000629801633309997 'Conceptual' 0.02682492739168779 0.1624116102923139
 0.1694915254237288 125 6 5 15]
[0.000629801633309997 'Conceptual' 0.02682492739168779 0.1624116102923139
 0.1694915254237288 125 6 5 16]
[0.000629801633309997 'Conceptual' 0.02682492739168779 0.1624116102923139
 0.1694915254237288 125 6 5 17]
[0.000629801633309997 'Conceptual' 0.02682492739168779 0.1624116102923139
 0.1694915254237288 125 6 5 18]
[0.000629801633309997 'Conceptual' 0.02682492739168779 0.1624116102923139
 0.1694915254237288 125 6 5 19]
[0.0 'Conceptual' 0.02682492739168779 0.1624116102923139 0.0 125 6 7 0]
[3.4952603280227748 'Conceptual' 0.02682492739168779 0.1624116102923139
 4.11864406779661 125 6 7 1]
[3.482704490656954 'Conceptual' 0.02682492739168779 0.1624116102923139
 10.169491525423728 125 6 7 2]
[0.3920944466924647 'Conceptual' 0.02682492739168779 0.1624116102923139
 2.0338983050847457 125 6 7 3]
[0.012520236191141476 'Conceptual' 0.02682492739168779 0.1624116102923139
 0.1694915254237288 125 6 7 4]
[0.000629801633309997 'Conceptual' 0.02682492739168779 0.1624116102923139
 0.1694915254237288 125 6 7 5]
[0.000629801633309997 'Conceptual' 0.02682492739168779 0.1624116102923139
 0.1694915254237288 125 6 7 6]
[0.000629801633309997 'Conceptual' 0.02682492739168779 0.1624116102923139
 0.1694915254237288 125 6 7 7]
[2.0521144055059715 'Conceptual' 0.02682492739168779 0.1624116102923139
 8.627118644067796 125 6 7 8]
[0.000629801633309997 'Conceptual' 0.02682492739168779 0.1624116102923139
 0.1694915254237288 125 6 7 9]
[0.000629801633309997 'Conceptual' 0.02682492739168779 0.1624116102923139
 0.1694915254237288 125 6 7 10]
[1.5809078753889274 'Conceptual' 0.02682492739168779 0.1624116102923139
 7.847457627118644 125 6 7 11]
[0.000629801633309997 'Conceptual' 0.02682492739168779 0.1624116102923139
 0.1694915254237288 125 6 7 12]
[0.000629801633309997 'Conceptual' 0.02682492739168779 0.1624116102923139
 0.1694915254237288 125 6 7 13]
[0.000629801633309997 'Conceptual' 0.02682492739168779 0.1624116102923139
 0.1694915254237288 125 6 7 14]
[0.000629801633309997 'Conceptual' 0.02682492739168779 0.1624116102923139
 0.1694915254237288 125 6 7 15]
[0.000629801633309997 'Conceptual' 0.02682492739168779 0.1624116102923139
 0.1694915254237288 125 6 7 16]
[0.000629801633309997 'Conceptual' 0.02682492739168779 0.1624116102923139
 0.1694915254237288 125 6 7 17]
[0.000629801633309997 'Conceptual' 0.02682492739168779 0.1624116102923139
 0.1694915254237288 125 6 7 18]
[0.000629801633309997 'Conceptual' 0.02682492739168779 0.1624116102923139
 0.1694915254237288 125 6 7 19]
[0.0 'Conceptual' 0.02682492739168779 0.1624116102923139 0.0 125 6 8 0]
[3.4952603280227748 'Conceptual' 0.02682492739168779 0.1624116102923139
 4.11864406779661 125 6 8 1]
[3.482704490656954 'Conceptual' 0.02682492739168779 0.1624116102923139
 10.169491525423728 125 6 8 2]
[0.3920944466924647 'Conceptual' 0.02682492739168779 0.1624116102923139
 2.0338983050847457 125 6 8 3]
[0.012520236191141476 'Conceptual' 0.02682492739168779 0.1624116102923139
 0.1694915254237288 125 6 8 4]
[0.000629801633309997 'Conceptual' 0.02682492739168779 0.1624116102923139
 0.1694915254237288 125 6 8 5]
[0.000629801633309997 'Conceptual' 0.02682492739168779 0.1624116102923139
 0.1694915254237288 125 6 8 6]
[0.000629801633309997 'Conceptual' 0.02682492739168779 0.1624116102923139
 0.1694915254237288 125 6 8 7]
[2.0521144055059715 'Conceptual' 0.02682492739168779 0.1624116102923139
 8.627118644067796 125 6 8 8]
[0.000629801633309997 'Conceptual' 0.02682492739168779 0.1624116102923139
 0.1694915254237288 125 6 8 9]
[0.000629801633309997 'Conceptual' 0.02682492739168779 0.1624116102923139
 0.1694915254237288 125 6 8 10]
[1.5809078753889274 'Conceptual' 0.02682492739168779 0.1624116102923139
 7.847457627118644 125 6 8 11]
[0.000629801633309997 'Conceptual' 0.02682492739168779 0.1624116102923139
 0.1694915254237288 125 6 8 12]
[0.000629801633309997 'Conceptual' 0.02682492739168779 0.1624116102923139
 0.1694915254237288 125 6 8 13]
[0.000629801633309997 'Conceptual' 0.02682492739168779 0.1624116102923139
 0.1694915254237288 125 6 8 14]
[0.000629801633309997 'Conceptual' 0.02682492739168779 0.1624116102923139
 0.1694915254237288 125 6 8 15]
[0.000629801633309997 'Conceptual' 0.02682492739168779 0.1624116102923139
 0.1694915254237288 125 6 8 16]
[0.000629801633309997 'Conceptual' 0.02682492739168779 0.1624116102923139
 0.1694915254237288 125 6 8 17]
[0.000629801633309997 'Conceptual' 0.02682492739168779 0.1624116102923139
 0.1694915254237288 125 6 8 18]
[0.000629801633309997 'Conceptual' 0.02682492739168779 0.1624116102923139
 0.1694915254237288 125 6 8 19]
