[0.0 'Spatial' 1.1801789530522229 76.8651067455454 0.0 100 8 0 0]
[11.638481088920837 'Spatial' 1.1801789530522229 76.8651067455454
 9.203389830508476 100 8 0 1]
[4.044322391417428 'Spatial' 1.1801789530522229 76.8651067455454
 0.7288135593220338 100 8 0 2]
[3.585973869943226 'Spatial' 1.1801789530522229 76.8651067455454
 9.576271186440678 100 8 0 3]
[2.6415535538557164 'Spatial' 1.1801789530522229 76.8651067455454
 3.1355932203389827 100 8 0 4]
[3.3020547297295058 'Spatial' 1.1801789530522229 76.8651067455454
 1.1694915254237288 100 8 0 5]
[3.058863529673434 'Spatial' 1.1801789530522229 76.8651067455454
 1.1016949152542372 100 8 0 6]
[3.385233798271357 'Spatial' 1.1801789530522229 76.8651067455454
 2.864406779661017 100 8 0 7]
[2.7967069370156095 'Spatial' 1.1801789530522229 76.8651067455454
 1.1016949152542372 100 8 0 8]
[1.4263668258298876 'Spatial' 1.1801789530522229 76.8651067455454
 1.8644067796610169 100 8 0 9]
[2.595419822837641 'Spatial' 1.1801789530522229 76.8651067455454
 1.847457627118644 100 8 0 10]
[3.5153639568592645 'Spatial' 1.1801789530522229 76.8651067455454
 2.2881355932203387 100 8 0 11]
[2.4136253390170093 'Spatial' 1.1801789530522229 76.8651067455454
 1.5084745762711864 100 8 0 12]
[3.4114413400680546 'Spatial' 1.1801789530522229 76.8651067455454
 2.016949152542373 100 8 0 13]
[3.9460289823644876 'Spatial' 1.1801789530522229 76.8651067455454
 0.3389830508474576 100 8 0 14]
[3.5082902654732417 'Spatial' 1.1801789530522229 76.8651067455454
 1.9491525423728813 100 8 0 15]
[2.079829115315934 'Spatial' 1.1801789530522229 76.8651067455454
 1.1864406779661016 100 8 0 16]
[1.4611632999272153 'Spatial' 1.1801789530522229 76.8651067455454
 1.1016949152542372 100 8 0 17]
[2.8927539361226176 'Spatial' 1.1801789530522229 76.8651067455454
 1.4406779661016949 100 8 0 18]
[3.341827519816147 'Spatial' 1.1801789530522229 76.8651067455454
 1.5084745762711864 100 8 0 19]
[0.0 'Spatial' 1.1801789530522229 76.8651067455454 0.0 100 8 1 0]
[11.638481088920837 'Spatial' 1.1801789530522229 76.8651067455454
 9.203389830508476 100 8 1 1]
[4.044322391417428 'Spatial' 1.1801789530522229 76.8651067455454
 0.7288135593220338 100 8 1 2]
[3.585973869943226 'Spatial' 1.1801789530522229 76.8651067455454
 9.576271186440678 100 8 1 3]
[2.6415535538557164 'Spatial' 1.1801789530522229 76.8651067455454
 3.1355932203389827 100 8 1 4]
[3.3020547297295058 'Spatial' 1.1801789530522229 76.8651067455454
 1.1694915254237288 100 8 1 5]
[3.058863529673434 'Spatial' 1.1801789530522229 76.8651067455454
 1.1016949152542372 100 8 1 6]
[3.385233798271357 'Spatial' 1.1801789530522229 76.8651067455454
 2.864406779661017 100 8 1 7]
[2.7967069370156095 'Spatial' 1.1801789530522229 76.8651067455454
 1.1016949152542372 100 8 1 8]
[1.4263668258298876 'Spatial' 1.1801789530522229 76.8651067455454
 1.8644067796610169 100 8 1 9]
[2.595419822837641 'Spatial' 1.1801789530522229 76.8651067455454
 1.847457627118644 100 8 1 10]
[3.5153639568592645 'Spatial' 1.1801789530522229 76.8651067455454
 2.2881355932203387 100 8 1 11]
[2.4136253390170093 'Spatial' 1.1801789530522229 76.8651067455454
 1.5084745762711864 100 8 1 12]
[3.4114413400680546 'Spatial' 1.1801789530522229 76.8651067455454
 2.016949152542373 100 8 1 13]
[3.9460289823644876 'Spatial' 1.1801789530522229 76.8651067455454
 0.3389830508474576 100 8 1 14]
[3.5082902654732417 'Spatial' 1.1801789530522229 76.8651067455454
 1.9491525423728813 100 8 1 15]
[2.079829115315934 'Spatial' 1.1801789530522229 76.8651067455454
 1.1864406779661016 100 8 1 16]
[1.4611632999272153 'Spatial' 1.1801789530522229 76.8651067455454
 1.1016949152542372 100 8 1 17]
[2.8927539361226176 'Spatial' 1.1801789530522229 76.8651067455454
 1.4406779661016949 100 8 1 18]
[3.341827519816147 'Spatial' 1.1801789530522229 76.8651067455454
 1.5084745762711864 100 8 1 19]
[0.0 'Spatial' 1.1801789530522229 76.8651067455454 0.0 100 8 2 0]
[11.638481088920837 'Spatial' 1.1801789530522229 76.8651067455454
 9.203389830508476 100 8 2 1]
[4.044322391417428 'Spatial' 1.1801789530522229 76.8651067455454
 0.7288135593220338 100 8 2 2]
[3.585973869943226 'Spatial' 1.1801789530522229 76.8651067455454
 9.576271186440678 100 8 2 3]
[2.6415535538557164 'Spatial' 1.1801789530522229 76.8651067455454
 3.1355932203389827 100 8 2 4]
[3.3020547297295058 'Spatial' 1.1801789530522229 76.8651067455454
 1.1694915254237288 100 8 2 5]
[3.058863529673434 'Spatial' 1.1801789530522229 76.8651067455454
 1.1016949152542372 100 8 2 6]
[3.385233798271357 'Spatial' 1.1801789530522229 76.8651067455454
 2.864406779661017 100 8 2 7]
[2.7967069370156095 'Spatial' 1.1801789530522229 76.8651067455454
 1.1016949152542372 100 8 2 8]
[1.4263668258298876 'Spatial' 1.1801789530522229 76.8651067455454
 1.8644067796610169 100 8 2 9]
[2.595419822837641 'Spatial' 1.1801789530522229 76.8651067455454
 1.847457627118644 100 8 2 10]
[3.5153639568592645 'Spatial' 1.1801789530522229 76.8651067455454
 2.2881355932203387 100 8 2 11]
[2.4136253390170093 'Spatial' 1.1801789530522229 76.8651067455454
 1.5084745762711864 100 8 2 12]
[3.4114413400680546 'Spatial' 1.1801789530522229 76.8651067455454
 2.016949152542373 100 8 2 13]
[3.9460289823644876 'Spatial' 1.1801789530522229 76.8651067455454
 0.3389830508474576 100 8 2 14]
[3.5082902654732417 'Spatial' 1.1801789530522229 76.8651067455454
 1.9491525423728813 100 8 2 15]
[2.079829115315934 'Spatial' 1.1801789530522229 76.8651067455454
 1.1864406779661016 100 8 2 16]
[1.4611632999272153 'Spatial' 1.1801789530522229 76.8651067455454
 1.1016949152542372 100 8 2 17]
[2.8927539361226176 'Spatial' 1.1801789530522229 76.8651067455454
 1.4406779661016949 100 8 2 18]
[3.341827519816147 'Spatial' 1.1801789530522229 76.8651067455454
 1.5084745762711864 100 8 2 19]
[0.0 'Spatial' 1.1801789530522229 76.8651067455454 0.0 100 8 3 0]
[11.638481088920837 'Spatial' 1.1801789530522229 76.8651067455454
 9.203389830508476 100 8 3 1]
[4.044322391417428 'Spatial' 1.1801789530522229 76.8651067455454
 0.7288135593220338 100 8 3 2]
[3.585973869943226 'Spatial' 1.1801789530522229 76.8651067455454
 9.576271186440678 100 8 3 3]
[2.6415535538557164 'Spatial' 1.1801789530522229 76.8651067455454
 3.1355932203389827 100 8 3 4]
[3.3020547297295058 'Spatial' 1.1801789530522229 76.8651067455454
 1.1694915254237288 100 8 3 5]
[3.058863529673434 'Spatial' 1.1801789530522229 76.8651067455454
 1.1016949152542372 100 8 3 6]
[3.385233798271357 'Spatial' 1.1801789530522229 76.8651067455454
 2.864406779661017 100 8 3 7]
[2.7967069370156095 'Spatial' 1.1801789530522229 76.8651067455454
 1.1016949152542372 100 8 3 8]
[1.4263668258298876 'Spatial' 1.1801789530522229 76.8651067455454
 1.8644067796610169 100 8 3 9]
[2.595419822837641 'Spatial' 1.1801789530522229 76.8651067455454
 1.847457627118644 100 8 3 10]
[3.5153639568592645 'Spatial' 1.1801789530522229 76.8651067455454
 2.2881355932203387 100 8 3 11]
[2.4136253390170093 'Spatial' 1.1801789530522229 76.8651067455454
 1.5084745762711864 100 8 3 12]
[3.4114413400680546 'Spatial' 1.1801789530522229 76.8651067455454
 2.016949152542373 100 8 3 13]
[3.9460289823644876 'Spatial' 1.1801789530522229 76.8651067455454
 0.3389830508474576 100 8 3 14]
[3.5082902654732417 'Spatial' 1.1801789530522229 76.8651067455454
 1.9491525423728813 100 8 3 15]
[2.079829115315934 'Spatial' 1.1801789530522229 76.8651067455454
 1.1864406779661016 100 8 3 16]
[1.4611632999272153 'Spatial' 1.1801789530522229 76.8651067455454
 1.1016949152542372 100 8 3 17]
[2.8927539361226176 'Spatial' 1.1801789530522229 76.8651067455454
 1.4406779661016949 100 8 3 18]
[3.341827519816147 'Spatial' 1.1801789530522229 76.8651067455454
 1.5084745762711864 100 8 3 19]
[0.0 'Spatial' 1.1801789530522229 76.8651067455454 0.0 100 8 4 0]
[11.638481088920837 'Spatial' 1.1801789530522229 76.8651067455454
 9.203389830508476 100 8 4 1]
[4.044322391417428 'Spatial' 1.1801789530522229 76.8651067455454
 0.7288135593220338 100 8 4 2]
[3.585973869943226 'Spatial' 1.1801789530522229 76.8651067455454
 9.576271186440678 100 8 4 3]
[2.6415535538557164 'Spatial' 1.1801789530522229 76.8651067455454
 3.1355932203389827 100 8 4 4]
[3.3020547297295058 'Spatial' 1.1801789530522229 76.8651067455454
 1.1694915254237288 100 8 4 5]
[3.058863529673434 'Spatial' 1.1801789530522229 76.8651067455454
 1.1016949152542372 100 8 4 6]
[3.385233798271357 'Spatial' 1.1801789530522229 76.8651067455454
 2.864406779661017 100 8 4 7]
[2.7967069370156095 'Spatial' 1.1801789530522229 76.8651067455454
 1.1016949152542372 100 8 4 8]
[1.4263668258298876 'Spatial' 1.1801789530522229 76.8651067455454
 1.8644067796610169 100 8 4 9]
[2.595419822837641 'Spatial' 1.1801789530522229 76.8651067455454
 1.847457627118644 100 8 4 10]
[3.5153639568592645 'Spatial' 1.1801789530522229 76.8651067455454
 2.2881355932203387 100 8 4 11]
[2.4136253390170093 'Spatial' 1.1801789530522229 76.8651067455454
 1.5084745762711864 100 8 4 12]
[3.4114413400680546 'Spatial' 1.1801789530522229 76.8651067455454
 2.016949152542373 100 8 4 13]
[3.9460289823644876 'Spatial' 1.1801789530522229 76.8651067455454
 0.3389830508474576 100 8 4 14]
[3.5082902654732417 'Spatial' 1.1801789530522229 76.8651067455454
 1.9491525423728813 100 8 4 15]
[2.079829115315934 'Spatial' 1.1801789530522229 76.8651067455454
 1.1864406779661016 100 8 4 16]
[1.4611632999272153 'Spatial' 1.1801789530522229 76.8651067455454
 1.1016949152542372 100 8 4 17]
[2.8927539361226176 'Spatial' 1.1801789530522229 76.8651067455454
 1.4406779661016949 100 8 4 18]
[3.341827519816147 'Spatial' 1.1801789530522229 76.8651067455454
 1.5084745762711864 100 8 4 19]
[0.0 'Spatial' 1.1801789530522229 76.8651067455454 0.0 100 8 5 0]
[11.638481088920837 'Spatial' 1.1801789530522229 76.8651067455454
 9.203389830508476 100 8 5 1]
[4.044322391417428 'Spatial' 1.1801789530522229 76.8651067455454
 0.7288135593220338 100 8 5 2]
[3.585973869943226 'Spatial' 1.1801789530522229 76.8651067455454
 9.576271186440678 100 8 5 3]
[2.6415535538557164 'Spatial' 1.1801789530522229 76.8651067455454
 3.1355932203389827 100 8 5 4]
[3.3020547297295058 'Spatial' 1.1801789530522229 76.8651067455454
 1.1694915254237288 100 8 5 5]
[3.058863529673434 'Spatial' 1.1801789530522229 76.8651067455454
 1.1016949152542372 100 8 5 6]
[3.385233798271357 'Spatial' 1.1801789530522229 76.8651067455454
 2.864406779661017 100 8 5 7]
[2.7967069370156095 'Spatial' 1.1801789530522229 76.8651067455454
 1.1016949152542372 100 8 5 8]
[1.4263668258298876 'Spatial' 1.1801789530522229 76.8651067455454
 1.8644067796610169 100 8 5 9]
[2.595419822837641 'Spatial' 1.1801789530522229 76.8651067455454
 1.847457627118644 100 8 5 10]
[3.5153639568592645 'Spatial' 1.1801789530522229 76.8651067455454
 2.2881355932203387 100 8 5 11]
[2.4136253390170093 'Spatial' 1.1801789530522229 76.8651067455454
 1.5084745762711864 100 8 5 12]
[3.4114413400680546 'Spatial' 1.1801789530522229 76.8651067455454
 2.016949152542373 100 8 5 13]
[3.9460289823644876 'Spatial' 1.1801789530522229 76.8651067455454
 0.3389830508474576 100 8 5 14]
[3.5082902654732417 'Spatial' 1.1801789530522229 76.8651067455454
 1.9491525423728813 100 8 5 15]
[2.079829115315934 'Spatial' 1.1801789530522229 76.8651067455454
 1.1864406779661016 100 8 5 16]
[1.4611632999272153 'Spatial' 1.1801789530522229 76.8651067455454
 1.1016949152542372 100 8 5 17]
[2.8927539361226176 'Spatial' 1.1801789530522229 76.8651067455454
 1.4406779661016949 100 8 5 18]
[3.341827519816147 'Spatial' 1.1801789530522229 76.8651067455454
 1.5084745762711864 100 8 5 19]
[0.0 'Spatial' 1.1801789530522229 76.8651067455454 0.0 100 8 6 0]
[11.638481088920837 'Spatial' 1.1801789530522229 76.8651067455454
 9.203389830508476 100 8 6 1]
[4.044322391417428 'Spatial' 1.1801789530522229 76.8651067455454
 0.7288135593220338 100 8 6 2]
[3.585973869943226 'Spatial' 1.1801789530522229 76.8651067455454
 9.576271186440678 100 8 6 3]
[2.6415535538557164 'Spatial' 1.1801789530522229 76.8651067455454
 3.1355932203389827 100 8 6 4]
[3.3020547297295058 'Spatial' 1.1801789530522229 76.8651067455454
 1.1694915254237288 100 8 6 5]
[3.058863529673434 'Spatial' 1.1801789530522229 76.8651067455454
 1.1016949152542372 100 8 6 6]
[3.385233798271357 'Spatial' 1.1801789530522229 76.8651067455454
 2.864406779661017 100 8 6 7]
[2.7967069370156095 'Spatial' 1.1801789530522229 76.8651067455454
 1.1016949152542372 100 8 6 8]
[1.4263668258298876 'Spatial' 1.1801789530522229 76.8651067455454
 1.8644067796610169 100 8 6 9]
[2.595419822837641 'Spatial' 1.1801789530522229 76.8651067455454
 1.847457627118644 100 8 6 10]
[3.5153639568592645 'Spatial' 1.1801789530522229 76.8651067455454
 2.2881355932203387 100 8 6 11]
[2.4136253390170093 'Spatial' 1.1801789530522229 76.8651067455454
 1.5084745762711864 100 8 6 12]
[3.4114413400680546 'Spatial' 1.1801789530522229 76.8651067455454
 2.016949152542373 100 8 6 13]
[3.9460289823644876 'Spatial' 1.1801789530522229 76.8651067455454
 0.3389830508474576 100 8 6 14]
[3.5082902654732417 'Spatial' 1.1801789530522229 76.8651067455454
 1.9491525423728813 100 8 6 15]
[2.079829115315934 'Spatial' 1.1801789530522229 76.8651067455454
 1.1864406779661016 100 8 6 16]
[1.4611632999272153 'Spatial' 1.1801789530522229 76.8651067455454
 1.1016949152542372 100 8 6 17]
[2.8927539361226176 'Spatial' 1.1801789530522229 76.8651067455454
 1.4406779661016949 100 8 6 18]
[3.341827519816147 'Spatial' 1.1801789530522229 76.8651067455454
 1.5084745762711864 100 8 6 19]
[0.0 'Spatial' 1.1801789530522229 76.8651067455454 0.0 100 8 7 0]
[11.638481088920837 'Spatial' 1.1801789530522229 76.8651067455454
 9.203389830508476 100 8 7 1]
[4.044322391417428 'Spatial' 1.1801789530522229 76.8651067455454
 0.7288135593220338 100 8 7 2]
[3.585973869943226 'Spatial' 1.1801789530522229 76.8651067455454
 9.576271186440678 100 8 7 3]
[2.6415535538557164 'Spatial' 1.1801789530522229 76.8651067455454
 3.1355932203389827 100 8 7 4]
[3.3020547297295058 'Spatial' 1.1801789530522229 76.8651067455454
 1.1694915254237288 100 8 7 5]
[3.058863529673434 'Spatial' 1.1801789530522229 76.8651067455454
 1.1016949152542372 100 8 7 6]
[3.385233798271357 'Spatial' 1.1801789530522229 76.8651067455454
 2.864406779661017 100 8 7 7]
[2.7967069370156095 'Spatial' 1.1801789530522229 76.8651067455454
 1.1016949152542372 100 8 7 8]
[1.4263668258298876 'Spatial' 1.1801789530522229 76.8651067455454
 1.8644067796610169 100 8 7 9]
[2.595419822837641 'Spatial' 1.1801789530522229 76.8651067455454
 1.847457627118644 100 8 7 10]
[3.5153639568592645 'Spatial' 1.1801789530522229 76.8651067455454
 2.2881355932203387 100 8 7 11]
[2.4136253390170093 'Spatial' 1.1801789530522229 76.8651067455454
 1.5084745762711864 100 8 7 12]
[3.4114413400680546 'Spatial' 1.1801789530522229 76.8651067455454
 2.016949152542373 100 8 7 13]
[3.9460289823644876 'Spatial' 1.1801789530522229 76.8651067455454
 0.3389830508474576 100 8 7 14]
[3.5082902654732417 'Spatial' 1.1801789530522229 76.8651067455454
 1.9491525423728813 100 8 7 15]
[2.079829115315934 'Spatial' 1.1801789530522229 76.8651067455454
 1.1864406779661016 100 8 7 16]
[1.4611632999272153 'Spatial' 1.1801789530522229 76.8651067455454
 1.1016949152542372 100 8 7 17]
[2.8927539361226176 'Spatial' 1.1801789530522229 76.8651067455454
 1.4406779661016949 100 8 7 18]
[3.341827519816147 'Spatial' 1.1801789530522229 76.8651067455454
 1.5084745762711864 100 8 7 19]
