[0.0 'Spatial' 0.14717773765628386 0.8965072407643875 0.0 25 4 0 0]
[6.15414624026171 'Spatial' 0.14717773765628386 0.8965072407643875
 10.169491525423728 25 4 0 1]
[2.3073213581576493 'Spatial' 0.14717773765628386 0.8965072407643875
 5.254237288135593 25 4 0 2]
[4.003476595715309 'Spatial' 0.14717773765628386 0.8965072407643875
 1.694915254237288 25 4 0 3]
[3.643279372481424 'Spatial' 0.14717773765628386 0.8965072407643875
 6.6610169491525415 25 4 0 4]
[1.7944095025839366 'Spatial' 0.14717773765628386 0.8965072407643875
 3.0508474576271185 25 4 0 5]
[2.9080299453034995 'Spatial' 0.14717773765628386 0.8965072407643875
 1.4406779661016949 25 4 0 6]
[1.0365649378512831 'Spatial' 0.14717773765628386 0.8965072407643875
 2.254237288135593 25 4 0 7]
[1.395773110342944 'Spatial' 0.14717773765628386 0.8965072407643875
 3.271186440677966 25 4 0 8]
[2.2104934250009687 'Spatial' 0.14717773765628386 0.8965072407643875
 4.796610169491525 25 4 0 9]
[0.06140221823520243 'Spatial' 0.14717773765628386 0.8965072407643875
 0.559322033898305 25 4 0 10]
[0.2583074984009252 'Spatial' 0.14717773765628386 0.8965072407643875
 1.5084745762711864 25 4 0 11]
[3.8815741368512335 'Spatial' 0.14717773765628386 0.8965072407643875
 10.169491525423728 25 4 0 12]
[0.0015188526047153561 'Spatial' 0.14717773765628386 0.8965072407643875
 0.1694915254237288 25 4 0 13]
[0.0006298016333097749 'Spatial' 0.14717773765628386 0.8965072407643875
 0.1694915254237288 25 4 0 14]
[0.0006298016333097749 'Spatial' 0.14717773765628386 0.8965072407643875
 0.1694915254237288 25 4 0 15]
[7.324928238451575 'Spatial' 0.14717773765628386 0.8965072407643875
 10.169491525423728 25 4 0 16]
[0.8785366020717404 'Spatial' 0.14717773765628386 0.8965072407643875
 1.8644067796610169 25 4 0 17]
[0.0006298016333097749 'Spatial' 0.14717773765628386 0.8965072407643875
 0.1694915254237288 25 4 0 18]
[0.0006298016333097749 'Spatial' 0.14717773765628386 0.8965072407643875
 0.1694915254237288 25 4 0 19]
[0.0 'Spatial' 0.14717773765628386 0.8965072407643875 0.0 25 4 1 0]
[6.15414624026171 'Spatial' 0.14717773765628386 0.8965072407643875
 10.169491525423728 25 4 1 1]
[2.3073213581576493 'Spatial' 0.14717773765628386 0.8965072407643875
 5.254237288135593 25 4 1 2]
[4.003476595715309 'Spatial' 0.14717773765628386 0.8965072407643875
 1.694915254237288 25 4 1 3]
[3.643279372481424 'Spatial' 0.14717773765628386 0.8965072407643875
 6.6610169491525415 25 4 1 4]
[1.7944095025839366 'Spatial' 0.14717773765628386 0.8965072407643875
 3.0508474576271185 25 4 1 5]
[2.9080299453034995 'Spatial' 0.14717773765628386 0.8965072407643875
 1.4406779661016949 25 4 1 6]
[1.0365649378512831 'Spatial' 0.14717773765628386 0.8965072407643875
 2.254237288135593 25 4 1 7]
[1.395773110342944 'Spatial' 0.14717773765628386 0.8965072407643875
 3.271186440677966 25 4 1 8]
[2.2104934250009687 'Spatial' 0.14717773765628386 0.8965072407643875
 4.796610169491525 25 4 1 9]
[0.06140221823520243 'Spatial' 0.14717773765628386 0.8965072407643875
 0.559322033898305 25 4 1 10]
[0.2583074984009252 'Spatial' 0.14717773765628386 0.8965072407643875
 1.5084745762711864 25 4 1 11]
[3.8815741368512335 'Spatial' 0.14717773765628386 0.8965072407643875
 10.169491525423728 25 4 1 12]
[0.0015188526047153561 'Spatial' 0.14717773765628386 0.8965072407643875
 0.1694915254237288 25 4 1 13]
[0.0006298016333097749 'Spatial' 0.14717773765628386 0.8965072407643875
 0.1694915254237288 25 4 1 14]
[0.0006298016333097749 'Spatial' 0.14717773765628386 0.8965072407643875
 0.1694915254237288 25 4 1 15]
[7.324928238451575 'Spatial' 0.14717773765628386 0.8965072407643875
 10.169491525423728 25 4 1 16]
[0.8785366020717404 'Spatial' 0.14717773765628386 0.8965072407643875
 1.8644067796610169 25 4 1 17]
[0.0006298016333097749 'Spatial' 0.14717773765628386 0.8965072407643875
 0.1694915254237288 25 4 1 18]
[0.0006298016333097749 'Spatial' 0.14717773765628386 0.8965072407643875
 0.1694915254237288 25 4 1 19]
[0.0 'Spatial' 0.14717773765628386 0.8965072407643875 0.0 25 4 2 0]
[6.15414624026171 'Spatial' 0.14717773765628386 0.8965072407643875
 10.169491525423728 25 4 2 1]
[2.3073213581576493 'Spatial' 0.14717773765628386 0.8965072407643875
 5.254237288135593 25 4 2 2]
[4.003476595715309 'Spatial' 0.14717773765628386 0.8965072407643875
 1.694915254237288 25 4 2 3]
[3.643279372481424 'Spatial' 0.14717773765628386 0.8965072407643875
 6.6610169491525415 25 4 2 4]
[1.7944095025839366 'Spatial' 0.14717773765628386 0.8965072407643875
 3.0508474576271185 25 4 2 5]
[2.9080299453034995 'Spatial' 0.14717773765628386 0.8965072407643875
 1.4406779661016949 25 4 2 6]
[1.0365649378512831 'Spatial' 0.14717773765628386 0.8965072407643875
 2.254237288135593 25 4 2 7]
[1.395773110342944 'Spatial' 0.14717773765628386 0.8965072407643875
 3.271186440677966 25 4 2 8]
[2.2104934250009687 'Spatial' 0.14717773765628386 0.8965072407643875
 4.796610169491525 25 4 2 9]
[0.06140221823520243 'Spatial' 0.14717773765628386 0.8965072407643875
 0.559322033898305 25 4 2 10]
[0.2583074984009252 'Spatial' 0.14717773765628386 0.8965072407643875
 1.5084745762711864 25 4 2 11]
[3.8815741368512335 'Spatial' 0.14717773765628386 0.8965072407643875
 10.169491525423728 25 4 2 12]
[0.0015188526047153561 'Spatial' 0.14717773765628386 0.8965072407643875
 0.1694915254237288 25 4 2 13]
[0.0006298016333097749 'Spatial' 0.14717773765628386 0.8965072407643875
 0.1694915254237288 25 4 2 14]
[0.0006298016333097749 'Spatial' 0.14717773765628386 0.8965072407643875
 0.1694915254237288 25 4 2 15]
[7.324928238451575 'Spatial' 0.14717773765628386 0.8965072407643875
 10.169491525423728 25 4 2 16]
[0.8785366020717404 'Spatial' 0.14717773765628386 0.8965072407643875
 1.8644067796610169 25 4 2 17]
[0.0006298016333097749 'Spatial' 0.14717773765628386 0.8965072407643875
 0.1694915254237288 25 4 2 18]
[0.0006298016333097749 'Spatial' 0.14717773765628386 0.8965072407643875
 0.1694915254237288 25 4 2 19]
[0.0 'Spatial' 0.14717773765628386 0.8965072407643875 0.0 25 4 3 0]
[6.15414624026171 'Spatial' 0.14717773765628386 0.8965072407643875
 10.169491525423728 25 4 3 1]
[2.3073213581576493 'Spatial' 0.14717773765628386 0.8965072407643875
 5.254237288135593 25 4 3 2]
[4.003476595715309 'Spatial' 0.14717773765628386 0.8965072407643875
 1.694915254237288 25 4 3 3]
[3.643279372481424 'Spatial' 0.14717773765628386 0.8965072407643875
 6.6610169491525415 25 4 3 4]
[1.7944095025839366 'Spatial' 0.14717773765628386 0.8965072407643875
 3.0508474576271185 25 4 3 5]
[2.9080299453034995 'Spatial' 0.14717773765628386 0.8965072407643875
 1.4406779661016949 25 4 3 6]
[1.0365649378512831 'Spatial' 0.14717773765628386 0.8965072407643875
 2.254237288135593 25 4 3 7]
[1.395773110342944 'Spatial' 0.14717773765628386 0.8965072407643875
 3.271186440677966 25 4 3 8]
[2.2104934250009687 'Spatial' 0.14717773765628386 0.8965072407643875
 4.796610169491525 25 4 3 9]
[0.06140221823520243 'Spatial' 0.14717773765628386 0.8965072407643875
 0.559322033898305 25 4 3 10]
[0.2583074984009252 'Spatial' 0.14717773765628386 0.8965072407643875
 1.5084745762711864 25 4 3 11]
[3.8815741368512335 'Spatial' 0.14717773765628386 0.8965072407643875
 10.169491525423728 25 4 3 12]
[0.0015188526047153561 'Spatial' 0.14717773765628386 0.8965072407643875
 0.1694915254237288 25 4 3 13]
[0.0006298016333097749 'Spatial' 0.14717773765628386 0.8965072407643875
 0.1694915254237288 25 4 3 14]
[0.0006298016333097749 'Spatial' 0.14717773765628386 0.8965072407643875
 0.1694915254237288 25 4 3 15]
[7.324928238451575 'Spatial' 0.14717773765628386 0.8965072407643875
 10.169491525423728 25 4 3 16]
[0.8785366020717404 'Spatial' 0.14717773765628386 0.8965072407643875
 1.8644067796610169 25 4 3 17]
[0.0006298016333097749 'Spatial' 0.14717773765628386 0.8965072407643875
 0.1694915254237288 25 4 3 18]
[0.0006298016333097749 'Spatial' 0.14717773765628386 0.8965072407643875
 0.1694915254237288 25 4 3 19]
[0.0 'Spatial' 0.14717773765628386 0.8965072407643875 0.0 25 4 5 0]
[6.15414624026171 'Spatial' 0.14717773765628386 0.8965072407643875
 10.169491525423728 25 4 5 1]
[2.3073213581576493 'Spatial' 0.14717773765628386 0.8965072407643875
 5.254237288135593 25 4 5 2]
[4.003476595715309 'Spatial' 0.14717773765628386 0.8965072407643875
 1.694915254237288 25 4 5 3]
[3.643279372481424 'Spatial' 0.14717773765628386 0.8965072407643875
 6.6610169491525415 25 4 5 4]
[1.7944095025839366 'Spatial' 0.14717773765628386 0.8965072407643875
 3.0508474576271185 25 4 5 5]
[2.9080299453034995 'Spatial' 0.14717773765628386 0.8965072407643875
 1.4406779661016949 25 4 5 6]
[1.0365649378512831 'Spatial' 0.14717773765628386 0.8965072407643875
 2.254237288135593 25 4 5 7]
[1.395773110342944 'Spatial' 0.14717773765628386 0.8965072407643875
 3.271186440677966 25 4 5 8]
[2.2104934250009687 'Spatial' 0.14717773765628386 0.8965072407643875
 4.796610169491525 25 4 5 9]
[0.06140221823520243 'Spatial' 0.14717773765628386 0.8965072407643875
 0.559322033898305 25 4 5 10]
[0.2583074984009252 'Spatial' 0.14717773765628386 0.8965072407643875
 1.5084745762711864 25 4 5 11]
[3.8815741368512335 'Spatial' 0.14717773765628386 0.8965072407643875
 10.169491525423728 25 4 5 12]
[0.0015188526047153561 'Spatial' 0.14717773765628386 0.8965072407643875
 0.1694915254237288 25 4 5 13]
[0.0006298016333097749 'Spatial' 0.14717773765628386 0.8965072407643875
 0.1694915254237288 25 4 5 14]
[0.0006298016333097749 'Spatial' 0.14717773765628386 0.8965072407643875
 0.1694915254237288 25 4 5 15]
[7.324928238451575 'Spatial' 0.14717773765628386 0.8965072407643875
 10.169491525423728 25 4 5 16]
[0.8785366020717404 'Spatial' 0.14717773765628386 0.8965072407643875
 1.8644067796610169 25 4 5 17]
[0.0006298016333097749 'Spatial' 0.14717773765628386 0.8965072407643875
 0.1694915254237288 25 4 5 18]
[0.0006298016333097749 'Spatial' 0.14717773765628386 0.8965072407643875
 0.1694915254237288 25 4 5 19]
[0.0 'Spatial' 0.14717773765628386 0.8965072407643875 0.0 25 4 6 0]
[6.15414624026171 'Spatial' 0.14717773765628386 0.8965072407643875
 10.169491525423728 25 4 6 1]
[2.3073213581576493 'Spatial' 0.14717773765628386 0.8965072407643875
 5.254237288135593 25 4 6 2]
[4.003476595715309 'Spatial' 0.14717773765628386 0.8965072407643875
 1.694915254237288 25 4 6 3]
[3.643279372481424 'Spatial' 0.14717773765628386 0.8965072407643875
 6.6610169491525415 25 4 6 4]
[1.7944095025839366 'Spatial' 0.14717773765628386 0.8965072407643875
 3.0508474576271185 25 4 6 5]
[2.9080299453034995 'Spatial' 0.14717773765628386 0.8965072407643875
 1.4406779661016949 25 4 6 6]
[1.0365649378512831 'Spatial' 0.14717773765628386 0.8965072407643875
 2.254237288135593 25 4 6 7]
[1.395773110342944 'Spatial' 0.14717773765628386 0.8965072407643875
 3.271186440677966 25 4 6 8]
[2.2104934250009687 'Spatial' 0.14717773765628386 0.8965072407643875
 4.796610169491525 25 4 6 9]
[0.06140221823520243 'Spatial' 0.14717773765628386 0.8965072407643875
 0.559322033898305 25 4 6 10]
[0.2583074984009252 'Spatial' 0.14717773765628386 0.8965072407643875
 1.5084745762711864 25 4 6 11]
[3.8815741368512335 'Spatial' 0.14717773765628386 0.8965072407643875
 10.169491525423728 25 4 6 12]
[0.0015188526047153561 'Spatial' 0.14717773765628386 0.8965072407643875
 0.1694915254237288 25 4 6 13]
[0.0006298016333097749 'Spatial' 0.14717773765628386 0.8965072407643875
 0.1694915254237288 25 4 6 14]
[0.0006298016333097749 'Spatial' 0.14717773765628386 0.8965072407643875
 0.1694915254237288 25 4 6 15]
[7.324928238451575 'Spatial' 0.14717773765628386 0.8965072407643875
 10.169491525423728 25 4 6 16]
[0.8785366020717404 'Spatial' 0.14717773765628386 0.8965072407643875
 1.8644067796610169 25 4 6 17]
[0.0006298016333097749 'Spatial' 0.14717773765628386 0.8965072407643875
 0.1694915254237288 25 4 6 18]
[0.0006298016333097749 'Spatial' 0.14717773765628386 0.8965072407643875
 0.1694915254237288 25 4 6 19]
[0.0 'Spatial' 0.14717773765628386 0.8965072407643875 0.0 25 4 7 0]
[6.15414624026171 'Spatial' 0.14717773765628386 0.8965072407643875
 10.169491525423728 25 4 7 1]
[2.3073213581576493 'Spatial' 0.14717773765628386 0.8965072407643875
 5.254237288135593 25 4 7 2]
[4.003476595715309 'Spatial' 0.14717773765628386 0.8965072407643875
 1.694915254237288 25 4 7 3]
[3.643279372481424 'Spatial' 0.14717773765628386 0.8965072407643875
 6.6610169491525415 25 4 7 4]
[1.7944095025839366 'Spatial' 0.14717773765628386 0.8965072407643875
 3.0508474576271185 25 4 7 5]
[2.9080299453034995 'Spatial' 0.14717773765628386 0.8965072407643875
 1.4406779661016949 25 4 7 6]
[1.0365649378512831 'Spatial' 0.14717773765628386 0.8965072407643875
 2.254237288135593 25 4 7 7]
[1.395773110342944 'Spatial' 0.14717773765628386 0.8965072407643875
 3.271186440677966 25 4 7 8]
[2.2104934250009687 'Spatial' 0.14717773765628386 0.8965072407643875
 4.796610169491525 25 4 7 9]
[0.06140221823520243 'Spatial' 0.14717773765628386 0.8965072407643875
 0.559322033898305 25 4 7 10]
[0.2583074984009252 'Spatial' 0.14717773765628386 0.8965072407643875
 1.5084745762711864 25 4 7 11]
[3.8815741368512335 'Spatial' 0.14717773765628386 0.8965072407643875
 10.169491525423728 25 4 7 12]
[0.0015188526047153561 'Spatial' 0.14717773765628386 0.8965072407643875
 0.1694915254237288 25 4 7 13]
[0.0006298016333097749 'Spatial' 0.14717773765628386 0.8965072407643875
 0.1694915254237288 25 4 7 14]
[0.0006298016333097749 'Spatial' 0.14717773765628386 0.8965072407643875
 0.1694915254237288 25 4 7 15]
[7.324928238451575 'Spatial' 0.14717773765628386 0.8965072407643875
 10.169491525423728 25 4 7 16]
[0.8785366020717404 'Spatial' 0.14717773765628386 0.8965072407643875
 1.8644067796610169 25 4 7 17]
[0.0006298016333097749 'Spatial' 0.14717773765628386 0.8965072407643875
 0.1694915254237288 25 4 7 18]
[0.0006298016333097749 'Spatial' 0.14717773765628386 0.8965072407643875
 0.1694915254237288 25 4 7 19]
[0.0 'Spatial' 0.14717773765628386 0.8965072407643875 0.0 25 4 8 0]
[6.15414624026171 'Spatial' 0.14717773765628386 0.8965072407643875
 10.169491525423728 25 4 8 1]
[2.3073213581576493 'Spatial' 0.14717773765628386 0.8965072407643875
 5.254237288135593 25 4 8 2]
[4.003476595715309 'Spatial' 0.14717773765628386 0.8965072407643875
 1.694915254237288 25 4 8 3]
[3.643279372481424 'Spatial' 0.14717773765628386 0.8965072407643875
 6.6610169491525415 25 4 8 4]
[1.7944095025839366 'Spatial' 0.14717773765628386 0.8965072407643875
 3.0508474576271185 25 4 8 5]
[2.9080299453034995 'Spatial' 0.14717773765628386 0.8965072407643875
 1.4406779661016949 25 4 8 6]
[1.0365649378512831 'Spatial' 0.14717773765628386 0.8965072407643875
 2.254237288135593 25 4 8 7]
[1.395773110342944 'Spatial' 0.14717773765628386 0.8965072407643875
 3.271186440677966 25 4 8 8]
[2.2104934250009687 'Spatial' 0.14717773765628386 0.8965072407643875
 4.796610169491525 25 4 8 9]
[0.06140221823520243 'Spatial' 0.14717773765628386 0.8965072407643875
 0.559322033898305 25 4 8 10]
[0.2583074984009252 'Spatial' 0.14717773765628386 0.8965072407643875
 1.5084745762711864 25 4 8 11]
[3.8815741368512335 'Spatial' 0.14717773765628386 0.8965072407643875
 10.169491525423728 25 4 8 12]
[0.0015188526047153561 'Spatial' 0.14717773765628386 0.8965072407643875
 0.1694915254237288 25 4 8 13]
[0.0006298016333097749 'Spatial' 0.14717773765628386 0.8965072407643875
 0.1694915254237288 25 4 8 14]
[0.0006298016333097749 'Spatial' 0.14717773765628386 0.8965072407643875
 0.1694915254237288 25 4 8 15]
[7.324928238451575 'Spatial' 0.14717773765628386 0.8965072407643875
 10.169491525423728 25 4 8 16]
[0.8785366020717404 'Spatial' 0.14717773765628386 0.8965072407643875
 1.8644067796610169 25 4 8 17]
[0.0006298016333097749 'Spatial' 0.14717773765628386 0.8965072407643875
 0.1694915254237288 25 4 8 18]
[0.0006298016333097749 'Spatial' 0.14717773765628386 0.8965072407643875
 0.1694915254237288 25 4 8 19]
