[0.0 'Conceptual' 0.5408661343896329 2.6936221452049685 0.0 55 7 0 0]
[3.5117288099855175 'Conceptual' 0.5408661343896329 2.6936221452049685
 6.864406779661016 55 7 0 1]
[3.9565223663997684 'Conceptual' 0.5408661343896329 2.6936221452049685
 6.186440677966101 55 7 0 2]
[3.540748249375187 'Conceptual' 0.5408661343896329 2.6936221452049685
 6.423728813559322 55 7 0 3]
[3.7868569287330778 'Conceptual' 0.5408661343896329 2.6936221452049685
 1.847457627118644 55 7 0 4]
[3.640458902141419 'Conceptual' 0.5408661343896329 2.6936221452049685
 1.6779661016949152 55 7 0 5]
[3.3785857808955 'Conceptual' 0.5408661343896329 2.6936221452049685
 6.271186440677965 55 7 0 6]
[3.275637377561637 'Conceptual' 0.5408661343896329 2.6936221452049685
 1.6101694915254237 55 7 0 7]
[3.0927672687851286 'Conceptual' 0.5408661343896329 2.6936221452049685
 1.9491525423728813 55 7 0 8]
[4.050944725938219 'Conceptual' 0.5408661343896329 2.6936221452049685
 0.38983050847457623 55 7 0 9]
[3.974135504553055 'Conceptual' 0.5408661343896329 2.6936221452049685
 0.7966101694915253 55 7 0 10]
[2.4530993146726074 'Conceptual' 0.5408661343896329 2.6936221452049685
 1.8644067796610169 55 7 0 11]
[3.0203031804569855 'Conceptual' 0.5408661343896329 2.6936221452049685
 5.7627118644067785 55 7 0 12]
[2.016694171003752 'Conceptual' 0.5408661343896329 2.6936221452049685
 1.1016949152542372 55 7 0 13]
[3.848276476971857 'Conceptual' 0.5408661343896329 2.6936221452049685
 10.169491525423728 55 7 0 14]
[2.9149524794063923 'Conceptual' 0.5408661343896329 2.6936221452049685
 4.915254237288135 55 7 0 15]
[3.170359690977936 'Conceptual' 0.5408661343896329 2.6936221452049685
 5.067796610169491 55 7 0 16]
[4.211357962465465 'Conceptual' 0.5408661343896329 2.6936221452049685
 0.1694915254237288 55 7 0 17]
[2.89089465439651 'Conceptual' 0.5408661343896329 2.6936221452049685
 5.644067796610169 55 7 0 18]
[4.181723900855842 'Conceptual' 0.5408661343896329 2.6936221452049685
 0.1694915254237288 55 7 0 19]
[0.0 'Conceptual' 0.5408661343896329 2.6936221452049685 0.0 55 7 1 0]
[3.5117288099855175 'Conceptual' 0.5408661343896329 2.6936221452049685
 6.864406779661016 55 7 1 1]
[3.9565223663997684 'Conceptual' 0.5408661343896329 2.6936221452049685
 6.186440677966101 55 7 1 2]
[3.540748249375187 'Conceptual' 0.5408661343896329 2.6936221452049685
 6.423728813559322 55 7 1 3]
[3.7868569287330778 'Conceptual' 0.5408661343896329 2.6936221452049685
 1.847457627118644 55 7 1 4]
[3.640458902141419 'Conceptual' 0.5408661343896329 2.6936221452049685
 1.6779661016949152 55 7 1 5]
[3.3785857808955 'Conceptual' 0.5408661343896329 2.6936221452049685
 6.271186440677965 55 7 1 6]
[3.275637377561637 'Conceptual' 0.5408661343896329 2.6936221452049685
 1.6101694915254237 55 7 1 7]
[3.0927672687851286 'Conceptual' 0.5408661343896329 2.6936221452049685
 1.9491525423728813 55 7 1 8]
[4.050944725938219 'Conceptual' 0.5408661343896329 2.6936221452049685
 0.38983050847457623 55 7 1 9]
[3.974135504553055 'Conceptual' 0.5408661343896329 2.6936221452049685
 0.7966101694915253 55 7 1 10]
[2.4530993146726074 'Conceptual' 0.5408661343896329 2.6936221452049685
 1.8644067796610169 55 7 1 11]
[3.0203031804569855 'Conceptual' 0.5408661343896329 2.6936221452049685
 5.7627118644067785 55 7 1 12]
[2.016694171003752 'Conceptual' 0.5408661343896329 2.6936221452049685
 1.1016949152542372 55 7 1 13]
[3.848276476971857 'Conceptual' 0.5408661343896329 2.6936221452049685
 10.169491525423728 55 7 1 14]
[2.9149524794063923 'Conceptual' 0.5408661343896329 2.6936221452049685
 4.915254237288135 55 7 1 15]
[3.170359690977936 'Conceptual' 0.5408661343896329 2.6936221452049685
 5.067796610169491 55 7 1 16]
[4.211357962465465 'Conceptual' 0.5408661343896329 2.6936221452049685
 0.1694915254237288 55 7 1 17]
[2.89089465439651 'Conceptual' 0.5408661343896329 2.6936221452049685
 5.644067796610169 55 7 1 18]
[4.181723900855842 'Conceptual' 0.5408661343896329 2.6936221452049685
 0.1694915254237288 55 7 1 19]
[0.0 'Conceptual' 0.5408661343896329 2.6936221452049685 0.0 55 7 2 0]
[3.5117288099855175 'Conceptual' 0.5408661343896329 2.6936221452049685
 6.864406779661016 55 7 2 1]
[3.9565223663997684 'Conceptual' 0.5408661343896329 2.6936221452049685
 6.186440677966101 55 7 2 2]
[3.540748249375187 'Conceptual' 0.5408661343896329 2.6936221452049685
 6.423728813559322 55 7 2 3]
[3.7868569287330778 'Conceptual' 0.5408661343896329 2.6936221452049685
 1.847457627118644 55 7 2 4]
[3.640458902141419 'Conceptual' 0.5408661343896329 2.6936221452049685
 1.6779661016949152 55 7 2 5]
[3.3785857808955 'Conceptual' 0.5408661343896329 2.6936221452049685
 6.271186440677965 55 7 2 6]
[3.275637377561637 'Conceptual' 0.5408661343896329 2.6936221452049685
 1.6101694915254237 55 7 2 7]
[3.0927672687851286 'Conceptual' 0.5408661343896329 2.6936221452049685
 1.9491525423728813 55 7 2 8]
[4.050944725938219 'Conceptual' 0.5408661343896329 2.6936221452049685
 0.38983050847457623 55 7 2 9]
[3.974135504553055 'Conceptual' 0.5408661343896329 2.6936221452049685
 0.7966101694915253 55 7 2 10]
[2.4530993146726074 'Conceptual' 0.5408661343896329 2.6936221452049685
 1.8644067796610169 55 7 2 11]
[3.0203031804569855 'Conceptual' 0.5408661343896329 2.6936221452049685
 5.7627118644067785 55 7 2 12]
[2.016694171003752 'Conceptual' 0.5408661343896329 2.6936221452049685
 1.1016949152542372 55 7 2 13]
[3.848276476971857 'Conceptual' 0.5408661343896329 2.6936221452049685
 10.169491525423728 55 7 2 14]
[2.9149524794063923 'Conceptual' 0.5408661343896329 2.6936221452049685
 4.915254237288135 55 7 2 15]
[3.170359690977936 'Conceptual' 0.5408661343896329 2.6936221452049685
 5.067796610169491 55 7 2 16]
[4.211357962465465 'Conceptual' 0.5408661343896329 2.6936221452049685
 0.1694915254237288 55 7 2 17]
[2.89089465439651 'Conceptual' 0.5408661343896329 2.6936221452049685
 5.644067796610169 55 7 2 18]
[4.181723900855842 'Conceptual' 0.5408661343896329 2.6936221452049685
 0.1694915254237288 55 7 2 19]
[0.0 'Conceptual' 0.5408661343896329 2.6936221452049685 0.0 55 7 3 0]
[3.5117288099855175 'Conceptual' 0.5408661343896329 2.6936221452049685
 6.864406779661016 55 7 3 1]
[3.9565223663997684 'Conceptual' 0.5408661343896329 2.6936221452049685
 6.186440677966101 55 7 3 2]
[3.540748249375187 'Conceptual' 0.5408661343896329 2.6936221452049685
 6.423728813559322 55 7 3 3]
[3.7868569287330778 'Conceptual' 0.5408661343896329 2.6936221452049685
 1.847457627118644 55 7 3 4]
[3.640458902141419 'Conceptual' 0.5408661343896329 2.6936221452049685
 1.6779661016949152 55 7 3 5]
[3.3785857808955 'Conceptual' 0.5408661343896329 2.6936221452049685
 6.271186440677965 55 7 3 6]
[3.275637377561637 'Conceptual' 0.5408661343896329 2.6936221452049685
 1.6101694915254237 55 7 3 7]
[3.0927672687851286 'Conceptual' 0.5408661343896329 2.6936221452049685
 1.9491525423728813 55 7 3 8]
[4.050944725938219 'Conceptual' 0.5408661343896329 2.6936221452049685
 0.38983050847457623 55 7 3 9]
[3.974135504553055 'Conceptual' 0.5408661343896329 2.6936221452049685
 0.7966101694915253 55 7 3 10]
[2.4530993146726074 'Conceptual' 0.5408661343896329 2.6936221452049685
 1.8644067796610169 55 7 3 11]
[3.0203031804569855 'Conceptual' 0.5408661343896329 2.6936221452049685
 5.7627118644067785 55 7 3 12]
[2.016694171003752 'Conceptual' 0.5408661343896329 2.6936221452049685
 1.1016949152542372 55 7 3 13]
[3.848276476971857 'Conceptual' 0.5408661343896329 2.6936221452049685
 10.169491525423728 55 7 3 14]
[2.9149524794063923 'Conceptual' 0.5408661343896329 2.6936221452049685
 4.915254237288135 55 7 3 15]
[3.170359690977936 'Conceptual' 0.5408661343896329 2.6936221452049685
 5.067796610169491 55 7 3 16]
[4.211357962465465 'Conceptual' 0.5408661343896329 2.6936221452049685
 0.1694915254237288 55 7 3 17]
[2.89089465439651 'Conceptual' 0.5408661343896329 2.6936221452049685
 5.644067796610169 55 7 3 18]
[4.181723900855842 'Conceptual' 0.5408661343896329 2.6936221452049685
 0.1694915254237288 55 7 3 19]
[0.0 'Conceptual' 0.5408661343896329 2.6936221452049685 0.0 55 7 4 0]
[3.5117288099855175 'Conceptual' 0.5408661343896329 2.6936221452049685
 6.864406779661016 55 7 4 1]
[3.9565223663997684 'Conceptual' 0.5408661343896329 2.6936221452049685
 6.186440677966101 55 7 4 2]
[3.540748249375187 'Conceptual' 0.5408661343896329 2.6936221452049685
 6.423728813559322 55 7 4 3]
[3.7868569287330778 'Conceptual' 0.5408661343896329 2.6936221452049685
 1.847457627118644 55 7 4 4]
[3.640458902141419 'Conceptual' 0.5408661343896329 2.6936221452049685
 1.6779661016949152 55 7 4 5]
[3.3785857808955 'Conceptual' 0.5408661343896329 2.6936221452049685
 6.271186440677965 55 7 4 6]
[3.275637377561637 'Conceptual' 0.5408661343896329 2.6936221452049685
 1.6101694915254237 55 7 4 7]
[3.0927672687851286 'Conceptual' 0.5408661343896329 2.6936221452049685
 1.9491525423728813 55 7 4 8]
[4.050944725938219 'Conceptual' 0.5408661343896329 2.6936221452049685
 0.38983050847457623 55 7 4 9]
[3.974135504553055 'Conceptual' 0.5408661343896329 2.6936221452049685
 0.7966101694915253 55 7 4 10]
[2.4530993146726074 'Conceptual' 0.5408661343896329 2.6936221452049685
 1.8644067796610169 55 7 4 11]
[3.0203031804569855 'Conceptual' 0.5408661343896329 2.6936221452049685
 5.7627118644067785 55 7 4 12]
[2.016694171003752 'Conceptual' 0.5408661343896329 2.6936221452049685
 1.1016949152542372 55 7 4 13]
[3.848276476971857 'Conceptual' 0.5408661343896329 2.6936221452049685
 10.169491525423728 55 7 4 14]
[2.9149524794063923 'Conceptual' 0.5408661343896329 2.6936221452049685
 4.915254237288135 55 7 4 15]
[3.170359690977936 'Conceptual' 0.5408661343896329 2.6936221452049685
 5.067796610169491 55 7 4 16]
[4.211357962465465 'Conceptual' 0.5408661343896329 2.6936221452049685
 0.1694915254237288 55 7 4 17]
[2.89089465439651 'Conceptual' 0.5408661343896329 2.6936221452049685
 5.644067796610169 55 7 4 18]
[4.181723900855842 'Conceptual' 0.5408661343896329 2.6936221452049685
 0.1694915254237288 55 7 4 19]
[0.0 'Conceptual' 0.5408661343896329 2.6936221452049685 0.0 55 7 5 0]
[3.5117288099855175 'Conceptual' 0.5408661343896329 2.6936221452049685
 6.864406779661016 55 7 5 1]
[3.9565223663997684 'Conceptual' 0.5408661343896329 2.6936221452049685
 6.186440677966101 55 7 5 2]
[3.540748249375187 'Conceptual' 0.5408661343896329 2.6936221452049685
 6.423728813559322 55 7 5 3]
[3.7868569287330778 'Conceptual' 0.5408661343896329 2.6936221452049685
 1.847457627118644 55 7 5 4]
[3.640458902141419 'Conceptual' 0.5408661343896329 2.6936221452049685
 1.6779661016949152 55 7 5 5]
[3.3785857808955 'Conceptual' 0.5408661343896329 2.6936221452049685
 6.271186440677965 55 7 5 6]
[3.275637377561637 'Conceptual' 0.5408661343896329 2.6936221452049685
 1.6101694915254237 55 7 5 7]
[3.0927672687851286 'Conceptual' 0.5408661343896329 2.6936221452049685
 1.9491525423728813 55 7 5 8]
[4.050944725938219 'Conceptual' 0.5408661343896329 2.6936221452049685
 0.38983050847457623 55 7 5 9]
[3.974135504553055 'Conceptual' 0.5408661343896329 2.6936221452049685
 0.7966101694915253 55 7 5 10]
[2.4530993146726074 'Conceptual' 0.5408661343896329 2.6936221452049685
 1.8644067796610169 55 7 5 11]
[3.0203031804569855 'Conceptual' 0.5408661343896329 2.6936221452049685
 5.7627118644067785 55 7 5 12]
[2.016694171003752 'Conceptual' 0.5408661343896329 2.6936221452049685
 1.1016949152542372 55 7 5 13]
[3.848276476971857 'Conceptual' 0.5408661343896329 2.6936221452049685
 10.169491525423728 55 7 5 14]
[2.9149524794063923 'Conceptual' 0.5408661343896329 2.6936221452049685
 4.915254237288135 55 7 5 15]
[3.170359690977936 'Conceptual' 0.5408661343896329 2.6936221452049685
 5.067796610169491 55 7 5 16]
[4.211357962465465 'Conceptual' 0.5408661343896329 2.6936221452049685
 0.1694915254237288 55 7 5 17]
[2.89089465439651 'Conceptual' 0.5408661343896329 2.6936221452049685
 5.644067796610169 55 7 5 18]
[4.181723900855842 'Conceptual' 0.5408661343896329 2.6936221452049685
 0.1694915254237288 55 7 5 19]
[0.0 'Conceptual' 0.5408661343896329 2.6936221452049685 0.0 55 7 6 0]
[3.5117288099855175 'Conceptual' 0.5408661343896329 2.6936221452049685
 6.864406779661016 55 7 6 1]
[3.9565223663997684 'Conceptual' 0.5408661343896329 2.6936221452049685
 6.186440677966101 55 7 6 2]
[3.540748249375187 'Conceptual' 0.5408661343896329 2.6936221452049685
 6.423728813559322 55 7 6 3]
[3.7868569287330778 'Conceptual' 0.5408661343896329 2.6936221452049685
 1.847457627118644 55 7 6 4]
[3.640458902141419 'Conceptual' 0.5408661343896329 2.6936221452049685
 1.6779661016949152 55 7 6 5]
[3.3785857808955 'Conceptual' 0.5408661343896329 2.6936221452049685
 6.271186440677965 55 7 6 6]
[3.275637377561637 'Conceptual' 0.5408661343896329 2.6936221452049685
 1.6101694915254237 55 7 6 7]
[3.0927672687851286 'Conceptual' 0.5408661343896329 2.6936221452049685
 1.9491525423728813 55 7 6 8]
[4.050944725938219 'Conceptual' 0.5408661343896329 2.6936221452049685
 0.38983050847457623 55 7 6 9]
[3.974135504553055 'Conceptual' 0.5408661343896329 2.6936221452049685
 0.7966101694915253 55 7 6 10]
[2.4530993146726074 'Conceptual' 0.5408661343896329 2.6936221452049685
 1.8644067796610169 55 7 6 11]
[3.0203031804569855 'Conceptual' 0.5408661343896329 2.6936221452049685
 5.7627118644067785 55 7 6 12]
[2.016694171003752 'Conceptual' 0.5408661343896329 2.6936221452049685
 1.1016949152542372 55 7 6 13]
[3.848276476971857 'Conceptual' 0.5408661343896329 2.6936221452049685
 10.169491525423728 55 7 6 14]
[2.9149524794063923 'Conceptual' 0.5408661343896329 2.6936221452049685
 4.915254237288135 55 7 6 15]
[3.170359690977936 'Conceptual' 0.5408661343896329 2.6936221452049685
 5.067796610169491 55 7 6 16]
[4.211357962465465 'Conceptual' 0.5408661343896329 2.6936221452049685
 0.1694915254237288 55 7 6 17]
[2.89089465439651 'Conceptual' 0.5408661343896329 2.6936221452049685
 5.644067796610169 55 7 6 18]
[4.181723900855842 'Conceptual' 0.5408661343896329 2.6936221452049685
 0.1694915254237288 55 7 6 19]
[0.0 'Conceptual' 0.5408661343896329 2.6936221452049685 0.0 55 7 8 0]
[3.5117288099855175 'Conceptual' 0.5408661343896329 2.6936221452049685
 6.864406779661016 55 7 8 1]
[3.9565223663997684 'Conceptual' 0.5408661343896329 2.6936221452049685
 6.186440677966101 55 7 8 2]
[3.540748249375187 'Conceptual' 0.5408661343896329 2.6936221452049685
 6.423728813559322 55 7 8 3]
[3.7868569287330778 'Conceptual' 0.5408661343896329 2.6936221452049685
 1.847457627118644 55 7 8 4]
[3.640458902141419 'Conceptual' 0.5408661343896329 2.6936221452049685
 1.6779661016949152 55 7 8 5]
[3.3785857808955 'Conceptual' 0.5408661343896329 2.6936221452049685
 6.271186440677965 55 7 8 6]
[3.275637377561637 'Conceptual' 0.5408661343896329 2.6936221452049685
 1.6101694915254237 55 7 8 7]
[3.0927672687851286 'Conceptual' 0.5408661343896329 2.6936221452049685
 1.9491525423728813 55 7 8 8]
[4.050944725938219 'Conceptual' 0.5408661343896329 2.6936221452049685
 0.38983050847457623 55 7 8 9]
[3.974135504553055 'Conceptual' 0.5408661343896329 2.6936221452049685
 0.7966101694915253 55 7 8 10]
[2.4530993146726074 'Conceptual' 0.5408661343896329 2.6936221452049685
 1.8644067796610169 55 7 8 11]
[3.0203031804569855 'Conceptual' 0.5408661343896329 2.6936221452049685
 5.7627118644067785 55 7 8 12]
[2.016694171003752 'Conceptual' 0.5408661343896329 2.6936221452049685
 1.1016949152542372 55 7 8 13]
[3.848276476971857 'Conceptual' 0.5408661343896329 2.6936221452049685
 10.169491525423728 55 7 8 14]
[2.9149524794063923 'Conceptual' 0.5408661343896329 2.6936221452049685
 4.915254237288135 55 7 8 15]
[3.170359690977936 'Conceptual' 0.5408661343896329 2.6936221452049685
 5.067796610169491 55 7 8 16]
[4.211357962465465 'Conceptual' 0.5408661343896329 2.6936221452049685
 0.1694915254237288 55 7 8 17]
[2.89089465439651 'Conceptual' 0.5408661343896329 2.6936221452049685
 5.644067796610169 55 7 8 18]
[4.181723900855842 'Conceptual' 0.5408661343896329 2.6936221452049685
 0.1694915254237288 55 7 8 19]
