[0.0 'Spatial' 0.023091243777973773 63.36088948262296 0.0 92 4 0 0]
[3.950323060435291 'Spatial' 0.023091243777973773 63.36088948262296
 1.0169491525423728 92 4 0 1]
[3.530590981307258 'Spatial' 0.023091243777973773 63.36088948262296
 1.2372881355932202 92 4 0 2]
[3.2900773261231695 'Spatial' 0.023091243777973773 63.36088948262296
 1.0677966101694913 92 4 0 3]
[2.6387035326872996 'Spatial' 0.023091243777973773 63.36088948262296
 1.406779661016949 92 4 0 4]
[3.1355120418572233 'Spatial' 0.023091243777973773 63.36088948262296
 4.406779661016948 92 4 0 5]
[1.0988156013320227 'Spatial' 0.023091243777973773 63.36088948262296
 3.1355932203389827 92 4 0 6]
[1.7918561312228005 'Spatial' 0.023091243777973773 63.36088948262296
 2.542372881355932 92 4 0 7]
[2.1972856865801225 'Spatial' 0.023091243777973773 63.36088948262296
 2.3728813559322033 92 4 0 8]
[2.07951153922995 'Spatial' 0.023091243777973773 63.36088948262296
 2.0338983050847457 92 4 0 9]
[1.0988156013320227 'Spatial' 0.023091243777973773 63.36088948262296
 1.3559322033898304 92 4 0 10]
[0.0006298016333097749 'Spatial' 0.023091243777973773 63.36088948262296
 0.6779661016949152 92 4 0 11]
[0.6934571325198734 'Spatial' 0.023091243777973773 63.36088948262296
 0.9322033898305084 92 4 0 12]
[0.0006298016333097749 'Spatial' 0.023091243777973773 63.36088948262296
 0.1694915254237288 92 4 0 13]
[0.0006298016333097749 'Spatial' 0.023091243777973773 63.36088948262296
 0.1694915254237288 92 4 0 14]
[1.0988156013320227 'Spatial' 0.023091243777973773 63.36088948262296
 0.847457627118644 92 4 0 15]
[0.0006298016333097749 'Spatial' 0.023091243777973773 63.36088948262296
 0.1694915254237288 92 4 0 16]
[0.0006298016333097749 'Spatial' 0.023091243777973773 63.36088948262296
 0.1694915254237288 92 4 0 17]
[0.0006298016333097749 'Spatial' 0.023091243777973773 63.36088948262296
 0.1694915254237288 92 4 0 18]
[0.0006298016333097749 'Spatial' 0.023091243777973773 63.36088948262296
 0.1694915254237288 92 4 0 19]
[0.0 'Spatial' 0.023091243777973773 63.36088948262296 0.0 92 4 1 0]
[3.950323060435291 'Spatial' 0.023091243777973773 63.36088948262296
 1.0169491525423728 92 4 1 1]
[3.530590981307258 'Spatial' 0.023091243777973773 63.36088948262296
 1.2372881355932202 92 4 1 2]
[3.2900773261231695 'Spatial' 0.023091243777973773 63.36088948262296
 1.0677966101694913 92 4 1 3]
[2.6387035326872996 'Spatial' 0.023091243777973773 63.36088948262296
 1.406779661016949 92 4 1 4]
[3.1355120418572233 'Spatial' 0.023091243777973773 63.36088948262296
 4.406779661016948 92 4 1 5]
[1.0988156013320227 'Spatial' 0.023091243777973773 63.36088948262296
 3.1355932203389827 92 4 1 6]
[1.7918561312228005 'Spatial' 0.023091243777973773 63.36088948262296
 2.542372881355932 92 4 1 7]
[2.1972856865801225 'Spatial' 0.023091243777973773 63.36088948262296
 2.3728813559322033 92 4 1 8]
[2.07951153922995 'Spatial' 0.023091243777973773 63.36088948262296
 2.0338983050847457 92 4 1 9]
[1.0988156013320227 'Spatial' 0.023091243777973773 63.36088948262296
 1.3559322033898304 92 4 1 10]
[0.0006298016333097749 'Spatial' 0.023091243777973773 63.36088948262296
 0.6779661016949152 92 4 1 11]
[0.6934571325198734 'Spatial' 0.023091243777973773 63.36088948262296
 0.9322033898305084 92 4 1 12]
[0.0006298016333097749 'Spatial' 0.023091243777973773 63.36088948262296
 0.1694915254237288 92 4 1 13]
[0.0006298016333097749 'Spatial' 0.023091243777973773 63.36088948262296
 0.1694915254237288 92 4 1 14]
[1.0988156013320227 'Spatial' 0.023091243777973773 63.36088948262296
 0.847457627118644 92 4 1 15]
[0.0006298016333097749 'Spatial' 0.023091243777973773 63.36088948262296
 0.1694915254237288 92 4 1 16]
[0.0006298016333097749 'Spatial' 0.023091243777973773 63.36088948262296
 0.1694915254237288 92 4 1 17]
[0.0006298016333097749 'Spatial' 0.023091243777973773 63.36088948262296
 0.1694915254237288 92 4 1 18]
[0.0006298016333097749 'Spatial' 0.023091243777973773 63.36088948262296
 0.1694915254237288 92 4 1 19]
[0.0 'Spatial' 0.023091243777973773 63.36088948262296 0.0 92 4 2 0]
[3.950323060435291 'Spatial' 0.023091243777973773 63.36088948262296
 1.0169491525423728 92 4 2 1]
[3.530590981307258 'Spatial' 0.023091243777973773 63.36088948262296
 1.2372881355932202 92 4 2 2]
[3.2900773261231695 'Spatial' 0.023091243777973773 63.36088948262296
 1.0677966101694913 92 4 2 3]
[2.6387035326872996 'Spatial' 0.023091243777973773 63.36088948262296
 1.406779661016949 92 4 2 4]
[3.1355120418572233 'Spatial' 0.023091243777973773 63.36088948262296
 4.406779661016948 92 4 2 5]
[1.0988156013320227 'Spatial' 0.023091243777973773 63.36088948262296
 3.1355932203389827 92 4 2 6]
[1.7918561312228005 'Spatial' 0.023091243777973773 63.36088948262296
 2.542372881355932 92 4 2 7]
[2.1972856865801225 'Spatial' 0.023091243777973773 63.36088948262296
 2.3728813559322033 92 4 2 8]
[2.07951153922995 'Spatial' 0.023091243777973773 63.36088948262296
 2.0338983050847457 92 4 2 9]
[1.0988156013320227 'Spatial' 0.023091243777973773 63.36088948262296
 1.3559322033898304 92 4 2 10]
[0.0006298016333097749 'Spatial' 0.023091243777973773 63.36088948262296
 0.6779661016949152 92 4 2 11]
[0.6934571325198734 'Spatial' 0.023091243777973773 63.36088948262296
 0.9322033898305084 92 4 2 12]
[0.0006298016333097749 'Spatial' 0.023091243777973773 63.36088948262296
 0.1694915254237288 92 4 2 13]
[0.0006298016333097749 'Spatial' 0.023091243777973773 63.36088948262296
 0.1694915254237288 92 4 2 14]
[1.0988156013320227 'Spatial' 0.023091243777973773 63.36088948262296
 0.847457627118644 92 4 2 15]
[0.0006298016333097749 'Spatial' 0.023091243777973773 63.36088948262296
 0.1694915254237288 92 4 2 16]
[0.0006298016333097749 'Spatial' 0.023091243777973773 63.36088948262296
 0.1694915254237288 92 4 2 17]
[0.0006298016333097749 'Spatial' 0.023091243777973773 63.36088948262296
 0.1694915254237288 92 4 2 18]
[0.0006298016333097749 'Spatial' 0.023091243777973773 63.36088948262296
 0.1694915254237288 92 4 2 19]
[0.0 'Spatial' 0.023091243777973773 63.36088948262296 0.0 92 4 3 0]
[3.950323060435291 'Spatial' 0.023091243777973773 63.36088948262296
 1.0169491525423728 92 4 3 1]
[3.530590981307258 'Spatial' 0.023091243777973773 63.36088948262296
 1.2372881355932202 92 4 3 2]
[3.2900773261231695 'Spatial' 0.023091243777973773 63.36088948262296
 1.0677966101694913 92 4 3 3]
[2.6387035326872996 'Spatial' 0.023091243777973773 63.36088948262296
 1.406779661016949 92 4 3 4]
[3.1355120418572233 'Spatial' 0.023091243777973773 63.36088948262296
 4.406779661016948 92 4 3 5]
[1.0988156013320227 'Spatial' 0.023091243777973773 63.36088948262296
 3.1355932203389827 92 4 3 6]
[1.7918561312228005 'Spatial' 0.023091243777973773 63.36088948262296
 2.542372881355932 92 4 3 7]
[2.1972856865801225 'Spatial' 0.023091243777973773 63.36088948262296
 2.3728813559322033 92 4 3 8]
[2.07951153922995 'Spatial' 0.023091243777973773 63.36088948262296
 2.0338983050847457 92 4 3 9]
[1.0988156013320227 'Spatial' 0.023091243777973773 63.36088948262296
 1.3559322033898304 92 4 3 10]
[0.0006298016333097749 'Spatial' 0.023091243777973773 63.36088948262296
 0.6779661016949152 92 4 3 11]
[0.6934571325198734 'Spatial' 0.023091243777973773 63.36088948262296
 0.9322033898305084 92 4 3 12]
[0.0006298016333097749 'Spatial' 0.023091243777973773 63.36088948262296
 0.1694915254237288 92 4 3 13]
[0.0006298016333097749 'Spatial' 0.023091243777973773 63.36088948262296
 0.1694915254237288 92 4 3 14]
[1.0988156013320227 'Spatial' 0.023091243777973773 63.36088948262296
 0.847457627118644 92 4 3 15]
[0.0006298016333097749 'Spatial' 0.023091243777973773 63.36088948262296
 0.1694915254237288 92 4 3 16]
[0.0006298016333097749 'Spatial' 0.023091243777973773 63.36088948262296
 0.1694915254237288 92 4 3 17]
[0.0006298016333097749 'Spatial' 0.023091243777973773 63.36088948262296
 0.1694915254237288 92 4 3 18]
[0.0006298016333097749 'Spatial' 0.023091243777973773 63.36088948262296
 0.1694915254237288 92 4 3 19]
[0.0 'Spatial' 0.023091243777973773 63.36088948262296 0.0 92 4 5 0]
[3.950323060435291 'Spatial' 0.023091243777973773 63.36088948262296
 1.0169491525423728 92 4 5 1]
[3.530590981307258 'Spatial' 0.023091243777973773 63.36088948262296
 1.2372881355932202 92 4 5 2]
[3.2900773261231695 'Spatial' 0.023091243777973773 63.36088948262296
 1.0677966101694913 92 4 5 3]
[2.6387035326872996 'Spatial' 0.023091243777973773 63.36088948262296
 1.406779661016949 92 4 5 4]
[3.1355120418572233 'Spatial' 0.023091243777973773 63.36088948262296
 4.406779661016948 92 4 5 5]
[1.0988156013320227 'Spatial' 0.023091243777973773 63.36088948262296
 3.1355932203389827 92 4 5 6]
[1.7918561312228005 'Spatial' 0.023091243777973773 63.36088948262296
 2.542372881355932 92 4 5 7]
[2.1972856865801225 'Spatial' 0.023091243777973773 63.36088948262296
 2.3728813559322033 92 4 5 8]
[2.07951153922995 'Spatial' 0.023091243777973773 63.36088948262296
 2.0338983050847457 92 4 5 9]
[1.0988156013320227 'Spatial' 0.023091243777973773 63.36088948262296
 1.3559322033898304 92 4 5 10]
[0.0006298016333097749 'Spatial' 0.023091243777973773 63.36088948262296
 0.6779661016949152 92 4 5 11]
[0.6934571325198734 'Spatial' 0.023091243777973773 63.36088948262296
 0.9322033898305084 92 4 5 12]
[0.0006298016333097749 'Spatial' 0.023091243777973773 63.36088948262296
 0.1694915254237288 92 4 5 13]
[0.0006298016333097749 'Spatial' 0.023091243777973773 63.36088948262296
 0.1694915254237288 92 4 5 14]
[1.0988156013320227 'Spatial' 0.023091243777973773 63.36088948262296
 0.847457627118644 92 4 5 15]
[0.0006298016333097749 'Spatial' 0.023091243777973773 63.36088948262296
 0.1694915254237288 92 4 5 16]
[0.0006298016333097749 'Spatial' 0.023091243777973773 63.36088948262296
 0.1694915254237288 92 4 5 17]
[0.0006298016333097749 'Spatial' 0.023091243777973773 63.36088948262296
 0.1694915254237288 92 4 5 18]
[0.0006298016333097749 'Spatial' 0.023091243777973773 63.36088948262296
 0.1694915254237288 92 4 5 19]
[0.0 'Spatial' 0.023091243777973773 63.36088948262296 0.0 92 4 6 0]
[3.950323060435291 'Spatial' 0.023091243777973773 63.36088948262296
 1.0169491525423728 92 4 6 1]
[3.530590981307258 'Spatial' 0.023091243777973773 63.36088948262296
 1.2372881355932202 92 4 6 2]
[3.2900773261231695 'Spatial' 0.023091243777973773 63.36088948262296
 1.0677966101694913 92 4 6 3]
[2.6387035326872996 'Spatial' 0.023091243777973773 63.36088948262296
 1.406779661016949 92 4 6 4]
[3.1355120418572233 'Spatial' 0.023091243777973773 63.36088948262296
 4.406779661016948 92 4 6 5]
[1.0988156013320227 'Spatial' 0.023091243777973773 63.36088948262296
 3.1355932203389827 92 4 6 6]
[1.7918561312228005 'Spatial' 0.023091243777973773 63.36088948262296
 2.542372881355932 92 4 6 7]
[2.1972856865801225 'Spatial' 0.023091243777973773 63.36088948262296
 2.3728813559322033 92 4 6 8]
[2.07951153922995 'Spatial' 0.023091243777973773 63.36088948262296
 2.0338983050847457 92 4 6 9]
[1.0988156013320227 'Spatial' 0.023091243777973773 63.36088948262296
 1.3559322033898304 92 4 6 10]
[0.0006298016333097749 'Spatial' 0.023091243777973773 63.36088948262296
 0.6779661016949152 92 4 6 11]
[0.6934571325198734 'Spatial' 0.023091243777973773 63.36088948262296
 0.9322033898305084 92 4 6 12]
[0.0006298016333097749 'Spatial' 0.023091243777973773 63.36088948262296
 0.1694915254237288 92 4 6 13]
[0.0006298016333097749 'Spatial' 0.023091243777973773 63.36088948262296
 0.1694915254237288 92 4 6 14]
[1.0988156013320227 'Spatial' 0.023091243777973773 63.36088948262296
 0.847457627118644 92 4 6 15]
[0.0006298016333097749 'Spatial' 0.023091243777973773 63.36088948262296
 0.1694915254237288 92 4 6 16]
[0.0006298016333097749 'Spatial' 0.023091243777973773 63.36088948262296
 0.1694915254237288 92 4 6 17]
[0.0006298016333097749 'Spatial' 0.023091243777973773 63.36088948262296
 0.1694915254237288 92 4 6 18]
[0.0006298016333097749 'Spatial' 0.023091243777973773 63.36088948262296
 0.1694915254237288 92 4 6 19]
[0.0 'Spatial' 0.023091243777973773 63.36088948262296 0.0 92 4 7 0]
[3.950323060435291 'Spatial' 0.023091243777973773 63.36088948262296
 1.0169491525423728 92 4 7 1]
[3.530590981307258 'Spatial' 0.023091243777973773 63.36088948262296
 1.2372881355932202 92 4 7 2]
[3.2900773261231695 'Spatial' 0.023091243777973773 63.36088948262296
 1.0677966101694913 92 4 7 3]
[2.6387035326872996 'Spatial' 0.023091243777973773 63.36088948262296
 1.406779661016949 92 4 7 4]
[3.1355120418572233 'Spatial' 0.023091243777973773 63.36088948262296
 4.406779661016948 92 4 7 5]
[1.0988156013320227 'Spatial' 0.023091243777973773 63.36088948262296
 3.1355932203389827 92 4 7 6]
[1.7918561312228005 'Spatial' 0.023091243777973773 63.36088948262296
 2.542372881355932 92 4 7 7]
[2.1972856865801225 'Spatial' 0.023091243777973773 63.36088948262296
 2.3728813559322033 92 4 7 8]
[2.07951153922995 'Spatial' 0.023091243777973773 63.36088948262296
 2.0338983050847457 92 4 7 9]
[1.0988156013320227 'Spatial' 0.023091243777973773 63.36088948262296
 1.3559322033898304 92 4 7 10]
[0.0006298016333097749 'Spatial' 0.023091243777973773 63.36088948262296
 0.6779661016949152 92 4 7 11]
[0.6934571325198734 'Spatial' 0.023091243777973773 63.36088948262296
 0.9322033898305084 92 4 7 12]
[0.0006298016333097749 'Spatial' 0.023091243777973773 63.36088948262296
 0.1694915254237288 92 4 7 13]
[0.0006298016333097749 'Spatial' 0.023091243777973773 63.36088948262296
 0.1694915254237288 92 4 7 14]
[1.0988156013320227 'Spatial' 0.023091243777973773 63.36088948262296
 0.847457627118644 92 4 7 15]
[0.0006298016333097749 'Spatial' 0.023091243777973773 63.36088948262296
 0.1694915254237288 92 4 7 16]
[0.0006298016333097749 'Spatial' 0.023091243777973773 63.36088948262296
 0.1694915254237288 92 4 7 17]
[0.0006298016333097749 'Spatial' 0.023091243777973773 63.36088948262296
 0.1694915254237288 92 4 7 18]
[0.0006298016333097749 'Spatial' 0.023091243777973773 63.36088948262296
 0.1694915254237288 92 4 7 19]
[0.0 'Spatial' 0.023091243777973773 63.36088948262296 0.0 92 4 8 0]
[3.950323060435291 'Spatial' 0.023091243777973773 63.36088948262296
 1.0169491525423728 92 4 8 1]
[3.530590981307258 'Spatial' 0.023091243777973773 63.36088948262296
 1.2372881355932202 92 4 8 2]
[3.2900773261231695 'Spatial' 0.023091243777973773 63.36088948262296
 1.0677966101694913 92 4 8 3]
[2.6387035326872996 'Spatial' 0.023091243777973773 63.36088948262296
 1.406779661016949 92 4 8 4]
[3.1355120418572233 'Spatial' 0.023091243777973773 63.36088948262296
 4.406779661016948 92 4 8 5]
[1.0988156013320227 'Spatial' 0.023091243777973773 63.36088948262296
 3.1355932203389827 92 4 8 6]
[1.7918561312228005 'Spatial' 0.023091243777973773 63.36088948262296
 2.542372881355932 92 4 8 7]
[2.1972856865801225 'Spatial' 0.023091243777973773 63.36088948262296
 2.3728813559322033 92 4 8 8]
[2.07951153922995 'Spatial' 0.023091243777973773 63.36088948262296
 2.0338983050847457 92 4 8 9]
[1.0988156013320227 'Spatial' 0.023091243777973773 63.36088948262296
 1.3559322033898304 92 4 8 10]
[0.0006298016333097749 'Spatial' 0.023091243777973773 63.36088948262296
 0.6779661016949152 92 4 8 11]
[0.6934571325198734 'Spatial' 0.023091243777973773 63.36088948262296
 0.9322033898305084 92 4 8 12]
[0.0006298016333097749 'Spatial' 0.023091243777973773 63.36088948262296
 0.1694915254237288 92 4 8 13]
[0.0006298016333097749 'Spatial' 0.023091243777973773 63.36088948262296
 0.1694915254237288 92 4 8 14]
[1.0988156013320227 'Spatial' 0.023091243777973773 63.36088948262296
 0.847457627118644 92 4 8 15]
[0.0006298016333097749 'Spatial' 0.023091243777973773 63.36088948262296
 0.1694915254237288 92 4 8 16]
[0.0006298016333097749 'Spatial' 0.023091243777973773 63.36088948262296
 0.1694915254237288 92 4 8 17]
[0.0006298016333097749 'Spatial' 0.023091243777973773 63.36088948262296
 0.1694915254237288 92 4 8 18]
[0.0006298016333097749 'Spatial' 0.023091243777973773 63.36088948262296
 0.1694915254237288 92 4 8 19]
