[0.0 'Spatial' 0.03793885036324367 0.6050283703248447 0.0 90 2 0 0]
[3.086154892912463 'Spatial' 0.03793885036324367 0.6050283703248447
 2.2033898305084745 90 2 0 1]
[3.777516083919232 'Spatial' 0.03793885036324367 0.6050283703248447
 5.677966101694914 90 2 0 2]
[3.4964742327807183 'Spatial' 0.03793885036324367 0.6050283703248447
 1.1016949152542372 90 2 0 3]
[0.23669380227661374 'Spatial' 0.03793885036324367 0.6050283703248447
 1.9152542372881354 90 2 0 4]
[1.5687438496202146 'Spatial' 0.03793885036324367 0.6050283703248447
 3.6101694915254234 90 2 0 5]
[2.2019326271149167 'Spatial' 0.03793885036324367 0.6050283703248447
 4.4576271186440675 90 2 0 6]
[2.655099196493327 'Spatial' 0.03793885036324367 0.6050283703248447
 4.999999999999999 90 2 0 7]
[2.6899641677951136 'Spatial' 0.03793885036324367 0.6050283703248447
 4.1525423728813555 90 2 0 8]
[3.0275104883809116 'Spatial' 0.03793885036324367 0.6050283703248447
 4.627118644067796 90 2 0 9]
[0.03317077692456046 'Spatial' 0.03793885036324367 0.6050283703248447
 0.7288135593220338 90 2 0 10]
[0.000629801633309997 'Spatial' 0.03793885036324367 0.6050283703248447
 0.1694915254237288 90 2 0 11]
[0.000629801633309997 'Spatial' 0.03793885036324367 0.6050283703248447
 0.1694915254237288 90 2 0 12]
[0.000629801633309997 'Spatial' 0.03793885036324367 0.6050283703248447
 0.1694915254237288 90 2 0 13]
[0.000629801633309997 'Spatial' 0.03793885036324367 0.6050283703248447
 0.1694915254237288 90 2 0 14]
[0.000629801633309997 'Spatial' 0.03793885036324367 0.6050283703248447
 0.1694915254237288 90 2 0 15]
[0.000629801633309997 'Spatial' 0.03793885036324367 0.6050283703248447
 0.1694915254237288 90 2 0 16]
[0.000629801633309997 'Spatial' 0.03793885036324367 0.6050283703248447
 0.1694915254237288 90 2 0 17]
[0.000629801633309997 'Spatial' 0.03793885036324367 0.6050283703248447
 0.1694915254237288 90 2 0 18]
[0.000629801633309997 'Spatial' 0.03793885036324367 0.6050283703248447
 0.1694915254237288 90 2 0 19]
[0.0 'Spatial' 0.03793885036324367 0.6050283703248447 0.0 90 2 1 0]
[3.086154892912463 'Spatial' 0.03793885036324367 0.6050283703248447
 2.2033898305084745 90 2 1 1]
[3.777516083919232 'Spatial' 0.03793885036324367 0.6050283703248447
 5.677966101694914 90 2 1 2]
[3.4964742327807183 'Spatial' 0.03793885036324367 0.6050283703248447
 1.1016949152542372 90 2 1 3]
[0.23669380227661374 'Spatial' 0.03793885036324367 0.6050283703248447
 1.9152542372881354 90 2 1 4]
[1.5687438496202146 'Spatial' 0.03793885036324367 0.6050283703248447
 3.6101694915254234 90 2 1 5]
[2.2019326271149167 'Spatial' 0.03793885036324367 0.6050283703248447
 4.4576271186440675 90 2 1 6]
[2.655099196493327 'Spatial' 0.03793885036324367 0.6050283703248447
 4.999999999999999 90 2 1 7]
[2.6899641677951136 'Spatial' 0.03793885036324367 0.6050283703248447
 4.1525423728813555 90 2 1 8]
[3.0275104883809116 'Spatial' 0.03793885036324367 0.6050283703248447
 4.627118644067796 90 2 1 9]
[0.03317077692456046 'Spatial' 0.03793885036324367 0.6050283703248447
 0.7288135593220338 90 2 1 10]
[0.000629801633309997 'Spatial' 0.03793885036324367 0.6050283703248447
 0.1694915254237288 90 2 1 11]
[0.000629801633309997 'Spatial' 0.03793885036324367 0.6050283703248447
 0.1694915254237288 90 2 1 12]
[0.000629801633309997 'Spatial' 0.03793885036324367 0.6050283703248447
 0.1694915254237288 90 2 1 13]
[0.000629801633309997 'Spatial' 0.03793885036324367 0.6050283703248447
 0.1694915254237288 90 2 1 14]
[0.000629801633309997 'Spatial' 0.03793885036324367 0.6050283703248447
 0.1694915254237288 90 2 1 15]
[0.000629801633309997 'Spatial' 0.03793885036324367 0.6050283703248447
 0.1694915254237288 90 2 1 16]
[0.000629801633309997 'Spatial' 0.03793885036324367 0.6050283703248447
 0.1694915254237288 90 2 1 17]
[0.000629801633309997 'Spatial' 0.03793885036324367 0.6050283703248447
 0.1694915254237288 90 2 1 18]
[0.000629801633309997 'Spatial' 0.03793885036324367 0.6050283703248447
 0.1694915254237288 90 2 1 19]
[0.0 'Spatial' 0.03793885036324367 0.6050283703248447 0.0 90 2 3 0]
[3.086154892912463 'Spatial' 0.03793885036324367 0.6050283703248447
 2.2033898305084745 90 2 3 1]
[3.777516083919232 'Spatial' 0.03793885036324367 0.6050283703248447
 5.677966101694914 90 2 3 2]
[3.4964742327807183 'Spatial' 0.03793885036324367 0.6050283703248447
 1.1016949152542372 90 2 3 3]
[0.23669380227661374 'Spatial' 0.03793885036324367 0.6050283703248447
 1.9152542372881354 90 2 3 4]
[1.5687438496202146 'Spatial' 0.03793885036324367 0.6050283703248447
 3.6101694915254234 90 2 3 5]
[2.2019326271149167 'Spatial' 0.03793885036324367 0.6050283703248447
 4.4576271186440675 90 2 3 6]
[2.655099196493327 'Spatial' 0.03793885036324367 0.6050283703248447
 4.999999999999999 90 2 3 7]
[2.6899641677951136 'Spatial' 0.03793885036324367 0.6050283703248447
 4.1525423728813555 90 2 3 8]
[3.0275104883809116 'Spatial' 0.03793885036324367 0.6050283703248447
 4.627118644067796 90 2 3 9]
[0.03317077692456046 'Spatial' 0.03793885036324367 0.6050283703248447
 0.7288135593220338 90 2 3 10]
[0.000629801633309997 'Spatial' 0.03793885036324367 0.6050283703248447
 0.1694915254237288 90 2 3 11]
[0.000629801633309997 'Spatial' 0.03793885036324367 0.6050283703248447
 0.1694915254237288 90 2 3 12]
[0.000629801633309997 'Spatial' 0.03793885036324367 0.6050283703248447
 0.1694915254237288 90 2 3 13]
[0.000629801633309997 'Spatial' 0.03793885036324367 0.6050283703248447
 0.1694915254237288 90 2 3 14]
[0.000629801633309997 'Spatial' 0.03793885036324367 0.6050283703248447
 0.1694915254237288 90 2 3 15]
[0.000629801633309997 'Spatial' 0.03793885036324367 0.6050283703248447
 0.1694915254237288 90 2 3 16]
[0.000629801633309997 'Spatial' 0.03793885036324367 0.6050283703248447
 0.1694915254237288 90 2 3 17]
[0.000629801633309997 'Spatial' 0.03793885036324367 0.6050283703248447
 0.1694915254237288 90 2 3 18]
[0.000629801633309997 'Spatial' 0.03793885036324367 0.6050283703248447
 0.1694915254237288 90 2 3 19]
[0.0 'Spatial' 0.03793885036324367 0.6050283703248447 0.0 90 2 4 0]
[3.086154892912463 'Spatial' 0.03793885036324367 0.6050283703248447
 2.2033898305084745 90 2 4 1]
[3.777516083919232 'Spatial' 0.03793885036324367 0.6050283703248447
 5.677966101694914 90 2 4 2]
[3.4964742327807183 'Spatial' 0.03793885036324367 0.6050283703248447
 1.1016949152542372 90 2 4 3]
[0.23669380227661374 'Spatial' 0.03793885036324367 0.6050283703248447
 1.9152542372881354 90 2 4 4]
[1.5687438496202146 'Spatial' 0.03793885036324367 0.6050283703248447
 3.6101694915254234 90 2 4 5]
[2.2019326271149167 'Spatial' 0.03793885036324367 0.6050283703248447
 4.4576271186440675 90 2 4 6]
[2.655099196493327 'Spatial' 0.03793885036324367 0.6050283703248447
 4.999999999999999 90 2 4 7]
[2.6899641677951136 'Spatial' 0.03793885036324367 0.6050283703248447
 4.1525423728813555 90 2 4 8]
[3.0275104883809116 'Spatial' 0.03793885036324367 0.6050283703248447
 4.627118644067796 90 2 4 9]
[0.03317077692456046 'Spatial' 0.03793885036324367 0.6050283703248447
 0.7288135593220338 90 2 4 10]
[0.000629801633309997 'Spatial' 0.03793885036324367 0.6050283703248447
 0.1694915254237288 90 2 4 11]
[0.000629801633309997 'Spatial' 0.03793885036324367 0.6050283703248447
 0.1694915254237288 90 2 4 12]
[0.000629801633309997 'Spatial' 0.03793885036324367 0.6050283703248447
 0.1694915254237288 90 2 4 13]
[0.000629801633309997 'Spatial' 0.03793885036324367 0.6050283703248447
 0.1694915254237288 90 2 4 14]
[0.000629801633309997 'Spatial' 0.03793885036324367 0.6050283703248447
 0.1694915254237288 90 2 4 15]
[0.000629801633309997 'Spatial' 0.03793885036324367 0.6050283703248447
 0.1694915254237288 90 2 4 16]
[0.000629801633309997 'Spatial' 0.03793885036324367 0.6050283703248447
 0.1694915254237288 90 2 4 17]
[0.000629801633309997 'Spatial' 0.03793885036324367 0.6050283703248447
 0.1694915254237288 90 2 4 18]
[0.000629801633309997 'Spatial' 0.03793885036324367 0.6050283703248447
 0.1694915254237288 90 2 4 19]
[0.0 'Spatial' 0.03793885036324367 0.6050283703248447 0.0 90 2 5 0]
[3.086154892912463 'Spatial' 0.03793885036324367 0.6050283703248447
 2.2033898305084745 90 2 5 1]
[3.777516083919232 'Spatial' 0.03793885036324367 0.6050283703248447
 5.677966101694914 90 2 5 2]
[3.4964742327807183 'Spatial' 0.03793885036324367 0.6050283703248447
 1.1016949152542372 90 2 5 3]
[0.23669380227661374 'Spatial' 0.03793885036324367 0.6050283703248447
 1.9152542372881354 90 2 5 4]
[1.5687438496202146 'Spatial' 0.03793885036324367 0.6050283703248447
 3.6101694915254234 90 2 5 5]
[2.2019326271149167 'Spatial' 0.03793885036324367 0.6050283703248447
 4.4576271186440675 90 2 5 6]
[2.655099196493327 'Spatial' 0.03793885036324367 0.6050283703248447
 4.999999999999999 90 2 5 7]
[2.6899641677951136 'Spatial' 0.03793885036324367 0.6050283703248447
 4.1525423728813555 90 2 5 8]
[3.0275104883809116 'Spatial' 0.03793885036324367 0.6050283703248447
 4.627118644067796 90 2 5 9]
[0.03317077692456046 'Spatial' 0.03793885036324367 0.6050283703248447
 0.7288135593220338 90 2 5 10]
[0.000629801633309997 'Spatial' 0.03793885036324367 0.6050283703248447
 0.1694915254237288 90 2 5 11]
[0.000629801633309997 'Spatial' 0.03793885036324367 0.6050283703248447
 0.1694915254237288 90 2 5 12]
[0.000629801633309997 'Spatial' 0.03793885036324367 0.6050283703248447
 0.1694915254237288 90 2 5 13]
[0.000629801633309997 'Spatial' 0.03793885036324367 0.6050283703248447
 0.1694915254237288 90 2 5 14]
[0.000629801633309997 'Spatial' 0.03793885036324367 0.6050283703248447
 0.1694915254237288 90 2 5 15]
[0.000629801633309997 'Spatial' 0.03793885036324367 0.6050283703248447
 0.1694915254237288 90 2 5 16]
[0.000629801633309997 'Spatial' 0.03793885036324367 0.6050283703248447
 0.1694915254237288 90 2 5 17]
[0.000629801633309997 'Spatial' 0.03793885036324367 0.6050283703248447
 0.1694915254237288 90 2 5 18]
[0.000629801633309997 'Spatial' 0.03793885036324367 0.6050283703248447
 0.1694915254237288 90 2 5 19]
[0.0 'Spatial' 0.03793885036324367 0.6050283703248447 0.0 90 2 6 0]
[3.086154892912463 'Spatial' 0.03793885036324367 0.6050283703248447
 2.2033898305084745 90 2 6 1]
[3.777516083919232 'Spatial' 0.03793885036324367 0.6050283703248447
 5.677966101694914 90 2 6 2]
[3.4964742327807183 'Spatial' 0.03793885036324367 0.6050283703248447
 1.1016949152542372 90 2 6 3]
[0.23669380227661374 'Spatial' 0.03793885036324367 0.6050283703248447
 1.9152542372881354 90 2 6 4]
[1.5687438496202146 'Spatial' 0.03793885036324367 0.6050283703248447
 3.6101694915254234 90 2 6 5]
[2.2019326271149167 'Spatial' 0.03793885036324367 0.6050283703248447
 4.4576271186440675 90 2 6 6]
[2.655099196493327 'Spatial' 0.03793885036324367 0.6050283703248447
 4.999999999999999 90 2 6 7]
[2.6899641677951136 'Spatial' 0.03793885036324367 0.6050283703248447
 4.1525423728813555 90 2 6 8]
[3.0275104883809116 'Spatial' 0.03793885036324367 0.6050283703248447
 4.627118644067796 90 2 6 9]
[0.03317077692456046 'Spatial' 0.03793885036324367 0.6050283703248447
 0.7288135593220338 90 2 6 10]
[0.000629801633309997 'Spatial' 0.03793885036324367 0.6050283703248447
 0.1694915254237288 90 2 6 11]
[0.000629801633309997 'Spatial' 0.03793885036324367 0.6050283703248447
 0.1694915254237288 90 2 6 12]
[0.000629801633309997 'Spatial' 0.03793885036324367 0.6050283703248447
 0.1694915254237288 90 2 6 13]
[0.000629801633309997 'Spatial' 0.03793885036324367 0.6050283703248447
 0.1694915254237288 90 2 6 14]
[0.000629801633309997 'Spatial' 0.03793885036324367 0.6050283703248447
 0.1694915254237288 90 2 6 15]
[0.000629801633309997 'Spatial' 0.03793885036324367 0.6050283703248447
 0.1694915254237288 90 2 6 16]
[0.000629801633309997 'Spatial' 0.03793885036324367 0.6050283703248447
 0.1694915254237288 90 2 6 17]
[0.000629801633309997 'Spatial' 0.03793885036324367 0.6050283703248447
 0.1694915254237288 90 2 6 18]
[0.000629801633309997 'Spatial' 0.03793885036324367 0.6050283703248447
 0.1694915254237288 90 2 6 19]
[0.0 'Spatial' 0.03793885036324367 0.6050283703248447 0.0 90 2 7 0]
[3.086154892912463 'Spatial' 0.03793885036324367 0.6050283703248447
 2.2033898305084745 90 2 7 1]
[3.777516083919232 'Spatial' 0.03793885036324367 0.6050283703248447
 5.677966101694914 90 2 7 2]
[3.4964742327807183 'Spatial' 0.03793885036324367 0.6050283703248447
 1.1016949152542372 90 2 7 3]
[0.23669380227661374 'Spatial' 0.03793885036324367 0.6050283703248447
 1.9152542372881354 90 2 7 4]
[1.5687438496202146 'Spatial' 0.03793885036324367 0.6050283703248447
 3.6101694915254234 90 2 7 5]
[2.2019326271149167 'Spatial' 0.03793885036324367 0.6050283703248447
 4.4576271186440675 90 2 7 6]
[2.655099196493327 'Spatial' 0.03793885036324367 0.6050283703248447
 4.999999999999999 90 2 7 7]
[2.6899641677951136 'Spatial' 0.03793885036324367 0.6050283703248447
 4.1525423728813555 90 2 7 8]
[3.0275104883809116 'Spatial' 0.03793885036324367 0.6050283703248447
 4.627118644067796 90 2 7 9]
[0.03317077692456046 'Spatial' 0.03793885036324367 0.6050283703248447
 0.7288135593220338 90 2 7 10]
[0.000629801633309997 'Spatial' 0.03793885036324367 0.6050283703248447
 0.1694915254237288 90 2 7 11]
[0.000629801633309997 'Spatial' 0.03793885036324367 0.6050283703248447
 0.1694915254237288 90 2 7 12]
[0.000629801633309997 'Spatial' 0.03793885036324367 0.6050283703248447
 0.1694915254237288 90 2 7 13]
[0.000629801633309997 'Spatial' 0.03793885036324367 0.6050283703248447
 0.1694915254237288 90 2 7 14]
[0.000629801633309997 'Spatial' 0.03793885036324367 0.6050283703248447
 0.1694915254237288 90 2 7 15]
[0.000629801633309997 'Spatial' 0.03793885036324367 0.6050283703248447
 0.1694915254237288 90 2 7 16]
[0.000629801633309997 'Spatial' 0.03793885036324367 0.6050283703248447
 0.1694915254237288 90 2 7 17]
[0.000629801633309997 'Spatial' 0.03793885036324367 0.6050283703248447
 0.1694915254237288 90 2 7 18]
[0.000629801633309997 'Spatial' 0.03793885036324367 0.6050283703248447
 0.1694915254237288 90 2 7 19]
[0.0 'Spatial' 0.03793885036324367 0.6050283703248447 0.0 90 2 8 0]
[3.086154892912463 'Spatial' 0.03793885036324367 0.6050283703248447
 2.2033898305084745 90 2 8 1]
[3.777516083919232 'Spatial' 0.03793885036324367 0.6050283703248447
 5.677966101694914 90 2 8 2]
[3.4964742327807183 'Spatial' 0.03793885036324367 0.6050283703248447
 1.1016949152542372 90 2 8 3]
[0.23669380227661374 'Spatial' 0.03793885036324367 0.6050283703248447
 1.9152542372881354 90 2 8 4]
[1.5687438496202146 'Spatial' 0.03793885036324367 0.6050283703248447
 3.6101694915254234 90 2 8 5]
[2.2019326271149167 'Spatial' 0.03793885036324367 0.6050283703248447
 4.4576271186440675 90 2 8 6]
[2.655099196493327 'Spatial' 0.03793885036324367 0.6050283703248447
 4.999999999999999 90 2 8 7]
[2.6899641677951136 'Spatial' 0.03793885036324367 0.6050283703248447
 4.1525423728813555 90 2 8 8]
[3.0275104883809116 'Spatial' 0.03793885036324367 0.6050283703248447
 4.627118644067796 90 2 8 9]
[0.03317077692456046 'Spatial' 0.03793885036324367 0.6050283703248447
 0.7288135593220338 90 2 8 10]
[0.000629801633309997 'Spatial' 0.03793885036324367 0.6050283703248447
 0.1694915254237288 90 2 8 11]
[0.000629801633309997 'Spatial' 0.03793885036324367 0.6050283703248447
 0.1694915254237288 90 2 8 12]
[0.000629801633309997 'Spatial' 0.03793885036324367 0.6050283703248447
 0.1694915254237288 90 2 8 13]
[0.000629801633309997 'Spatial' 0.03793885036324367 0.6050283703248447
 0.1694915254237288 90 2 8 14]
[0.000629801633309997 'Spatial' 0.03793885036324367 0.6050283703248447
 0.1694915254237288 90 2 8 15]
[0.000629801633309997 'Spatial' 0.03793885036324367 0.6050283703248447
 0.1694915254237288 90 2 8 16]
[0.000629801633309997 'Spatial' 0.03793885036324367 0.6050283703248447
 0.1694915254237288 90 2 8 17]
[0.000629801633309997 'Spatial' 0.03793885036324367 0.6050283703248447
 0.1694915254237288 90 2 8 18]
[0.000629801633309997 'Spatial' 0.03793885036324367 0.6050283703248447
 0.1694915254237288 90 2 8 19]
