[0.0 'Conceptual' 0.0003699827085050271 81.86740660970803 0.0 42 4 0 0]
[3.8194993140151694 'Conceptual' 0.0003699827085050271 81.86740660970803
 0.7966101694915253 42 4 0 1]
[2.544964203918791 'Conceptual' 0.0003699827085050271 81.86740660970803
 0.8305084745762711 42 4 0 2]
[1.8176853297431383 'Conceptual' 0.0003699827085050271 81.86740660970803
 1.2372881355932202 42 4 0 3]
[3.4965169553617512 'Conceptual' 0.0003699827085050271 81.86740660970803
 4.389830508474576 42 4 0 4]
[0.6934571325198736 'Conceptual' 0.0003699827085050271 81.86740660970803
 2.542372881355932 42 4 0 5]
[2.833240990732867 'Conceptual' 0.0003699827085050271 81.86740660970803
 2.7288135593220337 42 4 0 6]
[1.0988156013320227 'Conceptual' 0.0003699827085050271 81.86740660970803
 1.694915254237288 42 4 0 7]
[2.833240990732867 'Conceptual' 0.0003699827085050271 81.86740660970803
 2.11864406779661 42 4 0 8]
[1.6095559054726483 'Conceptual' 0.0003699827085050271 81.86740660970803
 1.3389830508474576 42 4 0 9]
[0.000629801633309997 'Conceptual' 0.0003699827085050271 81.86740660970803
 0.847457627118644 42 4 0 10]
[3.7376748563648876 'Conceptual' 0.0003699827085050271 81.86740660970803
 2.711864406779661 42 4 0 11]
[2.833240990732867 'Conceptual' 0.0003699827085050271 81.86740660970803
 1.5254237288135593 42 4 0 12]
[2.4849499821824717 'Conceptual' 0.0003699827085050271 81.86740660970803
 1.271186440677966 42 4 0 13]
[3.465745902749727 'Conceptual' 0.0003699827085050271 81.86740660970803
 1.9491525423728813 42 4 0 14]
[1.098815601332023 'Conceptual' 0.0003699827085050271 81.86740660970803
 0.8644067796610169 42 4 0 15]
[3.663568056365511 'Conceptual' 0.0003699827085050271 81.86740660970803
 2.2033898305084745 42 4 0 16]
[3.1355120418572233 'Conceptual' 0.0003699827085050271 81.86740660970803
 1.5084745762711864 42 4 0 17]
[1.6095559054726483 'Conceptual' 0.0003699827085050271 81.86740660970803
 0.9322033898305084 42 4 0 18]
[2.1972856865801225 'Conceptual' 0.0003699827085050271 81.86740660970803
 0.9999999999999999 42 4 0 19]
[0.0 'Conceptual' 0.0003699827085050271 81.86740660970803 0.0 42 4 1 0]
[3.8194993140151694 'Conceptual' 0.0003699827085050271 81.86740660970803
 0.7966101694915253 42 4 1 1]
[2.544964203918791 'Conceptual' 0.0003699827085050271 81.86740660970803
 0.8305084745762711 42 4 1 2]
[1.8176853297431383 'Conceptual' 0.0003699827085050271 81.86740660970803
 1.2372881355932202 42 4 1 3]
[3.4965169553617512 'Conceptual' 0.0003699827085050271 81.86740660970803
 4.389830508474576 42 4 1 4]
[0.6934571325198736 'Conceptual' 0.0003699827085050271 81.86740660970803
 2.542372881355932 42 4 1 5]
[2.833240990732867 'Conceptual' 0.0003699827085050271 81.86740660970803
 2.7288135593220337 42 4 1 6]
[1.0988156013320227 'Conceptual' 0.0003699827085050271 81.86740660970803
 1.694915254237288 42 4 1 7]
[2.833240990732867 'Conceptual' 0.0003699827085050271 81.86740660970803
 2.11864406779661 42 4 1 8]
[1.6095559054726483 'Conceptual' 0.0003699827085050271 81.86740660970803
 1.3389830508474576 42 4 1 9]
[0.000629801633309997 'Conceptual' 0.0003699827085050271 81.86740660970803
 0.847457627118644 42 4 1 10]
[3.7376748563648876 'Conceptual' 0.0003699827085050271 81.86740660970803
 2.711864406779661 42 4 1 11]
[2.833240990732867 'Conceptual' 0.0003699827085050271 81.86740660970803
 1.5254237288135593 42 4 1 12]
[2.4849499821824717 'Conceptual' 0.0003699827085050271 81.86740660970803
 1.271186440677966 42 4 1 13]
[3.465745902749727 'Conceptual' 0.0003699827085050271 81.86740660970803
 1.9491525423728813 42 4 1 14]
[1.098815601332023 'Conceptual' 0.0003699827085050271 81.86740660970803
 0.8644067796610169 42 4 1 15]
[3.663568056365511 'Conceptual' 0.0003699827085050271 81.86740660970803
 2.2033898305084745 42 4 1 16]
[3.1355120418572233 'Conceptual' 0.0003699827085050271 81.86740660970803
 1.5084745762711864 42 4 1 17]
[1.6095559054726483 'Conceptual' 0.0003699827085050271 81.86740660970803
 0.9322033898305084 42 4 1 18]
[2.1972856865801225 'Conceptual' 0.0003699827085050271 81.86740660970803
 0.9999999999999999 42 4 1 19]
[0.0 'Conceptual' 0.0003699827085050271 81.86740660970803 0.0 42 4 2 0]
[3.8194993140151694 'Conceptual' 0.0003699827085050271 81.86740660970803
 0.7966101694915253 42 4 2 1]
[2.544964203918791 'Conceptual' 0.0003699827085050271 81.86740660970803
 0.8305084745762711 42 4 2 2]
[1.8176853297431383 'Conceptual' 0.0003699827085050271 81.86740660970803
 1.2372881355932202 42 4 2 3]
[3.4965169553617512 'Conceptual' 0.0003699827085050271 81.86740660970803
 4.389830508474576 42 4 2 4]
[0.6934571325198736 'Conceptual' 0.0003699827085050271 81.86740660970803
 2.542372881355932 42 4 2 5]
[2.833240990732867 'Conceptual' 0.0003699827085050271 81.86740660970803
 2.7288135593220337 42 4 2 6]
[1.0988156013320227 'Conceptual' 0.0003699827085050271 81.86740660970803
 1.694915254237288 42 4 2 7]
[2.833240990732867 'Conceptual' 0.0003699827085050271 81.86740660970803
 2.11864406779661 42 4 2 8]
[1.6095559054726483 'Conceptual' 0.0003699827085050271 81.86740660970803
 1.3389830508474576 42 4 2 9]
[0.000629801633309997 'Conceptual' 0.0003699827085050271 81.86740660970803
 0.847457627118644 42 4 2 10]
[3.7376748563648876 'Conceptual' 0.0003699827085050271 81.86740660970803
 2.711864406779661 42 4 2 11]
[2.833240990732867 'Conceptual' 0.0003699827085050271 81.86740660970803
 1.5254237288135593 42 4 2 12]
[2.4849499821824717 'Conceptual' 0.0003699827085050271 81.86740660970803
 1.271186440677966 42 4 2 13]
[3.465745902749727 'Conceptual' 0.0003699827085050271 81.86740660970803
 1.9491525423728813 42 4 2 14]
[1.098815601332023 'Conceptual' 0.0003699827085050271 81.86740660970803
 0.8644067796610169 42 4 2 15]
[3.663568056365511 'Conceptual' 0.0003699827085050271 81.86740660970803
 2.2033898305084745 42 4 2 16]
[3.1355120418572233 'Conceptual' 0.0003699827085050271 81.86740660970803
 1.5084745762711864 42 4 2 17]
[1.6095559054726483 'Conceptual' 0.0003699827085050271 81.86740660970803
 0.9322033898305084 42 4 2 18]
[2.1972856865801225 'Conceptual' 0.0003699827085050271 81.86740660970803
 0.9999999999999999 42 4 2 19]
[0.0 'Conceptual' 0.0003699827085050271 81.86740660970803 0.0 42 4 3 0]
[3.8194993140151694 'Conceptual' 0.0003699827085050271 81.86740660970803
 0.7966101694915253 42 4 3 1]
[2.544964203918791 'Conceptual' 0.0003699827085050271 81.86740660970803
 0.8305084745762711 42 4 3 2]
[1.8176853297431383 'Conceptual' 0.0003699827085050271 81.86740660970803
 1.2372881355932202 42 4 3 3]
[3.4965169553617512 'Conceptual' 0.0003699827085050271 81.86740660970803
 4.389830508474576 42 4 3 4]
[0.6934571325198736 'Conceptual' 0.0003699827085050271 81.86740660970803
 2.542372881355932 42 4 3 5]
[2.833240990732867 'Conceptual' 0.0003699827085050271 81.86740660970803
 2.7288135593220337 42 4 3 6]
[1.0988156013320227 'Conceptual' 0.0003699827085050271 81.86740660970803
 1.694915254237288 42 4 3 7]
[2.833240990732867 'Conceptual' 0.0003699827085050271 81.86740660970803
 2.11864406779661 42 4 3 8]
[1.6095559054726483 'Conceptual' 0.0003699827085050271 81.86740660970803
 1.3389830508474576 42 4 3 9]
[0.000629801633309997 'Conceptual' 0.0003699827085050271 81.86740660970803
 0.847457627118644 42 4 3 10]
[3.7376748563648876 'Conceptual' 0.0003699827085050271 81.86740660970803
 2.711864406779661 42 4 3 11]
[2.833240990732867 'Conceptual' 0.0003699827085050271 81.86740660970803
 1.5254237288135593 42 4 3 12]
[2.4849499821824717 'Conceptual' 0.0003699827085050271 81.86740660970803
 1.271186440677966 42 4 3 13]
[3.465745902749727 'Conceptual' 0.0003699827085050271 81.86740660970803
 1.9491525423728813 42 4 3 14]
[1.098815601332023 'Conceptual' 0.0003699827085050271 81.86740660970803
 0.8644067796610169 42 4 3 15]
[3.663568056365511 'Conceptual' 0.0003699827085050271 81.86740660970803
 2.2033898305084745 42 4 3 16]
[3.1355120418572233 'Conceptual' 0.0003699827085050271 81.86740660970803
 1.5084745762711864 42 4 3 17]
[1.6095559054726483 'Conceptual' 0.0003699827085050271 81.86740660970803
 0.9322033898305084 42 4 3 18]
[2.1972856865801225 'Conceptual' 0.0003699827085050271 81.86740660970803
 0.9999999999999999 42 4 3 19]
[0.0 'Conceptual' 0.0003699827085050271 81.86740660970803 0.0 42 4 5 0]
[3.8194993140151694 'Conceptual' 0.0003699827085050271 81.86740660970803
 0.7966101694915253 42 4 5 1]
[2.544964203918791 'Conceptual' 0.0003699827085050271 81.86740660970803
 0.8305084745762711 42 4 5 2]
[1.8176853297431383 'Conceptual' 0.0003699827085050271 81.86740660970803
 1.2372881355932202 42 4 5 3]
[3.4965169553617512 'Conceptual' 0.0003699827085050271 81.86740660970803
 4.389830508474576 42 4 5 4]
[0.6934571325198736 'Conceptual' 0.0003699827085050271 81.86740660970803
 2.542372881355932 42 4 5 5]
[2.833240990732867 'Conceptual' 0.0003699827085050271 81.86740660970803
 2.7288135593220337 42 4 5 6]
[1.0988156013320227 'Conceptual' 0.0003699827085050271 81.86740660970803
 1.694915254237288 42 4 5 7]
[2.833240990732867 'Conceptual' 0.0003699827085050271 81.86740660970803
 2.11864406779661 42 4 5 8]
[1.6095559054726483 'Conceptual' 0.0003699827085050271 81.86740660970803
 1.3389830508474576 42 4 5 9]
[0.000629801633309997 'Conceptual' 0.0003699827085050271 81.86740660970803
 0.847457627118644 42 4 5 10]
[3.7376748563648876 'Conceptual' 0.0003699827085050271 81.86740660970803
 2.711864406779661 42 4 5 11]
[2.833240990732867 'Conceptual' 0.0003699827085050271 81.86740660970803
 1.5254237288135593 42 4 5 12]
[2.4849499821824717 'Conceptual' 0.0003699827085050271 81.86740660970803
 1.271186440677966 42 4 5 13]
[3.465745902749727 'Conceptual' 0.0003699827085050271 81.86740660970803
 1.9491525423728813 42 4 5 14]
[1.098815601332023 'Conceptual' 0.0003699827085050271 81.86740660970803
 0.8644067796610169 42 4 5 15]
[3.663568056365511 'Conceptual' 0.0003699827085050271 81.86740660970803
 2.2033898305084745 42 4 5 16]
[3.1355120418572233 'Conceptual' 0.0003699827085050271 81.86740660970803
 1.5084745762711864 42 4 5 17]
[1.6095559054726483 'Conceptual' 0.0003699827085050271 81.86740660970803
 0.9322033898305084 42 4 5 18]
[2.1972856865801225 'Conceptual' 0.0003699827085050271 81.86740660970803
 0.9999999999999999 42 4 5 19]
[0.0 'Conceptual' 0.0003699827085050271 81.86740660970803 0.0 42 4 6 0]
[3.8194993140151694 'Conceptual' 0.0003699827085050271 81.86740660970803
 0.7966101694915253 42 4 6 1]
[2.544964203918791 'Conceptual' 0.0003699827085050271 81.86740660970803
 0.8305084745762711 42 4 6 2]
[1.8176853297431383 'Conceptual' 0.0003699827085050271 81.86740660970803
 1.2372881355932202 42 4 6 3]
[3.4965169553617512 'Conceptual' 0.0003699827085050271 81.86740660970803
 4.389830508474576 42 4 6 4]
[0.6934571325198736 'Conceptual' 0.0003699827085050271 81.86740660970803
 2.542372881355932 42 4 6 5]
[2.833240990732867 'Conceptual' 0.0003699827085050271 81.86740660970803
 2.7288135593220337 42 4 6 6]
[1.0988156013320227 'Conceptual' 0.0003699827085050271 81.86740660970803
 1.694915254237288 42 4 6 7]
[2.833240990732867 'Conceptual' 0.0003699827085050271 81.86740660970803
 2.11864406779661 42 4 6 8]
[1.6095559054726483 'Conceptual' 0.0003699827085050271 81.86740660970803
 1.3389830508474576 42 4 6 9]
[0.000629801633309997 'Conceptual' 0.0003699827085050271 81.86740660970803
 0.847457627118644 42 4 6 10]
[3.7376748563648876 'Conceptual' 0.0003699827085050271 81.86740660970803
 2.711864406779661 42 4 6 11]
[2.833240990732867 'Conceptual' 0.0003699827085050271 81.86740660970803
 1.5254237288135593 42 4 6 12]
[2.4849499821824717 'Conceptual' 0.0003699827085050271 81.86740660970803
 1.271186440677966 42 4 6 13]
[3.465745902749727 'Conceptual' 0.0003699827085050271 81.86740660970803
 1.9491525423728813 42 4 6 14]
[1.098815601332023 'Conceptual' 0.0003699827085050271 81.86740660970803
 0.8644067796610169 42 4 6 15]
[3.663568056365511 'Conceptual' 0.0003699827085050271 81.86740660970803
 2.2033898305084745 42 4 6 16]
[3.1355120418572233 'Conceptual' 0.0003699827085050271 81.86740660970803
 1.5084745762711864 42 4 6 17]
[1.6095559054726483 'Conceptual' 0.0003699827085050271 81.86740660970803
 0.9322033898305084 42 4 6 18]
[2.1972856865801225 'Conceptual' 0.0003699827085050271 81.86740660970803
 0.9999999999999999 42 4 6 19]
[0.0 'Conceptual' 0.0003699827085050271 81.86740660970803 0.0 42 4 7 0]
[3.8194993140151694 'Conceptual' 0.0003699827085050271 81.86740660970803
 0.7966101694915253 42 4 7 1]
[2.544964203918791 'Conceptual' 0.0003699827085050271 81.86740660970803
 0.8305084745762711 42 4 7 2]
[1.8176853297431383 'Conceptual' 0.0003699827085050271 81.86740660970803
 1.2372881355932202 42 4 7 3]
[3.4965169553617512 'Conceptual' 0.0003699827085050271 81.86740660970803
 4.389830508474576 42 4 7 4]
[0.6934571325198736 'Conceptual' 0.0003699827085050271 81.86740660970803
 2.542372881355932 42 4 7 5]
[2.833240990732867 'Conceptual' 0.0003699827085050271 81.86740660970803
 2.7288135593220337 42 4 7 6]
[1.0988156013320227 'Conceptual' 0.0003699827085050271 81.86740660970803
 1.694915254237288 42 4 7 7]
[2.833240990732867 'Conceptual' 0.0003699827085050271 81.86740660970803
 2.11864406779661 42 4 7 8]
[1.6095559054726483 'Conceptual' 0.0003699827085050271 81.86740660970803
 1.3389830508474576 42 4 7 9]
[0.000629801633309997 'Conceptual' 0.0003699827085050271 81.86740660970803
 0.847457627118644 42 4 7 10]
[3.7376748563648876 'Conceptual' 0.0003699827085050271 81.86740660970803
 2.711864406779661 42 4 7 11]
[2.833240990732867 'Conceptual' 0.0003699827085050271 81.86740660970803
 1.5254237288135593 42 4 7 12]
[2.4849499821824717 'Conceptual' 0.0003699827085050271 81.86740660970803
 1.271186440677966 42 4 7 13]
[3.465745902749727 'Conceptual' 0.0003699827085050271 81.86740660970803
 1.9491525423728813 42 4 7 14]
[1.098815601332023 'Conceptual' 0.0003699827085050271 81.86740660970803
 0.8644067796610169 42 4 7 15]
[3.663568056365511 'Conceptual' 0.0003699827085050271 81.86740660970803
 2.2033898305084745 42 4 7 16]
[3.1355120418572233 'Conceptual' 0.0003699827085050271 81.86740660970803
 1.5084745762711864 42 4 7 17]
[1.6095559054726483 'Conceptual' 0.0003699827085050271 81.86740660970803
 0.9322033898305084 42 4 7 18]
[2.1972856865801225 'Conceptual' 0.0003699827085050271 81.86740660970803
 0.9999999999999999 42 4 7 19]
[0.0 'Conceptual' 0.0003699827085050271 81.86740660970803 0.0 42 4 8 0]
[3.8194993140151694 'Conceptual' 0.0003699827085050271 81.86740660970803
 0.7966101694915253 42 4 8 1]
[2.544964203918791 'Conceptual' 0.0003699827085050271 81.86740660970803
 0.8305084745762711 42 4 8 2]
[1.8176853297431383 'Conceptual' 0.0003699827085050271 81.86740660970803
 1.2372881355932202 42 4 8 3]
[3.4965169553617512 'Conceptual' 0.0003699827085050271 81.86740660970803
 4.389830508474576 42 4 8 4]
[0.6934571325198736 'Conceptual' 0.0003699827085050271 81.86740660970803
 2.542372881355932 42 4 8 5]
[2.833240990732867 'Conceptual' 0.0003699827085050271 81.86740660970803
 2.7288135593220337 42 4 8 6]
[1.0988156013320227 'Conceptual' 0.0003699827085050271 81.86740660970803
 1.694915254237288 42 4 8 7]
[2.833240990732867 'Conceptual' 0.0003699827085050271 81.86740660970803
 2.11864406779661 42 4 8 8]
[1.6095559054726483 'Conceptual' 0.0003699827085050271 81.86740660970803
 1.3389830508474576 42 4 8 9]
[0.000629801633309997 'Conceptual' 0.0003699827085050271 81.86740660970803
 0.847457627118644 42 4 8 10]
[3.7376748563648876 'Conceptual' 0.0003699827085050271 81.86740660970803
 2.711864406779661 42 4 8 11]
[2.833240990732867 'Conceptual' 0.0003699827085050271 81.86740660970803
 1.5254237288135593 42 4 8 12]
[2.4849499821824717 'Conceptual' 0.0003699827085050271 81.86740660970803
 1.271186440677966 42 4 8 13]
[3.465745902749727 'Conceptual' 0.0003699827085050271 81.86740660970803
 1.9491525423728813 42 4 8 14]
[1.098815601332023 'Conceptual' 0.0003699827085050271 81.86740660970803
 0.8644067796610169 42 4 8 15]
[3.663568056365511 'Conceptual' 0.0003699827085050271 81.86740660970803
 2.2033898305084745 42 4 8 16]
[3.1355120418572233 'Conceptual' 0.0003699827085050271 81.86740660970803
 1.5084745762711864 42 4 8 17]
[1.6095559054726483 'Conceptual' 0.0003699827085050271 81.86740660970803
 0.9322033898305084 42 4 8 18]
[2.1972856865801225 'Conceptual' 0.0003699827085050271 81.86740660970803
 0.9999999999999999 42 4 8 19]
