[0.0 'Spatial' 0.16907090147712667 0.7249543355604605 0.0 13 7 0 0]
[4.143352823519065 'Spatial' 0.16907090147712667 0.7249543355604605
 0.1694915254237288 13 7 0 1]
[3.439713662535482 'Spatial' 0.16907090147712667 0.7249543355604605
 2.254237288135593 13 7 0 2]
[3.633870314343915 'Spatial' 0.16907090147712667 0.7249543355604605
 4.322033898305084 13 7 0 3]
[3.3781882966338204 'Spatial' 0.16907090147712667 0.7249543355604605
 1.5084745762711864 13 7 0 4]
[2.549793007135835 'Spatial' 0.16907090147712667 0.7249543355604605
 1.9152542372881354 13 7 0 5]
[2.736175853005619 'Spatial' 0.16907090147712667 0.7249543355604605
 1.8644067796610169 13 7 0 6]
[3.8313775130196452 'Spatial' 0.16907090147712667 0.7249543355604605
 0.7288135593220338 13 7 0 7]
[3.996905685707562 'Spatial' 0.16907090147712667 0.7249543355604605
 0.4915254237288135 13 7 0 8]
[2.7970509892634596 'Spatial' 0.16907090147712667 0.7249543355604605
 1.4406779661016949 13 7 0 9]
[3.9428736406641174 'Spatial' 0.16907090147712667 0.7249543355604605
 0.4915254237288135 13 7 0 10]
[3.9736682173526745 'Spatial' 0.16907090147712667 0.7249543355604605
 0.1694915254237288 13 7 0 11]
[2.293135545847332 'Spatial' 0.16907090147712667 0.7249543355604605
 1.406779661016949 13 7 0 12]
[3.9355809288417403 'Spatial' 0.16907090147712667 0.7249543355604605
 0.3389830508474576 13 7 0 13]
[4.1588830833596715 'Spatial' 0.16907090147712667 0.7249543355604605
 3.2203389830508473 13 7 0 14]
[4.1588830833596715 'Spatial' 0.16907090147712667 0.7249543355604605
 3.0508474576271185 13 7 0 15]
[3.9195045411225986 'Spatial' 0.16907090147712667 0.7249543355604605
 0.1694915254237288 13 7 0 16]
[2.6859822975725574 'Spatial' 0.16907090147712667 0.7249543355604605
 1.0677966101694913 13 7 0 17]
[3.879560830780525 'Spatial' 0.16907090147712667 0.7249543355604605
 0.1694915254237288 13 7 0 18]
[3.8445222592662485 'Spatial' 0.16907090147712667 0.7249543355604605
 0.45762711864406774 13 7 0 19]
[0.0 'Spatial' 0.16907090147712667 0.7249543355604605 0.0 13 7 1 0]
[4.143352823519065 'Spatial' 0.16907090147712667 0.7249543355604605
 0.1694915254237288 13 7 1 1]
[3.439713662535482 'Spatial' 0.16907090147712667 0.7249543355604605
 2.254237288135593 13 7 1 2]
[3.633870314343915 'Spatial' 0.16907090147712667 0.7249543355604605
 4.322033898305084 13 7 1 3]
[3.3781882966338204 'Spatial' 0.16907090147712667 0.7249543355604605
 1.5084745762711864 13 7 1 4]
[2.549793007135835 'Spatial' 0.16907090147712667 0.7249543355604605
 1.9152542372881354 13 7 1 5]
[2.736175853005619 'Spatial' 0.16907090147712667 0.7249543355604605
 1.8644067796610169 13 7 1 6]
[3.8313775130196452 'Spatial' 0.16907090147712667 0.7249543355604605
 0.7288135593220338 13 7 1 7]
[3.996905685707562 'Spatial' 0.16907090147712667 0.7249543355604605
 0.4915254237288135 13 7 1 8]
[2.7970509892634596 'Spatial' 0.16907090147712667 0.7249543355604605
 1.4406779661016949 13 7 1 9]
[3.9428736406641174 'Spatial' 0.16907090147712667 0.7249543355604605
 0.4915254237288135 13 7 1 10]
[3.9736682173526745 'Spatial' 0.16907090147712667 0.7249543355604605
 0.1694915254237288 13 7 1 11]
[2.293135545847332 'Spatial' 0.16907090147712667 0.7249543355604605
 1.406779661016949 13 7 1 12]
[3.9355809288417403 'Spatial' 0.16907090147712667 0.7249543355604605
 0.3389830508474576 13 7 1 13]
[4.1588830833596715 'Spatial' 0.16907090147712667 0.7249543355604605
 3.2203389830508473 13 7 1 14]
[4.1588830833596715 'Spatial' 0.16907090147712667 0.7249543355604605
 3.0508474576271185 13 7 1 15]
[3.9195045411225986 'Spatial' 0.16907090147712667 0.7249543355604605
 0.1694915254237288 13 7 1 16]
[2.6859822975725574 'Spatial' 0.16907090147712667 0.7249543355604605
 1.0677966101694913 13 7 1 17]
[3.879560830780525 'Spatial' 0.16907090147712667 0.7249543355604605
 0.1694915254237288 13 7 1 18]
[3.8445222592662485 'Spatial' 0.16907090147712667 0.7249543355604605
 0.45762711864406774 13 7 1 19]
[0.0 'Spatial' 0.16907090147712667 0.7249543355604605 0.0 13 7 2 0]
[4.143352823519065 'Spatial' 0.16907090147712667 0.7249543355604605
 0.1694915254237288 13 7 2 1]
[3.439713662535482 'Spatial' 0.16907090147712667 0.7249543355604605
 2.254237288135593 13 7 2 2]
[3.633870314343915 'Spatial' 0.16907090147712667 0.7249543355604605
 4.322033898305084 13 7 2 3]
[3.3781882966338204 'Spatial' 0.16907090147712667 0.7249543355604605
 1.5084745762711864 13 7 2 4]
[2.549793007135835 'Spatial' 0.16907090147712667 0.7249543355604605
 1.9152542372881354 13 7 2 5]
[2.736175853005619 'Spatial' 0.16907090147712667 0.7249543355604605
 1.8644067796610169 13 7 2 6]
[3.8313775130196452 'Spatial' 0.16907090147712667 0.7249543355604605
 0.7288135593220338 13 7 2 7]
[3.996905685707562 'Spatial' 0.16907090147712667 0.7249543355604605
 0.4915254237288135 13 7 2 8]
[2.7970509892634596 'Spatial' 0.16907090147712667 0.7249543355604605
 1.4406779661016949 13 7 2 9]
[3.9428736406641174 'Spatial' 0.16907090147712667 0.7249543355604605
 0.4915254237288135 13 7 2 10]
[3.9736682173526745 'Spatial' 0.16907090147712667 0.7249543355604605
 0.1694915254237288 13 7 2 11]
[2.293135545847332 'Spatial' 0.16907090147712667 0.7249543355604605
 1.406779661016949 13 7 2 12]
[3.9355809288417403 'Spatial' 0.16907090147712667 0.7249543355604605
 0.3389830508474576 13 7 2 13]
[4.1588830833596715 'Spatial' 0.16907090147712667 0.7249543355604605
 3.2203389830508473 13 7 2 14]
[4.1588830833596715 'Spatial' 0.16907090147712667 0.7249543355604605
 3.0508474576271185 13 7 2 15]
[3.9195045411225986 'Spatial' 0.16907090147712667 0.7249543355604605
 0.1694915254237288 13 7 2 16]
[2.6859822975725574 'Spatial' 0.16907090147712667 0.7249543355604605
 1.0677966101694913 13 7 2 17]
[3.879560830780525 'Spatial' 0.16907090147712667 0.7249543355604605
 0.1694915254237288 13 7 2 18]
[3.8445222592662485 'Spatial' 0.16907090147712667 0.7249543355604605
 0.45762711864406774 13 7 2 19]
[0.0 'Spatial' 0.16907090147712667 0.7249543355604605 0.0 13 7 3 0]
[4.143352823519065 'Spatial' 0.16907090147712667 0.7249543355604605
 0.1694915254237288 13 7 3 1]
[3.439713662535482 'Spatial' 0.16907090147712667 0.7249543355604605
 2.254237288135593 13 7 3 2]
[3.633870314343915 'Spatial' 0.16907090147712667 0.7249543355604605
 4.322033898305084 13 7 3 3]
[3.3781882966338204 'Spatial' 0.16907090147712667 0.7249543355604605
 1.5084745762711864 13 7 3 4]
[2.549793007135835 'Spatial' 0.16907090147712667 0.7249543355604605
 1.9152542372881354 13 7 3 5]
[2.736175853005619 'Spatial' 0.16907090147712667 0.7249543355604605
 1.8644067796610169 13 7 3 6]
[3.8313775130196452 'Spatial' 0.16907090147712667 0.7249543355604605
 0.7288135593220338 13 7 3 7]
[3.996905685707562 'Spatial' 0.16907090147712667 0.7249543355604605
 0.4915254237288135 13 7 3 8]
[2.7970509892634596 'Spatial' 0.16907090147712667 0.7249543355604605
 1.4406779661016949 13 7 3 9]
[3.9428736406641174 'Spatial' 0.16907090147712667 0.7249543355604605
 0.4915254237288135 13 7 3 10]
[3.9736682173526745 'Spatial' 0.16907090147712667 0.7249543355604605
 0.1694915254237288 13 7 3 11]
[2.293135545847332 'Spatial' 0.16907090147712667 0.7249543355604605
 1.406779661016949 13 7 3 12]
[3.9355809288417403 'Spatial' 0.16907090147712667 0.7249543355604605
 0.3389830508474576 13 7 3 13]
[4.1588830833596715 'Spatial' 0.16907090147712667 0.7249543355604605
 3.2203389830508473 13 7 3 14]
[4.1588830833596715 'Spatial' 0.16907090147712667 0.7249543355604605
 3.0508474576271185 13 7 3 15]
[3.9195045411225986 'Spatial' 0.16907090147712667 0.7249543355604605
 0.1694915254237288 13 7 3 16]
[2.6859822975725574 'Spatial' 0.16907090147712667 0.7249543355604605
 1.0677966101694913 13 7 3 17]
[3.879560830780525 'Spatial' 0.16907090147712667 0.7249543355604605
 0.1694915254237288 13 7 3 18]
[3.8445222592662485 'Spatial' 0.16907090147712667 0.7249543355604605
 0.45762711864406774 13 7 3 19]
[0.0 'Spatial' 0.16907090147712667 0.7249543355604605 0.0 13 7 4 0]
[4.143352823519065 'Spatial' 0.16907090147712667 0.7249543355604605
 0.1694915254237288 13 7 4 1]
[3.439713662535482 'Spatial' 0.16907090147712667 0.7249543355604605
 2.254237288135593 13 7 4 2]
[3.633870314343915 'Spatial' 0.16907090147712667 0.7249543355604605
 4.322033898305084 13 7 4 3]
[3.3781882966338204 'Spatial' 0.16907090147712667 0.7249543355604605
 1.5084745762711864 13 7 4 4]
[2.549793007135835 'Spatial' 0.16907090147712667 0.7249543355604605
 1.9152542372881354 13 7 4 5]
[2.736175853005619 'Spatial' 0.16907090147712667 0.7249543355604605
 1.8644067796610169 13 7 4 6]
[3.8313775130196452 'Spatial' 0.16907090147712667 0.7249543355604605
 0.7288135593220338 13 7 4 7]
[3.996905685707562 'Spatial' 0.16907090147712667 0.7249543355604605
 0.4915254237288135 13 7 4 8]
[2.7970509892634596 'Spatial' 0.16907090147712667 0.7249543355604605
 1.4406779661016949 13 7 4 9]
[3.9428736406641174 'Spatial' 0.16907090147712667 0.7249543355604605
 0.4915254237288135 13 7 4 10]
[3.9736682173526745 'Spatial' 0.16907090147712667 0.7249543355604605
 0.1694915254237288 13 7 4 11]
[2.293135545847332 'Spatial' 0.16907090147712667 0.7249543355604605
 1.406779661016949 13 7 4 12]
[3.9355809288417403 'Spatial' 0.16907090147712667 0.7249543355604605
 0.3389830508474576 13 7 4 13]
[4.1588830833596715 'Spatial' 0.16907090147712667 0.7249543355604605
 3.2203389830508473 13 7 4 14]
[4.1588830833596715 'Spatial' 0.16907090147712667 0.7249543355604605
 3.0508474576271185 13 7 4 15]
[3.9195045411225986 'Spatial' 0.16907090147712667 0.7249543355604605
 0.1694915254237288 13 7 4 16]
[2.6859822975725574 'Spatial' 0.16907090147712667 0.7249543355604605
 1.0677966101694913 13 7 4 17]
[3.879560830780525 'Spatial' 0.16907090147712667 0.7249543355604605
 0.1694915254237288 13 7 4 18]
[3.8445222592662485 'Spatial' 0.16907090147712667 0.7249543355604605
 0.45762711864406774 13 7 4 19]
[0.0 'Spatial' 0.16907090147712667 0.7249543355604605 0.0 13 7 5 0]
[4.143352823519065 'Spatial' 0.16907090147712667 0.7249543355604605
 0.1694915254237288 13 7 5 1]
[3.439713662535482 'Spatial' 0.16907090147712667 0.7249543355604605
 2.254237288135593 13 7 5 2]
[3.633870314343915 'Spatial' 0.16907090147712667 0.7249543355604605
 4.322033898305084 13 7 5 3]
[3.3781882966338204 'Spatial' 0.16907090147712667 0.7249543355604605
 1.5084745762711864 13 7 5 4]
[2.549793007135835 'Spatial' 0.16907090147712667 0.7249543355604605
 1.9152542372881354 13 7 5 5]
[2.736175853005619 'Spatial' 0.16907090147712667 0.7249543355604605
 1.8644067796610169 13 7 5 6]
[3.8313775130196452 'Spatial' 0.16907090147712667 0.7249543355604605
 0.7288135593220338 13 7 5 7]
[3.996905685707562 'Spatial' 0.16907090147712667 0.7249543355604605
 0.4915254237288135 13 7 5 8]
[2.7970509892634596 'Spatial' 0.16907090147712667 0.7249543355604605
 1.4406779661016949 13 7 5 9]
[3.9428736406641174 'Spatial' 0.16907090147712667 0.7249543355604605
 0.4915254237288135 13 7 5 10]
[3.9736682173526745 'Spatial' 0.16907090147712667 0.7249543355604605
 0.1694915254237288 13 7 5 11]
[2.293135545847332 'Spatial' 0.16907090147712667 0.7249543355604605
 1.406779661016949 13 7 5 12]
[3.9355809288417403 'Spatial' 0.16907090147712667 0.7249543355604605
 0.3389830508474576 13 7 5 13]
[4.1588830833596715 'Spatial' 0.16907090147712667 0.7249543355604605
 3.2203389830508473 13 7 5 14]
[4.1588830833596715 'Spatial' 0.16907090147712667 0.7249543355604605
 3.0508474576271185 13 7 5 15]
[3.9195045411225986 'Spatial' 0.16907090147712667 0.7249543355604605
 0.1694915254237288 13 7 5 16]
[2.6859822975725574 'Spatial' 0.16907090147712667 0.7249543355604605
 1.0677966101694913 13 7 5 17]
[3.879560830780525 'Spatial' 0.16907090147712667 0.7249543355604605
 0.1694915254237288 13 7 5 18]
[3.8445222592662485 'Spatial' 0.16907090147712667 0.7249543355604605
 0.45762711864406774 13 7 5 19]
[0.0 'Spatial' 0.16907090147712667 0.7249543355604605 0.0 13 7 6 0]
[4.143352823519065 'Spatial' 0.16907090147712667 0.7249543355604605
 0.1694915254237288 13 7 6 1]
[3.439713662535482 'Spatial' 0.16907090147712667 0.7249543355604605
 2.254237288135593 13 7 6 2]
[3.633870314343915 'Spatial' 0.16907090147712667 0.7249543355604605
 4.322033898305084 13 7 6 3]
[3.3781882966338204 'Spatial' 0.16907090147712667 0.7249543355604605
 1.5084745762711864 13 7 6 4]
[2.549793007135835 'Spatial' 0.16907090147712667 0.7249543355604605
 1.9152542372881354 13 7 6 5]
[2.736175853005619 'Spatial' 0.16907090147712667 0.7249543355604605
 1.8644067796610169 13 7 6 6]
[3.8313775130196452 'Spatial' 0.16907090147712667 0.7249543355604605
 0.7288135593220338 13 7 6 7]
[3.996905685707562 'Spatial' 0.16907090147712667 0.7249543355604605
 0.4915254237288135 13 7 6 8]
[2.7970509892634596 'Spatial' 0.16907090147712667 0.7249543355604605
 1.4406779661016949 13 7 6 9]
[3.9428736406641174 'Spatial' 0.16907090147712667 0.7249543355604605
 0.4915254237288135 13 7 6 10]
[3.9736682173526745 'Spatial' 0.16907090147712667 0.7249543355604605
 0.1694915254237288 13 7 6 11]
[2.293135545847332 'Spatial' 0.16907090147712667 0.7249543355604605
 1.406779661016949 13 7 6 12]
[3.9355809288417403 'Spatial' 0.16907090147712667 0.7249543355604605
 0.3389830508474576 13 7 6 13]
[4.1588830833596715 'Spatial' 0.16907090147712667 0.7249543355604605
 3.2203389830508473 13 7 6 14]
[4.1588830833596715 'Spatial' 0.16907090147712667 0.7249543355604605
 3.0508474576271185 13 7 6 15]
[3.9195045411225986 'Spatial' 0.16907090147712667 0.7249543355604605
 0.1694915254237288 13 7 6 16]
[2.6859822975725574 'Spatial' 0.16907090147712667 0.7249543355604605
 1.0677966101694913 13 7 6 17]
[3.879560830780525 'Spatial' 0.16907090147712667 0.7249543355604605
 0.1694915254237288 13 7 6 18]
[3.8445222592662485 'Spatial' 0.16907090147712667 0.7249543355604605
 0.45762711864406774 13 7 6 19]
[0.0 'Spatial' 0.16907090147712667 0.7249543355604605 0.0 13 7 8 0]
[4.143352823519065 'Spatial' 0.16907090147712667 0.7249543355604605
 0.1694915254237288 13 7 8 1]
[3.439713662535482 'Spatial' 0.16907090147712667 0.7249543355604605
 2.254237288135593 13 7 8 2]
[3.633870314343915 'Spatial' 0.16907090147712667 0.7249543355604605
 4.322033898305084 13 7 8 3]
[3.3781882966338204 'Spatial' 0.16907090147712667 0.7249543355604605
 1.5084745762711864 13 7 8 4]
[2.549793007135835 'Spatial' 0.16907090147712667 0.7249543355604605
 1.9152542372881354 13 7 8 5]
[2.736175853005619 'Spatial' 0.16907090147712667 0.7249543355604605
 1.8644067796610169 13 7 8 6]
[3.8313775130196452 'Spatial' 0.16907090147712667 0.7249543355604605
 0.7288135593220338 13 7 8 7]
[3.996905685707562 'Spatial' 0.16907090147712667 0.7249543355604605
 0.4915254237288135 13 7 8 8]
[2.7970509892634596 'Spatial' 0.16907090147712667 0.7249543355604605
 1.4406779661016949 13 7 8 9]
[3.9428736406641174 'Spatial' 0.16907090147712667 0.7249543355604605
 0.4915254237288135 13 7 8 10]
[3.9736682173526745 'Spatial' 0.16907090147712667 0.7249543355604605
 0.1694915254237288 13 7 8 11]
[2.293135545847332 'Spatial' 0.16907090147712667 0.7249543355604605
 1.406779661016949 13 7 8 12]
[3.9355809288417403 'Spatial' 0.16907090147712667 0.7249543355604605
 0.3389830508474576 13 7 8 13]
[4.1588830833596715 'Spatial' 0.16907090147712667 0.7249543355604605
 3.2203389830508473 13 7 8 14]
[4.1588830833596715 'Spatial' 0.16907090147712667 0.7249543355604605
 3.0508474576271185 13 7 8 15]
[3.9195045411225986 'Spatial' 0.16907090147712667 0.7249543355604605
 0.1694915254237288 13 7 8 16]
[2.6859822975725574 'Spatial' 0.16907090147712667 0.7249543355604605
 1.0677966101694913 13 7 8 17]
[3.879560830780525 'Spatial' 0.16907090147712667 0.7249543355604605
 0.1694915254237288 13 7 8 18]
[3.8445222592662485 'Spatial' 0.16907090147712667 0.7249543355604605
 0.45762711864406774 13 7 8 19]
