[0.0 'Conceptual' 0.012988607316730117 0.39972234328314427 0.0 26 0 1 0]
[3.4715661700241878 'Conceptual' 0.012988607316730117 0.39972234328314427
 4.576271186440678 26 0 1 1]
[4.096113290345974 'Conceptual' 0.012988607316730117 0.39972234328314427
 2.152542372881356 26 0 1 2]
[2.3104639627258385 'Conceptual' 0.012988607316730117 0.39972234328314427
 3.0338983050847457 26 0 1 3]
[0.9812575938897169 'Conceptual' 0.012988607316730117 0.39972234328314427
 2.016949152542373 26 0 1 4]
[0.0938678416056553 'Conceptual' 0.012988607316730117 0.39972234328314427
 0.1694915254237288 26 0 1 5]
[0.000629801633309997 'Conceptual' 0.012988607316730117
 0.39972234328314427 0.1694915254237288 26 0 1 6]
[1.3176106730319412 'Conceptual' 0.012988607316730117 0.39972234328314427
 8.118644067796609 26 0 1 7]
[1.0295087333735295 'Conceptual' 0.012988607316730117 0.39972234328314427
 7.440677966101695 26 0 1 8]
[0.7507962094270247 'Conceptual' 0.012988607316730117 0.39972234328314427
 6.6610169491525415 26 0 1 9]
[0.0008478418945675458 'Conceptual' 0.012988607316730117
 0.39972234328314427 0.7288135593220338 26 0 1 10]
[0.000629801633309997 'Conceptual' 0.012988607316730117
 0.39972234328314427 0.1694915254237288 26 0 1 11]
[0.000629801633309997 'Conceptual' 0.012988607316730117
 0.39972234328314427 0.1694915254237288 26 0 1 12]
[0.000629801633309997 'Conceptual' 0.012988607316730117
 0.39972234328314427 0.1694915254237288 26 0 1 13]
[0.000629801633309997 'Conceptual' 0.012988607316730117
 0.39972234328314427 0.1694915254237288 26 0 1 14]
[0.000629801633309997 'Conceptual' 0.012988607316730117
 0.39972234328314427 0.1694915254237288 26 0 1 15]
[0.000629801633309997 'Conceptual' 0.012988607316730117
 0.39972234328314427 0.1694915254237288 26 0 1 16]
[2.8828656524915837 'Conceptual' 0.012988607316730117 0.39972234328314427
 10.169491525423728 26 0 1 17]
[0.000629801633309997 'Conceptual' 0.012988607316730117
 0.39972234328314427 0.1694915254237288 26 0 1 18]
[2.84225315022064 'Conceptual' 0.012988607316730117 0.39972234328314427
 10.169491525423728 26 0 1 19]
[0.0 'Conceptual' 0.012988607316730117 0.39972234328314427 0.0 26 0 2 0]
[3.4715661700241878 'Conceptual' 0.012988607316730117 0.39972234328314427
 4.576271186440678 26 0 2 1]
[4.096113290345974 'Conceptual' 0.012988607316730117 0.39972234328314427
 2.152542372881356 26 0 2 2]
[2.3104639627258385 'Conceptual' 0.012988607316730117 0.39972234328314427
 3.0338983050847457 26 0 2 3]
[0.9812575938897169 'Conceptual' 0.012988607316730117 0.39972234328314427
 2.016949152542373 26 0 2 4]
[0.0938678416056553 'Conceptual' 0.012988607316730117 0.39972234328314427
 0.1694915254237288 26 0 2 5]
[0.000629801633309997 'Conceptual' 0.012988607316730117
 0.39972234328314427 0.1694915254237288 26 0 2 6]
[1.3176106730319412 'Conceptual' 0.012988607316730117 0.39972234328314427
 8.118644067796609 26 0 2 7]
[1.0295087333735295 'Conceptual' 0.012988607316730117 0.39972234328314427
 7.440677966101695 26 0 2 8]
[0.7507962094270247 'Conceptual' 0.012988607316730117 0.39972234328314427
 6.6610169491525415 26 0 2 9]
[0.0008478418945675458 'Conceptual' 0.012988607316730117
 0.39972234328314427 0.7288135593220338 26 0 2 10]
[0.000629801633309997 'Conceptual' 0.012988607316730117
 0.39972234328314427 0.1694915254237288 26 0 2 11]
[0.000629801633309997 'Conceptual' 0.012988607316730117
 0.39972234328314427 0.1694915254237288 26 0 2 12]
[0.000629801633309997 'Conceptual' 0.012988607316730117
 0.39972234328314427 0.1694915254237288 26 0 2 13]
[0.000629801633309997 'Conceptual' 0.012988607316730117
 0.39972234328314427 0.1694915254237288 26 0 2 14]
[0.000629801633309997 'Conceptual' 0.012988607316730117
 0.39972234328314427 0.1694915254237288 26 0 2 15]
[0.000629801633309997 'Conceptual' 0.012988607316730117
 0.39972234328314427 0.1694915254237288 26 0 2 16]
[2.8828656524915837 'Conceptual' 0.012988607316730117 0.39972234328314427
 10.169491525423728 26 0 2 17]
[0.000629801633309997 'Conceptual' 0.012988607316730117
 0.39972234328314427 0.1694915254237288 26 0 2 18]
[2.84225315022064 'Conceptual' 0.012988607316730117 0.39972234328314427
 10.169491525423728 26 0 2 19]
[0.0 'Conceptual' 0.012988607316730117 0.39972234328314427 0.0 26 0 3 0]
[3.4715661700241878 'Conceptual' 0.012988607316730117 0.39972234328314427
 4.576271186440678 26 0 3 1]
[4.096113290345974 'Conceptual' 0.012988607316730117 0.39972234328314427
 2.152542372881356 26 0 3 2]
[2.3104639627258385 'Conceptual' 0.012988607316730117 0.39972234328314427
 3.0338983050847457 26 0 3 3]
[0.9812575938897169 'Conceptual' 0.012988607316730117 0.39972234328314427
 2.016949152542373 26 0 3 4]
[0.0938678416056553 'Conceptual' 0.012988607316730117 0.39972234328314427
 0.1694915254237288 26 0 3 5]
[0.000629801633309997 'Conceptual' 0.012988607316730117
 0.39972234328314427 0.1694915254237288 26 0 3 6]
[1.3176106730319412 'Conceptual' 0.012988607316730117 0.39972234328314427
 8.118644067796609 26 0 3 7]
[1.0295087333735295 'Conceptual' 0.012988607316730117 0.39972234328314427
 7.440677966101695 26 0 3 8]
[0.7507962094270247 'Conceptual' 0.012988607316730117 0.39972234328314427
 6.6610169491525415 26 0 3 9]
[0.0008478418945675458 'Conceptual' 0.012988607316730117
 0.39972234328314427 0.7288135593220338 26 0 3 10]
[0.000629801633309997 'Conceptual' 0.012988607316730117
 0.39972234328314427 0.1694915254237288 26 0 3 11]
[0.000629801633309997 'Conceptual' 0.012988607316730117
 0.39972234328314427 0.1694915254237288 26 0 3 12]
[0.000629801633309997 'Conceptual' 0.012988607316730117
 0.39972234328314427 0.1694915254237288 26 0 3 13]
[0.000629801633309997 'Conceptual' 0.012988607316730117
 0.39972234328314427 0.1694915254237288 26 0 3 14]
[0.000629801633309997 'Conceptual' 0.012988607316730117
 0.39972234328314427 0.1694915254237288 26 0 3 15]
[0.000629801633309997 'Conceptual' 0.012988607316730117
 0.39972234328314427 0.1694915254237288 26 0 3 16]
[2.8828656524915837 'Conceptual' 0.012988607316730117 0.39972234328314427
 10.169491525423728 26 0 3 17]
[0.000629801633309997 'Conceptual' 0.012988607316730117
 0.39972234328314427 0.1694915254237288 26 0 3 18]
[2.84225315022064 'Conceptual' 0.012988607316730117 0.39972234328314427
 10.169491525423728 26 0 3 19]
[0.0 'Conceptual' 0.012988607316730117 0.39972234328314427 0.0 26 0 4 0]
[3.4715661700241878 'Conceptual' 0.012988607316730117 0.39972234328314427
 4.576271186440678 26 0 4 1]
[4.096113290345974 'Conceptual' 0.012988607316730117 0.39972234328314427
 2.152542372881356 26 0 4 2]
[2.3104639627258385 'Conceptual' 0.012988607316730117 0.39972234328314427
 3.0338983050847457 26 0 4 3]
[0.9812575938897169 'Conceptual' 0.012988607316730117 0.39972234328314427
 2.016949152542373 26 0 4 4]
[0.0938678416056553 'Conceptual' 0.012988607316730117 0.39972234328314427
 0.1694915254237288 26 0 4 5]
[0.000629801633309997 'Conceptual' 0.012988607316730117
 0.39972234328314427 0.1694915254237288 26 0 4 6]
[1.3176106730319412 'Conceptual' 0.012988607316730117 0.39972234328314427
 8.118644067796609 26 0 4 7]
[1.0295087333735295 'Conceptual' 0.012988607316730117 0.39972234328314427
 7.440677966101695 26 0 4 8]
[0.7507962094270247 'Conceptual' 0.012988607316730117 0.39972234328314427
 6.6610169491525415 26 0 4 9]
[0.0008478418945675458 'Conceptual' 0.012988607316730117
 0.39972234328314427 0.7288135593220338 26 0 4 10]
[0.000629801633309997 'Conceptual' 0.012988607316730117
 0.39972234328314427 0.1694915254237288 26 0 4 11]
[0.000629801633309997 'Conceptual' 0.012988607316730117
 0.39972234328314427 0.1694915254237288 26 0 4 12]
[0.000629801633309997 'Conceptual' 0.012988607316730117
 0.39972234328314427 0.1694915254237288 26 0 4 13]
[0.000629801633309997 'Conceptual' 0.012988607316730117
 0.39972234328314427 0.1694915254237288 26 0 4 14]
[0.000629801633309997 'Conceptual' 0.012988607316730117
 0.39972234328314427 0.1694915254237288 26 0 4 15]
[0.000629801633309997 'Conceptual' 0.012988607316730117
 0.39972234328314427 0.1694915254237288 26 0 4 16]
[2.8828656524915837 'Conceptual' 0.012988607316730117 0.39972234328314427
 10.169491525423728 26 0 4 17]
[0.000629801633309997 'Conceptual' 0.012988607316730117
 0.39972234328314427 0.1694915254237288 26 0 4 18]
[2.84225315022064 'Conceptual' 0.012988607316730117 0.39972234328314427
 10.169491525423728 26 0 4 19]
[0.0 'Conceptual' 0.012988607316730117 0.39972234328314427 0.0 26 0 5 0]
[3.4715661700241878 'Conceptual' 0.012988607316730117 0.39972234328314427
 4.576271186440678 26 0 5 1]
[4.096113290345974 'Conceptual' 0.012988607316730117 0.39972234328314427
 2.152542372881356 26 0 5 2]
[2.3104639627258385 'Conceptual' 0.012988607316730117 0.39972234328314427
 3.0338983050847457 26 0 5 3]
[0.9812575938897169 'Conceptual' 0.012988607316730117 0.39972234328314427
 2.016949152542373 26 0 5 4]
[0.0938678416056553 'Conceptual' 0.012988607316730117 0.39972234328314427
 0.1694915254237288 26 0 5 5]
[0.000629801633309997 'Conceptual' 0.012988607316730117
 0.39972234328314427 0.1694915254237288 26 0 5 6]
[1.3176106730319412 'Conceptual' 0.012988607316730117 0.39972234328314427
 8.118644067796609 26 0 5 7]
[1.0295087333735295 'Conceptual' 0.012988607316730117 0.39972234328314427
 7.440677966101695 26 0 5 8]
[0.7507962094270247 'Conceptual' 0.012988607316730117 0.39972234328314427
 6.6610169491525415 26 0 5 9]
[0.0008478418945675458 'Conceptual' 0.012988607316730117
 0.39972234328314427 0.7288135593220338 26 0 5 10]
[0.000629801633309997 'Conceptual' 0.012988607316730117
 0.39972234328314427 0.1694915254237288 26 0 5 11]
[0.000629801633309997 'Conceptual' 0.012988607316730117
 0.39972234328314427 0.1694915254237288 26 0 5 12]
[0.000629801633309997 'Conceptual' 0.012988607316730117
 0.39972234328314427 0.1694915254237288 26 0 5 13]
[0.000629801633309997 'Conceptual' 0.012988607316730117
 0.39972234328314427 0.1694915254237288 26 0 5 14]
[0.000629801633309997 'Conceptual' 0.012988607316730117
 0.39972234328314427 0.1694915254237288 26 0 5 15]
[0.000629801633309997 'Conceptual' 0.012988607316730117
 0.39972234328314427 0.1694915254237288 26 0 5 16]
[2.8828656524915837 'Conceptual' 0.012988607316730117 0.39972234328314427
 10.169491525423728 26 0 5 17]
[0.000629801633309997 'Conceptual' 0.012988607316730117
 0.39972234328314427 0.1694915254237288 26 0 5 18]
[2.84225315022064 'Conceptual' 0.012988607316730117 0.39972234328314427
 10.169491525423728 26 0 5 19]
[0.0 'Conceptual' 0.012988607316730117 0.39972234328314427 0.0 26 0 6 0]
[3.4715661700241878 'Conceptual' 0.012988607316730117 0.39972234328314427
 4.576271186440678 26 0 6 1]
[4.096113290345974 'Conceptual' 0.012988607316730117 0.39972234328314427
 2.152542372881356 26 0 6 2]
[2.3104639627258385 'Conceptual' 0.012988607316730117 0.39972234328314427
 3.0338983050847457 26 0 6 3]
[0.9812575938897169 'Conceptual' 0.012988607316730117 0.39972234328314427
 2.016949152542373 26 0 6 4]
[0.0938678416056553 'Conceptual' 0.012988607316730117 0.39972234328314427
 0.1694915254237288 26 0 6 5]
[0.000629801633309997 'Conceptual' 0.012988607316730117
 0.39972234328314427 0.1694915254237288 26 0 6 6]
[1.3176106730319412 'Conceptual' 0.012988607316730117 0.39972234328314427
 8.118644067796609 26 0 6 7]
[1.0295087333735295 'Conceptual' 0.012988607316730117 0.39972234328314427
 7.440677966101695 26 0 6 8]
[0.7507962094270247 'Conceptual' 0.012988607316730117 0.39972234328314427
 6.6610169491525415 26 0 6 9]
[0.0008478418945675458 'Conceptual' 0.012988607316730117
 0.39972234328314427 0.7288135593220338 26 0 6 10]
[0.000629801633309997 'Conceptual' 0.012988607316730117
 0.39972234328314427 0.1694915254237288 26 0 6 11]
[0.000629801633309997 'Conceptual' 0.012988607316730117
 0.39972234328314427 0.1694915254237288 26 0 6 12]
[0.000629801633309997 'Conceptual' 0.012988607316730117
 0.39972234328314427 0.1694915254237288 26 0 6 13]
[0.000629801633309997 'Conceptual' 0.012988607316730117
 0.39972234328314427 0.1694915254237288 26 0 6 14]
[0.000629801633309997 'Conceptual' 0.012988607316730117
 0.39972234328314427 0.1694915254237288 26 0 6 15]
[0.000629801633309997 'Conceptual' 0.012988607316730117
 0.39972234328314427 0.1694915254237288 26 0 6 16]
[2.8828656524915837 'Conceptual' 0.012988607316730117 0.39972234328314427
 10.169491525423728 26 0 6 17]
[0.000629801633309997 'Conceptual' 0.012988607316730117
 0.39972234328314427 0.1694915254237288 26 0 6 18]
[2.84225315022064 'Conceptual' 0.012988607316730117 0.39972234328314427
 10.169491525423728 26 0 6 19]
[0.0 'Conceptual' 0.012988607316730117 0.39972234328314427 0.0 26 0 7 0]
[3.4715661700241878 'Conceptual' 0.012988607316730117 0.39972234328314427
 4.576271186440678 26 0 7 1]
[4.096113290345974 'Conceptual' 0.012988607316730117 0.39972234328314427
 2.152542372881356 26 0 7 2]
[2.3104639627258385 'Conceptual' 0.012988607316730117 0.39972234328314427
 3.0338983050847457 26 0 7 3]
[0.9812575938897169 'Conceptual' 0.012988607316730117 0.39972234328314427
 2.016949152542373 26 0 7 4]
[0.0938678416056553 'Conceptual' 0.012988607316730117 0.39972234328314427
 0.1694915254237288 26 0 7 5]
[0.000629801633309997 'Conceptual' 0.012988607316730117
 0.39972234328314427 0.1694915254237288 26 0 7 6]
[1.3176106730319412 'Conceptual' 0.012988607316730117 0.39972234328314427
 8.118644067796609 26 0 7 7]
[1.0295087333735295 'Conceptual' 0.012988607316730117 0.39972234328314427
 7.440677966101695 26 0 7 8]
[0.7507962094270247 'Conceptual' 0.012988607316730117 0.39972234328314427
 6.6610169491525415 26 0 7 9]
[0.0008478418945675458 'Conceptual' 0.012988607316730117
 0.39972234328314427 0.7288135593220338 26 0 7 10]
[0.000629801633309997 'Conceptual' 0.012988607316730117
 0.39972234328314427 0.1694915254237288 26 0 7 11]
[0.000629801633309997 'Conceptual' 0.012988607316730117
 0.39972234328314427 0.1694915254237288 26 0 7 12]
[0.000629801633309997 'Conceptual' 0.012988607316730117
 0.39972234328314427 0.1694915254237288 26 0 7 13]
[0.000629801633309997 'Conceptual' 0.012988607316730117
 0.39972234328314427 0.1694915254237288 26 0 7 14]
[0.000629801633309997 'Conceptual' 0.012988607316730117
 0.39972234328314427 0.1694915254237288 26 0 7 15]
[0.000629801633309997 'Conceptual' 0.012988607316730117
 0.39972234328314427 0.1694915254237288 26 0 7 16]
[2.8828656524915837 'Conceptual' 0.012988607316730117 0.39972234328314427
 10.169491525423728 26 0 7 17]
[0.000629801633309997 'Conceptual' 0.012988607316730117
 0.39972234328314427 0.1694915254237288 26 0 7 18]
[2.84225315022064 'Conceptual' 0.012988607316730117 0.39972234328314427
 10.169491525423728 26 0 7 19]
[0.0 'Conceptual' 0.012988607316730117 0.39972234328314427 0.0 26 0 8 0]
[3.4715661700241878 'Conceptual' 0.012988607316730117 0.39972234328314427
 4.576271186440678 26 0 8 1]
[4.096113290345974 'Conceptual' 0.012988607316730117 0.39972234328314427
 2.152542372881356 26 0 8 2]
[2.3104639627258385 'Conceptual' 0.012988607316730117 0.39972234328314427
 3.0338983050847457 26 0 8 3]
[0.9812575938897169 'Conceptual' 0.012988607316730117 0.39972234328314427
 2.016949152542373 26 0 8 4]
[0.0938678416056553 'Conceptual' 0.012988607316730117 0.39972234328314427
 0.1694915254237288 26 0 8 5]
[0.000629801633309997 'Conceptual' 0.012988607316730117
 0.39972234328314427 0.1694915254237288 26 0 8 6]
[1.3176106730319412 'Conceptual' 0.012988607316730117 0.39972234328314427
 8.118644067796609 26 0 8 7]
[1.0295087333735295 'Conceptual' 0.012988607316730117 0.39972234328314427
 7.440677966101695 26 0 8 8]
[0.7507962094270247 'Conceptual' 0.012988607316730117 0.39972234328314427
 6.6610169491525415 26 0 8 9]
[0.0008478418945675458 'Conceptual' 0.012988607316730117
 0.39972234328314427 0.7288135593220338 26 0 8 10]
[0.000629801633309997 'Conceptual' 0.012988607316730117
 0.39972234328314427 0.1694915254237288 26 0 8 11]
[0.000629801633309997 'Conceptual' 0.012988607316730117
 0.39972234328314427 0.1694915254237288 26 0 8 12]
[0.000629801633309997 'Conceptual' 0.012988607316730117
 0.39972234328314427 0.1694915254237288 26 0 8 13]
[0.000629801633309997 'Conceptual' 0.012988607316730117
 0.39972234328314427 0.1694915254237288 26 0 8 14]
[0.000629801633309997 'Conceptual' 0.012988607316730117
 0.39972234328314427 0.1694915254237288 26 0 8 15]
[0.000629801633309997 'Conceptual' 0.012988607316730117
 0.39972234328314427 0.1694915254237288 26 0 8 16]
[2.8828656524915837 'Conceptual' 0.012988607316730117 0.39972234328314427
 10.169491525423728 26 0 8 17]
[0.000629801633309997 'Conceptual' 0.012988607316730117
 0.39972234328314427 0.1694915254237288 26 0 8 18]
[2.84225315022064 'Conceptual' 0.012988607316730117 0.39972234328314427
 10.169491525423728 26 0 8 19]
