[0.0 'Conceptual' 0.09438929386617159 0.09670190537302645 0.0 109 7 0 0]
[3.4897837551304005 'Conceptual' 0.09438929386617159 0.09670190537302645
 2.254237288135593 109 7 0 1]
[4.081952967560757 'Conceptual' 0.09438929386617159 0.09670190537302645
 10.169491525423728 109 7 0 2]
[3.754868797024794 'Conceptual' 0.09438929386617159 0.09670190537302645
 8.813559322033898 109 7 0 3]
[1.5090929161805928 'Conceptual' 0.09438929386617159 0.09670190537302645
 2.084745762711864 109 7 0 4]
[1.2510553953506676 'Conceptual' 0.09438929386617159 0.09670190537302645
 0.7288135593220338 109 7 0 5]
[4.869327874860142 'Conceptual' 0.09438929386617159 0.09670190537302645
 10.169491525423728 109 7 0 6]
[7.134723803821739 'Conceptual' 0.09438929386617159 0.09670190537302645
 10.169491525423728 109 7 0 7]
[6.541201819396858 'Conceptual' 0.09438929386617159 0.09670190537302645
 10.169491525423728 109 7 0 8]
[7.2626023394660555 'Conceptual' 0.09438929386617159 0.09670190537302645
 10.169491525423728 109 7 0 9]
[5.447686033228517 'Conceptual' 0.09438929386617159 0.09670190537302645
 10.169491525423728 109 7 0 10]
[2.854693596516111 'Conceptual' 0.09438929386617159 0.09670190537302645
 0.6610169491525423 109 7 0 11]
[0.023364690225598356 'Conceptual' 0.09438929386617159 0.09670190537302645
 0.559322033898305 109 7 0 12]
[0.0006650832784682618 'Conceptual' 0.09438929386617159
 0.09670190537302645 0.559322033898305 109 7 0 13]
[0.0006298016333102192 'Conceptual' 0.09438929386617159
 0.09670190537302645 0.1694915254237288 109 7 0 14]
[0.0006298016333102192 'Conceptual' 0.09438929386617159
 0.09670190537302645 0.1694915254237288 109 7 0 15]
[0.0006298016333102192 'Conceptual' 0.09438929386617159
 0.09670190537302645 0.1694915254237288 109 7 0 16]
[1.7956772233359208 'Conceptual' 0.09438929386617159 0.09670190537302645
 2.4576271186440675 109 7 0 17]
[0.0006298016333102192 'Conceptual' 0.09438929386617159
 0.09670190537302645 0.1694915254237288 109 7 0 18]
[0.0006298016333102192 'Conceptual' 0.09438929386617159
 0.09670190537302645 0.1694915254237288 109 7 0 19]
[0.0 'Conceptual' 0.09438929386617159 0.09670190537302645 0.0 109 7 1 0]
[3.4897837551304005 'Conceptual' 0.09438929386617159 0.09670190537302645
 2.254237288135593 109 7 1 1]
[4.081952967560757 'Conceptual' 0.09438929386617159 0.09670190537302645
 10.169491525423728 109 7 1 2]
[3.754868797024794 'Conceptual' 0.09438929386617159 0.09670190537302645
 8.813559322033898 109 7 1 3]
[1.5090929161805928 'Conceptual' 0.09438929386617159 0.09670190537302645
 2.084745762711864 109 7 1 4]
[1.2510553953506676 'Conceptual' 0.09438929386617159 0.09670190537302645
 0.7288135593220338 109 7 1 5]
[4.869327874860142 'Conceptual' 0.09438929386617159 0.09670190537302645
 10.169491525423728 109 7 1 6]
[7.134723803821739 'Conceptual' 0.09438929386617159 0.09670190537302645
 10.169491525423728 109 7 1 7]
[6.541201819396858 'Conceptual' 0.09438929386617159 0.09670190537302645
 10.169491525423728 109 7 1 8]
[7.2626023394660555 'Conceptual' 0.09438929386617159 0.09670190537302645
 10.169491525423728 109 7 1 9]
[5.447686033228517 'Conceptual' 0.09438929386617159 0.09670190537302645
 10.169491525423728 109 7 1 10]
[2.854693596516111 'Conceptual' 0.09438929386617159 0.09670190537302645
 0.6610169491525423 109 7 1 11]
[0.023364690225598356 'Conceptual' 0.09438929386617159 0.09670190537302645
 0.559322033898305 109 7 1 12]
[0.0006650832784682618 'Conceptual' 0.09438929386617159
 0.09670190537302645 0.559322033898305 109 7 1 13]
[0.0006298016333102192 'Conceptual' 0.09438929386617159
 0.09670190537302645 0.1694915254237288 109 7 1 14]
[0.0006298016333102192 'Conceptual' 0.09438929386617159
 0.09670190537302645 0.1694915254237288 109 7 1 15]
[0.0006298016333102192 'Conceptual' 0.09438929386617159
 0.09670190537302645 0.1694915254237288 109 7 1 16]
[1.7956772233359208 'Conceptual' 0.09438929386617159 0.09670190537302645
 2.4576271186440675 109 7 1 17]
[0.0006298016333102192 'Conceptual' 0.09438929386617159
 0.09670190537302645 0.1694915254237288 109 7 1 18]
[0.0006298016333102192 'Conceptual' 0.09438929386617159
 0.09670190537302645 0.1694915254237288 109 7 1 19]
[0.0 'Conceptual' 0.09438929386617159 0.09670190537302645 0.0 109 7 2 0]
[3.4897837551304005 'Conceptual' 0.09438929386617159 0.09670190537302645
 2.254237288135593 109 7 2 1]
[4.081952967560757 'Conceptual' 0.09438929386617159 0.09670190537302645
 10.169491525423728 109 7 2 2]
[3.754868797024794 'Conceptual' 0.09438929386617159 0.09670190537302645
 8.813559322033898 109 7 2 3]
[1.5090929161805928 'Conceptual' 0.09438929386617159 0.09670190537302645
 2.084745762711864 109 7 2 4]
[1.2510553953506676 'Conceptual' 0.09438929386617159 0.09670190537302645
 0.7288135593220338 109 7 2 5]
[4.869327874860142 'Conceptual' 0.09438929386617159 0.09670190537302645
 10.169491525423728 109 7 2 6]
[7.134723803821739 'Conceptual' 0.09438929386617159 0.09670190537302645
 10.169491525423728 109 7 2 7]
[6.541201819396858 'Conceptual' 0.09438929386617159 0.09670190537302645
 10.169491525423728 109 7 2 8]
[7.2626023394660555 'Conceptual' 0.09438929386617159 0.09670190537302645
 10.169491525423728 109 7 2 9]
[5.447686033228517 'Conceptual' 0.09438929386617159 0.09670190537302645
 10.169491525423728 109 7 2 10]
[2.854693596516111 'Conceptual' 0.09438929386617159 0.09670190537302645
 0.6610169491525423 109 7 2 11]
[0.023364690225598356 'Conceptual' 0.09438929386617159 0.09670190537302645
 0.559322033898305 109 7 2 12]
[0.0006650832784682618 'Conceptual' 0.09438929386617159
 0.09670190537302645 0.559322033898305 109 7 2 13]
[0.0006298016333102192 'Conceptual' 0.09438929386617159
 0.09670190537302645 0.1694915254237288 109 7 2 14]
[0.0006298016333102192 'Conceptual' 0.09438929386617159
 0.09670190537302645 0.1694915254237288 109 7 2 15]
[0.0006298016333102192 'Conceptual' 0.09438929386617159
 0.09670190537302645 0.1694915254237288 109 7 2 16]
[1.7956772233359208 'Conceptual' 0.09438929386617159 0.09670190537302645
 2.4576271186440675 109 7 2 17]
[0.0006298016333102192 'Conceptual' 0.09438929386617159
 0.09670190537302645 0.1694915254237288 109 7 2 18]
[0.0006298016333102192 'Conceptual' 0.09438929386617159
 0.09670190537302645 0.1694915254237288 109 7 2 19]
[0.0 'Conceptual' 0.09438929386617159 0.09670190537302645 0.0 109 7 3 0]
[3.4897837551304005 'Conceptual' 0.09438929386617159 0.09670190537302645
 2.254237288135593 109 7 3 1]
[4.081952967560757 'Conceptual' 0.09438929386617159 0.09670190537302645
 10.169491525423728 109 7 3 2]
[3.754868797024794 'Conceptual' 0.09438929386617159 0.09670190537302645
 8.813559322033898 109 7 3 3]
[1.5090929161805928 'Conceptual' 0.09438929386617159 0.09670190537302645
 2.084745762711864 109 7 3 4]
[1.2510553953506676 'Conceptual' 0.09438929386617159 0.09670190537302645
 0.7288135593220338 109 7 3 5]
[4.869327874860142 'Conceptual' 0.09438929386617159 0.09670190537302645
 10.169491525423728 109 7 3 6]
[7.134723803821739 'Conceptual' 0.09438929386617159 0.09670190537302645
 10.169491525423728 109 7 3 7]
[6.541201819396858 'Conceptual' 0.09438929386617159 0.09670190537302645
 10.169491525423728 109 7 3 8]
[7.2626023394660555 'Conceptual' 0.09438929386617159 0.09670190537302645
 10.169491525423728 109 7 3 9]
[5.447686033228517 'Conceptual' 0.09438929386617159 0.09670190537302645
 10.169491525423728 109 7 3 10]
[2.854693596516111 'Conceptual' 0.09438929386617159 0.09670190537302645
 0.6610169491525423 109 7 3 11]
[0.023364690225598356 'Conceptual' 0.09438929386617159 0.09670190537302645
 0.559322033898305 109 7 3 12]
[0.0006650832784682618 'Conceptual' 0.09438929386617159
 0.09670190537302645 0.559322033898305 109 7 3 13]
[0.0006298016333102192 'Conceptual' 0.09438929386617159
 0.09670190537302645 0.1694915254237288 109 7 3 14]
[0.0006298016333102192 'Conceptual' 0.09438929386617159
 0.09670190537302645 0.1694915254237288 109 7 3 15]
[0.0006298016333102192 'Conceptual' 0.09438929386617159
 0.09670190537302645 0.1694915254237288 109 7 3 16]
[1.7956772233359208 'Conceptual' 0.09438929386617159 0.09670190537302645
 2.4576271186440675 109 7 3 17]
[0.0006298016333102192 'Conceptual' 0.09438929386617159
 0.09670190537302645 0.1694915254237288 109 7 3 18]
[0.0006298016333102192 'Conceptual' 0.09438929386617159
 0.09670190537302645 0.1694915254237288 109 7 3 19]
[0.0 'Conceptual' 0.09438929386617159 0.09670190537302645 0.0 109 7 4 0]
[3.4897837551304005 'Conceptual' 0.09438929386617159 0.09670190537302645
 2.254237288135593 109 7 4 1]
[4.081952967560757 'Conceptual' 0.09438929386617159 0.09670190537302645
 10.169491525423728 109 7 4 2]
[3.754868797024794 'Conceptual' 0.09438929386617159 0.09670190537302645
 8.813559322033898 109 7 4 3]
[1.5090929161805928 'Conceptual' 0.09438929386617159 0.09670190537302645
 2.084745762711864 109 7 4 4]
[1.2510553953506676 'Conceptual' 0.09438929386617159 0.09670190537302645
 0.7288135593220338 109 7 4 5]
[4.869327874860142 'Conceptual' 0.09438929386617159 0.09670190537302645
 10.169491525423728 109 7 4 6]
[7.134723803821739 'Conceptual' 0.09438929386617159 0.09670190537302645
 10.169491525423728 109 7 4 7]
[6.541201819396858 'Conceptual' 0.09438929386617159 0.09670190537302645
 10.169491525423728 109 7 4 8]
[7.2626023394660555 'Conceptual' 0.09438929386617159 0.09670190537302645
 10.169491525423728 109 7 4 9]
[5.447686033228517 'Conceptual' 0.09438929386617159 0.09670190537302645
 10.169491525423728 109 7 4 10]
[2.854693596516111 'Conceptual' 0.09438929386617159 0.09670190537302645
 0.6610169491525423 109 7 4 11]
[0.023364690225598356 'Conceptual' 0.09438929386617159 0.09670190537302645
 0.559322033898305 109 7 4 12]
[0.0006650832784682618 'Conceptual' 0.09438929386617159
 0.09670190537302645 0.559322033898305 109 7 4 13]
[0.0006298016333102192 'Conceptual' 0.09438929386617159
 0.09670190537302645 0.1694915254237288 109 7 4 14]
[0.0006298016333102192 'Conceptual' 0.09438929386617159
 0.09670190537302645 0.1694915254237288 109 7 4 15]
[0.0006298016333102192 'Conceptual' 0.09438929386617159
 0.09670190537302645 0.1694915254237288 109 7 4 16]
[1.7956772233359208 'Conceptual' 0.09438929386617159 0.09670190537302645
 2.4576271186440675 109 7 4 17]
[0.0006298016333102192 'Conceptual' 0.09438929386617159
 0.09670190537302645 0.1694915254237288 109 7 4 18]
[0.0006298016333102192 'Conceptual' 0.09438929386617159
 0.09670190537302645 0.1694915254237288 109 7 4 19]
[0.0 'Conceptual' 0.09438929386617159 0.09670190537302645 0.0 109 7 5 0]
[3.4897837551304005 'Conceptual' 0.09438929386617159 0.09670190537302645
 2.254237288135593 109 7 5 1]
[4.081952967560757 'Conceptual' 0.09438929386617159 0.09670190537302645
 10.169491525423728 109 7 5 2]
[3.754868797024794 'Conceptual' 0.09438929386617159 0.09670190537302645
 8.813559322033898 109 7 5 3]
[1.5090929161805928 'Conceptual' 0.09438929386617159 0.09670190537302645
 2.084745762711864 109 7 5 4]
[1.2510553953506676 'Conceptual' 0.09438929386617159 0.09670190537302645
 0.7288135593220338 109 7 5 5]
[4.869327874860142 'Conceptual' 0.09438929386617159 0.09670190537302645
 10.169491525423728 109 7 5 6]
[7.134723803821739 'Conceptual' 0.09438929386617159 0.09670190537302645
 10.169491525423728 109 7 5 7]
[6.541201819396858 'Conceptual' 0.09438929386617159 0.09670190537302645
 10.169491525423728 109 7 5 8]
[7.2626023394660555 'Conceptual' 0.09438929386617159 0.09670190537302645
 10.169491525423728 109 7 5 9]
[5.447686033228517 'Conceptual' 0.09438929386617159 0.09670190537302645
 10.169491525423728 109 7 5 10]
[2.854693596516111 'Conceptual' 0.09438929386617159 0.09670190537302645
 0.6610169491525423 109 7 5 11]
[0.023364690225598356 'Conceptual' 0.09438929386617159 0.09670190537302645
 0.559322033898305 109 7 5 12]
[0.0006650832784682618 'Conceptual' 0.09438929386617159
 0.09670190537302645 0.559322033898305 109 7 5 13]
[0.0006298016333102192 'Conceptual' 0.09438929386617159
 0.09670190537302645 0.1694915254237288 109 7 5 14]
[0.0006298016333102192 'Conceptual' 0.09438929386617159
 0.09670190537302645 0.1694915254237288 109 7 5 15]
[0.0006298016333102192 'Conceptual' 0.09438929386617159
 0.09670190537302645 0.1694915254237288 109 7 5 16]
[1.7956772233359208 'Conceptual' 0.09438929386617159 0.09670190537302645
 2.4576271186440675 109 7 5 17]
[0.0006298016333102192 'Conceptual' 0.09438929386617159
 0.09670190537302645 0.1694915254237288 109 7 5 18]
[0.0006298016333102192 'Conceptual' 0.09438929386617159
 0.09670190537302645 0.1694915254237288 109 7 5 19]
[0.0 'Conceptual' 0.09438929386617159 0.09670190537302645 0.0 109 7 6 0]
[3.4897837551304005 'Conceptual' 0.09438929386617159 0.09670190537302645
 2.254237288135593 109 7 6 1]
[4.081952967560757 'Conceptual' 0.09438929386617159 0.09670190537302645
 10.169491525423728 109 7 6 2]
[3.754868797024794 'Conceptual' 0.09438929386617159 0.09670190537302645
 8.813559322033898 109 7 6 3]
[1.5090929161805928 'Conceptual' 0.09438929386617159 0.09670190537302645
 2.084745762711864 109 7 6 4]
[1.2510553953506676 'Conceptual' 0.09438929386617159 0.09670190537302645
 0.7288135593220338 109 7 6 5]
[4.869327874860142 'Conceptual' 0.09438929386617159 0.09670190537302645
 10.169491525423728 109 7 6 6]
[7.134723803821739 'Conceptual' 0.09438929386617159 0.09670190537302645
 10.169491525423728 109 7 6 7]
[6.541201819396858 'Conceptual' 0.09438929386617159 0.09670190537302645
 10.169491525423728 109 7 6 8]
[7.2626023394660555 'Conceptual' 0.09438929386617159 0.09670190537302645
 10.169491525423728 109 7 6 9]
[5.447686033228517 'Conceptual' 0.09438929386617159 0.09670190537302645
 10.169491525423728 109 7 6 10]
[2.854693596516111 'Conceptual' 0.09438929386617159 0.09670190537302645
 0.6610169491525423 109 7 6 11]
[0.023364690225598356 'Conceptual' 0.09438929386617159 0.09670190537302645
 0.559322033898305 109 7 6 12]
[0.0006650832784682618 'Conceptual' 0.09438929386617159
 0.09670190537302645 0.559322033898305 109 7 6 13]
[0.0006298016333102192 'Conceptual' 0.09438929386617159
 0.09670190537302645 0.1694915254237288 109 7 6 14]
[0.0006298016333102192 'Conceptual' 0.09438929386617159
 0.09670190537302645 0.1694915254237288 109 7 6 15]
[0.0006298016333102192 'Conceptual' 0.09438929386617159
 0.09670190537302645 0.1694915254237288 109 7 6 16]
[1.7956772233359208 'Conceptual' 0.09438929386617159 0.09670190537302645
 2.4576271186440675 109 7 6 17]
[0.0006298016333102192 'Conceptual' 0.09438929386617159
 0.09670190537302645 0.1694915254237288 109 7 6 18]
[0.0006298016333102192 'Conceptual' 0.09438929386617159
 0.09670190537302645 0.1694915254237288 109 7 6 19]
[0.0 'Conceptual' 0.09438929386617159 0.09670190537302645 0.0 109 7 8 0]
[3.4897837551304005 'Conceptual' 0.09438929386617159 0.09670190537302645
 2.254237288135593 109 7 8 1]
[4.081952967560757 'Conceptual' 0.09438929386617159 0.09670190537302645
 10.169491525423728 109 7 8 2]
[3.754868797024794 'Conceptual' 0.09438929386617159 0.09670190537302645
 8.813559322033898 109 7 8 3]
[1.5090929161805928 'Conceptual' 0.09438929386617159 0.09670190537302645
 2.084745762711864 109 7 8 4]
[1.2510553953506676 'Conceptual' 0.09438929386617159 0.09670190537302645
 0.7288135593220338 109 7 8 5]
[4.869327874860142 'Conceptual' 0.09438929386617159 0.09670190537302645
 10.169491525423728 109 7 8 6]
[7.134723803821739 'Conceptual' 0.09438929386617159 0.09670190537302645
 10.169491525423728 109 7 8 7]
[6.541201819396858 'Conceptual' 0.09438929386617159 0.09670190537302645
 10.169491525423728 109 7 8 8]
[7.2626023394660555 'Conceptual' 0.09438929386617159 0.09670190537302645
 10.169491525423728 109 7 8 9]
[5.447686033228517 'Conceptual' 0.09438929386617159 0.09670190537302645
 10.169491525423728 109 7 8 10]
[2.854693596516111 'Conceptual' 0.09438929386617159 0.09670190537302645
 0.6610169491525423 109 7 8 11]
[0.023364690225598356 'Conceptual' 0.09438929386617159 0.09670190537302645
 0.559322033898305 109 7 8 12]
[0.0006650832784682618 'Conceptual' 0.09438929386617159
 0.09670190537302645 0.559322033898305 109 7 8 13]
[0.0006298016333102192 'Conceptual' 0.09438929386617159
 0.09670190537302645 0.1694915254237288 109 7 8 14]
[0.0006298016333102192 'Conceptual' 0.09438929386617159
 0.09670190537302645 0.1694915254237288 109 7 8 15]
[0.0006298016333102192 'Conceptual' 0.09438929386617159
 0.09670190537302645 0.1694915254237288 109 7 8 16]
[1.7956772233359208 'Conceptual' 0.09438929386617159 0.09670190537302645
 2.4576271186440675 109 7 8 17]
[0.0006298016333102192 'Conceptual' 0.09438929386617159
 0.09670190537302645 0.1694915254237288 109 7 8 18]
[0.0006298016333102192 'Conceptual' 0.09438929386617159
 0.09670190537302645 0.1694915254237288 109 7 8 19]
