[0.0 'Conceptual' 0.08795970288364871 0.4877302032587495 0.0 53 4 0 0]
[5.999327720229891 'Conceptual' 0.08795970288364871 0.4877302032587495
 10.169491525423728 53 4 0 1]
[3.0537112216395075 'Conceptual' 0.08795970288364871 0.4877302032587495
 6.932203389830508 53 4 0 2]
[2.7166037194119146 'Conceptual' 0.08795970288364871 0.4877302032587495
 5.1694915254237275 53 4 0 3]
[2.5687166274949695 'Conceptual' 0.08795970288364871 0.4877302032587495
 4.576271186440678 53 4 0 4]
[2.5765704724672602 'Conceptual' 0.08795970288364871 0.4877302032587495
 4.389830508474576 53 4 0 5]
[3.2539111347939476 'Conceptual' 0.08795970288364871 0.4877302032587495
 4.898305084745762 53 4 0 6]
[2.5299004755227372 'Conceptual' 0.08795970288364871 0.4877302032587495
 3.949152542372881 53 4 0 7]
[3.3460861630556646 'Conceptual' 0.08795970288364871 0.4877302032587495
 4.915254237288135 53 4 0 8]
[3.4399541112771064 'Conceptual' 0.08795970288364871 0.4877302032587495
 5.305084745762711 53 4 0 9]
[3.895699939165471 'Conceptual' 0.08795970288364871 0.4877302032587495
 8.627118644067796 53 4 0 10]
[4.039893845929827 'Conceptual' 0.08795970288364871 0.4877302032587495
 0.4915254237288135 53 4 0 11]
[3.740716504641304 'Conceptual' 0.08795970288364871 0.4877302032587495
 0.6610169491525423 53 4 0 12]
[2.483269001682222 'Conceptual' 0.08795970288364871 0.4877302032587495
 1.1016949152542372 53 4 0 13]
[0.08427408976062295 'Conceptual' 0.08795970288364871 0.4877302032587495
 0.7627118644067796 53 4 0 14]
[0.001290596221596995 'Conceptual' 0.08795970288364871 0.4877302032587495
 0.6610169491525423 53 4 0 15]
[2.544515061998773 'Conceptual' 0.08795970288364871 0.4877302032587495
 2.11864406779661 53 4 0 16]
[1.6529187575602518 'Conceptual' 0.08795970288364871 0.4877302032587495
 2.2033898305084745 53 4 0 17]
[0.000823076892943962 'Conceptual' 0.08795970288364871 0.4877302032587495
 0.1694915254237288 53 4 0 18]
[0.000629801633309997 'Conceptual' 0.08795970288364871 0.4877302032587495
 0.1694915254237288 53 4 0 19]
[0.0 'Conceptual' 0.08795970288364871 0.4877302032587495 0.0 53 4 1 0]
[5.999327720229891 'Conceptual' 0.08795970288364871 0.4877302032587495
 10.169491525423728 53 4 1 1]
[3.0537112216395075 'Conceptual' 0.08795970288364871 0.4877302032587495
 6.932203389830508 53 4 1 2]
[2.7166037194119146 'Conceptual' 0.08795970288364871 0.4877302032587495
 5.1694915254237275 53 4 1 3]
[2.5687166274949695 'Conceptual' 0.08795970288364871 0.4877302032587495
 4.576271186440678 53 4 1 4]
[2.5765704724672602 'Conceptual' 0.08795970288364871 0.4877302032587495
 4.389830508474576 53 4 1 5]
[3.2539111347939476 'Conceptual' 0.08795970288364871 0.4877302032587495
 4.898305084745762 53 4 1 6]
[2.5299004755227372 'Conceptual' 0.08795970288364871 0.4877302032587495
 3.949152542372881 53 4 1 7]
[3.3460861630556646 'Conceptual' 0.08795970288364871 0.4877302032587495
 4.915254237288135 53 4 1 8]
[3.4399541112771064 'Conceptual' 0.08795970288364871 0.4877302032587495
 5.305084745762711 53 4 1 9]
[3.895699939165471 'Conceptual' 0.08795970288364871 0.4877302032587495
 8.627118644067796 53 4 1 10]
[4.039893845929827 'Conceptual' 0.08795970288364871 0.4877302032587495
 0.4915254237288135 53 4 1 11]
[3.740716504641304 'Conceptual' 0.08795970288364871 0.4877302032587495
 0.6610169491525423 53 4 1 12]
[2.483269001682222 'Conceptual' 0.08795970288364871 0.4877302032587495
 1.1016949152542372 53 4 1 13]
[0.08427408976062295 'Conceptual' 0.08795970288364871 0.4877302032587495
 0.7627118644067796 53 4 1 14]
[0.001290596221596995 'Conceptual' 0.08795970288364871 0.4877302032587495
 0.6610169491525423 53 4 1 15]
[2.544515061998773 'Conceptual' 0.08795970288364871 0.4877302032587495
 2.11864406779661 53 4 1 16]
[1.6529187575602518 'Conceptual' 0.08795970288364871 0.4877302032587495
 2.2033898305084745 53 4 1 17]
[0.000823076892943962 'Conceptual' 0.08795970288364871 0.4877302032587495
 0.1694915254237288 53 4 1 18]
[0.000629801633309997 'Conceptual' 0.08795970288364871 0.4877302032587495
 0.1694915254237288 53 4 1 19]
[0.0 'Conceptual' 0.08795970288364871 0.4877302032587495 0.0 53 4 2 0]
[5.999327720229891 'Conceptual' 0.08795970288364871 0.4877302032587495
 10.169491525423728 53 4 2 1]
[3.0537112216395075 'Conceptual' 0.08795970288364871 0.4877302032587495
 6.932203389830508 53 4 2 2]
[2.7166037194119146 'Conceptual' 0.08795970288364871 0.4877302032587495
 5.1694915254237275 53 4 2 3]
[2.5687166274949695 'Conceptual' 0.08795970288364871 0.4877302032587495
 4.576271186440678 53 4 2 4]
[2.5765704724672602 'Conceptual' 0.08795970288364871 0.4877302032587495
 4.389830508474576 53 4 2 5]
[3.2539111347939476 'Conceptual' 0.08795970288364871 0.4877302032587495
 4.898305084745762 53 4 2 6]
[2.5299004755227372 'Conceptual' 0.08795970288364871 0.4877302032587495
 3.949152542372881 53 4 2 7]
[3.3460861630556646 'Conceptual' 0.08795970288364871 0.4877302032587495
 4.915254237288135 53 4 2 8]
[3.4399541112771064 'Conceptual' 0.08795970288364871 0.4877302032587495
 5.305084745762711 53 4 2 9]
[3.895699939165471 'Conceptual' 0.08795970288364871 0.4877302032587495
 8.627118644067796 53 4 2 10]
[4.039893845929827 'Conceptual' 0.08795970288364871 0.4877302032587495
 0.4915254237288135 53 4 2 11]
[3.740716504641304 'Conceptual' 0.08795970288364871 0.4877302032587495
 0.6610169491525423 53 4 2 12]
[2.483269001682222 'Conceptual' 0.08795970288364871 0.4877302032587495
 1.1016949152542372 53 4 2 13]
[0.08427408976062295 'Conceptual' 0.08795970288364871 0.4877302032587495
 0.7627118644067796 53 4 2 14]
[0.001290596221596995 'Conceptual' 0.08795970288364871 0.4877302032587495
 0.6610169491525423 53 4 2 15]
[2.544515061998773 'Conceptual' 0.08795970288364871 0.4877302032587495
 2.11864406779661 53 4 2 16]
[1.6529187575602518 'Conceptual' 0.08795970288364871 0.4877302032587495
 2.2033898305084745 53 4 2 17]
[0.000823076892943962 'Conceptual' 0.08795970288364871 0.4877302032587495
 0.1694915254237288 53 4 2 18]
[0.000629801633309997 'Conceptual' 0.08795970288364871 0.4877302032587495
 0.1694915254237288 53 4 2 19]
[0.0 'Conceptual' 0.08795970288364871 0.4877302032587495 0.0 53 4 3 0]
[5.999327720229891 'Conceptual' 0.08795970288364871 0.4877302032587495
 10.169491525423728 53 4 3 1]
[3.0537112216395075 'Conceptual' 0.08795970288364871 0.4877302032587495
 6.932203389830508 53 4 3 2]
[2.7166037194119146 'Conceptual' 0.08795970288364871 0.4877302032587495
 5.1694915254237275 53 4 3 3]
[2.5687166274949695 'Conceptual' 0.08795970288364871 0.4877302032587495
 4.576271186440678 53 4 3 4]
[2.5765704724672602 'Conceptual' 0.08795970288364871 0.4877302032587495
 4.389830508474576 53 4 3 5]
[3.2539111347939476 'Conceptual' 0.08795970288364871 0.4877302032587495
 4.898305084745762 53 4 3 6]
[2.5299004755227372 'Conceptual' 0.08795970288364871 0.4877302032587495
 3.949152542372881 53 4 3 7]
[3.3460861630556646 'Conceptual' 0.08795970288364871 0.4877302032587495
 4.915254237288135 53 4 3 8]
[3.4399541112771064 'Conceptual' 0.08795970288364871 0.4877302032587495
 5.305084745762711 53 4 3 9]
[3.895699939165471 'Conceptual' 0.08795970288364871 0.4877302032587495
 8.627118644067796 53 4 3 10]
[4.039893845929827 'Conceptual' 0.08795970288364871 0.4877302032587495
 0.4915254237288135 53 4 3 11]
[3.740716504641304 'Conceptual' 0.08795970288364871 0.4877302032587495
 0.6610169491525423 53 4 3 12]
[2.483269001682222 'Conceptual' 0.08795970288364871 0.4877302032587495
 1.1016949152542372 53 4 3 13]
[0.08427408976062295 'Conceptual' 0.08795970288364871 0.4877302032587495
 0.7627118644067796 53 4 3 14]
[0.001290596221596995 'Conceptual' 0.08795970288364871 0.4877302032587495
 0.6610169491525423 53 4 3 15]
[2.544515061998773 'Conceptual' 0.08795970288364871 0.4877302032587495
 2.11864406779661 53 4 3 16]
[1.6529187575602518 'Conceptual' 0.08795970288364871 0.4877302032587495
 2.2033898305084745 53 4 3 17]
[0.000823076892943962 'Conceptual' 0.08795970288364871 0.4877302032587495
 0.1694915254237288 53 4 3 18]
[0.000629801633309997 'Conceptual' 0.08795970288364871 0.4877302032587495
 0.1694915254237288 53 4 3 19]
[0.0 'Conceptual' 0.08795970288364871 0.4877302032587495 0.0 53 4 5 0]
[5.999327720229891 'Conceptual' 0.08795970288364871 0.4877302032587495
 10.169491525423728 53 4 5 1]
[3.0537112216395075 'Conceptual' 0.08795970288364871 0.4877302032587495
 6.932203389830508 53 4 5 2]
[2.7166037194119146 'Conceptual' 0.08795970288364871 0.4877302032587495
 5.1694915254237275 53 4 5 3]
[2.5687166274949695 'Conceptual' 0.08795970288364871 0.4877302032587495
 4.576271186440678 53 4 5 4]
[2.5765704724672602 'Conceptual' 0.08795970288364871 0.4877302032587495
 4.389830508474576 53 4 5 5]
[3.2539111347939476 'Conceptual' 0.08795970288364871 0.4877302032587495
 4.898305084745762 53 4 5 6]
[2.5299004755227372 'Conceptual' 0.08795970288364871 0.4877302032587495
 3.949152542372881 53 4 5 7]
[3.3460861630556646 'Conceptual' 0.08795970288364871 0.4877302032587495
 4.915254237288135 53 4 5 8]
[3.4399541112771064 'Conceptual' 0.08795970288364871 0.4877302032587495
 5.305084745762711 53 4 5 9]
[3.895699939165471 'Conceptual' 0.08795970288364871 0.4877302032587495
 8.627118644067796 53 4 5 10]
[4.039893845929827 'Conceptual' 0.08795970288364871 0.4877302032587495
 0.4915254237288135 53 4 5 11]
[3.740716504641304 'Conceptual' 0.08795970288364871 0.4877302032587495
 0.6610169491525423 53 4 5 12]
[2.483269001682222 'Conceptual' 0.08795970288364871 0.4877302032587495
 1.1016949152542372 53 4 5 13]
[0.08427408976062295 'Conceptual' 0.08795970288364871 0.4877302032587495
 0.7627118644067796 53 4 5 14]
[0.001290596221596995 'Conceptual' 0.08795970288364871 0.4877302032587495
 0.6610169491525423 53 4 5 15]
[2.544515061998773 'Conceptual' 0.08795970288364871 0.4877302032587495
 2.11864406779661 53 4 5 16]
[1.6529187575602518 'Conceptual' 0.08795970288364871 0.4877302032587495
 2.2033898305084745 53 4 5 17]
[0.000823076892943962 'Conceptual' 0.08795970288364871 0.4877302032587495
 0.1694915254237288 53 4 5 18]
[0.000629801633309997 'Conceptual' 0.08795970288364871 0.4877302032587495
 0.1694915254237288 53 4 5 19]
[0.0 'Conceptual' 0.08795970288364871 0.4877302032587495 0.0 53 4 6 0]
[5.999327720229891 'Conceptual' 0.08795970288364871 0.4877302032587495
 10.169491525423728 53 4 6 1]
[3.0537112216395075 'Conceptual' 0.08795970288364871 0.4877302032587495
 6.932203389830508 53 4 6 2]
[2.7166037194119146 'Conceptual' 0.08795970288364871 0.4877302032587495
 5.1694915254237275 53 4 6 3]
[2.5687166274949695 'Conceptual' 0.08795970288364871 0.4877302032587495
 4.576271186440678 53 4 6 4]
[2.5765704724672602 'Conceptual' 0.08795970288364871 0.4877302032587495
 4.389830508474576 53 4 6 5]
[3.2539111347939476 'Conceptual' 0.08795970288364871 0.4877302032587495
 4.898305084745762 53 4 6 6]
[2.5299004755227372 'Conceptual' 0.08795970288364871 0.4877302032587495
 3.949152542372881 53 4 6 7]
[3.3460861630556646 'Conceptual' 0.08795970288364871 0.4877302032587495
 4.915254237288135 53 4 6 8]
[3.4399541112771064 'Conceptual' 0.08795970288364871 0.4877302032587495
 5.305084745762711 53 4 6 9]
[3.895699939165471 'Conceptual' 0.08795970288364871 0.4877302032587495
 8.627118644067796 53 4 6 10]
[4.039893845929827 'Conceptual' 0.08795970288364871 0.4877302032587495
 0.4915254237288135 53 4 6 11]
[3.740716504641304 'Conceptual' 0.08795970288364871 0.4877302032587495
 0.6610169491525423 53 4 6 12]
[2.483269001682222 'Conceptual' 0.08795970288364871 0.4877302032587495
 1.1016949152542372 53 4 6 13]
[0.08427408976062295 'Conceptual' 0.08795970288364871 0.4877302032587495
 0.7627118644067796 53 4 6 14]
[0.001290596221596995 'Conceptual' 0.08795970288364871 0.4877302032587495
 0.6610169491525423 53 4 6 15]
[2.544515061998773 'Conceptual' 0.08795970288364871 0.4877302032587495
 2.11864406779661 53 4 6 16]
[1.6529187575602518 'Conceptual' 0.08795970288364871 0.4877302032587495
 2.2033898305084745 53 4 6 17]
[0.000823076892943962 'Conceptual' 0.08795970288364871 0.4877302032587495
 0.1694915254237288 53 4 6 18]
[0.000629801633309997 'Conceptual' 0.08795970288364871 0.4877302032587495
 0.1694915254237288 53 4 6 19]
[0.0 'Conceptual' 0.08795970288364871 0.4877302032587495 0.0 53 4 7 0]
[5.999327720229891 'Conceptual' 0.08795970288364871 0.4877302032587495
 10.169491525423728 53 4 7 1]
[3.0537112216395075 'Conceptual' 0.08795970288364871 0.4877302032587495
 6.932203389830508 53 4 7 2]
[2.7166037194119146 'Conceptual' 0.08795970288364871 0.4877302032587495
 5.1694915254237275 53 4 7 3]
[2.5687166274949695 'Conceptual' 0.08795970288364871 0.4877302032587495
 4.576271186440678 53 4 7 4]
[2.5765704724672602 'Conceptual' 0.08795970288364871 0.4877302032587495
 4.389830508474576 53 4 7 5]
[3.2539111347939476 'Conceptual' 0.08795970288364871 0.4877302032587495
 4.898305084745762 53 4 7 6]
[2.5299004755227372 'Conceptual' 0.08795970288364871 0.4877302032587495
 3.949152542372881 53 4 7 7]
[3.3460861630556646 'Conceptual' 0.08795970288364871 0.4877302032587495
 4.915254237288135 53 4 7 8]
[3.4399541112771064 'Conceptual' 0.08795970288364871 0.4877302032587495
 5.305084745762711 53 4 7 9]
[3.895699939165471 'Conceptual' 0.08795970288364871 0.4877302032587495
 8.627118644067796 53 4 7 10]
[4.039893845929827 'Conceptual' 0.08795970288364871 0.4877302032587495
 0.4915254237288135 53 4 7 11]
[3.740716504641304 'Conceptual' 0.08795970288364871 0.4877302032587495
 0.6610169491525423 53 4 7 12]
[2.483269001682222 'Conceptual' 0.08795970288364871 0.4877302032587495
 1.1016949152542372 53 4 7 13]
[0.08427408976062295 'Conceptual' 0.08795970288364871 0.4877302032587495
 0.7627118644067796 53 4 7 14]
[0.001290596221596995 'Conceptual' 0.08795970288364871 0.4877302032587495
 0.6610169491525423 53 4 7 15]
[2.544515061998773 'Conceptual' 0.08795970288364871 0.4877302032587495
 2.11864406779661 53 4 7 16]
[1.6529187575602518 'Conceptual' 0.08795970288364871 0.4877302032587495
 2.2033898305084745 53 4 7 17]
[0.000823076892943962 'Conceptual' 0.08795970288364871 0.4877302032587495
 0.1694915254237288 53 4 7 18]
[0.000629801633309997 'Conceptual' 0.08795970288364871 0.4877302032587495
 0.1694915254237288 53 4 7 19]
[0.0 'Conceptual' 0.08795970288364871 0.4877302032587495 0.0 53 4 8 0]
[5.999327720229891 'Conceptual' 0.08795970288364871 0.4877302032587495
 10.169491525423728 53 4 8 1]
[3.0537112216395075 'Conceptual' 0.08795970288364871 0.4877302032587495
 6.932203389830508 53 4 8 2]
[2.7166037194119146 'Conceptual' 0.08795970288364871 0.4877302032587495
 5.1694915254237275 53 4 8 3]
[2.5687166274949695 'Conceptual' 0.08795970288364871 0.4877302032587495
 4.576271186440678 53 4 8 4]
[2.5765704724672602 'Conceptual' 0.08795970288364871 0.4877302032587495
 4.389830508474576 53 4 8 5]
[3.2539111347939476 'Conceptual' 0.08795970288364871 0.4877302032587495
 4.898305084745762 53 4 8 6]
[2.5299004755227372 'Conceptual' 0.08795970288364871 0.4877302032587495
 3.949152542372881 53 4 8 7]
[3.3460861630556646 'Conceptual' 0.08795970288364871 0.4877302032587495
 4.915254237288135 53 4 8 8]
[3.4399541112771064 'Conceptual' 0.08795970288364871 0.4877302032587495
 5.305084745762711 53 4 8 9]
[3.895699939165471 'Conceptual' 0.08795970288364871 0.4877302032587495
 8.627118644067796 53 4 8 10]
[4.039893845929827 'Conceptual' 0.08795970288364871 0.4877302032587495
 0.4915254237288135 53 4 8 11]
[3.740716504641304 'Conceptual' 0.08795970288364871 0.4877302032587495
 0.6610169491525423 53 4 8 12]
[2.483269001682222 'Conceptual' 0.08795970288364871 0.4877302032587495
 1.1016949152542372 53 4 8 13]
[0.08427408976062295 'Conceptual' 0.08795970288364871 0.4877302032587495
 0.7627118644067796 53 4 8 14]
[0.001290596221596995 'Conceptual' 0.08795970288364871 0.4877302032587495
 0.6610169491525423 53 4 8 15]
[2.544515061998773 'Conceptual' 0.08795970288364871 0.4877302032587495
 2.11864406779661 53 4 8 16]
[1.6529187575602518 'Conceptual' 0.08795970288364871 0.4877302032587495
 2.2033898305084745 53 4 8 17]
[0.000823076892943962 'Conceptual' 0.08795970288364871 0.4877302032587495
 0.1694915254237288 53 4 8 18]
[0.000629801633309997 'Conceptual' 0.08795970288364871 0.4877302032587495
 0.1694915254237288 53 4 8 19]
