[0.0 'Conceptual' 0.013865333263352621 0.30595088323958003 0.0 38 3 0 0]
[3.8842966519480098 'Conceptual' 0.013865333263352621 0.30595088323958003
 0.847457627118644 38 3 0 1]
[3.9293135131515755 'Conceptual' 0.013865333263352621 0.30595088323958003
 0.6271186440677965 38 3 0 2]
[3.1527326186016444 'Conceptual' 0.013865333263352621 0.30595088323958003
 1.2372881355932202 38 3 0 3]
[3.92245705838353 'Conceptual' 0.013865333263352621 0.30595088323958003
 0.5084745762711864 38 3 0 4]
[1.3465908552871446 'Conceptual' 0.013865333263352621 0.30595088323958003
 2.423728813559322 38 3 0 5]
[4.060444720789905 'Conceptual' 0.013865333263352621 0.30595088323958003
 0.1694915254237288 38 3 0 6]
[1.3609719032323835 'Conceptual' 0.013865333263352621 0.30595088323958003
 1.5762711864406778 38 3 0 7]
[4.025374179027351 'Conceptual' 0.013865333263352621 0.30595088323958003
 0.1694915254237288 38 3 0 8]
[0.9860115897599616 'Conceptual' 0.013865333263352621 0.30595088323958003
 1.2372881355932202 38 3 0 9]
[3.8492148547060268 'Conceptual' 0.013865333263352621 0.30595088323958003
 0.38983050847457623 38 3 0 10]
[3.262066624166343 'Conceptual' 0.013865333263352621 0.30595088323958003
 0.4915254237288135 38 3 0 11]
[3.755476837982141 'Conceptual' 0.013865333263352621 0.30595088323958003
 0.38983050847457623 38 3 0 12]
[3.9318529169300844 'Conceptual' 0.013865333263352621 0.30595088323958003
 0.1694915254237288 38 3 0 13]
[3.9120496013738073 'Conceptual' 0.013865333263352621 0.30595088323958003
 0.1694915254237288 38 3 0 14]
[3.594602328028776 'Conceptual' 0.013865333263352621 0.30595088323958003
 0.423728813559322 38 3 0 15]
[3.8712284275560815 'Conceptual' 0.013865333263352621 0.30595088323958003
 0.1694915254237288 38 3 0 16]
[3.850176050043104 'Conceptual' 0.013865333263352621 0.30595088323958003
 0.1694915254237288 38 3 0 17]
[3.8286706048757204 'Conceptual' 0.013865333263352621 0.30595088323958003
 0.1694915254237288 38 3 0 18]
[4.1588830833596715 'Conceptual' 0.013865333263352621 0.30595088323958003
 3.0508474576271185 38 3 0 19]
[0.0 'Conceptual' 0.013865333263352621 0.30595088323958003 0.0 38 3 1 0]
[3.8842966519480098 'Conceptual' 0.013865333263352621 0.30595088323958003
 0.847457627118644 38 3 1 1]
[3.9293135131515755 'Conceptual' 0.013865333263352621 0.30595088323958003
 0.6271186440677965 38 3 1 2]
[3.1527326186016444 'Conceptual' 0.013865333263352621 0.30595088323958003
 1.2372881355932202 38 3 1 3]
[3.92245705838353 'Conceptual' 0.013865333263352621 0.30595088323958003
 0.5084745762711864 38 3 1 4]
[1.3465908552871446 'Conceptual' 0.013865333263352621 0.30595088323958003
 2.423728813559322 38 3 1 5]
[4.060444720789905 'Conceptual' 0.013865333263352621 0.30595088323958003
 0.1694915254237288 38 3 1 6]
[1.3609719032323835 'Conceptual' 0.013865333263352621 0.30595088323958003
 1.5762711864406778 38 3 1 7]
[4.025374179027351 'Conceptual' 0.013865333263352621 0.30595088323958003
 0.1694915254237288 38 3 1 8]
[0.9860115897599616 'Conceptual' 0.013865333263352621 0.30595088323958003
 1.2372881355932202 38 3 1 9]
[3.8492148547060268 'Conceptual' 0.013865333263352621 0.30595088323958003
 0.38983050847457623 38 3 1 10]
[3.262066624166343 'Conceptual' 0.013865333263352621 0.30595088323958003
 0.4915254237288135 38 3 1 11]
[3.755476837982141 'Conceptual' 0.013865333263352621 0.30595088323958003
 0.38983050847457623 38 3 1 12]
[3.9318529169300844 'Conceptual' 0.013865333263352621 0.30595088323958003
 0.1694915254237288 38 3 1 13]
[3.9120496013738073 'Conceptual' 0.013865333263352621 0.30595088323958003
 0.1694915254237288 38 3 1 14]
[3.594602328028776 'Conceptual' 0.013865333263352621 0.30595088323958003
 0.423728813559322 38 3 1 15]
[3.8712284275560815 'Conceptual' 0.013865333263352621 0.30595088323958003
 0.1694915254237288 38 3 1 16]
[3.850176050043104 'Conceptual' 0.013865333263352621 0.30595088323958003
 0.1694915254237288 38 3 1 17]
[3.8286706048757204 'Conceptual' 0.013865333263352621 0.30595088323958003
 0.1694915254237288 38 3 1 18]
[4.1588830833596715 'Conceptual' 0.013865333263352621 0.30595088323958003
 3.0508474576271185 38 3 1 19]
[0.0 'Conceptual' 0.013865333263352621 0.30595088323958003 0.0 38 3 2 0]
[3.8842966519480098 'Conceptual' 0.013865333263352621 0.30595088323958003
 0.847457627118644 38 3 2 1]
[3.9293135131515755 'Conceptual' 0.013865333263352621 0.30595088323958003
 0.6271186440677965 38 3 2 2]
[3.1527326186016444 'Conceptual' 0.013865333263352621 0.30595088323958003
 1.2372881355932202 38 3 2 3]
[3.92245705838353 'Conceptual' 0.013865333263352621 0.30595088323958003
 0.5084745762711864 38 3 2 4]
[1.3465908552871446 'Conceptual' 0.013865333263352621 0.30595088323958003
 2.423728813559322 38 3 2 5]
[4.060444720789905 'Conceptual' 0.013865333263352621 0.30595088323958003
 0.1694915254237288 38 3 2 6]
[1.3609719032323835 'Conceptual' 0.013865333263352621 0.30595088323958003
 1.5762711864406778 38 3 2 7]
[4.025374179027351 'Conceptual' 0.013865333263352621 0.30595088323958003
 0.1694915254237288 38 3 2 8]
[0.9860115897599616 'Conceptual' 0.013865333263352621 0.30595088323958003
 1.2372881355932202 38 3 2 9]
[3.8492148547060268 'Conceptual' 0.013865333263352621 0.30595088323958003
 0.38983050847457623 38 3 2 10]
[3.262066624166343 'Conceptual' 0.013865333263352621 0.30595088323958003
 0.4915254237288135 38 3 2 11]
[3.755476837982141 'Conceptual' 0.013865333263352621 0.30595088323958003
 0.38983050847457623 38 3 2 12]
[3.9318529169300844 'Conceptual' 0.013865333263352621 0.30595088323958003
 0.1694915254237288 38 3 2 13]
[3.9120496013738073 'Conceptual' 0.013865333263352621 0.30595088323958003
 0.1694915254237288 38 3 2 14]
[3.594602328028776 'Conceptual' 0.013865333263352621 0.30595088323958003
 0.423728813559322 38 3 2 15]
[3.8712284275560815 'Conceptual' 0.013865333263352621 0.30595088323958003
 0.1694915254237288 38 3 2 16]
[3.850176050043104 'Conceptual' 0.013865333263352621 0.30595088323958003
 0.1694915254237288 38 3 2 17]
[3.8286706048757204 'Conceptual' 0.013865333263352621 0.30595088323958003
 0.1694915254237288 38 3 2 18]
[4.1588830833596715 'Conceptual' 0.013865333263352621 0.30595088323958003
 3.0508474576271185 38 3 2 19]
[0.0 'Conceptual' 0.013865333263352621 0.30595088323958003 0.0 38 3 4 0]
[3.8842966519480098 'Conceptual' 0.013865333263352621 0.30595088323958003
 0.847457627118644 38 3 4 1]
[3.9293135131515755 'Conceptual' 0.013865333263352621 0.30595088323958003
 0.6271186440677965 38 3 4 2]
[3.1527326186016444 'Conceptual' 0.013865333263352621 0.30595088323958003
 1.2372881355932202 38 3 4 3]
[3.92245705838353 'Conceptual' 0.013865333263352621 0.30595088323958003
 0.5084745762711864 38 3 4 4]
[1.3465908552871446 'Conceptual' 0.013865333263352621 0.30595088323958003
 2.423728813559322 38 3 4 5]
[4.060444720789905 'Conceptual' 0.013865333263352621 0.30595088323958003
 0.1694915254237288 38 3 4 6]
[1.3609719032323835 'Conceptual' 0.013865333263352621 0.30595088323958003
 1.5762711864406778 38 3 4 7]
[4.025374179027351 'Conceptual' 0.013865333263352621 0.30595088323958003
 0.1694915254237288 38 3 4 8]
[0.9860115897599616 'Conceptual' 0.013865333263352621 0.30595088323958003
 1.2372881355932202 38 3 4 9]
[3.8492148547060268 'Conceptual' 0.013865333263352621 0.30595088323958003
 0.38983050847457623 38 3 4 10]
[3.262066624166343 'Conceptual' 0.013865333263352621 0.30595088323958003
 0.4915254237288135 38 3 4 11]
[3.755476837982141 'Conceptual' 0.013865333263352621 0.30595088323958003
 0.38983050847457623 38 3 4 12]
[3.9318529169300844 'Conceptual' 0.013865333263352621 0.30595088323958003
 0.1694915254237288 38 3 4 13]
[3.9120496013738073 'Conceptual' 0.013865333263352621 0.30595088323958003
 0.1694915254237288 38 3 4 14]
[3.594602328028776 'Conceptual' 0.013865333263352621 0.30595088323958003
 0.423728813559322 38 3 4 15]
[3.8712284275560815 'Conceptual' 0.013865333263352621 0.30595088323958003
 0.1694915254237288 38 3 4 16]
[3.850176050043104 'Conceptual' 0.013865333263352621 0.30595088323958003
 0.1694915254237288 38 3 4 17]
[3.8286706048757204 'Conceptual' 0.013865333263352621 0.30595088323958003
 0.1694915254237288 38 3 4 18]
[4.1588830833596715 'Conceptual' 0.013865333263352621 0.30595088323958003
 3.0508474576271185 38 3 4 19]
[0.0 'Conceptual' 0.013865333263352621 0.30595088323958003 0.0 38 3 5 0]
[3.8842966519480098 'Conceptual' 0.013865333263352621 0.30595088323958003
 0.847457627118644 38 3 5 1]
[3.9293135131515755 'Conceptual' 0.013865333263352621 0.30595088323958003
 0.6271186440677965 38 3 5 2]
[3.1527326186016444 'Conceptual' 0.013865333263352621 0.30595088323958003
 1.2372881355932202 38 3 5 3]
[3.92245705838353 'Conceptual' 0.013865333263352621 0.30595088323958003
 0.5084745762711864 38 3 5 4]
[1.3465908552871446 'Conceptual' 0.013865333263352621 0.30595088323958003
 2.423728813559322 38 3 5 5]
[4.060444720789905 'Conceptual' 0.013865333263352621 0.30595088323958003
 0.1694915254237288 38 3 5 6]
[1.3609719032323835 'Conceptual' 0.013865333263352621 0.30595088323958003
 1.5762711864406778 38 3 5 7]
[4.025374179027351 'Conceptual' 0.013865333263352621 0.30595088323958003
 0.1694915254237288 38 3 5 8]
[0.9860115897599616 'Conceptual' 0.013865333263352621 0.30595088323958003
 1.2372881355932202 38 3 5 9]
[3.8492148547060268 'Conceptual' 0.013865333263352621 0.30595088323958003
 0.38983050847457623 38 3 5 10]
[3.262066624166343 'Conceptual' 0.013865333263352621 0.30595088323958003
 0.4915254237288135 38 3 5 11]
[3.755476837982141 'Conceptual' 0.013865333263352621 0.30595088323958003
 0.38983050847457623 38 3 5 12]
[3.9318529169300844 'Conceptual' 0.013865333263352621 0.30595088323958003
 0.1694915254237288 38 3 5 13]
[3.9120496013738073 'Conceptual' 0.013865333263352621 0.30595088323958003
 0.1694915254237288 38 3 5 14]
[3.594602328028776 'Conceptual' 0.013865333263352621 0.30595088323958003
 0.423728813559322 38 3 5 15]
[3.8712284275560815 'Conceptual' 0.013865333263352621 0.30595088323958003
 0.1694915254237288 38 3 5 16]
[3.850176050043104 'Conceptual' 0.013865333263352621 0.30595088323958003
 0.1694915254237288 38 3 5 17]
[3.8286706048757204 'Conceptual' 0.013865333263352621 0.30595088323958003
 0.1694915254237288 38 3 5 18]
[4.1588830833596715 'Conceptual' 0.013865333263352621 0.30595088323958003
 3.0508474576271185 38 3 5 19]
[0.0 'Conceptual' 0.013865333263352621 0.30595088323958003 0.0 38 3 6 0]
[3.8842966519480098 'Conceptual' 0.013865333263352621 0.30595088323958003
 0.847457627118644 38 3 6 1]
[3.9293135131515755 'Conceptual' 0.013865333263352621 0.30595088323958003
 0.6271186440677965 38 3 6 2]
[3.1527326186016444 'Conceptual' 0.013865333263352621 0.30595088323958003
 1.2372881355932202 38 3 6 3]
[3.92245705838353 'Conceptual' 0.013865333263352621 0.30595088323958003
 0.5084745762711864 38 3 6 4]
[1.3465908552871446 'Conceptual' 0.013865333263352621 0.30595088323958003
 2.423728813559322 38 3 6 5]
[4.060444720789905 'Conceptual' 0.013865333263352621 0.30595088323958003
 0.1694915254237288 38 3 6 6]
[1.3609719032323835 'Conceptual' 0.013865333263352621 0.30595088323958003
 1.5762711864406778 38 3 6 7]
[4.025374179027351 'Conceptual' 0.013865333263352621 0.30595088323958003
 0.1694915254237288 38 3 6 8]
[0.9860115897599616 'Conceptual' 0.013865333263352621 0.30595088323958003
 1.2372881355932202 38 3 6 9]
[3.8492148547060268 'Conceptual' 0.013865333263352621 0.30595088323958003
 0.38983050847457623 38 3 6 10]
[3.262066624166343 'Conceptual' 0.013865333263352621 0.30595088323958003
 0.4915254237288135 38 3 6 11]
[3.755476837982141 'Conceptual' 0.013865333263352621 0.30595088323958003
 0.38983050847457623 38 3 6 12]
[3.9318529169300844 'Conceptual' 0.013865333263352621 0.30595088323958003
 0.1694915254237288 38 3 6 13]
[3.9120496013738073 'Conceptual' 0.013865333263352621 0.30595088323958003
 0.1694915254237288 38 3 6 14]
[3.594602328028776 'Conceptual' 0.013865333263352621 0.30595088323958003
 0.423728813559322 38 3 6 15]
[3.8712284275560815 'Conceptual' 0.013865333263352621 0.30595088323958003
 0.1694915254237288 38 3 6 16]
[3.850176050043104 'Conceptual' 0.013865333263352621 0.30595088323958003
 0.1694915254237288 38 3 6 17]
[3.8286706048757204 'Conceptual' 0.013865333263352621 0.30595088323958003
 0.1694915254237288 38 3 6 18]
[4.1588830833596715 'Conceptual' 0.013865333263352621 0.30595088323958003
 3.0508474576271185 38 3 6 19]
[0.0 'Conceptual' 0.013865333263352621 0.30595088323958003 0.0 38 3 7 0]
[3.8842966519480098 'Conceptual' 0.013865333263352621 0.30595088323958003
 0.847457627118644 38 3 7 1]
[3.9293135131515755 'Conceptual' 0.013865333263352621 0.30595088323958003
 0.6271186440677965 38 3 7 2]
[3.1527326186016444 'Conceptual' 0.013865333263352621 0.30595088323958003
 1.2372881355932202 38 3 7 3]
[3.92245705838353 'Conceptual' 0.013865333263352621 0.30595088323958003
 0.5084745762711864 38 3 7 4]
[1.3465908552871446 'Conceptual' 0.013865333263352621 0.30595088323958003
 2.423728813559322 38 3 7 5]
[4.060444720789905 'Conceptual' 0.013865333263352621 0.30595088323958003
 0.1694915254237288 38 3 7 6]
[1.3609719032323835 'Conceptual' 0.013865333263352621 0.30595088323958003
 1.5762711864406778 38 3 7 7]
[4.025374179027351 'Conceptual' 0.013865333263352621 0.30595088323958003
 0.1694915254237288 38 3 7 8]
[0.9860115897599616 'Conceptual' 0.013865333263352621 0.30595088323958003
 1.2372881355932202 38 3 7 9]
[3.8492148547060268 'Conceptual' 0.013865333263352621 0.30595088323958003
 0.38983050847457623 38 3 7 10]
[3.262066624166343 'Conceptual' 0.013865333263352621 0.30595088323958003
 0.4915254237288135 38 3 7 11]
[3.755476837982141 'Conceptual' 0.013865333263352621 0.30595088323958003
 0.38983050847457623 38 3 7 12]
[3.9318529169300844 'Conceptual' 0.013865333263352621 0.30595088323958003
 0.1694915254237288 38 3 7 13]
[3.9120496013738073 'Conceptual' 0.013865333263352621 0.30595088323958003
 0.1694915254237288 38 3 7 14]
[3.594602328028776 'Conceptual' 0.013865333263352621 0.30595088323958003
 0.423728813559322 38 3 7 15]
[3.8712284275560815 'Conceptual' 0.013865333263352621 0.30595088323958003
 0.1694915254237288 38 3 7 16]
[3.850176050043104 'Conceptual' 0.013865333263352621 0.30595088323958003
 0.1694915254237288 38 3 7 17]
[3.8286706048757204 'Conceptual' 0.013865333263352621 0.30595088323958003
 0.1694915254237288 38 3 7 18]
[4.1588830833596715 'Conceptual' 0.013865333263352621 0.30595088323958003
 3.0508474576271185 38 3 7 19]
[0.0 'Conceptual' 0.013865333263352621 0.30595088323958003 0.0 38 3 8 0]
[3.8842966519480098 'Conceptual' 0.013865333263352621 0.30595088323958003
 0.847457627118644 38 3 8 1]
[3.9293135131515755 'Conceptual' 0.013865333263352621 0.30595088323958003
 0.6271186440677965 38 3 8 2]
[3.1527326186016444 'Conceptual' 0.013865333263352621 0.30595088323958003
 1.2372881355932202 38 3 8 3]
[3.92245705838353 'Conceptual' 0.013865333263352621 0.30595088323958003
 0.5084745762711864 38 3 8 4]
[1.3465908552871446 'Conceptual' 0.013865333263352621 0.30595088323958003
 2.423728813559322 38 3 8 5]
[4.060444720789905 'Conceptual' 0.013865333263352621 0.30595088323958003
 0.1694915254237288 38 3 8 6]
[1.3609719032323835 'Conceptual' 0.013865333263352621 0.30595088323958003
 1.5762711864406778 38 3 8 7]
[4.025374179027351 'Conceptual' 0.013865333263352621 0.30595088323958003
 0.1694915254237288 38 3 8 8]
[0.9860115897599616 'Conceptual' 0.013865333263352621 0.30595088323958003
 1.2372881355932202 38 3 8 9]
[3.8492148547060268 'Conceptual' 0.013865333263352621 0.30595088323958003
 0.38983050847457623 38 3 8 10]
[3.262066624166343 'Conceptual' 0.013865333263352621 0.30595088323958003
 0.4915254237288135 38 3 8 11]
[3.755476837982141 'Conceptual' 0.013865333263352621 0.30595088323958003
 0.38983050847457623 38 3 8 12]
[3.9318529169300844 'Conceptual' 0.013865333263352621 0.30595088323958003
 0.1694915254237288 38 3 8 13]
[3.9120496013738073 'Conceptual' 0.013865333263352621 0.30595088323958003
 0.1694915254237288 38 3 8 14]
[3.594602328028776 'Conceptual' 0.013865333263352621 0.30595088323958003
 0.423728813559322 38 3 8 15]
[3.8712284275560815 'Conceptual' 0.013865333263352621 0.30595088323958003
 0.1694915254237288 38 3 8 16]
[3.850176050043104 'Conceptual' 0.013865333263352621 0.30595088323958003
 0.1694915254237288 38 3 8 17]
[3.8286706048757204 'Conceptual' 0.013865333263352621 0.30595088323958003
 0.1694915254237288 38 3 8 18]
[4.1588830833596715 'Conceptual' 0.013865333263352621 0.30595088323958003
 3.0508474576271185 38 3 8 19]
