[0.0 'Spatial' 0.06024672764368716 0.06407784726288678 0.0 27 6 0 0]
[4.14813067107194 'Spatial' 0.06024672764368716 0.06407784726288678
 0.559322033898305 27 6 0 1]
[2.4696081952755367 'Spatial' 0.06024672764368716 0.06407784726288678
 1.1694915254237288 27 6 0 2]
[3.034898489926358 'Spatial' 0.06024672764368716 0.06407784726288678
 3.101694915254237 27 6 0 3]
[2.761540715484777 'Spatial' 0.06024672764368716 0.06407784726288678
 3.559322033898305 27 6 0 4]
[3.088828972216798 'Spatial' 0.06024672764368716 0.06407784726288678
 5.067796610169491 27 6 0 5]
[4.176581314854018 'Spatial' 0.06024672764368716 0.06407784726288678
 10.169491525423728 27 6 0 6]
[0.8644595903934735 'Spatial' 0.06024672764368716 0.06407784726288678
 0.1694915254237288 27 6 0 7]
[0.0007554948334804605 'Spatial' 0.06024672764368716 0.06407784726288678
 0.28135593220338984 27 6 0 8]
[0.1891505387353294 'Spatial' 0.06024672764368716 0.06407784726288678
 1.5254237288135593 27 6 0 9]
[3.346381892438715 'Spatial' 0.06024672764368716 0.06407784726288678
 6.35593220338983 27 6 0 10]
[0.0008852461290555176 'Spatial' 0.06024672764368716 0.06407784726288678
 1.3559322033898304 27 6 0 11]
[0.000629801633309997 'Spatial' 0.06024672764368716 0.06407784726288678
 1.1864406779661016 27 6 0 12]
[0.000629801633309997 'Spatial' 0.06024672764368716 0.06407784726288678
 0.6779661016949152 27 6 0 13]
[2.368312904904067 'Spatial' 0.06024672764368716 0.06407784726288678
 5.47457627118644 27 6 0 14]
[3.051764863053588 'Spatial' 0.06024672764368716 0.06407784726288678
 7.033898305084745 27 6 0 15]
[0.000629801633309997 'Spatial' 0.06024672764368716 0.06407784726288678
 0.6779661016949152 27 6 0 16]
[2.9214484234427016 'Spatial' 0.06024672764368716 0.06407784726288678
 6.999999999999999 27 6 0 17]
[0.000629801633309997 'Spatial' 0.06024672764368716 0.06407784726288678
 0.5084745762711864 27 6 0 18]
[0.000629801633309997 'Spatial' 0.06024672764368716 0.06407784726288678
 0.1694915254237288 27 6 0 19]
[0.0 'Spatial' 0.06024672764368716 0.06407784726288678 0.0 27 6 1 0]
[4.14813067107194 'Spatial' 0.06024672764368716 0.06407784726288678
 0.559322033898305 27 6 1 1]
[2.4696081952755367 'Spatial' 0.06024672764368716 0.06407784726288678
 1.1694915254237288 27 6 1 2]
[3.034898489926358 'Spatial' 0.06024672764368716 0.06407784726288678
 3.101694915254237 27 6 1 3]
[2.761540715484777 'Spatial' 0.06024672764368716 0.06407784726288678
 3.559322033898305 27 6 1 4]
[3.088828972216798 'Spatial' 0.06024672764368716 0.06407784726288678
 5.067796610169491 27 6 1 5]
[4.176581314854018 'Spatial' 0.06024672764368716 0.06407784726288678
 10.169491525423728 27 6 1 6]
[0.8644595903934735 'Spatial' 0.06024672764368716 0.06407784726288678
 0.1694915254237288 27 6 1 7]
[0.0007554948334804605 'Spatial' 0.06024672764368716 0.06407784726288678
 0.28135593220338984 27 6 1 8]
[0.1891505387353294 'Spatial' 0.06024672764368716 0.06407784726288678
 1.5254237288135593 27 6 1 9]
[3.346381892438715 'Spatial' 0.06024672764368716 0.06407784726288678
 6.35593220338983 27 6 1 10]
[0.0008852461290555176 'Spatial' 0.06024672764368716 0.06407784726288678
 1.3559322033898304 27 6 1 11]
[0.000629801633309997 'Spatial' 0.06024672764368716 0.06407784726288678
 1.1864406779661016 27 6 1 12]
[0.000629801633309997 'Spatial' 0.06024672764368716 0.06407784726288678
 0.6779661016949152 27 6 1 13]
[2.368312904904067 'Spatial' 0.06024672764368716 0.06407784726288678
 5.47457627118644 27 6 1 14]
[3.051764863053588 'Spatial' 0.06024672764368716 0.06407784726288678
 7.033898305084745 27 6 1 15]
[0.000629801633309997 'Spatial' 0.06024672764368716 0.06407784726288678
 0.6779661016949152 27 6 1 16]
[2.9214484234427016 'Spatial' 0.06024672764368716 0.06407784726288678
 6.999999999999999 27 6 1 17]
[0.000629801633309997 'Spatial' 0.06024672764368716 0.06407784726288678
 0.5084745762711864 27 6 1 18]
[0.000629801633309997 'Spatial' 0.06024672764368716 0.06407784726288678
 0.1694915254237288 27 6 1 19]
[0.0 'Spatial' 0.06024672764368716 0.06407784726288678 0.0 27 6 2 0]
[4.14813067107194 'Spatial' 0.06024672764368716 0.06407784726288678
 0.559322033898305 27 6 2 1]
[2.4696081952755367 'Spatial' 0.06024672764368716 0.06407784726288678
 1.1694915254237288 27 6 2 2]
[3.034898489926358 'Spatial' 0.06024672764368716 0.06407784726288678
 3.101694915254237 27 6 2 3]
[2.761540715484777 'Spatial' 0.06024672764368716 0.06407784726288678
 3.559322033898305 27 6 2 4]
[3.088828972216798 'Spatial' 0.06024672764368716 0.06407784726288678
 5.067796610169491 27 6 2 5]
[4.176581314854018 'Spatial' 0.06024672764368716 0.06407784726288678
 10.169491525423728 27 6 2 6]
[0.8644595903934735 'Spatial' 0.06024672764368716 0.06407784726288678
 0.1694915254237288 27 6 2 7]
[0.0007554948334804605 'Spatial' 0.06024672764368716 0.06407784726288678
 0.28135593220338984 27 6 2 8]
[0.1891505387353294 'Spatial' 0.06024672764368716 0.06407784726288678
 1.5254237288135593 27 6 2 9]
[3.346381892438715 'Spatial' 0.06024672764368716 0.06407784726288678
 6.35593220338983 27 6 2 10]
[0.0008852461290555176 'Spatial' 0.06024672764368716 0.06407784726288678
 1.3559322033898304 27 6 2 11]
[0.000629801633309997 'Spatial' 0.06024672764368716 0.06407784726288678
 1.1864406779661016 27 6 2 12]
[0.000629801633309997 'Spatial' 0.06024672764368716 0.06407784726288678
 0.6779661016949152 27 6 2 13]
[2.368312904904067 'Spatial' 0.06024672764368716 0.06407784726288678
 5.47457627118644 27 6 2 14]
[3.051764863053588 'Spatial' 0.06024672764368716 0.06407784726288678
 7.033898305084745 27 6 2 15]
[0.000629801633309997 'Spatial' 0.06024672764368716 0.06407784726288678
 0.6779661016949152 27 6 2 16]
[2.9214484234427016 'Spatial' 0.06024672764368716 0.06407784726288678
 6.999999999999999 27 6 2 17]
[0.000629801633309997 'Spatial' 0.06024672764368716 0.06407784726288678
 0.5084745762711864 27 6 2 18]
[0.000629801633309997 'Spatial' 0.06024672764368716 0.06407784726288678
 0.1694915254237288 27 6 2 19]
[0.0 'Spatial' 0.06024672764368716 0.06407784726288678 0.0 27 6 3 0]
[4.14813067107194 'Spatial' 0.06024672764368716 0.06407784726288678
 0.559322033898305 27 6 3 1]
[2.4696081952755367 'Spatial' 0.06024672764368716 0.06407784726288678
 1.1694915254237288 27 6 3 2]
[3.034898489926358 'Spatial' 0.06024672764368716 0.06407784726288678
 3.101694915254237 27 6 3 3]
[2.761540715484777 'Spatial' 0.06024672764368716 0.06407784726288678
 3.559322033898305 27 6 3 4]
[3.088828972216798 'Spatial' 0.06024672764368716 0.06407784726288678
 5.067796610169491 27 6 3 5]
[4.176581314854018 'Spatial' 0.06024672764368716 0.06407784726288678
 10.169491525423728 27 6 3 6]
[0.8644595903934735 'Spatial' 0.06024672764368716 0.06407784726288678
 0.1694915254237288 27 6 3 7]
[0.0007554948334804605 'Spatial' 0.06024672764368716 0.06407784726288678
 0.28135593220338984 27 6 3 8]
[0.1891505387353294 'Spatial' 0.06024672764368716 0.06407784726288678
 1.5254237288135593 27 6 3 9]
[3.346381892438715 'Spatial' 0.06024672764368716 0.06407784726288678
 6.35593220338983 27 6 3 10]
[0.0008852461290555176 'Spatial' 0.06024672764368716 0.06407784726288678
 1.3559322033898304 27 6 3 11]
[0.000629801633309997 'Spatial' 0.06024672764368716 0.06407784726288678
 1.1864406779661016 27 6 3 12]
[0.000629801633309997 'Spatial' 0.06024672764368716 0.06407784726288678
 0.6779661016949152 27 6 3 13]
[2.368312904904067 'Spatial' 0.06024672764368716 0.06407784726288678
 5.47457627118644 27 6 3 14]
[3.051764863053588 'Spatial' 0.06024672764368716 0.06407784726288678
 7.033898305084745 27 6 3 15]
[0.000629801633309997 'Spatial' 0.06024672764368716 0.06407784726288678
 0.6779661016949152 27 6 3 16]
[2.9214484234427016 'Spatial' 0.06024672764368716 0.06407784726288678
 6.999999999999999 27 6 3 17]
[0.000629801633309997 'Spatial' 0.06024672764368716 0.06407784726288678
 0.5084745762711864 27 6 3 18]
[0.000629801633309997 'Spatial' 0.06024672764368716 0.06407784726288678
 0.1694915254237288 27 6 3 19]
[0.0 'Spatial' 0.06024672764368716 0.06407784726288678 0.0 27 6 4 0]
[4.14813067107194 'Spatial' 0.06024672764368716 0.06407784726288678
 0.559322033898305 27 6 4 1]
[2.4696081952755367 'Spatial' 0.06024672764368716 0.06407784726288678
 1.1694915254237288 27 6 4 2]
[3.034898489926358 'Spatial' 0.06024672764368716 0.06407784726288678
 3.101694915254237 27 6 4 3]
[2.761540715484777 'Spatial' 0.06024672764368716 0.06407784726288678
 3.559322033898305 27 6 4 4]
[3.088828972216798 'Spatial' 0.06024672764368716 0.06407784726288678
 5.067796610169491 27 6 4 5]
[4.176581314854018 'Spatial' 0.06024672764368716 0.06407784726288678
 10.169491525423728 27 6 4 6]
[0.8644595903934735 'Spatial' 0.06024672764368716 0.06407784726288678
 0.1694915254237288 27 6 4 7]
[0.0007554948334804605 'Spatial' 0.06024672764368716 0.06407784726288678
 0.28135593220338984 27 6 4 8]
[0.1891505387353294 'Spatial' 0.06024672764368716 0.06407784726288678
 1.5254237288135593 27 6 4 9]
[3.346381892438715 'Spatial' 0.06024672764368716 0.06407784726288678
 6.35593220338983 27 6 4 10]
[0.0008852461290555176 'Spatial' 0.06024672764368716 0.06407784726288678
 1.3559322033898304 27 6 4 11]
[0.000629801633309997 'Spatial' 0.06024672764368716 0.06407784726288678
 1.1864406779661016 27 6 4 12]
[0.000629801633309997 'Spatial' 0.06024672764368716 0.06407784726288678
 0.6779661016949152 27 6 4 13]
[2.368312904904067 'Spatial' 0.06024672764368716 0.06407784726288678
 5.47457627118644 27 6 4 14]
[3.051764863053588 'Spatial' 0.06024672764368716 0.06407784726288678
 7.033898305084745 27 6 4 15]
[0.000629801633309997 'Spatial' 0.06024672764368716 0.06407784726288678
 0.6779661016949152 27 6 4 16]
[2.9214484234427016 'Spatial' 0.06024672764368716 0.06407784726288678
 6.999999999999999 27 6 4 17]
[0.000629801633309997 'Spatial' 0.06024672764368716 0.06407784726288678
 0.5084745762711864 27 6 4 18]
[0.000629801633309997 'Spatial' 0.06024672764368716 0.06407784726288678
 0.1694915254237288 27 6 4 19]
[0.0 'Spatial' 0.06024672764368716 0.06407784726288678 0.0 27 6 5 0]
[4.14813067107194 'Spatial' 0.06024672764368716 0.06407784726288678
 0.559322033898305 27 6 5 1]
[2.4696081952755367 'Spatial' 0.06024672764368716 0.06407784726288678
 1.1694915254237288 27 6 5 2]
[3.034898489926358 'Spatial' 0.06024672764368716 0.06407784726288678
 3.101694915254237 27 6 5 3]
[2.761540715484777 'Spatial' 0.06024672764368716 0.06407784726288678
 3.559322033898305 27 6 5 4]
[3.088828972216798 'Spatial' 0.06024672764368716 0.06407784726288678
 5.067796610169491 27 6 5 5]
[4.176581314854018 'Spatial' 0.06024672764368716 0.06407784726288678
 10.169491525423728 27 6 5 6]
[0.8644595903934735 'Spatial' 0.06024672764368716 0.06407784726288678
 0.1694915254237288 27 6 5 7]
[0.0007554948334804605 'Spatial' 0.06024672764368716 0.06407784726288678
 0.28135593220338984 27 6 5 8]
[0.1891505387353294 'Spatial' 0.06024672764368716 0.06407784726288678
 1.5254237288135593 27 6 5 9]
[3.346381892438715 'Spatial' 0.06024672764368716 0.06407784726288678
 6.35593220338983 27 6 5 10]
[0.0008852461290555176 'Spatial' 0.06024672764368716 0.06407784726288678
 1.3559322033898304 27 6 5 11]
[0.000629801633309997 'Spatial' 0.06024672764368716 0.06407784726288678
 1.1864406779661016 27 6 5 12]
[0.000629801633309997 'Spatial' 0.06024672764368716 0.06407784726288678
 0.6779661016949152 27 6 5 13]
[2.368312904904067 'Spatial' 0.06024672764368716 0.06407784726288678
 5.47457627118644 27 6 5 14]
[3.051764863053588 'Spatial' 0.06024672764368716 0.06407784726288678
 7.033898305084745 27 6 5 15]
[0.000629801633309997 'Spatial' 0.06024672764368716 0.06407784726288678
 0.6779661016949152 27 6 5 16]
[2.9214484234427016 'Spatial' 0.06024672764368716 0.06407784726288678
 6.999999999999999 27 6 5 17]
[0.000629801633309997 'Spatial' 0.06024672764368716 0.06407784726288678
 0.5084745762711864 27 6 5 18]
[0.000629801633309997 'Spatial' 0.06024672764368716 0.06407784726288678
 0.1694915254237288 27 6 5 19]
[0.0 'Spatial' 0.06024672764368716 0.06407784726288678 0.0 27 6 7 0]
[4.14813067107194 'Spatial' 0.06024672764368716 0.06407784726288678
 0.559322033898305 27 6 7 1]
[2.4696081952755367 'Spatial' 0.06024672764368716 0.06407784726288678
 1.1694915254237288 27 6 7 2]
[3.034898489926358 'Spatial' 0.06024672764368716 0.06407784726288678
 3.101694915254237 27 6 7 3]
[2.761540715484777 'Spatial' 0.06024672764368716 0.06407784726288678
 3.559322033898305 27 6 7 4]
[3.088828972216798 'Spatial' 0.06024672764368716 0.06407784726288678
 5.067796610169491 27 6 7 5]
[4.176581314854018 'Spatial' 0.06024672764368716 0.06407784726288678
 10.169491525423728 27 6 7 6]
[0.8644595903934735 'Spatial' 0.06024672764368716 0.06407784726288678
 0.1694915254237288 27 6 7 7]
[0.0007554948334804605 'Spatial' 0.06024672764368716 0.06407784726288678
 0.28135593220338984 27 6 7 8]
[0.1891505387353294 'Spatial' 0.06024672764368716 0.06407784726288678
 1.5254237288135593 27 6 7 9]
[3.346381892438715 'Spatial' 0.06024672764368716 0.06407784726288678
 6.35593220338983 27 6 7 10]
[0.0008852461290555176 'Spatial' 0.06024672764368716 0.06407784726288678
 1.3559322033898304 27 6 7 11]
[0.000629801633309997 'Spatial' 0.06024672764368716 0.06407784726288678
 1.1864406779661016 27 6 7 12]
[0.000629801633309997 'Spatial' 0.06024672764368716 0.06407784726288678
 0.6779661016949152 27 6 7 13]
[2.368312904904067 'Spatial' 0.06024672764368716 0.06407784726288678
 5.47457627118644 27 6 7 14]
[3.051764863053588 'Spatial' 0.06024672764368716 0.06407784726288678
 7.033898305084745 27 6 7 15]
[0.000629801633309997 'Spatial' 0.06024672764368716 0.06407784726288678
 0.6779661016949152 27 6 7 16]
[2.9214484234427016 'Spatial' 0.06024672764368716 0.06407784726288678
 6.999999999999999 27 6 7 17]
[0.000629801633309997 'Spatial' 0.06024672764368716 0.06407784726288678
 0.5084745762711864 27 6 7 18]
[0.000629801633309997 'Spatial' 0.06024672764368716 0.06407784726288678
 0.1694915254237288 27 6 7 19]
[0.0 'Spatial' 0.06024672764368716 0.06407784726288678 0.0 27 6 8 0]
[4.14813067107194 'Spatial' 0.06024672764368716 0.06407784726288678
 0.559322033898305 27 6 8 1]
[2.4696081952755367 'Spatial' 0.06024672764368716 0.06407784726288678
 1.1694915254237288 27 6 8 2]
[3.034898489926358 'Spatial' 0.06024672764368716 0.06407784726288678
 3.101694915254237 27 6 8 3]
[2.761540715484777 'Spatial' 0.06024672764368716 0.06407784726288678
 3.559322033898305 27 6 8 4]
[3.088828972216798 'Spatial' 0.06024672764368716 0.06407784726288678
 5.067796610169491 27 6 8 5]
[4.176581314854018 'Spatial' 0.06024672764368716 0.06407784726288678
 10.169491525423728 27 6 8 6]
[0.8644595903934735 'Spatial' 0.06024672764368716 0.06407784726288678
 0.1694915254237288 27 6 8 7]
[0.0007554948334804605 'Spatial' 0.06024672764368716 0.06407784726288678
 0.28135593220338984 27 6 8 8]
[0.1891505387353294 'Spatial' 0.06024672764368716 0.06407784726288678
 1.5254237288135593 27 6 8 9]
[3.346381892438715 'Spatial' 0.06024672764368716 0.06407784726288678
 6.35593220338983 27 6 8 10]
[0.0008852461290555176 'Spatial' 0.06024672764368716 0.06407784726288678
 1.3559322033898304 27 6 8 11]
[0.000629801633309997 'Spatial' 0.06024672764368716 0.06407784726288678
 1.1864406779661016 27 6 8 12]
[0.000629801633309997 'Spatial' 0.06024672764368716 0.06407784726288678
 0.6779661016949152 27 6 8 13]
[2.368312904904067 'Spatial' 0.06024672764368716 0.06407784726288678
 5.47457627118644 27 6 8 14]
[3.051764863053588 'Spatial' 0.06024672764368716 0.06407784726288678
 7.033898305084745 27 6 8 15]
[0.000629801633309997 'Spatial' 0.06024672764368716 0.06407784726288678
 0.6779661016949152 27 6 8 16]
[2.9214484234427016 'Spatial' 0.06024672764368716 0.06407784726288678
 6.999999999999999 27 6 8 17]
[0.000629801633309997 'Spatial' 0.06024672764368716 0.06407784726288678
 0.5084745762711864 27 6 8 18]
[0.000629801633309997 'Spatial' 0.06024672764368716 0.06407784726288678
 0.1694915254237288 27 6 8 19]
