[0.0 'Spatial' 0.029860659020622553 0.38579475858806467 0.0 72 8 0 0]
[3.878383701553121 'Spatial' 0.029860659020622553 0.38579475858806467
 1.0169491525423728 72 8 0 1]
[3.9456767226407097 'Spatial' 0.029860659020622553 0.38579475858806467
 0.6610169491525423 72 8 0 2]
[2.2902152074548807 'Spatial' 0.029860659020622553 0.38579475858806467
 1.0677966101694913 72 8 0 3]
[0.07389204139255678 'Spatial' 0.029860659020622553 0.38579475858806467
 1.1016949152542372 72 8 0 4]
[0.0006298016333097749 'Spatial' 0.029860659020622553 0.38579475858806467
 0.1694915254237288 72 8 0 5]
[1.5937017591330152 'Spatial' 0.029860659020622553 0.38579475858806467
 3.7796610169491522 72 8 0 6]
[3.7550733670673053 'Spatial' 0.029860659020622553 0.38579475858806467
 4.322033898305084 72 8 0 7]
[0.05460285610430629 'Spatial' 0.029860659020622553 0.38579475858806467
 1.8644067796610169 72 8 0 8]
[2.2002084697658746 'Spatial' 0.029860659020622553 0.38579475858806467
 4.11864406779661 72 8 0 9]
[0.0006298016333097749 'Spatial' 0.029860659020622553 0.38579475858806467
 0.847457627118644 72 8 0 10]
[2.0782198708543196 'Spatial' 0.029860659020622553 0.38579475858806467
 3.9830508474576267 72 8 0 11]
[1.9340020515775211 'Spatial' 0.029860659020622553 0.38579475858806467
 3.8813559322033897 72 8 0 12]
[0.0006300080049696131 'Spatial' 0.029860659020622553 0.38579475858806467
 1.1864406779661016 72 8 0 13]
[0.0006298016333097749 'Spatial' 0.029860659020622553 0.38579475858806467
 0.1694915254237288 72 8 0 14]
[1.88987734690754 'Spatial' 0.029860659020622553 0.38579475858806467
 3.813559322033898 72 8 0 15]
[1.767044874113245 'Spatial' 0.029860659020622553 0.38579475858806467
 3.7796610169491522 72 8 0 16]
[0.0008346701334551559 'Spatial' 0.029860659020622553 0.38579475858806467
 1.3559322033898304 72 8 0 17]
[1.7150335766754459 'Spatial' 0.029860659020622553 0.38579475858806467
 3.7288135593220337 72 8 0 18]
[0.8242446379219894 'Spatial' 0.029860659020622553 0.38579475858806467
 0.7288135593220338 72 8 0 19]
[0.0 'Spatial' 0.029860659020622553 0.38579475858806467 0.0 72 8 1 0]
[3.878383701553121 'Spatial' 0.029860659020622553 0.38579475858806467
 1.0169491525423728 72 8 1 1]
[3.9456767226407097 'Spatial' 0.029860659020622553 0.38579475858806467
 0.6610169491525423 72 8 1 2]
[2.2902152074548807 'Spatial' 0.029860659020622553 0.38579475858806467
 1.0677966101694913 72 8 1 3]
[0.07389204139255678 'Spatial' 0.029860659020622553 0.38579475858806467
 1.1016949152542372 72 8 1 4]
[0.0006298016333097749 'Spatial' 0.029860659020622553 0.38579475858806467
 0.1694915254237288 72 8 1 5]
[1.5937017591330152 'Spatial' 0.029860659020622553 0.38579475858806467
 3.7796610169491522 72 8 1 6]
[3.7550733670673053 'Spatial' 0.029860659020622553 0.38579475858806467
 4.322033898305084 72 8 1 7]
[0.05460285610430629 'Spatial' 0.029860659020622553 0.38579475858806467
 1.8644067796610169 72 8 1 8]
[2.2002084697658746 'Spatial' 0.029860659020622553 0.38579475858806467
 4.11864406779661 72 8 1 9]
[0.0006298016333097749 'Spatial' 0.029860659020622553 0.38579475858806467
 0.847457627118644 72 8 1 10]
[2.0782198708543196 'Spatial' 0.029860659020622553 0.38579475858806467
 3.9830508474576267 72 8 1 11]
[1.9340020515775211 'Spatial' 0.029860659020622553 0.38579475858806467
 3.8813559322033897 72 8 1 12]
[0.0006300080049696131 'Spatial' 0.029860659020622553 0.38579475858806467
 1.1864406779661016 72 8 1 13]
[0.0006298016333097749 'Spatial' 0.029860659020622553 0.38579475858806467
 0.1694915254237288 72 8 1 14]
[1.88987734690754 'Spatial' 0.029860659020622553 0.38579475858806467
 3.813559322033898 72 8 1 15]
[1.767044874113245 'Spatial' 0.029860659020622553 0.38579475858806467
 3.7796610169491522 72 8 1 16]
[0.0008346701334551559 'Spatial' 0.029860659020622553 0.38579475858806467
 1.3559322033898304 72 8 1 17]
[1.7150335766754459 'Spatial' 0.029860659020622553 0.38579475858806467
 3.7288135593220337 72 8 1 18]
[0.8242446379219894 'Spatial' 0.029860659020622553 0.38579475858806467
 0.7288135593220338 72 8 1 19]
[0.0 'Spatial' 0.029860659020622553 0.38579475858806467 0.0 72 8 2 0]
[3.878383701553121 'Spatial' 0.029860659020622553 0.38579475858806467
 1.0169491525423728 72 8 2 1]
[3.9456767226407097 'Spatial' 0.029860659020622553 0.38579475858806467
 0.6610169491525423 72 8 2 2]
[2.2902152074548807 'Spatial' 0.029860659020622553 0.38579475858806467
 1.0677966101694913 72 8 2 3]
[0.07389204139255678 'Spatial' 0.029860659020622553 0.38579475858806467
 1.1016949152542372 72 8 2 4]
[0.0006298016333097749 'Spatial' 0.029860659020622553 0.38579475858806467
 0.1694915254237288 72 8 2 5]
[1.5937017591330152 'Spatial' 0.029860659020622553 0.38579475858806467
 3.7796610169491522 72 8 2 6]
[3.7550733670673053 'Spatial' 0.029860659020622553 0.38579475858806467
 4.322033898305084 72 8 2 7]
[0.05460285610430629 'Spatial' 0.029860659020622553 0.38579475858806467
 1.8644067796610169 72 8 2 8]
[2.2002084697658746 'Spatial' 0.029860659020622553 0.38579475858806467
 4.11864406779661 72 8 2 9]
[0.0006298016333097749 'Spatial' 0.029860659020622553 0.38579475858806467
 0.847457627118644 72 8 2 10]
[2.0782198708543196 'Spatial' 0.029860659020622553 0.38579475858806467
 3.9830508474576267 72 8 2 11]
[1.9340020515775211 'Spatial' 0.029860659020622553 0.38579475858806467
 3.8813559322033897 72 8 2 12]
[0.0006300080049696131 'Spatial' 0.029860659020622553 0.38579475858806467
 1.1864406779661016 72 8 2 13]
[0.0006298016333097749 'Spatial' 0.029860659020622553 0.38579475858806467
 0.1694915254237288 72 8 2 14]
[1.88987734690754 'Spatial' 0.029860659020622553 0.38579475858806467
 3.813559322033898 72 8 2 15]
[1.767044874113245 'Spatial' 0.029860659020622553 0.38579475858806467
 3.7796610169491522 72 8 2 16]
[0.0008346701334551559 'Spatial' 0.029860659020622553 0.38579475858806467
 1.3559322033898304 72 8 2 17]
[1.7150335766754459 'Spatial' 0.029860659020622553 0.38579475858806467
 3.7288135593220337 72 8 2 18]
[0.8242446379219894 'Spatial' 0.029860659020622553 0.38579475858806467
 0.7288135593220338 72 8 2 19]
[0.0 'Spatial' 0.029860659020622553 0.38579475858806467 0.0 72 8 3 0]
[3.878383701553121 'Spatial' 0.029860659020622553 0.38579475858806467
 1.0169491525423728 72 8 3 1]
[3.9456767226407097 'Spatial' 0.029860659020622553 0.38579475858806467
 0.6610169491525423 72 8 3 2]
[2.2902152074548807 'Spatial' 0.029860659020622553 0.38579475858806467
 1.0677966101694913 72 8 3 3]
[0.07389204139255678 'Spatial' 0.029860659020622553 0.38579475858806467
 1.1016949152542372 72 8 3 4]
[0.0006298016333097749 'Spatial' 0.029860659020622553 0.38579475858806467
 0.1694915254237288 72 8 3 5]
[1.5937017591330152 'Spatial' 0.029860659020622553 0.38579475858806467
 3.7796610169491522 72 8 3 6]
[3.7550733670673053 'Spatial' 0.029860659020622553 0.38579475858806467
 4.322033898305084 72 8 3 7]
[0.05460285610430629 'Spatial' 0.029860659020622553 0.38579475858806467
 1.8644067796610169 72 8 3 8]
[2.2002084697658746 'Spatial' 0.029860659020622553 0.38579475858806467
 4.11864406779661 72 8 3 9]
[0.0006298016333097749 'Spatial' 0.029860659020622553 0.38579475858806467
 0.847457627118644 72 8 3 10]
[2.0782198708543196 'Spatial' 0.029860659020622553 0.38579475858806467
 3.9830508474576267 72 8 3 11]
[1.9340020515775211 'Spatial' 0.029860659020622553 0.38579475858806467
 3.8813559322033897 72 8 3 12]
[0.0006300080049696131 'Spatial' 0.029860659020622553 0.38579475858806467
 1.1864406779661016 72 8 3 13]
[0.0006298016333097749 'Spatial' 0.029860659020622553 0.38579475858806467
 0.1694915254237288 72 8 3 14]
[1.88987734690754 'Spatial' 0.029860659020622553 0.38579475858806467
 3.813559322033898 72 8 3 15]
[1.767044874113245 'Spatial' 0.029860659020622553 0.38579475858806467
 3.7796610169491522 72 8 3 16]
[0.0008346701334551559 'Spatial' 0.029860659020622553 0.38579475858806467
 1.3559322033898304 72 8 3 17]
[1.7150335766754459 'Spatial' 0.029860659020622553 0.38579475858806467
 3.7288135593220337 72 8 3 18]
[0.8242446379219894 'Spatial' 0.029860659020622553 0.38579475858806467
 0.7288135593220338 72 8 3 19]
[0.0 'Spatial' 0.029860659020622553 0.38579475858806467 0.0 72 8 4 0]
[3.878383701553121 'Spatial' 0.029860659020622553 0.38579475858806467
 1.0169491525423728 72 8 4 1]
[3.9456767226407097 'Spatial' 0.029860659020622553 0.38579475858806467
 0.6610169491525423 72 8 4 2]
[2.2902152074548807 'Spatial' 0.029860659020622553 0.38579475858806467
 1.0677966101694913 72 8 4 3]
[0.07389204139255678 'Spatial' 0.029860659020622553 0.38579475858806467
 1.1016949152542372 72 8 4 4]
[0.0006298016333097749 'Spatial' 0.029860659020622553 0.38579475858806467
 0.1694915254237288 72 8 4 5]
[1.5937017591330152 'Spatial' 0.029860659020622553 0.38579475858806467
 3.7796610169491522 72 8 4 6]
[3.7550733670673053 'Spatial' 0.029860659020622553 0.38579475858806467
 4.322033898305084 72 8 4 7]
[0.05460285610430629 'Spatial' 0.029860659020622553 0.38579475858806467
 1.8644067796610169 72 8 4 8]
[2.2002084697658746 'Spatial' 0.029860659020622553 0.38579475858806467
 4.11864406779661 72 8 4 9]
[0.0006298016333097749 'Spatial' 0.029860659020622553 0.38579475858806467
 0.847457627118644 72 8 4 10]
[2.0782198708543196 'Spatial' 0.029860659020622553 0.38579475858806467
 3.9830508474576267 72 8 4 11]
[1.9340020515775211 'Spatial' 0.029860659020622553 0.38579475858806467
 3.8813559322033897 72 8 4 12]
[0.0006300080049696131 'Spatial' 0.029860659020622553 0.38579475858806467
 1.1864406779661016 72 8 4 13]
[0.0006298016333097749 'Spatial' 0.029860659020622553 0.38579475858806467
 0.1694915254237288 72 8 4 14]
[1.88987734690754 'Spatial' 0.029860659020622553 0.38579475858806467
 3.813559322033898 72 8 4 15]
[1.767044874113245 'Spatial' 0.029860659020622553 0.38579475858806467
 3.7796610169491522 72 8 4 16]
[0.0008346701334551559 'Spatial' 0.029860659020622553 0.38579475858806467
 1.3559322033898304 72 8 4 17]
[1.7150335766754459 'Spatial' 0.029860659020622553 0.38579475858806467
 3.7288135593220337 72 8 4 18]
[0.8242446379219894 'Spatial' 0.029860659020622553 0.38579475858806467
 0.7288135593220338 72 8 4 19]
[0.0 'Spatial' 0.029860659020622553 0.38579475858806467 0.0 72 8 5 0]
[3.878383701553121 'Spatial' 0.029860659020622553 0.38579475858806467
 1.0169491525423728 72 8 5 1]
[3.9456767226407097 'Spatial' 0.029860659020622553 0.38579475858806467
 0.6610169491525423 72 8 5 2]
[2.2902152074548807 'Spatial' 0.029860659020622553 0.38579475858806467
 1.0677966101694913 72 8 5 3]
[0.07389204139255678 'Spatial' 0.029860659020622553 0.38579475858806467
 1.1016949152542372 72 8 5 4]
[0.0006298016333097749 'Spatial' 0.029860659020622553 0.38579475858806467
 0.1694915254237288 72 8 5 5]
[1.5937017591330152 'Spatial' 0.029860659020622553 0.38579475858806467
 3.7796610169491522 72 8 5 6]
[3.7550733670673053 'Spatial' 0.029860659020622553 0.38579475858806467
 4.322033898305084 72 8 5 7]
[0.05460285610430629 'Spatial' 0.029860659020622553 0.38579475858806467
 1.8644067796610169 72 8 5 8]
[2.2002084697658746 'Spatial' 0.029860659020622553 0.38579475858806467
 4.11864406779661 72 8 5 9]
[0.0006298016333097749 'Spatial' 0.029860659020622553 0.38579475858806467
 0.847457627118644 72 8 5 10]
[2.0782198708543196 'Spatial' 0.029860659020622553 0.38579475858806467
 3.9830508474576267 72 8 5 11]
[1.9340020515775211 'Spatial' 0.029860659020622553 0.38579475858806467
 3.8813559322033897 72 8 5 12]
[0.0006300080049696131 'Spatial' 0.029860659020622553 0.38579475858806467
 1.1864406779661016 72 8 5 13]
[0.0006298016333097749 'Spatial' 0.029860659020622553 0.38579475858806467
 0.1694915254237288 72 8 5 14]
[1.88987734690754 'Spatial' 0.029860659020622553 0.38579475858806467
 3.813559322033898 72 8 5 15]
[1.767044874113245 'Spatial' 0.029860659020622553 0.38579475858806467
 3.7796610169491522 72 8 5 16]
[0.0008346701334551559 'Spatial' 0.029860659020622553 0.38579475858806467
 1.3559322033898304 72 8 5 17]
[1.7150335766754459 'Spatial' 0.029860659020622553 0.38579475858806467
 3.7288135593220337 72 8 5 18]
[0.8242446379219894 'Spatial' 0.029860659020622553 0.38579475858806467
 0.7288135593220338 72 8 5 19]
[0.0 'Spatial' 0.029860659020622553 0.38579475858806467 0.0 72 8 6 0]
[3.878383701553121 'Spatial' 0.029860659020622553 0.38579475858806467
 1.0169491525423728 72 8 6 1]
[3.9456767226407097 'Spatial' 0.029860659020622553 0.38579475858806467
 0.6610169491525423 72 8 6 2]
[2.2902152074548807 'Spatial' 0.029860659020622553 0.38579475858806467
 1.0677966101694913 72 8 6 3]
[0.07389204139255678 'Spatial' 0.029860659020622553 0.38579475858806467
 1.1016949152542372 72 8 6 4]
[0.0006298016333097749 'Spatial' 0.029860659020622553 0.38579475858806467
 0.1694915254237288 72 8 6 5]
[1.5937017591330152 'Spatial' 0.029860659020622553 0.38579475858806467
 3.7796610169491522 72 8 6 6]
[3.7550733670673053 'Spatial' 0.029860659020622553 0.38579475858806467
 4.322033898305084 72 8 6 7]
[0.05460285610430629 'Spatial' 0.029860659020622553 0.38579475858806467
 1.8644067796610169 72 8 6 8]
[2.2002084697658746 'Spatial' 0.029860659020622553 0.38579475858806467
 4.11864406779661 72 8 6 9]
[0.0006298016333097749 'Spatial' 0.029860659020622553 0.38579475858806467
 0.847457627118644 72 8 6 10]
[2.0782198708543196 'Spatial' 0.029860659020622553 0.38579475858806467
 3.9830508474576267 72 8 6 11]
[1.9340020515775211 'Spatial' 0.029860659020622553 0.38579475858806467
 3.8813559322033897 72 8 6 12]
[0.0006300080049696131 'Spatial' 0.029860659020622553 0.38579475858806467
 1.1864406779661016 72 8 6 13]
[0.0006298016333097749 'Spatial' 0.029860659020622553 0.38579475858806467
 0.1694915254237288 72 8 6 14]
[1.88987734690754 'Spatial' 0.029860659020622553 0.38579475858806467
 3.813559322033898 72 8 6 15]
[1.767044874113245 'Spatial' 0.029860659020622553 0.38579475858806467
 3.7796610169491522 72 8 6 16]
[0.0008346701334551559 'Spatial' 0.029860659020622553 0.38579475858806467
 1.3559322033898304 72 8 6 17]
[1.7150335766754459 'Spatial' 0.029860659020622553 0.38579475858806467
 3.7288135593220337 72 8 6 18]
[0.8242446379219894 'Spatial' 0.029860659020622553 0.38579475858806467
 0.7288135593220338 72 8 6 19]
[0.0 'Spatial' 0.029860659020622553 0.38579475858806467 0.0 72 8 7 0]
[3.878383701553121 'Spatial' 0.029860659020622553 0.38579475858806467
 1.0169491525423728 72 8 7 1]
[3.9456767226407097 'Spatial' 0.029860659020622553 0.38579475858806467
 0.6610169491525423 72 8 7 2]
[2.2902152074548807 'Spatial' 0.029860659020622553 0.38579475858806467
 1.0677966101694913 72 8 7 3]
[0.07389204139255678 'Spatial' 0.029860659020622553 0.38579475858806467
 1.1016949152542372 72 8 7 4]
[0.0006298016333097749 'Spatial' 0.029860659020622553 0.38579475858806467
 0.1694915254237288 72 8 7 5]
[1.5937017591330152 'Spatial' 0.029860659020622553 0.38579475858806467
 3.7796610169491522 72 8 7 6]
[3.7550733670673053 'Spatial' 0.029860659020622553 0.38579475858806467
 4.322033898305084 72 8 7 7]
[0.05460285610430629 'Spatial' 0.029860659020622553 0.38579475858806467
 1.8644067796610169 72 8 7 8]
[2.2002084697658746 'Spatial' 0.029860659020622553 0.38579475858806467
 4.11864406779661 72 8 7 9]
[0.0006298016333097749 'Spatial' 0.029860659020622553 0.38579475858806467
 0.847457627118644 72 8 7 10]
[2.0782198708543196 'Spatial' 0.029860659020622553 0.38579475858806467
 3.9830508474576267 72 8 7 11]
[1.9340020515775211 'Spatial' 0.029860659020622553 0.38579475858806467
 3.8813559322033897 72 8 7 12]
[0.0006300080049696131 'Spatial' 0.029860659020622553 0.38579475858806467
 1.1864406779661016 72 8 7 13]
[0.0006298016333097749 'Spatial' 0.029860659020622553 0.38579475858806467
 0.1694915254237288 72 8 7 14]
[1.88987734690754 'Spatial' 0.029860659020622553 0.38579475858806467
 3.813559322033898 72 8 7 15]
[1.767044874113245 'Spatial' 0.029860659020622553 0.38579475858806467
 3.7796610169491522 72 8 7 16]
[0.0008346701334551559 'Spatial' 0.029860659020622553 0.38579475858806467
 1.3559322033898304 72 8 7 17]
[1.7150335766754459 'Spatial' 0.029860659020622553 0.38579475858806467
 3.7288135593220337 72 8 7 18]
[0.8242446379219894 'Spatial' 0.029860659020622553 0.38579475858806467
 0.7288135593220338 72 8 7 19]
