[0.0 'Spatial' 0.07759019919133188 0.014168476121017385 0.0 54 4 0 0]
[4.065110207775802 'Spatial' 0.07759019919133188 0.014168476121017385
 1.5762711864406778 54 4 0 1]
[4.1588830833596715 'Spatial' 0.07759019919133188 0.014168476121017385
 7.118644067796609 54 4 0 2]
[2.2523961498646012 'Spatial' 0.07759019919133188 0.014168476121017385
 1.9152542372881354 54 4 0 3]
[2.400885508261703 'Spatial' 0.07759019919133188 0.014168476121017385
 4.288135593220338 54 4 0 4]
[3.3406872397002934 'Spatial' 0.07759019919133188 0.014168476121017385
 6.1525423728813555 54 4 0 5]
[3.380770113368745 'Spatial' 0.07759019919133188 0.014168476121017385
 6.016949152542373 54 4 0 6]
[1.3427166724126562 'Spatial' 0.07759019919133188 0.014168476121017385
 2.254237288135593 54 4 0 7]
[0.7684439922651054 'Spatial' 0.07759019919133188 0.014168476121017385
 1.7457627118644066 54 4 0 8]
[2.7344556868186745 'Spatial' 0.07759019919133188 0.014168476121017385
 5.254237288135593 54 4 0 9]
[0.05775557348412661 'Spatial' 0.07759019919133188 0.014168476121017385
 0.1694915254237288 54 4 0 10]
[5.0607435152158144 'Spatial' 0.07759019919133188 0.014168476121017385
 10.169491525423728 54 4 0 11]
[0.12708464503154454 'Spatial' 0.07759019919133188 0.014168476121017385
 1.6779661016949152 54 4 0 12]
[0.01444294802729157 'Spatial' 0.07759019919133188 0.014168476121017385
 0.1694915254237288 54 4 0 13]
[0.0006320309547065907 'Spatial' 0.07759019919133188 0.014168476121017385
 0.1694915254237288 54 4 0 14]
[0.0006298016333102192 'Spatial' 0.07759019919133188 0.014168476121017385
 0.1694915254237288 54 4 0 15]
[0.21182620337691463 'Spatial' 0.07759019919133188 0.014168476121017385
 2.3728813559322033 54 4 0 16]
[0.0006298016333102192 'Spatial' 0.07759019919133188 0.014168476121017385
 0.1694915254237288 54 4 0 17]
[0.19461872567178493 'Spatial' 0.07759019919133188 0.014168476121017385
 2.423728813559322 54 4 0 18]
[0.0006298016333102192 'Spatial' 0.07759019919133188 0.014168476121017385
 0.1694915254237288 54 4 0 19]
[0.0 'Spatial' 0.07759019919133188 0.014168476121017385 0.0 54 4 1 0]
[4.065110207775802 'Spatial' 0.07759019919133188 0.014168476121017385
 1.5762711864406778 54 4 1 1]
[4.1588830833596715 'Spatial' 0.07759019919133188 0.014168476121017385
 7.118644067796609 54 4 1 2]
[2.2523961498646012 'Spatial' 0.07759019919133188 0.014168476121017385
 1.9152542372881354 54 4 1 3]
[2.400885508261703 'Spatial' 0.07759019919133188 0.014168476121017385
 4.288135593220338 54 4 1 4]
[3.3406872397002934 'Spatial' 0.07759019919133188 0.014168476121017385
 6.1525423728813555 54 4 1 5]
[3.380770113368745 'Spatial' 0.07759019919133188 0.014168476121017385
 6.016949152542373 54 4 1 6]
[1.3427166724126562 'Spatial' 0.07759019919133188 0.014168476121017385
 2.254237288135593 54 4 1 7]
[0.7684439922651054 'Spatial' 0.07759019919133188 0.014168476121017385
 1.7457627118644066 54 4 1 8]
[2.7344556868186745 'Spatial' 0.07759019919133188 0.014168476121017385
 5.254237288135593 54 4 1 9]
[0.05775557348412661 'Spatial' 0.07759019919133188 0.014168476121017385
 0.1694915254237288 54 4 1 10]
[5.0607435152158144 'Spatial' 0.07759019919133188 0.014168476121017385
 10.169491525423728 54 4 1 11]
[0.12708464503154454 'Spatial' 0.07759019919133188 0.014168476121017385
 1.6779661016949152 54 4 1 12]
[0.01444294802729157 'Spatial' 0.07759019919133188 0.014168476121017385
 0.1694915254237288 54 4 1 13]
[0.0006320309547065907 'Spatial' 0.07759019919133188 0.014168476121017385
 0.1694915254237288 54 4 1 14]
[0.0006298016333102192 'Spatial' 0.07759019919133188 0.014168476121017385
 0.1694915254237288 54 4 1 15]
[0.21182620337691463 'Spatial' 0.07759019919133188 0.014168476121017385
 2.3728813559322033 54 4 1 16]
[0.0006298016333102192 'Spatial' 0.07759019919133188 0.014168476121017385
 0.1694915254237288 54 4 1 17]
[0.19461872567178493 'Spatial' 0.07759019919133188 0.014168476121017385
 2.423728813559322 54 4 1 18]
[0.0006298016333102192 'Spatial' 0.07759019919133188 0.014168476121017385
 0.1694915254237288 54 4 1 19]
[0.0 'Spatial' 0.07759019919133188 0.014168476121017385 0.0 54 4 2 0]
[4.065110207775802 'Spatial' 0.07759019919133188 0.014168476121017385
 1.5762711864406778 54 4 2 1]
[4.1588830833596715 'Spatial' 0.07759019919133188 0.014168476121017385
 7.118644067796609 54 4 2 2]
[2.2523961498646012 'Spatial' 0.07759019919133188 0.014168476121017385
 1.9152542372881354 54 4 2 3]
[2.400885508261703 'Spatial' 0.07759019919133188 0.014168476121017385
 4.288135593220338 54 4 2 4]
[3.3406872397002934 'Spatial' 0.07759019919133188 0.014168476121017385
 6.1525423728813555 54 4 2 5]
[3.380770113368745 'Spatial' 0.07759019919133188 0.014168476121017385
 6.016949152542373 54 4 2 6]
[1.3427166724126562 'Spatial' 0.07759019919133188 0.014168476121017385
 2.254237288135593 54 4 2 7]
[0.7684439922651054 'Spatial' 0.07759019919133188 0.014168476121017385
 1.7457627118644066 54 4 2 8]
[2.7344556868186745 'Spatial' 0.07759019919133188 0.014168476121017385
 5.254237288135593 54 4 2 9]
[0.05775557348412661 'Spatial' 0.07759019919133188 0.014168476121017385
 0.1694915254237288 54 4 2 10]
[5.0607435152158144 'Spatial' 0.07759019919133188 0.014168476121017385
 10.169491525423728 54 4 2 11]
[0.12708464503154454 'Spatial' 0.07759019919133188 0.014168476121017385
 1.6779661016949152 54 4 2 12]
[0.01444294802729157 'Spatial' 0.07759019919133188 0.014168476121017385
 0.1694915254237288 54 4 2 13]
[0.0006320309547065907 'Spatial' 0.07759019919133188 0.014168476121017385
 0.1694915254237288 54 4 2 14]
[0.0006298016333102192 'Spatial' 0.07759019919133188 0.014168476121017385
 0.1694915254237288 54 4 2 15]
[0.21182620337691463 'Spatial' 0.07759019919133188 0.014168476121017385
 2.3728813559322033 54 4 2 16]
[0.0006298016333102192 'Spatial' 0.07759019919133188 0.014168476121017385
 0.1694915254237288 54 4 2 17]
[0.19461872567178493 'Spatial' 0.07759019919133188 0.014168476121017385
 2.423728813559322 54 4 2 18]
[0.0006298016333102192 'Spatial' 0.07759019919133188 0.014168476121017385
 0.1694915254237288 54 4 2 19]
[0.0 'Spatial' 0.07759019919133188 0.014168476121017385 0.0 54 4 3 0]
[4.065110207775802 'Spatial' 0.07759019919133188 0.014168476121017385
 1.5762711864406778 54 4 3 1]
[4.1588830833596715 'Spatial' 0.07759019919133188 0.014168476121017385
 7.118644067796609 54 4 3 2]
[2.2523961498646012 'Spatial' 0.07759019919133188 0.014168476121017385
 1.9152542372881354 54 4 3 3]
[2.400885508261703 'Spatial' 0.07759019919133188 0.014168476121017385
 4.288135593220338 54 4 3 4]
[3.3406872397002934 'Spatial' 0.07759019919133188 0.014168476121017385
 6.1525423728813555 54 4 3 5]
[3.380770113368745 'Spatial' 0.07759019919133188 0.014168476121017385
 6.016949152542373 54 4 3 6]
[1.3427166724126562 'Spatial' 0.07759019919133188 0.014168476121017385
 2.254237288135593 54 4 3 7]
[0.7684439922651054 'Spatial' 0.07759019919133188 0.014168476121017385
 1.7457627118644066 54 4 3 8]
[2.7344556868186745 'Spatial' 0.07759019919133188 0.014168476121017385
 5.254237288135593 54 4 3 9]
[0.05775557348412661 'Spatial' 0.07759019919133188 0.014168476121017385
 0.1694915254237288 54 4 3 10]
[5.0607435152158144 'Spatial' 0.07759019919133188 0.014168476121017385
 10.169491525423728 54 4 3 11]
[0.12708464503154454 'Spatial' 0.07759019919133188 0.014168476121017385
 1.6779661016949152 54 4 3 12]
[0.01444294802729157 'Spatial' 0.07759019919133188 0.014168476121017385
 0.1694915254237288 54 4 3 13]
[0.0006320309547065907 'Spatial' 0.07759019919133188 0.014168476121017385
 0.1694915254237288 54 4 3 14]
[0.0006298016333102192 'Spatial' 0.07759019919133188 0.014168476121017385
 0.1694915254237288 54 4 3 15]
[0.21182620337691463 'Spatial' 0.07759019919133188 0.014168476121017385
 2.3728813559322033 54 4 3 16]
[0.0006298016333102192 'Spatial' 0.07759019919133188 0.014168476121017385
 0.1694915254237288 54 4 3 17]
[0.19461872567178493 'Spatial' 0.07759019919133188 0.014168476121017385
 2.423728813559322 54 4 3 18]
[0.0006298016333102192 'Spatial' 0.07759019919133188 0.014168476121017385
 0.1694915254237288 54 4 3 19]
[0.0 'Spatial' 0.07759019919133188 0.014168476121017385 0.0 54 4 5 0]
[4.065110207775802 'Spatial' 0.07759019919133188 0.014168476121017385
 1.5762711864406778 54 4 5 1]
[4.1588830833596715 'Spatial' 0.07759019919133188 0.014168476121017385
 7.118644067796609 54 4 5 2]
[2.2523961498646012 'Spatial' 0.07759019919133188 0.014168476121017385
 1.9152542372881354 54 4 5 3]
[2.400885508261703 'Spatial' 0.07759019919133188 0.014168476121017385
 4.288135593220338 54 4 5 4]
[3.3406872397002934 'Spatial' 0.07759019919133188 0.014168476121017385
 6.1525423728813555 54 4 5 5]
[3.380770113368745 'Spatial' 0.07759019919133188 0.014168476121017385
 6.016949152542373 54 4 5 6]
[1.3427166724126562 'Spatial' 0.07759019919133188 0.014168476121017385
 2.254237288135593 54 4 5 7]
[0.7684439922651054 'Spatial' 0.07759019919133188 0.014168476121017385
 1.7457627118644066 54 4 5 8]
[2.7344556868186745 'Spatial' 0.07759019919133188 0.014168476121017385
 5.254237288135593 54 4 5 9]
[0.05775557348412661 'Spatial' 0.07759019919133188 0.014168476121017385
 0.1694915254237288 54 4 5 10]
[5.0607435152158144 'Spatial' 0.07759019919133188 0.014168476121017385
 10.169491525423728 54 4 5 11]
[0.12708464503154454 'Spatial' 0.07759019919133188 0.014168476121017385
 1.6779661016949152 54 4 5 12]
[0.01444294802729157 'Spatial' 0.07759019919133188 0.014168476121017385
 0.1694915254237288 54 4 5 13]
[0.0006320309547065907 'Spatial' 0.07759019919133188 0.014168476121017385
 0.1694915254237288 54 4 5 14]
[0.0006298016333102192 'Spatial' 0.07759019919133188 0.014168476121017385
 0.1694915254237288 54 4 5 15]
[0.21182620337691463 'Spatial' 0.07759019919133188 0.014168476121017385
 2.3728813559322033 54 4 5 16]
[0.0006298016333102192 'Spatial' 0.07759019919133188 0.014168476121017385
 0.1694915254237288 54 4 5 17]
[0.19461872567178493 'Spatial' 0.07759019919133188 0.014168476121017385
 2.423728813559322 54 4 5 18]
[0.0006298016333102192 'Spatial' 0.07759019919133188 0.014168476121017385
 0.1694915254237288 54 4 5 19]
[0.0 'Spatial' 0.07759019919133188 0.014168476121017385 0.0 54 4 6 0]
[4.065110207775802 'Spatial' 0.07759019919133188 0.014168476121017385
 1.5762711864406778 54 4 6 1]
[4.1588830833596715 'Spatial' 0.07759019919133188 0.014168476121017385
 7.118644067796609 54 4 6 2]
[2.2523961498646012 'Spatial' 0.07759019919133188 0.014168476121017385
 1.9152542372881354 54 4 6 3]
[2.400885508261703 'Spatial' 0.07759019919133188 0.014168476121017385
 4.288135593220338 54 4 6 4]
[3.3406872397002934 'Spatial' 0.07759019919133188 0.014168476121017385
 6.1525423728813555 54 4 6 5]
[3.380770113368745 'Spatial' 0.07759019919133188 0.014168476121017385
 6.016949152542373 54 4 6 6]
[1.3427166724126562 'Spatial' 0.07759019919133188 0.014168476121017385
 2.254237288135593 54 4 6 7]
[0.7684439922651054 'Spatial' 0.07759019919133188 0.014168476121017385
 1.7457627118644066 54 4 6 8]
[2.7344556868186745 'Spatial' 0.07759019919133188 0.014168476121017385
 5.254237288135593 54 4 6 9]
[0.05775557348412661 'Spatial' 0.07759019919133188 0.014168476121017385
 0.1694915254237288 54 4 6 10]
[5.0607435152158144 'Spatial' 0.07759019919133188 0.014168476121017385
 10.169491525423728 54 4 6 11]
[0.12708464503154454 'Spatial' 0.07759019919133188 0.014168476121017385
 1.6779661016949152 54 4 6 12]
[0.01444294802729157 'Spatial' 0.07759019919133188 0.014168476121017385
 0.1694915254237288 54 4 6 13]
[0.0006320309547065907 'Spatial' 0.07759019919133188 0.014168476121017385
 0.1694915254237288 54 4 6 14]
[0.0006298016333102192 'Spatial' 0.07759019919133188 0.014168476121017385
 0.1694915254237288 54 4 6 15]
[0.21182620337691463 'Spatial' 0.07759019919133188 0.014168476121017385
 2.3728813559322033 54 4 6 16]
[0.0006298016333102192 'Spatial' 0.07759019919133188 0.014168476121017385
 0.1694915254237288 54 4 6 17]
[0.19461872567178493 'Spatial' 0.07759019919133188 0.014168476121017385
 2.423728813559322 54 4 6 18]
[0.0006298016333102192 'Spatial' 0.07759019919133188 0.014168476121017385
 0.1694915254237288 54 4 6 19]
[0.0 'Spatial' 0.07759019919133188 0.014168476121017385 0.0 54 4 7 0]
[4.065110207775802 'Spatial' 0.07759019919133188 0.014168476121017385
 1.5762711864406778 54 4 7 1]
[4.1588830833596715 'Spatial' 0.07759019919133188 0.014168476121017385
 7.118644067796609 54 4 7 2]
[2.2523961498646012 'Spatial' 0.07759019919133188 0.014168476121017385
 1.9152542372881354 54 4 7 3]
[2.400885508261703 'Spatial' 0.07759019919133188 0.014168476121017385
 4.288135593220338 54 4 7 4]
[3.3406872397002934 'Spatial' 0.07759019919133188 0.014168476121017385
 6.1525423728813555 54 4 7 5]
[3.380770113368745 'Spatial' 0.07759019919133188 0.014168476121017385
 6.016949152542373 54 4 7 6]
[1.3427166724126562 'Spatial' 0.07759019919133188 0.014168476121017385
 2.254237288135593 54 4 7 7]
[0.7684439922651054 'Spatial' 0.07759019919133188 0.014168476121017385
 1.7457627118644066 54 4 7 8]
[2.7344556868186745 'Spatial' 0.07759019919133188 0.014168476121017385
 5.254237288135593 54 4 7 9]
[0.05775557348412661 'Spatial' 0.07759019919133188 0.014168476121017385
 0.1694915254237288 54 4 7 10]
[5.0607435152158144 'Spatial' 0.07759019919133188 0.014168476121017385
 10.169491525423728 54 4 7 11]
[0.12708464503154454 'Spatial' 0.07759019919133188 0.014168476121017385
 1.6779661016949152 54 4 7 12]
[0.01444294802729157 'Spatial' 0.07759019919133188 0.014168476121017385
 0.1694915254237288 54 4 7 13]
[0.0006320309547065907 'Spatial' 0.07759019919133188 0.014168476121017385
 0.1694915254237288 54 4 7 14]
[0.0006298016333102192 'Spatial' 0.07759019919133188 0.014168476121017385
 0.1694915254237288 54 4 7 15]
[0.21182620337691463 'Spatial' 0.07759019919133188 0.014168476121017385
 2.3728813559322033 54 4 7 16]
[0.0006298016333102192 'Spatial' 0.07759019919133188 0.014168476121017385
 0.1694915254237288 54 4 7 17]
[0.19461872567178493 'Spatial' 0.07759019919133188 0.014168476121017385
 2.423728813559322 54 4 7 18]
[0.0006298016333102192 'Spatial' 0.07759019919133188 0.014168476121017385
 0.1694915254237288 54 4 7 19]
[0.0 'Spatial' 0.07759019919133188 0.014168476121017385 0.0 54 4 8 0]
[4.065110207775802 'Spatial' 0.07759019919133188 0.014168476121017385
 1.5762711864406778 54 4 8 1]
[4.1588830833596715 'Spatial' 0.07759019919133188 0.014168476121017385
 7.118644067796609 54 4 8 2]
[2.2523961498646012 'Spatial' 0.07759019919133188 0.014168476121017385
 1.9152542372881354 54 4 8 3]
[2.400885508261703 'Spatial' 0.07759019919133188 0.014168476121017385
 4.288135593220338 54 4 8 4]
[3.3406872397002934 'Spatial' 0.07759019919133188 0.014168476121017385
 6.1525423728813555 54 4 8 5]
[3.380770113368745 'Spatial' 0.07759019919133188 0.014168476121017385
 6.016949152542373 54 4 8 6]
[1.3427166724126562 'Spatial' 0.07759019919133188 0.014168476121017385
 2.254237288135593 54 4 8 7]
[0.7684439922651054 'Spatial' 0.07759019919133188 0.014168476121017385
 1.7457627118644066 54 4 8 8]
[2.7344556868186745 'Spatial' 0.07759019919133188 0.014168476121017385
 5.254237288135593 54 4 8 9]
[0.05775557348412661 'Spatial' 0.07759019919133188 0.014168476121017385
 0.1694915254237288 54 4 8 10]
[5.0607435152158144 'Spatial' 0.07759019919133188 0.014168476121017385
 10.169491525423728 54 4 8 11]
[0.12708464503154454 'Spatial' 0.07759019919133188 0.014168476121017385
 1.6779661016949152 54 4 8 12]
[0.01444294802729157 'Spatial' 0.07759019919133188 0.014168476121017385
 0.1694915254237288 54 4 8 13]
[0.0006320309547065907 'Spatial' 0.07759019919133188 0.014168476121017385
 0.1694915254237288 54 4 8 14]
[0.0006298016333102192 'Spatial' 0.07759019919133188 0.014168476121017385
 0.1694915254237288 54 4 8 15]
[0.21182620337691463 'Spatial' 0.07759019919133188 0.014168476121017385
 2.3728813559322033 54 4 8 16]
[0.0006298016333102192 'Spatial' 0.07759019919133188 0.014168476121017385
 0.1694915254237288 54 4 8 17]
[0.19461872567178493 'Spatial' 0.07759019919133188 0.014168476121017385
 2.423728813559322 54 4 8 18]
[0.0006298016333102192 'Spatial' 0.07759019919133188 0.014168476121017385
 0.1694915254237288 54 4 8 19]
