[0.0 'Conceptual' 0.18061465656420433 0.815443184499376 0.0 95 4 0 0]
[3.5816340132323154 'Conceptual' 0.18061465656420433 0.815443184499376
 6.1525423728813555 95 4 0 1]
[3.1206723628122544 'Conceptual' 0.18061465656420433 0.815443184499376
 4.627118644067796 95 4 0 2]
[4.112835986186182 'Conceptual' 0.18061465656420433 0.815443184499376
 0.1694915254237288 95 4 0 3]
[3.9895832059394776 'Conceptual' 0.18061465656420433 0.815443184499376
 1.3389830508474576 95 4 0 4]
[3.5877382151757122 'Conceptual' 0.18061465656420433 0.815443184499376
 2.5254237288135593 95 4 0 5]
[3.944569601243784 'Conceptual' 0.18061465656420433 0.815443184499376
 1.0677966101694913 95 4 0 6]
[3.3607549459315313 'Conceptual' 0.18061465656420433 0.815443184499376
 3.0338983050847457 95 4 0 7]
[3.5196507591104615 'Conceptual' 0.18061465656420433 0.815443184499376
 4.067796610169491 95 4 0 8]
[2.839402531470901 'Conceptual' 0.18061465656420433 0.815443184499376
 1.3389830508474576 95 4 0 9]
[4.615974903769757 'Conceptual' 0.18061465656420433 0.815443184499376
 0.1694915254237288 95 4 0 10]
[4.606142427882044 'Conceptual' 0.18061465656420433 0.815443184499376
 0.1694915254237288 95 4 0 11]
[4.593401724914156 'Conceptual' 0.18061465656420433 0.815443184499376
 0.3389830508474576 95 4 0 12]
[0.29643660899991986 'Conceptual' 0.18061465656420433 0.815443184499376
 0.9999999999999999 95 4 0 13]
[5.087891236253011 'Conceptual' 0.18061465656420433 0.815443184499376
 10.169491525423728 95 4 0 14]
[0.47312967607399825 'Conceptual' 0.18061465656420433 0.815443184499376
 1.7796610169491525 95 4 0 15]
[5.855823159379747 'Conceptual' 0.18061465656420433 0.815443184499376
 10.169491525423728 95 4 0 16]
[5.348137057852662 'Conceptual' 0.18061465656420433 0.815443184499376
 10.169491525423728 95 4 0 17]
[4.622983656508504 'Conceptual' 0.18061465656420433 0.815443184499376
 10.169491525423728 95 4 0 18]
[0.7530147299436605 'Conceptual' 0.18061465656420433 0.815443184499376
 2.5254237288135593 95 4 0 19]
[0.0 'Conceptual' 0.18061465656420433 0.815443184499376 0.0 95 4 1 0]
[3.5816340132323154 'Conceptual' 0.18061465656420433 0.815443184499376
 6.1525423728813555 95 4 1 1]
[3.1206723628122544 'Conceptual' 0.18061465656420433 0.815443184499376
 4.627118644067796 95 4 1 2]
[4.112835986186182 'Conceptual' 0.18061465656420433 0.815443184499376
 0.1694915254237288 95 4 1 3]
[3.9895832059394776 'Conceptual' 0.18061465656420433 0.815443184499376
 1.3389830508474576 95 4 1 4]
[3.5877382151757122 'Conceptual' 0.18061465656420433 0.815443184499376
 2.5254237288135593 95 4 1 5]
[3.944569601243784 'Conceptual' 0.18061465656420433 0.815443184499376
 1.0677966101694913 95 4 1 6]
[3.3607549459315313 'Conceptual' 0.18061465656420433 0.815443184499376
 3.0338983050847457 95 4 1 7]
[3.5196507591104615 'Conceptual' 0.18061465656420433 0.815443184499376
 4.067796610169491 95 4 1 8]
[2.839402531470901 'Conceptual' 0.18061465656420433 0.815443184499376
 1.3389830508474576 95 4 1 9]
[4.615974903769757 'Conceptual' 0.18061465656420433 0.815443184499376
 0.1694915254237288 95 4 1 10]
[4.606142427882044 'Conceptual' 0.18061465656420433 0.815443184499376
 0.1694915254237288 95 4 1 11]
[4.593401724914156 'Conceptual' 0.18061465656420433 0.815443184499376
 0.3389830508474576 95 4 1 12]
[0.29643660899991986 'Conceptual' 0.18061465656420433 0.815443184499376
 0.9999999999999999 95 4 1 13]
[5.087891236253011 'Conceptual' 0.18061465656420433 0.815443184499376
 10.169491525423728 95 4 1 14]
[0.47312967607399825 'Conceptual' 0.18061465656420433 0.815443184499376
 1.7796610169491525 95 4 1 15]
[5.855823159379747 'Conceptual' 0.18061465656420433 0.815443184499376
 10.169491525423728 95 4 1 16]
[5.348137057852662 'Conceptual' 0.18061465656420433 0.815443184499376
 10.169491525423728 95 4 1 17]
[4.622983656508504 'Conceptual' 0.18061465656420433 0.815443184499376
 10.169491525423728 95 4 1 18]
[0.7530147299436605 'Conceptual' 0.18061465656420433 0.815443184499376
 2.5254237288135593 95 4 1 19]
[0.0 'Conceptual' 0.18061465656420433 0.815443184499376 0.0 95 4 2 0]
[3.5816340132323154 'Conceptual' 0.18061465656420433 0.815443184499376
 6.1525423728813555 95 4 2 1]
[3.1206723628122544 'Conceptual' 0.18061465656420433 0.815443184499376
 4.627118644067796 95 4 2 2]
[4.112835986186182 'Conceptual' 0.18061465656420433 0.815443184499376
 0.1694915254237288 95 4 2 3]
[3.9895832059394776 'Conceptual' 0.18061465656420433 0.815443184499376
 1.3389830508474576 95 4 2 4]
[3.5877382151757122 'Conceptual' 0.18061465656420433 0.815443184499376
 2.5254237288135593 95 4 2 5]
[3.944569601243784 'Conceptual' 0.18061465656420433 0.815443184499376
 1.0677966101694913 95 4 2 6]
[3.3607549459315313 'Conceptual' 0.18061465656420433 0.815443184499376
 3.0338983050847457 95 4 2 7]
[3.5196507591104615 'Conceptual' 0.18061465656420433 0.815443184499376
 4.067796610169491 95 4 2 8]
[2.839402531470901 'Conceptual' 0.18061465656420433 0.815443184499376
 1.3389830508474576 95 4 2 9]
[4.615974903769757 'Conceptual' 0.18061465656420433 0.815443184499376
 0.1694915254237288 95 4 2 10]
[4.606142427882044 'Conceptual' 0.18061465656420433 0.815443184499376
 0.1694915254237288 95 4 2 11]
[4.593401724914156 'Conceptual' 0.18061465656420433 0.815443184499376
 0.3389830508474576 95 4 2 12]
[0.29643660899991986 'Conceptual' 0.18061465656420433 0.815443184499376
 0.9999999999999999 95 4 2 13]
[5.087891236253011 'Conceptual' 0.18061465656420433 0.815443184499376
 10.169491525423728 95 4 2 14]
[0.47312967607399825 'Conceptual' 0.18061465656420433 0.815443184499376
 1.7796610169491525 95 4 2 15]
[5.855823159379747 'Conceptual' 0.18061465656420433 0.815443184499376
 10.169491525423728 95 4 2 16]
[5.348137057852662 'Conceptual' 0.18061465656420433 0.815443184499376
 10.169491525423728 95 4 2 17]
[4.622983656508504 'Conceptual' 0.18061465656420433 0.815443184499376
 10.169491525423728 95 4 2 18]
[0.7530147299436605 'Conceptual' 0.18061465656420433 0.815443184499376
 2.5254237288135593 95 4 2 19]
[0.0 'Conceptual' 0.18061465656420433 0.815443184499376 0.0 95 4 3 0]
[3.5816340132323154 'Conceptual' 0.18061465656420433 0.815443184499376
 6.1525423728813555 95 4 3 1]
[3.1206723628122544 'Conceptual' 0.18061465656420433 0.815443184499376
 4.627118644067796 95 4 3 2]
[4.112835986186182 'Conceptual' 0.18061465656420433 0.815443184499376
 0.1694915254237288 95 4 3 3]
[3.9895832059394776 'Conceptual' 0.18061465656420433 0.815443184499376
 1.3389830508474576 95 4 3 4]
[3.5877382151757122 'Conceptual' 0.18061465656420433 0.815443184499376
 2.5254237288135593 95 4 3 5]
[3.944569601243784 'Conceptual' 0.18061465656420433 0.815443184499376
 1.0677966101694913 95 4 3 6]
[3.3607549459315313 'Conceptual' 0.18061465656420433 0.815443184499376
 3.0338983050847457 95 4 3 7]
[3.5196507591104615 'Conceptual' 0.18061465656420433 0.815443184499376
 4.067796610169491 95 4 3 8]
[2.839402531470901 'Conceptual' 0.18061465656420433 0.815443184499376
 1.3389830508474576 95 4 3 9]
[4.615974903769757 'Conceptual' 0.18061465656420433 0.815443184499376
 0.1694915254237288 95 4 3 10]
[4.606142427882044 'Conceptual' 0.18061465656420433 0.815443184499376
 0.1694915254237288 95 4 3 11]
[4.593401724914156 'Conceptual' 0.18061465656420433 0.815443184499376
 0.3389830508474576 95 4 3 12]
[0.29643660899991986 'Conceptual' 0.18061465656420433 0.815443184499376
 0.9999999999999999 95 4 3 13]
[5.087891236253011 'Conceptual' 0.18061465656420433 0.815443184499376
 10.169491525423728 95 4 3 14]
[0.47312967607399825 'Conceptual' 0.18061465656420433 0.815443184499376
 1.7796610169491525 95 4 3 15]
[5.855823159379747 'Conceptual' 0.18061465656420433 0.815443184499376
 10.169491525423728 95 4 3 16]
[5.348137057852662 'Conceptual' 0.18061465656420433 0.815443184499376
 10.169491525423728 95 4 3 17]
[4.622983656508504 'Conceptual' 0.18061465656420433 0.815443184499376
 10.169491525423728 95 4 3 18]
[0.7530147299436605 'Conceptual' 0.18061465656420433 0.815443184499376
 2.5254237288135593 95 4 3 19]
[0.0 'Conceptual' 0.18061465656420433 0.815443184499376 0.0 95 4 5 0]
[3.5816340132323154 'Conceptual' 0.18061465656420433 0.815443184499376
 6.1525423728813555 95 4 5 1]
[3.1206723628122544 'Conceptual' 0.18061465656420433 0.815443184499376
 4.627118644067796 95 4 5 2]
[4.112835986186182 'Conceptual' 0.18061465656420433 0.815443184499376
 0.1694915254237288 95 4 5 3]
[3.9895832059394776 'Conceptual' 0.18061465656420433 0.815443184499376
 1.3389830508474576 95 4 5 4]
[3.5877382151757122 'Conceptual' 0.18061465656420433 0.815443184499376
 2.5254237288135593 95 4 5 5]
[3.944569601243784 'Conceptual' 0.18061465656420433 0.815443184499376
 1.0677966101694913 95 4 5 6]
[3.3607549459315313 'Conceptual' 0.18061465656420433 0.815443184499376
 3.0338983050847457 95 4 5 7]
[3.5196507591104615 'Conceptual' 0.18061465656420433 0.815443184499376
 4.067796610169491 95 4 5 8]
[2.839402531470901 'Conceptual' 0.18061465656420433 0.815443184499376
 1.3389830508474576 95 4 5 9]
[4.615974903769757 'Conceptual' 0.18061465656420433 0.815443184499376
 0.1694915254237288 95 4 5 10]
[4.606142427882044 'Conceptual' 0.18061465656420433 0.815443184499376
 0.1694915254237288 95 4 5 11]
[4.593401724914156 'Conceptual' 0.18061465656420433 0.815443184499376
 0.3389830508474576 95 4 5 12]
[0.29643660899991986 'Conceptual' 0.18061465656420433 0.815443184499376
 0.9999999999999999 95 4 5 13]
[5.087891236253011 'Conceptual' 0.18061465656420433 0.815443184499376
 10.169491525423728 95 4 5 14]
[0.47312967607399825 'Conceptual' 0.18061465656420433 0.815443184499376
 1.7796610169491525 95 4 5 15]
[5.855823159379747 'Conceptual' 0.18061465656420433 0.815443184499376
 10.169491525423728 95 4 5 16]
[5.348137057852662 'Conceptual' 0.18061465656420433 0.815443184499376
 10.169491525423728 95 4 5 17]
[4.622983656508504 'Conceptual' 0.18061465656420433 0.815443184499376
 10.169491525423728 95 4 5 18]
[0.7530147299436605 'Conceptual' 0.18061465656420433 0.815443184499376
 2.5254237288135593 95 4 5 19]
[0.0 'Conceptual' 0.18061465656420433 0.815443184499376 0.0 95 4 6 0]
[3.5816340132323154 'Conceptual' 0.18061465656420433 0.815443184499376
 6.1525423728813555 95 4 6 1]
[3.1206723628122544 'Conceptual' 0.18061465656420433 0.815443184499376
 4.627118644067796 95 4 6 2]
[4.112835986186182 'Conceptual' 0.18061465656420433 0.815443184499376
 0.1694915254237288 95 4 6 3]
[3.9895832059394776 'Conceptual' 0.18061465656420433 0.815443184499376
 1.3389830508474576 95 4 6 4]
[3.5877382151757122 'Conceptual' 0.18061465656420433 0.815443184499376
 2.5254237288135593 95 4 6 5]
[3.944569601243784 'Conceptual' 0.18061465656420433 0.815443184499376
 1.0677966101694913 95 4 6 6]
[3.3607549459315313 'Conceptual' 0.18061465656420433 0.815443184499376
 3.0338983050847457 95 4 6 7]
[3.5196507591104615 'Conceptual' 0.18061465656420433 0.815443184499376
 4.067796610169491 95 4 6 8]
[2.839402531470901 'Conceptual' 0.18061465656420433 0.815443184499376
 1.3389830508474576 95 4 6 9]
[4.615974903769757 'Conceptual' 0.18061465656420433 0.815443184499376
 0.1694915254237288 95 4 6 10]
[4.606142427882044 'Conceptual' 0.18061465656420433 0.815443184499376
 0.1694915254237288 95 4 6 11]
[4.593401724914156 'Conceptual' 0.18061465656420433 0.815443184499376
 0.3389830508474576 95 4 6 12]
[0.29643660899991986 'Conceptual' 0.18061465656420433 0.815443184499376
 0.9999999999999999 95 4 6 13]
[5.087891236253011 'Conceptual' 0.18061465656420433 0.815443184499376
 10.169491525423728 95 4 6 14]
[0.47312967607399825 'Conceptual' 0.18061465656420433 0.815443184499376
 1.7796610169491525 95 4 6 15]
[5.855823159379747 'Conceptual' 0.18061465656420433 0.815443184499376
 10.169491525423728 95 4 6 16]
[5.348137057852662 'Conceptual' 0.18061465656420433 0.815443184499376
 10.169491525423728 95 4 6 17]
[4.622983656508504 'Conceptual' 0.18061465656420433 0.815443184499376
 10.169491525423728 95 4 6 18]
[0.7530147299436605 'Conceptual' 0.18061465656420433 0.815443184499376
 2.5254237288135593 95 4 6 19]
[0.0 'Conceptual' 0.18061465656420433 0.815443184499376 0.0 95 4 7 0]
[3.5816340132323154 'Conceptual' 0.18061465656420433 0.815443184499376
 6.1525423728813555 95 4 7 1]
[3.1206723628122544 'Conceptual' 0.18061465656420433 0.815443184499376
 4.627118644067796 95 4 7 2]
[4.112835986186182 'Conceptual' 0.18061465656420433 0.815443184499376
 0.1694915254237288 95 4 7 3]
[3.9895832059394776 'Conceptual' 0.18061465656420433 0.815443184499376
 1.3389830508474576 95 4 7 4]
[3.5877382151757122 'Conceptual' 0.18061465656420433 0.815443184499376
 2.5254237288135593 95 4 7 5]
[3.944569601243784 'Conceptual' 0.18061465656420433 0.815443184499376
 1.0677966101694913 95 4 7 6]
[3.3607549459315313 'Conceptual' 0.18061465656420433 0.815443184499376
 3.0338983050847457 95 4 7 7]
[3.5196507591104615 'Conceptual' 0.18061465656420433 0.815443184499376
 4.067796610169491 95 4 7 8]
[2.839402531470901 'Conceptual' 0.18061465656420433 0.815443184499376
 1.3389830508474576 95 4 7 9]
[4.615974903769757 'Conceptual' 0.18061465656420433 0.815443184499376
 0.1694915254237288 95 4 7 10]
[4.606142427882044 'Conceptual' 0.18061465656420433 0.815443184499376
 0.1694915254237288 95 4 7 11]
[4.593401724914156 'Conceptual' 0.18061465656420433 0.815443184499376
 0.3389830508474576 95 4 7 12]
[0.29643660899991986 'Conceptual' 0.18061465656420433 0.815443184499376
 0.9999999999999999 95 4 7 13]
[5.087891236253011 'Conceptual' 0.18061465656420433 0.815443184499376
 10.169491525423728 95 4 7 14]
[0.47312967607399825 'Conceptual' 0.18061465656420433 0.815443184499376
 1.7796610169491525 95 4 7 15]
[5.855823159379747 'Conceptual' 0.18061465656420433 0.815443184499376
 10.169491525423728 95 4 7 16]
[5.348137057852662 'Conceptual' 0.18061465656420433 0.815443184499376
 10.169491525423728 95 4 7 17]
[4.622983656508504 'Conceptual' 0.18061465656420433 0.815443184499376
 10.169491525423728 95 4 7 18]
[0.7530147299436605 'Conceptual' 0.18061465656420433 0.815443184499376
 2.5254237288135593 95 4 7 19]
[0.0 'Conceptual' 0.18061465656420433 0.815443184499376 0.0 95 4 8 0]
[3.5816340132323154 'Conceptual' 0.18061465656420433 0.815443184499376
 6.1525423728813555 95 4 8 1]
[3.1206723628122544 'Conceptual' 0.18061465656420433 0.815443184499376
 4.627118644067796 95 4 8 2]
[4.112835986186182 'Conceptual' 0.18061465656420433 0.815443184499376
 0.1694915254237288 95 4 8 3]
[3.9895832059394776 'Conceptual' 0.18061465656420433 0.815443184499376
 1.3389830508474576 95 4 8 4]
[3.5877382151757122 'Conceptual' 0.18061465656420433 0.815443184499376
 2.5254237288135593 95 4 8 5]
[3.944569601243784 'Conceptual' 0.18061465656420433 0.815443184499376
 1.0677966101694913 95 4 8 6]
[3.3607549459315313 'Conceptual' 0.18061465656420433 0.815443184499376
 3.0338983050847457 95 4 8 7]
[3.5196507591104615 'Conceptual' 0.18061465656420433 0.815443184499376
 4.067796610169491 95 4 8 8]
[2.839402531470901 'Conceptual' 0.18061465656420433 0.815443184499376
 1.3389830508474576 95 4 8 9]
[4.615974903769757 'Conceptual' 0.18061465656420433 0.815443184499376
 0.1694915254237288 95 4 8 10]
[4.606142427882044 'Conceptual' 0.18061465656420433 0.815443184499376
 0.1694915254237288 95 4 8 11]
[4.593401724914156 'Conceptual' 0.18061465656420433 0.815443184499376
 0.3389830508474576 95 4 8 12]
[0.29643660899991986 'Conceptual' 0.18061465656420433 0.815443184499376
 0.9999999999999999 95 4 8 13]
[5.087891236253011 'Conceptual' 0.18061465656420433 0.815443184499376
 10.169491525423728 95 4 8 14]
[0.47312967607399825 'Conceptual' 0.18061465656420433 0.815443184499376
 1.7796610169491525 95 4 8 15]
[5.855823159379747 'Conceptual' 0.18061465656420433 0.815443184499376
 10.169491525423728 95 4 8 16]
[5.348137057852662 'Conceptual' 0.18061465656420433 0.815443184499376
 10.169491525423728 95 4 8 17]
[4.622983656508504 'Conceptual' 0.18061465656420433 0.815443184499376
 10.169491525423728 95 4 8 18]
[0.7530147299436605 'Conceptual' 0.18061465656420433 0.815443184499376
 2.5254237288135593 95 4 8 19]
