[0.0 'Spatial' 0.20008814747589235 1.0209523742943414 0.0 63 2 0 0]
[5.458629335590526 'Spatial' 0.20008814747589235 1.0209523742943414
 10.169491525423728 63 2 0 1]
[3.1622710871315376 'Spatial' 0.20008814747589235 1.0209523742943414
 7.101694915254237 63 2 0 2]
[2.9322229641783983 'Spatial' 0.20008814747589235 1.0209523742943414
 5.576271186440677 63 2 0 3]
[2.8270737097919003 'Spatial' 0.20008814747589235 1.0209523742943414
 4.966101694915253 63 2 0 4]
[3.757372466216606 'Spatial' 0.20008814747589235 1.0209523742943414
 1.7457627118644066 63 2 0 5]
[4.304850045579385 'Spatial' 0.20008814747589235 1.0209523742943414
 10.169491525423728 63 2 0 6]
[3.7467422568864723 'Spatial' 0.20008814747589235 1.0209523742943414
 1.0677966101694913 63 2 0 7]
[3.475942960436847 'Spatial' 0.20008814747589235 1.0209523742943414
 1.1694915254237288 63 2 0 8]
[3.296437155505219 'Spatial' 0.20008814747589235 1.0209523742943414
 1.2372881355932202 63 2 0 9]
[3.256247224792643 'Spatial' 0.20008814747589235 1.0209523742943414
 1.1694915254237288 63 2 0 10]
[3.506945620711529 'Spatial' 0.20008814747589235 1.0209523742943414
 0.8983050847457626 63 2 0 11]
[4.048743022270665 'Spatial' 0.20008814747589235 1.0209523742943414
 0.1694915254237288 63 2 0 12]
[1.6547371839149414 'Spatial' 0.20008814747589235 1.0209523742943414
 1.7457627118644066 63 2 0 13]
[2.2812627112070247 'Spatial' 0.20008814747589235 1.0209523742943414
 2.2033898305084745 63 2 0 14]
[2.7017636823379623 'Spatial' 0.20008814747589235 1.0209523742943414
 2.3559322033898304 63 2 0 15]
[4.1588830833596715 'Spatial' 0.20008814747589235 1.0209523742943414
 4.067796610169491 63 2 0 16]
[3.4567072801585814 'Spatial' 0.20008814747589235 1.0209523742943414
 2.711864406779661 63 2 0 17]
[4.1588830833596715 'Spatial' 0.20008814747589235 1.0209523742943414
 3.389830508474576 63 2 0 18]
[2.029636263568224 'Spatial' 0.20008814747589235 1.0209523742943414
 2.3728813559322033 63 2 0 19]
[0.0 'Spatial' 0.20008814747589235 1.0209523742943414 0.0 63 2 1 0]
[5.458629335590526 'Spatial' 0.20008814747589235 1.0209523742943414
 10.169491525423728 63 2 1 1]
[3.1622710871315376 'Spatial' 0.20008814747589235 1.0209523742943414
 7.101694915254237 63 2 1 2]
[2.9322229641783983 'Spatial' 0.20008814747589235 1.0209523742943414
 5.576271186440677 63 2 1 3]
[2.8270737097919003 'Spatial' 0.20008814747589235 1.0209523742943414
 4.966101694915253 63 2 1 4]
[3.757372466216606 'Spatial' 0.20008814747589235 1.0209523742943414
 1.7457627118644066 63 2 1 5]
[4.304850045579385 'Spatial' 0.20008814747589235 1.0209523742943414
 10.169491525423728 63 2 1 6]
[3.7467422568864723 'Spatial' 0.20008814747589235 1.0209523742943414
 1.0677966101694913 63 2 1 7]
[3.475942960436847 'Spatial' 0.20008814747589235 1.0209523742943414
 1.1694915254237288 63 2 1 8]
[3.296437155505219 'Spatial' 0.20008814747589235 1.0209523742943414
 1.2372881355932202 63 2 1 9]
[3.256247224792643 'Spatial' 0.20008814747589235 1.0209523742943414
 1.1694915254237288 63 2 1 10]
[3.506945620711529 'Spatial' 0.20008814747589235 1.0209523742943414
 0.8983050847457626 63 2 1 11]
[4.048743022270665 'Spatial' 0.20008814747589235 1.0209523742943414
 0.1694915254237288 63 2 1 12]
[1.6547371839149414 'Spatial' 0.20008814747589235 1.0209523742943414
 1.7457627118644066 63 2 1 13]
[2.2812627112070247 'Spatial' 0.20008814747589235 1.0209523742943414
 2.2033898305084745 63 2 1 14]
[2.7017636823379623 'Spatial' 0.20008814747589235 1.0209523742943414
 2.3559322033898304 63 2 1 15]
[4.1588830833596715 'Spatial' 0.20008814747589235 1.0209523742943414
 4.067796610169491 63 2 1 16]
[3.4567072801585814 'Spatial' 0.20008814747589235 1.0209523742943414
 2.711864406779661 63 2 1 17]
[4.1588830833596715 'Spatial' 0.20008814747589235 1.0209523742943414
 3.389830508474576 63 2 1 18]
[2.029636263568224 'Spatial' 0.20008814747589235 1.0209523742943414
 2.3728813559322033 63 2 1 19]
[0.0 'Spatial' 0.20008814747589235 1.0209523742943414 0.0 63 2 3 0]
[5.458629335590526 'Spatial' 0.20008814747589235 1.0209523742943414
 10.169491525423728 63 2 3 1]
[3.1622710871315376 'Spatial' 0.20008814747589235 1.0209523742943414
 7.101694915254237 63 2 3 2]
[2.9322229641783983 'Spatial' 0.20008814747589235 1.0209523742943414
 5.576271186440677 63 2 3 3]
[2.8270737097919003 'Spatial' 0.20008814747589235 1.0209523742943414
 4.966101694915253 63 2 3 4]
[3.757372466216606 'Spatial' 0.20008814747589235 1.0209523742943414
 1.7457627118644066 63 2 3 5]
[4.304850045579385 'Spatial' 0.20008814747589235 1.0209523742943414
 10.169491525423728 63 2 3 6]
[3.7467422568864723 'Spatial' 0.20008814747589235 1.0209523742943414
 1.0677966101694913 63 2 3 7]
[3.475942960436847 'Spatial' 0.20008814747589235 1.0209523742943414
 1.1694915254237288 63 2 3 8]
[3.296437155505219 'Spatial' 0.20008814747589235 1.0209523742943414
 1.2372881355932202 63 2 3 9]
[3.256247224792643 'Spatial' 0.20008814747589235 1.0209523742943414
 1.1694915254237288 63 2 3 10]
[3.506945620711529 'Spatial' 0.20008814747589235 1.0209523742943414
 0.8983050847457626 63 2 3 11]
[4.048743022270665 'Spatial' 0.20008814747589235 1.0209523742943414
 0.1694915254237288 63 2 3 12]
[1.6547371839149414 'Spatial' 0.20008814747589235 1.0209523742943414
 1.7457627118644066 63 2 3 13]
[2.2812627112070247 'Spatial' 0.20008814747589235 1.0209523742943414
 2.2033898305084745 63 2 3 14]
[2.7017636823379623 'Spatial' 0.20008814747589235 1.0209523742943414
 2.3559322033898304 63 2 3 15]
[4.1588830833596715 'Spatial' 0.20008814747589235 1.0209523742943414
 4.067796610169491 63 2 3 16]
[3.4567072801585814 'Spatial' 0.20008814747589235 1.0209523742943414
 2.711864406779661 63 2 3 17]
[4.1588830833596715 'Spatial' 0.20008814747589235 1.0209523742943414
 3.389830508474576 63 2 3 18]
[2.029636263568224 'Spatial' 0.20008814747589235 1.0209523742943414
 2.3728813559322033 63 2 3 19]
[0.0 'Spatial' 0.20008814747589235 1.0209523742943414 0.0 63 2 4 0]
[5.458629335590526 'Spatial' 0.20008814747589235 1.0209523742943414
 10.169491525423728 63 2 4 1]
[3.1622710871315376 'Spatial' 0.20008814747589235 1.0209523742943414
 7.101694915254237 63 2 4 2]
[2.9322229641783983 'Spatial' 0.20008814747589235 1.0209523742943414
 5.576271186440677 63 2 4 3]
[2.8270737097919003 'Spatial' 0.20008814747589235 1.0209523742943414
 4.966101694915253 63 2 4 4]
[3.757372466216606 'Spatial' 0.20008814747589235 1.0209523742943414
 1.7457627118644066 63 2 4 5]
[4.304850045579385 'Spatial' 0.20008814747589235 1.0209523742943414
 10.169491525423728 63 2 4 6]
[3.7467422568864723 'Spatial' 0.20008814747589235 1.0209523742943414
 1.0677966101694913 63 2 4 7]
[3.475942960436847 'Spatial' 0.20008814747589235 1.0209523742943414
 1.1694915254237288 63 2 4 8]
[3.296437155505219 'Spatial' 0.20008814747589235 1.0209523742943414
 1.2372881355932202 63 2 4 9]
[3.256247224792643 'Spatial' 0.20008814747589235 1.0209523742943414
 1.1694915254237288 63 2 4 10]
[3.506945620711529 'Spatial' 0.20008814747589235 1.0209523742943414
 0.8983050847457626 63 2 4 11]
[4.048743022270665 'Spatial' 0.20008814747589235 1.0209523742943414
 0.1694915254237288 63 2 4 12]
[1.6547371839149414 'Spatial' 0.20008814747589235 1.0209523742943414
 1.7457627118644066 63 2 4 13]
[2.2812627112070247 'Spatial' 0.20008814747589235 1.0209523742943414
 2.2033898305084745 63 2 4 14]
[2.7017636823379623 'Spatial' 0.20008814747589235 1.0209523742943414
 2.3559322033898304 63 2 4 15]
[4.1588830833596715 'Spatial' 0.20008814747589235 1.0209523742943414
 4.067796610169491 63 2 4 16]
[3.4567072801585814 'Spatial' 0.20008814747589235 1.0209523742943414
 2.711864406779661 63 2 4 17]
[4.1588830833596715 'Spatial' 0.20008814747589235 1.0209523742943414
 3.389830508474576 63 2 4 18]
[2.029636263568224 'Spatial' 0.20008814747589235 1.0209523742943414
 2.3728813559322033 63 2 4 19]
[0.0 'Spatial' 0.20008814747589235 1.0209523742943414 0.0 63 2 5 0]
[5.458629335590526 'Spatial' 0.20008814747589235 1.0209523742943414
 10.169491525423728 63 2 5 1]
[3.1622710871315376 'Spatial' 0.20008814747589235 1.0209523742943414
 7.101694915254237 63 2 5 2]
[2.9322229641783983 'Spatial' 0.20008814747589235 1.0209523742943414
 5.576271186440677 63 2 5 3]
[2.8270737097919003 'Spatial' 0.20008814747589235 1.0209523742943414
 4.966101694915253 63 2 5 4]
[3.757372466216606 'Spatial' 0.20008814747589235 1.0209523742943414
 1.7457627118644066 63 2 5 5]
[4.304850045579385 'Spatial' 0.20008814747589235 1.0209523742943414
 10.169491525423728 63 2 5 6]
[3.7467422568864723 'Spatial' 0.20008814747589235 1.0209523742943414
 1.0677966101694913 63 2 5 7]
[3.475942960436847 'Spatial' 0.20008814747589235 1.0209523742943414
 1.1694915254237288 63 2 5 8]
[3.296437155505219 'Spatial' 0.20008814747589235 1.0209523742943414
 1.2372881355932202 63 2 5 9]
[3.256247224792643 'Spatial' 0.20008814747589235 1.0209523742943414
 1.1694915254237288 63 2 5 10]
[3.506945620711529 'Spatial' 0.20008814747589235 1.0209523742943414
 0.8983050847457626 63 2 5 11]
[4.048743022270665 'Spatial' 0.20008814747589235 1.0209523742943414
 0.1694915254237288 63 2 5 12]
[1.6547371839149414 'Spatial' 0.20008814747589235 1.0209523742943414
 1.7457627118644066 63 2 5 13]
[2.2812627112070247 'Spatial' 0.20008814747589235 1.0209523742943414
 2.2033898305084745 63 2 5 14]
[2.7017636823379623 'Spatial' 0.20008814747589235 1.0209523742943414
 2.3559322033898304 63 2 5 15]
[4.1588830833596715 'Spatial' 0.20008814747589235 1.0209523742943414
 4.067796610169491 63 2 5 16]
[3.4567072801585814 'Spatial' 0.20008814747589235 1.0209523742943414
 2.711864406779661 63 2 5 17]
[4.1588830833596715 'Spatial' 0.20008814747589235 1.0209523742943414
 3.389830508474576 63 2 5 18]
[2.029636263568224 'Spatial' 0.20008814747589235 1.0209523742943414
 2.3728813559322033 63 2 5 19]
[0.0 'Spatial' 0.20008814747589235 1.0209523742943414 0.0 63 2 6 0]
[5.458629335590526 'Spatial' 0.20008814747589235 1.0209523742943414
 10.169491525423728 63 2 6 1]
[3.1622710871315376 'Spatial' 0.20008814747589235 1.0209523742943414
 7.101694915254237 63 2 6 2]
[2.9322229641783983 'Spatial' 0.20008814747589235 1.0209523742943414
 5.576271186440677 63 2 6 3]
[2.8270737097919003 'Spatial' 0.20008814747589235 1.0209523742943414
 4.966101694915253 63 2 6 4]
[3.757372466216606 'Spatial' 0.20008814747589235 1.0209523742943414
 1.7457627118644066 63 2 6 5]
[4.304850045579385 'Spatial' 0.20008814747589235 1.0209523742943414
 10.169491525423728 63 2 6 6]
[3.7467422568864723 'Spatial' 0.20008814747589235 1.0209523742943414
 1.0677966101694913 63 2 6 7]
[3.475942960436847 'Spatial' 0.20008814747589235 1.0209523742943414
 1.1694915254237288 63 2 6 8]
[3.296437155505219 'Spatial' 0.20008814747589235 1.0209523742943414
 1.2372881355932202 63 2 6 9]
[3.256247224792643 'Spatial' 0.20008814747589235 1.0209523742943414
 1.1694915254237288 63 2 6 10]
[3.506945620711529 'Spatial' 0.20008814747589235 1.0209523742943414
 0.8983050847457626 63 2 6 11]
[4.048743022270665 'Spatial' 0.20008814747589235 1.0209523742943414
 0.1694915254237288 63 2 6 12]
[1.6547371839149414 'Spatial' 0.20008814747589235 1.0209523742943414
 1.7457627118644066 63 2 6 13]
[2.2812627112070247 'Spatial' 0.20008814747589235 1.0209523742943414
 2.2033898305084745 63 2 6 14]
[2.7017636823379623 'Spatial' 0.20008814747589235 1.0209523742943414
 2.3559322033898304 63 2 6 15]
[4.1588830833596715 'Spatial' 0.20008814747589235 1.0209523742943414
 4.067796610169491 63 2 6 16]
[3.4567072801585814 'Spatial' 0.20008814747589235 1.0209523742943414
 2.711864406779661 63 2 6 17]
[4.1588830833596715 'Spatial' 0.20008814747589235 1.0209523742943414
 3.389830508474576 63 2 6 18]
[2.029636263568224 'Spatial' 0.20008814747589235 1.0209523742943414
 2.3728813559322033 63 2 6 19]
[0.0 'Spatial' 0.20008814747589235 1.0209523742943414 0.0 63 2 7 0]
[5.458629335590526 'Spatial' 0.20008814747589235 1.0209523742943414
 10.169491525423728 63 2 7 1]
[3.1622710871315376 'Spatial' 0.20008814747589235 1.0209523742943414
 7.101694915254237 63 2 7 2]
[2.9322229641783983 'Spatial' 0.20008814747589235 1.0209523742943414
 5.576271186440677 63 2 7 3]
[2.8270737097919003 'Spatial' 0.20008814747589235 1.0209523742943414
 4.966101694915253 63 2 7 4]
[3.757372466216606 'Spatial' 0.20008814747589235 1.0209523742943414
 1.7457627118644066 63 2 7 5]
[4.304850045579385 'Spatial' 0.20008814747589235 1.0209523742943414
 10.169491525423728 63 2 7 6]
[3.7467422568864723 'Spatial' 0.20008814747589235 1.0209523742943414
 1.0677966101694913 63 2 7 7]
[3.475942960436847 'Spatial' 0.20008814747589235 1.0209523742943414
 1.1694915254237288 63 2 7 8]
[3.296437155505219 'Spatial' 0.20008814747589235 1.0209523742943414
 1.2372881355932202 63 2 7 9]
[3.256247224792643 'Spatial' 0.20008814747589235 1.0209523742943414
 1.1694915254237288 63 2 7 10]
[3.506945620711529 'Spatial' 0.20008814747589235 1.0209523742943414
 0.8983050847457626 63 2 7 11]
[4.048743022270665 'Spatial' 0.20008814747589235 1.0209523742943414
 0.1694915254237288 63 2 7 12]
[1.6547371839149414 'Spatial' 0.20008814747589235 1.0209523742943414
 1.7457627118644066 63 2 7 13]
[2.2812627112070247 'Spatial' 0.20008814747589235 1.0209523742943414
 2.2033898305084745 63 2 7 14]
[2.7017636823379623 'Spatial' 0.20008814747589235 1.0209523742943414
 2.3559322033898304 63 2 7 15]
[4.1588830833596715 'Spatial' 0.20008814747589235 1.0209523742943414
 4.067796610169491 63 2 7 16]
[3.4567072801585814 'Spatial' 0.20008814747589235 1.0209523742943414
 2.711864406779661 63 2 7 17]
[4.1588830833596715 'Spatial' 0.20008814747589235 1.0209523742943414
 3.389830508474576 63 2 7 18]
[2.029636263568224 'Spatial' 0.20008814747589235 1.0209523742943414
 2.3728813559322033 63 2 7 19]
[0.0 'Spatial' 0.20008814747589235 1.0209523742943414 0.0 63 2 8 0]
[5.458629335590526 'Spatial' 0.20008814747589235 1.0209523742943414
 10.169491525423728 63 2 8 1]
[3.1622710871315376 'Spatial' 0.20008814747589235 1.0209523742943414
 7.101694915254237 63 2 8 2]
[2.9322229641783983 'Spatial' 0.20008814747589235 1.0209523742943414
 5.576271186440677 63 2 8 3]
[2.8270737097919003 'Spatial' 0.20008814747589235 1.0209523742943414
 4.966101694915253 63 2 8 4]
[3.757372466216606 'Spatial' 0.20008814747589235 1.0209523742943414
 1.7457627118644066 63 2 8 5]
[4.304850045579385 'Spatial' 0.20008814747589235 1.0209523742943414
 10.169491525423728 63 2 8 6]
[3.7467422568864723 'Spatial' 0.20008814747589235 1.0209523742943414
 1.0677966101694913 63 2 8 7]
[3.475942960436847 'Spatial' 0.20008814747589235 1.0209523742943414
 1.1694915254237288 63 2 8 8]
[3.296437155505219 'Spatial' 0.20008814747589235 1.0209523742943414
 1.2372881355932202 63 2 8 9]
[3.256247224792643 'Spatial' 0.20008814747589235 1.0209523742943414
 1.1694915254237288 63 2 8 10]
[3.506945620711529 'Spatial' 0.20008814747589235 1.0209523742943414
 0.8983050847457626 63 2 8 11]
[4.048743022270665 'Spatial' 0.20008814747589235 1.0209523742943414
 0.1694915254237288 63 2 8 12]
[1.6547371839149414 'Spatial' 0.20008814747589235 1.0209523742943414
 1.7457627118644066 63 2 8 13]
[2.2812627112070247 'Spatial' 0.20008814747589235 1.0209523742943414
 2.2033898305084745 63 2 8 14]
[2.7017636823379623 'Spatial' 0.20008814747589235 1.0209523742943414
 2.3559322033898304 63 2 8 15]
[4.1588830833596715 'Spatial' 0.20008814747589235 1.0209523742943414
 4.067796610169491 63 2 8 16]
[3.4567072801585814 'Spatial' 0.20008814747589235 1.0209523742943414
 2.711864406779661 63 2 8 17]
[4.1588830833596715 'Spatial' 0.20008814747589235 1.0209523742943414
 3.389830508474576 63 2 8 18]
[2.029636263568224 'Spatial' 0.20008814747589235 1.0209523742943414
 2.3728813559322033 63 2 8 19]
