[0.0 'Conceptual' 0.06513280444934592 0.0002640790315328292 0.0 49 3 0 0]
[2.1246055482573434 'Conceptual' 0.06513280444934592 0.0002640790315328292
 0.1694915254237288 49 3 0 1]
[2.4321577503804983 'Conceptual' 0.06513280444934592 0.0002640790315328292
 1.5254237288135593 49 3 0 2]
[0.6014076503030648 'Conceptual' 0.06513280444934592 0.0002640790315328292
 0.1694915254237288 49 3 0 3]
[4.142316171805448 'Conceptual' 0.06513280444934592 0.0002640790315328292
 10.169491525423728 49 3 0 4]
[3.6978193551834218 'Conceptual' 0.06513280444934592 0.0002640790315328292
 7.372881355932203 49 3 0 5]
[0.0874688791806883 'Conceptual' 0.06513280444934592 0.0002640790315328292
 0.1694915254237288 49 3 0 6]
[2.56140205131045 'Conceptual' 0.06513280444934592 0.0002640790315328292
 4.220338983050847 49 3 0 7]
[0.010020103831711813 'Conceptual' 0.06513280444934592
 0.0002640790315328292 0.1694915254237288 49 3 0 8]
[2.287919222411076 'Conceptual' 0.06513280444934592 0.0002640790315328292
 4.067796610169491 49 3 0 9]
[2.1309128342148607 'Conceptual' 0.06513280444934592 0.0002640790315328292
 3.8983050847457625 49 3 0 10]
[0.0011140711371874458 'Conceptual' 0.06513280444934592
 0.0002640790315328292 0.1694915254237288 49 3 0 11]
[1.9461451519321764 'Conceptual' 0.06513280444934592 0.0002640790315328292
 3.813559322033898 49 3 0 12]
[1.8203122203502922 'Conceptual' 0.06513280444934592 0.0002640790315328292
 3.711864406779661 49 3 0 13]
[2.7374420712272225 'Conceptual' 0.06513280444934592 0.0002640790315328292
 3.101694915254237 49 3 0 14]
[2.555560710797444 'Conceptual' 0.06513280444934592 0.0002640790315328292
 3.0508474576271185 49 3 0 15]
[2.385772443406123 'Conceptual' 0.06513280444934592 0.0002640790315328292
 3.0338983050847457 49 3 0 16]
[2.062469416236356 'Conceptual' 0.06513280444934592 0.0002640790315328292
 0.6610169491525423 49 3 0 17]
[0.3894412563687424 'Conceptual' 0.06513280444934592 0.0002640790315328292
 0.559322033898305 49 3 0 18]
[3.55034568937091 'Conceptual' 0.06513280444934592 0.0002640790315328292
 10.169491525423728 49 3 0 19]
[0.0 'Conceptual' 0.06513280444934592 0.0002640790315328292 0.0 49 3 1 0]
[2.1246055482573434 'Conceptual' 0.06513280444934592 0.0002640790315328292
 0.1694915254237288 49 3 1 1]
[2.4321577503804983 'Conceptual' 0.06513280444934592 0.0002640790315328292
 1.5254237288135593 49 3 1 2]
[0.6014076503030648 'Conceptual' 0.06513280444934592 0.0002640790315328292
 0.1694915254237288 49 3 1 3]
[4.142316171805448 'Conceptual' 0.06513280444934592 0.0002640790315328292
 10.169491525423728 49 3 1 4]
[3.6978193551834218 'Conceptual' 0.06513280444934592 0.0002640790315328292
 7.372881355932203 49 3 1 5]
[0.0874688791806883 'Conceptual' 0.06513280444934592 0.0002640790315328292
 0.1694915254237288 49 3 1 6]
[2.56140205131045 'Conceptual' 0.06513280444934592 0.0002640790315328292
 4.220338983050847 49 3 1 7]
[0.010020103831711813 'Conceptual' 0.06513280444934592
 0.0002640790315328292 0.1694915254237288 49 3 1 8]
[2.287919222411076 'Conceptual' 0.06513280444934592 0.0002640790315328292
 4.067796610169491 49 3 1 9]
[2.1309128342148607 'Conceptual' 0.06513280444934592 0.0002640790315328292
 3.8983050847457625 49 3 1 10]
[0.0011140711371874458 'Conceptual' 0.06513280444934592
 0.0002640790315328292 0.1694915254237288 49 3 1 11]
[1.9461451519321764 'Conceptual' 0.06513280444934592 0.0002640790315328292
 3.813559322033898 49 3 1 12]
[1.8203122203502922 'Conceptual' 0.06513280444934592 0.0002640790315328292
 3.711864406779661 49 3 1 13]
[2.7374420712272225 'Conceptual' 0.06513280444934592 0.0002640790315328292
 3.101694915254237 49 3 1 14]
[2.555560710797444 'Conceptual' 0.06513280444934592 0.0002640790315328292
 3.0508474576271185 49 3 1 15]
[2.385772443406123 'Conceptual' 0.06513280444934592 0.0002640790315328292
 3.0338983050847457 49 3 1 16]
[2.062469416236356 'Conceptual' 0.06513280444934592 0.0002640790315328292
 0.6610169491525423 49 3 1 17]
[0.3894412563687424 'Conceptual' 0.06513280444934592 0.0002640790315328292
 0.559322033898305 49 3 1 18]
[3.55034568937091 'Conceptual' 0.06513280444934592 0.0002640790315328292
 10.169491525423728 49 3 1 19]
[0.0 'Conceptual' 0.06513280444934592 0.0002640790315328292 0.0 49 3 2 0]
[2.1246055482573434 'Conceptual' 0.06513280444934592 0.0002640790315328292
 0.1694915254237288 49 3 2 1]
[2.4321577503804983 'Conceptual' 0.06513280444934592 0.0002640790315328292
 1.5254237288135593 49 3 2 2]
[0.6014076503030648 'Conceptual' 0.06513280444934592 0.0002640790315328292
 0.1694915254237288 49 3 2 3]
[4.142316171805448 'Conceptual' 0.06513280444934592 0.0002640790315328292
 10.169491525423728 49 3 2 4]
[3.6978193551834218 'Conceptual' 0.06513280444934592 0.0002640790315328292
 7.372881355932203 49 3 2 5]
[0.0874688791806883 'Conceptual' 0.06513280444934592 0.0002640790315328292
 0.1694915254237288 49 3 2 6]
[2.56140205131045 'Conceptual' 0.06513280444934592 0.0002640790315328292
 4.220338983050847 49 3 2 7]
[0.010020103831711813 'Conceptual' 0.06513280444934592
 0.0002640790315328292 0.1694915254237288 49 3 2 8]
[2.287919222411076 'Conceptual' 0.06513280444934592 0.0002640790315328292
 4.067796610169491 49 3 2 9]
[2.1309128342148607 'Conceptual' 0.06513280444934592 0.0002640790315328292
 3.8983050847457625 49 3 2 10]
[0.0011140711371874458 'Conceptual' 0.06513280444934592
 0.0002640790315328292 0.1694915254237288 49 3 2 11]
[1.9461451519321764 'Conceptual' 0.06513280444934592 0.0002640790315328292
 3.813559322033898 49 3 2 12]
[1.8203122203502922 'Conceptual' 0.06513280444934592 0.0002640790315328292
 3.711864406779661 49 3 2 13]
[2.7374420712272225 'Conceptual' 0.06513280444934592 0.0002640790315328292
 3.101694915254237 49 3 2 14]
[2.555560710797444 'Conceptual' 0.06513280444934592 0.0002640790315328292
 3.0508474576271185 49 3 2 15]
[2.385772443406123 'Conceptual' 0.06513280444934592 0.0002640790315328292
 3.0338983050847457 49 3 2 16]
[2.062469416236356 'Conceptual' 0.06513280444934592 0.0002640790315328292
 0.6610169491525423 49 3 2 17]
[0.3894412563687424 'Conceptual' 0.06513280444934592 0.0002640790315328292
 0.559322033898305 49 3 2 18]
[3.55034568937091 'Conceptual' 0.06513280444934592 0.0002640790315328292
 10.169491525423728 49 3 2 19]
[0.0 'Conceptual' 0.06513280444934592 0.0002640790315328292 0.0 49 3 4 0]
[2.1246055482573434 'Conceptual' 0.06513280444934592 0.0002640790315328292
 0.1694915254237288 49 3 4 1]
[2.4321577503804983 'Conceptual' 0.06513280444934592 0.0002640790315328292
 1.5254237288135593 49 3 4 2]
[0.6014076503030648 'Conceptual' 0.06513280444934592 0.0002640790315328292
 0.1694915254237288 49 3 4 3]
[4.142316171805448 'Conceptual' 0.06513280444934592 0.0002640790315328292
 10.169491525423728 49 3 4 4]
[3.6978193551834218 'Conceptual' 0.06513280444934592 0.0002640790315328292
 7.372881355932203 49 3 4 5]
[0.0874688791806883 'Conceptual' 0.06513280444934592 0.0002640790315328292
 0.1694915254237288 49 3 4 6]
[2.56140205131045 'Conceptual' 0.06513280444934592 0.0002640790315328292
 4.220338983050847 49 3 4 7]
[0.010020103831711813 'Conceptual' 0.06513280444934592
 0.0002640790315328292 0.1694915254237288 49 3 4 8]
[2.287919222411076 'Conceptual' 0.06513280444934592 0.0002640790315328292
 4.067796610169491 49 3 4 9]
[2.1309128342148607 'Conceptual' 0.06513280444934592 0.0002640790315328292
 3.8983050847457625 49 3 4 10]
[0.0011140711371874458 'Conceptual' 0.06513280444934592
 0.0002640790315328292 0.1694915254237288 49 3 4 11]
[1.9461451519321764 'Conceptual' 0.06513280444934592 0.0002640790315328292
 3.813559322033898 49 3 4 12]
[1.8203122203502922 'Conceptual' 0.06513280444934592 0.0002640790315328292
 3.711864406779661 49 3 4 13]
[2.7374420712272225 'Conceptual' 0.06513280444934592 0.0002640790315328292
 3.101694915254237 49 3 4 14]
[2.555560710797444 'Conceptual' 0.06513280444934592 0.0002640790315328292
 3.0508474576271185 49 3 4 15]
[2.385772443406123 'Conceptual' 0.06513280444934592 0.0002640790315328292
 3.0338983050847457 49 3 4 16]
[2.062469416236356 'Conceptual' 0.06513280444934592 0.0002640790315328292
 0.6610169491525423 49 3 4 17]
[0.3894412563687424 'Conceptual' 0.06513280444934592 0.0002640790315328292
 0.559322033898305 49 3 4 18]
[3.55034568937091 'Conceptual' 0.06513280444934592 0.0002640790315328292
 10.169491525423728 49 3 4 19]
[0.0 'Conceptual' 0.06513280444934592 0.0002640790315328292 0.0 49 3 5 0]
[2.1246055482573434 'Conceptual' 0.06513280444934592 0.0002640790315328292
 0.1694915254237288 49 3 5 1]
[2.4321577503804983 'Conceptual' 0.06513280444934592 0.0002640790315328292
 1.5254237288135593 49 3 5 2]
[0.6014076503030648 'Conceptual' 0.06513280444934592 0.0002640790315328292
 0.1694915254237288 49 3 5 3]
[4.142316171805448 'Conceptual' 0.06513280444934592 0.0002640790315328292
 10.169491525423728 49 3 5 4]
[3.6978193551834218 'Conceptual' 0.06513280444934592 0.0002640790315328292
 7.372881355932203 49 3 5 5]
[0.0874688791806883 'Conceptual' 0.06513280444934592 0.0002640790315328292
 0.1694915254237288 49 3 5 6]
[2.56140205131045 'Conceptual' 0.06513280444934592 0.0002640790315328292
 4.220338983050847 49 3 5 7]
[0.010020103831711813 'Conceptual' 0.06513280444934592
 0.0002640790315328292 0.1694915254237288 49 3 5 8]
[2.287919222411076 'Conceptual' 0.06513280444934592 0.0002640790315328292
 4.067796610169491 49 3 5 9]
[2.1309128342148607 'Conceptual' 0.06513280444934592 0.0002640790315328292
 3.8983050847457625 49 3 5 10]
[0.0011140711371874458 'Conceptual' 0.06513280444934592
 0.0002640790315328292 0.1694915254237288 49 3 5 11]
[1.9461451519321764 'Conceptual' 0.06513280444934592 0.0002640790315328292
 3.813559322033898 49 3 5 12]
[1.8203122203502922 'Conceptual' 0.06513280444934592 0.0002640790315328292
 3.711864406779661 49 3 5 13]
[2.7374420712272225 'Conceptual' 0.06513280444934592 0.0002640790315328292
 3.101694915254237 49 3 5 14]
[2.555560710797444 'Conceptual' 0.06513280444934592 0.0002640790315328292
 3.0508474576271185 49 3 5 15]
[2.385772443406123 'Conceptual' 0.06513280444934592 0.0002640790315328292
 3.0338983050847457 49 3 5 16]
[2.062469416236356 'Conceptual' 0.06513280444934592 0.0002640790315328292
 0.6610169491525423 49 3 5 17]
[0.3894412563687424 'Conceptual' 0.06513280444934592 0.0002640790315328292
 0.559322033898305 49 3 5 18]
[3.55034568937091 'Conceptual' 0.06513280444934592 0.0002640790315328292
 10.169491525423728 49 3 5 19]
[0.0 'Conceptual' 0.06513280444934592 0.0002640790315328292 0.0 49 3 6 0]
[2.1246055482573434 'Conceptual' 0.06513280444934592 0.0002640790315328292
 0.1694915254237288 49 3 6 1]
[2.4321577503804983 'Conceptual' 0.06513280444934592 0.0002640790315328292
 1.5254237288135593 49 3 6 2]
[0.6014076503030648 'Conceptual' 0.06513280444934592 0.0002640790315328292
 0.1694915254237288 49 3 6 3]
[4.142316171805448 'Conceptual' 0.06513280444934592 0.0002640790315328292
 10.169491525423728 49 3 6 4]
[3.6978193551834218 'Conceptual' 0.06513280444934592 0.0002640790315328292
 7.372881355932203 49 3 6 5]
[0.0874688791806883 'Conceptual' 0.06513280444934592 0.0002640790315328292
 0.1694915254237288 49 3 6 6]
[2.56140205131045 'Conceptual' 0.06513280444934592 0.0002640790315328292
 4.220338983050847 49 3 6 7]
[0.010020103831711813 'Conceptual' 0.06513280444934592
 0.0002640790315328292 0.1694915254237288 49 3 6 8]
[2.287919222411076 'Conceptual' 0.06513280444934592 0.0002640790315328292
 4.067796610169491 49 3 6 9]
[2.1309128342148607 'Conceptual' 0.06513280444934592 0.0002640790315328292
 3.8983050847457625 49 3 6 10]
[0.0011140711371874458 'Conceptual' 0.06513280444934592
 0.0002640790315328292 0.1694915254237288 49 3 6 11]
[1.9461451519321764 'Conceptual' 0.06513280444934592 0.0002640790315328292
 3.813559322033898 49 3 6 12]
[1.8203122203502922 'Conceptual' 0.06513280444934592 0.0002640790315328292
 3.711864406779661 49 3 6 13]
[2.7374420712272225 'Conceptual' 0.06513280444934592 0.0002640790315328292
 3.101694915254237 49 3 6 14]
[2.555560710797444 'Conceptual' 0.06513280444934592 0.0002640790315328292
 3.0508474576271185 49 3 6 15]
[2.385772443406123 'Conceptual' 0.06513280444934592 0.0002640790315328292
 3.0338983050847457 49 3 6 16]
[2.062469416236356 'Conceptual' 0.06513280444934592 0.0002640790315328292
 0.6610169491525423 49 3 6 17]
[0.3894412563687424 'Conceptual' 0.06513280444934592 0.0002640790315328292
 0.559322033898305 49 3 6 18]
[3.55034568937091 'Conceptual' 0.06513280444934592 0.0002640790315328292
 10.169491525423728 49 3 6 19]
[0.0 'Conceptual' 0.06513280444934592 0.0002640790315328292 0.0 49 3 7 0]
[2.1246055482573434 'Conceptual' 0.06513280444934592 0.0002640790315328292
 0.1694915254237288 49 3 7 1]
[2.4321577503804983 'Conceptual' 0.06513280444934592 0.0002640790315328292
 1.5254237288135593 49 3 7 2]
[0.6014076503030648 'Conceptual' 0.06513280444934592 0.0002640790315328292
 0.1694915254237288 49 3 7 3]
[4.142316171805448 'Conceptual' 0.06513280444934592 0.0002640790315328292
 10.169491525423728 49 3 7 4]
[3.6978193551834218 'Conceptual' 0.06513280444934592 0.0002640790315328292
 7.372881355932203 49 3 7 5]
[0.0874688791806883 'Conceptual' 0.06513280444934592 0.0002640790315328292
 0.1694915254237288 49 3 7 6]
[2.56140205131045 'Conceptual' 0.06513280444934592 0.0002640790315328292
 4.220338983050847 49 3 7 7]
[0.010020103831711813 'Conceptual' 0.06513280444934592
 0.0002640790315328292 0.1694915254237288 49 3 7 8]
[2.287919222411076 'Conceptual' 0.06513280444934592 0.0002640790315328292
 4.067796610169491 49 3 7 9]
[2.1309128342148607 'Conceptual' 0.06513280444934592 0.0002640790315328292
 3.8983050847457625 49 3 7 10]
[0.0011140711371874458 'Conceptual' 0.06513280444934592
 0.0002640790315328292 0.1694915254237288 49 3 7 11]
[1.9461451519321764 'Conceptual' 0.06513280444934592 0.0002640790315328292
 3.813559322033898 49 3 7 12]
[1.8203122203502922 'Conceptual' 0.06513280444934592 0.0002640790315328292
 3.711864406779661 49 3 7 13]
[2.7374420712272225 'Conceptual' 0.06513280444934592 0.0002640790315328292
 3.101694915254237 49 3 7 14]
[2.555560710797444 'Conceptual' 0.06513280444934592 0.0002640790315328292
 3.0508474576271185 49 3 7 15]
[2.385772443406123 'Conceptual' 0.06513280444934592 0.0002640790315328292
 3.0338983050847457 49 3 7 16]
[2.062469416236356 'Conceptual' 0.06513280444934592 0.0002640790315328292
 0.6610169491525423 49 3 7 17]
[0.3894412563687424 'Conceptual' 0.06513280444934592 0.0002640790315328292
 0.559322033898305 49 3 7 18]
[3.55034568937091 'Conceptual' 0.06513280444934592 0.0002640790315328292
 10.169491525423728 49 3 7 19]
[0.0 'Conceptual' 0.06513280444934592 0.0002640790315328292 0.0 49 3 8 0]
[2.1246055482573434 'Conceptual' 0.06513280444934592 0.0002640790315328292
 0.1694915254237288 49 3 8 1]
[2.4321577503804983 'Conceptual' 0.06513280444934592 0.0002640790315328292
 1.5254237288135593 49 3 8 2]
[0.6014076503030648 'Conceptual' 0.06513280444934592 0.0002640790315328292
 0.1694915254237288 49 3 8 3]
[4.142316171805448 'Conceptual' 0.06513280444934592 0.0002640790315328292
 10.169491525423728 49 3 8 4]
[3.6978193551834218 'Conceptual' 0.06513280444934592 0.0002640790315328292
 7.372881355932203 49 3 8 5]
[0.0874688791806883 'Conceptual' 0.06513280444934592 0.0002640790315328292
 0.1694915254237288 49 3 8 6]
[2.56140205131045 'Conceptual' 0.06513280444934592 0.0002640790315328292
 4.220338983050847 49 3 8 7]
[0.010020103831711813 'Conceptual' 0.06513280444934592
 0.0002640790315328292 0.1694915254237288 49 3 8 8]
[2.287919222411076 'Conceptual' 0.06513280444934592 0.0002640790315328292
 4.067796610169491 49 3 8 9]
[2.1309128342148607 'Conceptual' 0.06513280444934592 0.0002640790315328292
 3.8983050847457625 49 3 8 10]
[0.0011140711371874458 'Conceptual' 0.06513280444934592
 0.0002640790315328292 0.1694915254237288 49 3 8 11]
[1.9461451519321764 'Conceptual' 0.06513280444934592 0.0002640790315328292
 3.813559322033898 49 3 8 12]
[1.8203122203502922 'Conceptual' 0.06513280444934592 0.0002640790315328292
 3.711864406779661 49 3 8 13]
[2.7374420712272225 'Conceptual' 0.06513280444934592 0.0002640790315328292
 3.101694915254237 49 3 8 14]
[2.555560710797444 'Conceptual' 0.06513280444934592 0.0002640790315328292
 3.0508474576271185 49 3 8 15]
[2.385772443406123 'Conceptual' 0.06513280444934592 0.0002640790315328292
 3.0338983050847457 49 3 8 16]
[2.062469416236356 'Conceptual' 0.06513280444934592 0.0002640790315328292
 0.6610169491525423 49 3 8 17]
[0.3894412563687424 'Conceptual' 0.06513280444934592 0.0002640790315328292
 0.559322033898305 49 3 8 18]
[3.55034568937091 'Conceptual' 0.06513280444934592 0.0002640790315328292
 10.169491525423728 49 3 8 19]
