[0.0 'Spatial' 0.8448860751268155 54.59817259127134 0.0 23 4 0 0]
[3.246553215642742 'Spatial' 0.8448860751268155 54.59817259127134
 2.6271186440677963 23 4 0 1]
[4.127128890133073 'Spatial' 0.8448860751268155 54.59817259127134
 0.24406779661016947 23 4 0 2]
[4.016952038541543 'Spatial' 0.8448860751268155 54.59817259127134
 0.559322033898305 23 4 0 3]
[0.00068760889667511 'Spatial' 0.8448860751268155 54.59817259127134
 1.4406779661016949 23 4 0 4]
[0.0006298016333102192 'Spatial' 0.8448860751268155 54.59817259127134
 0.847457627118644 23 4 0 5]
[0.0006298016333102192 'Spatial' 0.8448860751268155 54.59817259127134
 0.1694915254237288 23 4 0 6]
[1.7944860390736368 'Spatial' 0.8448860751268155 54.59817259127134
 1.711864406779661 23 4 0 7]
[1.3864443498710162 'Spatial' 0.8448860751268155 54.59817259127134
 1.271186440677966 23 4 0 8]
[0.6935810029732735 'Spatial' 0.8448860751268155 54.59817259127134
 0.9999999999999999 23 4 0 9]
[3.7880409940100956 'Spatial' 0.8448860751268155 54.59817259127134
 4.661016949152542 23 4 0 10]
[4.002858078461111 'Spatial' 0.8448860751268155 54.59817259127134
 4.898305084745762 23 4 0 11]
[3.9782080507887447 'Spatial' 0.8448860751268155 54.59817259127134
 4.661016949152542 23 4 0 12]
[3.8066679816328817 'Spatial' 0.8448860751268155 54.59817259127134
 3.8813559322033897 23 4 0 13]
[2.427046684745923 'Spatial' 0.8448860751268155 54.59817259127134
 1.6779661016949152 23 4 0 14]
[1.0993259560120612 'Spatial' 0.8448860751268155 54.59817259127134
 0.9999999999999999 23 4 0 15]
[0.16280476750389583 'Spatial' 0.8448860751268155 54.59817259127134
 0.3220338983050847 23 4 0 16]
[0.011362450649522824 'Spatial' 0.8448860751268155 54.59817259127134
 0.1694915254237288 23 4 0 17]
[0.011362450649522264 'Spatial' 0.8448860751268155 54.59817259127134
 0.1694915254237288 23 4 0 18]
[0.011362450649522824 'Spatial' 0.8448860751268155 54.59817259127134
 0.1694915254237288 23 4 0 19]
[0.0 'Spatial' 0.8448860751268155 54.59817259127134 0.0 23 4 1 0]
[3.246553215642742 'Spatial' 0.8448860751268155 54.59817259127134
 2.6271186440677963 23 4 1 1]
[4.127128890133073 'Spatial' 0.8448860751268155 54.59817259127134
 0.24406779661016947 23 4 1 2]
[4.016952038541543 'Spatial' 0.8448860751268155 54.59817259127134
 0.559322033898305 23 4 1 3]
[0.00068760889667511 'Spatial' 0.8448860751268155 54.59817259127134
 1.4406779661016949 23 4 1 4]
[0.0006298016333102192 'Spatial' 0.8448860751268155 54.59817259127134
 0.847457627118644 23 4 1 5]
[0.0006298016333102192 'Spatial' 0.8448860751268155 54.59817259127134
 0.1694915254237288 23 4 1 6]
[1.7944860390736368 'Spatial' 0.8448860751268155 54.59817259127134
 1.711864406779661 23 4 1 7]
[1.3864443498710162 'Spatial' 0.8448860751268155 54.59817259127134
 1.271186440677966 23 4 1 8]
[0.6935810029732735 'Spatial' 0.8448860751268155 54.59817259127134
 0.9999999999999999 23 4 1 9]
[3.7880409940100956 'Spatial' 0.8448860751268155 54.59817259127134
 4.661016949152542 23 4 1 10]
[4.002858078461111 'Spatial' 0.8448860751268155 54.59817259127134
 4.898305084745762 23 4 1 11]
[3.9782080507887447 'Spatial' 0.8448860751268155 54.59817259127134
 4.661016949152542 23 4 1 12]
[3.8066679816328817 'Spatial' 0.8448860751268155 54.59817259127134
 3.8813559322033897 23 4 1 13]
[2.427046684745923 'Spatial' 0.8448860751268155 54.59817259127134
 1.6779661016949152 23 4 1 14]
[1.0993259560120612 'Spatial' 0.8448860751268155 54.59817259127134
 0.9999999999999999 23 4 1 15]
[0.16280476750389583 'Spatial' 0.8448860751268155 54.59817259127134
 0.3220338983050847 23 4 1 16]
[0.011362450649522824 'Spatial' 0.8448860751268155 54.59817259127134
 0.1694915254237288 23 4 1 17]
[0.011362450649522264 'Spatial' 0.8448860751268155 54.59817259127134
 0.1694915254237288 23 4 1 18]
[0.011362450649522824 'Spatial' 0.8448860751268155 54.59817259127134
 0.1694915254237288 23 4 1 19]
[0.0 'Spatial' 0.8448860751268155 54.59817259127134 0.0 23 4 2 0]
[3.246553215642742 'Spatial' 0.8448860751268155 54.59817259127134
 2.6271186440677963 23 4 2 1]
[4.127128890133073 'Spatial' 0.8448860751268155 54.59817259127134
 0.24406779661016947 23 4 2 2]
[4.016952038541543 'Spatial' 0.8448860751268155 54.59817259127134
 0.559322033898305 23 4 2 3]
[0.00068760889667511 'Spatial' 0.8448860751268155 54.59817259127134
 1.4406779661016949 23 4 2 4]
[0.0006298016333102192 'Spatial' 0.8448860751268155 54.59817259127134
 0.847457627118644 23 4 2 5]
[0.0006298016333102192 'Spatial' 0.8448860751268155 54.59817259127134
 0.1694915254237288 23 4 2 6]
[1.7944860390736368 'Spatial' 0.8448860751268155 54.59817259127134
 1.711864406779661 23 4 2 7]
[1.3864443498710162 'Spatial' 0.8448860751268155 54.59817259127134
 1.271186440677966 23 4 2 8]
[0.6935810029732735 'Spatial' 0.8448860751268155 54.59817259127134
 0.9999999999999999 23 4 2 9]
[3.7880409940100956 'Spatial' 0.8448860751268155 54.59817259127134
 4.661016949152542 23 4 2 10]
[4.002858078461111 'Spatial' 0.8448860751268155 54.59817259127134
 4.898305084745762 23 4 2 11]
[3.9782080507887447 'Spatial' 0.8448860751268155 54.59817259127134
 4.661016949152542 23 4 2 12]
[3.8066679816328817 'Spatial' 0.8448860751268155 54.59817259127134
 3.8813559322033897 23 4 2 13]
[2.427046684745923 'Spatial' 0.8448860751268155 54.59817259127134
 1.6779661016949152 23 4 2 14]
[1.0993259560120612 'Spatial' 0.8448860751268155 54.59817259127134
 0.9999999999999999 23 4 2 15]
[0.16280476750389583 'Spatial' 0.8448860751268155 54.59817259127134
 0.3220338983050847 23 4 2 16]
[0.011362450649522824 'Spatial' 0.8448860751268155 54.59817259127134
 0.1694915254237288 23 4 2 17]
[0.011362450649522264 'Spatial' 0.8448860751268155 54.59817259127134
 0.1694915254237288 23 4 2 18]
[0.011362450649522824 'Spatial' 0.8448860751268155 54.59817259127134
 0.1694915254237288 23 4 2 19]
[0.0 'Spatial' 0.8448860751268155 54.59817259127134 0.0 23 4 3 0]
[3.246553215642742 'Spatial' 0.8448860751268155 54.59817259127134
 2.6271186440677963 23 4 3 1]
[4.127128890133073 'Spatial' 0.8448860751268155 54.59817259127134
 0.24406779661016947 23 4 3 2]
[4.016952038541543 'Spatial' 0.8448860751268155 54.59817259127134
 0.559322033898305 23 4 3 3]
[0.00068760889667511 'Spatial' 0.8448860751268155 54.59817259127134
 1.4406779661016949 23 4 3 4]
[0.0006298016333102192 'Spatial' 0.8448860751268155 54.59817259127134
 0.847457627118644 23 4 3 5]
[0.0006298016333102192 'Spatial' 0.8448860751268155 54.59817259127134
 0.1694915254237288 23 4 3 6]
[1.7944860390736368 'Spatial' 0.8448860751268155 54.59817259127134
 1.711864406779661 23 4 3 7]
[1.3864443498710162 'Spatial' 0.8448860751268155 54.59817259127134
 1.271186440677966 23 4 3 8]
[0.6935810029732735 'Spatial' 0.8448860751268155 54.59817259127134
 0.9999999999999999 23 4 3 9]
[3.7880409940100956 'Spatial' 0.8448860751268155 54.59817259127134
 4.661016949152542 23 4 3 10]
[4.002858078461111 'Spatial' 0.8448860751268155 54.59817259127134
 4.898305084745762 23 4 3 11]
[3.9782080507887447 'Spatial' 0.8448860751268155 54.59817259127134
 4.661016949152542 23 4 3 12]
[3.8066679816328817 'Spatial' 0.8448860751268155 54.59817259127134
 3.8813559322033897 23 4 3 13]
[2.427046684745923 'Spatial' 0.8448860751268155 54.59817259127134
 1.6779661016949152 23 4 3 14]
[1.0993259560120612 'Spatial' 0.8448860751268155 54.59817259127134
 0.9999999999999999 23 4 3 15]
[0.16280476750389583 'Spatial' 0.8448860751268155 54.59817259127134
 0.3220338983050847 23 4 3 16]
[0.011362450649522824 'Spatial' 0.8448860751268155 54.59817259127134
 0.1694915254237288 23 4 3 17]
[0.011362450649522264 'Spatial' 0.8448860751268155 54.59817259127134
 0.1694915254237288 23 4 3 18]
[0.011362450649522824 'Spatial' 0.8448860751268155 54.59817259127134
 0.1694915254237288 23 4 3 19]
[0.0 'Spatial' 0.8448860751268155 54.59817259127134 0.0 23 4 5 0]
[3.246553215642742 'Spatial' 0.8448860751268155 54.59817259127134
 2.6271186440677963 23 4 5 1]
[4.127128890133073 'Spatial' 0.8448860751268155 54.59817259127134
 0.24406779661016947 23 4 5 2]
[4.016952038541543 'Spatial' 0.8448860751268155 54.59817259127134
 0.559322033898305 23 4 5 3]
[0.00068760889667511 'Spatial' 0.8448860751268155 54.59817259127134
 1.4406779661016949 23 4 5 4]
[0.0006298016333102192 'Spatial' 0.8448860751268155 54.59817259127134
 0.847457627118644 23 4 5 5]
[0.0006298016333102192 'Spatial' 0.8448860751268155 54.59817259127134
 0.1694915254237288 23 4 5 6]
[1.7944860390736368 'Spatial' 0.8448860751268155 54.59817259127134
 1.711864406779661 23 4 5 7]
[1.3864443498710162 'Spatial' 0.8448860751268155 54.59817259127134
 1.271186440677966 23 4 5 8]
[0.6935810029732735 'Spatial' 0.8448860751268155 54.59817259127134
 0.9999999999999999 23 4 5 9]
[3.7880409940100956 'Spatial' 0.8448860751268155 54.59817259127134
 4.661016949152542 23 4 5 10]
[4.002858078461111 'Spatial' 0.8448860751268155 54.59817259127134
 4.898305084745762 23 4 5 11]
[3.9782080507887447 'Spatial' 0.8448860751268155 54.59817259127134
 4.661016949152542 23 4 5 12]
[3.8066679816328817 'Spatial' 0.8448860751268155 54.59817259127134
 3.8813559322033897 23 4 5 13]
[2.427046684745923 'Spatial' 0.8448860751268155 54.59817259127134
 1.6779661016949152 23 4 5 14]
[1.0993259560120612 'Spatial' 0.8448860751268155 54.59817259127134
 0.9999999999999999 23 4 5 15]
[0.16280476750389583 'Spatial' 0.8448860751268155 54.59817259127134
 0.3220338983050847 23 4 5 16]
[0.011362450649522824 'Spatial' 0.8448860751268155 54.59817259127134
 0.1694915254237288 23 4 5 17]
[0.011362450649522264 'Spatial' 0.8448860751268155 54.59817259127134
 0.1694915254237288 23 4 5 18]
[0.011362450649522824 'Spatial' 0.8448860751268155 54.59817259127134
 0.1694915254237288 23 4 5 19]
[0.0 'Spatial' 0.8448860751268155 54.59817259127134 0.0 23 4 6 0]
[3.246553215642742 'Spatial' 0.8448860751268155 54.59817259127134
 2.6271186440677963 23 4 6 1]
[4.127128890133073 'Spatial' 0.8448860751268155 54.59817259127134
 0.24406779661016947 23 4 6 2]
[4.016952038541543 'Spatial' 0.8448860751268155 54.59817259127134
 0.559322033898305 23 4 6 3]
[0.00068760889667511 'Spatial' 0.8448860751268155 54.59817259127134
 1.4406779661016949 23 4 6 4]
[0.0006298016333102192 'Spatial' 0.8448860751268155 54.59817259127134
 0.847457627118644 23 4 6 5]
[0.0006298016333102192 'Spatial' 0.8448860751268155 54.59817259127134
 0.1694915254237288 23 4 6 6]
[1.7944860390736368 'Spatial' 0.8448860751268155 54.59817259127134
 1.711864406779661 23 4 6 7]
[1.3864443498710162 'Spatial' 0.8448860751268155 54.59817259127134
 1.271186440677966 23 4 6 8]
[0.6935810029732735 'Spatial' 0.8448860751268155 54.59817259127134
 0.9999999999999999 23 4 6 9]
[3.7880409940100956 'Spatial' 0.8448860751268155 54.59817259127134
 4.661016949152542 23 4 6 10]
[4.002858078461111 'Spatial' 0.8448860751268155 54.59817259127134
 4.898305084745762 23 4 6 11]
[3.9782080507887447 'Spatial' 0.8448860751268155 54.59817259127134
 4.661016949152542 23 4 6 12]
[3.8066679816328817 'Spatial' 0.8448860751268155 54.59817259127134
 3.8813559322033897 23 4 6 13]
[2.427046684745923 'Spatial' 0.8448860751268155 54.59817259127134
 1.6779661016949152 23 4 6 14]
[1.0993259560120612 'Spatial' 0.8448860751268155 54.59817259127134
 0.9999999999999999 23 4 6 15]
[0.16280476750389583 'Spatial' 0.8448860751268155 54.59817259127134
 0.3220338983050847 23 4 6 16]
[0.011362450649522824 'Spatial' 0.8448860751268155 54.59817259127134
 0.1694915254237288 23 4 6 17]
[0.011362450649522264 'Spatial' 0.8448860751268155 54.59817259127134
 0.1694915254237288 23 4 6 18]
[0.011362450649522824 'Spatial' 0.8448860751268155 54.59817259127134
 0.1694915254237288 23 4 6 19]
[0.0 'Spatial' 0.8448860751268155 54.59817259127134 0.0 23 4 7 0]
[3.246553215642742 'Spatial' 0.8448860751268155 54.59817259127134
 2.6271186440677963 23 4 7 1]
[4.127128890133073 'Spatial' 0.8448860751268155 54.59817259127134
 0.24406779661016947 23 4 7 2]
[4.016952038541543 'Spatial' 0.8448860751268155 54.59817259127134
 0.559322033898305 23 4 7 3]
[0.00068760889667511 'Spatial' 0.8448860751268155 54.59817259127134
 1.4406779661016949 23 4 7 4]
[0.0006298016333102192 'Spatial' 0.8448860751268155 54.59817259127134
 0.847457627118644 23 4 7 5]
[0.0006298016333102192 'Spatial' 0.8448860751268155 54.59817259127134
 0.1694915254237288 23 4 7 6]
[1.7944860390736368 'Spatial' 0.8448860751268155 54.59817259127134
 1.711864406779661 23 4 7 7]
[1.3864443498710162 'Spatial' 0.8448860751268155 54.59817259127134
 1.271186440677966 23 4 7 8]
[0.6935810029732735 'Spatial' 0.8448860751268155 54.59817259127134
 0.9999999999999999 23 4 7 9]
[3.7880409940100956 'Spatial' 0.8448860751268155 54.59817259127134
 4.661016949152542 23 4 7 10]
[4.002858078461111 'Spatial' 0.8448860751268155 54.59817259127134
 4.898305084745762 23 4 7 11]
[3.9782080507887447 'Spatial' 0.8448860751268155 54.59817259127134
 4.661016949152542 23 4 7 12]
[3.8066679816328817 'Spatial' 0.8448860751268155 54.59817259127134
 3.8813559322033897 23 4 7 13]
[2.427046684745923 'Spatial' 0.8448860751268155 54.59817259127134
 1.6779661016949152 23 4 7 14]
[1.0993259560120612 'Spatial' 0.8448860751268155 54.59817259127134
 0.9999999999999999 23 4 7 15]
[0.16280476750389583 'Spatial' 0.8448860751268155 54.59817259127134
 0.3220338983050847 23 4 7 16]
[0.011362450649522824 'Spatial' 0.8448860751268155 54.59817259127134
 0.1694915254237288 23 4 7 17]
[0.011362450649522264 'Spatial' 0.8448860751268155 54.59817259127134
 0.1694915254237288 23 4 7 18]
[0.011362450649522824 'Spatial' 0.8448860751268155 54.59817259127134
 0.1694915254237288 23 4 7 19]
[0.0 'Spatial' 0.8448860751268155 54.59817259127134 0.0 23 4 8 0]
[3.246553215642742 'Spatial' 0.8448860751268155 54.59817259127134
 2.6271186440677963 23 4 8 1]
[4.127128890133073 'Spatial' 0.8448860751268155 54.59817259127134
 0.24406779661016947 23 4 8 2]
[4.016952038541543 'Spatial' 0.8448860751268155 54.59817259127134
 0.559322033898305 23 4 8 3]
[0.00068760889667511 'Spatial' 0.8448860751268155 54.59817259127134
 1.4406779661016949 23 4 8 4]
[0.0006298016333102192 'Spatial' 0.8448860751268155 54.59817259127134
 0.847457627118644 23 4 8 5]
[0.0006298016333102192 'Spatial' 0.8448860751268155 54.59817259127134
 0.1694915254237288 23 4 8 6]
[1.7944860390736368 'Spatial' 0.8448860751268155 54.59817259127134
 1.711864406779661 23 4 8 7]
[1.3864443498710162 'Spatial' 0.8448860751268155 54.59817259127134
 1.271186440677966 23 4 8 8]
[0.6935810029732735 'Spatial' 0.8448860751268155 54.59817259127134
 0.9999999999999999 23 4 8 9]
[3.7880409940100956 'Spatial' 0.8448860751268155 54.59817259127134
 4.661016949152542 23 4 8 10]
[4.002858078461111 'Spatial' 0.8448860751268155 54.59817259127134
 4.898305084745762 23 4 8 11]
[3.9782080507887447 'Spatial' 0.8448860751268155 54.59817259127134
 4.661016949152542 23 4 8 12]
[3.8066679816328817 'Spatial' 0.8448860751268155 54.59817259127134
 3.8813559322033897 23 4 8 13]
[2.427046684745923 'Spatial' 0.8448860751268155 54.59817259127134
 1.6779661016949152 23 4 8 14]
[1.0993259560120612 'Spatial' 0.8448860751268155 54.59817259127134
 0.9999999999999999 23 4 8 15]
[0.16280476750389583 'Spatial' 0.8448860751268155 54.59817259127134
 0.3220338983050847 23 4 8 16]
[0.011362450649522824 'Spatial' 0.8448860751268155 54.59817259127134
 0.1694915254237288 23 4 8 17]
[0.011362450649522264 'Spatial' 0.8448860751268155 54.59817259127134
 0.1694915254237288 23 4 8 18]
[0.011362450649522824 'Spatial' 0.8448860751268155 54.59817259127134
 0.1694915254237288 23 4 8 19]
