[0.0 'Conceptual' 0.05776334751963011 0.3542207192686742 0.0 77 6 0 0]
[3.613367733645829 'Conceptual' 0.05776334751963011 0.3542207192686742
 1.7796610169491525 77 6 0 1]
[1.8728555299120382 'Conceptual' 0.05776334751963011 0.3542207192686742
 3.271186440677966 77 6 0 2]
[3.2886254008195057 'Conceptual' 0.05776334751963011 0.3542207192686742
 6.423728813559322 77 6 0 3]
[3.502159774382199 'Conceptual' 0.05776334751963011 0.3542207192686742
 1.3389830508474576 77 6 0 4]
[2.4140928659297427 'Conceptual' 0.05776334751963011 0.3542207192686742
 1.406779661016949 77 6 0 5]
[0.000629801633309997 'Conceptual' 0.05776334751963011 0.3542207192686742
 0.1694915254237288 77 6 0 6]
[4.07004088160312 'Conceptual' 0.05776334751963011 0.3542207192686742
 10.169491525423728 77 6 0 7]
[0.7931387111915437 'Conceptual' 0.05776334751963011 0.3542207192686742
 3.3728813559322033 77 6 0 8]
[1.7845710252161493 'Conceptual' 0.05776334751963011 0.3542207192686742
 2.423728813559322 77 6 0 9]
[0.645773152446202 'Conceptual' 0.05776334751963011 0.3542207192686742
 3.3728813559322033 77 6 0 10]
[0.20709584523153282 'Conceptual' 0.05776334751963011 0.3542207192686742
 0.8305084745762711 77 6 0 11]
[0.0006347196702600058 'Conceptual' 0.05776334751963011 0.3542207192686742
 0.7288135593220338 77 6 0 12]
[2.3192765601612844 'Conceptual' 0.05776334751963011 0.3542207192686742
 7.440677966101695 77 6 0 13]
[2.1940773884696467 'Conceptual' 0.05776334751963011 0.3542207192686742
 7.169491525423728 77 6 0 14]
[2.0752416472714486 'Conceptual' 0.05776334751963011 0.3542207192686742
 6.932203389830508 77 6 0 15]
[1.9624406154425993 'Conceptual' 0.05776334751963011 0.3542207192686742
 6.694915254237288 77 6 0 16]
[0.029988032861982584 'Conceptual' 0.05776334751963011 0.3542207192686742
 0.3389830508474576 77 6 0 17]
[3.3912774045736875 'Conceptual' 0.05776334751963011 0.3542207192686742
 10.169491525423728 77 6 0 18]
[0.002871801954722501 'Conceptual' 0.05776334751963011 0.3542207192686742
 1.694915254237288 77 6 0 19]
[0.0 'Conceptual' 0.05776334751963011 0.3542207192686742 0.0 77 6 1 0]
[3.613367733645829 'Conceptual' 0.05776334751963011 0.3542207192686742
 1.7796610169491525 77 6 1 1]
[1.8728555299120382 'Conceptual' 0.05776334751963011 0.3542207192686742
 3.271186440677966 77 6 1 2]
[3.2886254008195057 'Conceptual' 0.05776334751963011 0.3542207192686742
 6.423728813559322 77 6 1 3]
[3.502159774382199 'Conceptual' 0.05776334751963011 0.3542207192686742
 1.3389830508474576 77 6 1 4]
[2.4140928659297427 'Conceptual' 0.05776334751963011 0.3542207192686742
 1.406779661016949 77 6 1 5]
[0.000629801633309997 'Conceptual' 0.05776334751963011 0.3542207192686742
 0.1694915254237288 77 6 1 6]
[4.07004088160312 'Conceptual' 0.05776334751963011 0.3542207192686742
 10.169491525423728 77 6 1 7]
[0.7931387111915437 'Conceptual' 0.05776334751963011 0.3542207192686742
 3.3728813559322033 77 6 1 8]
[1.7845710252161493 'Conceptual' 0.05776334751963011 0.3542207192686742
 2.423728813559322 77 6 1 9]
[0.645773152446202 'Conceptual' 0.05776334751963011 0.3542207192686742
 3.3728813559322033 77 6 1 10]
[0.20709584523153282 'Conceptual' 0.05776334751963011 0.3542207192686742
 0.8305084745762711 77 6 1 11]
[0.0006347196702600058 'Conceptual' 0.05776334751963011 0.3542207192686742
 0.7288135593220338 77 6 1 12]
[2.3192765601612844 'Conceptual' 0.05776334751963011 0.3542207192686742
 7.440677966101695 77 6 1 13]
[2.1940773884696467 'Conceptual' 0.05776334751963011 0.3542207192686742
 7.169491525423728 77 6 1 14]
[2.0752416472714486 'Conceptual' 0.05776334751963011 0.3542207192686742
 6.932203389830508 77 6 1 15]
[1.9624406154425993 'Conceptual' 0.05776334751963011 0.3542207192686742
 6.694915254237288 77 6 1 16]
[0.029988032861982584 'Conceptual' 0.05776334751963011 0.3542207192686742
 0.3389830508474576 77 6 1 17]
[3.3912774045736875 'Conceptual' 0.05776334751963011 0.3542207192686742
 10.169491525423728 77 6 1 18]
[0.002871801954722501 'Conceptual' 0.05776334751963011 0.3542207192686742
 1.694915254237288 77 6 1 19]
[0.0 'Conceptual' 0.05776334751963011 0.3542207192686742 0.0 77 6 2 0]
[3.613367733645829 'Conceptual' 0.05776334751963011 0.3542207192686742
 1.7796610169491525 77 6 2 1]
[1.8728555299120382 'Conceptual' 0.05776334751963011 0.3542207192686742
 3.271186440677966 77 6 2 2]
[3.2886254008195057 'Conceptual' 0.05776334751963011 0.3542207192686742
 6.423728813559322 77 6 2 3]
[3.502159774382199 'Conceptual' 0.05776334751963011 0.3542207192686742
 1.3389830508474576 77 6 2 4]
[2.4140928659297427 'Conceptual' 0.05776334751963011 0.3542207192686742
 1.406779661016949 77 6 2 5]
[0.000629801633309997 'Conceptual' 0.05776334751963011 0.3542207192686742
 0.1694915254237288 77 6 2 6]
[4.07004088160312 'Conceptual' 0.05776334751963011 0.3542207192686742
 10.169491525423728 77 6 2 7]
[0.7931387111915437 'Conceptual' 0.05776334751963011 0.3542207192686742
 3.3728813559322033 77 6 2 8]
[1.7845710252161493 'Conceptual' 0.05776334751963011 0.3542207192686742
 2.423728813559322 77 6 2 9]
[0.645773152446202 'Conceptual' 0.05776334751963011 0.3542207192686742
 3.3728813559322033 77 6 2 10]
[0.20709584523153282 'Conceptual' 0.05776334751963011 0.3542207192686742
 0.8305084745762711 77 6 2 11]
[0.0006347196702600058 'Conceptual' 0.05776334751963011 0.3542207192686742
 0.7288135593220338 77 6 2 12]
[2.3192765601612844 'Conceptual' 0.05776334751963011 0.3542207192686742
 7.440677966101695 77 6 2 13]
[2.1940773884696467 'Conceptual' 0.05776334751963011 0.3542207192686742
 7.169491525423728 77 6 2 14]
[2.0752416472714486 'Conceptual' 0.05776334751963011 0.3542207192686742
 6.932203389830508 77 6 2 15]
[1.9624406154425993 'Conceptual' 0.05776334751963011 0.3542207192686742
 6.694915254237288 77 6 2 16]
[0.029988032861982584 'Conceptual' 0.05776334751963011 0.3542207192686742
 0.3389830508474576 77 6 2 17]
[3.3912774045736875 'Conceptual' 0.05776334751963011 0.3542207192686742
 10.169491525423728 77 6 2 18]
[0.002871801954722501 'Conceptual' 0.05776334751963011 0.3542207192686742
 1.694915254237288 77 6 2 19]
[0.0 'Conceptual' 0.05776334751963011 0.3542207192686742 0.0 77 6 3 0]
[3.613367733645829 'Conceptual' 0.05776334751963011 0.3542207192686742
 1.7796610169491525 77 6 3 1]
[1.8728555299120382 'Conceptual' 0.05776334751963011 0.3542207192686742
 3.271186440677966 77 6 3 2]
[3.2886254008195057 'Conceptual' 0.05776334751963011 0.3542207192686742
 6.423728813559322 77 6 3 3]
[3.502159774382199 'Conceptual' 0.05776334751963011 0.3542207192686742
 1.3389830508474576 77 6 3 4]
[2.4140928659297427 'Conceptual' 0.05776334751963011 0.3542207192686742
 1.406779661016949 77 6 3 5]
[0.000629801633309997 'Conceptual' 0.05776334751963011 0.3542207192686742
 0.1694915254237288 77 6 3 6]
[4.07004088160312 'Conceptual' 0.05776334751963011 0.3542207192686742
 10.169491525423728 77 6 3 7]
[0.7931387111915437 'Conceptual' 0.05776334751963011 0.3542207192686742
 3.3728813559322033 77 6 3 8]
[1.7845710252161493 'Conceptual' 0.05776334751963011 0.3542207192686742
 2.423728813559322 77 6 3 9]
[0.645773152446202 'Conceptual' 0.05776334751963011 0.3542207192686742
 3.3728813559322033 77 6 3 10]
[0.20709584523153282 'Conceptual' 0.05776334751963011 0.3542207192686742
 0.8305084745762711 77 6 3 11]
[0.0006347196702600058 'Conceptual' 0.05776334751963011 0.3542207192686742
 0.7288135593220338 77 6 3 12]
[2.3192765601612844 'Conceptual' 0.05776334751963011 0.3542207192686742
 7.440677966101695 77 6 3 13]
[2.1940773884696467 'Conceptual' 0.05776334751963011 0.3542207192686742
 7.169491525423728 77 6 3 14]
[2.0752416472714486 'Conceptual' 0.05776334751963011 0.3542207192686742
 6.932203389830508 77 6 3 15]
[1.9624406154425993 'Conceptual' 0.05776334751963011 0.3542207192686742
 6.694915254237288 77 6 3 16]
[0.029988032861982584 'Conceptual' 0.05776334751963011 0.3542207192686742
 0.3389830508474576 77 6 3 17]
[3.3912774045736875 'Conceptual' 0.05776334751963011 0.3542207192686742
 10.169491525423728 77 6 3 18]
[0.002871801954722501 'Conceptual' 0.05776334751963011 0.3542207192686742
 1.694915254237288 77 6 3 19]
[0.0 'Conceptual' 0.05776334751963011 0.3542207192686742 0.0 77 6 4 0]
[3.613367733645829 'Conceptual' 0.05776334751963011 0.3542207192686742
 1.7796610169491525 77 6 4 1]
[1.8728555299120382 'Conceptual' 0.05776334751963011 0.3542207192686742
 3.271186440677966 77 6 4 2]
[3.2886254008195057 'Conceptual' 0.05776334751963011 0.3542207192686742
 6.423728813559322 77 6 4 3]
[3.502159774382199 'Conceptual' 0.05776334751963011 0.3542207192686742
 1.3389830508474576 77 6 4 4]
[2.4140928659297427 'Conceptual' 0.05776334751963011 0.3542207192686742
 1.406779661016949 77 6 4 5]
[0.000629801633309997 'Conceptual' 0.05776334751963011 0.3542207192686742
 0.1694915254237288 77 6 4 6]
[4.07004088160312 'Conceptual' 0.05776334751963011 0.3542207192686742
 10.169491525423728 77 6 4 7]
[0.7931387111915437 'Conceptual' 0.05776334751963011 0.3542207192686742
 3.3728813559322033 77 6 4 8]
[1.7845710252161493 'Conceptual' 0.05776334751963011 0.3542207192686742
 2.423728813559322 77 6 4 9]
[0.645773152446202 'Conceptual' 0.05776334751963011 0.3542207192686742
 3.3728813559322033 77 6 4 10]
[0.20709584523153282 'Conceptual' 0.05776334751963011 0.3542207192686742
 0.8305084745762711 77 6 4 11]
[0.0006347196702600058 'Conceptual' 0.05776334751963011 0.3542207192686742
 0.7288135593220338 77 6 4 12]
[2.3192765601612844 'Conceptual' 0.05776334751963011 0.3542207192686742
 7.440677966101695 77 6 4 13]
[2.1940773884696467 'Conceptual' 0.05776334751963011 0.3542207192686742
 7.169491525423728 77 6 4 14]
[2.0752416472714486 'Conceptual' 0.05776334751963011 0.3542207192686742
 6.932203389830508 77 6 4 15]
[1.9624406154425993 'Conceptual' 0.05776334751963011 0.3542207192686742
 6.694915254237288 77 6 4 16]
[0.029988032861982584 'Conceptual' 0.05776334751963011 0.3542207192686742
 0.3389830508474576 77 6 4 17]
[3.3912774045736875 'Conceptual' 0.05776334751963011 0.3542207192686742
 10.169491525423728 77 6 4 18]
[0.002871801954722501 'Conceptual' 0.05776334751963011 0.3542207192686742
 1.694915254237288 77 6 4 19]
[0.0 'Conceptual' 0.05776334751963011 0.3542207192686742 0.0 77 6 5 0]
[3.613367733645829 'Conceptual' 0.05776334751963011 0.3542207192686742
 1.7796610169491525 77 6 5 1]
[1.8728555299120382 'Conceptual' 0.05776334751963011 0.3542207192686742
 3.271186440677966 77 6 5 2]
[3.2886254008195057 'Conceptual' 0.05776334751963011 0.3542207192686742
 6.423728813559322 77 6 5 3]
[3.502159774382199 'Conceptual' 0.05776334751963011 0.3542207192686742
 1.3389830508474576 77 6 5 4]
[2.4140928659297427 'Conceptual' 0.05776334751963011 0.3542207192686742
 1.406779661016949 77 6 5 5]
[0.000629801633309997 'Conceptual' 0.05776334751963011 0.3542207192686742
 0.1694915254237288 77 6 5 6]
[4.07004088160312 'Conceptual' 0.05776334751963011 0.3542207192686742
 10.169491525423728 77 6 5 7]
[0.7931387111915437 'Conceptual' 0.05776334751963011 0.3542207192686742
 3.3728813559322033 77 6 5 8]
[1.7845710252161493 'Conceptual' 0.05776334751963011 0.3542207192686742
 2.423728813559322 77 6 5 9]
[0.645773152446202 'Conceptual' 0.05776334751963011 0.3542207192686742
 3.3728813559322033 77 6 5 10]
[0.20709584523153282 'Conceptual' 0.05776334751963011 0.3542207192686742
 0.8305084745762711 77 6 5 11]
[0.0006347196702600058 'Conceptual' 0.05776334751963011 0.3542207192686742
 0.7288135593220338 77 6 5 12]
[2.3192765601612844 'Conceptual' 0.05776334751963011 0.3542207192686742
 7.440677966101695 77 6 5 13]
[2.1940773884696467 'Conceptual' 0.05776334751963011 0.3542207192686742
 7.169491525423728 77 6 5 14]
[2.0752416472714486 'Conceptual' 0.05776334751963011 0.3542207192686742
 6.932203389830508 77 6 5 15]
[1.9624406154425993 'Conceptual' 0.05776334751963011 0.3542207192686742
 6.694915254237288 77 6 5 16]
[0.029988032861982584 'Conceptual' 0.05776334751963011 0.3542207192686742
 0.3389830508474576 77 6 5 17]
[3.3912774045736875 'Conceptual' 0.05776334751963011 0.3542207192686742
 10.169491525423728 77 6 5 18]
[0.002871801954722501 'Conceptual' 0.05776334751963011 0.3542207192686742
 1.694915254237288 77 6 5 19]
[0.0 'Conceptual' 0.05776334751963011 0.3542207192686742 0.0 77 6 7 0]
[3.613367733645829 'Conceptual' 0.05776334751963011 0.3542207192686742
 1.7796610169491525 77 6 7 1]
[1.8728555299120382 'Conceptual' 0.05776334751963011 0.3542207192686742
 3.271186440677966 77 6 7 2]
[3.2886254008195057 'Conceptual' 0.05776334751963011 0.3542207192686742
 6.423728813559322 77 6 7 3]
[3.502159774382199 'Conceptual' 0.05776334751963011 0.3542207192686742
 1.3389830508474576 77 6 7 4]
[2.4140928659297427 'Conceptual' 0.05776334751963011 0.3542207192686742
 1.406779661016949 77 6 7 5]
[0.000629801633309997 'Conceptual' 0.05776334751963011 0.3542207192686742
 0.1694915254237288 77 6 7 6]
[4.07004088160312 'Conceptual' 0.05776334751963011 0.3542207192686742
 10.169491525423728 77 6 7 7]
[0.7931387111915437 'Conceptual' 0.05776334751963011 0.3542207192686742
 3.3728813559322033 77 6 7 8]
[1.7845710252161493 'Conceptual' 0.05776334751963011 0.3542207192686742
 2.423728813559322 77 6 7 9]
[0.645773152446202 'Conceptual' 0.05776334751963011 0.3542207192686742
 3.3728813559322033 77 6 7 10]
[0.20709584523153282 'Conceptual' 0.05776334751963011 0.3542207192686742
 0.8305084745762711 77 6 7 11]
[0.0006347196702600058 'Conceptual' 0.05776334751963011 0.3542207192686742
 0.7288135593220338 77 6 7 12]
[2.3192765601612844 'Conceptual' 0.05776334751963011 0.3542207192686742
 7.440677966101695 77 6 7 13]
[2.1940773884696467 'Conceptual' 0.05776334751963011 0.3542207192686742
 7.169491525423728 77 6 7 14]
[2.0752416472714486 'Conceptual' 0.05776334751963011 0.3542207192686742
 6.932203389830508 77 6 7 15]
[1.9624406154425993 'Conceptual' 0.05776334751963011 0.3542207192686742
 6.694915254237288 77 6 7 16]
[0.029988032861982584 'Conceptual' 0.05776334751963011 0.3542207192686742
 0.3389830508474576 77 6 7 17]
[3.3912774045736875 'Conceptual' 0.05776334751963011 0.3542207192686742
 10.169491525423728 77 6 7 18]
[0.002871801954722501 'Conceptual' 0.05776334751963011 0.3542207192686742
 1.694915254237288 77 6 7 19]
[0.0 'Conceptual' 0.05776334751963011 0.3542207192686742 0.0 77 6 8 0]
[3.613367733645829 'Conceptual' 0.05776334751963011 0.3542207192686742
 1.7796610169491525 77 6 8 1]
[1.8728555299120382 'Conceptual' 0.05776334751963011 0.3542207192686742
 3.271186440677966 77 6 8 2]
[3.2886254008195057 'Conceptual' 0.05776334751963011 0.3542207192686742
 6.423728813559322 77 6 8 3]
[3.502159774382199 'Conceptual' 0.05776334751963011 0.3542207192686742
 1.3389830508474576 77 6 8 4]
[2.4140928659297427 'Conceptual' 0.05776334751963011 0.3542207192686742
 1.406779661016949 77 6 8 5]
[0.000629801633309997 'Conceptual' 0.05776334751963011 0.3542207192686742
 0.1694915254237288 77 6 8 6]
[4.07004088160312 'Conceptual' 0.05776334751963011 0.3542207192686742
 10.169491525423728 77 6 8 7]
[0.7931387111915437 'Conceptual' 0.05776334751963011 0.3542207192686742
 3.3728813559322033 77 6 8 8]
[1.7845710252161493 'Conceptual' 0.05776334751963011 0.3542207192686742
 2.423728813559322 77 6 8 9]
[0.645773152446202 'Conceptual' 0.05776334751963011 0.3542207192686742
 3.3728813559322033 77 6 8 10]
[0.20709584523153282 'Conceptual' 0.05776334751963011 0.3542207192686742
 0.8305084745762711 77 6 8 11]
[0.0006347196702600058 'Conceptual' 0.05776334751963011 0.3542207192686742
 0.7288135593220338 77 6 8 12]
[2.3192765601612844 'Conceptual' 0.05776334751963011 0.3542207192686742
 7.440677966101695 77 6 8 13]
[2.1940773884696467 'Conceptual' 0.05776334751963011 0.3542207192686742
 7.169491525423728 77 6 8 14]
[2.0752416472714486 'Conceptual' 0.05776334751963011 0.3542207192686742
 6.932203389830508 77 6 8 15]
[1.9624406154425993 'Conceptual' 0.05776334751963011 0.3542207192686742
 6.694915254237288 77 6 8 16]
[0.029988032861982584 'Conceptual' 0.05776334751963011 0.3542207192686742
 0.3389830508474576 77 6 8 17]
[3.3912774045736875 'Conceptual' 0.05776334751963011 0.3542207192686742
 10.169491525423728 77 6 8 18]
[0.002871801954722501 'Conceptual' 0.05776334751963011 0.3542207192686742
 1.694915254237288 77 6 8 19]
