[0.0 'Spatial' 0.07741700073021864 0.3917400950555496 0.0 122 0 1 0]
[3.7830533571262572 'Spatial' 0.07741700073021864 0.3917400950555496
 3.7288135593220337 122 0 1 1]
[2.4970898831575434 'Spatial' 0.07741700073021864 0.3917400950555496
 1.0169491525423728 122 0 1 2]
[2.9291044204087924 'Spatial' 0.07741700073021864 0.3917400950555496
 4.966101694915253 122 0 1 3]
[3.4718171516070733 'Spatial' 0.07741700073021864 0.3917400950555496
 7.4576271186440675 122 0 1 4]
[0.268794700112966 'Spatial' 0.07741700073021864 0.3917400950555496
 1.4406779661016949 122 0 1 5]
[3.400254797094695 'Spatial' 0.07741700073021864 0.3917400950555496
 8.864406779661017 122 0 1 6]
[0.0007861491626977774 'Spatial' 0.07741700073021864 0.3917400950555496
 0.423728813559322 122 0 1 7]
[2.0135215565833082 'Spatial' 0.07741700073021864 0.3917400950555496
 5.23728813559322 122 0 1 8]
[0.001806008529639222 'Spatial' 0.07741700073021864 0.3917400950555496
 1.0677966101694913 122 0 1 9]
[2.895557965219731 'Spatial' 0.07741700073021864 0.3917400950555496
 8.288135593220339 122 0 1 10]
[1.6104512273146876 'Spatial' 0.07741700073021864 0.3917400950555496
 5.067796610169491 122 0 1 11]
[0.005207642933217557 'Spatial' 0.07741700073021864 0.3917400950555496
 0.1694915254237288 122 0 1 12]
[2.370253597072473 'Spatial' 0.07741700073021864 0.3917400950555496
 5.983050847457626 122 0 1 13]
[1.5643258249186336 'Spatial' 0.07741700073021864 0.3917400950555496
 5.47457627118644 122 0 1 14]
[0.0024210955140721055 'Spatial' 0.07741700073021864 0.3917400950555496
 1.0677966101694913 122 0 1 15]
[2.097003643210638 'Spatial' 0.07741700073021864 0.3917400950555496
 7.881355932203389 122 0 1 16]
[2.3031360581934703 'Spatial' 0.07741700073021864 0.3917400950555496
 8.813559322033898 122 0 1 17]
[1.4246704583024365 'Spatial' 0.07741700073021864 0.3917400950555496
 5.508474576271186 122 0 1 18]
[2.599025402570488 'Spatial' 0.07741700073021864 0.3917400950555496
 8.457627118644066 122 0 1 19]
[0.0 'Spatial' 0.07741700073021864 0.3917400950555496 0.0 122 0 2 0]
[3.7830533571262572 'Spatial' 0.07741700073021864 0.3917400950555496
 3.7288135593220337 122 0 2 1]
[2.4970898831575434 'Spatial' 0.07741700073021864 0.3917400950555496
 1.0169491525423728 122 0 2 2]
[2.9291044204087924 'Spatial' 0.07741700073021864 0.3917400950555496
 4.966101694915253 122 0 2 3]
[3.4718171516070733 'Spatial' 0.07741700073021864 0.3917400950555496
 7.4576271186440675 122 0 2 4]
[0.268794700112966 'Spatial' 0.07741700073021864 0.3917400950555496
 1.4406779661016949 122 0 2 5]
[3.400254797094695 'Spatial' 0.07741700073021864 0.3917400950555496
 8.864406779661017 122 0 2 6]
[0.0007861491626977774 'Spatial' 0.07741700073021864 0.3917400950555496
 0.423728813559322 122 0 2 7]
[2.0135215565833082 'Spatial' 0.07741700073021864 0.3917400950555496
 5.23728813559322 122 0 2 8]
[0.001806008529639222 'Spatial' 0.07741700073021864 0.3917400950555496
 1.0677966101694913 122 0 2 9]
[2.895557965219731 'Spatial' 0.07741700073021864 0.3917400950555496
 8.288135593220339 122 0 2 10]
[1.6104512273146876 'Spatial' 0.07741700073021864 0.3917400950555496
 5.067796610169491 122 0 2 11]
[0.005207642933217557 'Spatial' 0.07741700073021864 0.3917400950555496
 0.1694915254237288 122 0 2 12]
[2.370253597072473 'Spatial' 0.07741700073021864 0.3917400950555496
 5.983050847457626 122 0 2 13]
[1.5643258249186336 'Spatial' 0.07741700073021864 0.3917400950555496
 5.47457627118644 122 0 2 14]
[0.0024210955140721055 'Spatial' 0.07741700073021864 0.3917400950555496
 1.0677966101694913 122 0 2 15]
[2.097003643210638 'Spatial' 0.07741700073021864 0.3917400950555496
 7.881355932203389 122 0 2 16]
[2.3031360581934703 'Spatial' 0.07741700073021864 0.3917400950555496
 8.813559322033898 122 0 2 17]
[1.4246704583024365 'Spatial' 0.07741700073021864 0.3917400950555496
 5.508474576271186 122 0 2 18]
[2.599025402570488 'Spatial' 0.07741700073021864 0.3917400950555496
 8.457627118644066 122 0 2 19]
[0.0 'Spatial' 0.07741700073021864 0.3917400950555496 0.0 122 0 3 0]
[3.7830533571262572 'Spatial' 0.07741700073021864 0.3917400950555496
 3.7288135593220337 122 0 3 1]
[2.4970898831575434 'Spatial' 0.07741700073021864 0.3917400950555496
 1.0169491525423728 122 0 3 2]
[2.9291044204087924 'Spatial' 0.07741700073021864 0.3917400950555496
 4.966101694915253 122 0 3 3]
[3.4718171516070733 'Spatial' 0.07741700073021864 0.3917400950555496
 7.4576271186440675 122 0 3 4]
[0.268794700112966 'Spatial' 0.07741700073021864 0.3917400950555496
 1.4406779661016949 122 0 3 5]
[3.400254797094695 'Spatial' 0.07741700073021864 0.3917400950555496
 8.864406779661017 122 0 3 6]
[0.0007861491626977774 'Spatial' 0.07741700073021864 0.3917400950555496
 0.423728813559322 122 0 3 7]
[2.0135215565833082 'Spatial' 0.07741700073021864 0.3917400950555496
 5.23728813559322 122 0 3 8]
[0.001806008529639222 'Spatial' 0.07741700073021864 0.3917400950555496
 1.0677966101694913 122 0 3 9]
[2.895557965219731 'Spatial' 0.07741700073021864 0.3917400950555496
 8.288135593220339 122 0 3 10]
[1.6104512273146876 'Spatial' 0.07741700073021864 0.3917400950555496
 5.067796610169491 122 0 3 11]
[0.005207642933217557 'Spatial' 0.07741700073021864 0.3917400950555496
 0.1694915254237288 122 0 3 12]
[2.370253597072473 'Spatial' 0.07741700073021864 0.3917400950555496
 5.983050847457626 122 0 3 13]
[1.5643258249186336 'Spatial' 0.07741700073021864 0.3917400950555496
 5.47457627118644 122 0 3 14]
[0.0024210955140721055 'Spatial' 0.07741700073021864 0.3917400950555496
 1.0677966101694913 122 0 3 15]
[2.097003643210638 'Spatial' 0.07741700073021864 0.3917400950555496
 7.881355932203389 122 0 3 16]
[2.3031360581934703 'Spatial' 0.07741700073021864 0.3917400950555496
 8.813559322033898 122 0 3 17]
[1.4246704583024365 'Spatial' 0.07741700073021864 0.3917400950555496
 5.508474576271186 122 0 3 18]
[2.599025402570488 'Spatial' 0.07741700073021864 0.3917400950555496
 8.457627118644066 122 0 3 19]
[0.0 'Spatial' 0.07741700073021864 0.3917400950555496 0.0 122 0 4 0]
[3.7830533571262572 'Spatial' 0.07741700073021864 0.3917400950555496
 3.7288135593220337 122 0 4 1]
[2.4970898831575434 'Spatial' 0.07741700073021864 0.3917400950555496
 1.0169491525423728 122 0 4 2]
[2.9291044204087924 'Spatial' 0.07741700073021864 0.3917400950555496
 4.966101694915253 122 0 4 3]
[3.4718171516070733 'Spatial' 0.07741700073021864 0.3917400950555496
 7.4576271186440675 122 0 4 4]
[0.268794700112966 'Spatial' 0.07741700073021864 0.3917400950555496
 1.4406779661016949 122 0 4 5]
[3.400254797094695 'Spatial' 0.07741700073021864 0.3917400950555496
 8.864406779661017 122 0 4 6]
[0.0007861491626977774 'Spatial' 0.07741700073021864 0.3917400950555496
 0.423728813559322 122 0 4 7]
[2.0135215565833082 'Spatial' 0.07741700073021864 0.3917400950555496
 5.23728813559322 122 0 4 8]
[0.001806008529639222 'Spatial' 0.07741700073021864 0.3917400950555496
 1.0677966101694913 122 0 4 9]
[2.895557965219731 'Spatial' 0.07741700073021864 0.3917400950555496
 8.288135593220339 122 0 4 10]
[1.6104512273146876 'Spatial' 0.07741700073021864 0.3917400950555496
 5.067796610169491 122 0 4 11]
[0.005207642933217557 'Spatial' 0.07741700073021864 0.3917400950555496
 0.1694915254237288 122 0 4 12]
[2.370253597072473 'Spatial' 0.07741700073021864 0.3917400950555496
 5.983050847457626 122 0 4 13]
[1.5643258249186336 'Spatial' 0.07741700073021864 0.3917400950555496
 5.47457627118644 122 0 4 14]
[0.0024210955140721055 'Spatial' 0.07741700073021864 0.3917400950555496
 1.0677966101694913 122 0 4 15]
[2.097003643210638 'Spatial' 0.07741700073021864 0.3917400950555496
 7.881355932203389 122 0 4 16]
[2.3031360581934703 'Spatial' 0.07741700073021864 0.3917400950555496
 8.813559322033898 122 0 4 17]
[1.4246704583024365 'Spatial' 0.07741700073021864 0.3917400950555496
 5.508474576271186 122 0 4 18]
[2.599025402570488 'Spatial' 0.07741700073021864 0.3917400950555496
 8.457627118644066 122 0 4 19]
[0.0 'Spatial' 0.07741700073021864 0.3917400950555496 0.0 122 0 5 0]
[3.7830533571262572 'Spatial' 0.07741700073021864 0.3917400950555496
 3.7288135593220337 122 0 5 1]
[2.4970898831575434 'Spatial' 0.07741700073021864 0.3917400950555496
 1.0169491525423728 122 0 5 2]
[2.9291044204087924 'Spatial' 0.07741700073021864 0.3917400950555496
 4.966101694915253 122 0 5 3]
[3.4718171516070733 'Spatial' 0.07741700073021864 0.3917400950555496
 7.4576271186440675 122 0 5 4]
[0.268794700112966 'Spatial' 0.07741700073021864 0.3917400950555496
 1.4406779661016949 122 0 5 5]
[3.400254797094695 'Spatial' 0.07741700073021864 0.3917400950555496
 8.864406779661017 122 0 5 6]
[0.0007861491626977774 'Spatial' 0.07741700073021864 0.3917400950555496
 0.423728813559322 122 0 5 7]
[2.0135215565833082 'Spatial' 0.07741700073021864 0.3917400950555496
 5.23728813559322 122 0 5 8]
[0.001806008529639222 'Spatial' 0.07741700073021864 0.3917400950555496
 1.0677966101694913 122 0 5 9]
[2.895557965219731 'Spatial' 0.07741700073021864 0.3917400950555496
 8.288135593220339 122 0 5 10]
[1.6104512273146876 'Spatial' 0.07741700073021864 0.3917400950555496
 5.067796610169491 122 0 5 11]
[0.005207642933217557 'Spatial' 0.07741700073021864 0.3917400950555496
 0.1694915254237288 122 0 5 12]
[2.370253597072473 'Spatial' 0.07741700073021864 0.3917400950555496
 5.983050847457626 122 0 5 13]
[1.5643258249186336 'Spatial' 0.07741700073021864 0.3917400950555496
 5.47457627118644 122 0 5 14]
[0.0024210955140721055 'Spatial' 0.07741700073021864 0.3917400950555496
 1.0677966101694913 122 0 5 15]
[2.097003643210638 'Spatial' 0.07741700073021864 0.3917400950555496
 7.881355932203389 122 0 5 16]
[2.3031360581934703 'Spatial' 0.07741700073021864 0.3917400950555496
 8.813559322033898 122 0 5 17]
[1.4246704583024365 'Spatial' 0.07741700073021864 0.3917400950555496
 5.508474576271186 122 0 5 18]
[2.599025402570488 'Spatial' 0.07741700073021864 0.3917400950555496
 8.457627118644066 122 0 5 19]
[0.0 'Spatial' 0.07741700073021864 0.3917400950555496 0.0 122 0 6 0]
[3.7830533571262572 'Spatial' 0.07741700073021864 0.3917400950555496
 3.7288135593220337 122 0 6 1]
[2.4970898831575434 'Spatial' 0.07741700073021864 0.3917400950555496
 1.0169491525423728 122 0 6 2]
[2.9291044204087924 'Spatial' 0.07741700073021864 0.3917400950555496
 4.966101694915253 122 0 6 3]
[3.4718171516070733 'Spatial' 0.07741700073021864 0.3917400950555496
 7.4576271186440675 122 0 6 4]
[0.268794700112966 'Spatial' 0.07741700073021864 0.3917400950555496
 1.4406779661016949 122 0 6 5]
[3.400254797094695 'Spatial' 0.07741700073021864 0.3917400950555496
 8.864406779661017 122 0 6 6]
[0.0007861491626977774 'Spatial' 0.07741700073021864 0.3917400950555496
 0.423728813559322 122 0 6 7]
[2.0135215565833082 'Spatial' 0.07741700073021864 0.3917400950555496
 5.23728813559322 122 0 6 8]
[0.001806008529639222 'Spatial' 0.07741700073021864 0.3917400950555496
 1.0677966101694913 122 0 6 9]
[2.895557965219731 'Spatial' 0.07741700073021864 0.3917400950555496
 8.288135593220339 122 0 6 10]
[1.6104512273146876 'Spatial' 0.07741700073021864 0.3917400950555496
 5.067796610169491 122 0 6 11]
[0.005207642933217557 'Spatial' 0.07741700073021864 0.3917400950555496
 0.1694915254237288 122 0 6 12]
[2.370253597072473 'Spatial' 0.07741700073021864 0.3917400950555496
 5.983050847457626 122 0 6 13]
[1.5643258249186336 'Spatial' 0.07741700073021864 0.3917400950555496
 5.47457627118644 122 0 6 14]
[0.0024210955140721055 'Spatial' 0.07741700073021864 0.3917400950555496
 1.0677966101694913 122 0 6 15]
[2.097003643210638 'Spatial' 0.07741700073021864 0.3917400950555496
 7.881355932203389 122 0 6 16]
[2.3031360581934703 'Spatial' 0.07741700073021864 0.3917400950555496
 8.813559322033898 122 0 6 17]
[1.4246704583024365 'Spatial' 0.07741700073021864 0.3917400950555496
 5.508474576271186 122 0 6 18]
[2.599025402570488 'Spatial' 0.07741700073021864 0.3917400950555496
 8.457627118644066 122 0 6 19]
[0.0 'Spatial' 0.07741700073021864 0.3917400950555496 0.0 122 0 7 0]
[3.7830533571262572 'Spatial' 0.07741700073021864 0.3917400950555496
 3.7288135593220337 122 0 7 1]
[2.4970898831575434 'Spatial' 0.07741700073021864 0.3917400950555496
 1.0169491525423728 122 0 7 2]
[2.9291044204087924 'Spatial' 0.07741700073021864 0.3917400950555496
 4.966101694915253 122 0 7 3]
[3.4718171516070733 'Spatial' 0.07741700073021864 0.3917400950555496
 7.4576271186440675 122 0 7 4]
[0.268794700112966 'Spatial' 0.07741700073021864 0.3917400950555496
 1.4406779661016949 122 0 7 5]
[3.400254797094695 'Spatial' 0.07741700073021864 0.3917400950555496
 8.864406779661017 122 0 7 6]
[0.0007861491626977774 'Spatial' 0.07741700073021864 0.3917400950555496
 0.423728813559322 122 0 7 7]
[2.0135215565833082 'Spatial' 0.07741700073021864 0.3917400950555496
 5.23728813559322 122 0 7 8]
[0.001806008529639222 'Spatial' 0.07741700073021864 0.3917400950555496
 1.0677966101694913 122 0 7 9]
[2.895557965219731 'Spatial' 0.07741700073021864 0.3917400950555496
 8.288135593220339 122 0 7 10]
[1.6104512273146876 'Spatial' 0.07741700073021864 0.3917400950555496
 5.067796610169491 122 0 7 11]
[0.005207642933217557 'Spatial' 0.07741700073021864 0.3917400950555496
 0.1694915254237288 122 0 7 12]
[2.370253597072473 'Spatial' 0.07741700073021864 0.3917400950555496
 5.983050847457626 122 0 7 13]
[1.5643258249186336 'Spatial' 0.07741700073021864 0.3917400950555496
 5.47457627118644 122 0 7 14]
[0.0024210955140721055 'Spatial' 0.07741700073021864 0.3917400950555496
 1.0677966101694913 122 0 7 15]
[2.097003643210638 'Spatial' 0.07741700073021864 0.3917400950555496
 7.881355932203389 122 0 7 16]
[2.3031360581934703 'Spatial' 0.07741700073021864 0.3917400950555496
 8.813559322033898 122 0 7 17]
[1.4246704583024365 'Spatial' 0.07741700073021864 0.3917400950555496
 5.508474576271186 122 0 7 18]
[2.599025402570488 'Spatial' 0.07741700073021864 0.3917400950555496
 8.457627118644066 122 0 7 19]
[0.0 'Spatial' 0.07741700073021864 0.3917400950555496 0.0 122 0 8 0]
[3.7830533571262572 'Spatial' 0.07741700073021864 0.3917400950555496
 3.7288135593220337 122 0 8 1]
[2.4970898831575434 'Spatial' 0.07741700073021864 0.3917400950555496
 1.0169491525423728 122 0 8 2]
[2.9291044204087924 'Spatial' 0.07741700073021864 0.3917400950555496
 4.966101694915253 122 0 8 3]
[3.4718171516070733 'Spatial' 0.07741700073021864 0.3917400950555496
 7.4576271186440675 122 0 8 4]
[0.268794700112966 'Spatial' 0.07741700073021864 0.3917400950555496
 1.4406779661016949 122 0 8 5]
[3.400254797094695 'Spatial' 0.07741700073021864 0.3917400950555496
 8.864406779661017 122 0 8 6]
[0.0007861491626977774 'Spatial' 0.07741700073021864 0.3917400950555496
 0.423728813559322 122 0 8 7]
[2.0135215565833082 'Spatial' 0.07741700073021864 0.3917400950555496
 5.23728813559322 122 0 8 8]
[0.001806008529639222 'Spatial' 0.07741700073021864 0.3917400950555496
 1.0677966101694913 122 0 8 9]
[2.895557965219731 'Spatial' 0.07741700073021864 0.3917400950555496
 8.288135593220339 122 0 8 10]
[1.6104512273146876 'Spatial' 0.07741700073021864 0.3917400950555496
 5.067796610169491 122 0 8 11]
[0.005207642933217557 'Spatial' 0.07741700073021864 0.3917400950555496
 0.1694915254237288 122 0 8 12]
[2.370253597072473 'Spatial' 0.07741700073021864 0.3917400950555496
 5.983050847457626 122 0 8 13]
[1.5643258249186336 'Spatial' 0.07741700073021864 0.3917400950555496
 5.47457627118644 122 0 8 14]
[0.0024210955140721055 'Spatial' 0.07741700073021864 0.3917400950555496
 1.0677966101694913 122 0 8 15]
[2.097003643210638 'Spatial' 0.07741700073021864 0.3917400950555496
 7.881355932203389 122 0 8 16]
[2.3031360581934703 'Spatial' 0.07741700073021864 0.3917400950555496
 8.813559322033898 122 0 8 17]
[1.4246704583024365 'Spatial' 0.07741700073021864 0.3917400950555496
 5.508474576271186 122 0 8 18]
[2.599025402570488 'Spatial' 0.07741700073021864 0.3917400950555496
 8.457627118644066 122 0 8 19]
