[0.0 'Spatial' 0.09730029095176775 68.82857376627788 0.0 122 8 0 0]
[4.009348285280941 'Spatial' 0.09730029095176775 68.82857376627788
 0.6779661016949152 122 8 0 1]
[0.000629801633309997 'Spatial' 0.09730029095176775 68.82857376627788
 2.8813559322033897 122 8 0 2]
[0.6934625904497689 'Spatial' 0.09730029095176775 68.82857376627788
 2.6271186440677963 122 8 0 3]
[1.6095559054726483 'Spatial' 0.09730029095176775 68.82857376627788
 1.8644067796610169 122 8 0 4]
[1.0988156013320227 'Spatial' 0.09730029095176775 68.82857376627788
 1.1864406779661016 122 8 0 5]
[2.77261872178979 'Spatial' 0.09730029095176775 68.82857376627788
 2.2033898305084745 122 8 0 6]
[1.0988156013320227 'Spatial' 0.09730029095176775 68.82857376627788
 1.0169491525423728 122 8 0 7]
[0.6141647790194427 'Spatial' 0.09730029095176775 68.82857376627788
 0.4915254237288135 122 8 0 8]
[2.07951153922995 'Spatial' 0.09730029095176775 68.82857376627788
 1.4406779661016949 122 8 0 9]
[3.2581111532992937 'Spatial' 0.09730029095176775 68.82857376627788
 2.2881355932203387 122 8 0 10]
[3.465745902749727 'Spatial' 0.09730029095176775 68.82857376627788
 2.542372881355932 122 8 0 11]
[2.5708221622454674 'Spatial' 0.09730029095176775 68.82857376627788
 1.5084745762711864 122 8 0 12]
[2.07951153922995 'Spatial' 0.09730029095176775 68.82857376627788
 1.1016949152542372 122 8 0 13]
[3.0910615440851776 'Spatial' 0.09730029095176775 68.82857376627788
 1.694915254237288 122 8 0 14]
[0.0006529940970034622 'Spatial' 0.09730029095176775 68.82857376627788
 0.3220338983050847 122 8 0 15]
[2.484949982182472 'Spatial' 0.09730029095176775 68.82857376627788
 1.1016949152542372 122 8 0 16]
[2.3026390915360984 'Spatial' 0.09730029095176775 68.82857376627788
 1.0169491525423728 122 8 0 17]
[2.833240990732867 'Spatial' 0.09730029095176775 68.82857376627788
 1.3559322033898304 122 8 0 18]
[0.000629801633309997 'Spatial' 0.09730029095176775 68.82857376627788
 0.1694915254237288 122 8 0 19]
[0.0 'Spatial' 0.09730029095176775 68.82857376627788 0.0 122 8 1 0]
[4.009348285280941 'Spatial' 0.09730029095176775 68.82857376627788
 0.6779661016949152 122 8 1 1]
[0.000629801633309997 'Spatial' 0.09730029095176775 68.82857376627788
 2.8813559322033897 122 8 1 2]
[0.6934625904497689 'Spatial' 0.09730029095176775 68.82857376627788
 2.6271186440677963 122 8 1 3]
[1.6095559054726483 'Spatial' 0.09730029095176775 68.82857376627788
 1.8644067796610169 122 8 1 4]
[1.0988156013320227 'Spatial' 0.09730029095176775 68.82857376627788
 1.1864406779661016 122 8 1 5]
[2.77261872178979 'Spatial' 0.09730029095176775 68.82857376627788
 2.2033898305084745 122 8 1 6]
[1.0988156013320227 'Spatial' 0.09730029095176775 68.82857376627788
 1.0169491525423728 122 8 1 7]
[0.6141647790194427 'Spatial' 0.09730029095176775 68.82857376627788
 0.4915254237288135 122 8 1 8]
[2.07951153922995 'Spatial' 0.09730029095176775 68.82857376627788
 1.4406779661016949 122 8 1 9]
[3.2581111532992937 'Spatial' 0.09730029095176775 68.82857376627788
 2.2881355932203387 122 8 1 10]
[3.465745902749727 'Spatial' 0.09730029095176775 68.82857376627788
 2.542372881355932 122 8 1 11]
[2.5708221622454674 'Spatial' 0.09730029095176775 68.82857376627788
 1.5084745762711864 122 8 1 12]
[2.07951153922995 'Spatial' 0.09730029095176775 68.82857376627788
 1.1016949152542372 122 8 1 13]
[3.0910615440851776 'Spatial' 0.09730029095176775 68.82857376627788
 1.694915254237288 122 8 1 14]
[0.0006529940970034622 'Spatial' 0.09730029095176775 68.82857376627788
 0.3220338983050847 122 8 1 15]
[2.484949982182472 'Spatial' 0.09730029095176775 68.82857376627788
 1.1016949152542372 122 8 1 16]
[2.3026390915360984 'Spatial' 0.09730029095176775 68.82857376627788
 1.0169491525423728 122 8 1 17]
[2.833240990732867 'Spatial' 0.09730029095176775 68.82857376627788
 1.3559322033898304 122 8 1 18]
[0.000629801633309997 'Spatial' 0.09730029095176775 68.82857376627788
 0.1694915254237288 122 8 1 19]
[0.0 'Spatial' 0.09730029095176775 68.82857376627788 0.0 122 8 2 0]
[4.009348285280941 'Spatial' 0.09730029095176775 68.82857376627788
 0.6779661016949152 122 8 2 1]
[0.000629801633309997 'Spatial' 0.09730029095176775 68.82857376627788
 2.8813559322033897 122 8 2 2]
[0.6934625904497689 'Spatial' 0.09730029095176775 68.82857376627788
 2.6271186440677963 122 8 2 3]
[1.6095559054726483 'Spatial' 0.09730029095176775 68.82857376627788
 1.8644067796610169 122 8 2 4]
[1.0988156013320227 'Spatial' 0.09730029095176775 68.82857376627788
 1.1864406779661016 122 8 2 5]
[2.77261872178979 'Spatial' 0.09730029095176775 68.82857376627788
 2.2033898305084745 122 8 2 6]
[1.0988156013320227 'Spatial' 0.09730029095176775 68.82857376627788
 1.0169491525423728 122 8 2 7]
[0.6141647790194427 'Spatial' 0.09730029095176775 68.82857376627788
 0.4915254237288135 122 8 2 8]
[2.07951153922995 'Spatial' 0.09730029095176775 68.82857376627788
 1.4406779661016949 122 8 2 9]
[3.2581111532992937 'Spatial' 0.09730029095176775 68.82857376627788
 2.2881355932203387 122 8 2 10]
[3.465745902749727 'Spatial' 0.09730029095176775 68.82857376627788
 2.542372881355932 122 8 2 11]
[2.5708221622454674 'Spatial' 0.09730029095176775 68.82857376627788
 1.5084745762711864 122 8 2 12]
[2.07951153922995 'Spatial' 0.09730029095176775 68.82857376627788
 1.1016949152542372 122 8 2 13]
[3.0910615440851776 'Spatial' 0.09730029095176775 68.82857376627788
 1.694915254237288 122 8 2 14]
[0.0006529940970034622 'Spatial' 0.09730029095176775 68.82857376627788
 0.3220338983050847 122 8 2 15]
[2.484949982182472 'Spatial' 0.09730029095176775 68.82857376627788
 1.1016949152542372 122 8 2 16]
[2.3026390915360984 'Spatial' 0.09730029095176775 68.82857376627788
 1.0169491525423728 122 8 2 17]
[2.833240990732867 'Spatial' 0.09730029095176775 68.82857376627788
 1.3559322033898304 122 8 2 18]
[0.000629801633309997 'Spatial' 0.09730029095176775 68.82857376627788
 0.1694915254237288 122 8 2 19]
[0.0 'Spatial' 0.09730029095176775 68.82857376627788 0.0 122 8 3 0]
[4.009348285280941 'Spatial' 0.09730029095176775 68.82857376627788
 0.6779661016949152 122 8 3 1]
[0.000629801633309997 'Spatial' 0.09730029095176775 68.82857376627788
 2.8813559322033897 122 8 3 2]
[0.6934625904497689 'Spatial' 0.09730029095176775 68.82857376627788
 2.6271186440677963 122 8 3 3]
[1.6095559054726483 'Spatial' 0.09730029095176775 68.82857376627788
 1.8644067796610169 122 8 3 4]
[1.0988156013320227 'Spatial' 0.09730029095176775 68.82857376627788
 1.1864406779661016 122 8 3 5]
[2.77261872178979 'Spatial' 0.09730029095176775 68.82857376627788
 2.2033898305084745 122 8 3 6]
[1.0988156013320227 'Spatial' 0.09730029095176775 68.82857376627788
 1.0169491525423728 122 8 3 7]
[0.6141647790194427 'Spatial' 0.09730029095176775 68.82857376627788
 0.4915254237288135 122 8 3 8]
[2.07951153922995 'Spatial' 0.09730029095176775 68.82857376627788
 1.4406779661016949 122 8 3 9]
[3.2581111532992937 'Spatial' 0.09730029095176775 68.82857376627788
 2.2881355932203387 122 8 3 10]
[3.465745902749727 'Spatial' 0.09730029095176775 68.82857376627788
 2.542372881355932 122 8 3 11]
[2.5708221622454674 'Spatial' 0.09730029095176775 68.82857376627788
 1.5084745762711864 122 8 3 12]
[2.07951153922995 'Spatial' 0.09730029095176775 68.82857376627788
 1.1016949152542372 122 8 3 13]
[3.0910615440851776 'Spatial' 0.09730029095176775 68.82857376627788
 1.694915254237288 122 8 3 14]
[0.0006529940970034622 'Spatial' 0.09730029095176775 68.82857376627788
 0.3220338983050847 122 8 3 15]
[2.484949982182472 'Spatial' 0.09730029095176775 68.82857376627788
 1.1016949152542372 122 8 3 16]
[2.3026390915360984 'Spatial' 0.09730029095176775 68.82857376627788
 1.0169491525423728 122 8 3 17]
[2.833240990732867 'Spatial' 0.09730029095176775 68.82857376627788
 1.3559322033898304 122 8 3 18]
[0.000629801633309997 'Spatial' 0.09730029095176775 68.82857376627788
 0.1694915254237288 122 8 3 19]
[0.0 'Spatial' 0.09730029095176775 68.82857376627788 0.0 122 8 4 0]
[4.009348285280941 'Spatial' 0.09730029095176775 68.82857376627788
 0.6779661016949152 122 8 4 1]
[0.000629801633309997 'Spatial' 0.09730029095176775 68.82857376627788
 2.8813559322033897 122 8 4 2]
[0.6934625904497689 'Spatial' 0.09730029095176775 68.82857376627788
 2.6271186440677963 122 8 4 3]
[1.6095559054726483 'Spatial' 0.09730029095176775 68.82857376627788
 1.8644067796610169 122 8 4 4]
[1.0988156013320227 'Spatial' 0.09730029095176775 68.82857376627788
 1.1864406779661016 122 8 4 5]
[2.77261872178979 'Spatial' 0.09730029095176775 68.82857376627788
 2.2033898305084745 122 8 4 6]
[1.0988156013320227 'Spatial' 0.09730029095176775 68.82857376627788
 1.0169491525423728 122 8 4 7]
[0.6141647790194427 'Spatial' 0.09730029095176775 68.82857376627788
 0.4915254237288135 122 8 4 8]
[2.07951153922995 'Spatial' 0.09730029095176775 68.82857376627788
 1.4406779661016949 122 8 4 9]
[3.2581111532992937 'Spatial' 0.09730029095176775 68.82857376627788
 2.2881355932203387 122 8 4 10]
[3.465745902749727 'Spatial' 0.09730029095176775 68.82857376627788
 2.542372881355932 122 8 4 11]
[2.5708221622454674 'Spatial' 0.09730029095176775 68.82857376627788
 1.5084745762711864 122 8 4 12]
[2.07951153922995 'Spatial' 0.09730029095176775 68.82857376627788
 1.1016949152542372 122 8 4 13]
[3.0910615440851776 'Spatial' 0.09730029095176775 68.82857376627788
 1.694915254237288 122 8 4 14]
[0.0006529940970034622 'Spatial' 0.09730029095176775 68.82857376627788
 0.3220338983050847 122 8 4 15]
[2.484949982182472 'Spatial' 0.09730029095176775 68.82857376627788
 1.1016949152542372 122 8 4 16]
[2.3026390915360984 'Spatial' 0.09730029095176775 68.82857376627788
 1.0169491525423728 122 8 4 17]
[2.833240990732867 'Spatial' 0.09730029095176775 68.82857376627788
 1.3559322033898304 122 8 4 18]
[0.000629801633309997 'Spatial' 0.09730029095176775 68.82857376627788
 0.1694915254237288 122 8 4 19]
[0.0 'Spatial' 0.09730029095176775 68.82857376627788 0.0 122 8 5 0]
[4.009348285280941 'Spatial' 0.09730029095176775 68.82857376627788
 0.6779661016949152 122 8 5 1]
[0.000629801633309997 'Spatial' 0.09730029095176775 68.82857376627788
 2.8813559322033897 122 8 5 2]
[0.6934625904497689 'Spatial' 0.09730029095176775 68.82857376627788
 2.6271186440677963 122 8 5 3]
[1.6095559054726483 'Spatial' 0.09730029095176775 68.82857376627788
 1.8644067796610169 122 8 5 4]
[1.0988156013320227 'Spatial' 0.09730029095176775 68.82857376627788
 1.1864406779661016 122 8 5 5]
[2.77261872178979 'Spatial' 0.09730029095176775 68.82857376627788
 2.2033898305084745 122 8 5 6]
[1.0988156013320227 'Spatial' 0.09730029095176775 68.82857376627788
 1.0169491525423728 122 8 5 7]
[0.6141647790194427 'Spatial' 0.09730029095176775 68.82857376627788
 0.4915254237288135 122 8 5 8]
[2.07951153922995 'Spatial' 0.09730029095176775 68.82857376627788
 1.4406779661016949 122 8 5 9]
[3.2581111532992937 'Spatial' 0.09730029095176775 68.82857376627788
 2.2881355932203387 122 8 5 10]
[3.465745902749727 'Spatial' 0.09730029095176775 68.82857376627788
 2.542372881355932 122 8 5 11]
[2.5708221622454674 'Spatial' 0.09730029095176775 68.82857376627788
 1.5084745762711864 122 8 5 12]
[2.07951153922995 'Spatial' 0.09730029095176775 68.82857376627788
 1.1016949152542372 122 8 5 13]
[3.0910615440851776 'Spatial' 0.09730029095176775 68.82857376627788
 1.694915254237288 122 8 5 14]
[0.0006529940970034622 'Spatial' 0.09730029095176775 68.82857376627788
 0.3220338983050847 122 8 5 15]
[2.484949982182472 'Spatial' 0.09730029095176775 68.82857376627788
 1.1016949152542372 122 8 5 16]
[2.3026390915360984 'Spatial' 0.09730029095176775 68.82857376627788
 1.0169491525423728 122 8 5 17]
[2.833240990732867 'Spatial' 0.09730029095176775 68.82857376627788
 1.3559322033898304 122 8 5 18]
[0.000629801633309997 'Spatial' 0.09730029095176775 68.82857376627788
 0.1694915254237288 122 8 5 19]
[0.0 'Spatial' 0.09730029095176775 68.82857376627788 0.0 122 8 6 0]
[4.009348285280941 'Spatial' 0.09730029095176775 68.82857376627788
 0.6779661016949152 122 8 6 1]
[0.000629801633309997 'Spatial' 0.09730029095176775 68.82857376627788
 2.8813559322033897 122 8 6 2]
[0.6934625904497689 'Spatial' 0.09730029095176775 68.82857376627788
 2.6271186440677963 122 8 6 3]
[1.6095559054726483 'Spatial' 0.09730029095176775 68.82857376627788
 1.8644067796610169 122 8 6 4]
[1.0988156013320227 'Spatial' 0.09730029095176775 68.82857376627788
 1.1864406779661016 122 8 6 5]
[2.77261872178979 'Spatial' 0.09730029095176775 68.82857376627788
 2.2033898305084745 122 8 6 6]
[1.0988156013320227 'Spatial' 0.09730029095176775 68.82857376627788
 1.0169491525423728 122 8 6 7]
[0.6141647790194427 'Spatial' 0.09730029095176775 68.82857376627788
 0.4915254237288135 122 8 6 8]
[2.07951153922995 'Spatial' 0.09730029095176775 68.82857376627788
 1.4406779661016949 122 8 6 9]
[3.2581111532992937 'Spatial' 0.09730029095176775 68.82857376627788
 2.2881355932203387 122 8 6 10]
[3.465745902749727 'Spatial' 0.09730029095176775 68.82857376627788
 2.542372881355932 122 8 6 11]
[2.5708221622454674 'Spatial' 0.09730029095176775 68.82857376627788
 1.5084745762711864 122 8 6 12]
[2.07951153922995 'Spatial' 0.09730029095176775 68.82857376627788
 1.1016949152542372 122 8 6 13]
[3.0910615440851776 'Spatial' 0.09730029095176775 68.82857376627788
 1.694915254237288 122 8 6 14]
[0.0006529940970034622 'Spatial' 0.09730029095176775 68.82857376627788
 0.3220338983050847 122 8 6 15]
[2.484949982182472 'Spatial' 0.09730029095176775 68.82857376627788
 1.1016949152542372 122 8 6 16]
[2.3026390915360984 'Spatial' 0.09730029095176775 68.82857376627788
 1.0169491525423728 122 8 6 17]
[2.833240990732867 'Spatial' 0.09730029095176775 68.82857376627788
 1.3559322033898304 122 8 6 18]
[0.000629801633309997 'Spatial' 0.09730029095176775 68.82857376627788
 0.1694915254237288 122 8 6 19]
[0.0 'Spatial' 0.09730029095176775 68.82857376627788 0.0 122 8 7 0]
[4.009348285280941 'Spatial' 0.09730029095176775 68.82857376627788
 0.6779661016949152 122 8 7 1]
[0.000629801633309997 'Spatial' 0.09730029095176775 68.82857376627788
 2.8813559322033897 122 8 7 2]
[0.6934625904497689 'Spatial' 0.09730029095176775 68.82857376627788
 2.6271186440677963 122 8 7 3]
[1.6095559054726483 'Spatial' 0.09730029095176775 68.82857376627788
 1.8644067796610169 122 8 7 4]
[1.0988156013320227 'Spatial' 0.09730029095176775 68.82857376627788
 1.1864406779661016 122 8 7 5]
[2.77261872178979 'Spatial' 0.09730029095176775 68.82857376627788
 2.2033898305084745 122 8 7 6]
[1.0988156013320227 'Spatial' 0.09730029095176775 68.82857376627788
 1.0169491525423728 122 8 7 7]
[0.6141647790194427 'Spatial' 0.09730029095176775 68.82857376627788
 0.4915254237288135 122 8 7 8]
[2.07951153922995 'Spatial' 0.09730029095176775 68.82857376627788
 1.4406779661016949 122 8 7 9]
[3.2581111532992937 'Spatial' 0.09730029095176775 68.82857376627788
 2.2881355932203387 122 8 7 10]
[3.465745902749727 'Spatial' 0.09730029095176775 68.82857376627788
 2.542372881355932 122 8 7 11]
[2.5708221622454674 'Spatial' 0.09730029095176775 68.82857376627788
 1.5084745762711864 122 8 7 12]
[2.07951153922995 'Spatial' 0.09730029095176775 68.82857376627788
 1.1016949152542372 122 8 7 13]
[3.0910615440851776 'Spatial' 0.09730029095176775 68.82857376627788
 1.694915254237288 122 8 7 14]
[0.0006529940970034622 'Spatial' 0.09730029095176775 68.82857376627788
 0.3220338983050847 122 8 7 15]
[2.484949982182472 'Spatial' 0.09730029095176775 68.82857376627788
 1.1016949152542372 122 8 7 16]
[2.3026390915360984 'Spatial' 0.09730029095176775 68.82857376627788
 1.0169491525423728 122 8 7 17]
[2.833240990732867 'Spatial' 0.09730029095176775 68.82857376627788
 1.3559322033898304 122 8 7 18]
[0.000629801633309997 'Spatial' 0.09730029095176775 68.82857376627788
 0.1694915254237288 122 8 7 19]
