[0.0 'Spatial' 0.030373162323913416 0.41456808749178803 0.0 127 0 1 0]
[2.6928247949617803 'Spatial' 0.030373162323913416 0.41456808749178803
 2.864406779661017 127 0 1 1]
[0.5505770658963501 'Spatial' 0.030373162323913416 0.41456808749178803
 3.4406779661016946 127 0 1 2]
[3.448268425071381 'Spatial' 0.030373162323913416 0.41456808749178803
 1.1016949152542372 127 0 1 3]
[4.011701260860685 'Spatial' 0.030373162323913416 0.41456808749178803
 0.559322033898305 127 0 1 4]
[1.8314343521500613 'Spatial' 0.030373162323913416 0.41456808749178803
 1.4406779661016949 127 0 1 5]
[0.6441249989361236 'Spatial' 0.030373162323913416 0.41456808749178803
 1.2372881355932202 127 0 1 6]
[3.774742532835985 'Spatial' 0.030373162323913416 0.41456808749178803
 4.627118644067796 127 0 1 7]
[0.0013243844502433837 'Spatial' 0.030373162323913416 0.41456808749178803
 0.7288135593220338 127 0 1 8]
[4.1588830833596715 'Spatial' 0.030373162323913416 0.41456808749178803
 5.932203389830509 127 0 1 9]
[0.0006298016333097749 'Spatial' 0.030373162323913416 0.41456808749178803
 0.1694915254237288 127 0 1 10]
[3.3906741663270887 'Spatial' 0.030373162323913416 0.41456808749178803
 5.23728813559322 127 0 1 11]
[0.0006298016333097749 'Spatial' 0.030373162323913416 0.41456808749178803
 0.1694915254237288 127 0 1 12]
[0.7708242678379672 'Spatial' 0.030373162323913416 0.41456808749178803
 4.0508474576271185 127 0 1 13]
[3.323397477213909 'Spatial' 0.030373162323913416 0.41456808749178803
 5.423728813559322 127 0 1 14]
[0.0006298016333097749 'Spatial' 0.030373162323913416 0.41456808749178803
 0.1694915254237288 127 0 1 15]
[0.7324269365242209 'Spatial' 0.030373162323913416 0.41456808749178803
 4.23728813559322 127 0 1 16]
[0.0006298016333097749 'Spatial' 0.030373162323913416 0.41456808749178803
 0.1694915254237288 127 0 1 17]
[0.0006298016333097749 'Spatial' 0.030373162323913416 0.41456808749178803
 0.1694915254237288 127 0 1 18]
[0.0006298016333097749 'Spatial' 0.030373162323913416 0.41456808749178803
 0.1694915254237288 127 0 1 19]
[0.0 'Spatial' 0.030373162323913416 0.41456808749178803 0.0 127 0 2 0]
[2.6928247949617803 'Spatial' 0.030373162323913416 0.41456808749178803
 2.864406779661017 127 0 2 1]
[0.5505770658963501 'Spatial' 0.030373162323913416 0.41456808749178803
 3.4406779661016946 127 0 2 2]
[3.448268425071381 'Spatial' 0.030373162323913416 0.41456808749178803
 1.1016949152542372 127 0 2 3]
[4.011701260860685 'Spatial' 0.030373162323913416 0.41456808749178803
 0.559322033898305 127 0 2 4]
[1.8314343521500613 'Spatial' 0.030373162323913416 0.41456808749178803
 1.4406779661016949 127 0 2 5]
[0.6441249989361236 'Spatial' 0.030373162323913416 0.41456808749178803
 1.2372881355932202 127 0 2 6]
[3.774742532835985 'Spatial' 0.030373162323913416 0.41456808749178803
 4.627118644067796 127 0 2 7]
[0.0013243844502433837 'Spatial' 0.030373162323913416 0.41456808749178803
 0.7288135593220338 127 0 2 8]
[4.1588830833596715 'Spatial' 0.030373162323913416 0.41456808749178803
 5.932203389830509 127 0 2 9]
[0.0006298016333097749 'Spatial' 0.030373162323913416 0.41456808749178803
 0.1694915254237288 127 0 2 10]
[3.3906741663270887 'Spatial' 0.030373162323913416 0.41456808749178803
 5.23728813559322 127 0 2 11]
[0.0006298016333097749 'Spatial' 0.030373162323913416 0.41456808749178803
 0.1694915254237288 127 0 2 12]
[0.7708242678379672 'Spatial' 0.030373162323913416 0.41456808749178803
 4.0508474576271185 127 0 2 13]
[3.323397477213909 'Spatial' 0.030373162323913416 0.41456808749178803
 5.423728813559322 127 0 2 14]
[0.0006298016333097749 'Spatial' 0.030373162323913416 0.41456808749178803
 0.1694915254237288 127 0 2 15]
[0.7324269365242209 'Spatial' 0.030373162323913416 0.41456808749178803
 4.23728813559322 127 0 2 16]
[0.0006298016333097749 'Spatial' 0.030373162323913416 0.41456808749178803
 0.1694915254237288 127 0 2 17]
[0.0006298016333097749 'Spatial' 0.030373162323913416 0.41456808749178803
 0.1694915254237288 127 0 2 18]
[0.0006298016333097749 'Spatial' 0.030373162323913416 0.41456808749178803
 0.1694915254237288 127 0 2 19]
[0.0 'Spatial' 0.030373162323913416 0.41456808749178803 0.0 127 0 3 0]
[2.6928247949617803 'Spatial' 0.030373162323913416 0.41456808749178803
 2.864406779661017 127 0 3 1]
[0.5505770658963501 'Spatial' 0.030373162323913416 0.41456808749178803
 3.4406779661016946 127 0 3 2]
[3.448268425071381 'Spatial' 0.030373162323913416 0.41456808749178803
 1.1016949152542372 127 0 3 3]
[4.011701260860685 'Spatial' 0.030373162323913416 0.41456808749178803
 0.559322033898305 127 0 3 4]
[1.8314343521500613 'Spatial' 0.030373162323913416 0.41456808749178803
 1.4406779661016949 127 0 3 5]
[0.6441249989361236 'Spatial' 0.030373162323913416 0.41456808749178803
 1.2372881355932202 127 0 3 6]
[3.774742532835985 'Spatial' 0.030373162323913416 0.41456808749178803
 4.627118644067796 127 0 3 7]
[0.0013243844502433837 'Spatial' 0.030373162323913416 0.41456808749178803
 0.7288135593220338 127 0 3 8]
[4.1588830833596715 'Spatial' 0.030373162323913416 0.41456808749178803
 5.932203389830509 127 0 3 9]
[0.0006298016333097749 'Spatial' 0.030373162323913416 0.41456808749178803
 0.1694915254237288 127 0 3 10]
[3.3906741663270887 'Spatial' 0.030373162323913416 0.41456808749178803
 5.23728813559322 127 0 3 11]
[0.0006298016333097749 'Spatial' 0.030373162323913416 0.41456808749178803
 0.1694915254237288 127 0 3 12]
[0.7708242678379672 'Spatial' 0.030373162323913416 0.41456808749178803
 4.0508474576271185 127 0 3 13]
[3.323397477213909 'Spatial' 0.030373162323913416 0.41456808749178803
 5.423728813559322 127 0 3 14]
[0.0006298016333097749 'Spatial' 0.030373162323913416 0.41456808749178803
 0.1694915254237288 127 0 3 15]
[0.7324269365242209 'Spatial' 0.030373162323913416 0.41456808749178803
 4.23728813559322 127 0 3 16]
[0.0006298016333097749 'Spatial' 0.030373162323913416 0.41456808749178803
 0.1694915254237288 127 0 3 17]
[0.0006298016333097749 'Spatial' 0.030373162323913416 0.41456808749178803
 0.1694915254237288 127 0 3 18]
[0.0006298016333097749 'Spatial' 0.030373162323913416 0.41456808749178803
 0.1694915254237288 127 0 3 19]
[0.0 'Spatial' 0.030373162323913416 0.41456808749178803 0.0 127 0 4 0]
[2.6928247949617803 'Spatial' 0.030373162323913416 0.41456808749178803
 2.864406779661017 127 0 4 1]
[0.5505770658963501 'Spatial' 0.030373162323913416 0.41456808749178803
 3.4406779661016946 127 0 4 2]
[3.448268425071381 'Spatial' 0.030373162323913416 0.41456808749178803
 1.1016949152542372 127 0 4 3]
[4.011701260860685 'Spatial' 0.030373162323913416 0.41456808749178803
 0.559322033898305 127 0 4 4]
[1.8314343521500613 'Spatial' 0.030373162323913416 0.41456808749178803
 1.4406779661016949 127 0 4 5]
[0.6441249989361236 'Spatial' 0.030373162323913416 0.41456808749178803
 1.2372881355932202 127 0 4 6]
[3.774742532835985 'Spatial' 0.030373162323913416 0.41456808749178803
 4.627118644067796 127 0 4 7]
[0.0013243844502433837 'Spatial' 0.030373162323913416 0.41456808749178803
 0.7288135593220338 127 0 4 8]
[4.1588830833596715 'Spatial' 0.030373162323913416 0.41456808749178803
 5.932203389830509 127 0 4 9]
[0.0006298016333097749 'Spatial' 0.030373162323913416 0.41456808749178803
 0.1694915254237288 127 0 4 10]
[3.3906741663270887 'Spatial' 0.030373162323913416 0.41456808749178803
 5.23728813559322 127 0 4 11]
[0.0006298016333097749 'Spatial' 0.030373162323913416 0.41456808749178803
 0.1694915254237288 127 0 4 12]
[0.7708242678379672 'Spatial' 0.030373162323913416 0.41456808749178803
 4.0508474576271185 127 0 4 13]
[3.323397477213909 'Spatial' 0.030373162323913416 0.41456808749178803
 5.423728813559322 127 0 4 14]
[0.0006298016333097749 'Spatial' 0.030373162323913416 0.41456808749178803
 0.1694915254237288 127 0 4 15]
[0.7324269365242209 'Spatial' 0.030373162323913416 0.41456808749178803
 4.23728813559322 127 0 4 16]
[0.0006298016333097749 'Spatial' 0.030373162323913416 0.41456808749178803
 0.1694915254237288 127 0 4 17]
[0.0006298016333097749 'Spatial' 0.030373162323913416 0.41456808749178803
 0.1694915254237288 127 0 4 18]
[0.0006298016333097749 'Spatial' 0.030373162323913416 0.41456808749178803
 0.1694915254237288 127 0 4 19]
[0.0 'Spatial' 0.030373162323913416 0.41456808749178803 0.0 127 0 5 0]
[2.6928247949617803 'Spatial' 0.030373162323913416 0.41456808749178803
 2.864406779661017 127 0 5 1]
[0.5505770658963501 'Spatial' 0.030373162323913416 0.41456808749178803
 3.4406779661016946 127 0 5 2]
[3.448268425071381 'Spatial' 0.030373162323913416 0.41456808749178803
 1.1016949152542372 127 0 5 3]
[4.011701260860685 'Spatial' 0.030373162323913416 0.41456808749178803
 0.559322033898305 127 0 5 4]
[1.8314343521500613 'Spatial' 0.030373162323913416 0.41456808749178803
 1.4406779661016949 127 0 5 5]
[0.6441249989361236 'Spatial' 0.030373162323913416 0.41456808749178803
 1.2372881355932202 127 0 5 6]
[3.774742532835985 'Spatial' 0.030373162323913416 0.41456808749178803
 4.627118644067796 127 0 5 7]
[0.0013243844502433837 'Spatial' 0.030373162323913416 0.41456808749178803
 0.7288135593220338 127 0 5 8]
[4.1588830833596715 'Spatial' 0.030373162323913416 0.41456808749178803
 5.932203389830509 127 0 5 9]
[0.0006298016333097749 'Spatial' 0.030373162323913416 0.41456808749178803
 0.1694915254237288 127 0 5 10]
[3.3906741663270887 'Spatial' 0.030373162323913416 0.41456808749178803
 5.23728813559322 127 0 5 11]
[0.0006298016333097749 'Spatial' 0.030373162323913416 0.41456808749178803
 0.1694915254237288 127 0 5 12]
[0.7708242678379672 'Spatial' 0.030373162323913416 0.41456808749178803
 4.0508474576271185 127 0 5 13]
[3.323397477213909 'Spatial' 0.030373162323913416 0.41456808749178803
 5.423728813559322 127 0 5 14]
[0.0006298016333097749 'Spatial' 0.030373162323913416 0.41456808749178803
 0.1694915254237288 127 0 5 15]
[0.7324269365242209 'Spatial' 0.030373162323913416 0.41456808749178803
 4.23728813559322 127 0 5 16]
[0.0006298016333097749 'Spatial' 0.030373162323913416 0.41456808749178803
 0.1694915254237288 127 0 5 17]
[0.0006298016333097749 'Spatial' 0.030373162323913416 0.41456808749178803
 0.1694915254237288 127 0 5 18]
[0.0006298016333097749 'Spatial' 0.030373162323913416 0.41456808749178803
 0.1694915254237288 127 0 5 19]
[0.0 'Spatial' 0.030373162323913416 0.41456808749178803 0.0 127 0 6 0]
[2.6928247949617803 'Spatial' 0.030373162323913416 0.41456808749178803
 2.864406779661017 127 0 6 1]
[0.5505770658963501 'Spatial' 0.030373162323913416 0.41456808749178803
 3.4406779661016946 127 0 6 2]
[3.448268425071381 'Spatial' 0.030373162323913416 0.41456808749178803
 1.1016949152542372 127 0 6 3]
[4.011701260860685 'Spatial' 0.030373162323913416 0.41456808749178803
 0.559322033898305 127 0 6 4]
[1.8314343521500613 'Spatial' 0.030373162323913416 0.41456808749178803
 1.4406779661016949 127 0 6 5]
[0.6441249989361236 'Spatial' 0.030373162323913416 0.41456808749178803
 1.2372881355932202 127 0 6 6]
[3.774742532835985 'Spatial' 0.030373162323913416 0.41456808749178803
 4.627118644067796 127 0 6 7]
[0.0013243844502433837 'Spatial' 0.030373162323913416 0.41456808749178803
 0.7288135593220338 127 0 6 8]
[4.1588830833596715 'Spatial' 0.030373162323913416 0.41456808749178803
 5.932203389830509 127 0 6 9]
[0.0006298016333097749 'Spatial' 0.030373162323913416 0.41456808749178803
 0.1694915254237288 127 0 6 10]
[3.3906741663270887 'Spatial' 0.030373162323913416 0.41456808749178803
 5.23728813559322 127 0 6 11]
[0.0006298016333097749 'Spatial' 0.030373162323913416 0.41456808749178803
 0.1694915254237288 127 0 6 12]
[0.7708242678379672 'Spatial' 0.030373162323913416 0.41456808749178803
 4.0508474576271185 127 0 6 13]
[3.323397477213909 'Spatial' 0.030373162323913416 0.41456808749178803
 5.423728813559322 127 0 6 14]
[0.0006298016333097749 'Spatial' 0.030373162323913416 0.41456808749178803
 0.1694915254237288 127 0 6 15]
[0.7324269365242209 'Spatial' 0.030373162323913416 0.41456808749178803
 4.23728813559322 127 0 6 16]
[0.0006298016333097749 'Spatial' 0.030373162323913416 0.41456808749178803
 0.1694915254237288 127 0 6 17]
[0.0006298016333097749 'Spatial' 0.030373162323913416 0.41456808749178803
 0.1694915254237288 127 0 6 18]
[0.0006298016333097749 'Spatial' 0.030373162323913416 0.41456808749178803
 0.1694915254237288 127 0 6 19]
[0.0 'Spatial' 0.030373162323913416 0.41456808749178803 0.0 127 0 7 0]
[2.6928247949617803 'Spatial' 0.030373162323913416 0.41456808749178803
 2.864406779661017 127 0 7 1]
[0.5505770658963501 'Spatial' 0.030373162323913416 0.41456808749178803
 3.4406779661016946 127 0 7 2]
[3.448268425071381 'Spatial' 0.030373162323913416 0.41456808749178803
 1.1016949152542372 127 0 7 3]
[4.011701260860685 'Spatial' 0.030373162323913416 0.41456808749178803
 0.559322033898305 127 0 7 4]
[1.8314343521500613 'Spatial' 0.030373162323913416 0.41456808749178803
 1.4406779661016949 127 0 7 5]
[0.6441249989361236 'Spatial' 0.030373162323913416 0.41456808749178803
 1.2372881355932202 127 0 7 6]
[3.774742532835985 'Spatial' 0.030373162323913416 0.41456808749178803
 4.627118644067796 127 0 7 7]
[0.0013243844502433837 'Spatial' 0.030373162323913416 0.41456808749178803
 0.7288135593220338 127 0 7 8]
[4.1588830833596715 'Spatial' 0.030373162323913416 0.41456808749178803
 5.932203389830509 127 0 7 9]
[0.0006298016333097749 'Spatial' 0.030373162323913416 0.41456808749178803
 0.1694915254237288 127 0 7 10]
[3.3906741663270887 'Spatial' 0.030373162323913416 0.41456808749178803
 5.23728813559322 127 0 7 11]
[0.0006298016333097749 'Spatial' 0.030373162323913416 0.41456808749178803
 0.1694915254237288 127 0 7 12]
[0.7708242678379672 'Spatial' 0.030373162323913416 0.41456808749178803
 4.0508474576271185 127 0 7 13]
[3.323397477213909 'Spatial' 0.030373162323913416 0.41456808749178803
 5.423728813559322 127 0 7 14]
[0.0006298016333097749 'Spatial' 0.030373162323913416 0.41456808749178803
 0.1694915254237288 127 0 7 15]
[0.7324269365242209 'Spatial' 0.030373162323913416 0.41456808749178803
 4.23728813559322 127 0 7 16]
[0.0006298016333097749 'Spatial' 0.030373162323913416 0.41456808749178803
 0.1694915254237288 127 0 7 17]
[0.0006298016333097749 'Spatial' 0.030373162323913416 0.41456808749178803
 0.1694915254237288 127 0 7 18]
[0.0006298016333097749 'Spatial' 0.030373162323913416 0.41456808749178803
 0.1694915254237288 127 0 7 19]
[0.0 'Spatial' 0.030373162323913416 0.41456808749178803 0.0 127 0 8 0]
[2.6928247949617803 'Spatial' 0.030373162323913416 0.41456808749178803
 2.864406779661017 127 0 8 1]
[0.5505770658963501 'Spatial' 0.030373162323913416 0.41456808749178803
 3.4406779661016946 127 0 8 2]
[3.448268425071381 'Spatial' 0.030373162323913416 0.41456808749178803
 1.1016949152542372 127 0 8 3]
[4.011701260860685 'Spatial' 0.030373162323913416 0.41456808749178803
 0.559322033898305 127 0 8 4]
[1.8314343521500613 'Spatial' 0.030373162323913416 0.41456808749178803
 1.4406779661016949 127 0 8 5]
[0.6441249989361236 'Spatial' 0.030373162323913416 0.41456808749178803
 1.2372881355932202 127 0 8 6]
[3.774742532835985 'Spatial' 0.030373162323913416 0.41456808749178803
 4.627118644067796 127 0 8 7]
[0.0013243844502433837 'Spatial' 0.030373162323913416 0.41456808749178803
 0.7288135593220338 127 0 8 8]
[4.1588830833596715 'Spatial' 0.030373162323913416 0.41456808749178803
 5.932203389830509 127 0 8 9]
[0.0006298016333097749 'Spatial' 0.030373162323913416 0.41456808749178803
 0.1694915254237288 127 0 8 10]
[3.3906741663270887 'Spatial' 0.030373162323913416 0.41456808749178803
 5.23728813559322 127 0 8 11]
[0.0006298016333097749 'Spatial' 0.030373162323913416 0.41456808749178803
 0.1694915254237288 127 0 8 12]
[0.7708242678379672 'Spatial' 0.030373162323913416 0.41456808749178803
 4.0508474576271185 127 0 8 13]
[3.323397477213909 'Spatial' 0.030373162323913416 0.41456808749178803
 5.423728813559322 127 0 8 14]
[0.0006298016333097749 'Spatial' 0.030373162323913416 0.41456808749178803
 0.1694915254237288 127 0 8 15]
[0.7324269365242209 'Spatial' 0.030373162323913416 0.41456808749178803
 4.23728813559322 127 0 8 16]
[0.0006298016333097749 'Spatial' 0.030373162323913416 0.41456808749178803
 0.1694915254237288 127 0 8 17]
[0.0006298016333097749 'Spatial' 0.030373162323913416 0.41456808749178803
 0.1694915254237288 127 0 8 18]
[0.0006298016333097749 'Spatial' 0.030373162323913416 0.41456808749178803
 0.1694915254237288 127 0 8 19]
