[0.0 'Spatial' 0.03644390186270073 0.559409651597582 0.0 77 1 0 0]
[4.089134144523769 'Spatial' 0.03644390186270073 0.559409651597582
 0.559322033898305 77 1 0 1]
[2.741101442758166 'Spatial' 0.03644390186270073 0.559409651597582
 6.440677966101694 77 1 0 2]
[2.702171811137836 'Spatial' 0.03644390186270073 0.559409651597582
 5.59322033898305 77 1 0 3]
[2.5030195276451543 'Spatial' 0.03644390186270073 0.559409651597582
 4.999999999999999 77 1 0 4]
[2.3180686064089984 'Spatial' 0.03644390186270073 0.559409651597582
 4.661016949152542 77 1 0 5]
[3.09242933722367 'Spatial' 0.03644390186270073 0.559409651597582
 5.508474576271186 77 1 0 6]
[1.6783226620640597 'Spatial' 0.03644390186270073 0.559409651597582
 1.7796610169491525 77 1 0 7]
[0.5027126081097104 'Spatial' 0.03644390186270073 0.559409651597582
 1.2372881355932202 77 1 0 8]
[0.0062821570061457775 'Spatial' 0.03644390186270073 0.559409651597582
 0.38983050847457623 77 1 0 9]
[0.0006298016333097749 'Spatial' 0.03644390186270073 0.559409651597582
 0.1694915254237288 77 1 0 10]
[4.1588830833596715 'Spatial' 0.03644390186270073 0.559409651597582
 8.305084745762711 77 1 0 11]
[4.1588830833596715 'Spatial' 0.03644390186270073 0.559409651597582
 6.610169491525424 77 1 0 12]
[0.12749383336267445 'Spatial' 0.03644390186270073 0.559409651597582
 2.3559322033898304 77 1 0 13]
[4.019772285595721 'Spatial' 0.03644390186270073 0.559409651597582
 4.220338983050847 77 1 0 14]
[4.1588830833596715 'Spatial' 0.03644390186270073 0.559409651597582
 5.7627118644067785 77 1 0 15]
[4.1588830833596715 'Spatial' 0.03644390186270073 0.559409651597582
 5.254237288135593 77 1 0 16]
[0.02714962171372301 'Spatial' 0.03644390186270073 0.559409651597582
 1.3389830508474576 77 1 0 17]
[0.0006298016333102192 'Spatial' 0.03644390186270073 0.559409651597582
 0.5084745762711864 77 1 0 18]
[0.0006298016333102192 'Spatial' 0.03644390186270073 0.559409651597582
 0.1694915254237288 77 1 0 19]
[0.0 'Spatial' 0.03644390186270073 0.559409651597582 0.0 77 1 2 0]
[4.089134144523769 'Spatial' 0.03644390186270073 0.559409651597582
 0.559322033898305 77 1 2 1]
[2.741101442758166 'Spatial' 0.03644390186270073 0.559409651597582
 6.440677966101694 77 1 2 2]
[2.702171811137836 'Spatial' 0.03644390186270073 0.559409651597582
 5.59322033898305 77 1 2 3]
[2.5030195276451543 'Spatial' 0.03644390186270073 0.559409651597582
 4.999999999999999 77 1 2 4]
[2.3180686064089984 'Spatial' 0.03644390186270073 0.559409651597582
 4.661016949152542 77 1 2 5]
[3.09242933722367 'Spatial' 0.03644390186270073 0.559409651597582
 5.508474576271186 77 1 2 6]
[1.6783226620640597 'Spatial' 0.03644390186270073 0.559409651597582
 1.7796610169491525 77 1 2 7]
[0.5027126081097104 'Spatial' 0.03644390186270073 0.559409651597582
 1.2372881355932202 77 1 2 8]
[0.0062821570061457775 'Spatial' 0.03644390186270073 0.559409651597582
 0.38983050847457623 77 1 2 9]
[0.0006298016333097749 'Spatial' 0.03644390186270073 0.559409651597582
 0.1694915254237288 77 1 2 10]
[4.1588830833596715 'Spatial' 0.03644390186270073 0.559409651597582
 8.305084745762711 77 1 2 11]
[4.1588830833596715 'Spatial' 0.03644390186270073 0.559409651597582
 6.610169491525424 77 1 2 12]
[0.12749383336267445 'Spatial' 0.03644390186270073 0.559409651597582
 2.3559322033898304 77 1 2 13]
[4.019772285595721 'Spatial' 0.03644390186270073 0.559409651597582
 4.220338983050847 77 1 2 14]
[4.1588830833596715 'Spatial' 0.03644390186270073 0.559409651597582
 5.7627118644067785 77 1 2 15]
[4.1588830833596715 'Spatial' 0.03644390186270073 0.559409651597582
 5.254237288135593 77 1 2 16]
[0.02714962171372301 'Spatial' 0.03644390186270073 0.559409651597582
 1.3389830508474576 77 1 2 17]
[0.0006298016333102192 'Spatial' 0.03644390186270073 0.559409651597582
 0.5084745762711864 77 1 2 18]
[0.0006298016333102192 'Spatial' 0.03644390186270073 0.559409651597582
 0.1694915254237288 77 1 2 19]
[0.0 'Spatial' 0.03644390186270073 0.559409651597582 0.0 77 1 3 0]
[4.089134144523769 'Spatial' 0.03644390186270073 0.559409651597582
 0.559322033898305 77 1 3 1]
[2.741101442758166 'Spatial' 0.03644390186270073 0.559409651597582
 6.440677966101694 77 1 3 2]
[2.702171811137836 'Spatial' 0.03644390186270073 0.559409651597582
 5.59322033898305 77 1 3 3]
[2.5030195276451543 'Spatial' 0.03644390186270073 0.559409651597582
 4.999999999999999 77 1 3 4]
[2.3180686064089984 'Spatial' 0.03644390186270073 0.559409651597582
 4.661016949152542 77 1 3 5]
[3.09242933722367 'Spatial' 0.03644390186270073 0.559409651597582
 5.508474576271186 77 1 3 6]
[1.6783226620640597 'Spatial' 0.03644390186270073 0.559409651597582
 1.7796610169491525 77 1 3 7]
[0.5027126081097104 'Spatial' 0.03644390186270073 0.559409651597582
 1.2372881355932202 77 1 3 8]
[0.0062821570061457775 'Spatial' 0.03644390186270073 0.559409651597582
 0.38983050847457623 77 1 3 9]
[0.0006298016333097749 'Spatial' 0.03644390186270073 0.559409651597582
 0.1694915254237288 77 1 3 10]
[4.1588830833596715 'Spatial' 0.03644390186270073 0.559409651597582
 8.305084745762711 77 1 3 11]
[4.1588830833596715 'Spatial' 0.03644390186270073 0.559409651597582
 6.610169491525424 77 1 3 12]
[0.12749383336267445 'Spatial' 0.03644390186270073 0.559409651597582
 2.3559322033898304 77 1 3 13]
[4.019772285595721 'Spatial' 0.03644390186270073 0.559409651597582
 4.220338983050847 77 1 3 14]
[4.1588830833596715 'Spatial' 0.03644390186270073 0.559409651597582
 5.7627118644067785 77 1 3 15]
[4.1588830833596715 'Spatial' 0.03644390186270073 0.559409651597582
 5.254237288135593 77 1 3 16]
[0.02714962171372301 'Spatial' 0.03644390186270073 0.559409651597582
 1.3389830508474576 77 1 3 17]
[0.0006298016333102192 'Spatial' 0.03644390186270073 0.559409651597582
 0.5084745762711864 77 1 3 18]
[0.0006298016333102192 'Spatial' 0.03644390186270073 0.559409651597582
 0.1694915254237288 77 1 3 19]
[0.0 'Spatial' 0.03644390186270073 0.559409651597582 0.0 77 1 4 0]
[4.089134144523769 'Spatial' 0.03644390186270073 0.559409651597582
 0.559322033898305 77 1 4 1]
[2.741101442758166 'Spatial' 0.03644390186270073 0.559409651597582
 6.440677966101694 77 1 4 2]
[2.702171811137836 'Spatial' 0.03644390186270073 0.559409651597582
 5.59322033898305 77 1 4 3]
[2.5030195276451543 'Spatial' 0.03644390186270073 0.559409651597582
 4.999999999999999 77 1 4 4]
[2.3180686064089984 'Spatial' 0.03644390186270073 0.559409651597582
 4.661016949152542 77 1 4 5]
[3.09242933722367 'Spatial' 0.03644390186270073 0.559409651597582
 5.508474576271186 77 1 4 6]
[1.6783226620640597 'Spatial' 0.03644390186270073 0.559409651597582
 1.7796610169491525 77 1 4 7]
[0.5027126081097104 'Spatial' 0.03644390186270073 0.559409651597582
 1.2372881355932202 77 1 4 8]
[0.0062821570061457775 'Spatial' 0.03644390186270073 0.559409651597582
 0.38983050847457623 77 1 4 9]
[0.0006298016333097749 'Spatial' 0.03644390186270073 0.559409651597582
 0.1694915254237288 77 1 4 10]
[4.1588830833596715 'Spatial' 0.03644390186270073 0.559409651597582
 8.305084745762711 77 1 4 11]
[4.1588830833596715 'Spatial' 0.03644390186270073 0.559409651597582
 6.610169491525424 77 1 4 12]
[0.12749383336267445 'Spatial' 0.03644390186270073 0.559409651597582
 2.3559322033898304 77 1 4 13]
[4.019772285595721 'Spatial' 0.03644390186270073 0.559409651597582
 4.220338983050847 77 1 4 14]
[4.1588830833596715 'Spatial' 0.03644390186270073 0.559409651597582
 5.7627118644067785 77 1 4 15]
[4.1588830833596715 'Spatial' 0.03644390186270073 0.559409651597582
 5.254237288135593 77 1 4 16]
[0.02714962171372301 'Spatial' 0.03644390186270073 0.559409651597582
 1.3389830508474576 77 1 4 17]
[0.0006298016333102192 'Spatial' 0.03644390186270073 0.559409651597582
 0.5084745762711864 77 1 4 18]
[0.0006298016333102192 'Spatial' 0.03644390186270073 0.559409651597582
 0.1694915254237288 77 1 4 19]
[0.0 'Spatial' 0.03644390186270073 0.559409651597582 0.0 77 1 5 0]
[4.089134144523769 'Spatial' 0.03644390186270073 0.559409651597582
 0.559322033898305 77 1 5 1]
[2.741101442758166 'Spatial' 0.03644390186270073 0.559409651597582
 6.440677966101694 77 1 5 2]
[2.702171811137836 'Spatial' 0.03644390186270073 0.559409651597582
 5.59322033898305 77 1 5 3]
[2.5030195276451543 'Spatial' 0.03644390186270073 0.559409651597582
 4.999999999999999 77 1 5 4]
[2.3180686064089984 'Spatial' 0.03644390186270073 0.559409651597582
 4.661016949152542 77 1 5 5]
[3.09242933722367 'Spatial' 0.03644390186270073 0.559409651597582
 5.508474576271186 77 1 5 6]
[1.6783226620640597 'Spatial' 0.03644390186270073 0.559409651597582
 1.7796610169491525 77 1 5 7]
[0.5027126081097104 'Spatial' 0.03644390186270073 0.559409651597582
 1.2372881355932202 77 1 5 8]
[0.0062821570061457775 'Spatial' 0.03644390186270073 0.559409651597582
 0.38983050847457623 77 1 5 9]
[0.0006298016333097749 'Spatial' 0.03644390186270073 0.559409651597582
 0.1694915254237288 77 1 5 10]
[4.1588830833596715 'Spatial' 0.03644390186270073 0.559409651597582
 8.305084745762711 77 1 5 11]
[4.1588830833596715 'Spatial' 0.03644390186270073 0.559409651597582
 6.610169491525424 77 1 5 12]
[0.12749383336267445 'Spatial' 0.03644390186270073 0.559409651597582
 2.3559322033898304 77 1 5 13]
[4.019772285595721 'Spatial' 0.03644390186270073 0.559409651597582
 4.220338983050847 77 1 5 14]
[4.1588830833596715 'Spatial' 0.03644390186270073 0.559409651597582
 5.7627118644067785 77 1 5 15]
[4.1588830833596715 'Spatial' 0.03644390186270073 0.559409651597582
 5.254237288135593 77 1 5 16]
[0.02714962171372301 'Spatial' 0.03644390186270073 0.559409651597582
 1.3389830508474576 77 1 5 17]
[0.0006298016333102192 'Spatial' 0.03644390186270073 0.559409651597582
 0.5084745762711864 77 1 5 18]
[0.0006298016333102192 'Spatial' 0.03644390186270073 0.559409651597582
 0.1694915254237288 77 1 5 19]
[0.0 'Spatial' 0.03644390186270073 0.559409651597582 0.0 77 1 6 0]
[4.089134144523769 'Spatial' 0.03644390186270073 0.559409651597582
 0.559322033898305 77 1 6 1]
[2.741101442758166 'Spatial' 0.03644390186270073 0.559409651597582
 6.440677966101694 77 1 6 2]
[2.702171811137836 'Spatial' 0.03644390186270073 0.559409651597582
 5.59322033898305 77 1 6 3]
[2.5030195276451543 'Spatial' 0.03644390186270073 0.559409651597582
 4.999999999999999 77 1 6 4]
[2.3180686064089984 'Spatial' 0.03644390186270073 0.559409651597582
 4.661016949152542 77 1 6 5]
[3.09242933722367 'Spatial' 0.03644390186270073 0.559409651597582
 5.508474576271186 77 1 6 6]
[1.6783226620640597 'Spatial' 0.03644390186270073 0.559409651597582
 1.7796610169491525 77 1 6 7]
[0.5027126081097104 'Spatial' 0.03644390186270073 0.559409651597582
 1.2372881355932202 77 1 6 8]
[0.0062821570061457775 'Spatial' 0.03644390186270073 0.559409651597582
 0.38983050847457623 77 1 6 9]
[0.0006298016333097749 'Spatial' 0.03644390186270073 0.559409651597582
 0.1694915254237288 77 1 6 10]
[4.1588830833596715 'Spatial' 0.03644390186270073 0.559409651597582
 8.305084745762711 77 1 6 11]
[4.1588830833596715 'Spatial' 0.03644390186270073 0.559409651597582
 6.610169491525424 77 1 6 12]
[0.12749383336267445 'Spatial' 0.03644390186270073 0.559409651597582
 2.3559322033898304 77 1 6 13]
[4.019772285595721 'Spatial' 0.03644390186270073 0.559409651597582
 4.220338983050847 77 1 6 14]
[4.1588830833596715 'Spatial' 0.03644390186270073 0.559409651597582
 5.7627118644067785 77 1 6 15]
[4.1588830833596715 'Spatial' 0.03644390186270073 0.559409651597582
 5.254237288135593 77 1 6 16]
[0.02714962171372301 'Spatial' 0.03644390186270073 0.559409651597582
 1.3389830508474576 77 1 6 17]
[0.0006298016333102192 'Spatial' 0.03644390186270073 0.559409651597582
 0.5084745762711864 77 1 6 18]
[0.0006298016333102192 'Spatial' 0.03644390186270073 0.559409651597582
 0.1694915254237288 77 1 6 19]
[0.0 'Spatial' 0.03644390186270073 0.559409651597582 0.0 77 1 7 0]
[4.089134144523769 'Spatial' 0.03644390186270073 0.559409651597582
 0.559322033898305 77 1 7 1]
[2.741101442758166 'Spatial' 0.03644390186270073 0.559409651597582
 6.440677966101694 77 1 7 2]
[2.702171811137836 'Spatial' 0.03644390186270073 0.559409651597582
 5.59322033898305 77 1 7 3]
[2.5030195276451543 'Spatial' 0.03644390186270073 0.559409651597582
 4.999999999999999 77 1 7 4]
[2.3180686064089984 'Spatial' 0.03644390186270073 0.559409651597582
 4.661016949152542 77 1 7 5]
[3.09242933722367 'Spatial' 0.03644390186270073 0.559409651597582
 5.508474576271186 77 1 7 6]
[1.6783226620640597 'Spatial' 0.03644390186270073 0.559409651597582
 1.7796610169491525 77 1 7 7]
[0.5027126081097104 'Spatial' 0.03644390186270073 0.559409651597582
 1.2372881355932202 77 1 7 8]
[0.0062821570061457775 'Spatial' 0.03644390186270073 0.559409651597582
 0.38983050847457623 77 1 7 9]
[0.0006298016333097749 'Spatial' 0.03644390186270073 0.559409651597582
 0.1694915254237288 77 1 7 10]
[4.1588830833596715 'Spatial' 0.03644390186270073 0.559409651597582
 8.305084745762711 77 1 7 11]
[4.1588830833596715 'Spatial' 0.03644390186270073 0.559409651597582
 6.610169491525424 77 1 7 12]
[0.12749383336267445 'Spatial' 0.03644390186270073 0.559409651597582
 2.3559322033898304 77 1 7 13]
[4.019772285595721 'Spatial' 0.03644390186270073 0.559409651597582
 4.220338983050847 77 1 7 14]
[4.1588830833596715 'Spatial' 0.03644390186270073 0.559409651597582
 5.7627118644067785 77 1 7 15]
[4.1588830833596715 'Spatial' 0.03644390186270073 0.559409651597582
 5.254237288135593 77 1 7 16]
[0.02714962171372301 'Spatial' 0.03644390186270073 0.559409651597582
 1.3389830508474576 77 1 7 17]
[0.0006298016333102192 'Spatial' 0.03644390186270073 0.559409651597582
 0.5084745762711864 77 1 7 18]
[0.0006298016333102192 'Spatial' 0.03644390186270073 0.559409651597582
 0.1694915254237288 77 1 7 19]
[0.0 'Spatial' 0.03644390186270073 0.559409651597582 0.0 77 1 8 0]
[4.089134144523769 'Spatial' 0.03644390186270073 0.559409651597582
 0.559322033898305 77 1 8 1]
[2.741101442758166 'Spatial' 0.03644390186270073 0.559409651597582
 6.440677966101694 77 1 8 2]
[2.702171811137836 'Spatial' 0.03644390186270073 0.559409651597582
 5.59322033898305 77 1 8 3]
[2.5030195276451543 'Spatial' 0.03644390186270073 0.559409651597582
 4.999999999999999 77 1 8 4]
[2.3180686064089984 'Spatial' 0.03644390186270073 0.559409651597582
 4.661016949152542 77 1 8 5]
[3.09242933722367 'Spatial' 0.03644390186270073 0.559409651597582
 5.508474576271186 77 1 8 6]
[1.6783226620640597 'Spatial' 0.03644390186270073 0.559409651597582
 1.7796610169491525 77 1 8 7]
[0.5027126081097104 'Spatial' 0.03644390186270073 0.559409651597582
 1.2372881355932202 77 1 8 8]
[0.0062821570061457775 'Spatial' 0.03644390186270073 0.559409651597582
 0.38983050847457623 77 1 8 9]
[0.0006298016333097749 'Spatial' 0.03644390186270073 0.559409651597582
 0.1694915254237288 77 1 8 10]
[4.1588830833596715 'Spatial' 0.03644390186270073 0.559409651597582
 8.305084745762711 77 1 8 11]
[4.1588830833596715 'Spatial' 0.03644390186270073 0.559409651597582
 6.610169491525424 77 1 8 12]
[0.12749383336267445 'Spatial' 0.03644390186270073 0.559409651597582
 2.3559322033898304 77 1 8 13]
[4.019772285595721 'Spatial' 0.03644390186270073 0.559409651597582
 4.220338983050847 77 1 8 14]
[4.1588830833596715 'Spatial' 0.03644390186270073 0.559409651597582
 5.7627118644067785 77 1 8 15]
[4.1588830833596715 'Spatial' 0.03644390186270073 0.559409651597582
 5.254237288135593 77 1 8 16]
[0.02714962171372301 'Spatial' 0.03644390186270073 0.559409651597582
 1.3389830508474576 77 1 8 17]
[0.0006298016333102192 'Spatial' 0.03644390186270073 0.559409651597582
 0.5084745762711864 77 1 8 18]
[0.0006298016333102192 'Spatial' 0.03644390186270073 0.559409651597582
 0.1694915254237288 77 1 8 19]
