[0.0 'Spatial' 0.3588405784857934 80.12107863137238 0.0 73 1 0 0]
[4.115367598060762 'Spatial' 0.3588405784857934 80.12107863137238
 0.45762711864406774 73 1 0 1]
[4.127134731431488 'Spatial' 0.3588405784857934 80.12107863137238
 0.1694915254237288 73 1 0 2]
[3.514232416352607 'Spatial' 0.3588405784857934 80.12107863137238
 1.0677966101694913 73 1 0 3]
[3.3848648650064797 'Spatial' 0.3588405784857934 80.12107863137238
 4.084745762711864 73 1 0 4]
[0.285256606631144 'Spatial' 0.3588405784857934 80.12107863137238
 1.0677966101694913 73 1 0 5]
[3.4965169553617512 'Spatial' 0.3588405784857934 80.12107863137238
 3.389830508474576 73 1 0 6]
[2.4849505193991233 'Spatial' 0.3588405784857934 80.12107863137238
 1.847457627118644 73 1 0 7]
[3.6109266389189023 'Spatial' 0.3588405784857934 80.12107863137238
 3.2203389830508473 73 1 0 8]
[0.000629801633309997 'Spatial' 0.3588405784857934 80.12107863137238
 0.1694915254237288 73 1 0 9]
[1.386444349871016 'Spatial' 0.3588405784857934 80.12107863137238
 1.1864406779661016 73 1 0 10]
[1.386444349871016 'Spatial' 0.3588405784857934 80.12107863137238
 1.1864406779661016 73 1 0 11]
[0.000629801633309997 'Spatial' 0.3588405784857934 80.12107863137238
 0.1694915254237288 73 1 0 12]
[0.000629801633309997 'Spatial' 0.3588405784857934 80.12107863137238
 0.1694915254237288 73 1 0 13]
[0.000629801633309997 'Spatial' 0.3588405784857934 80.12107863137238
 0.1694915254237288 73 1 0 14]
[1.386444349871016 'Spatial' 0.3588405784857934 80.12107863137238
 0.847457627118644 73 1 0 15]
[0.000629801633309997 'Spatial' 0.3588405784857934 80.12107863137238
 0.1694915254237288 73 1 0 16]
[0.000629801633309997 'Spatial' 0.3588405784857934 80.12107863137238
 0.1694915254237288 73 1 0 17]
[0.000629801633309997 'Spatial' 0.3588405784857934 80.12107863137238
 0.1694915254237288 73 1 0 18]
[1.1069198048618656 'Spatial' 0.3588405784857934 80.12107863137238
 0.6949152542372881 73 1 0 19]
[0.0 'Spatial' 0.3588405784857934 80.12107863137238 0.0 73 1 2 0]
[4.115367598060762 'Spatial' 0.3588405784857934 80.12107863137238
 0.45762711864406774 73 1 2 1]
[4.127134731431488 'Spatial' 0.3588405784857934 80.12107863137238
 0.1694915254237288 73 1 2 2]
[3.514232416352607 'Spatial' 0.3588405784857934 80.12107863137238
 1.0677966101694913 73 1 2 3]
[3.3848648650064797 'Spatial' 0.3588405784857934 80.12107863137238
 4.084745762711864 73 1 2 4]
[0.285256606631144 'Spatial' 0.3588405784857934 80.12107863137238
 1.0677966101694913 73 1 2 5]
[3.4965169553617512 'Spatial' 0.3588405784857934 80.12107863137238
 3.389830508474576 73 1 2 6]
[2.4849505193991233 'Spatial' 0.3588405784857934 80.12107863137238
 1.847457627118644 73 1 2 7]
[3.6109266389189023 'Spatial' 0.3588405784857934 80.12107863137238
 3.2203389830508473 73 1 2 8]
[0.000629801633309997 'Spatial' 0.3588405784857934 80.12107863137238
 0.1694915254237288 73 1 2 9]
[1.386444349871016 'Spatial' 0.3588405784857934 80.12107863137238
 1.1864406779661016 73 1 2 10]
[1.386444349871016 'Spatial' 0.3588405784857934 80.12107863137238
 1.1864406779661016 73 1 2 11]
[0.000629801633309997 'Spatial' 0.3588405784857934 80.12107863137238
 0.1694915254237288 73 1 2 12]
[0.000629801633309997 'Spatial' 0.3588405784857934 80.12107863137238
 0.1694915254237288 73 1 2 13]
[0.000629801633309997 'Spatial' 0.3588405784857934 80.12107863137238
 0.1694915254237288 73 1 2 14]
[1.386444349871016 'Spatial' 0.3588405784857934 80.12107863137238
 0.847457627118644 73 1 2 15]
[0.000629801633309997 'Spatial' 0.3588405784857934 80.12107863137238
 0.1694915254237288 73 1 2 16]
[0.000629801633309997 'Spatial' 0.3588405784857934 80.12107863137238
 0.1694915254237288 73 1 2 17]
[0.000629801633309997 'Spatial' 0.3588405784857934 80.12107863137238
 0.1694915254237288 73 1 2 18]
[1.1069198048618656 'Spatial' 0.3588405784857934 80.12107863137238
 0.6949152542372881 73 1 2 19]
[0.0 'Spatial' 0.3588405784857934 80.12107863137238 0.0 73 1 3 0]
[4.115367598060762 'Spatial' 0.3588405784857934 80.12107863137238
 0.45762711864406774 73 1 3 1]
[4.127134731431488 'Spatial' 0.3588405784857934 80.12107863137238
 0.1694915254237288 73 1 3 2]
[3.514232416352607 'Spatial' 0.3588405784857934 80.12107863137238
 1.0677966101694913 73 1 3 3]
[3.3848648650064797 'Spatial' 0.3588405784857934 80.12107863137238
 4.084745762711864 73 1 3 4]
[0.285256606631144 'Spatial' 0.3588405784857934 80.12107863137238
 1.0677966101694913 73 1 3 5]
[3.4965169553617512 'Spatial' 0.3588405784857934 80.12107863137238
 3.389830508474576 73 1 3 6]
[2.4849505193991233 'Spatial' 0.3588405784857934 80.12107863137238
 1.847457627118644 73 1 3 7]
[3.6109266389189023 'Spatial' 0.3588405784857934 80.12107863137238
 3.2203389830508473 73 1 3 8]
[0.000629801633309997 'Spatial' 0.3588405784857934 80.12107863137238
 0.1694915254237288 73 1 3 9]
[1.386444349871016 'Spatial' 0.3588405784857934 80.12107863137238
 1.1864406779661016 73 1 3 10]
[1.386444349871016 'Spatial' 0.3588405784857934 80.12107863137238
 1.1864406779661016 73 1 3 11]
[0.000629801633309997 'Spatial' 0.3588405784857934 80.12107863137238
 0.1694915254237288 73 1 3 12]
[0.000629801633309997 'Spatial' 0.3588405784857934 80.12107863137238
 0.1694915254237288 73 1 3 13]
[0.000629801633309997 'Spatial' 0.3588405784857934 80.12107863137238
 0.1694915254237288 73 1 3 14]
[1.386444349871016 'Spatial' 0.3588405784857934 80.12107863137238
 0.847457627118644 73 1 3 15]
[0.000629801633309997 'Spatial' 0.3588405784857934 80.12107863137238
 0.1694915254237288 73 1 3 16]
[0.000629801633309997 'Spatial' 0.3588405784857934 80.12107863137238
 0.1694915254237288 73 1 3 17]
[0.000629801633309997 'Spatial' 0.3588405784857934 80.12107863137238
 0.1694915254237288 73 1 3 18]
[1.1069198048618656 'Spatial' 0.3588405784857934 80.12107863137238
 0.6949152542372881 73 1 3 19]
[0.0 'Spatial' 0.3588405784857934 80.12107863137238 0.0 73 1 4 0]
[4.115367598060762 'Spatial' 0.3588405784857934 80.12107863137238
 0.45762711864406774 73 1 4 1]
[4.127134731431488 'Spatial' 0.3588405784857934 80.12107863137238
 0.1694915254237288 73 1 4 2]
[3.514232416352607 'Spatial' 0.3588405784857934 80.12107863137238
 1.0677966101694913 73 1 4 3]
[3.3848648650064797 'Spatial' 0.3588405784857934 80.12107863137238
 4.084745762711864 73 1 4 4]
[0.285256606631144 'Spatial' 0.3588405784857934 80.12107863137238
 1.0677966101694913 73 1 4 5]
[3.4965169553617512 'Spatial' 0.3588405784857934 80.12107863137238
 3.389830508474576 73 1 4 6]
[2.4849505193991233 'Spatial' 0.3588405784857934 80.12107863137238
 1.847457627118644 73 1 4 7]
[3.6109266389189023 'Spatial' 0.3588405784857934 80.12107863137238
 3.2203389830508473 73 1 4 8]
[0.000629801633309997 'Spatial' 0.3588405784857934 80.12107863137238
 0.1694915254237288 73 1 4 9]
[1.386444349871016 'Spatial' 0.3588405784857934 80.12107863137238
 1.1864406779661016 73 1 4 10]
[1.386444349871016 'Spatial' 0.3588405784857934 80.12107863137238
 1.1864406779661016 73 1 4 11]
[0.000629801633309997 'Spatial' 0.3588405784857934 80.12107863137238
 0.1694915254237288 73 1 4 12]
[0.000629801633309997 'Spatial' 0.3588405784857934 80.12107863137238
 0.1694915254237288 73 1 4 13]
[0.000629801633309997 'Spatial' 0.3588405784857934 80.12107863137238
 0.1694915254237288 73 1 4 14]
[1.386444349871016 'Spatial' 0.3588405784857934 80.12107863137238
 0.847457627118644 73 1 4 15]
[0.000629801633309997 'Spatial' 0.3588405784857934 80.12107863137238
 0.1694915254237288 73 1 4 16]
[0.000629801633309997 'Spatial' 0.3588405784857934 80.12107863137238
 0.1694915254237288 73 1 4 17]
[0.000629801633309997 'Spatial' 0.3588405784857934 80.12107863137238
 0.1694915254237288 73 1 4 18]
[1.1069198048618656 'Spatial' 0.3588405784857934 80.12107863137238
 0.6949152542372881 73 1 4 19]
[0.0 'Spatial' 0.3588405784857934 80.12107863137238 0.0 73 1 5 0]
[4.115367598060762 'Spatial' 0.3588405784857934 80.12107863137238
 0.45762711864406774 73 1 5 1]
[4.127134731431488 'Spatial' 0.3588405784857934 80.12107863137238
 0.1694915254237288 73 1 5 2]
[3.514232416352607 'Spatial' 0.3588405784857934 80.12107863137238
 1.0677966101694913 73 1 5 3]
[3.3848648650064797 'Spatial' 0.3588405784857934 80.12107863137238
 4.084745762711864 73 1 5 4]
[0.285256606631144 'Spatial' 0.3588405784857934 80.12107863137238
 1.0677966101694913 73 1 5 5]
[3.4965169553617512 'Spatial' 0.3588405784857934 80.12107863137238
 3.389830508474576 73 1 5 6]
[2.4849505193991233 'Spatial' 0.3588405784857934 80.12107863137238
 1.847457627118644 73 1 5 7]
[3.6109266389189023 'Spatial' 0.3588405784857934 80.12107863137238
 3.2203389830508473 73 1 5 8]
[0.000629801633309997 'Spatial' 0.3588405784857934 80.12107863137238
 0.1694915254237288 73 1 5 9]
[1.386444349871016 'Spatial' 0.3588405784857934 80.12107863137238
 1.1864406779661016 73 1 5 10]
[1.386444349871016 'Spatial' 0.3588405784857934 80.12107863137238
 1.1864406779661016 73 1 5 11]
[0.000629801633309997 'Spatial' 0.3588405784857934 80.12107863137238
 0.1694915254237288 73 1 5 12]
[0.000629801633309997 'Spatial' 0.3588405784857934 80.12107863137238
 0.1694915254237288 73 1 5 13]
[0.000629801633309997 'Spatial' 0.3588405784857934 80.12107863137238
 0.1694915254237288 73 1 5 14]
[1.386444349871016 'Spatial' 0.3588405784857934 80.12107863137238
 0.847457627118644 73 1 5 15]
[0.000629801633309997 'Spatial' 0.3588405784857934 80.12107863137238
 0.1694915254237288 73 1 5 16]
[0.000629801633309997 'Spatial' 0.3588405784857934 80.12107863137238
 0.1694915254237288 73 1 5 17]
[0.000629801633309997 'Spatial' 0.3588405784857934 80.12107863137238
 0.1694915254237288 73 1 5 18]
[1.1069198048618656 'Spatial' 0.3588405784857934 80.12107863137238
 0.6949152542372881 73 1 5 19]
[0.0 'Spatial' 0.3588405784857934 80.12107863137238 0.0 73 1 6 0]
[4.115367598060762 'Spatial' 0.3588405784857934 80.12107863137238
 0.45762711864406774 73 1 6 1]
[4.127134731431488 'Spatial' 0.3588405784857934 80.12107863137238
 0.1694915254237288 73 1 6 2]
[3.514232416352607 'Spatial' 0.3588405784857934 80.12107863137238
 1.0677966101694913 73 1 6 3]
[3.3848648650064797 'Spatial' 0.3588405784857934 80.12107863137238
 4.084745762711864 73 1 6 4]
[0.285256606631144 'Spatial' 0.3588405784857934 80.12107863137238
 1.0677966101694913 73 1 6 5]
[3.4965169553617512 'Spatial' 0.3588405784857934 80.12107863137238
 3.389830508474576 73 1 6 6]
[2.4849505193991233 'Spatial' 0.3588405784857934 80.12107863137238
 1.847457627118644 73 1 6 7]
[3.6109266389189023 'Spatial' 0.3588405784857934 80.12107863137238
 3.2203389830508473 73 1 6 8]
[0.000629801633309997 'Spatial' 0.3588405784857934 80.12107863137238
 0.1694915254237288 73 1 6 9]
[1.386444349871016 'Spatial' 0.3588405784857934 80.12107863137238
 1.1864406779661016 73 1 6 10]
[1.386444349871016 'Spatial' 0.3588405784857934 80.12107863137238
 1.1864406779661016 73 1 6 11]
[0.000629801633309997 'Spatial' 0.3588405784857934 80.12107863137238
 0.1694915254237288 73 1 6 12]
[0.000629801633309997 'Spatial' 0.3588405784857934 80.12107863137238
 0.1694915254237288 73 1 6 13]
[0.000629801633309997 'Spatial' 0.3588405784857934 80.12107863137238
 0.1694915254237288 73 1 6 14]
[1.386444349871016 'Spatial' 0.3588405784857934 80.12107863137238
 0.847457627118644 73 1 6 15]
[0.000629801633309997 'Spatial' 0.3588405784857934 80.12107863137238
 0.1694915254237288 73 1 6 16]
[0.000629801633309997 'Spatial' 0.3588405784857934 80.12107863137238
 0.1694915254237288 73 1 6 17]
[0.000629801633309997 'Spatial' 0.3588405784857934 80.12107863137238
 0.1694915254237288 73 1 6 18]
[1.1069198048618656 'Spatial' 0.3588405784857934 80.12107863137238
 0.6949152542372881 73 1 6 19]
[0.0 'Spatial' 0.3588405784857934 80.12107863137238 0.0 73 1 7 0]
[4.115367598060762 'Spatial' 0.3588405784857934 80.12107863137238
 0.45762711864406774 73 1 7 1]
[4.127134731431488 'Spatial' 0.3588405784857934 80.12107863137238
 0.1694915254237288 73 1 7 2]
[3.514232416352607 'Spatial' 0.3588405784857934 80.12107863137238
 1.0677966101694913 73 1 7 3]
[3.3848648650064797 'Spatial' 0.3588405784857934 80.12107863137238
 4.084745762711864 73 1 7 4]
[0.285256606631144 'Spatial' 0.3588405784857934 80.12107863137238
 1.0677966101694913 73 1 7 5]
[3.4965169553617512 'Spatial' 0.3588405784857934 80.12107863137238
 3.389830508474576 73 1 7 6]
[2.4849505193991233 'Spatial' 0.3588405784857934 80.12107863137238
 1.847457627118644 73 1 7 7]
[3.6109266389189023 'Spatial' 0.3588405784857934 80.12107863137238
 3.2203389830508473 73 1 7 8]
[0.000629801633309997 'Spatial' 0.3588405784857934 80.12107863137238
 0.1694915254237288 73 1 7 9]
[1.386444349871016 'Spatial' 0.3588405784857934 80.12107863137238
 1.1864406779661016 73 1 7 10]
[1.386444349871016 'Spatial' 0.3588405784857934 80.12107863137238
 1.1864406779661016 73 1 7 11]
[0.000629801633309997 'Spatial' 0.3588405784857934 80.12107863137238
 0.1694915254237288 73 1 7 12]
[0.000629801633309997 'Spatial' 0.3588405784857934 80.12107863137238
 0.1694915254237288 73 1 7 13]
[0.000629801633309997 'Spatial' 0.3588405784857934 80.12107863137238
 0.1694915254237288 73 1 7 14]
[1.386444349871016 'Spatial' 0.3588405784857934 80.12107863137238
 0.847457627118644 73 1 7 15]
[0.000629801633309997 'Spatial' 0.3588405784857934 80.12107863137238
 0.1694915254237288 73 1 7 16]
[0.000629801633309997 'Spatial' 0.3588405784857934 80.12107863137238
 0.1694915254237288 73 1 7 17]
[0.000629801633309997 'Spatial' 0.3588405784857934 80.12107863137238
 0.1694915254237288 73 1 7 18]
[1.1069198048618656 'Spatial' 0.3588405784857934 80.12107863137238
 0.6949152542372881 73 1 7 19]
[0.0 'Spatial' 0.3588405784857934 80.12107863137238 0.0 73 1 8 0]
[4.115367598060762 'Spatial' 0.3588405784857934 80.12107863137238
 0.45762711864406774 73 1 8 1]
[4.127134731431488 'Spatial' 0.3588405784857934 80.12107863137238
 0.1694915254237288 73 1 8 2]
[3.514232416352607 'Spatial' 0.3588405784857934 80.12107863137238
 1.0677966101694913 73 1 8 3]
[3.3848648650064797 'Spatial' 0.3588405784857934 80.12107863137238
 4.084745762711864 73 1 8 4]
[0.285256606631144 'Spatial' 0.3588405784857934 80.12107863137238
 1.0677966101694913 73 1 8 5]
[3.4965169553617512 'Spatial' 0.3588405784857934 80.12107863137238
 3.389830508474576 73 1 8 6]
[2.4849505193991233 'Spatial' 0.3588405784857934 80.12107863137238
 1.847457627118644 73 1 8 7]
[3.6109266389189023 'Spatial' 0.3588405784857934 80.12107863137238
 3.2203389830508473 73 1 8 8]
[0.000629801633309997 'Spatial' 0.3588405784857934 80.12107863137238
 0.1694915254237288 73 1 8 9]
[1.386444349871016 'Spatial' 0.3588405784857934 80.12107863137238
 1.1864406779661016 73 1 8 10]
[1.386444349871016 'Spatial' 0.3588405784857934 80.12107863137238
 1.1864406779661016 73 1 8 11]
[0.000629801633309997 'Spatial' 0.3588405784857934 80.12107863137238
 0.1694915254237288 73 1 8 12]
[0.000629801633309997 'Spatial' 0.3588405784857934 80.12107863137238
 0.1694915254237288 73 1 8 13]
[0.000629801633309997 'Spatial' 0.3588405784857934 80.12107863137238
 0.1694915254237288 73 1 8 14]
[1.386444349871016 'Spatial' 0.3588405784857934 80.12107863137238
 0.847457627118644 73 1 8 15]
[0.000629801633309997 'Spatial' 0.3588405784857934 80.12107863137238
 0.1694915254237288 73 1 8 16]
[0.000629801633309997 'Spatial' 0.3588405784857934 80.12107863137238
 0.1694915254237288 73 1 8 17]
[0.000629801633309997 'Spatial' 0.3588405784857934 80.12107863137238
 0.1694915254237288 73 1 8 18]
[1.1069198048618656 'Spatial' 0.3588405784857934 80.12107863137238
 0.6949152542372881 73 1 8 19]
