[0.0 'Spatial' 0 1.2494122945350647 0.002244577048187916 0.0 4 0 0 42]
[4.158881874175927 'Spatial' 0 1.2494122945350647 0.002244577048187916
 2.3728813559322033 4 0 1 45]
[8.317764070004127 'Spatial' 0 1.2494122945350647 0.002244577048187916
 1.847457627118644 4 0 2 21]
[12.476647834333594 'Spatial' 0 1.2494122945350647 0.002244577048187916
 1.694915254237288 4 0 3 18]
[16.630720562792156 'Spatial' 0 1.2494122945350647 0.002244577048187916
 0.7627118644067796 4 0 4 0]
[20.789022979994748 'Spatial' 0 1.2494122945350647 0.002244577048187916
 0.7627118644067796 4 0 5 36]
[24.948380016500817 'Spatial' 0 1.2494122945350647 0.002244577048187916
 0.7627118644067796 4 0 6 25]
[28.931508596133984 'Spatial' 0 1.2494122945350647 0.002244577048187916
 0.3389830508474576 4 0 7 32]
[32.70785530605393 'Spatial' 0 1.2494122945350647 0.002244577048187916
 0.9322033898305084 4 0 8 40]
[36.16660023602769 'Spatial' 0 1.2494122945350647 0.002244577048187916
 1.0169491525423728 4 0 9 41]
[39.49231895977475 'Spatial' 0 1.2494122945350647 0.002244577048187916
 1.2372881355932202 4 0 10 24]
[42.57939628212458 'Spatial' 0 1.2494122945350647 0.002244577048187916
 1.271186440677966 4 0 11 32]
[44.70950967582303 'Spatial' 0 1.2494122945350647 0.002244577048187916
 1.2372881355932202 4 0 12 32]
[46.398661875082205 'Spatial' 0 1.2494122945350647 0.002244577048187916
 1.1864406779661016 4 0 13 24]
[48.516954280863075 'Spatial' 0 1.2494122945350647 0.002244577048187916
 1.1694915254237288 4 0 14 32]
[49.71555565733156 'Spatial' 0 1.2494122945350647 0.002244577048187916
 1.0677966101694913 4 0 15 32]
[50.69441318293042 'Spatial' 0 1.2494122945350647 0.002244577048187916
 1.0169491525423728 4 0 16 32]
[51.55963410439956 'Spatial' 0 1.2494122945350647 0.002244577048187916
 0.9322033898305084 4 0 17 32]
[52.379519200462056 'Spatial' 0 1.2494122945350647 0.002244577048187916
 0.8983050847457626 4 0 18 32]
[53.27514977773618 'Spatial' 0 1.2494122945350647 0.002244577048187916
 0.8305084745762711 4 0 19 32]
[0.0 'Spatial' 0 1.2494122945350647 0.002244577048187916 0.0 4 1 0 42]
[4.158881874175927 'Spatial' 0 1.2494122945350647 0.002244577048187916
 2.3728813559322033 4 1 1 45]
[8.317764070004127 'Spatial' 0 1.2494122945350647 0.002244577048187916
 1.847457627118644 4 1 2 21]
[12.476647834333594 'Spatial' 0 1.2494122945350647 0.002244577048187916
 1.694915254237288 4 1 3 18]
[16.630720562792156 'Spatial' 0 1.2494122945350647 0.002244577048187916
 0.7627118644067796 4 1 4 0]
[20.789022979994748 'Spatial' 0 1.2494122945350647 0.002244577048187916
 0.7627118644067796 4 1 5 36]
[24.948380016500817 'Spatial' 0 1.2494122945350647 0.002244577048187916
 0.7627118644067796 4 1 6 25]
[28.931508596133984 'Spatial' 0 1.2494122945350647 0.002244577048187916
 0.3389830508474576 4 1 7 32]
[32.70785530605393 'Spatial' 0 1.2494122945350647 0.002244577048187916
 0.9322033898305084 4 1 8 40]
[36.16660023602769 'Spatial' 0 1.2494122945350647 0.002244577048187916
 1.0169491525423728 4 1 9 41]
[39.49231895977475 'Spatial' 0 1.2494122945350647 0.002244577048187916
 1.2372881355932202 4 1 10 24]
[42.57939628212458 'Spatial' 0 1.2494122945350647 0.002244577048187916
 1.271186440677966 4 1 11 32]
[44.70950967582303 'Spatial' 0 1.2494122945350647 0.002244577048187916
 1.2372881355932202 4 1 12 32]
[46.398661875082205 'Spatial' 0 1.2494122945350647 0.002244577048187916
 1.1864406779661016 4 1 13 24]
[48.516954280863075 'Spatial' 0 1.2494122945350647 0.002244577048187916
 1.1694915254237288 4 1 14 32]
[49.71555565733156 'Spatial' 0 1.2494122945350647 0.002244577048187916
 1.0677966101694913 4 1 15 32]
[50.69441318293042 'Spatial' 0 1.2494122945350647 0.002244577048187916
 1.0169491525423728 4 1 16 32]
[51.55963410439956 'Spatial' 0 1.2494122945350647 0.002244577048187916
 0.9322033898305084 4 1 17 32]
[52.379519200462056 'Spatial' 0 1.2494122945350647 0.002244577048187916
 0.8983050847457626 4 1 18 32]
[53.27514977773618 'Spatial' 0 1.2494122945350647 0.002244577048187916
 0.8305084745762711 4 1 19 32]
[0.0 'Spatial' 0 1.2494122945350647 0.002244577048187916 0.0 4 2 0 42]
[4.158881874175927 'Spatial' 0 1.2494122945350647 0.002244577048187916
 2.3728813559322033 4 2 1 45]
[8.317764070004127 'Spatial' 0 1.2494122945350647 0.002244577048187916
 1.847457627118644 4 2 2 21]
[12.476647834333594 'Spatial' 0 1.2494122945350647 0.002244577048187916
 1.694915254237288 4 2 3 18]
[16.630720562792156 'Spatial' 0 1.2494122945350647 0.002244577048187916
 0.7627118644067796 4 2 4 0]
[20.789022979994748 'Spatial' 0 1.2494122945350647 0.002244577048187916
 0.7627118644067796 4 2 5 36]
[24.948380016500817 'Spatial' 0 1.2494122945350647 0.002244577048187916
 0.7627118644067796 4 2 6 25]
[28.931508596133984 'Spatial' 0 1.2494122945350647 0.002244577048187916
 0.3389830508474576 4 2 7 32]
[32.70785530605393 'Spatial' 0 1.2494122945350647 0.002244577048187916
 0.9322033898305084 4 2 8 40]
[36.16660023602769 'Spatial' 0 1.2494122945350647 0.002244577048187916
 1.0169491525423728 4 2 9 41]
[39.49231895977475 'Spatial' 0 1.2494122945350647 0.002244577048187916
 1.2372881355932202 4 2 10 24]
[42.57939628212458 'Spatial' 0 1.2494122945350647 0.002244577048187916
 1.271186440677966 4 2 11 32]
[44.70950967582303 'Spatial' 0 1.2494122945350647 0.002244577048187916
 1.2372881355932202 4 2 12 32]
[46.398661875082205 'Spatial' 0 1.2494122945350647 0.002244577048187916
 1.1864406779661016 4 2 13 24]
[48.516954280863075 'Spatial' 0 1.2494122945350647 0.002244577048187916
 1.1694915254237288 4 2 14 32]
[49.71555565733156 'Spatial' 0 1.2494122945350647 0.002244577048187916
 1.0677966101694913 4 2 15 32]
[50.69441318293042 'Spatial' 0 1.2494122945350647 0.002244577048187916
 1.0169491525423728 4 2 16 32]
[51.55963410439956 'Spatial' 0 1.2494122945350647 0.002244577048187916
 0.9322033898305084 4 2 17 32]
[52.379519200462056 'Spatial' 0 1.2494122945350647 0.002244577048187916
 0.8983050847457626 4 2 18 32]
[53.27514977773618 'Spatial' 0 1.2494122945350647 0.002244577048187916
 0.8305084745762711 4 2 19 32]
[0.0 'Spatial' 0 1.2494122945350647 0.002244577048187916 0.0 4 3 0 42]
[4.158881874175927 'Spatial' 0 1.2494122945350647 0.002244577048187916
 2.3728813559322033 4 3 1 45]
[8.317764070004127 'Spatial' 0 1.2494122945350647 0.002244577048187916
 1.847457627118644 4 3 2 21]
[12.476647834333594 'Spatial' 0 1.2494122945350647 0.002244577048187916
 1.694915254237288 4 3 3 18]
[16.630720562792156 'Spatial' 0 1.2494122945350647 0.002244577048187916
 0.7627118644067796 4 3 4 0]
[20.789022979994748 'Spatial' 0 1.2494122945350647 0.002244577048187916
 0.7627118644067796 4 3 5 36]
[24.948380016500817 'Spatial' 0 1.2494122945350647 0.002244577048187916
 0.7627118644067796 4 3 6 25]
[28.931508596133984 'Spatial' 0 1.2494122945350647 0.002244577048187916
 0.3389830508474576 4 3 7 32]
[32.70785530605393 'Spatial' 0 1.2494122945350647 0.002244577048187916
 0.9322033898305084 4 3 8 40]
[36.16660023602769 'Spatial' 0 1.2494122945350647 0.002244577048187916
 1.0169491525423728 4 3 9 41]
[39.49231895977475 'Spatial' 0 1.2494122945350647 0.002244577048187916
 1.2372881355932202 4 3 10 24]
[42.57939628212458 'Spatial' 0 1.2494122945350647 0.002244577048187916
 1.271186440677966 4 3 11 32]
[44.70950967582303 'Spatial' 0 1.2494122945350647 0.002244577048187916
 1.2372881355932202 4 3 12 32]
[46.398661875082205 'Spatial' 0 1.2494122945350647 0.002244577048187916
 1.1864406779661016 4 3 13 24]
[48.516954280863075 'Spatial' 0 1.2494122945350647 0.002244577048187916
 1.1694915254237288 4 3 14 32]
[49.71555565733156 'Spatial' 0 1.2494122945350647 0.002244577048187916
 1.0677966101694913 4 3 15 32]
[50.69441318293042 'Spatial' 0 1.2494122945350647 0.002244577048187916
 1.0169491525423728 4 3 16 32]
[51.55963410439956 'Spatial' 0 1.2494122945350647 0.002244577048187916
 0.9322033898305084 4 3 17 32]
[52.379519200462056 'Spatial' 0 1.2494122945350647 0.002244577048187916
 0.8983050847457626 4 3 18 32]
[53.27514977773618 'Spatial' 0 1.2494122945350647 0.002244577048187916
 0.8305084745762711 4 3 19 32]
[0.0 'Spatial' 0 1.2494122945350647 0.002244577048187916 0.0 4 4 0 42]
[4.158881874175927 'Spatial' 0 1.2494122945350647 0.002244577048187916
 2.3728813559322033 4 4 1 45]
[8.317764070004127 'Spatial' 0 1.2494122945350647 0.002244577048187916
 1.847457627118644 4 4 2 21]
[12.476647834333594 'Spatial' 0 1.2494122945350647 0.002244577048187916
 1.694915254237288 4 4 3 18]
[16.630720562792156 'Spatial' 0 1.2494122945350647 0.002244577048187916
 0.7627118644067796 4 4 4 0]
[20.789022979994748 'Spatial' 0 1.2494122945350647 0.002244577048187916
 0.7627118644067796 4 4 5 36]
[24.948380016500817 'Spatial' 0 1.2494122945350647 0.002244577048187916
 0.7627118644067796 4 4 6 25]
[28.931508596133984 'Spatial' 0 1.2494122945350647 0.002244577048187916
 0.3389830508474576 4 4 7 32]
[32.70785530605393 'Spatial' 0 1.2494122945350647 0.002244577048187916
 0.9322033898305084 4 4 8 40]
[36.16660023602769 'Spatial' 0 1.2494122945350647 0.002244577048187916
 1.0169491525423728 4 4 9 41]
[39.49231895977475 'Spatial' 0 1.2494122945350647 0.002244577048187916
 1.2372881355932202 4 4 10 24]
[42.57939628212458 'Spatial' 0 1.2494122945350647 0.002244577048187916
 1.271186440677966 4 4 11 32]
[44.70950967582303 'Spatial' 0 1.2494122945350647 0.002244577048187916
 1.2372881355932202 4 4 12 32]
[46.398661875082205 'Spatial' 0 1.2494122945350647 0.002244577048187916
 1.1864406779661016 4 4 13 24]
[48.516954280863075 'Spatial' 0 1.2494122945350647 0.002244577048187916
 1.1694915254237288 4 4 14 32]
[49.71555565733156 'Spatial' 0 1.2494122945350647 0.002244577048187916
 1.0677966101694913 4 4 15 32]
[50.69441318293042 'Spatial' 0 1.2494122945350647 0.002244577048187916
 1.0169491525423728 4 4 16 32]
[51.55963410439956 'Spatial' 0 1.2494122945350647 0.002244577048187916
 0.9322033898305084 4 4 17 32]
[52.379519200462056 'Spatial' 0 1.2494122945350647 0.002244577048187916
 0.8983050847457626 4 4 18 32]
[53.27514977773618 'Spatial' 0 1.2494122945350647 0.002244577048187916
 0.8305084745762711 4 4 19 32]
[0.0 'Spatial' 0 1.2494122945350647 0.002244577048187916 0.0 4 5 0 42]
[4.158881874175927 'Spatial' 0 1.2494122945350647 0.002244577048187916
 2.3728813559322033 4 5 1 45]
[8.317764070004127 'Spatial' 0 1.2494122945350647 0.002244577048187916
 1.847457627118644 4 5 2 21]
[12.476647834333594 'Spatial' 0 1.2494122945350647 0.002244577048187916
 1.694915254237288 4 5 3 18]
[16.630720562792156 'Spatial' 0 1.2494122945350647 0.002244577048187916
 0.7627118644067796 4 5 4 0]
[20.789022979994748 'Spatial' 0 1.2494122945350647 0.002244577048187916
 0.7627118644067796 4 5 5 36]
[24.948380016500817 'Spatial' 0 1.2494122945350647 0.002244577048187916
 0.7627118644067796 4 5 6 25]
[28.931508596133984 'Spatial' 0 1.2494122945350647 0.002244577048187916
 0.3389830508474576 4 5 7 32]
[32.70785530605393 'Spatial' 0 1.2494122945350647 0.002244577048187916
 0.9322033898305084 4 5 8 40]
[36.16660023602769 'Spatial' 0 1.2494122945350647 0.002244577048187916
 1.0169491525423728 4 5 9 41]
[39.49231895977475 'Spatial' 0 1.2494122945350647 0.002244577048187916
 1.2372881355932202 4 5 10 24]
[42.57939628212458 'Spatial' 0 1.2494122945350647 0.002244577048187916
 1.271186440677966 4 5 11 32]
[44.70950967582303 'Spatial' 0 1.2494122945350647 0.002244577048187916
 1.2372881355932202 4 5 12 32]
[46.398661875082205 'Spatial' 0 1.2494122945350647 0.002244577048187916
 1.1864406779661016 4 5 13 24]
[48.516954280863075 'Spatial' 0 1.2494122945350647 0.002244577048187916
 1.1694915254237288 4 5 14 32]
[49.71555565733156 'Spatial' 0 1.2494122945350647 0.002244577048187916
 1.0677966101694913 4 5 15 32]
[50.69441318293042 'Spatial' 0 1.2494122945350647 0.002244577048187916
 1.0169491525423728 4 5 16 32]
[51.55963410439956 'Spatial' 0 1.2494122945350647 0.002244577048187916
 0.9322033898305084 4 5 17 32]
[52.379519200462056 'Spatial' 0 1.2494122945350647 0.002244577048187916
 0.8983050847457626 4 5 18 32]
[53.27514977773618 'Spatial' 0 1.2494122945350647 0.002244577048187916
 0.8305084745762711 4 5 19 32]
[0.0 'Spatial' 0 1.2494122945350647 0.002244577048187916 0.0 4 6 0 42]
[4.158881874175927 'Spatial' 0 1.2494122945350647 0.002244577048187916
 2.3728813559322033 4 6 1 45]
[8.317764070004127 'Spatial' 0 1.2494122945350647 0.002244577048187916
 1.847457627118644 4 6 2 21]
[12.476647834333594 'Spatial' 0 1.2494122945350647 0.002244577048187916
 1.694915254237288 4 6 3 18]
[16.630720562792156 'Spatial' 0 1.2494122945350647 0.002244577048187916
 0.7627118644067796 4 6 4 0]
[20.789022979994748 'Spatial' 0 1.2494122945350647 0.002244577048187916
 0.7627118644067796 4 6 5 36]
[24.948380016500817 'Spatial' 0 1.2494122945350647 0.002244577048187916
 0.7627118644067796 4 6 6 25]
[28.931508596133984 'Spatial' 0 1.2494122945350647 0.002244577048187916
 0.3389830508474576 4 6 7 32]
[32.70785530605393 'Spatial' 0 1.2494122945350647 0.002244577048187916
 0.9322033898305084 4 6 8 40]
[36.16660023602769 'Spatial' 0 1.2494122945350647 0.002244577048187916
 1.0169491525423728 4 6 9 41]
[39.49231895977475 'Spatial' 0 1.2494122945350647 0.002244577048187916
 1.2372881355932202 4 6 10 24]
[42.57939628212458 'Spatial' 0 1.2494122945350647 0.002244577048187916
 1.271186440677966 4 6 11 32]
[44.70950967582303 'Spatial' 0 1.2494122945350647 0.002244577048187916
 1.2372881355932202 4 6 12 32]
[46.398661875082205 'Spatial' 0 1.2494122945350647 0.002244577048187916
 1.1864406779661016 4 6 13 24]
[48.516954280863075 'Spatial' 0 1.2494122945350647 0.002244577048187916
 1.1694915254237288 4 6 14 32]
[49.71555565733156 'Spatial' 0 1.2494122945350647 0.002244577048187916
 1.0677966101694913 4 6 15 32]
[50.69441318293042 'Spatial' 0 1.2494122945350647 0.002244577048187916
 1.0169491525423728 4 6 16 32]
[51.55963410439956 'Spatial' 0 1.2494122945350647 0.002244577048187916
 0.9322033898305084 4 6 17 32]
[52.379519200462056 'Spatial' 0 1.2494122945350647 0.002244577048187916
 0.8983050847457626 4 6 18 32]
[53.27514977773618 'Spatial' 0 1.2494122945350647 0.002244577048187916
 0.8305084745762711 4 6 19 32]
[0.0 'Spatial' 0 1.2494122945350647 0.002244577048187916 0.0 4 7 0 42]
[4.158881874175927 'Spatial' 0 1.2494122945350647 0.002244577048187916
 2.3728813559322033 4 7 1 45]
[8.317764070004127 'Spatial' 0 1.2494122945350647 0.002244577048187916
 1.847457627118644 4 7 2 21]
[12.476647834333594 'Spatial' 0 1.2494122945350647 0.002244577048187916
 1.694915254237288 4 7 3 18]
[16.630720562792156 'Spatial' 0 1.2494122945350647 0.002244577048187916
 0.7627118644067796 4 7 4 0]
[20.789022979994748 'Spatial' 0 1.2494122945350647 0.002244577048187916
 0.7627118644067796 4 7 5 36]
[24.948380016500817 'Spatial' 0 1.2494122945350647 0.002244577048187916
 0.7627118644067796 4 7 6 25]
[28.931508596133984 'Spatial' 0 1.2494122945350647 0.002244577048187916
 0.3389830508474576 4 7 7 32]
[32.70785530605393 'Spatial' 0 1.2494122945350647 0.002244577048187916
 0.9322033898305084 4 7 8 40]
[36.16660023602769 'Spatial' 0 1.2494122945350647 0.002244577048187916
 1.0169491525423728 4 7 9 41]
[39.49231895977475 'Spatial' 0 1.2494122945350647 0.002244577048187916
 1.2372881355932202 4 7 10 24]
[42.57939628212458 'Spatial' 0 1.2494122945350647 0.002244577048187916
 1.271186440677966 4 7 11 32]
[44.70950967582303 'Spatial' 0 1.2494122945350647 0.002244577048187916
 1.2372881355932202 4 7 12 32]
[46.398661875082205 'Spatial' 0 1.2494122945350647 0.002244577048187916
 1.1864406779661016 4 7 13 24]
[48.516954280863075 'Spatial' 0 1.2494122945350647 0.002244577048187916
 1.1694915254237288 4 7 14 32]
[49.71555565733156 'Spatial' 0 1.2494122945350647 0.002244577048187916
 1.0677966101694913 4 7 15 32]
[50.69441318293042 'Spatial' 0 1.2494122945350647 0.002244577048187916
 1.0169491525423728 4 7 16 32]
[51.55963410439956 'Spatial' 0 1.2494122945350647 0.002244577048187916
 0.9322033898305084 4 7 17 32]
[52.379519200462056 'Spatial' 0 1.2494122945350647 0.002244577048187916
 0.8983050847457626 4 7 18 32]
[53.27514977773618 'Spatial' 0 1.2494122945350647 0.002244577048187916
 0.8305084745762711 4 7 19 32]
[0.0 'Spatial' 0 1.2494122945350647 0.002244577048187916 0.0 4 8 0 42]
[4.158881874175927 'Spatial' 0 1.2494122945350647 0.002244577048187916
 2.3728813559322033 4 8 1 45]
[8.317764070004127 'Spatial' 0 1.2494122945350647 0.002244577048187916
 1.847457627118644 4 8 2 21]
[12.476647834333594 'Spatial' 0 1.2494122945350647 0.002244577048187916
 1.694915254237288 4 8 3 18]
[16.630720562792156 'Spatial' 0 1.2494122945350647 0.002244577048187916
 0.7627118644067796 4 8 4 0]
[20.789022979994748 'Spatial' 0 1.2494122945350647 0.002244577048187916
 0.7627118644067796 4 8 5 36]
[24.948380016500817 'Spatial' 0 1.2494122945350647 0.002244577048187916
 0.7627118644067796 4 8 6 25]
[28.931508596133984 'Spatial' 0 1.2494122945350647 0.002244577048187916
 0.3389830508474576 4 8 7 32]
[32.70785530605393 'Spatial' 0 1.2494122945350647 0.002244577048187916
 0.9322033898305084 4 8 8 40]
[36.16660023602769 'Spatial' 0 1.2494122945350647 0.002244577048187916
 1.0169491525423728 4 8 9 41]
[39.49231895977475 'Spatial' 0 1.2494122945350647 0.002244577048187916
 1.2372881355932202 4 8 10 24]
[42.57939628212458 'Spatial' 0 1.2494122945350647 0.002244577048187916
 1.271186440677966 4 8 11 32]
[44.70950967582303 'Spatial' 0 1.2494122945350647 0.002244577048187916
 1.2372881355932202 4 8 12 32]
[46.398661875082205 'Spatial' 0 1.2494122945350647 0.002244577048187916
 1.1864406779661016 4 8 13 24]
[48.516954280863075 'Spatial' 0 1.2494122945350647 0.002244577048187916
 1.1694915254237288 4 8 14 32]
[49.71555565733156 'Spatial' 0 1.2494122945350647 0.002244577048187916
 1.0677966101694913 4 8 15 32]
[50.69441318293042 'Spatial' 0 1.2494122945350647 0.002244577048187916
 1.0169491525423728 4 8 16 32]
[51.55963410439956 'Spatial' 0 1.2494122945350647 0.002244577048187916
 0.9322033898305084 4 8 17 32]
[52.379519200462056 'Spatial' 0 1.2494122945350647 0.002244577048187916
 0.8983050847457626 4 8 18 32]
[53.27514977773618 'Spatial' 0 1.2494122945350647 0.002244577048187916
 0.8305084745762711 4 8 19 32]
