[0.0 'Spatial' 0 1.8222312661364986 0.5737862452047193 0.0 48 0 0 49]
[4.2023938927651425 'Spatial' 0 1.8222312661364986 0.5737862452047193
 10.169491525423728 48 0 1 18]
[8.202501331309438 'Spatial' 0 1.8222312661364986 0.5737862452047193
 6.016949152542373 48 0 2 19]
[12.221568950497804 'Spatial' 0 1.8222312661364986 0.5737862452047193
 4.0508474576271185 48 0 3 9]
[16.13518350095292 'Spatial' 0 1.8222312661364986 0.5737862452047193
 2.796610169491525 48 0 4 0]
[19.711329165612867 'Spatial' 0 1.8222312661364986 0.5737862452047193
 2.423728813559322 48 0 5 0]
[22.60020028858091 'Spatial' 0 1.8222312661364986 0.5737862452047193
 1.847457627118644 48 0 6 0]
[24.884718718893268 'Spatial' 0 1.8222312661364986 0.5737862452047193
 1.694915254237288 48 0 7 0]
[26.54430529232801 'Spatial' 0 1.8222312661364986 0.5737862452047193
 1.406779661016949 48 0 8 0]
[27.621114328535114 'Spatial' 0 1.8222312661364986 0.5737862452047193
 1.271186440677966 48 0 9 0]
[28.21577977493874 'Spatial' 0 1.8222312661364986 0.5737862452047193
 1.1864406779661016 48 0 10 0]
[28.471931064315218 'Spatial' 0 1.8222312661364986 0.5737862452047193
 1.1694915254237288 48 0 11 0]
[28.435656756192184 'Spatial' 0 1.8222312661364986 0.5737862452047193
 1.135593220338983 48 0 12 0]
[28.172660877255698 'Spatial' 0 1.8222312661364986 0.5737862452047193
 0.9999999999999999 48 0 13 0]
[27.783703226725933 'Spatial' 0 1.8222312661364986 0.5737862452047193
 0.9322033898305084 48 0 14 0]
[27.3855342627808 'Spatial' 0 1.8222312661364986 0.5737862452047193
 0.8983050847457626 48 0 15 0]
[27.039518782580785 'Spatial' 0 1.8222312661364986 0.5737862452047193
 0.847457627118644 48 0 16 0]
[26.806543662374715 'Spatial' 0 1.8222312661364986 0.5737862452047193
 0.8305084745762711 48 0 17 0]
[26.729713255077755 'Spatial' 0 1.8222312661364986 0.5737862452047193
 0.7627118644067796 48 0 18 0]
[26.828399164029562 'Spatial' 0 1.8222312661364986 0.5737862452047193
 0.7288135593220338 48 0 19 0]
[0.0 'Spatial' 0 1.8222312661364986 0.5737862452047193 0.0 48 1 0 49]
[4.2023938927651425 'Spatial' 0 1.8222312661364986 0.5737862452047193
 10.169491525423728 48 1 1 18]
[8.202501331309438 'Spatial' 0 1.8222312661364986 0.5737862452047193
 6.016949152542373 48 1 2 19]
[12.221568950497804 'Spatial' 0 1.8222312661364986 0.5737862452047193
 4.0508474576271185 48 1 3 9]
[16.13518350095292 'Spatial' 0 1.8222312661364986 0.5737862452047193
 2.796610169491525 48 1 4 0]
[19.711329165612867 'Spatial' 0 1.8222312661364986 0.5737862452047193
 2.423728813559322 48 1 5 0]
[22.60020028858091 'Spatial' 0 1.8222312661364986 0.5737862452047193
 1.847457627118644 48 1 6 0]
[24.884718718893268 'Spatial' 0 1.8222312661364986 0.5737862452047193
 1.694915254237288 48 1 7 0]
[26.54430529232801 'Spatial' 0 1.8222312661364986 0.5737862452047193
 1.406779661016949 48 1 8 0]
[27.621114328535114 'Spatial' 0 1.8222312661364986 0.5737862452047193
 1.271186440677966 48 1 9 0]
[28.21577977493874 'Spatial' 0 1.8222312661364986 0.5737862452047193
 1.1864406779661016 48 1 10 0]
[28.471931064315218 'Spatial' 0 1.8222312661364986 0.5737862452047193
 1.1694915254237288 48 1 11 0]
[28.435656756192184 'Spatial' 0 1.8222312661364986 0.5737862452047193
 1.135593220338983 48 1 12 0]
[28.172660877255698 'Spatial' 0 1.8222312661364986 0.5737862452047193
 0.9999999999999999 48 1 13 0]
[27.783703226725933 'Spatial' 0 1.8222312661364986 0.5737862452047193
 0.9322033898305084 48 1 14 0]
[27.3855342627808 'Spatial' 0 1.8222312661364986 0.5737862452047193
 0.8983050847457626 48 1 15 0]
[27.039518782580785 'Spatial' 0 1.8222312661364986 0.5737862452047193
 0.847457627118644 48 1 16 0]
[26.806543662374715 'Spatial' 0 1.8222312661364986 0.5737862452047193
 0.8305084745762711 48 1 17 0]
[26.729713255077755 'Spatial' 0 1.8222312661364986 0.5737862452047193
 0.7627118644067796 48 1 18 0]
[26.828399164029562 'Spatial' 0 1.8222312661364986 0.5737862452047193
 0.7288135593220338 48 1 19 0]
[0.0 'Spatial' 0 1.8222312661364986 0.5737862452047193 0.0 48 2 0 49]
[4.2023938927651425 'Spatial' 0 1.8222312661364986 0.5737862452047193
 10.169491525423728 48 2 1 18]
[8.202501331309438 'Spatial' 0 1.8222312661364986 0.5737862452047193
 6.016949152542373 48 2 2 19]
[12.221568950497804 'Spatial' 0 1.8222312661364986 0.5737862452047193
 4.0508474576271185 48 2 3 9]
[16.13518350095292 'Spatial' 0 1.8222312661364986 0.5737862452047193
 2.796610169491525 48 2 4 0]
[19.711329165612867 'Spatial' 0 1.8222312661364986 0.5737862452047193
 2.423728813559322 48 2 5 0]
[22.60020028858091 'Spatial' 0 1.8222312661364986 0.5737862452047193
 1.847457627118644 48 2 6 0]
[24.884718718893268 'Spatial' 0 1.8222312661364986 0.5737862452047193
 1.694915254237288 48 2 7 0]
[26.54430529232801 'Spatial' 0 1.8222312661364986 0.5737862452047193
 1.406779661016949 48 2 8 0]
[27.621114328535114 'Spatial' 0 1.8222312661364986 0.5737862452047193
 1.271186440677966 48 2 9 0]
[28.21577977493874 'Spatial' 0 1.8222312661364986 0.5737862452047193
 1.1864406779661016 48 2 10 0]
[28.471931064315218 'Spatial' 0 1.8222312661364986 0.5737862452047193
 1.1694915254237288 48 2 11 0]
[28.435656756192184 'Spatial' 0 1.8222312661364986 0.5737862452047193
 1.135593220338983 48 2 12 0]
[28.172660877255698 'Spatial' 0 1.8222312661364986 0.5737862452047193
 0.9999999999999999 48 2 13 0]
[27.783703226725933 'Spatial' 0 1.8222312661364986 0.5737862452047193
 0.9322033898305084 48 2 14 0]
[27.3855342627808 'Spatial' 0 1.8222312661364986 0.5737862452047193
 0.8983050847457626 48 2 15 0]
[27.039518782580785 'Spatial' 0 1.8222312661364986 0.5737862452047193
 0.847457627118644 48 2 16 0]
[26.806543662374715 'Spatial' 0 1.8222312661364986 0.5737862452047193
 0.8305084745762711 48 2 17 0]
[26.729713255077755 'Spatial' 0 1.8222312661364986 0.5737862452047193
 0.7627118644067796 48 2 18 0]
[26.828399164029562 'Spatial' 0 1.8222312661364986 0.5737862452047193
 0.7288135593220338 48 2 19 0]
[0.0 'Spatial' 0 1.8222312661364986 0.5737862452047193 0.0 48 3 0 49]
[4.2023938927651425 'Spatial' 0 1.8222312661364986 0.5737862452047193
 10.169491525423728 48 3 1 18]
[8.202501331309438 'Spatial' 0 1.8222312661364986 0.5737862452047193
 6.016949152542373 48 3 2 19]
[12.221568950497804 'Spatial' 0 1.8222312661364986 0.5737862452047193
 4.0508474576271185 48 3 3 9]
[16.13518350095292 'Spatial' 0 1.8222312661364986 0.5737862452047193
 2.796610169491525 48 3 4 0]
[19.711329165612867 'Spatial' 0 1.8222312661364986 0.5737862452047193
 2.423728813559322 48 3 5 0]
[22.60020028858091 'Spatial' 0 1.8222312661364986 0.5737862452047193
 1.847457627118644 48 3 6 0]
[24.884718718893268 'Spatial' 0 1.8222312661364986 0.5737862452047193
 1.694915254237288 48 3 7 0]
[26.54430529232801 'Spatial' 0 1.8222312661364986 0.5737862452047193
 1.406779661016949 48 3 8 0]
[27.621114328535114 'Spatial' 0 1.8222312661364986 0.5737862452047193
 1.271186440677966 48 3 9 0]
[28.21577977493874 'Spatial' 0 1.8222312661364986 0.5737862452047193
 1.1864406779661016 48 3 10 0]
[28.471931064315218 'Spatial' 0 1.8222312661364986 0.5737862452047193
 1.1694915254237288 48 3 11 0]
[28.435656756192184 'Spatial' 0 1.8222312661364986 0.5737862452047193
 1.135593220338983 48 3 12 0]
[28.172660877255698 'Spatial' 0 1.8222312661364986 0.5737862452047193
 0.9999999999999999 48 3 13 0]
[27.783703226725933 'Spatial' 0 1.8222312661364986 0.5737862452047193
 0.9322033898305084 48 3 14 0]
[27.3855342627808 'Spatial' 0 1.8222312661364986 0.5737862452047193
 0.8983050847457626 48 3 15 0]
[27.039518782580785 'Spatial' 0 1.8222312661364986 0.5737862452047193
 0.847457627118644 48 3 16 0]
[26.806543662374715 'Spatial' 0 1.8222312661364986 0.5737862452047193
 0.8305084745762711 48 3 17 0]
[26.729713255077755 'Spatial' 0 1.8222312661364986 0.5737862452047193
 0.7627118644067796 48 3 18 0]
[26.828399164029562 'Spatial' 0 1.8222312661364986 0.5737862452047193
 0.7288135593220338 48 3 19 0]
[0.0 'Spatial' 0 1.8222312661364986 0.5737862452047193 0.0 48 4 0 49]
[4.2023938927651425 'Spatial' 0 1.8222312661364986 0.5737862452047193
 10.169491525423728 48 4 1 18]
[8.202501331309438 'Spatial' 0 1.8222312661364986 0.5737862452047193
 6.016949152542373 48 4 2 19]
[12.221568950497804 'Spatial' 0 1.8222312661364986 0.5737862452047193
 4.0508474576271185 48 4 3 9]
[16.13518350095292 'Spatial' 0 1.8222312661364986 0.5737862452047193
 2.796610169491525 48 4 4 0]
[19.711329165612867 'Spatial' 0 1.8222312661364986 0.5737862452047193
 2.423728813559322 48 4 5 0]
[22.60020028858091 'Spatial' 0 1.8222312661364986 0.5737862452047193
 1.847457627118644 48 4 6 0]
[24.884718718893268 'Spatial' 0 1.8222312661364986 0.5737862452047193
 1.694915254237288 48 4 7 0]
[26.54430529232801 'Spatial' 0 1.8222312661364986 0.5737862452047193
 1.406779661016949 48 4 8 0]
[27.621114328535114 'Spatial' 0 1.8222312661364986 0.5737862452047193
 1.271186440677966 48 4 9 0]
[28.21577977493874 'Spatial' 0 1.8222312661364986 0.5737862452047193
 1.1864406779661016 48 4 10 0]
[28.471931064315218 'Spatial' 0 1.8222312661364986 0.5737862452047193
 1.1694915254237288 48 4 11 0]
[28.435656756192184 'Spatial' 0 1.8222312661364986 0.5737862452047193
 1.135593220338983 48 4 12 0]
[28.172660877255698 'Spatial' 0 1.8222312661364986 0.5737862452047193
 0.9999999999999999 48 4 13 0]
[27.783703226725933 'Spatial' 0 1.8222312661364986 0.5737862452047193
 0.9322033898305084 48 4 14 0]
[27.3855342627808 'Spatial' 0 1.8222312661364986 0.5737862452047193
 0.8983050847457626 48 4 15 0]
[27.039518782580785 'Spatial' 0 1.8222312661364986 0.5737862452047193
 0.847457627118644 48 4 16 0]
[26.806543662374715 'Spatial' 0 1.8222312661364986 0.5737862452047193
 0.8305084745762711 48 4 17 0]
[26.729713255077755 'Spatial' 0 1.8222312661364986 0.5737862452047193
 0.7627118644067796 48 4 18 0]
[26.828399164029562 'Spatial' 0 1.8222312661364986 0.5737862452047193
 0.7288135593220338 48 4 19 0]
[0.0 'Spatial' 0 1.8222312661364986 0.5737862452047193 0.0 48 5 0 49]
[4.2023938927651425 'Spatial' 0 1.8222312661364986 0.5737862452047193
 10.169491525423728 48 5 1 18]
[8.202501331309438 'Spatial' 0 1.8222312661364986 0.5737862452047193
 6.016949152542373 48 5 2 19]
[12.221568950497804 'Spatial' 0 1.8222312661364986 0.5737862452047193
 4.0508474576271185 48 5 3 9]
[16.13518350095292 'Spatial' 0 1.8222312661364986 0.5737862452047193
 2.796610169491525 48 5 4 0]
[19.711329165612867 'Spatial' 0 1.8222312661364986 0.5737862452047193
 2.423728813559322 48 5 5 0]
[22.60020028858091 'Spatial' 0 1.8222312661364986 0.5737862452047193
 1.847457627118644 48 5 6 0]
[24.884718718893268 'Spatial' 0 1.8222312661364986 0.5737862452047193
 1.694915254237288 48 5 7 0]
[26.54430529232801 'Spatial' 0 1.8222312661364986 0.5737862452047193
 1.406779661016949 48 5 8 0]
[27.621114328535114 'Spatial' 0 1.8222312661364986 0.5737862452047193
 1.271186440677966 48 5 9 0]
[28.21577977493874 'Spatial' 0 1.8222312661364986 0.5737862452047193
 1.1864406779661016 48 5 10 0]
[28.471931064315218 'Spatial' 0 1.8222312661364986 0.5737862452047193
 1.1694915254237288 48 5 11 0]
[28.435656756192184 'Spatial' 0 1.8222312661364986 0.5737862452047193
 1.135593220338983 48 5 12 0]
[28.172660877255698 'Spatial' 0 1.8222312661364986 0.5737862452047193
 0.9999999999999999 48 5 13 0]
[27.783703226725933 'Spatial' 0 1.8222312661364986 0.5737862452047193
 0.9322033898305084 48 5 14 0]
[27.3855342627808 'Spatial' 0 1.8222312661364986 0.5737862452047193
 0.8983050847457626 48 5 15 0]
[27.039518782580785 'Spatial' 0 1.8222312661364986 0.5737862452047193
 0.847457627118644 48 5 16 0]
[26.806543662374715 'Spatial' 0 1.8222312661364986 0.5737862452047193
 0.8305084745762711 48 5 17 0]
[26.729713255077755 'Spatial' 0 1.8222312661364986 0.5737862452047193
 0.7627118644067796 48 5 18 0]
[26.828399164029562 'Spatial' 0 1.8222312661364986 0.5737862452047193
 0.7288135593220338 48 5 19 0]
[0.0 'Spatial' 0 1.8222312661364986 0.5737862452047193 0.0 48 6 0 49]
[4.2023938927651425 'Spatial' 0 1.8222312661364986 0.5737862452047193
 10.169491525423728 48 6 1 18]
[8.202501331309438 'Spatial' 0 1.8222312661364986 0.5737862452047193
 6.016949152542373 48 6 2 19]
[12.221568950497804 'Spatial' 0 1.8222312661364986 0.5737862452047193
 4.0508474576271185 48 6 3 9]
[16.13518350095292 'Spatial' 0 1.8222312661364986 0.5737862452047193
 2.796610169491525 48 6 4 0]
[19.711329165612867 'Spatial' 0 1.8222312661364986 0.5737862452047193
 2.423728813559322 48 6 5 0]
[22.60020028858091 'Spatial' 0 1.8222312661364986 0.5737862452047193
 1.847457627118644 48 6 6 0]
[24.884718718893268 'Spatial' 0 1.8222312661364986 0.5737862452047193
 1.694915254237288 48 6 7 0]
[26.54430529232801 'Spatial' 0 1.8222312661364986 0.5737862452047193
 1.406779661016949 48 6 8 0]
[27.621114328535114 'Spatial' 0 1.8222312661364986 0.5737862452047193
 1.271186440677966 48 6 9 0]
[28.21577977493874 'Spatial' 0 1.8222312661364986 0.5737862452047193
 1.1864406779661016 48 6 10 0]
[28.471931064315218 'Spatial' 0 1.8222312661364986 0.5737862452047193
 1.1694915254237288 48 6 11 0]
[28.435656756192184 'Spatial' 0 1.8222312661364986 0.5737862452047193
 1.135593220338983 48 6 12 0]
[28.172660877255698 'Spatial' 0 1.8222312661364986 0.5737862452047193
 0.9999999999999999 48 6 13 0]
[27.783703226725933 'Spatial' 0 1.8222312661364986 0.5737862452047193
 0.9322033898305084 48 6 14 0]
[27.3855342627808 'Spatial' 0 1.8222312661364986 0.5737862452047193
 0.8983050847457626 48 6 15 0]
[27.039518782580785 'Spatial' 0 1.8222312661364986 0.5737862452047193
 0.847457627118644 48 6 16 0]
[26.806543662374715 'Spatial' 0 1.8222312661364986 0.5737862452047193
 0.8305084745762711 48 6 17 0]
[26.729713255077755 'Spatial' 0 1.8222312661364986 0.5737862452047193
 0.7627118644067796 48 6 18 0]
[26.828399164029562 'Spatial' 0 1.8222312661364986 0.5737862452047193
 0.7288135593220338 48 6 19 0]
[0.0 'Spatial' 0 1.8222312661364986 0.5737862452047193 0.0 48 7 0 49]
[4.2023938927651425 'Spatial' 0 1.8222312661364986 0.5737862452047193
 10.169491525423728 48 7 1 18]
[8.202501331309438 'Spatial' 0 1.8222312661364986 0.5737862452047193
 6.016949152542373 48 7 2 19]
[12.221568950497804 'Spatial' 0 1.8222312661364986 0.5737862452047193
 4.0508474576271185 48 7 3 9]
[16.13518350095292 'Spatial' 0 1.8222312661364986 0.5737862452047193
 2.796610169491525 48 7 4 0]
[19.711329165612867 'Spatial' 0 1.8222312661364986 0.5737862452047193
 2.423728813559322 48 7 5 0]
[22.60020028858091 'Spatial' 0 1.8222312661364986 0.5737862452047193
 1.847457627118644 48 7 6 0]
[24.884718718893268 'Spatial' 0 1.8222312661364986 0.5737862452047193
 1.694915254237288 48 7 7 0]
[26.54430529232801 'Spatial' 0 1.8222312661364986 0.5737862452047193
 1.406779661016949 48 7 8 0]
[27.621114328535114 'Spatial' 0 1.8222312661364986 0.5737862452047193
 1.271186440677966 48 7 9 0]
[28.21577977493874 'Spatial' 0 1.8222312661364986 0.5737862452047193
 1.1864406779661016 48 7 10 0]
[28.471931064315218 'Spatial' 0 1.8222312661364986 0.5737862452047193
 1.1694915254237288 48 7 11 0]
[28.435656756192184 'Spatial' 0 1.8222312661364986 0.5737862452047193
 1.135593220338983 48 7 12 0]
[28.172660877255698 'Spatial' 0 1.8222312661364986 0.5737862452047193
 0.9999999999999999 48 7 13 0]
[27.783703226725933 'Spatial' 0 1.8222312661364986 0.5737862452047193
 0.9322033898305084 48 7 14 0]
[27.3855342627808 'Spatial' 0 1.8222312661364986 0.5737862452047193
 0.8983050847457626 48 7 15 0]
[27.039518782580785 'Spatial' 0 1.8222312661364986 0.5737862452047193
 0.847457627118644 48 7 16 0]
[26.806543662374715 'Spatial' 0 1.8222312661364986 0.5737862452047193
 0.8305084745762711 48 7 17 0]
[26.729713255077755 'Spatial' 0 1.8222312661364986 0.5737862452047193
 0.7627118644067796 48 7 18 0]
[26.828399164029562 'Spatial' 0 1.8222312661364986 0.5737862452047193
 0.7288135593220338 48 7 19 0]
[0.0 'Spatial' 0 1.8222312661364986 0.5737862452047193 0.0 48 8 0 49]
[4.2023938927651425 'Spatial' 0 1.8222312661364986 0.5737862452047193
 10.169491525423728 48 8 1 18]
[8.202501331309438 'Spatial' 0 1.8222312661364986 0.5737862452047193
 6.016949152542373 48 8 2 19]
[12.221568950497804 'Spatial' 0 1.8222312661364986 0.5737862452047193
 4.0508474576271185 48 8 3 9]
[16.13518350095292 'Spatial' 0 1.8222312661364986 0.5737862452047193
 2.796610169491525 48 8 4 0]
[19.711329165612867 'Spatial' 0 1.8222312661364986 0.5737862452047193
 2.423728813559322 48 8 5 0]
[22.60020028858091 'Spatial' 0 1.8222312661364986 0.5737862452047193
 1.847457627118644 48 8 6 0]
[24.884718718893268 'Spatial' 0 1.8222312661364986 0.5737862452047193
 1.694915254237288 48 8 7 0]
[26.54430529232801 'Spatial' 0 1.8222312661364986 0.5737862452047193
 1.406779661016949 48 8 8 0]
[27.621114328535114 'Spatial' 0 1.8222312661364986 0.5737862452047193
 1.271186440677966 48 8 9 0]
[28.21577977493874 'Spatial' 0 1.8222312661364986 0.5737862452047193
 1.1864406779661016 48 8 10 0]
[28.471931064315218 'Spatial' 0 1.8222312661364986 0.5737862452047193
 1.1694915254237288 48 8 11 0]
[28.435656756192184 'Spatial' 0 1.8222312661364986 0.5737862452047193
 1.135593220338983 48 8 12 0]
[28.172660877255698 'Spatial' 0 1.8222312661364986 0.5737862452047193
 0.9999999999999999 48 8 13 0]
[27.783703226725933 'Spatial' 0 1.8222312661364986 0.5737862452047193
 0.9322033898305084 48 8 14 0]
[27.3855342627808 'Spatial' 0 1.8222312661364986 0.5737862452047193
 0.8983050847457626 48 8 15 0]
[27.039518782580785 'Spatial' 0 1.8222312661364986 0.5737862452047193
 0.847457627118644 48 8 16 0]
[26.806543662374715 'Spatial' 0 1.8222312661364986 0.5737862452047193
 0.8305084745762711 48 8 17 0]
[26.729713255077755 'Spatial' 0 1.8222312661364986 0.5737862452047193
 0.7627118644067796 48 8 18 0]
[26.828399164029562 'Spatial' 0 1.8222312661364986 0.5737862452047193
 0.7288135593220338 48 8 19 0]
