[0.0 'Spatial' 1 1.2057867528498447 0.07700565703784273 0.0 49 0 0 26]
[4.1588830833596715 'Spatial' 1 1.2057867528498447 0.07700565703784273
 3.7288135593220337 49 0 1 30]
[8.317766166719343 'Spatial' 1 1.2057867528498447 0.07700565703784273
 3.2203389830508473 49 0 2 54]
[12.476649250079014 'Spatial' 1 1.2057867528498447 0.07700565703784273
 2.8813559322033897 49 0 3 14]
[16.330931479963244 'Spatial' 1 1.2057867528498447 0.07700565703784273
 1.7457627118644066 49 0 4 7]
[19.694729823272034 'Spatial' 1 1.2057867528498447 0.07700565703784273
 1.7796610169491525 49 0 5 6]
[22.404919996302894 'Spatial' 1 1.2057867528498447 0.07700565703784273
 1.5762711864406778 49 0 6 15]
[24.878858767715087 'Spatial' 1 1.2057867528498447 0.07700565703784273
 1.5254237288135593 49 0 7 23]
[27.65014667904738 'Spatial' 1 1.2057867528498447 0.07700565703784273
 1.5762711864406778 49 0 8 15]
[29.360657075975613 'Spatial' 1 1.2057867528498447 0.07700565703784273
 1.4406779661016949 49 0 9 7]
[30.926374929604187 'Spatial' 1 1.2057867528498447 0.07700565703784273
 1.4406779661016949 49 0 10 7]
[32.17771723299194 'Spatial' 1 1.2057867528498447 0.07700565703784273
 1.3559322033898304 49 0 11 6]
[33.933113508521835 'Spatial' 1 1.2057867528498447 0.07700565703784273
 1.3389830508474576 49 0 12 14]
[35.9494548831454 'Spatial' 1 1.2057867528498447 0.07700565703784273
 1.271186440677966 49 0 13 7]
[37.17561203443317 'Spatial' 1 1.2057867528498447 0.07700565703784273
 1.2372881355932202 49 0 14 7]
[38.31808038061363 'Spatial' 1 1.2057867528498447 0.07700565703784273
 1.1016949152542372 49 0 15 7]
[39.385893409982614 'Spatial' 1 1.2057867528498447 0.07700565703784273
 1.0169491525423728 49 0 16 7]
[40.426796071074065 'Spatial' 1 1.2057867528498447 0.07700565703784273
 0.9322033898305084 49 0 17 7]
[41.48218619000257 'Spatial' 1 1.2057867528498447 0.07700565703784273
 0.8983050847457626 49 0 18 7]
[42.682822056707074 'Spatial' 1 1.2057867528498447 0.07700565703784273
 0.847457627118644 49 0 19 7]
[0.0 'Spatial' 1 1.2057867528498447 0.07700565703784273 0.0 49 1 0 26]
[4.1588830833596715 'Spatial' 1 1.2057867528498447 0.07700565703784273
 3.7288135593220337 49 1 1 30]
[8.317766166719343 'Spatial' 1 1.2057867528498447 0.07700565703784273
 3.2203389830508473 49 1 2 54]
[12.476649250079014 'Spatial' 1 1.2057867528498447 0.07700565703784273
 2.8813559322033897 49 1 3 14]
[16.330931479963244 'Spatial' 1 1.2057867528498447 0.07700565703784273
 1.7457627118644066 49 1 4 7]
[19.694729823272034 'Spatial' 1 1.2057867528498447 0.07700565703784273
 1.7796610169491525 49 1 5 6]
[22.404919996302894 'Spatial' 1 1.2057867528498447 0.07700565703784273
 1.5762711864406778 49 1 6 15]
[24.878858767715087 'Spatial' 1 1.2057867528498447 0.07700565703784273
 1.5254237288135593 49 1 7 23]
[27.65014667904738 'Spatial' 1 1.2057867528498447 0.07700565703784273
 1.5762711864406778 49 1 8 15]
[29.360657075975613 'Spatial' 1 1.2057867528498447 0.07700565703784273
 1.4406779661016949 49 1 9 7]
[30.926374929604187 'Spatial' 1 1.2057867528498447 0.07700565703784273
 1.4406779661016949 49 1 10 7]
[32.17771723299194 'Spatial' 1 1.2057867528498447 0.07700565703784273
 1.3559322033898304 49 1 11 6]
[33.933113508521835 'Spatial' 1 1.2057867528498447 0.07700565703784273
 1.3389830508474576 49 1 12 14]
[35.9494548831454 'Spatial' 1 1.2057867528498447 0.07700565703784273
 1.271186440677966 49 1 13 7]
[37.17561203443317 'Spatial' 1 1.2057867528498447 0.07700565703784273
 1.2372881355932202 49 1 14 7]
[38.31808038061363 'Spatial' 1 1.2057867528498447 0.07700565703784273
 1.1016949152542372 49 1 15 7]
[39.385893409982614 'Spatial' 1 1.2057867528498447 0.07700565703784273
 1.0169491525423728 49 1 16 7]
[40.426796071074065 'Spatial' 1 1.2057867528498447 0.07700565703784273
 0.9322033898305084 49 1 17 7]
[41.48218619000257 'Spatial' 1 1.2057867528498447 0.07700565703784273
 0.8983050847457626 49 1 18 7]
[42.682822056707074 'Spatial' 1 1.2057867528498447 0.07700565703784273
 0.847457627118644 49 1 19 7]
[0.0 'Spatial' 1 1.2057867528498447 0.07700565703784273 0.0 49 2 0 26]
[4.1588830833596715 'Spatial' 1 1.2057867528498447 0.07700565703784273
 3.7288135593220337 49 2 1 30]
[8.317766166719343 'Spatial' 1 1.2057867528498447 0.07700565703784273
 3.2203389830508473 49 2 2 54]
[12.476649250079014 'Spatial' 1 1.2057867528498447 0.07700565703784273
 2.8813559322033897 49 2 3 14]
[16.330931479963244 'Spatial' 1 1.2057867528498447 0.07700565703784273
 1.7457627118644066 49 2 4 7]
[19.694729823272034 'Spatial' 1 1.2057867528498447 0.07700565703784273
 1.7796610169491525 49 2 5 6]
[22.404919996302894 'Spatial' 1 1.2057867528498447 0.07700565703784273
 1.5762711864406778 49 2 6 15]
[24.878858767715087 'Spatial' 1 1.2057867528498447 0.07700565703784273
 1.5254237288135593 49 2 7 23]
[27.65014667904738 'Spatial' 1 1.2057867528498447 0.07700565703784273
 1.5762711864406778 49 2 8 15]
[29.360657075975613 'Spatial' 1 1.2057867528498447 0.07700565703784273
 1.4406779661016949 49 2 9 7]
[30.926374929604187 'Spatial' 1 1.2057867528498447 0.07700565703784273
 1.4406779661016949 49 2 10 7]
[32.17771723299194 'Spatial' 1 1.2057867528498447 0.07700565703784273
 1.3559322033898304 49 2 11 6]
[33.933113508521835 'Spatial' 1 1.2057867528498447 0.07700565703784273
 1.3389830508474576 49 2 12 14]
[35.9494548831454 'Spatial' 1 1.2057867528498447 0.07700565703784273
 1.271186440677966 49 2 13 7]
[37.17561203443317 'Spatial' 1 1.2057867528498447 0.07700565703784273
 1.2372881355932202 49 2 14 7]
[38.31808038061363 'Spatial' 1 1.2057867528498447 0.07700565703784273
 1.1016949152542372 49 2 15 7]
[39.385893409982614 'Spatial' 1 1.2057867528498447 0.07700565703784273
 1.0169491525423728 49 2 16 7]
[40.426796071074065 'Spatial' 1 1.2057867528498447 0.07700565703784273
 0.9322033898305084 49 2 17 7]
[41.48218619000257 'Spatial' 1 1.2057867528498447 0.07700565703784273
 0.8983050847457626 49 2 18 7]
[42.682822056707074 'Spatial' 1 1.2057867528498447 0.07700565703784273
 0.847457627118644 49 2 19 7]
[0.0 'Spatial' 1 1.2057867528498447 0.07700565703784273 0.0 49 3 0 26]
[4.1588830833596715 'Spatial' 1 1.2057867528498447 0.07700565703784273
 3.7288135593220337 49 3 1 30]
[8.317766166719343 'Spatial' 1 1.2057867528498447 0.07700565703784273
 3.2203389830508473 49 3 2 54]
[12.476649250079014 'Spatial' 1 1.2057867528498447 0.07700565703784273
 2.8813559322033897 49 3 3 14]
[16.330931479963244 'Spatial' 1 1.2057867528498447 0.07700565703784273
 1.7457627118644066 49 3 4 7]
[19.694729823272034 'Spatial' 1 1.2057867528498447 0.07700565703784273
 1.7796610169491525 49 3 5 6]
[22.404919996302894 'Spatial' 1 1.2057867528498447 0.07700565703784273
 1.5762711864406778 49 3 6 15]
[24.878858767715087 'Spatial' 1 1.2057867528498447 0.07700565703784273
 1.5254237288135593 49 3 7 23]
[27.65014667904738 'Spatial' 1 1.2057867528498447 0.07700565703784273
 1.5762711864406778 49 3 8 15]
[29.360657075975613 'Spatial' 1 1.2057867528498447 0.07700565703784273
 1.4406779661016949 49 3 9 7]
[30.926374929604187 'Spatial' 1 1.2057867528498447 0.07700565703784273
 1.4406779661016949 49 3 10 7]
[32.17771723299194 'Spatial' 1 1.2057867528498447 0.07700565703784273
 1.3559322033898304 49 3 11 6]
[33.933113508521835 'Spatial' 1 1.2057867528498447 0.07700565703784273
 1.3389830508474576 49 3 12 14]
[35.9494548831454 'Spatial' 1 1.2057867528498447 0.07700565703784273
 1.271186440677966 49 3 13 7]
[37.17561203443317 'Spatial' 1 1.2057867528498447 0.07700565703784273
 1.2372881355932202 49 3 14 7]
[38.31808038061363 'Spatial' 1 1.2057867528498447 0.07700565703784273
 1.1016949152542372 49 3 15 7]
[39.385893409982614 'Spatial' 1 1.2057867528498447 0.07700565703784273
 1.0169491525423728 49 3 16 7]
[40.426796071074065 'Spatial' 1 1.2057867528498447 0.07700565703784273
 0.9322033898305084 49 3 17 7]
[41.48218619000257 'Spatial' 1 1.2057867528498447 0.07700565703784273
 0.8983050847457626 49 3 18 7]
[42.682822056707074 'Spatial' 1 1.2057867528498447 0.07700565703784273
 0.847457627118644 49 3 19 7]
[0.0 'Spatial' 1 1.2057867528498447 0.07700565703784273 0.0 49 4 0 26]
[4.1588830833596715 'Spatial' 1 1.2057867528498447 0.07700565703784273
 3.7288135593220337 49 4 1 30]
[8.317766166719343 'Spatial' 1 1.2057867528498447 0.07700565703784273
 3.2203389830508473 49 4 2 54]
[12.476649250079014 'Spatial' 1 1.2057867528498447 0.07700565703784273
 2.8813559322033897 49 4 3 14]
[16.330931479963244 'Spatial' 1 1.2057867528498447 0.07700565703784273
 1.7457627118644066 49 4 4 7]
[19.694729823272034 'Spatial' 1 1.2057867528498447 0.07700565703784273
 1.7796610169491525 49 4 5 6]
[22.404919996302894 'Spatial' 1 1.2057867528498447 0.07700565703784273
 1.5762711864406778 49 4 6 15]
[24.878858767715087 'Spatial' 1 1.2057867528498447 0.07700565703784273
 1.5254237288135593 49 4 7 23]
[27.65014667904738 'Spatial' 1 1.2057867528498447 0.07700565703784273
 1.5762711864406778 49 4 8 15]
[29.360657075975613 'Spatial' 1 1.2057867528498447 0.07700565703784273
 1.4406779661016949 49 4 9 7]
[30.926374929604187 'Spatial' 1 1.2057867528498447 0.07700565703784273
 1.4406779661016949 49 4 10 7]
[32.17771723299194 'Spatial' 1 1.2057867528498447 0.07700565703784273
 1.3559322033898304 49 4 11 6]
[33.933113508521835 'Spatial' 1 1.2057867528498447 0.07700565703784273
 1.3389830508474576 49 4 12 14]
[35.9494548831454 'Spatial' 1 1.2057867528498447 0.07700565703784273
 1.271186440677966 49 4 13 7]
[37.17561203443317 'Spatial' 1 1.2057867528498447 0.07700565703784273
 1.2372881355932202 49 4 14 7]
[38.31808038061363 'Spatial' 1 1.2057867528498447 0.07700565703784273
 1.1016949152542372 49 4 15 7]
[39.385893409982614 'Spatial' 1 1.2057867528498447 0.07700565703784273
 1.0169491525423728 49 4 16 7]
[40.426796071074065 'Spatial' 1 1.2057867528498447 0.07700565703784273
 0.9322033898305084 49 4 17 7]
[41.48218619000257 'Spatial' 1 1.2057867528498447 0.07700565703784273
 0.8983050847457626 49 4 18 7]
[42.682822056707074 'Spatial' 1 1.2057867528498447 0.07700565703784273
 0.847457627118644 49 4 19 7]
[0.0 'Spatial' 1 1.2057867528498447 0.07700565703784273 0.0 49 5 0 26]
[4.1588830833596715 'Spatial' 1 1.2057867528498447 0.07700565703784273
 3.7288135593220337 49 5 1 30]
[8.317766166719343 'Spatial' 1 1.2057867528498447 0.07700565703784273
 3.2203389830508473 49 5 2 54]
[12.476649250079014 'Spatial' 1 1.2057867528498447 0.07700565703784273
 2.8813559322033897 49 5 3 14]
[16.330931479963244 'Spatial' 1 1.2057867528498447 0.07700565703784273
 1.7457627118644066 49 5 4 7]
[19.694729823272034 'Spatial' 1 1.2057867528498447 0.07700565703784273
 1.7796610169491525 49 5 5 6]
[22.404919996302894 'Spatial' 1 1.2057867528498447 0.07700565703784273
 1.5762711864406778 49 5 6 15]
[24.878858767715087 'Spatial' 1 1.2057867528498447 0.07700565703784273
 1.5254237288135593 49 5 7 23]
[27.65014667904738 'Spatial' 1 1.2057867528498447 0.07700565703784273
 1.5762711864406778 49 5 8 15]
[29.360657075975613 'Spatial' 1 1.2057867528498447 0.07700565703784273
 1.4406779661016949 49 5 9 7]
[30.926374929604187 'Spatial' 1 1.2057867528498447 0.07700565703784273
 1.4406779661016949 49 5 10 7]
[32.17771723299194 'Spatial' 1 1.2057867528498447 0.07700565703784273
 1.3559322033898304 49 5 11 6]
[33.933113508521835 'Spatial' 1 1.2057867528498447 0.07700565703784273
 1.3389830508474576 49 5 12 14]
[35.9494548831454 'Spatial' 1 1.2057867528498447 0.07700565703784273
 1.271186440677966 49 5 13 7]
[37.17561203443317 'Spatial' 1 1.2057867528498447 0.07700565703784273
 1.2372881355932202 49 5 14 7]
[38.31808038061363 'Spatial' 1 1.2057867528498447 0.07700565703784273
 1.1016949152542372 49 5 15 7]
[39.385893409982614 'Spatial' 1 1.2057867528498447 0.07700565703784273
 1.0169491525423728 49 5 16 7]
[40.426796071074065 'Spatial' 1 1.2057867528498447 0.07700565703784273
 0.9322033898305084 49 5 17 7]
[41.48218619000257 'Spatial' 1 1.2057867528498447 0.07700565703784273
 0.8983050847457626 49 5 18 7]
[42.682822056707074 'Spatial' 1 1.2057867528498447 0.07700565703784273
 0.847457627118644 49 5 19 7]
[0.0 'Spatial' 1 1.2057867528498447 0.07700565703784273 0.0 49 6 0 26]
[4.1588830833596715 'Spatial' 1 1.2057867528498447 0.07700565703784273
 3.7288135593220337 49 6 1 30]
[8.317766166719343 'Spatial' 1 1.2057867528498447 0.07700565703784273
 3.2203389830508473 49 6 2 54]
[12.476649250079014 'Spatial' 1 1.2057867528498447 0.07700565703784273
 2.8813559322033897 49 6 3 14]
[16.330931479963244 'Spatial' 1 1.2057867528498447 0.07700565703784273
 1.7457627118644066 49 6 4 7]
[19.694729823272034 'Spatial' 1 1.2057867528498447 0.07700565703784273
 1.7796610169491525 49 6 5 6]
[22.404919996302894 'Spatial' 1 1.2057867528498447 0.07700565703784273
 1.5762711864406778 49 6 6 15]
[24.878858767715087 'Spatial' 1 1.2057867528498447 0.07700565703784273
 1.5254237288135593 49 6 7 23]
[27.65014667904738 'Spatial' 1 1.2057867528498447 0.07700565703784273
 1.5762711864406778 49 6 8 15]
[29.360657075975613 'Spatial' 1 1.2057867528498447 0.07700565703784273
 1.4406779661016949 49 6 9 7]
[30.926374929604187 'Spatial' 1 1.2057867528498447 0.07700565703784273
 1.4406779661016949 49 6 10 7]
[32.17771723299194 'Spatial' 1 1.2057867528498447 0.07700565703784273
 1.3559322033898304 49 6 11 6]
[33.933113508521835 'Spatial' 1 1.2057867528498447 0.07700565703784273
 1.3389830508474576 49 6 12 14]
[35.9494548831454 'Spatial' 1 1.2057867528498447 0.07700565703784273
 1.271186440677966 49 6 13 7]
[37.17561203443317 'Spatial' 1 1.2057867528498447 0.07700565703784273
 1.2372881355932202 49 6 14 7]
[38.31808038061363 'Spatial' 1 1.2057867528498447 0.07700565703784273
 1.1016949152542372 49 6 15 7]
[39.385893409982614 'Spatial' 1 1.2057867528498447 0.07700565703784273
 1.0169491525423728 49 6 16 7]
[40.426796071074065 'Spatial' 1 1.2057867528498447 0.07700565703784273
 0.9322033898305084 49 6 17 7]
[41.48218619000257 'Spatial' 1 1.2057867528498447 0.07700565703784273
 0.8983050847457626 49 6 18 7]
[42.682822056707074 'Spatial' 1 1.2057867528498447 0.07700565703784273
 0.847457627118644 49 6 19 7]
[0.0 'Spatial' 1 1.2057867528498447 0.07700565703784273 0.0 49 7 0 26]
[4.1588830833596715 'Spatial' 1 1.2057867528498447 0.07700565703784273
 3.7288135593220337 49 7 1 30]
[8.317766166719343 'Spatial' 1 1.2057867528498447 0.07700565703784273
 3.2203389830508473 49 7 2 54]
[12.476649250079014 'Spatial' 1 1.2057867528498447 0.07700565703784273
 2.8813559322033897 49 7 3 14]
[16.330931479963244 'Spatial' 1 1.2057867528498447 0.07700565703784273
 1.7457627118644066 49 7 4 7]
[19.694729823272034 'Spatial' 1 1.2057867528498447 0.07700565703784273
 1.7796610169491525 49 7 5 6]
[22.404919996302894 'Spatial' 1 1.2057867528498447 0.07700565703784273
 1.5762711864406778 49 7 6 15]
[24.878858767715087 'Spatial' 1 1.2057867528498447 0.07700565703784273
 1.5254237288135593 49 7 7 23]
[27.65014667904738 'Spatial' 1 1.2057867528498447 0.07700565703784273
 1.5762711864406778 49 7 8 15]
[29.360657075975613 'Spatial' 1 1.2057867528498447 0.07700565703784273
 1.4406779661016949 49 7 9 7]
[30.926374929604187 'Spatial' 1 1.2057867528498447 0.07700565703784273
 1.4406779661016949 49 7 10 7]
[32.17771723299194 'Spatial' 1 1.2057867528498447 0.07700565703784273
 1.3559322033898304 49 7 11 6]
[33.933113508521835 'Spatial' 1 1.2057867528498447 0.07700565703784273
 1.3389830508474576 49 7 12 14]
[35.9494548831454 'Spatial' 1 1.2057867528498447 0.07700565703784273
 1.271186440677966 49 7 13 7]
[37.17561203443317 'Spatial' 1 1.2057867528498447 0.07700565703784273
 1.2372881355932202 49 7 14 7]
[38.31808038061363 'Spatial' 1 1.2057867528498447 0.07700565703784273
 1.1016949152542372 49 7 15 7]
[39.385893409982614 'Spatial' 1 1.2057867528498447 0.07700565703784273
 1.0169491525423728 49 7 16 7]
[40.426796071074065 'Spatial' 1 1.2057867528498447 0.07700565703784273
 0.9322033898305084 49 7 17 7]
[41.48218619000257 'Spatial' 1 1.2057867528498447 0.07700565703784273
 0.8983050847457626 49 7 18 7]
[42.682822056707074 'Spatial' 1 1.2057867528498447 0.07700565703784273
 0.847457627118644 49 7 19 7]
[0.0 'Spatial' 1 1.2057867528498447 0.07700565703784273 0.0 49 8 0 26]
[4.1588830833596715 'Spatial' 1 1.2057867528498447 0.07700565703784273
 3.7288135593220337 49 8 1 30]
[8.317766166719343 'Spatial' 1 1.2057867528498447 0.07700565703784273
 3.2203389830508473 49 8 2 54]
[12.476649250079014 'Spatial' 1 1.2057867528498447 0.07700565703784273
 2.8813559322033897 49 8 3 14]
[16.330931479963244 'Spatial' 1 1.2057867528498447 0.07700565703784273
 1.7457627118644066 49 8 4 7]
[19.694729823272034 'Spatial' 1 1.2057867528498447 0.07700565703784273
 1.7796610169491525 49 8 5 6]
[22.404919996302894 'Spatial' 1 1.2057867528498447 0.07700565703784273
 1.5762711864406778 49 8 6 15]
[24.878858767715087 'Spatial' 1 1.2057867528498447 0.07700565703784273
 1.5254237288135593 49 8 7 23]
[27.65014667904738 'Spatial' 1 1.2057867528498447 0.07700565703784273
 1.5762711864406778 49 8 8 15]
[29.360657075975613 'Spatial' 1 1.2057867528498447 0.07700565703784273
 1.4406779661016949 49 8 9 7]
[30.926374929604187 'Spatial' 1 1.2057867528498447 0.07700565703784273
 1.4406779661016949 49 8 10 7]
[32.17771723299194 'Spatial' 1 1.2057867528498447 0.07700565703784273
 1.3559322033898304 49 8 11 6]
[33.933113508521835 'Spatial' 1 1.2057867528498447 0.07700565703784273
 1.3389830508474576 49 8 12 14]
[35.9494548831454 'Spatial' 1 1.2057867528498447 0.07700565703784273
 1.271186440677966 49 8 13 7]
[37.17561203443317 'Spatial' 1 1.2057867528498447 0.07700565703784273
 1.2372881355932202 49 8 14 7]
[38.31808038061363 'Spatial' 1 1.2057867528498447 0.07700565703784273
 1.1016949152542372 49 8 15 7]
[39.385893409982614 'Spatial' 1 1.2057867528498447 0.07700565703784273
 1.0169491525423728 49 8 16 7]
[40.426796071074065 'Spatial' 1 1.2057867528498447 0.07700565703784273
 0.9322033898305084 49 8 17 7]
[41.48218619000257 'Spatial' 1 1.2057867528498447 0.07700565703784273
 0.8983050847457626 49 8 18 7]
[42.682822056707074 'Spatial' 1 1.2057867528498447 0.07700565703784273
 0.847457627118644 49 8 19 7]
