[0.0 'Spatial' 1 1.1434472194490608 3.7412900538306876e-06 0.0 31 0 0 63]
[4.158800170407655 'Spatial' 1 1.1434472194490608 3.7412900538306876e-06
 0.20677966101694914 31 0 1 63]
[8.317600247908635 'Spatial' 1 1.1434472194490608 3.7412900538306876e-06
 0.20677966101694914 31 0 2 7]
[12.21992743173109 'Spatial' 1 1.1434472194490608 3.7412900538306876e-06
 0.20677966101694914 31 0 3 7]
[15.588172890253702 'Spatial' 1 1.1434472194490608 3.7412900538306876e-06
 0.1694915254237288 31 0 4 0]
[19.758269329166826 'Spatial' 1 1.1434472194490608 3.7412900538306876e-06
 0.20677966101694914 31 0 5 7]
[22.604116913315828 'Spatial' 1 1.1434472194490608 3.7412900538306876e-06
 0.1694915254237288 31 0 6 63]
[26.78266141847173 'Spatial' 1 1.1434472194490608 3.7412900538306876e-06
 0.1694915254237288 31 0 7 56]
[30.669864093062806 'Spatial' 1 1.1434472194490608 3.7412900538306876e-06
 0.1694915254237288 31 0 8 56]
[33.901348104310735 'Spatial' 1 1.1434472194490608 3.7412900538306876e-06
 0.1694915254237288 31 0 9 57]
[37.42840935326674 'Spatial' 1 1.1434472194490608 3.7412900538306876e-06
 0.7627118644067796 31 0 10 58]
[40.916707776259685 'Spatial' 1 1.1434472194490608 3.7412900538306876e-06
 0.8983050847457626 31 0 11 59]
[44.534641538191664 'Spatial' 1 1.1434472194490608 3.7412900538306876e-06
 0.8983050847457626 31 0 12 57]
[46.569627090287625 'Spatial' 1 1.1434472194490608 3.7412900538306876e-06
 0.9322033898305084 31 0 13 48]
[49.89776632753991 'Spatial' 1 1.1434472194490608 3.7412900538306876e-06
 0.9999999999999999 31 0 14 57]
[51.422813936245255 'Spatial' 1 1.1434472194490608 3.7412900538306876e-06
 0.9322033898305084 31 0 15 57]
[52.636961693984695 'Spatial' 1 1.1434472194490608 3.7412900538306876e-06
 0.8983050847457626 31 0 16 57]
[53.67084842589114 'Spatial' 1 1.1434472194490608 3.7412900538306876e-06
 0.8305084745762711 31 0 17 57]
[54.72291005559574 'Spatial' 1 1.1434472194490608 3.7412900538306876e-06
 0.7288135593220338 31 0 18 58]
[57.37803220344148 'Spatial' 1 1.1434472194490608 3.7412900538306876e-06
 0.7288135593220338 31 0 19 57]
[0.0 'Spatial' 1 1.1434472194490608 3.7412900538306876e-06 0.0 31 1 0 63]
[4.158800170407655 'Spatial' 1 1.1434472194490608 3.7412900538306876e-06
 0.20677966101694914 31 1 1 63]
[8.317600247908635 'Spatial' 1 1.1434472194490608 3.7412900538306876e-06
 0.20677966101694914 31 1 2 7]
[12.21992743173109 'Spatial' 1 1.1434472194490608 3.7412900538306876e-06
 0.20677966101694914 31 1 3 7]
[15.588172890253702 'Spatial' 1 1.1434472194490608 3.7412900538306876e-06
 0.1694915254237288 31 1 4 0]
[19.758269329166826 'Spatial' 1 1.1434472194490608 3.7412900538306876e-06
 0.20677966101694914 31 1 5 7]
[22.604116913315828 'Spatial' 1 1.1434472194490608 3.7412900538306876e-06
 0.1694915254237288 31 1 6 63]
[26.78266141847173 'Spatial' 1 1.1434472194490608 3.7412900538306876e-06
 0.1694915254237288 31 1 7 56]
[30.669864093062806 'Spatial' 1 1.1434472194490608 3.7412900538306876e-06
 0.1694915254237288 31 1 8 56]
[33.901348104310735 'Spatial' 1 1.1434472194490608 3.7412900538306876e-06
 0.1694915254237288 31 1 9 57]
[37.42840935326674 'Spatial' 1 1.1434472194490608 3.7412900538306876e-06
 0.7627118644067796 31 1 10 58]
[40.916707776259685 'Spatial' 1 1.1434472194490608 3.7412900538306876e-06
 0.8983050847457626 31 1 11 59]
[44.534641538191664 'Spatial' 1 1.1434472194490608 3.7412900538306876e-06
 0.8983050847457626 31 1 12 57]
[46.569627090287625 'Spatial' 1 1.1434472194490608 3.7412900538306876e-06
 0.9322033898305084 31 1 13 48]
[49.89776632753991 'Spatial' 1 1.1434472194490608 3.7412900538306876e-06
 0.9999999999999999 31 1 14 57]
[51.422813936245255 'Spatial' 1 1.1434472194490608 3.7412900538306876e-06
 0.9322033898305084 31 1 15 57]
[52.636961693984695 'Spatial' 1 1.1434472194490608 3.7412900538306876e-06
 0.8983050847457626 31 1 16 57]
[53.67084842589114 'Spatial' 1 1.1434472194490608 3.7412900538306876e-06
 0.8305084745762711 31 1 17 57]
[54.72291005559574 'Spatial' 1 1.1434472194490608 3.7412900538306876e-06
 0.7288135593220338 31 1 18 58]
[57.37803220344148 'Spatial' 1 1.1434472194490608 3.7412900538306876e-06
 0.7288135593220338 31 1 19 57]
[0.0 'Spatial' 1 1.1434472194490608 3.7412900538306876e-06 0.0 31 2 0 63]
[4.158800170407655 'Spatial' 1 1.1434472194490608 3.7412900538306876e-06
 0.20677966101694914 31 2 1 63]
[8.317600247908635 'Spatial' 1 1.1434472194490608 3.7412900538306876e-06
 0.20677966101694914 31 2 2 7]
[12.21992743173109 'Spatial' 1 1.1434472194490608 3.7412900538306876e-06
 0.20677966101694914 31 2 3 7]
[15.588172890253702 'Spatial' 1 1.1434472194490608 3.7412900538306876e-06
 0.1694915254237288 31 2 4 0]
[19.758269329166826 'Spatial' 1 1.1434472194490608 3.7412900538306876e-06
 0.20677966101694914 31 2 5 7]
[22.604116913315828 'Spatial' 1 1.1434472194490608 3.7412900538306876e-06
 0.1694915254237288 31 2 6 63]
[26.78266141847173 'Spatial' 1 1.1434472194490608 3.7412900538306876e-06
 0.1694915254237288 31 2 7 56]
[30.669864093062806 'Spatial' 1 1.1434472194490608 3.7412900538306876e-06
 0.1694915254237288 31 2 8 56]
[33.901348104310735 'Spatial' 1 1.1434472194490608 3.7412900538306876e-06
 0.1694915254237288 31 2 9 57]
[37.42840935326674 'Spatial' 1 1.1434472194490608 3.7412900538306876e-06
 0.7627118644067796 31 2 10 58]
[40.916707776259685 'Spatial' 1 1.1434472194490608 3.7412900538306876e-06
 0.8983050847457626 31 2 11 59]
[44.534641538191664 'Spatial' 1 1.1434472194490608 3.7412900538306876e-06
 0.8983050847457626 31 2 12 57]
[46.569627090287625 'Spatial' 1 1.1434472194490608 3.7412900538306876e-06
 0.9322033898305084 31 2 13 48]
[49.89776632753991 'Spatial' 1 1.1434472194490608 3.7412900538306876e-06
 0.9999999999999999 31 2 14 57]
[51.422813936245255 'Spatial' 1 1.1434472194490608 3.7412900538306876e-06
 0.9322033898305084 31 2 15 57]
[52.636961693984695 'Spatial' 1 1.1434472194490608 3.7412900538306876e-06
 0.8983050847457626 31 2 16 57]
[53.67084842589114 'Spatial' 1 1.1434472194490608 3.7412900538306876e-06
 0.8305084745762711 31 2 17 57]
[54.72291005559574 'Spatial' 1 1.1434472194490608 3.7412900538306876e-06
 0.7288135593220338 31 2 18 58]
[57.37803220344148 'Spatial' 1 1.1434472194490608 3.7412900538306876e-06
 0.7288135593220338 31 2 19 57]
[0.0 'Spatial' 1 1.1434472194490608 3.7412900538306876e-06 0.0 31 3 0 63]
[4.158800170407655 'Spatial' 1 1.1434472194490608 3.7412900538306876e-06
 0.20677966101694914 31 3 1 63]
[8.317600247908635 'Spatial' 1 1.1434472194490608 3.7412900538306876e-06
 0.20677966101694914 31 3 2 7]
[12.21992743173109 'Spatial' 1 1.1434472194490608 3.7412900538306876e-06
 0.20677966101694914 31 3 3 7]
[15.588172890253702 'Spatial' 1 1.1434472194490608 3.7412900538306876e-06
 0.1694915254237288 31 3 4 0]
[19.758269329166826 'Spatial' 1 1.1434472194490608 3.7412900538306876e-06
 0.20677966101694914 31 3 5 7]
[22.604116913315828 'Spatial' 1 1.1434472194490608 3.7412900538306876e-06
 0.1694915254237288 31 3 6 63]
[26.78266141847173 'Spatial' 1 1.1434472194490608 3.7412900538306876e-06
 0.1694915254237288 31 3 7 56]
[30.669864093062806 'Spatial' 1 1.1434472194490608 3.7412900538306876e-06
 0.1694915254237288 31 3 8 56]
[33.901348104310735 'Spatial' 1 1.1434472194490608 3.7412900538306876e-06
 0.1694915254237288 31 3 9 57]
[37.42840935326674 'Spatial' 1 1.1434472194490608 3.7412900538306876e-06
 0.7627118644067796 31 3 10 58]
[40.916707776259685 'Spatial' 1 1.1434472194490608 3.7412900538306876e-06
 0.8983050847457626 31 3 11 59]
[44.534641538191664 'Spatial' 1 1.1434472194490608 3.7412900538306876e-06
 0.8983050847457626 31 3 12 57]
[46.569627090287625 'Spatial' 1 1.1434472194490608 3.7412900538306876e-06
 0.9322033898305084 31 3 13 48]
[49.89776632753991 'Spatial' 1 1.1434472194490608 3.7412900538306876e-06
 0.9999999999999999 31 3 14 57]
[51.422813936245255 'Spatial' 1 1.1434472194490608 3.7412900538306876e-06
 0.9322033898305084 31 3 15 57]
[52.636961693984695 'Spatial' 1 1.1434472194490608 3.7412900538306876e-06
 0.8983050847457626 31 3 16 57]
[53.67084842589114 'Spatial' 1 1.1434472194490608 3.7412900538306876e-06
 0.8305084745762711 31 3 17 57]
[54.72291005559574 'Spatial' 1 1.1434472194490608 3.7412900538306876e-06
 0.7288135593220338 31 3 18 58]
[57.37803220344148 'Spatial' 1 1.1434472194490608 3.7412900538306876e-06
 0.7288135593220338 31 3 19 57]
[0.0 'Spatial' 1 1.1434472194490608 3.7412900538306876e-06 0.0 31 4 0 63]
[4.158800170407655 'Spatial' 1 1.1434472194490608 3.7412900538306876e-06
 0.20677966101694914 31 4 1 63]
[8.317600247908635 'Spatial' 1 1.1434472194490608 3.7412900538306876e-06
 0.20677966101694914 31 4 2 7]
[12.21992743173109 'Spatial' 1 1.1434472194490608 3.7412900538306876e-06
 0.20677966101694914 31 4 3 7]
[15.588172890253702 'Spatial' 1 1.1434472194490608 3.7412900538306876e-06
 0.1694915254237288 31 4 4 0]
[19.758269329166826 'Spatial' 1 1.1434472194490608 3.7412900538306876e-06
 0.20677966101694914 31 4 5 7]
[22.604116913315828 'Spatial' 1 1.1434472194490608 3.7412900538306876e-06
 0.1694915254237288 31 4 6 63]
[26.78266141847173 'Spatial' 1 1.1434472194490608 3.7412900538306876e-06
 0.1694915254237288 31 4 7 56]
[30.669864093062806 'Spatial' 1 1.1434472194490608 3.7412900538306876e-06
 0.1694915254237288 31 4 8 56]
[33.901348104310735 'Spatial' 1 1.1434472194490608 3.7412900538306876e-06
 0.1694915254237288 31 4 9 57]
[37.42840935326674 'Spatial' 1 1.1434472194490608 3.7412900538306876e-06
 0.7627118644067796 31 4 10 58]
[40.916707776259685 'Spatial' 1 1.1434472194490608 3.7412900538306876e-06
 0.8983050847457626 31 4 11 59]
[44.534641538191664 'Spatial' 1 1.1434472194490608 3.7412900538306876e-06
 0.8983050847457626 31 4 12 57]
[46.569627090287625 'Spatial' 1 1.1434472194490608 3.7412900538306876e-06
 0.9322033898305084 31 4 13 48]
[49.89776632753991 'Spatial' 1 1.1434472194490608 3.7412900538306876e-06
 0.9999999999999999 31 4 14 57]
[51.422813936245255 'Spatial' 1 1.1434472194490608 3.7412900538306876e-06
 0.9322033898305084 31 4 15 57]
[52.636961693984695 'Spatial' 1 1.1434472194490608 3.7412900538306876e-06
 0.8983050847457626 31 4 16 57]
[53.67084842589114 'Spatial' 1 1.1434472194490608 3.7412900538306876e-06
 0.8305084745762711 31 4 17 57]
[54.72291005559574 'Spatial' 1 1.1434472194490608 3.7412900538306876e-06
 0.7288135593220338 31 4 18 58]
[57.37803220344148 'Spatial' 1 1.1434472194490608 3.7412900538306876e-06
 0.7288135593220338 31 4 19 57]
[0.0 'Spatial' 1 1.1434472194490608 3.7412900538306876e-06 0.0 31 5 0 63]
[4.158800170407655 'Spatial' 1 1.1434472194490608 3.7412900538306876e-06
 0.20677966101694914 31 5 1 63]
[8.317600247908635 'Spatial' 1 1.1434472194490608 3.7412900538306876e-06
 0.20677966101694914 31 5 2 7]
[12.21992743173109 'Spatial' 1 1.1434472194490608 3.7412900538306876e-06
 0.20677966101694914 31 5 3 7]
[15.588172890253702 'Spatial' 1 1.1434472194490608 3.7412900538306876e-06
 0.1694915254237288 31 5 4 0]
[19.758269329166826 'Spatial' 1 1.1434472194490608 3.7412900538306876e-06
 0.20677966101694914 31 5 5 7]
[22.604116913315828 'Spatial' 1 1.1434472194490608 3.7412900538306876e-06
 0.1694915254237288 31 5 6 63]
[26.78266141847173 'Spatial' 1 1.1434472194490608 3.7412900538306876e-06
 0.1694915254237288 31 5 7 56]
[30.669864093062806 'Spatial' 1 1.1434472194490608 3.7412900538306876e-06
 0.1694915254237288 31 5 8 56]
[33.901348104310735 'Spatial' 1 1.1434472194490608 3.7412900538306876e-06
 0.1694915254237288 31 5 9 57]
[37.42840935326674 'Spatial' 1 1.1434472194490608 3.7412900538306876e-06
 0.7627118644067796 31 5 10 58]
[40.916707776259685 'Spatial' 1 1.1434472194490608 3.7412900538306876e-06
 0.8983050847457626 31 5 11 59]
[44.534641538191664 'Spatial' 1 1.1434472194490608 3.7412900538306876e-06
 0.8983050847457626 31 5 12 57]
[46.569627090287625 'Spatial' 1 1.1434472194490608 3.7412900538306876e-06
 0.9322033898305084 31 5 13 48]
[49.89776632753991 'Spatial' 1 1.1434472194490608 3.7412900538306876e-06
 0.9999999999999999 31 5 14 57]
[51.422813936245255 'Spatial' 1 1.1434472194490608 3.7412900538306876e-06
 0.9322033898305084 31 5 15 57]
[52.636961693984695 'Spatial' 1 1.1434472194490608 3.7412900538306876e-06
 0.8983050847457626 31 5 16 57]
[53.67084842589114 'Spatial' 1 1.1434472194490608 3.7412900538306876e-06
 0.8305084745762711 31 5 17 57]
[54.72291005559574 'Spatial' 1 1.1434472194490608 3.7412900538306876e-06
 0.7288135593220338 31 5 18 58]
[57.37803220344148 'Spatial' 1 1.1434472194490608 3.7412900538306876e-06
 0.7288135593220338 31 5 19 57]
[0.0 'Spatial' 1 1.1434472194490608 3.7412900538306876e-06 0.0 31 6 0 63]
[4.158800170407655 'Spatial' 1 1.1434472194490608 3.7412900538306876e-06
 0.20677966101694914 31 6 1 63]
[8.317600247908635 'Spatial' 1 1.1434472194490608 3.7412900538306876e-06
 0.20677966101694914 31 6 2 7]
[12.21992743173109 'Spatial' 1 1.1434472194490608 3.7412900538306876e-06
 0.20677966101694914 31 6 3 7]
[15.588172890253702 'Spatial' 1 1.1434472194490608 3.7412900538306876e-06
 0.1694915254237288 31 6 4 0]
[19.758269329166826 'Spatial' 1 1.1434472194490608 3.7412900538306876e-06
 0.20677966101694914 31 6 5 7]
[22.604116913315828 'Spatial' 1 1.1434472194490608 3.7412900538306876e-06
 0.1694915254237288 31 6 6 63]
[26.78266141847173 'Spatial' 1 1.1434472194490608 3.7412900538306876e-06
 0.1694915254237288 31 6 7 56]
[30.669864093062806 'Spatial' 1 1.1434472194490608 3.7412900538306876e-06
 0.1694915254237288 31 6 8 56]
[33.901348104310735 'Spatial' 1 1.1434472194490608 3.7412900538306876e-06
 0.1694915254237288 31 6 9 57]
[37.42840935326674 'Spatial' 1 1.1434472194490608 3.7412900538306876e-06
 0.7627118644067796 31 6 10 58]
[40.916707776259685 'Spatial' 1 1.1434472194490608 3.7412900538306876e-06
 0.8983050847457626 31 6 11 59]
[44.534641538191664 'Spatial' 1 1.1434472194490608 3.7412900538306876e-06
 0.8983050847457626 31 6 12 57]
[46.569627090287625 'Spatial' 1 1.1434472194490608 3.7412900538306876e-06
 0.9322033898305084 31 6 13 48]
[49.89776632753991 'Spatial' 1 1.1434472194490608 3.7412900538306876e-06
 0.9999999999999999 31 6 14 57]
[51.422813936245255 'Spatial' 1 1.1434472194490608 3.7412900538306876e-06
 0.9322033898305084 31 6 15 57]
[52.636961693984695 'Spatial' 1 1.1434472194490608 3.7412900538306876e-06
 0.8983050847457626 31 6 16 57]
[53.67084842589114 'Spatial' 1 1.1434472194490608 3.7412900538306876e-06
 0.8305084745762711 31 6 17 57]
[54.72291005559574 'Spatial' 1 1.1434472194490608 3.7412900538306876e-06
 0.7288135593220338 31 6 18 58]
[57.37803220344148 'Spatial' 1 1.1434472194490608 3.7412900538306876e-06
 0.7288135593220338 31 6 19 57]
[0.0 'Spatial' 1 1.1434472194490608 3.7412900538306876e-06 0.0 31 7 0 63]
[4.158800170407655 'Spatial' 1 1.1434472194490608 3.7412900538306876e-06
 0.20677966101694914 31 7 1 63]
[8.317600247908635 'Spatial' 1 1.1434472194490608 3.7412900538306876e-06
 0.20677966101694914 31 7 2 7]
[12.21992743173109 'Spatial' 1 1.1434472194490608 3.7412900538306876e-06
 0.20677966101694914 31 7 3 7]
[15.588172890253702 'Spatial' 1 1.1434472194490608 3.7412900538306876e-06
 0.1694915254237288 31 7 4 0]
[19.758269329166826 'Spatial' 1 1.1434472194490608 3.7412900538306876e-06
 0.20677966101694914 31 7 5 7]
[22.604116913315828 'Spatial' 1 1.1434472194490608 3.7412900538306876e-06
 0.1694915254237288 31 7 6 63]
[26.78266141847173 'Spatial' 1 1.1434472194490608 3.7412900538306876e-06
 0.1694915254237288 31 7 7 56]
[30.669864093062806 'Spatial' 1 1.1434472194490608 3.7412900538306876e-06
 0.1694915254237288 31 7 8 56]
[33.901348104310735 'Spatial' 1 1.1434472194490608 3.7412900538306876e-06
 0.1694915254237288 31 7 9 57]
[37.42840935326674 'Spatial' 1 1.1434472194490608 3.7412900538306876e-06
 0.7627118644067796 31 7 10 58]
[40.916707776259685 'Spatial' 1 1.1434472194490608 3.7412900538306876e-06
 0.8983050847457626 31 7 11 59]
[44.534641538191664 'Spatial' 1 1.1434472194490608 3.7412900538306876e-06
 0.8983050847457626 31 7 12 57]
[46.569627090287625 'Spatial' 1 1.1434472194490608 3.7412900538306876e-06
 0.9322033898305084 31 7 13 48]
[49.89776632753991 'Spatial' 1 1.1434472194490608 3.7412900538306876e-06
 0.9999999999999999 31 7 14 57]
[51.422813936245255 'Spatial' 1 1.1434472194490608 3.7412900538306876e-06
 0.9322033898305084 31 7 15 57]
[52.636961693984695 'Spatial' 1 1.1434472194490608 3.7412900538306876e-06
 0.8983050847457626 31 7 16 57]
[53.67084842589114 'Spatial' 1 1.1434472194490608 3.7412900538306876e-06
 0.8305084745762711 31 7 17 57]
[54.72291005559574 'Spatial' 1 1.1434472194490608 3.7412900538306876e-06
 0.7288135593220338 31 7 18 58]
[57.37803220344148 'Spatial' 1 1.1434472194490608 3.7412900538306876e-06
 0.7288135593220338 31 7 19 57]
[0.0 'Spatial' 1 1.1434472194490608 3.7412900538306876e-06 0.0 31 8 0 63]
[4.158800170407655 'Spatial' 1 1.1434472194490608 3.7412900538306876e-06
 0.20677966101694914 31 8 1 63]
[8.317600247908635 'Spatial' 1 1.1434472194490608 3.7412900538306876e-06
 0.20677966101694914 31 8 2 7]
[12.21992743173109 'Spatial' 1 1.1434472194490608 3.7412900538306876e-06
 0.20677966101694914 31 8 3 7]
[15.588172890253702 'Spatial' 1 1.1434472194490608 3.7412900538306876e-06
 0.1694915254237288 31 8 4 0]
[19.758269329166826 'Spatial' 1 1.1434472194490608 3.7412900538306876e-06
 0.20677966101694914 31 8 5 7]
[22.604116913315828 'Spatial' 1 1.1434472194490608 3.7412900538306876e-06
 0.1694915254237288 31 8 6 63]
[26.78266141847173 'Spatial' 1 1.1434472194490608 3.7412900538306876e-06
 0.1694915254237288 31 8 7 56]
[30.669864093062806 'Spatial' 1 1.1434472194490608 3.7412900538306876e-06
 0.1694915254237288 31 8 8 56]
[33.901348104310735 'Spatial' 1 1.1434472194490608 3.7412900538306876e-06
 0.1694915254237288 31 8 9 57]
[37.42840935326674 'Spatial' 1 1.1434472194490608 3.7412900538306876e-06
 0.7627118644067796 31 8 10 58]
[40.916707776259685 'Spatial' 1 1.1434472194490608 3.7412900538306876e-06
 0.8983050847457626 31 8 11 59]
[44.534641538191664 'Spatial' 1 1.1434472194490608 3.7412900538306876e-06
 0.8983050847457626 31 8 12 57]
[46.569627090287625 'Spatial' 1 1.1434472194490608 3.7412900538306876e-06
 0.9322033898305084 31 8 13 48]
[49.89776632753991 'Spatial' 1 1.1434472194490608 3.7412900538306876e-06
 0.9999999999999999 31 8 14 57]
[51.422813936245255 'Spatial' 1 1.1434472194490608 3.7412900538306876e-06
 0.9322033898305084 31 8 15 57]
[52.636961693984695 'Spatial' 1 1.1434472194490608 3.7412900538306876e-06
 0.8983050847457626 31 8 16 57]
[53.67084842589114 'Spatial' 1 1.1434472194490608 3.7412900538306876e-06
 0.8305084745762711 31 8 17 57]
[54.72291005559574 'Spatial' 1 1.1434472194490608 3.7412900538306876e-06
 0.7288135593220338 31 8 18 58]
[57.37803220344148 'Spatial' 1 1.1434472194490608 3.7412900538306876e-06
 0.7288135593220338 31 8 19 57]
