[0.0 'Spatial' 0 10.685554914888652 18.7390337301268 0.0 16 0 0 44]
[4.711694049288558 'Spatial' 0 10.685554914888652 18.7390337301268
 10.169491525423728 16 0 1 35]
[6.957150534231568 'Spatial' 0 10.685554914888652 18.7390337301268
 4.11864406779661 16 0 2 60]
[10.322016079264607 'Spatial' 0 10.685554914888652 18.7390337301268
 3.711864406779661 16 0 3 55]
[14.307770026617359 'Spatial' 0 10.685554914888652 18.7390337301268
 3.7796610169491522 16 0 4 7]
[19.62341401703693 'Spatial' 0 10.685554914888652 18.7390337301268
 3.6101694915254234 16 0 5 16]
[24.513659771791282 'Spatial' 0 10.685554914888652 18.7390337301268
 2.7627118644067794 16 0 6 4]
[28.4452739338534 'Spatial' 0 10.685554914888652 18.7390337301268
 2.2881355932203387 16 0 7 56]
[33.070535974172046 'Spatial' 0 10.685554914888652 18.7390337301268
 2.084745762711864 16 0 8 61]
[36.70953784803506 'Spatial' 0 10.685554914888652 18.7390337301268
 2.0338983050847457 16 0 9 59]
[40.38074672324503 'Spatial' 0 10.685554914888652 18.7390337301268
 2.016949152542373 16 0 10 63]
[44.21290344843278 'Spatial' 0 10.685554914888652 18.7390337301268
 2.016949152542373 16 0 11 8]
[47.170918473740635 'Spatial' 0 10.685554914888652 18.7390337301268
 1.9152542372881354 16 0 12 28]
[51.21418606555524 'Spatial' 0 10.685554914888652 18.7390337301268
 1.6779661016949152 16 0 13 61]
[54.55754112850872 'Spatial' 0 10.685554914888652 18.7390337301268
 1.6101694915254237 16 0 14 58]
[58.366582472468274 'Spatial' 0 10.685554914888652 18.7390337301268
 1.5762711864406778 16 0 15 59]
[61.466265913106874 'Spatial' 0 10.685554914888652 18.7390337301268
 1.5084745762711864 16 0 16 61]
[64.72662658732922 'Spatial' 0 10.685554914888652 18.7390337301268
 1.4406779661016949 16 0 17 62]
[68.06151135251534 'Spatial' 0 10.685554914888652 18.7390337301268
 1.406779661016949 16 0 18 58]
[71.04225407533772 'Spatial' 0 10.685554914888652 18.7390337301268
 1.3389830508474576 16 0 19 48]
[0.0 'Spatial' 0 10.685554914888652 18.7390337301268 0.0 16 1 0 44]
[4.711694049288558 'Spatial' 0 10.685554914888652 18.7390337301268
 10.169491525423728 16 1 1 35]
[6.957150534231568 'Spatial' 0 10.685554914888652 18.7390337301268
 4.11864406779661 16 1 2 60]
[10.322016079264607 'Spatial' 0 10.685554914888652 18.7390337301268
 3.711864406779661 16 1 3 55]
[14.307770026617359 'Spatial' 0 10.685554914888652 18.7390337301268
 3.7796610169491522 16 1 4 7]
[19.62341401703693 'Spatial' 0 10.685554914888652 18.7390337301268
 3.6101694915254234 16 1 5 16]
[24.513659771791282 'Spatial' 0 10.685554914888652 18.7390337301268
 2.7627118644067794 16 1 6 4]
[28.4452739338534 'Spatial' 0 10.685554914888652 18.7390337301268
 2.2881355932203387 16 1 7 56]
[33.070535974172046 'Spatial' 0 10.685554914888652 18.7390337301268
 2.084745762711864 16 1 8 61]
[36.70953784803506 'Spatial' 0 10.685554914888652 18.7390337301268
 2.0338983050847457 16 1 9 59]
[40.38074672324503 'Spatial' 0 10.685554914888652 18.7390337301268
 2.016949152542373 16 1 10 63]
[44.21290344843278 'Spatial' 0 10.685554914888652 18.7390337301268
 2.016949152542373 16 1 11 8]
[47.170918473740635 'Spatial' 0 10.685554914888652 18.7390337301268
 1.9152542372881354 16 1 12 28]
[51.21418606555524 'Spatial' 0 10.685554914888652 18.7390337301268
 1.6779661016949152 16 1 13 61]
[54.55754112850872 'Spatial' 0 10.685554914888652 18.7390337301268
 1.6101694915254237 16 1 14 58]
[58.366582472468274 'Spatial' 0 10.685554914888652 18.7390337301268
 1.5762711864406778 16 1 15 59]
[61.466265913106874 'Spatial' 0 10.685554914888652 18.7390337301268
 1.5084745762711864 16 1 16 61]
[64.72662658732922 'Spatial' 0 10.685554914888652 18.7390337301268
 1.4406779661016949 16 1 17 62]
[68.06151135251534 'Spatial' 0 10.685554914888652 18.7390337301268
 1.406779661016949 16 1 18 58]
[71.04225407533772 'Spatial' 0 10.685554914888652 18.7390337301268
 1.3389830508474576 16 1 19 48]
[0.0 'Spatial' 0 10.685554914888652 18.7390337301268 0.0 16 2 0 44]
[4.711694049288558 'Spatial' 0 10.685554914888652 18.7390337301268
 10.169491525423728 16 2 1 35]
[6.957150534231568 'Spatial' 0 10.685554914888652 18.7390337301268
 4.11864406779661 16 2 2 60]
[10.322016079264607 'Spatial' 0 10.685554914888652 18.7390337301268
 3.711864406779661 16 2 3 55]
[14.307770026617359 'Spatial' 0 10.685554914888652 18.7390337301268
 3.7796610169491522 16 2 4 7]
[19.62341401703693 'Spatial' 0 10.685554914888652 18.7390337301268
 3.6101694915254234 16 2 5 16]
[24.513659771791282 'Spatial' 0 10.685554914888652 18.7390337301268
 2.7627118644067794 16 2 6 4]
[28.4452739338534 'Spatial' 0 10.685554914888652 18.7390337301268
 2.2881355932203387 16 2 7 56]
[33.070535974172046 'Spatial' 0 10.685554914888652 18.7390337301268
 2.084745762711864 16 2 8 61]
[36.70953784803506 'Spatial' 0 10.685554914888652 18.7390337301268
 2.0338983050847457 16 2 9 59]
[40.38074672324503 'Spatial' 0 10.685554914888652 18.7390337301268
 2.016949152542373 16 2 10 63]
[44.21290344843278 'Spatial' 0 10.685554914888652 18.7390337301268
 2.016949152542373 16 2 11 8]
[47.170918473740635 'Spatial' 0 10.685554914888652 18.7390337301268
 1.9152542372881354 16 2 12 28]
[51.21418606555524 'Spatial' 0 10.685554914888652 18.7390337301268
 1.6779661016949152 16 2 13 61]
[54.55754112850872 'Spatial' 0 10.685554914888652 18.7390337301268
 1.6101694915254237 16 2 14 58]
[58.366582472468274 'Spatial' 0 10.685554914888652 18.7390337301268
 1.5762711864406778 16 2 15 59]
[61.466265913106874 'Spatial' 0 10.685554914888652 18.7390337301268
 1.5084745762711864 16 2 16 61]
[64.72662658732922 'Spatial' 0 10.685554914888652 18.7390337301268
 1.4406779661016949 16 2 17 62]
[68.06151135251534 'Spatial' 0 10.685554914888652 18.7390337301268
 1.406779661016949 16 2 18 58]
[71.04225407533772 'Spatial' 0 10.685554914888652 18.7390337301268
 1.3389830508474576 16 2 19 48]
[0.0 'Spatial' 0 10.685554914888652 18.7390337301268 0.0 16 3 0 44]
[4.711694049288558 'Spatial' 0 10.685554914888652 18.7390337301268
 10.169491525423728 16 3 1 35]
[6.957150534231568 'Spatial' 0 10.685554914888652 18.7390337301268
 4.11864406779661 16 3 2 60]
[10.322016079264607 'Spatial' 0 10.685554914888652 18.7390337301268
 3.711864406779661 16 3 3 55]
[14.307770026617359 'Spatial' 0 10.685554914888652 18.7390337301268
 3.7796610169491522 16 3 4 7]
[19.62341401703693 'Spatial' 0 10.685554914888652 18.7390337301268
 3.6101694915254234 16 3 5 16]
[24.513659771791282 'Spatial' 0 10.685554914888652 18.7390337301268
 2.7627118644067794 16 3 6 4]
[28.4452739338534 'Spatial' 0 10.685554914888652 18.7390337301268
 2.2881355932203387 16 3 7 56]
[33.070535974172046 'Spatial' 0 10.685554914888652 18.7390337301268
 2.084745762711864 16 3 8 61]
[36.70953784803506 'Spatial' 0 10.685554914888652 18.7390337301268
 2.0338983050847457 16 3 9 59]
[40.38074672324503 'Spatial' 0 10.685554914888652 18.7390337301268
 2.016949152542373 16 3 10 63]
[44.21290344843278 'Spatial' 0 10.685554914888652 18.7390337301268
 2.016949152542373 16 3 11 8]
[47.170918473740635 'Spatial' 0 10.685554914888652 18.7390337301268
 1.9152542372881354 16 3 12 28]
[51.21418606555524 'Spatial' 0 10.685554914888652 18.7390337301268
 1.6779661016949152 16 3 13 61]
[54.55754112850872 'Spatial' 0 10.685554914888652 18.7390337301268
 1.6101694915254237 16 3 14 58]
[58.366582472468274 'Spatial' 0 10.685554914888652 18.7390337301268
 1.5762711864406778 16 3 15 59]
[61.466265913106874 'Spatial' 0 10.685554914888652 18.7390337301268
 1.5084745762711864 16 3 16 61]
[64.72662658732922 'Spatial' 0 10.685554914888652 18.7390337301268
 1.4406779661016949 16 3 17 62]
[68.06151135251534 'Spatial' 0 10.685554914888652 18.7390337301268
 1.406779661016949 16 3 18 58]
[71.04225407533772 'Spatial' 0 10.685554914888652 18.7390337301268
 1.3389830508474576 16 3 19 48]
[0.0 'Spatial' 0 10.685554914888652 18.7390337301268 0.0 16 4 0 44]
[4.711694049288558 'Spatial' 0 10.685554914888652 18.7390337301268
 10.169491525423728 16 4 1 35]
[6.957150534231568 'Spatial' 0 10.685554914888652 18.7390337301268
 4.11864406779661 16 4 2 60]
[10.322016079264607 'Spatial' 0 10.685554914888652 18.7390337301268
 3.711864406779661 16 4 3 55]
[14.307770026617359 'Spatial' 0 10.685554914888652 18.7390337301268
 3.7796610169491522 16 4 4 7]
[19.62341401703693 'Spatial' 0 10.685554914888652 18.7390337301268
 3.6101694915254234 16 4 5 16]
[24.513659771791282 'Spatial' 0 10.685554914888652 18.7390337301268
 2.7627118644067794 16 4 6 4]
[28.4452739338534 'Spatial' 0 10.685554914888652 18.7390337301268
 2.2881355932203387 16 4 7 56]
[33.070535974172046 'Spatial' 0 10.685554914888652 18.7390337301268
 2.084745762711864 16 4 8 61]
[36.70953784803506 'Spatial' 0 10.685554914888652 18.7390337301268
 2.0338983050847457 16 4 9 59]
[40.38074672324503 'Spatial' 0 10.685554914888652 18.7390337301268
 2.016949152542373 16 4 10 63]
[44.21290344843278 'Spatial' 0 10.685554914888652 18.7390337301268
 2.016949152542373 16 4 11 8]
[47.170918473740635 'Spatial' 0 10.685554914888652 18.7390337301268
 1.9152542372881354 16 4 12 28]
[51.21418606555524 'Spatial' 0 10.685554914888652 18.7390337301268
 1.6779661016949152 16 4 13 61]
[54.55754112850872 'Spatial' 0 10.685554914888652 18.7390337301268
 1.6101694915254237 16 4 14 58]
[58.366582472468274 'Spatial' 0 10.685554914888652 18.7390337301268
 1.5762711864406778 16 4 15 59]
[61.466265913106874 'Spatial' 0 10.685554914888652 18.7390337301268
 1.5084745762711864 16 4 16 61]
[64.72662658732922 'Spatial' 0 10.685554914888652 18.7390337301268
 1.4406779661016949 16 4 17 62]
[68.06151135251534 'Spatial' 0 10.685554914888652 18.7390337301268
 1.406779661016949 16 4 18 58]
[71.04225407533772 'Spatial' 0 10.685554914888652 18.7390337301268
 1.3389830508474576 16 4 19 48]
[0.0 'Spatial' 0 10.685554914888652 18.7390337301268 0.0 16 5 0 44]
[4.711694049288558 'Spatial' 0 10.685554914888652 18.7390337301268
 10.169491525423728 16 5 1 35]
[6.957150534231568 'Spatial' 0 10.685554914888652 18.7390337301268
 4.11864406779661 16 5 2 60]
[10.322016079264607 'Spatial' 0 10.685554914888652 18.7390337301268
 3.711864406779661 16 5 3 55]
[14.307770026617359 'Spatial' 0 10.685554914888652 18.7390337301268
 3.7796610169491522 16 5 4 7]
[19.62341401703693 'Spatial' 0 10.685554914888652 18.7390337301268
 3.6101694915254234 16 5 5 16]
[24.513659771791282 'Spatial' 0 10.685554914888652 18.7390337301268
 2.7627118644067794 16 5 6 4]
[28.4452739338534 'Spatial' 0 10.685554914888652 18.7390337301268
 2.2881355932203387 16 5 7 56]
[33.070535974172046 'Spatial' 0 10.685554914888652 18.7390337301268
 2.084745762711864 16 5 8 61]
[36.70953784803506 'Spatial' 0 10.685554914888652 18.7390337301268
 2.0338983050847457 16 5 9 59]
[40.38074672324503 'Spatial' 0 10.685554914888652 18.7390337301268
 2.016949152542373 16 5 10 63]
[44.21290344843278 'Spatial' 0 10.685554914888652 18.7390337301268
 2.016949152542373 16 5 11 8]
[47.170918473740635 'Spatial' 0 10.685554914888652 18.7390337301268
 1.9152542372881354 16 5 12 28]
[51.21418606555524 'Spatial' 0 10.685554914888652 18.7390337301268
 1.6779661016949152 16 5 13 61]
[54.55754112850872 'Spatial' 0 10.685554914888652 18.7390337301268
 1.6101694915254237 16 5 14 58]
[58.366582472468274 'Spatial' 0 10.685554914888652 18.7390337301268
 1.5762711864406778 16 5 15 59]
[61.466265913106874 'Spatial' 0 10.685554914888652 18.7390337301268
 1.5084745762711864 16 5 16 61]
[64.72662658732922 'Spatial' 0 10.685554914888652 18.7390337301268
 1.4406779661016949 16 5 17 62]
[68.06151135251534 'Spatial' 0 10.685554914888652 18.7390337301268
 1.406779661016949 16 5 18 58]
[71.04225407533772 'Spatial' 0 10.685554914888652 18.7390337301268
 1.3389830508474576 16 5 19 48]
[0.0 'Spatial' 0 10.685554914888652 18.7390337301268 0.0 16 6 0 44]
[4.711694049288558 'Spatial' 0 10.685554914888652 18.7390337301268
 10.169491525423728 16 6 1 35]
[6.957150534231568 'Spatial' 0 10.685554914888652 18.7390337301268
 4.11864406779661 16 6 2 60]
[10.322016079264607 'Spatial' 0 10.685554914888652 18.7390337301268
 3.711864406779661 16 6 3 55]
[14.307770026617359 'Spatial' 0 10.685554914888652 18.7390337301268
 3.7796610169491522 16 6 4 7]
[19.62341401703693 'Spatial' 0 10.685554914888652 18.7390337301268
 3.6101694915254234 16 6 5 16]
[24.513659771791282 'Spatial' 0 10.685554914888652 18.7390337301268
 2.7627118644067794 16 6 6 4]
[28.4452739338534 'Spatial' 0 10.685554914888652 18.7390337301268
 2.2881355932203387 16 6 7 56]
[33.070535974172046 'Spatial' 0 10.685554914888652 18.7390337301268
 2.084745762711864 16 6 8 61]
[36.70953784803506 'Spatial' 0 10.685554914888652 18.7390337301268
 2.0338983050847457 16 6 9 59]
[40.38074672324503 'Spatial' 0 10.685554914888652 18.7390337301268
 2.016949152542373 16 6 10 63]
[44.21290344843278 'Spatial' 0 10.685554914888652 18.7390337301268
 2.016949152542373 16 6 11 8]
[47.170918473740635 'Spatial' 0 10.685554914888652 18.7390337301268
 1.9152542372881354 16 6 12 28]
[51.21418606555524 'Spatial' 0 10.685554914888652 18.7390337301268
 1.6779661016949152 16 6 13 61]
[54.55754112850872 'Spatial' 0 10.685554914888652 18.7390337301268
 1.6101694915254237 16 6 14 58]
[58.366582472468274 'Spatial' 0 10.685554914888652 18.7390337301268
 1.5762711864406778 16 6 15 59]
[61.466265913106874 'Spatial' 0 10.685554914888652 18.7390337301268
 1.5084745762711864 16 6 16 61]
[64.72662658732922 'Spatial' 0 10.685554914888652 18.7390337301268
 1.4406779661016949 16 6 17 62]
[68.06151135251534 'Spatial' 0 10.685554914888652 18.7390337301268
 1.406779661016949 16 6 18 58]
[71.04225407533772 'Spatial' 0 10.685554914888652 18.7390337301268
 1.3389830508474576 16 6 19 48]
[0.0 'Spatial' 0 10.685554914888652 18.7390337301268 0.0 16 7 0 44]
[4.711694049288558 'Spatial' 0 10.685554914888652 18.7390337301268
 10.169491525423728 16 7 1 35]
[6.957150534231568 'Spatial' 0 10.685554914888652 18.7390337301268
 4.11864406779661 16 7 2 60]
[10.322016079264607 'Spatial' 0 10.685554914888652 18.7390337301268
 3.711864406779661 16 7 3 55]
[14.307770026617359 'Spatial' 0 10.685554914888652 18.7390337301268
 3.7796610169491522 16 7 4 7]
[19.62341401703693 'Spatial' 0 10.685554914888652 18.7390337301268
 3.6101694915254234 16 7 5 16]
[24.513659771791282 'Spatial' 0 10.685554914888652 18.7390337301268
 2.7627118644067794 16 7 6 4]
[28.4452739338534 'Spatial' 0 10.685554914888652 18.7390337301268
 2.2881355932203387 16 7 7 56]
[33.070535974172046 'Spatial' 0 10.685554914888652 18.7390337301268
 2.084745762711864 16 7 8 61]
[36.70953784803506 'Spatial' 0 10.685554914888652 18.7390337301268
 2.0338983050847457 16 7 9 59]
[40.38074672324503 'Spatial' 0 10.685554914888652 18.7390337301268
 2.016949152542373 16 7 10 63]
[44.21290344843278 'Spatial' 0 10.685554914888652 18.7390337301268
 2.016949152542373 16 7 11 8]
[47.170918473740635 'Spatial' 0 10.685554914888652 18.7390337301268
 1.9152542372881354 16 7 12 28]
[51.21418606555524 'Spatial' 0 10.685554914888652 18.7390337301268
 1.6779661016949152 16 7 13 61]
[54.55754112850872 'Spatial' 0 10.685554914888652 18.7390337301268
 1.6101694915254237 16 7 14 58]
[58.366582472468274 'Spatial' 0 10.685554914888652 18.7390337301268
 1.5762711864406778 16 7 15 59]
[61.466265913106874 'Spatial' 0 10.685554914888652 18.7390337301268
 1.5084745762711864 16 7 16 61]
[64.72662658732922 'Spatial' 0 10.685554914888652 18.7390337301268
 1.4406779661016949 16 7 17 62]
[68.06151135251534 'Spatial' 0 10.685554914888652 18.7390337301268
 1.406779661016949 16 7 18 58]
[71.04225407533772 'Spatial' 0 10.685554914888652 18.7390337301268
 1.3389830508474576 16 7 19 48]
[0.0 'Spatial' 0 10.685554914888652 18.7390337301268 0.0 16 8 0 44]
[4.711694049288558 'Spatial' 0 10.685554914888652 18.7390337301268
 10.169491525423728 16 8 1 35]
[6.957150534231568 'Spatial' 0 10.685554914888652 18.7390337301268
 4.11864406779661 16 8 2 60]
[10.322016079264607 'Spatial' 0 10.685554914888652 18.7390337301268
 3.711864406779661 16 8 3 55]
[14.307770026617359 'Spatial' 0 10.685554914888652 18.7390337301268
 3.7796610169491522 16 8 4 7]
[19.62341401703693 'Spatial' 0 10.685554914888652 18.7390337301268
 3.6101694915254234 16 8 5 16]
[24.513659771791282 'Spatial' 0 10.685554914888652 18.7390337301268
 2.7627118644067794 16 8 6 4]
[28.4452739338534 'Spatial' 0 10.685554914888652 18.7390337301268
 2.2881355932203387 16 8 7 56]
[33.070535974172046 'Spatial' 0 10.685554914888652 18.7390337301268
 2.084745762711864 16 8 8 61]
[36.70953784803506 'Spatial' 0 10.685554914888652 18.7390337301268
 2.0338983050847457 16 8 9 59]
[40.38074672324503 'Spatial' 0 10.685554914888652 18.7390337301268
 2.016949152542373 16 8 10 63]
[44.21290344843278 'Spatial' 0 10.685554914888652 18.7390337301268
 2.016949152542373 16 8 11 8]
[47.170918473740635 'Spatial' 0 10.685554914888652 18.7390337301268
 1.9152542372881354 16 8 12 28]
[51.21418606555524 'Spatial' 0 10.685554914888652 18.7390337301268
 1.6779661016949152 16 8 13 61]
[54.55754112850872 'Spatial' 0 10.685554914888652 18.7390337301268
 1.6101694915254237 16 8 14 58]
[58.366582472468274 'Spatial' 0 10.685554914888652 18.7390337301268
 1.5762711864406778 16 8 15 59]
[61.466265913106874 'Spatial' 0 10.685554914888652 18.7390337301268
 1.5084745762711864 16 8 16 61]
[64.72662658732922 'Spatial' 0 10.685554914888652 18.7390337301268
 1.4406779661016949 16 8 17 62]
[68.06151135251534 'Spatial' 0 10.685554914888652 18.7390337301268
 1.406779661016949 16 8 18 58]
[71.04225407533772 'Spatial' 0 10.685554914888652 18.7390337301268
 1.3389830508474576 16 8 19 48]
