[0.0 'Conceptual' 0 3.102504589187963 5.091244301098999 0.0 45 0 0 52]
[4.667370598090508 'Conceptual' 0 3.102504589187963 5.091244301098999
 10.169491525423728 45 0 1 11]
[6.945314866708719 'Conceptual' 0 3.102504589187963 5.091244301098999
 3.7457627118644066 45 0 2 4]
[9.245513804068061 'Conceptual' 0 3.102504589187963 5.091244301098999
 2.6271186440677963 45 0 3 5]
[10.67481693482498 'Conceptual' 0 3.102504589187963 5.091244301098999
 1.847457627118644 45 0 4 6]
[11.451724072074573 'Conceptual' 0 3.102504589187963 5.091244301098999
 1.6101694915254237 45 0 5 5]
[11.760459825252534 'Conceptual' 0 3.102504589187963 5.091244301098999
 1.4406779661016949 45 0 6 5]
[11.741033684264284 'Conceptual' 0 3.102504589187963 5.091244301098999
 1.3389830508474576 45 0 7 5]
[11.457647894647376 'Conceptual' 0 3.102504589187963 5.091244301098999
 1.1864406779661016 45 0 8 5]
[11.00209867671829 'Conceptual' 0 3.102504589187963 5.091244301098999
 1.0677966101694913 45 0 9 5]
[10.49858807588945 'Conceptual' 0 3.102504589187963 5.091244301098999
 1.0169491525423728 45 0 10 5]
[10.040418572284619 'Conceptual' 0 3.102504589187963 5.091244301098999
 0.9999999999999999 45 0 11 5]
[11.996823427232199 'Conceptual' 0 3.102504589187963 5.091244301098999
 1.0169491525423728 45 0 12 5]
[11.78380579974281 'Conceptual' 0 3.102504589187963 5.091244301098999
 1.0169491525423728 45 0 13 5]
[11.66616035102304 'Conceptual' 0 3.102504589187963 5.091244301098999
 1.0169491525423728 45 0 14 5]
[14.57590176876994 'Conceptual' 0 3.102504589187963 5.091244301098999
 1.0677966101694913 45 0 15 5]
[14.727665723635742 'Conceptual' 0 3.102504589187963 5.091244301098999
 1.0677966101694913 45 0 16 5]
[16.864832816266453 'Conceptual' 0 3.102504589187963 5.091244301098999
 1.1016949152542372 45 0 17 5]
[17.13463992522264 'Conceptual' 0 3.102504589187963 5.091244301098999
 1.1016949152542372 45 0 18 5]
[20.028899463688244 'Conceptual' 0 3.102504589187963 5.091244301098999
 1.1694915254237288 45 0 19 5]
[0.0 'Conceptual' 0 3.102504589187963 5.091244301098999 0.0 45 1 0 52]
[4.667370598090508 'Conceptual' 0 3.102504589187963 5.091244301098999
 10.169491525423728 45 1 1 11]
[6.945314866708719 'Conceptual' 0 3.102504589187963 5.091244301098999
 3.7457627118644066 45 1 2 4]
[9.245513804068061 'Conceptual' 0 3.102504589187963 5.091244301098999
 2.6271186440677963 45 1 3 5]
[10.67481693482498 'Conceptual' 0 3.102504589187963 5.091244301098999
 1.847457627118644 45 1 4 6]
[11.451724072074573 'Conceptual' 0 3.102504589187963 5.091244301098999
 1.6101694915254237 45 1 5 5]
[11.760459825252534 'Conceptual' 0 3.102504589187963 5.091244301098999
 1.4406779661016949 45 1 6 5]
[11.741033684264284 'Conceptual' 0 3.102504589187963 5.091244301098999
 1.3389830508474576 45 1 7 5]
[11.457647894647376 'Conceptual' 0 3.102504589187963 5.091244301098999
 1.1864406779661016 45 1 8 5]
[11.00209867671829 'Conceptual' 0 3.102504589187963 5.091244301098999
 1.0677966101694913 45 1 9 5]
[10.49858807588945 'Conceptual' 0 3.102504589187963 5.091244301098999
 1.0169491525423728 45 1 10 5]
[10.040418572284619 'Conceptual' 0 3.102504589187963 5.091244301098999
 0.9999999999999999 45 1 11 5]
[11.996823427232199 'Conceptual' 0 3.102504589187963 5.091244301098999
 1.0169491525423728 45 1 12 5]
[11.78380579974281 'Conceptual' 0 3.102504589187963 5.091244301098999
 1.0169491525423728 45 1 13 5]
[11.66616035102304 'Conceptual' 0 3.102504589187963 5.091244301098999
 1.0169491525423728 45 1 14 5]
[14.57590176876994 'Conceptual' 0 3.102504589187963 5.091244301098999
 1.0677966101694913 45 1 15 5]
[14.727665723635742 'Conceptual' 0 3.102504589187963 5.091244301098999
 1.0677966101694913 45 1 16 5]
[16.864832816266453 'Conceptual' 0 3.102504589187963 5.091244301098999
 1.1016949152542372 45 1 17 5]
[17.13463992522264 'Conceptual' 0 3.102504589187963 5.091244301098999
 1.1016949152542372 45 1 18 5]
[20.028899463688244 'Conceptual' 0 3.102504589187963 5.091244301098999
 1.1694915254237288 45 1 19 5]
[0.0 'Conceptual' 0 3.102504589187963 5.091244301098999 0.0 45 2 0 52]
[4.667370598090508 'Conceptual' 0 3.102504589187963 5.091244301098999
 10.169491525423728 45 2 1 11]
[6.945314866708719 'Conceptual' 0 3.102504589187963 5.091244301098999
 3.7457627118644066 45 2 2 4]
[9.245513804068061 'Conceptual' 0 3.102504589187963 5.091244301098999
 2.6271186440677963 45 2 3 5]
[10.67481693482498 'Conceptual' 0 3.102504589187963 5.091244301098999
 1.847457627118644 45 2 4 6]
[11.451724072074573 'Conceptual' 0 3.102504589187963 5.091244301098999
 1.6101694915254237 45 2 5 5]
[11.760459825252534 'Conceptual' 0 3.102504589187963 5.091244301098999
 1.4406779661016949 45 2 6 5]
[11.741033684264284 'Conceptual' 0 3.102504589187963 5.091244301098999
 1.3389830508474576 45 2 7 5]
[11.457647894647376 'Conceptual' 0 3.102504589187963 5.091244301098999
 1.1864406779661016 45 2 8 5]
[11.00209867671829 'Conceptual' 0 3.102504589187963 5.091244301098999
 1.0677966101694913 45 2 9 5]
[10.49858807588945 'Conceptual' 0 3.102504589187963 5.091244301098999
 1.0169491525423728 45 2 10 5]
[10.040418572284619 'Conceptual' 0 3.102504589187963 5.091244301098999
 0.9999999999999999 45 2 11 5]
[11.996823427232199 'Conceptual' 0 3.102504589187963 5.091244301098999
 1.0169491525423728 45 2 12 5]
[11.78380579974281 'Conceptual' 0 3.102504589187963 5.091244301098999
 1.0169491525423728 45 2 13 5]
[11.66616035102304 'Conceptual' 0 3.102504589187963 5.091244301098999
 1.0169491525423728 45 2 14 5]
[14.57590176876994 'Conceptual' 0 3.102504589187963 5.091244301098999
 1.0677966101694913 45 2 15 5]
[14.727665723635742 'Conceptual' 0 3.102504589187963 5.091244301098999
 1.0677966101694913 45 2 16 5]
[16.864832816266453 'Conceptual' 0 3.102504589187963 5.091244301098999
 1.1016949152542372 45 2 17 5]
[17.13463992522264 'Conceptual' 0 3.102504589187963 5.091244301098999
 1.1016949152542372 45 2 18 5]
[20.028899463688244 'Conceptual' 0 3.102504589187963 5.091244301098999
 1.1694915254237288 45 2 19 5]
[0.0 'Conceptual' 0 3.102504589187963 5.091244301098999 0.0 45 3 0 52]
[4.667370598090508 'Conceptual' 0 3.102504589187963 5.091244301098999
 10.169491525423728 45 3 1 11]
[6.945314866708719 'Conceptual' 0 3.102504589187963 5.091244301098999
 3.7457627118644066 45 3 2 4]
[9.245513804068061 'Conceptual' 0 3.102504589187963 5.091244301098999
 2.6271186440677963 45 3 3 5]
[10.67481693482498 'Conceptual' 0 3.102504589187963 5.091244301098999
 1.847457627118644 45 3 4 6]
[11.451724072074573 'Conceptual' 0 3.102504589187963 5.091244301098999
 1.6101694915254237 45 3 5 5]
[11.760459825252534 'Conceptual' 0 3.102504589187963 5.091244301098999
 1.4406779661016949 45 3 6 5]
[11.741033684264284 'Conceptual' 0 3.102504589187963 5.091244301098999
 1.3389830508474576 45 3 7 5]
[11.457647894647376 'Conceptual' 0 3.102504589187963 5.091244301098999
 1.1864406779661016 45 3 8 5]
[11.00209867671829 'Conceptual' 0 3.102504589187963 5.091244301098999
 1.0677966101694913 45 3 9 5]
[10.49858807588945 'Conceptual' 0 3.102504589187963 5.091244301098999
 1.0169491525423728 45 3 10 5]
[10.040418572284619 'Conceptual' 0 3.102504589187963 5.091244301098999
 0.9999999999999999 45 3 11 5]
[11.996823427232199 'Conceptual' 0 3.102504589187963 5.091244301098999
 1.0169491525423728 45 3 12 5]
[11.78380579974281 'Conceptual' 0 3.102504589187963 5.091244301098999
 1.0169491525423728 45 3 13 5]
[11.66616035102304 'Conceptual' 0 3.102504589187963 5.091244301098999
 1.0169491525423728 45 3 14 5]
[14.57590176876994 'Conceptual' 0 3.102504589187963 5.091244301098999
 1.0677966101694913 45 3 15 5]
[14.727665723635742 'Conceptual' 0 3.102504589187963 5.091244301098999
 1.0677966101694913 45 3 16 5]
[16.864832816266453 'Conceptual' 0 3.102504589187963 5.091244301098999
 1.1016949152542372 45 3 17 5]
[17.13463992522264 'Conceptual' 0 3.102504589187963 5.091244301098999
 1.1016949152542372 45 3 18 5]
[20.028899463688244 'Conceptual' 0 3.102504589187963 5.091244301098999
 1.1694915254237288 45 3 19 5]
[0.0 'Conceptual' 0 3.102504589187963 5.091244301098999 0.0 45 4 0 52]
[4.667370598090508 'Conceptual' 0 3.102504589187963 5.091244301098999
 10.169491525423728 45 4 1 11]
[6.945314866708719 'Conceptual' 0 3.102504589187963 5.091244301098999
 3.7457627118644066 45 4 2 4]
[9.245513804068061 'Conceptual' 0 3.102504589187963 5.091244301098999
 2.6271186440677963 45 4 3 5]
[10.67481693482498 'Conceptual' 0 3.102504589187963 5.091244301098999
 1.847457627118644 45 4 4 6]
[11.451724072074573 'Conceptual' 0 3.102504589187963 5.091244301098999
 1.6101694915254237 45 4 5 5]
[11.760459825252534 'Conceptual' 0 3.102504589187963 5.091244301098999
 1.4406779661016949 45 4 6 5]
[11.741033684264284 'Conceptual' 0 3.102504589187963 5.091244301098999
 1.3389830508474576 45 4 7 5]
[11.457647894647376 'Conceptual' 0 3.102504589187963 5.091244301098999
 1.1864406779661016 45 4 8 5]
[11.00209867671829 'Conceptual' 0 3.102504589187963 5.091244301098999
 1.0677966101694913 45 4 9 5]
[10.49858807588945 'Conceptual' 0 3.102504589187963 5.091244301098999
 1.0169491525423728 45 4 10 5]
[10.040418572284619 'Conceptual' 0 3.102504589187963 5.091244301098999
 0.9999999999999999 45 4 11 5]
[11.996823427232199 'Conceptual' 0 3.102504589187963 5.091244301098999
 1.0169491525423728 45 4 12 5]
[11.78380579974281 'Conceptual' 0 3.102504589187963 5.091244301098999
 1.0169491525423728 45 4 13 5]
[11.66616035102304 'Conceptual' 0 3.102504589187963 5.091244301098999
 1.0169491525423728 45 4 14 5]
[14.57590176876994 'Conceptual' 0 3.102504589187963 5.091244301098999
 1.0677966101694913 45 4 15 5]
[14.727665723635742 'Conceptual' 0 3.102504589187963 5.091244301098999
 1.0677966101694913 45 4 16 5]
[16.864832816266453 'Conceptual' 0 3.102504589187963 5.091244301098999
 1.1016949152542372 45 4 17 5]
[17.13463992522264 'Conceptual' 0 3.102504589187963 5.091244301098999
 1.1016949152542372 45 4 18 5]
[20.028899463688244 'Conceptual' 0 3.102504589187963 5.091244301098999
 1.1694915254237288 45 4 19 5]
[0.0 'Conceptual' 0 3.102504589187963 5.091244301098999 0.0 45 5 0 52]
[4.667370598090508 'Conceptual' 0 3.102504589187963 5.091244301098999
 10.169491525423728 45 5 1 11]
[6.945314866708719 'Conceptual' 0 3.102504589187963 5.091244301098999
 3.7457627118644066 45 5 2 4]
[9.245513804068061 'Conceptual' 0 3.102504589187963 5.091244301098999
 2.6271186440677963 45 5 3 5]
[10.67481693482498 'Conceptual' 0 3.102504589187963 5.091244301098999
 1.847457627118644 45 5 4 6]
[11.451724072074573 'Conceptual' 0 3.102504589187963 5.091244301098999
 1.6101694915254237 45 5 5 5]
[11.760459825252534 'Conceptual' 0 3.102504589187963 5.091244301098999
 1.4406779661016949 45 5 6 5]
[11.741033684264284 'Conceptual' 0 3.102504589187963 5.091244301098999
 1.3389830508474576 45 5 7 5]
[11.457647894647376 'Conceptual' 0 3.102504589187963 5.091244301098999
 1.1864406779661016 45 5 8 5]
[11.00209867671829 'Conceptual' 0 3.102504589187963 5.091244301098999
 1.0677966101694913 45 5 9 5]
[10.49858807588945 'Conceptual' 0 3.102504589187963 5.091244301098999
 1.0169491525423728 45 5 10 5]
[10.040418572284619 'Conceptual' 0 3.102504589187963 5.091244301098999
 0.9999999999999999 45 5 11 5]
[11.996823427232199 'Conceptual' 0 3.102504589187963 5.091244301098999
 1.0169491525423728 45 5 12 5]
[11.78380579974281 'Conceptual' 0 3.102504589187963 5.091244301098999
 1.0169491525423728 45 5 13 5]
[11.66616035102304 'Conceptual' 0 3.102504589187963 5.091244301098999
 1.0169491525423728 45 5 14 5]
[14.57590176876994 'Conceptual' 0 3.102504589187963 5.091244301098999
 1.0677966101694913 45 5 15 5]
[14.727665723635742 'Conceptual' 0 3.102504589187963 5.091244301098999
 1.0677966101694913 45 5 16 5]
[16.864832816266453 'Conceptual' 0 3.102504589187963 5.091244301098999
 1.1016949152542372 45 5 17 5]
[17.13463992522264 'Conceptual' 0 3.102504589187963 5.091244301098999
 1.1016949152542372 45 5 18 5]
[20.028899463688244 'Conceptual' 0 3.102504589187963 5.091244301098999
 1.1694915254237288 45 5 19 5]
[0.0 'Conceptual' 0 3.102504589187963 5.091244301098999 0.0 45 6 0 52]
[4.667370598090508 'Conceptual' 0 3.102504589187963 5.091244301098999
 10.169491525423728 45 6 1 11]
[6.945314866708719 'Conceptual' 0 3.102504589187963 5.091244301098999
 3.7457627118644066 45 6 2 4]
[9.245513804068061 'Conceptual' 0 3.102504589187963 5.091244301098999
 2.6271186440677963 45 6 3 5]
[10.67481693482498 'Conceptual' 0 3.102504589187963 5.091244301098999
 1.847457627118644 45 6 4 6]
[11.451724072074573 'Conceptual' 0 3.102504589187963 5.091244301098999
 1.6101694915254237 45 6 5 5]
[11.760459825252534 'Conceptual' 0 3.102504589187963 5.091244301098999
 1.4406779661016949 45 6 6 5]
[11.741033684264284 'Conceptual' 0 3.102504589187963 5.091244301098999
 1.3389830508474576 45 6 7 5]
[11.457647894647376 'Conceptual' 0 3.102504589187963 5.091244301098999
 1.1864406779661016 45 6 8 5]
[11.00209867671829 'Conceptual' 0 3.102504589187963 5.091244301098999
 1.0677966101694913 45 6 9 5]
[10.49858807588945 'Conceptual' 0 3.102504589187963 5.091244301098999
 1.0169491525423728 45 6 10 5]
[10.040418572284619 'Conceptual' 0 3.102504589187963 5.091244301098999
 0.9999999999999999 45 6 11 5]
[11.996823427232199 'Conceptual' 0 3.102504589187963 5.091244301098999
 1.0169491525423728 45 6 12 5]
[11.78380579974281 'Conceptual' 0 3.102504589187963 5.091244301098999
 1.0169491525423728 45 6 13 5]
[11.66616035102304 'Conceptual' 0 3.102504589187963 5.091244301098999
 1.0169491525423728 45 6 14 5]
[14.57590176876994 'Conceptual' 0 3.102504589187963 5.091244301098999
 1.0677966101694913 45 6 15 5]
[14.727665723635742 'Conceptual' 0 3.102504589187963 5.091244301098999
 1.0677966101694913 45 6 16 5]
[16.864832816266453 'Conceptual' 0 3.102504589187963 5.091244301098999
 1.1016949152542372 45 6 17 5]
[17.13463992522264 'Conceptual' 0 3.102504589187963 5.091244301098999
 1.1016949152542372 45 6 18 5]
[20.028899463688244 'Conceptual' 0 3.102504589187963 5.091244301098999
 1.1694915254237288 45 6 19 5]
[0.0 'Conceptual' 0 3.102504589187963 5.091244301098999 0.0 45 7 0 52]
[4.667370598090508 'Conceptual' 0 3.102504589187963 5.091244301098999
 10.169491525423728 45 7 1 11]
[6.945314866708719 'Conceptual' 0 3.102504589187963 5.091244301098999
 3.7457627118644066 45 7 2 4]
[9.245513804068061 'Conceptual' 0 3.102504589187963 5.091244301098999
 2.6271186440677963 45 7 3 5]
[10.67481693482498 'Conceptual' 0 3.102504589187963 5.091244301098999
 1.847457627118644 45 7 4 6]
[11.451724072074573 'Conceptual' 0 3.102504589187963 5.091244301098999
 1.6101694915254237 45 7 5 5]
[11.760459825252534 'Conceptual' 0 3.102504589187963 5.091244301098999
 1.4406779661016949 45 7 6 5]
[11.741033684264284 'Conceptual' 0 3.102504589187963 5.091244301098999
 1.3389830508474576 45 7 7 5]
[11.457647894647376 'Conceptual' 0 3.102504589187963 5.091244301098999
 1.1864406779661016 45 7 8 5]
[11.00209867671829 'Conceptual' 0 3.102504589187963 5.091244301098999
 1.0677966101694913 45 7 9 5]
[10.49858807588945 'Conceptual' 0 3.102504589187963 5.091244301098999
 1.0169491525423728 45 7 10 5]
[10.040418572284619 'Conceptual' 0 3.102504589187963 5.091244301098999
 0.9999999999999999 45 7 11 5]
[11.996823427232199 'Conceptual' 0 3.102504589187963 5.091244301098999
 1.0169491525423728 45 7 12 5]
[11.78380579974281 'Conceptual' 0 3.102504589187963 5.091244301098999
 1.0169491525423728 45 7 13 5]
[11.66616035102304 'Conceptual' 0 3.102504589187963 5.091244301098999
 1.0169491525423728 45 7 14 5]
[14.57590176876994 'Conceptual' 0 3.102504589187963 5.091244301098999
 1.0677966101694913 45 7 15 5]
[14.727665723635742 'Conceptual' 0 3.102504589187963 5.091244301098999
 1.0677966101694913 45 7 16 5]
[16.864832816266453 'Conceptual' 0 3.102504589187963 5.091244301098999
 1.1016949152542372 45 7 17 5]
[17.13463992522264 'Conceptual' 0 3.102504589187963 5.091244301098999
 1.1016949152542372 45 7 18 5]
[20.028899463688244 'Conceptual' 0 3.102504589187963 5.091244301098999
 1.1694915254237288 45 7 19 5]
[0.0 'Conceptual' 0 3.102504589187963 5.091244301098999 0.0 45 8 0 52]
[4.667370598090508 'Conceptual' 0 3.102504589187963 5.091244301098999
 10.169491525423728 45 8 1 11]
[6.945314866708719 'Conceptual' 0 3.102504589187963 5.091244301098999
 3.7457627118644066 45 8 2 4]
[9.245513804068061 'Conceptual' 0 3.102504589187963 5.091244301098999
 2.6271186440677963 45 8 3 5]
[10.67481693482498 'Conceptual' 0 3.102504589187963 5.091244301098999
 1.847457627118644 45 8 4 6]
[11.451724072074573 'Conceptual' 0 3.102504589187963 5.091244301098999
 1.6101694915254237 45 8 5 5]
[11.760459825252534 'Conceptual' 0 3.102504589187963 5.091244301098999
 1.4406779661016949 45 8 6 5]
[11.741033684264284 'Conceptual' 0 3.102504589187963 5.091244301098999
 1.3389830508474576 45 8 7 5]
[11.457647894647376 'Conceptual' 0 3.102504589187963 5.091244301098999
 1.1864406779661016 45 8 8 5]
[11.00209867671829 'Conceptual' 0 3.102504589187963 5.091244301098999
 1.0677966101694913 45 8 9 5]
[10.49858807588945 'Conceptual' 0 3.102504589187963 5.091244301098999
 1.0169491525423728 45 8 10 5]
[10.040418572284619 'Conceptual' 0 3.102504589187963 5.091244301098999
 0.9999999999999999 45 8 11 5]
[11.996823427232199 'Conceptual' 0 3.102504589187963 5.091244301098999
 1.0169491525423728 45 8 12 5]
[11.78380579974281 'Conceptual' 0 3.102504589187963 5.091244301098999
 1.0169491525423728 45 8 13 5]
[11.66616035102304 'Conceptual' 0 3.102504589187963 5.091244301098999
 1.0169491525423728 45 8 14 5]
[14.57590176876994 'Conceptual' 0 3.102504589187963 5.091244301098999
 1.0677966101694913 45 8 15 5]
[14.727665723635742 'Conceptual' 0 3.102504589187963 5.091244301098999
 1.0677966101694913 45 8 16 5]
[16.864832816266453 'Conceptual' 0 3.102504589187963 5.091244301098999
 1.1016949152542372 45 8 17 5]
[17.13463992522264 'Conceptual' 0 3.102504589187963 5.091244301098999
 1.1016949152542372 45 8 18 5]
[20.028899463688244 'Conceptual' 0 3.102504589187963 5.091244301098999
 1.1694915254237288 45 8 19 5]
