[0.0 'Conceptual' 1 0.06901686774618192 0.08373234802631274 0.0 11 0 0 58]
[3.933062119954438 'Conceptual' 1 0.06901686774618192 0.08373234802631274
 6.59322033898305 11 0 1 1]
[3.3342532918186696 'Conceptual' 1 0.06901686774618192 0.08373234802631274
 6.423728813559322 11 0 2 44]
[3.88400439138403 'Conceptual' 1 0.06901686774618192 0.08373234802631274
 10.169491525423728 11 0 3 45]
[4.203364661972486 'Conceptual' 1 0.06901686774618192 0.08373234802631274
 10.169491525423728 11 0 4 45]
[3.336345531222623 'Conceptual' 1 0.06901686774618192 0.08373234802631274
 8.457627118644066 11 0 5 45]
[1.9887019729464999 'Conceptual' 1 0.06901686774618192 0.08373234802631274
 1.1016949152542372 11 0 6 45]
[0.8780754626396956 'Conceptual' 1 0.06901686774618192 0.08373234802631274
 0.4915254237288135 11 0 7 45]
[0.002997858221088703 'Conceptual' 1 0.06901686774618192
 0.08373234802631274 0.3220338983050847 11 0 8 44]
[0.0006298016333097749 'Conceptual' 1 0.06901686774618192
 0.08373234802631274 0.1694915254237288 11 0 9 45]
[0.0006298016333097749 'Conceptual' 1 0.06901686774618192
 0.08373234802631274 0.1694915254237288 11 0 10 46]
[0.0006298016333097749 'Conceptual' 1 0.06901686774618192
 0.08373234802631274 0.1694915254237288 11 0 11 46]
[0.0006298016333097749 'Conceptual' 1 0.06901686774618192
 0.08373234802631274 0.1694915254237288 11 0 12 46]
[0.0006298016333097749 'Conceptual' 1 0.06901686774618192
 0.08373234802631274 0.1694915254237288 11 0 13 46]
[0.0006298016333097749 'Conceptual' 1 0.06901686774618192
 0.08373234802631274 0.1694915254237288 11 0 14 46]
[0.0006298016333097749 'Conceptual' 1 0.06901686774618192
 0.08373234802631274 0.1694915254237288 11 0 15 46]
[0.0006298016333097749 'Conceptual' 1 0.06901686774618192
 0.08373234802631274 0.1694915254237288 11 0 16 46]
[0.0006298016333097749 'Conceptual' 1 0.06901686774618192
 0.08373234802631274 0.1694915254237288 11 0 17 46]
[1.802562058435783 'Conceptual' 1 0.06901686774618192 0.08373234802631274
 3.4406779661016946 11 0 18 46]
[1.5065474442732523 'Conceptual' 1 0.06901686774618192 0.08373234802631274
 3.271186440677966 11 0 19 46]
[0.0 'Conceptual' 1 0.06901686774618192 0.08373234802631274 0.0 11 1 0 58]
[3.933062119954438 'Conceptual' 1 0.06901686774618192 0.08373234802631274
 6.59322033898305 11 1 1 1]
[3.3342532918186696 'Conceptual' 1 0.06901686774618192 0.08373234802631274
 6.423728813559322 11 1 2 44]
[3.88400439138403 'Conceptual' 1 0.06901686774618192 0.08373234802631274
 10.169491525423728 11 1 3 45]
[4.203364661972486 'Conceptual' 1 0.06901686774618192 0.08373234802631274
 10.169491525423728 11 1 4 45]
[3.336345531222623 'Conceptual' 1 0.06901686774618192 0.08373234802631274
 8.457627118644066 11 1 5 45]
[1.9887019729464999 'Conceptual' 1 0.06901686774618192 0.08373234802631274
 1.1016949152542372 11 1 6 45]
[0.8780754626396956 'Conceptual' 1 0.06901686774618192 0.08373234802631274
 0.4915254237288135 11 1 7 45]
[0.002997858221088703 'Conceptual' 1 0.06901686774618192
 0.08373234802631274 0.3220338983050847 11 1 8 44]
[0.0006298016333097749 'Conceptual' 1 0.06901686774618192
 0.08373234802631274 0.1694915254237288 11 1 9 45]
[0.0006298016333097749 'Conceptual' 1 0.06901686774618192
 0.08373234802631274 0.1694915254237288 11 1 10 46]
[0.0006298016333097749 'Conceptual' 1 0.06901686774618192
 0.08373234802631274 0.1694915254237288 11 1 11 46]
[0.0006298016333097749 'Conceptual' 1 0.06901686774618192
 0.08373234802631274 0.1694915254237288 11 1 12 46]
[0.0006298016333097749 'Conceptual' 1 0.06901686774618192
 0.08373234802631274 0.1694915254237288 11 1 13 46]
[0.0006298016333097749 'Conceptual' 1 0.06901686774618192
 0.08373234802631274 0.1694915254237288 11 1 14 46]
[0.0006298016333097749 'Conceptual' 1 0.06901686774618192
 0.08373234802631274 0.1694915254237288 11 1 15 46]
[0.0006298016333097749 'Conceptual' 1 0.06901686774618192
 0.08373234802631274 0.1694915254237288 11 1 16 46]
[0.0006298016333097749 'Conceptual' 1 0.06901686774618192
 0.08373234802631274 0.1694915254237288 11 1 17 46]
[1.802562058435783 'Conceptual' 1 0.06901686774618192 0.08373234802631274
 3.4406779661016946 11 1 18 46]
[1.5065474442732523 'Conceptual' 1 0.06901686774618192 0.08373234802631274
 3.271186440677966 11 1 19 46]
[0.0 'Conceptual' 1 0.06901686774618192 0.08373234802631274 0.0 11 2 0 58]
[3.933062119954438 'Conceptual' 1 0.06901686774618192 0.08373234802631274
 6.59322033898305 11 2 1 1]
[3.3342532918186696 'Conceptual' 1 0.06901686774618192 0.08373234802631274
 6.423728813559322 11 2 2 44]
[3.88400439138403 'Conceptual' 1 0.06901686774618192 0.08373234802631274
 10.169491525423728 11 2 3 45]
[4.203364661972486 'Conceptual' 1 0.06901686774618192 0.08373234802631274
 10.169491525423728 11 2 4 45]
[3.336345531222623 'Conceptual' 1 0.06901686774618192 0.08373234802631274
 8.457627118644066 11 2 5 45]
[1.9887019729464999 'Conceptual' 1 0.06901686774618192 0.08373234802631274
 1.1016949152542372 11 2 6 45]
[0.8780754626396956 'Conceptual' 1 0.06901686774618192 0.08373234802631274
 0.4915254237288135 11 2 7 45]
[0.002997858221088703 'Conceptual' 1 0.06901686774618192
 0.08373234802631274 0.3220338983050847 11 2 8 44]
[0.0006298016333097749 'Conceptual' 1 0.06901686774618192
 0.08373234802631274 0.1694915254237288 11 2 9 45]
[0.0006298016333097749 'Conceptual' 1 0.06901686774618192
 0.08373234802631274 0.1694915254237288 11 2 10 46]
[0.0006298016333097749 'Conceptual' 1 0.06901686774618192
 0.08373234802631274 0.1694915254237288 11 2 11 46]
[0.0006298016333097749 'Conceptual' 1 0.06901686774618192
 0.08373234802631274 0.1694915254237288 11 2 12 46]
[0.0006298016333097749 'Conceptual' 1 0.06901686774618192
 0.08373234802631274 0.1694915254237288 11 2 13 46]
[0.0006298016333097749 'Conceptual' 1 0.06901686774618192
 0.08373234802631274 0.1694915254237288 11 2 14 46]
[0.0006298016333097749 'Conceptual' 1 0.06901686774618192
 0.08373234802631274 0.1694915254237288 11 2 15 46]
[0.0006298016333097749 'Conceptual' 1 0.06901686774618192
 0.08373234802631274 0.1694915254237288 11 2 16 46]
[0.0006298016333097749 'Conceptual' 1 0.06901686774618192
 0.08373234802631274 0.1694915254237288 11 2 17 46]
[1.802562058435783 'Conceptual' 1 0.06901686774618192 0.08373234802631274
 3.4406779661016946 11 2 18 46]
[1.5065474442732523 'Conceptual' 1 0.06901686774618192 0.08373234802631274
 3.271186440677966 11 2 19 46]
[0.0 'Conceptual' 1 0.06901686774618192 0.08373234802631274 0.0 11 3 0 58]
[3.933062119954438 'Conceptual' 1 0.06901686774618192 0.08373234802631274
 6.59322033898305 11 3 1 1]
[3.3342532918186696 'Conceptual' 1 0.06901686774618192 0.08373234802631274
 6.423728813559322 11 3 2 44]
[3.88400439138403 'Conceptual' 1 0.06901686774618192 0.08373234802631274
 10.169491525423728 11 3 3 45]
[4.203364661972486 'Conceptual' 1 0.06901686774618192 0.08373234802631274
 10.169491525423728 11 3 4 45]
[3.336345531222623 'Conceptual' 1 0.06901686774618192 0.08373234802631274
 8.457627118644066 11 3 5 45]
[1.9887019729464999 'Conceptual' 1 0.06901686774618192 0.08373234802631274
 1.1016949152542372 11 3 6 45]
[0.8780754626396956 'Conceptual' 1 0.06901686774618192 0.08373234802631274
 0.4915254237288135 11 3 7 45]
[0.002997858221088703 'Conceptual' 1 0.06901686774618192
 0.08373234802631274 0.3220338983050847 11 3 8 44]
[0.0006298016333097749 'Conceptual' 1 0.06901686774618192
 0.08373234802631274 0.1694915254237288 11 3 9 45]
[0.0006298016333097749 'Conceptual' 1 0.06901686774618192
 0.08373234802631274 0.1694915254237288 11 3 10 46]
[0.0006298016333097749 'Conceptual' 1 0.06901686774618192
 0.08373234802631274 0.1694915254237288 11 3 11 46]
[0.0006298016333097749 'Conceptual' 1 0.06901686774618192
 0.08373234802631274 0.1694915254237288 11 3 12 46]
[0.0006298016333097749 'Conceptual' 1 0.06901686774618192
 0.08373234802631274 0.1694915254237288 11 3 13 46]
[0.0006298016333097749 'Conceptual' 1 0.06901686774618192
 0.08373234802631274 0.1694915254237288 11 3 14 46]
[0.0006298016333097749 'Conceptual' 1 0.06901686774618192
 0.08373234802631274 0.1694915254237288 11 3 15 46]
[0.0006298016333097749 'Conceptual' 1 0.06901686774618192
 0.08373234802631274 0.1694915254237288 11 3 16 46]
[0.0006298016333097749 'Conceptual' 1 0.06901686774618192
 0.08373234802631274 0.1694915254237288 11 3 17 46]
[1.802562058435783 'Conceptual' 1 0.06901686774618192 0.08373234802631274
 3.4406779661016946 11 3 18 46]
[1.5065474442732523 'Conceptual' 1 0.06901686774618192 0.08373234802631274
 3.271186440677966 11 3 19 46]
[0.0 'Conceptual' 1 0.06901686774618192 0.08373234802631274 0.0 11 4 0 58]
[3.933062119954438 'Conceptual' 1 0.06901686774618192 0.08373234802631274
 6.59322033898305 11 4 1 1]
[3.3342532918186696 'Conceptual' 1 0.06901686774618192 0.08373234802631274
 6.423728813559322 11 4 2 44]
[3.88400439138403 'Conceptual' 1 0.06901686774618192 0.08373234802631274
 10.169491525423728 11 4 3 45]
[4.203364661972486 'Conceptual' 1 0.06901686774618192 0.08373234802631274
 10.169491525423728 11 4 4 45]
[3.336345531222623 'Conceptual' 1 0.06901686774618192 0.08373234802631274
 8.457627118644066 11 4 5 45]
[1.9887019729464999 'Conceptual' 1 0.06901686774618192 0.08373234802631274
 1.1016949152542372 11 4 6 45]
[0.8780754626396956 'Conceptual' 1 0.06901686774618192 0.08373234802631274
 0.4915254237288135 11 4 7 45]
[0.002997858221088703 'Conceptual' 1 0.06901686774618192
 0.08373234802631274 0.3220338983050847 11 4 8 44]
[0.0006298016333097749 'Conceptual' 1 0.06901686774618192
 0.08373234802631274 0.1694915254237288 11 4 9 45]
[0.0006298016333097749 'Conceptual' 1 0.06901686774618192
 0.08373234802631274 0.1694915254237288 11 4 10 46]
[0.0006298016333097749 'Conceptual' 1 0.06901686774618192
 0.08373234802631274 0.1694915254237288 11 4 11 46]
[0.0006298016333097749 'Conceptual' 1 0.06901686774618192
 0.08373234802631274 0.1694915254237288 11 4 12 46]
[0.0006298016333097749 'Conceptual' 1 0.06901686774618192
 0.08373234802631274 0.1694915254237288 11 4 13 46]
[0.0006298016333097749 'Conceptual' 1 0.06901686774618192
 0.08373234802631274 0.1694915254237288 11 4 14 46]
[0.0006298016333097749 'Conceptual' 1 0.06901686774618192
 0.08373234802631274 0.1694915254237288 11 4 15 46]
[0.0006298016333097749 'Conceptual' 1 0.06901686774618192
 0.08373234802631274 0.1694915254237288 11 4 16 46]
[0.0006298016333097749 'Conceptual' 1 0.06901686774618192
 0.08373234802631274 0.1694915254237288 11 4 17 46]
[1.802562058435783 'Conceptual' 1 0.06901686774618192 0.08373234802631274
 3.4406779661016946 11 4 18 46]
[1.5065474442732523 'Conceptual' 1 0.06901686774618192 0.08373234802631274
 3.271186440677966 11 4 19 46]
[0.0 'Conceptual' 1 0.06901686774618192 0.08373234802631274 0.0 11 5 0 58]
[3.933062119954438 'Conceptual' 1 0.06901686774618192 0.08373234802631274
 6.59322033898305 11 5 1 1]
[3.3342532918186696 'Conceptual' 1 0.06901686774618192 0.08373234802631274
 6.423728813559322 11 5 2 44]
[3.88400439138403 'Conceptual' 1 0.06901686774618192 0.08373234802631274
 10.169491525423728 11 5 3 45]
[4.203364661972486 'Conceptual' 1 0.06901686774618192 0.08373234802631274
 10.169491525423728 11 5 4 45]
[3.336345531222623 'Conceptual' 1 0.06901686774618192 0.08373234802631274
 8.457627118644066 11 5 5 45]
[1.9887019729464999 'Conceptual' 1 0.06901686774618192 0.08373234802631274
 1.1016949152542372 11 5 6 45]
[0.8780754626396956 'Conceptual' 1 0.06901686774618192 0.08373234802631274
 0.4915254237288135 11 5 7 45]
[0.002997858221088703 'Conceptual' 1 0.06901686774618192
 0.08373234802631274 0.3220338983050847 11 5 8 44]
[0.0006298016333097749 'Conceptual' 1 0.06901686774618192
 0.08373234802631274 0.1694915254237288 11 5 9 45]
[0.0006298016333097749 'Conceptual' 1 0.06901686774618192
 0.08373234802631274 0.1694915254237288 11 5 10 46]
[0.0006298016333097749 'Conceptual' 1 0.06901686774618192
 0.08373234802631274 0.1694915254237288 11 5 11 46]
[0.0006298016333097749 'Conceptual' 1 0.06901686774618192
 0.08373234802631274 0.1694915254237288 11 5 12 46]
[0.0006298016333097749 'Conceptual' 1 0.06901686774618192
 0.08373234802631274 0.1694915254237288 11 5 13 46]
[0.0006298016333097749 'Conceptual' 1 0.06901686774618192
 0.08373234802631274 0.1694915254237288 11 5 14 46]
[0.0006298016333097749 'Conceptual' 1 0.06901686774618192
 0.08373234802631274 0.1694915254237288 11 5 15 46]
[0.0006298016333097749 'Conceptual' 1 0.06901686774618192
 0.08373234802631274 0.1694915254237288 11 5 16 46]
[0.0006298016333097749 'Conceptual' 1 0.06901686774618192
 0.08373234802631274 0.1694915254237288 11 5 17 46]
[1.802562058435783 'Conceptual' 1 0.06901686774618192 0.08373234802631274
 3.4406779661016946 11 5 18 46]
[1.5065474442732523 'Conceptual' 1 0.06901686774618192 0.08373234802631274
 3.271186440677966 11 5 19 46]
[0.0 'Conceptual' 1 0.06901686774618192 0.08373234802631274 0.0 11 6 0 58]
[3.933062119954438 'Conceptual' 1 0.06901686774618192 0.08373234802631274
 6.59322033898305 11 6 1 1]
[3.3342532918186696 'Conceptual' 1 0.06901686774618192 0.08373234802631274
 6.423728813559322 11 6 2 44]
[3.88400439138403 'Conceptual' 1 0.06901686774618192 0.08373234802631274
 10.169491525423728 11 6 3 45]
[4.203364661972486 'Conceptual' 1 0.06901686774618192 0.08373234802631274
 10.169491525423728 11 6 4 45]
[3.336345531222623 'Conceptual' 1 0.06901686774618192 0.08373234802631274
 8.457627118644066 11 6 5 45]
[1.9887019729464999 'Conceptual' 1 0.06901686774618192 0.08373234802631274
 1.1016949152542372 11 6 6 45]
[0.8780754626396956 'Conceptual' 1 0.06901686774618192 0.08373234802631274
 0.4915254237288135 11 6 7 45]
[0.002997858221088703 'Conceptual' 1 0.06901686774618192
 0.08373234802631274 0.3220338983050847 11 6 8 44]
[0.0006298016333097749 'Conceptual' 1 0.06901686774618192
 0.08373234802631274 0.1694915254237288 11 6 9 45]
[0.0006298016333097749 'Conceptual' 1 0.06901686774618192
 0.08373234802631274 0.1694915254237288 11 6 10 46]
[0.0006298016333097749 'Conceptual' 1 0.06901686774618192
 0.08373234802631274 0.1694915254237288 11 6 11 46]
[0.0006298016333097749 'Conceptual' 1 0.06901686774618192
 0.08373234802631274 0.1694915254237288 11 6 12 46]
[0.0006298016333097749 'Conceptual' 1 0.06901686774618192
 0.08373234802631274 0.1694915254237288 11 6 13 46]
[0.0006298016333097749 'Conceptual' 1 0.06901686774618192
 0.08373234802631274 0.1694915254237288 11 6 14 46]
[0.0006298016333097749 'Conceptual' 1 0.06901686774618192
 0.08373234802631274 0.1694915254237288 11 6 15 46]
[0.0006298016333097749 'Conceptual' 1 0.06901686774618192
 0.08373234802631274 0.1694915254237288 11 6 16 46]
[0.0006298016333097749 'Conceptual' 1 0.06901686774618192
 0.08373234802631274 0.1694915254237288 11 6 17 46]
[1.802562058435783 'Conceptual' 1 0.06901686774618192 0.08373234802631274
 3.4406779661016946 11 6 18 46]
[1.5065474442732523 'Conceptual' 1 0.06901686774618192 0.08373234802631274
 3.271186440677966 11 6 19 46]
[0.0 'Conceptual' 1 0.06901686774618192 0.08373234802631274 0.0 11 7 0 58]
[3.933062119954438 'Conceptual' 1 0.06901686774618192 0.08373234802631274
 6.59322033898305 11 7 1 1]
[3.3342532918186696 'Conceptual' 1 0.06901686774618192 0.08373234802631274
 6.423728813559322 11 7 2 44]
[3.88400439138403 'Conceptual' 1 0.06901686774618192 0.08373234802631274
 10.169491525423728 11 7 3 45]
[4.203364661972486 'Conceptual' 1 0.06901686774618192 0.08373234802631274
 10.169491525423728 11 7 4 45]
[3.336345531222623 'Conceptual' 1 0.06901686774618192 0.08373234802631274
 8.457627118644066 11 7 5 45]
[1.9887019729464999 'Conceptual' 1 0.06901686774618192 0.08373234802631274
 1.1016949152542372 11 7 6 45]
[0.8780754626396956 'Conceptual' 1 0.06901686774618192 0.08373234802631274
 0.4915254237288135 11 7 7 45]
[0.002997858221088703 'Conceptual' 1 0.06901686774618192
 0.08373234802631274 0.3220338983050847 11 7 8 44]
[0.0006298016333097749 'Conceptual' 1 0.06901686774618192
 0.08373234802631274 0.1694915254237288 11 7 9 45]
[0.0006298016333097749 'Conceptual' 1 0.06901686774618192
 0.08373234802631274 0.1694915254237288 11 7 10 46]
[0.0006298016333097749 'Conceptual' 1 0.06901686774618192
 0.08373234802631274 0.1694915254237288 11 7 11 46]
[0.0006298016333097749 'Conceptual' 1 0.06901686774618192
 0.08373234802631274 0.1694915254237288 11 7 12 46]
[0.0006298016333097749 'Conceptual' 1 0.06901686774618192
 0.08373234802631274 0.1694915254237288 11 7 13 46]
[0.0006298016333097749 'Conceptual' 1 0.06901686774618192
 0.08373234802631274 0.1694915254237288 11 7 14 46]
[0.0006298016333097749 'Conceptual' 1 0.06901686774618192
 0.08373234802631274 0.1694915254237288 11 7 15 46]
[0.0006298016333097749 'Conceptual' 1 0.06901686774618192
 0.08373234802631274 0.1694915254237288 11 7 16 46]
[0.0006298016333097749 'Conceptual' 1 0.06901686774618192
 0.08373234802631274 0.1694915254237288 11 7 17 46]
[1.802562058435783 'Conceptual' 1 0.06901686774618192 0.08373234802631274
 3.4406779661016946 11 7 18 46]
[1.5065474442732523 'Conceptual' 1 0.06901686774618192 0.08373234802631274
 3.271186440677966 11 7 19 46]
[0.0 'Conceptual' 1 0.06901686774618192 0.08373234802631274 0.0 11 8 0 58]
[3.933062119954438 'Conceptual' 1 0.06901686774618192 0.08373234802631274
 6.59322033898305 11 8 1 1]
[3.3342532918186696 'Conceptual' 1 0.06901686774618192 0.08373234802631274
 6.423728813559322 11 8 2 44]
[3.88400439138403 'Conceptual' 1 0.06901686774618192 0.08373234802631274
 10.169491525423728 11 8 3 45]
[4.203364661972486 'Conceptual' 1 0.06901686774618192 0.08373234802631274
 10.169491525423728 11 8 4 45]
[3.336345531222623 'Conceptual' 1 0.06901686774618192 0.08373234802631274
 8.457627118644066 11 8 5 45]
[1.9887019729464999 'Conceptual' 1 0.06901686774618192 0.08373234802631274
 1.1016949152542372 11 8 6 45]
[0.8780754626396956 'Conceptual' 1 0.06901686774618192 0.08373234802631274
 0.4915254237288135 11 8 7 45]
[0.002997858221088703 'Conceptual' 1 0.06901686774618192
 0.08373234802631274 0.3220338983050847 11 8 8 44]
[0.0006298016333097749 'Conceptual' 1 0.06901686774618192
 0.08373234802631274 0.1694915254237288 11 8 9 45]
[0.0006298016333097749 'Conceptual' 1 0.06901686774618192
 0.08373234802631274 0.1694915254237288 11 8 10 46]
[0.0006298016333097749 'Conceptual' 1 0.06901686774618192
 0.08373234802631274 0.1694915254237288 11 8 11 46]
[0.0006298016333097749 'Conceptual' 1 0.06901686774618192
 0.08373234802631274 0.1694915254237288 11 8 12 46]
[0.0006298016333097749 'Conceptual' 1 0.06901686774618192
 0.08373234802631274 0.1694915254237288 11 8 13 46]
[0.0006298016333097749 'Conceptual' 1 0.06901686774618192
 0.08373234802631274 0.1694915254237288 11 8 14 46]
[0.0006298016333097749 'Conceptual' 1 0.06901686774618192
 0.08373234802631274 0.1694915254237288 11 8 15 46]
[0.0006298016333097749 'Conceptual' 1 0.06901686774618192
 0.08373234802631274 0.1694915254237288 11 8 16 46]
[0.0006298016333097749 'Conceptual' 1 0.06901686774618192
 0.08373234802631274 0.1694915254237288 11 8 17 46]
[1.802562058435783 'Conceptual' 1 0.06901686774618192 0.08373234802631274
 3.4406779661016946 11 8 18 46]
[1.5065474442732523 'Conceptual' 1 0.06901686774618192 0.08373234802631274
 3.271186440677966 11 8 19 46]
