[0.0 'Conceptual' 1 2.4347362159523636 47.57465907909243 0.0 6 0 0 27]
[2.130321560524652 'Conceptual' 1 2.4347362159523636 47.57465907909243
 7.271186440677965 6 0 1 14]
[3.5969276105485637 'Conceptual' 1 2.4347362159523636 47.57465907909243
 1.8644067796610169 6 0 2 2]
[2.4559748330706457 'Conceptual' 1 2.4347362159523636 47.57465907909243
 2.711864406779661 6 0 3 1]
[7.439120295969072 'Conceptual' 1 2.4347362159523636 47.57465907909243
 10.169491525423728 6 0 4 0]
[0.5697926731732171 'Conceptual' 1 2.4347362159523636 47.57465907909243
 2.5932203389830506 6 0 5 10]
[3.6346213916889143 'Conceptual' 1 2.4347362159523636 47.57465907909243
 7.881355932203389 6 0 6 2]
[3.0312261272913137 'Conceptual' 1 2.4347362159523636 47.57465907909243
 2.864406779661017 6 0 7 1]
[2.7865444425988097 'Conceptual' 1 2.4347362159523636 47.57465907909243
 4.491525423728812 6 0 8 1]
[2.2268085099648274 'Conceptual' 1 2.4347362159523636 47.57465907909243
 3.5084745762711864 6 0 9 9]
[3.036369710881751 'Conceptual' 1 2.4347362159523636 47.57465907909243
 3.542372881355932 6 0 10 1]
[1.6120873660793775 'Conceptual' 1 2.4347362159523636 47.57465907909243
 2.542372881355932 6 0 11 8]
[1.6955955561882925 'Conceptual' 1 2.4347362159523636 47.57465907909243
 2.1864406779661016 6 0 12 1]
[0.4599407114604593 'Conceptual' 1 2.4347362159523636 47.57465907909243
 0.3389830508474576 6 0 13 1]
[1.9850478364986808 'Conceptual' 1 2.4347362159523636 47.57465907909243
 1.9491525423728813 6 0 14 1]
[0.0011720414323207952 'Conceptual' 1 2.4347362159523636 47.57465907909243
 0.7966101694915253 6 0 15 1]
[2.68558182798155 'Conceptual' 1 2.4347362159523636 47.57465907909243
 2.11864406779661 6 0 16 1]
[1.439497622694411 'Conceptual' 1 2.4347362159523636 47.57465907909243
 1.271186440677966 6 0 17 2]
[1.6852717733735154 'Conceptual' 1 2.4347362159523636 47.57465907909243
 1.3559322033898304 6 0 18 10]
[2.3804909913962704 'Conceptual' 1 2.4347362159523636 47.57465907909243
 1.6779661016949152 6 0 19 1]
[0.0 'Conceptual' 1 2.4347362159523636 47.57465907909243 0.0 6 1 0 27]
[2.130321560524652 'Conceptual' 1 2.4347362159523636 47.57465907909243
 7.271186440677965 6 1 1 14]
[3.5969276105485637 'Conceptual' 1 2.4347362159523636 47.57465907909243
 1.8644067796610169 6 1 2 2]
[2.4559748330706457 'Conceptual' 1 2.4347362159523636 47.57465907909243
 2.711864406779661 6 1 3 1]
[7.439120295969072 'Conceptual' 1 2.4347362159523636 47.57465907909243
 10.169491525423728 6 1 4 0]
[0.5697926731732171 'Conceptual' 1 2.4347362159523636 47.57465907909243
 2.5932203389830506 6 1 5 10]
[3.6346213916889143 'Conceptual' 1 2.4347362159523636 47.57465907909243
 7.881355932203389 6 1 6 2]
[3.0312261272913137 'Conceptual' 1 2.4347362159523636 47.57465907909243
 2.864406779661017 6 1 7 1]
[2.7865444425988097 'Conceptual' 1 2.4347362159523636 47.57465907909243
 4.491525423728812 6 1 8 1]
[2.2268085099648274 'Conceptual' 1 2.4347362159523636 47.57465907909243
 3.5084745762711864 6 1 9 9]
[3.036369710881751 'Conceptual' 1 2.4347362159523636 47.57465907909243
 3.542372881355932 6 1 10 1]
[1.6120873660793775 'Conceptual' 1 2.4347362159523636 47.57465907909243
 2.542372881355932 6 1 11 8]
[1.6955955561882925 'Conceptual' 1 2.4347362159523636 47.57465907909243
 2.1864406779661016 6 1 12 1]
[0.4599407114604593 'Conceptual' 1 2.4347362159523636 47.57465907909243
 0.3389830508474576 6 1 13 1]
[1.9850478364986808 'Conceptual' 1 2.4347362159523636 47.57465907909243
 1.9491525423728813 6 1 14 1]
[0.0011720414323207952 'Conceptual' 1 2.4347362159523636 47.57465907909243
 0.7966101694915253 6 1 15 1]
[2.68558182798155 'Conceptual' 1 2.4347362159523636 47.57465907909243
 2.11864406779661 6 1 16 1]
[1.439497622694411 'Conceptual' 1 2.4347362159523636 47.57465907909243
 1.271186440677966 6 1 17 2]
[1.6852717733735154 'Conceptual' 1 2.4347362159523636 47.57465907909243
 1.3559322033898304 6 1 18 10]
[2.3804909913962704 'Conceptual' 1 2.4347362159523636 47.57465907909243
 1.6779661016949152 6 1 19 1]
[0.0 'Conceptual' 1 2.4347362159523636 47.57465907909243 0.0 6 2 0 27]
[2.130321560524652 'Conceptual' 1 2.4347362159523636 47.57465907909243
 7.271186440677965 6 2 1 14]
[3.5969276105485637 'Conceptual' 1 2.4347362159523636 47.57465907909243
 1.8644067796610169 6 2 2 2]
[2.4559748330706457 'Conceptual' 1 2.4347362159523636 47.57465907909243
 2.711864406779661 6 2 3 1]
[7.439120295969072 'Conceptual' 1 2.4347362159523636 47.57465907909243
 10.169491525423728 6 2 4 0]
[0.5697926731732171 'Conceptual' 1 2.4347362159523636 47.57465907909243
 2.5932203389830506 6 2 5 10]
[3.6346213916889143 'Conceptual' 1 2.4347362159523636 47.57465907909243
 7.881355932203389 6 2 6 2]
[3.0312261272913137 'Conceptual' 1 2.4347362159523636 47.57465907909243
 2.864406779661017 6 2 7 1]
[2.7865444425988097 'Conceptual' 1 2.4347362159523636 47.57465907909243
 4.491525423728812 6 2 8 1]
[2.2268085099648274 'Conceptual' 1 2.4347362159523636 47.57465907909243
 3.5084745762711864 6 2 9 9]
[3.036369710881751 'Conceptual' 1 2.4347362159523636 47.57465907909243
 3.542372881355932 6 2 10 1]
[1.6120873660793775 'Conceptual' 1 2.4347362159523636 47.57465907909243
 2.542372881355932 6 2 11 8]
[1.6955955561882925 'Conceptual' 1 2.4347362159523636 47.57465907909243
 2.1864406779661016 6 2 12 1]
[0.4599407114604593 'Conceptual' 1 2.4347362159523636 47.57465907909243
 0.3389830508474576 6 2 13 1]
[1.9850478364986808 'Conceptual' 1 2.4347362159523636 47.57465907909243
 1.9491525423728813 6 2 14 1]
[0.0011720414323207952 'Conceptual' 1 2.4347362159523636 47.57465907909243
 0.7966101694915253 6 2 15 1]
[2.68558182798155 'Conceptual' 1 2.4347362159523636 47.57465907909243
 2.11864406779661 6 2 16 1]
[1.439497622694411 'Conceptual' 1 2.4347362159523636 47.57465907909243
 1.271186440677966 6 2 17 2]
[1.6852717733735154 'Conceptual' 1 2.4347362159523636 47.57465907909243
 1.3559322033898304 6 2 18 10]
[2.3804909913962704 'Conceptual' 1 2.4347362159523636 47.57465907909243
 1.6779661016949152 6 2 19 1]
[0.0 'Conceptual' 1 2.4347362159523636 47.57465907909243 0.0 6 3 0 27]
[2.130321560524652 'Conceptual' 1 2.4347362159523636 47.57465907909243
 7.271186440677965 6 3 1 14]
[3.5969276105485637 'Conceptual' 1 2.4347362159523636 47.57465907909243
 1.8644067796610169 6 3 2 2]
[2.4559748330706457 'Conceptual' 1 2.4347362159523636 47.57465907909243
 2.711864406779661 6 3 3 1]
[7.439120295969072 'Conceptual' 1 2.4347362159523636 47.57465907909243
 10.169491525423728 6 3 4 0]
[0.5697926731732171 'Conceptual' 1 2.4347362159523636 47.57465907909243
 2.5932203389830506 6 3 5 10]
[3.6346213916889143 'Conceptual' 1 2.4347362159523636 47.57465907909243
 7.881355932203389 6 3 6 2]
[3.0312261272913137 'Conceptual' 1 2.4347362159523636 47.57465907909243
 2.864406779661017 6 3 7 1]
[2.7865444425988097 'Conceptual' 1 2.4347362159523636 47.57465907909243
 4.491525423728812 6 3 8 1]
[2.2268085099648274 'Conceptual' 1 2.4347362159523636 47.57465907909243
 3.5084745762711864 6 3 9 9]
[3.036369710881751 'Conceptual' 1 2.4347362159523636 47.57465907909243
 3.542372881355932 6 3 10 1]
[1.6120873660793775 'Conceptual' 1 2.4347362159523636 47.57465907909243
 2.542372881355932 6 3 11 8]
[1.6955955561882925 'Conceptual' 1 2.4347362159523636 47.57465907909243
 2.1864406779661016 6 3 12 1]
[0.4599407114604593 'Conceptual' 1 2.4347362159523636 47.57465907909243
 0.3389830508474576 6 3 13 1]
[1.9850478364986808 'Conceptual' 1 2.4347362159523636 47.57465907909243
 1.9491525423728813 6 3 14 1]
[0.0011720414323207952 'Conceptual' 1 2.4347362159523636 47.57465907909243
 0.7966101694915253 6 3 15 1]
[2.68558182798155 'Conceptual' 1 2.4347362159523636 47.57465907909243
 2.11864406779661 6 3 16 1]
[1.439497622694411 'Conceptual' 1 2.4347362159523636 47.57465907909243
 1.271186440677966 6 3 17 2]
[1.6852717733735154 'Conceptual' 1 2.4347362159523636 47.57465907909243
 1.3559322033898304 6 3 18 10]
[2.3804909913962704 'Conceptual' 1 2.4347362159523636 47.57465907909243
 1.6779661016949152 6 3 19 1]
[0.0 'Conceptual' 1 2.4347362159523636 47.57465907909243 0.0 6 4 0 27]
[2.130321560524652 'Conceptual' 1 2.4347362159523636 47.57465907909243
 7.271186440677965 6 4 1 14]
[3.5969276105485637 'Conceptual' 1 2.4347362159523636 47.57465907909243
 1.8644067796610169 6 4 2 2]
[2.4559748330706457 'Conceptual' 1 2.4347362159523636 47.57465907909243
 2.711864406779661 6 4 3 1]
[7.439120295969072 'Conceptual' 1 2.4347362159523636 47.57465907909243
 10.169491525423728 6 4 4 0]
[0.5697926731732171 'Conceptual' 1 2.4347362159523636 47.57465907909243
 2.5932203389830506 6 4 5 10]
[3.6346213916889143 'Conceptual' 1 2.4347362159523636 47.57465907909243
 7.881355932203389 6 4 6 2]
[3.0312261272913137 'Conceptual' 1 2.4347362159523636 47.57465907909243
 2.864406779661017 6 4 7 1]
[2.7865444425988097 'Conceptual' 1 2.4347362159523636 47.57465907909243
 4.491525423728812 6 4 8 1]
[2.2268085099648274 'Conceptual' 1 2.4347362159523636 47.57465907909243
 3.5084745762711864 6 4 9 9]
[3.036369710881751 'Conceptual' 1 2.4347362159523636 47.57465907909243
 3.542372881355932 6 4 10 1]
[1.6120873660793775 'Conceptual' 1 2.4347362159523636 47.57465907909243
 2.542372881355932 6 4 11 8]
[1.6955955561882925 'Conceptual' 1 2.4347362159523636 47.57465907909243
 2.1864406779661016 6 4 12 1]
[0.4599407114604593 'Conceptual' 1 2.4347362159523636 47.57465907909243
 0.3389830508474576 6 4 13 1]
[1.9850478364986808 'Conceptual' 1 2.4347362159523636 47.57465907909243
 1.9491525423728813 6 4 14 1]
[0.0011720414323207952 'Conceptual' 1 2.4347362159523636 47.57465907909243
 0.7966101694915253 6 4 15 1]
[2.68558182798155 'Conceptual' 1 2.4347362159523636 47.57465907909243
 2.11864406779661 6 4 16 1]
[1.439497622694411 'Conceptual' 1 2.4347362159523636 47.57465907909243
 1.271186440677966 6 4 17 2]
[1.6852717733735154 'Conceptual' 1 2.4347362159523636 47.57465907909243
 1.3559322033898304 6 4 18 10]
[2.3804909913962704 'Conceptual' 1 2.4347362159523636 47.57465907909243
 1.6779661016949152 6 4 19 1]
[0.0 'Conceptual' 1 2.4347362159523636 47.57465907909243 0.0 6 5 0 27]
[2.130321560524652 'Conceptual' 1 2.4347362159523636 47.57465907909243
 7.271186440677965 6 5 1 14]
[3.5969276105485637 'Conceptual' 1 2.4347362159523636 47.57465907909243
 1.8644067796610169 6 5 2 2]
[2.4559748330706457 'Conceptual' 1 2.4347362159523636 47.57465907909243
 2.711864406779661 6 5 3 1]
[7.439120295969072 'Conceptual' 1 2.4347362159523636 47.57465907909243
 10.169491525423728 6 5 4 0]
[0.5697926731732171 'Conceptual' 1 2.4347362159523636 47.57465907909243
 2.5932203389830506 6 5 5 10]
[3.6346213916889143 'Conceptual' 1 2.4347362159523636 47.57465907909243
 7.881355932203389 6 5 6 2]
[3.0312261272913137 'Conceptual' 1 2.4347362159523636 47.57465907909243
 2.864406779661017 6 5 7 1]
[2.7865444425988097 'Conceptual' 1 2.4347362159523636 47.57465907909243
 4.491525423728812 6 5 8 1]
[2.2268085099648274 'Conceptual' 1 2.4347362159523636 47.57465907909243
 3.5084745762711864 6 5 9 9]
[3.036369710881751 'Conceptual' 1 2.4347362159523636 47.57465907909243
 3.542372881355932 6 5 10 1]
[1.6120873660793775 'Conceptual' 1 2.4347362159523636 47.57465907909243
 2.542372881355932 6 5 11 8]
[1.6955955561882925 'Conceptual' 1 2.4347362159523636 47.57465907909243
 2.1864406779661016 6 5 12 1]
[0.4599407114604593 'Conceptual' 1 2.4347362159523636 47.57465907909243
 0.3389830508474576 6 5 13 1]
[1.9850478364986808 'Conceptual' 1 2.4347362159523636 47.57465907909243
 1.9491525423728813 6 5 14 1]
[0.0011720414323207952 'Conceptual' 1 2.4347362159523636 47.57465907909243
 0.7966101694915253 6 5 15 1]
[2.68558182798155 'Conceptual' 1 2.4347362159523636 47.57465907909243
 2.11864406779661 6 5 16 1]
[1.439497622694411 'Conceptual' 1 2.4347362159523636 47.57465907909243
 1.271186440677966 6 5 17 2]
[1.6852717733735154 'Conceptual' 1 2.4347362159523636 47.57465907909243
 1.3559322033898304 6 5 18 10]
[2.3804909913962704 'Conceptual' 1 2.4347362159523636 47.57465907909243
 1.6779661016949152 6 5 19 1]
[0.0 'Conceptual' 1 2.4347362159523636 47.57465907909243 0.0 6 6 0 27]
[2.130321560524652 'Conceptual' 1 2.4347362159523636 47.57465907909243
 7.271186440677965 6 6 1 14]
[3.5969276105485637 'Conceptual' 1 2.4347362159523636 47.57465907909243
 1.8644067796610169 6 6 2 2]
[2.4559748330706457 'Conceptual' 1 2.4347362159523636 47.57465907909243
 2.711864406779661 6 6 3 1]
[7.439120295969072 'Conceptual' 1 2.4347362159523636 47.57465907909243
 10.169491525423728 6 6 4 0]
[0.5697926731732171 'Conceptual' 1 2.4347362159523636 47.57465907909243
 2.5932203389830506 6 6 5 10]
[3.6346213916889143 'Conceptual' 1 2.4347362159523636 47.57465907909243
 7.881355932203389 6 6 6 2]
[3.0312261272913137 'Conceptual' 1 2.4347362159523636 47.57465907909243
 2.864406779661017 6 6 7 1]
[2.7865444425988097 'Conceptual' 1 2.4347362159523636 47.57465907909243
 4.491525423728812 6 6 8 1]
[2.2268085099648274 'Conceptual' 1 2.4347362159523636 47.57465907909243
 3.5084745762711864 6 6 9 9]
[3.036369710881751 'Conceptual' 1 2.4347362159523636 47.57465907909243
 3.542372881355932 6 6 10 1]
[1.6120873660793775 'Conceptual' 1 2.4347362159523636 47.57465907909243
 2.542372881355932 6 6 11 8]
[1.6955955561882925 'Conceptual' 1 2.4347362159523636 47.57465907909243
 2.1864406779661016 6 6 12 1]
[0.4599407114604593 'Conceptual' 1 2.4347362159523636 47.57465907909243
 0.3389830508474576 6 6 13 1]
[1.9850478364986808 'Conceptual' 1 2.4347362159523636 47.57465907909243
 1.9491525423728813 6 6 14 1]
[0.0011720414323207952 'Conceptual' 1 2.4347362159523636 47.57465907909243
 0.7966101694915253 6 6 15 1]
[2.68558182798155 'Conceptual' 1 2.4347362159523636 47.57465907909243
 2.11864406779661 6 6 16 1]
[1.439497622694411 'Conceptual' 1 2.4347362159523636 47.57465907909243
 1.271186440677966 6 6 17 2]
[1.6852717733735154 'Conceptual' 1 2.4347362159523636 47.57465907909243
 1.3559322033898304 6 6 18 10]
[2.3804909913962704 'Conceptual' 1 2.4347362159523636 47.57465907909243
 1.6779661016949152 6 6 19 1]
[0.0 'Conceptual' 1 2.4347362159523636 47.57465907909243 0.0 6 7 0 27]
[2.130321560524652 'Conceptual' 1 2.4347362159523636 47.57465907909243
 7.271186440677965 6 7 1 14]
[3.5969276105485637 'Conceptual' 1 2.4347362159523636 47.57465907909243
 1.8644067796610169 6 7 2 2]
[2.4559748330706457 'Conceptual' 1 2.4347362159523636 47.57465907909243
 2.711864406779661 6 7 3 1]
[7.439120295969072 'Conceptual' 1 2.4347362159523636 47.57465907909243
 10.169491525423728 6 7 4 0]
[0.5697926731732171 'Conceptual' 1 2.4347362159523636 47.57465907909243
 2.5932203389830506 6 7 5 10]
[3.6346213916889143 'Conceptual' 1 2.4347362159523636 47.57465907909243
 7.881355932203389 6 7 6 2]
[3.0312261272913137 'Conceptual' 1 2.4347362159523636 47.57465907909243
 2.864406779661017 6 7 7 1]
[2.7865444425988097 'Conceptual' 1 2.4347362159523636 47.57465907909243
 4.491525423728812 6 7 8 1]
[2.2268085099648274 'Conceptual' 1 2.4347362159523636 47.57465907909243
 3.5084745762711864 6 7 9 9]
[3.036369710881751 'Conceptual' 1 2.4347362159523636 47.57465907909243
 3.542372881355932 6 7 10 1]
[1.6120873660793775 'Conceptual' 1 2.4347362159523636 47.57465907909243
 2.542372881355932 6 7 11 8]
[1.6955955561882925 'Conceptual' 1 2.4347362159523636 47.57465907909243
 2.1864406779661016 6 7 12 1]
[0.4599407114604593 'Conceptual' 1 2.4347362159523636 47.57465907909243
 0.3389830508474576 6 7 13 1]
[1.9850478364986808 'Conceptual' 1 2.4347362159523636 47.57465907909243
 1.9491525423728813 6 7 14 1]
[0.0011720414323207952 'Conceptual' 1 2.4347362159523636 47.57465907909243
 0.7966101694915253 6 7 15 1]
[2.68558182798155 'Conceptual' 1 2.4347362159523636 47.57465907909243
 2.11864406779661 6 7 16 1]
[1.439497622694411 'Conceptual' 1 2.4347362159523636 47.57465907909243
 1.271186440677966 6 7 17 2]
[1.6852717733735154 'Conceptual' 1 2.4347362159523636 47.57465907909243
 1.3559322033898304 6 7 18 10]
[2.3804909913962704 'Conceptual' 1 2.4347362159523636 47.57465907909243
 1.6779661016949152 6 7 19 1]
[0.0 'Conceptual' 1 2.4347362159523636 47.57465907909243 0.0 6 8 0 27]
[2.130321560524652 'Conceptual' 1 2.4347362159523636 47.57465907909243
 7.271186440677965 6 8 1 14]
[3.5969276105485637 'Conceptual' 1 2.4347362159523636 47.57465907909243
 1.8644067796610169 6 8 2 2]
[2.4559748330706457 'Conceptual' 1 2.4347362159523636 47.57465907909243
 2.711864406779661 6 8 3 1]
[7.439120295969072 'Conceptual' 1 2.4347362159523636 47.57465907909243
 10.169491525423728 6 8 4 0]
[0.5697926731732171 'Conceptual' 1 2.4347362159523636 47.57465907909243
 2.5932203389830506 6 8 5 10]
[3.6346213916889143 'Conceptual' 1 2.4347362159523636 47.57465907909243
 7.881355932203389 6 8 6 2]
[3.0312261272913137 'Conceptual' 1 2.4347362159523636 47.57465907909243
 2.864406779661017 6 8 7 1]
[2.7865444425988097 'Conceptual' 1 2.4347362159523636 47.57465907909243
 4.491525423728812 6 8 8 1]
[2.2268085099648274 'Conceptual' 1 2.4347362159523636 47.57465907909243
 3.5084745762711864 6 8 9 9]
[3.036369710881751 'Conceptual' 1 2.4347362159523636 47.57465907909243
 3.542372881355932 6 8 10 1]
[1.6120873660793775 'Conceptual' 1 2.4347362159523636 47.57465907909243
 2.542372881355932 6 8 11 8]
[1.6955955561882925 'Conceptual' 1 2.4347362159523636 47.57465907909243
 2.1864406779661016 6 8 12 1]
[0.4599407114604593 'Conceptual' 1 2.4347362159523636 47.57465907909243
 0.3389830508474576 6 8 13 1]
[1.9850478364986808 'Conceptual' 1 2.4347362159523636 47.57465907909243
 1.9491525423728813 6 8 14 1]
[0.0011720414323207952 'Conceptual' 1 2.4347362159523636 47.57465907909243
 0.7966101694915253 6 8 15 1]
[2.68558182798155 'Conceptual' 1 2.4347362159523636 47.57465907909243
 2.11864406779661 6 8 16 1]
[1.439497622694411 'Conceptual' 1 2.4347362159523636 47.57465907909243
 1.271186440677966 6 8 17 2]
[1.6852717733735154 'Conceptual' 1 2.4347362159523636 47.57465907909243
 1.3559322033898304 6 8 18 10]
[2.3804909913962704 'Conceptual' 1 2.4347362159523636 47.57465907909243
 1.6779661016949152 6 8 19 1]
