[0.0 'Spatial' 1 0.024972851754954697 0.278041925797372 0.0 124 0 0 7]
[4.071467111422031 'Spatial' 1 0.024972851754954697 0.278041925797372
 1.1016949152542372 124 0 1 29]
[2.591279454484877 'Spatial' 1 0.024972851754954697 0.278041925797372
 3.1355932203389827 124 0 2 0]
[2.0826146582036205 'Spatial' 1 0.024972851754954697 0.278041925797372
 5.1694915254237275 124 0 3 10]
[4.060773546598848 'Spatial' 1 0.024972851754954697 0.278041925797372
 10.169491525423728 124 0 4 16]
[0.9282072527634284 'Spatial' 1 0.024972851754954697 0.278041925797372
 0.1694915254237288 124 0 5 0]
[1.7462461769279731 'Spatial' 1 0.024972851754954697 0.278041925797372
 5.813559322033898 124 0 6 1]
[0.7906105219932632 'Spatial' 1 0.024972851754954697 0.278041925797372
 2.11864406779661 124 0 7 9]
[0.0006298016333102192 'Spatial' 1 0.024972851754954697 0.278041925797372
 0.1694915254237288 124 0 8 0]
[0.0006298016333102192 'Spatial' 1 0.024972851754954697 0.278041925797372
 0.1694915254237288 124 0 9 0]
[0.0006298016333102192 'Spatial' 1 0.024972851754954697 0.278041925797372
 0.1694915254237288 124 0 10 0]
[0.0006298016333102192 'Spatial' 1 0.024972851754954697 0.278041925797372
 0.1694915254237288 124 0 11 0]
[0.0006298016333102192 'Spatial' 1 0.024972851754954697 0.278041925797372
 0.1694915254237288 124 0 12 0]
[0.0006298016333102192 'Spatial' 1 0.024972851754954697 0.278041925797372
 0.1694915254237288 124 0 13 0]
[0.0006298016333102192 'Spatial' 1 0.024972851754954697 0.278041925797372
 0.1694915254237288 124 0 14 0]
[0.0006298016333102192 'Spatial' 1 0.024972851754954697 0.278041925797372
 0.1694915254237288 124 0 15 0]
[0.0006298016333102192 'Spatial' 1 0.024972851754954697 0.278041925797372
 0.1694915254237288 124 0 16 0]
[0.0006298016333102192 'Spatial' 1 0.024972851754954697 0.278041925797372
 0.1694915254237288 124 0 17 0]
[0.0006298016333102192 'Spatial' 1 0.024972851754954697 0.278041925797372
 0.1694915254237288 124 0 18 0]
[0.0006298016333102192 'Spatial' 1 0.024972851754954697 0.278041925797372
 0.1694915254237288 124 0 19 0]
[0.0 'Spatial' 1 0.024972851754954697 0.278041925797372 0.0 124 1 0 7]
[4.071467111422031 'Spatial' 1 0.024972851754954697 0.278041925797372
 1.1016949152542372 124 1 1 29]
[2.591279454484877 'Spatial' 1 0.024972851754954697 0.278041925797372
 3.1355932203389827 124 1 2 0]
[2.0826146582036205 'Spatial' 1 0.024972851754954697 0.278041925797372
 5.1694915254237275 124 1 3 10]
[4.060773546598848 'Spatial' 1 0.024972851754954697 0.278041925797372
 10.169491525423728 124 1 4 16]
[0.9282072527634284 'Spatial' 1 0.024972851754954697 0.278041925797372
 0.1694915254237288 124 1 5 0]
[1.7462461769279731 'Spatial' 1 0.024972851754954697 0.278041925797372
 5.813559322033898 124 1 6 1]
[0.7906105219932632 'Spatial' 1 0.024972851754954697 0.278041925797372
 2.11864406779661 124 1 7 9]
[0.0006298016333102192 'Spatial' 1 0.024972851754954697 0.278041925797372
 0.1694915254237288 124 1 8 0]
[0.0006298016333102192 'Spatial' 1 0.024972851754954697 0.278041925797372
 0.1694915254237288 124 1 9 0]
[0.0006298016333102192 'Spatial' 1 0.024972851754954697 0.278041925797372
 0.1694915254237288 124 1 10 0]
[0.0006298016333102192 'Spatial' 1 0.024972851754954697 0.278041925797372
 0.1694915254237288 124 1 11 0]
[0.0006298016333102192 'Spatial' 1 0.024972851754954697 0.278041925797372
 0.1694915254237288 124 1 12 0]
[0.0006298016333102192 'Spatial' 1 0.024972851754954697 0.278041925797372
 0.1694915254237288 124 1 13 0]
[0.0006298016333102192 'Spatial' 1 0.024972851754954697 0.278041925797372
 0.1694915254237288 124 1 14 0]
[0.0006298016333102192 'Spatial' 1 0.024972851754954697 0.278041925797372
 0.1694915254237288 124 1 15 0]
[0.0006298016333102192 'Spatial' 1 0.024972851754954697 0.278041925797372
 0.1694915254237288 124 1 16 0]
[0.0006298016333102192 'Spatial' 1 0.024972851754954697 0.278041925797372
 0.1694915254237288 124 1 17 0]
[0.0006298016333102192 'Spatial' 1 0.024972851754954697 0.278041925797372
 0.1694915254237288 124 1 18 0]
[0.0006298016333102192 'Spatial' 1 0.024972851754954697 0.278041925797372
 0.1694915254237288 124 1 19 0]
[0.0 'Spatial' 1 0.024972851754954697 0.278041925797372 0.0 124 2 0 7]
[4.071467111422031 'Spatial' 1 0.024972851754954697 0.278041925797372
 1.1016949152542372 124 2 1 29]
[2.591279454484877 'Spatial' 1 0.024972851754954697 0.278041925797372
 3.1355932203389827 124 2 2 0]
[2.0826146582036205 'Spatial' 1 0.024972851754954697 0.278041925797372
 5.1694915254237275 124 2 3 10]
[4.060773546598848 'Spatial' 1 0.024972851754954697 0.278041925797372
 10.169491525423728 124 2 4 16]
[0.9282072527634284 'Spatial' 1 0.024972851754954697 0.278041925797372
 0.1694915254237288 124 2 5 0]
[1.7462461769279731 'Spatial' 1 0.024972851754954697 0.278041925797372
 5.813559322033898 124 2 6 1]
[0.7906105219932632 'Spatial' 1 0.024972851754954697 0.278041925797372
 2.11864406779661 124 2 7 9]
[0.0006298016333102192 'Spatial' 1 0.024972851754954697 0.278041925797372
 0.1694915254237288 124 2 8 0]
[0.0006298016333102192 'Spatial' 1 0.024972851754954697 0.278041925797372
 0.1694915254237288 124 2 9 0]
[0.0006298016333102192 'Spatial' 1 0.024972851754954697 0.278041925797372
 0.1694915254237288 124 2 10 0]
[0.0006298016333102192 'Spatial' 1 0.024972851754954697 0.278041925797372
 0.1694915254237288 124 2 11 0]
[0.0006298016333102192 'Spatial' 1 0.024972851754954697 0.278041925797372
 0.1694915254237288 124 2 12 0]
[0.0006298016333102192 'Spatial' 1 0.024972851754954697 0.278041925797372
 0.1694915254237288 124 2 13 0]
[0.0006298016333102192 'Spatial' 1 0.024972851754954697 0.278041925797372
 0.1694915254237288 124 2 14 0]
[0.0006298016333102192 'Spatial' 1 0.024972851754954697 0.278041925797372
 0.1694915254237288 124 2 15 0]
[0.0006298016333102192 'Spatial' 1 0.024972851754954697 0.278041925797372
 0.1694915254237288 124 2 16 0]
[0.0006298016333102192 'Spatial' 1 0.024972851754954697 0.278041925797372
 0.1694915254237288 124 2 17 0]
[0.0006298016333102192 'Spatial' 1 0.024972851754954697 0.278041925797372
 0.1694915254237288 124 2 18 0]
[0.0006298016333102192 'Spatial' 1 0.024972851754954697 0.278041925797372
 0.1694915254237288 124 2 19 0]
[0.0 'Spatial' 1 0.024972851754954697 0.278041925797372 0.0 124 3 0 7]
[4.071467111422031 'Spatial' 1 0.024972851754954697 0.278041925797372
 1.1016949152542372 124 3 1 29]
[2.591279454484877 'Spatial' 1 0.024972851754954697 0.278041925797372
 3.1355932203389827 124 3 2 0]
[2.0826146582036205 'Spatial' 1 0.024972851754954697 0.278041925797372
 5.1694915254237275 124 3 3 10]
[4.060773546598848 'Spatial' 1 0.024972851754954697 0.278041925797372
 10.169491525423728 124 3 4 16]
[0.9282072527634284 'Spatial' 1 0.024972851754954697 0.278041925797372
 0.1694915254237288 124 3 5 0]
[1.7462461769279731 'Spatial' 1 0.024972851754954697 0.278041925797372
 5.813559322033898 124 3 6 1]
[0.7906105219932632 'Spatial' 1 0.024972851754954697 0.278041925797372
 2.11864406779661 124 3 7 9]
[0.0006298016333102192 'Spatial' 1 0.024972851754954697 0.278041925797372
 0.1694915254237288 124 3 8 0]
[0.0006298016333102192 'Spatial' 1 0.024972851754954697 0.278041925797372
 0.1694915254237288 124 3 9 0]
[0.0006298016333102192 'Spatial' 1 0.024972851754954697 0.278041925797372
 0.1694915254237288 124 3 10 0]
[0.0006298016333102192 'Spatial' 1 0.024972851754954697 0.278041925797372
 0.1694915254237288 124 3 11 0]
[0.0006298016333102192 'Spatial' 1 0.024972851754954697 0.278041925797372
 0.1694915254237288 124 3 12 0]
[0.0006298016333102192 'Spatial' 1 0.024972851754954697 0.278041925797372
 0.1694915254237288 124 3 13 0]
[0.0006298016333102192 'Spatial' 1 0.024972851754954697 0.278041925797372
 0.1694915254237288 124 3 14 0]
[0.0006298016333102192 'Spatial' 1 0.024972851754954697 0.278041925797372
 0.1694915254237288 124 3 15 0]
[0.0006298016333102192 'Spatial' 1 0.024972851754954697 0.278041925797372
 0.1694915254237288 124 3 16 0]
[0.0006298016333102192 'Spatial' 1 0.024972851754954697 0.278041925797372
 0.1694915254237288 124 3 17 0]
[0.0006298016333102192 'Spatial' 1 0.024972851754954697 0.278041925797372
 0.1694915254237288 124 3 18 0]
[0.0006298016333102192 'Spatial' 1 0.024972851754954697 0.278041925797372
 0.1694915254237288 124 3 19 0]
[0.0 'Spatial' 1 0.024972851754954697 0.278041925797372 0.0 124 4 0 7]
[4.071467111422031 'Spatial' 1 0.024972851754954697 0.278041925797372
 1.1016949152542372 124 4 1 29]
[2.591279454484877 'Spatial' 1 0.024972851754954697 0.278041925797372
 3.1355932203389827 124 4 2 0]
[2.0826146582036205 'Spatial' 1 0.024972851754954697 0.278041925797372
 5.1694915254237275 124 4 3 10]
[4.060773546598848 'Spatial' 1 0.024972851754954697 0.278041925797372
 10.169491525423728 124 4 4 16]
[0.9282072527634284 'Spatial' 1 0.024972851754954697 0.278041925797372
 0.1694915254237288 124 4 5 0]
[1.7462461769279731 'Spatial' 1 0.024972851754954697 0.278041925797372
 5.813559322033898 124 4 6 1]
[0.7906105219932632 'Spatial' 1 0.024972851754954697 0.278041925797372
 2.11864406779661 124 4 7 9]
[0.0006298016333102192 'Spatial' 1 0.024972851754954697 0.278041925797372
 0.1694915254237288 124 4 8 0]
[0.0006298016333102192 'Spatial' 1 0.024972851754954697 0.278041925797372
 0.1694915254237288 124 4 9 0]
[0.0006298016333102192 'Spatial' 1 0.024972851754954697 0.278041925797372
 0.1694915254237288 124 4 10 0]
[0.0006298016333102192 'Spatial' 1 0.024972851754954697 0.278041925797372
 0.1694915254237288 124 4 11 0]
[0.0006298016333102192 'Spatial' 1 0.024972851754954697 0.278041925797372
 0.1694915254237288 124 4 12 0]
[0.0006298016333102192 'Spatial' 1 0.024972851754954697 0.278041925797372
 0.1694915254237288 124 4 13 0]
[0.0006298016333102192 'Spatial' 1 0.024972851754954697 0.278041925797372
 0.1694915254237288 124 4 14 0]
[0.0006298016333102192 'Spatial' 1 0.024972851754954697 0.278041925797372
 0.1694915254237288 124 4 15 0]
[0.0006298016333102192 'Spatial' 1 0.024972851754954697 0.278041925797372
 0.1694915254237288 124 4 16 0]
[0.0006298016333102192 'Spatial' 1 0.024972851754954697 0.278041925797372
 0.1694915254237288 124 4 17 0]
[0.0006298016333102192 'Spatial' 1 0.024972851754954697 0.278041925797372
 0.1694915254237288 124 4 18 0]
[0.0006298016333102192 'Spatial' 1 0.024972851754954697 0.278041925797372
 0.1694915254237288 124 4 19 0]
[0.0 'Spatial' 1 0.024972851754954697 0.278041925797372 0.0 124 5 0 7]
[4.071467111422031 'Spatial' 1 0.024972851754954697 0.278041925797372
 1.1016949152542372 124 5 1 29]
[2.591279454484877 'Spatial' 1 0.024972851754954697 0.278041925797372
 3.1355932203389827 124 5 2 0]
[2.0826146582036205 'Spatial' 1 0.024972851754954697 0.278041925797372
 5.1694915254237275 124 5 3 10]
[4.060773546598848 'Spatial' 1 0.024972851754954697 0.278041925797372
 10.169491525423728 124 5 4 16]
[0.9282072527634284 'Spatial' 1 0.024972851754954697 0.278041925797372
 0.1694915254237288 124 5 5 0]
[1.7462461769279731 'Spatial' 1 0.024972851754954697 0.278041925797372
 5.813559322033898 124 5 6 1]
[0.7906105219932632 'Spatial' 1 0.024972851754954697 0.278041925797372
 2.11864406779661 124 5 7 9]
[0.0006298016333102192 'Spatial' 1 0.024972851754954697 0.278041925797372
 0.1694915254237288 124 5 8 0]
[0.0006298016333102192 'Spatial' 1 0.024972851754954697 0.278041925797372
 0.1694915254237288 124 5 9 0]
[0.0006298016333102192 'Spatial' 1 0.024972851754954697 0.278041925797372
 0.1694915254237288 124 5 10 0]
[0.0006298016333102192 'Spatial' 1 0.024972851754954697 0.278041925797372
 0.1694915254237288 124 5 11 0]
[0.0006298016333102192 'Spatial' 1 0.024972851754954697 0.278041925797372
 0.1694915254237288 124 5 12 0]
[0.0006298016333102192 'Spatial' 1 0.024972851754954697 0.278041925797372
 0.1694915254237288 124 5 13 0]
[0.0006298016333102192 'Spatial' 1 0.024972851754954697 0.278041925797372
 0.1694915254237288 124 5 14 0]
[0.0006298016333102192 'Spatial' 1 0.024972851754954697 0.278041925797372
 0.1694915254237288 124 5 15 0]
[0.0006298016333102192 'Spatial' 1 0.024972851754954697 0.278041925797372
 0.1694915254237288 124 5 16 0]
[0.0006298016333102192 'Spatial' 1 0.024972851754954697 0.278041925797372
 0.1694915254237288 124 5 17 0]
[0.0006298016333102192 'Spatial' 1 0.024972851754954697 0.278041925797372
 0.1694915254237288 124 5 18 0]
[0.0006298016333102192 'Spatial' 1 0.024972851754954697 0.278041925797372
 0.1694915254237288 124 5 19 0]
[0.0 'Spatial' 1 0.024972851754954697 0.278041925797372 0.0 124 6 0 7]
[4.071467111422031 'Spatial' 1 0.024972851754954697 0.278041925797372
 1.1016949152542372 124 6 1 29]
[2.591279454484877 'Spatial' 1 0.024972851754954697 0.278041925797372
 3.1355932203389827 124 6 2 0]
[2.0826146582036205 'Spatial' 1 0.024972851754954697 0.278041925797372
 5.1694915254237275 124 6 3 10]
[4.060773546598848 'Spatial' 1 0.024972851754954697 0.278041925797372
 10.169491525423728 124 6 4 16]
[0.9282072527634284 'Spatial' 1 0.024972851754954697 0.278041925797372
 0.1694915254237288 124 6 5 0]
[1.7462461769279731 'Spatial' 1 0.024972851754954697 0.278041925797372
 5.813559322033898 124 6 6 1]
[0.7906105219932632 'Spatial' 1 0.024972851754954697 0.278041925797372
 2.11864406779661 124 6 7 9]
[0.0006298016333102192 'Spatial' 1 0.024972851754954697 0.278041925797372
 0.1694915254237288 124 6 8 0]
[0.0006298016333102192 'Spatial' 1 0.024972851754954697 0.278041925797372
 0.1694915254237288 124 6 9 0]
[0.0006298016333102192 'Spatial' 1 0.024972851754954697 0.278041925797372
 0.1694915254237288 124 6 10 0]
[0.0006298016333102192 'Spatial' 1 0.024972851754954697 0.278041925797372
 0.1694915254237288 124 6 11 0]
[0.0006298016333102192 'Spatial' 1 0.024972851754954697 0.278041925797372
 0.1694915254237288 124 6 12 0]
[0.0006298016333102192 'Spatial' 1 0.024972851754954697 0.278041925797372
 0.1694915254237288 124 6 13 0]
[0.0006298016333102192 'Spatial' 1 0.024972851754954697 0.278041925797372
 0.1694915254237288 124 6 14 0]
[0.0006298016333102192 'Spatial' 1 0.024972851754954697 0.278041925797372
 0.1694915254237288 124 6 15 0]
[0.0006298016333102192 'Spatial' 1 0.024972851754954697 0.278041925797372
 0.1694915254237288 124 6 16 0]
[0.0006298016333102192 'Spatial' 1 0.024972851754954697 0.278041925797372
 0.1694915254237288 124 6 17 0]
[0.0006298016333102192 'Spatial' 1 0.024972851754954697 0.278041925797372
 0.1694915254237288 124 6 18 0]
[0.0006298016333102192 'Spatial' 1 0.024972851754954697 0.278041925797372
 0.1694915254237288 124 6 19 0]
[0.0 'Spatial' 1 0.024972851754954697 0.278041925797372 0.0 124 7 0 7]
[4.071467111422031 'Spatial' 1 0.024972851754954697 0.278041925797372
 1.1016949152542372 124 7 1 29]
[2.591279454484877 'Spatial' 1 0.024972851754954697 0.278041925797372
 3.1355932203389827 124 7 2 0]
[2.0826146582036205 'Spatial' 1 0.024972851754954697 0.278041925797372
 5.1694915254237275 124 7 3 10]
[4.060773546598848 'Spatial' 1 0.024972851754954697 0.278041925797372
 10.169491525423728 124 7 4 16]
[0.9282072527634284 'Spatial' 1 0.024972851754954697 0.278041925797372
 0.1694915254237288 124 7 5 0]
[1.7462461769279731 'Spatial' 1 0.024972851754954697 0.278041925797372
 5.813559322033898 124 7 6 1]
[0.7906105219932632 'Spatial' 1 0.024972851754954697 0.278041925797372
 2.11864406779661 124 7 7 9]
[0.0006298016333102192 'Spatial' 1 0.024972851754954697 0.278041925797372
 0.1694915254237288 124 7 8 0]
[0.0006298016333102192 'Spatial' 1 0.024972851754954697 0.278041925797372
 0.1694915254237288 124 7 9 0]
[0.0006298016333102192 'Spatial' 1 0.024972851754954697 0.278041925797372
 0.1694915254237288 124 7 10 0]
[0.0006298016333102192 'Spatial' 1 0.024972851754954697 0.278041925797372
 0.1694915254237288 124 7 11 0]
[0.0006298016333102192 'Spatial' 1 0.024972851754954697 0.278041925797372
 0.1694915254237288 124 7 12 0]
[0.0006298016333102192 'Spatial' 1 0.024972851754954697 0.278041925797372
 0.1694915254237288 124 7 13 0]
[0.0006298016333102192 'Spatial' 1 0.024972851754954697 0.278041925797372
 0.1694915254237288 124 7 14 0]
[0.0006298016333102192 'Spatial' 1 0.024972851754954697 0.278041925797372
 0.1694915254237288 124 7 15 0]
[0.0006298016333102192 'Spatial' 1 0.024972851754954697 0.278041925797372
 0.1694915254237288 124 7 16 0]
[0.0006298016333102192 'Spatial' 1 0.024972851754954697 0.278041925797372
 0.1694915254237288 124 7 17 0]
[0.0006298016333102192 'Spatial' 1 0.024972851754954697 0.278041925797372
 0.1694915254237288 124 7 18 0]
[0.0006298016333102192 'Spatial' 1 0.024972851754954697 0.278041925797372
 0.1694915254237288 124 7 19 0]
[0.0 'Spatial' 1 0.024972851754954697 0.278041925797372 0.0 124 8 0 7]
[4.071467111422031 'Spatial' 1 0.024972851754954697 0.278041925797372
 1.1016949152542372 124 8 1 29]
[2.591279454484877 'Spatial' 1 0.024972851754954697 0.278041925797372
 3.1355932203389827 124 8 2 0]
[2.0826146582036205 'Spatial' 1 0.024972851754954697 0.278041925797372
 5.1694915254237275 124 8 3 10]
[4.060773546598848 'Spatial' 1 0.024972851754954697 0.278041925797372
 10.169491525423728 124 8 4 16]
[0.9282072527634284 'Spatial' 1 0.024972851754954697 0.278041925797372
 0.1694915254237288 124 8 5 0]
[1.7462461769279731 'Spatial' 1 0.024972851754954697 0.278041925797372
 5.813559322033898 124 8 6 1]
[0.7906105219932632 'Spatial' 1 0.024972851754954697 0.278041925797372
 2.11864406779661 124 8 7 9]
[0.0006298016333102192 'Spatial' 1 0.024972851754954697 0.278041925797372
 0.1694915254237288 124 8 8 0]
[0.0006298016333102192 'Spatial' 1 0.024972851754954697 0.278041925797372
 0.1694915254237288 124 8 9 0]
[0.0006298016333102192 'Spatial' 1 0.024972851754954697 0.278041925797372
 0.1694915254237288 124 8 10 0]
[0.0006298016333102192 'Spatial' 1 0.024972851754954697 0.278041925797372
 0.1694915254237288 124 8 11 0]
[0.0006298016333102192 'Spatial' 1 0.024972851754954697 0.278041925797372
 0.1694915254237288 124 8 12 0]
[0.0006298016333102192 'Spatial' 1 0.024972851754954697 0.278041925797372
 0.1694915254237288 124 8 13 0]
[0.0006298016333102192 'Spatial' 1 0.024972851754954697 0.278041925797372
 0.1694915254237288 124 8 14 0]
[0.0006298016333102192 'Spatial' 1 0.024972851754954697 0.278041925797372
 0.1694915254237288 124 8 15 0]
[0.0006298016333102192 'Spatial' 1 0.024972851754954697 0.278041925797372
 0.1694915254237288 124 8 16 0]
[0.0006298016333102192 'Spatial' 1 0.024972851754954697 0.278041925797372
 0.1694915254237288 124 8 17 0]
[0.0006298016333102192 'Spatial' 1 0.024972851754954697 0.278041925797372
 0.1694915254237288 124 8 18 0]
[0.0006298016333102192 'Spatial' 1 0.024972851754954697 0.278041925797372
 0.1694915254237288 124 8 19 0]
