[0.0 'Spatial' 0 0.1240620394563303 0.47888004462646855 0.0 4 0 0 42]
[4.019735061249215 'Spatial' 0 0.1240620394563303 0.47888004462646855
 1.1694915254237288 4 0 1 45]
[3.76278327225516 'Spatial' 0 0.1240620394563303 0.47888004462646855
 1.5084745762711864 4 0 2 21]
[3.623029734626861 'Spatial' 0 0.1240620394563303 0.47888004462646855
 1.406779661016949 4 0 3 18]
[2.440049011229302 'Spatial' 0 0.1240620394563303 0.47888004462646855
 2.254237288135593 4 0 4 0]
[3.4938774245184883 'Spatial' 0 0.1240620394563303 0.47888004462646855
 3.101694915254237 4 0 5 36]
[3.7816280094266514 'Spatial' 0 0.1240620394563303 0.47888004462646855
 0.847457627118644 4 0 6 25]
[3.1564911431303537 'Spatial' 0 0.1240620394563303 0.47888004462646855
 1.0677966101694913 4 0 7 32]
[2.4183192142573193 'Spatial' 0 0.1240620394563303 0.47888004462646855
 0.9322033898305084 4 0 8 40]
[2.028853541798361 'Spatial' 0 0.1240620394563303 0.47888004462646855
 2.5254237288135593 4 0 9 41]
[2.988233292176705 'Spatial' 0 0.1240620394563303 0.47888004462646855
 2.966101694915254 4 0 10 24]
[0.11583158352400053 'Spatial' 0 0.1240620394563303 0.47888004462646855
 1.0169491525423728 4 0 11 32]
[0.006003408920860629 'Spatial' 0 0.1240620394563303 0.47888004462646855
 0.559322033898305 4 0 12 32]
[2.3568311829131976 'Spatial' 0 0.1240620394563303 0.47888004462646855
 2.966101694915254 4 0 13 24]
[0.004450601628316994 'Spatial' 0 0.1240620394563303 0.47888004462646855
 0.1694915254237288 4 0 14 32]
[0.0006378274493977024 'Spatial' 0 0.1240620394563303 0.47888004462646855
 0.1694915254237288 4 0 15 32]
[0.000629801633309997 'Spatial' 0 0.1240620394563303 0.47888004462646855
 0.1694915254237288 4 0 16 32]
[0.000629801633309997 'Spatial' 0 0.1240620394563303 0.47888004462646855
 0.1694915254237288 4 0 17 32]
[0.000629801633309997 'Spatial' 0 0.1240620394563303 0.47888004462646855
 0.1694915254237288 4 0 18 32]
[0.000629801633309997 'Spatial' 0 0.1240620394563303 0.47888004462646855
 0.1694915254237288 4 0 19 32]
[0.0 'Spatial' 0 0.1240620394563303 0.47888004462646855 0.0 4 1 0 42]
[4.019735061249215 'Spatial' 0 0.1240620394563303 0.47888004462646855
 1.1694915254237288 4 1 1 45]
[3.76278327225516 'Spatial' 0 0.1240620394563303 0.47888004462646855
 1.5084745762711864 4 1 2 21]
[3.623029734626861 'Spatial' 0 0.1240620394563303 0.47888004462646855
 1.406779661016949 4 1 3 18]
[2.440049011229302 'Spatial' 0 0.1240620394563303 0.47888004462646855
 2.254237288135593 4 1 4 0]
[3.4938774245184883 'Spatial' 0 0.1240620394563303 0.47888004462646855
 3.101694915254237 4 1 5 36]
[3.7816280094266514 'Spatial' 0 0.1240620394563303 0.47888004462646855
 0.847457627118644 4 1 6 25]
[3.1564911431303537 'Spatial' 0 0.1240620394563303 0.47888004462646855
 1.0677966101694913 4 1 7 32]
[2.4183192142573193 'Spatial' 0 0.1240620394563303 0.47888004462646855
 0.9322033898305084 4 1 8 40]
[2.028853541798361 'Spatial' 0 0.1240620394563303 0.47888004462646855
 2.5254237288135593 4 1 9 41]
[2.988233292176705 'Spatial' 0 0.1240620394563303 0.47888004462646855
 2.966101694915254 4 1 10 24]
[0.11583158352400053 'Spatial' 0 0.1240620394563303 0.47888004462646855
 1.0169491525423728 4 1 11 32]
[0.006003408920860629 'Spatial' 0 0.1240620394563303 0.47888004462646855
 0.559322033898305 4 1 12 32]
[2.3568311829131976 'Spatial' 0 0.1240620394563303 0.47888004462646855
 2.966101694915254 4 1 13 24]
[0.004450601628316994 'Spatial' 0 0.1240620394563303 0.47888004462646855
 0.1694915254237288 4 1 14 32]
[0.0006378274493977024 'Spatial' 0 0.1240620394563303 0.47888004462646855
 0.1694915254237288 4 1 15 32]
[0.000629801633309997 'Spatial' 0 0.1240620394563303 0.47888004462646855
 0.1694915254237288 4 1 16 32]
[0.000629801633309997 'Spatial' 0 0.1240620394563303 0.47888004462646855
 0.1694915254237288 4 1 17 32]
[0.000629801633309997 'Spatial' 0 0.1240620394563303 0.47888004462646855
 0.1694915254237288 4 1 18 32]
[0.000629801633309997 'Spatial' 0 0.1240620394563303 0.47888004462646855
 0.1694915254237288 4 1 19 32]
[0.0 'Spatial' 0 0.1240620394563303 0.47888004462646855 0.0 4 2 0 42]
[4.019735061249215 'Spatial' 0 0.1240620394563303 0.47888004462646855
 1.1694915254237288 4 2 1 45]
[3.76278327225516 'Spatial' 0 0.1240620394563303 0.47888004462646855
 1.5084745762711864 4 2 2 21]
[3.623029734626861 'Spatial' 0 0.1240620394563303 0.47888004462646855
 1.406779661016949 4 2 3 18]
[2.440049011229302 'Spatial' 0 0.1240620394563303 0.47888004462646855
 2.254237288135593 4 2 4 0]
[3.4938774245184883 'Spatial' 0 0.1240620394563303 0.47888004462646855
 3.101694915254237 4 2 5 36]
[3.7816280094266514 'Spatial' 0 0.1240620394563303 0.47888004462646855
 0.847457627118644 4 2 6 25]
[3.1564911431303537 'Spatial' 0 0.1240620394563303 0.47888004462646855
 1.0677966101694913 4 2 7 32]
[2.4183192142573193 'Spatial' 0 0.1240620394563303 0.47888004462646855
 0.9322033898305084 4 2 8 40]
[2.028853541798361 'Spatial' 0 0.1240620394563303 0.47888004462646855
 2.5254237288135593 4 2 9 41]
[2.988233292176705 'Spatial' 0 0.1240620394563303 0.47888004462646855
 2.966101694915254 4 2 10 24]
[0.11583158352400053 'Spatial' 0 0.1240620394563303 0.47888004462646855
 1.0169491525423728 4 2 11 32]
[0.006003408920860629 'Spatial' 0 0.1240620394563303 0.47888004462646855
 0.559322033898305 4 2 12 32]
[2.3568311829131976 'Spatial' 0 0.1240620394563303 0.47888004462646855
 2.966101694915254 4 2 13 24]
[0.004450601628316994 'Spatial' 0 0.1240620394563303 0.47888004462646855
 0.1694915254237288 4 2 14 32]
[0.0006378274493977024 'Spatial' 0 0.1240620394563303 0.47888004462646855
 0.1694915254237288 4 2 15 32]
[0.000629801633309997 'Spatial' 0 0.1240620394563303 0.47888004462646855
 0.1694915254237288 4 2 16 32]
[0.000629801633309997 'Spatial' 0 0.1240620394563303 0.47888004462646855
 0.1694915254237288 4 2 17 32]
[0.000629801633309997 'Spatial' 0 0.1240620394563303 0.47888004462646855
 0.1694915254237288 4 2 18 32]
[0.000629801633309997 'Spatial' 0 0.1240620394563303 0.47888004462646855
 0.1694915254237288 4 2 19 32]
[0.0 'Spatial' 0 0.1240620394563303 0.47888004462646855 0.0 4 3 0 42]
[4.019735061249215 'Spatial' 0 0.1240620394563303 0.47888004462646855
 1.1694915254237288 4 3 1 45]
[3.76278327225516 'Spatial' 0 0.1240620394563303 0.47888004462646855
 1.5084745762711864 4 3 2 21]
[3.623029734626861 'Spatial' 0 0.1240620394563303 0.47888004462646855
 1.406779661016949 4 3 3 18]
[2.440049011229302 'Spatial' 0 0.1240620394563303 0.47888004462646855
 2.254237288135593 4 3 4 0]
[3.4938774245184883 'Spatial' 0 0.1240620394563303 0.47888004462646855
 3.101694915254237 4 3 5 36]
[3.7816280094266514 'Spatial' 0 0.1240620394563303 0.47888004462646855
 0.847457627118644 4 3 6 25]
[3.1564911431303537 'Spatial' 0 0.1240620394563303 0.47888004462646855
 1.0677966101694913 4 3 7 32]
[2.4183192142573193 'Spatial' 0 0.1240620394563303 0.47888004462646855
 0.9322033898305084 4 3 8 40]
[2.028853541798361 'Spatial' 0 0.1240620394563303 0.47888004462646855
 2.5254237288135593 4 3 9 41]
[2.988233292176705 'Spatial' 0 0.1240620394563303 0.47888004462646855
 2.966101694915254 4 3 10 24]
[0.11583158352400053 'Spatial' 0 0.1240620394563303 0.47888004462646855
 1.0169491525423728 4 3 11 32]
[0.006003408920860629 'Spatial' 0 0.1240620394563303 0.47888004462646855
 0.559322033898305 4 3 12 32]
[2.3568311829131976 'Spatial' 0 0.1240620394563303 0.47888004462646855
 2.966101694915254 4 3 13 24]
[0.004450601628316994 'Spatial' 0 0.1240620394563303 0.47888004462646855
 0.1694915254237288 4 3 14 32]
[0.0006378274493977024 'Spatial' 0 0.1240620394563303 0.47888004462646855
 0.1694915254237288 4 3 15 32]
[0.000629801633309997 'Spatial' 0 0.1240620394563303 0.47888004462646855
 0.1694915254237288 4 3 16 32]
[0.000629801633309997 'Spatial' 0 0.1240620394563303 0.47888004462646855
 0.1694915254237288 4 3 17 32]
[0.000629801633309997 'Spatial' 0 0.1240620394563303 0.47888004462646855
 0.1694915254237288 4 3 18 32]
[0.000629801633309997 'Spatial' 0 0.1240620394563303 0.47888004462646855
 0.1694915254237288 4 3 19 32]
[0.0 'Spatial' 0 0.1240620394563303 0.47888004462646855 0.0 4 4 0 42]
[4.019735061249215 'Spatial' 0 0.1240620394563303 0.47888004462646855
 1.1694915254237288 4 4 1 45]
[3.76278327225516 'Spatial' 0 0.1240620394563303 0.47888004462646855
 1.5084745762711864 4 4 2 21]
[3.623029734626861 'Spatial' 0 0.1240620394563303 0.47888004462646855
 1.406779661016949 4 4 3 18]
[2.440049011229302 'Spatial' 0 0.1240620394563303 0.47888004462646855
 2.254237288135593 4 4 4 0]
[3.4938774245184883 'Spatial' 0 0.1240620394563303 0.47888004462646855
 3.101694915254237 4 4 5 36]
[3.7816280094266514 'Spatial' 0 0.1240620394563303 0.47888004462646855
 0.847457627118644 4 4 6 25]
[3.1564911431303537 'Spatial' 0 0.1240620394563303 0.47888004462646855
 1.0677966101694913 4 4 7 32]
[2.4183192142573193 'Spatial' 0 0.1240620394563303 0.47888004462646855
 0.9322033898305084 4 4 8 40]
[2.028853541798361 'Spatial' 0 0.1240620394563303 0.47888004462646855
 2.5254237288135593 4 4 9 41]
[2.988233292176705 'Spatial' 0 0.1240620394563303 0.47888004462646855
 2.966101694915254 4 4 10 24]
[0.11583158352400053 'Spatial' 0 0.1240620394563303 0.47888004462646855
 1.0169491525423728 4 4 11 32]
[0.006003408920860629 'Spatial' 0 0.1240620394563303 0.47888004462646855
 0.559322033898305 4 4 12 32]
[2.3568311829131976 'Spatial' 0 0.1240620394563303 0.47888004462646855
 2.966101694915254 4 4 13 24]
[0.004450601628316994 'Spatial' 0 0.1240620394563303 0.47888004462646855
 0.1694915254237288 4 4 14 32]
[0.0006378274493977024 'Spatial' 0 0.1240620394563303 0.47888004462646855
 0.1694915254237288 4 4 15 32]
[0.000629801633309997 'Spatial' 0 0.1240620394563303 0.47888004462646855
 0.1694915254237288 4 4 16 32]
[0.000629801633309997 'Spatial' 0 0.1240620394563303 0.47888004462646855
 0.1694915254237288 4 4 17 32]
[0.000629801633309997 'Spatial' 0 0.1240620394563303 0.47888004462646855
 0.1694915254237288 4 4 18 32]
[0.000629801633309997 'Spatial' 0 0.1240620394563303 0.47888004462646855
 0.1694915254237288 4 4 19 32]
[0.0 'Spatial' 0 0.1240620394563303 0.47888004462646855 0.0 4 5 0 42]
[4.019735061249215 'Spatial' 0 0.1240620394563303 0.47888004462646855
 1.1694915254237288 4 5 1 45]
[3.76278327225516 'Spatial' 0 0.1240620394563303 0.47888004462646855
 1.5084745762711864 4 5 2 21]
[3.623029734626861 'Spatial' 0 0.1240620394563303 0.47888004462646855
 1.406779661016949 4 5 3 18]
[2.440049011229302 'Spatial' 0 0.1240620394563303 0.47888004462646855
 2.254237288135593 4 5 4 0]
[3.4938774245184883 'Spatial' 0 0.1240620394563303 0.47888004462646855
 3.101694915254237 4 5 5 36]
[3.7816280094266514 'Spatial' 0 0.1240620394563303 0.47888004462646855
 0.847457627118644 4 5 6 25]
[3.1564911431303537 'Spatial' 0 0.1240620394563303 0.47888004462646855
 1.0677966101694913 4 5 7 32]
[2.4183192142573193 'Spatial' 0 0.1240620394563303 0.47888004462646855
 0.9322033898305084 4 5 8 40]
[2.028853541798361 'Spatial' 0 0.1240620394563303 0.47888004462646855
 2.5254237288135593 4 5 9 41]
[2.988233292176705 'Spatial' 0 0.1240620394563303 0.47888004462646855
 2.966101694915254 4 5 10 24]
[0.11583158352400053 'Spatial' 0 0.1240620394563303 0.47888004462646855
 1.0169491525423728 4 5 11 32]
[0.006003408920860629 'Spatial' 0 0.1240620394563303 0.47888004462646855
 0.559322033898305 4 5 12 32]
[2.3568311829131976 'Spatial' 0 0.1240620394563303 0.47888004462646855
 2.966101694915254 4 5 13 24]
[0.004450601628316994 'Spatial' 0 0.1240620394563303 0.47888004462646855
 0.1694915254237288 4 5 14 32]
[0.0006378274493977024 'Spatial' 0 0.1240620394563303 0.47888004462646855
 0.1694915254237288 4 5 15 32]
[0.000629801633309997 'Spatial' 0 0.1240620394563303 0.47888004462646855
 0.1694915254237288 4 5 16 32]
[0.000629801633309997 'Spatial' 0 0.1240620394563303 0.47888004462646855
 0.1694915254237288 4 5 17 32]
[0.000629801633309997 'Spatial' 0 0.1240620394563303 0.47888004462646855
 0.1694915254237288 4 5 18 32]
[0.000629801633309997 'Spatial' 0 0.1240620394563303 0.47888004462646855
 0.1694915254237288 4 5 19 32]
[0.0 'Spatial' 0 0.1240620394563303 0.47888004462646855 0.0 4 6 0 42]
[4.019735061249215 'Spatial' 0 0.1240620394563303 0.47888004462646855
 1.1694915254237288 4 6 1 45]
[3.76278327225516 'Spatial' 0 0.1240620394563303 0.47888004462646855
 1.5084745762711864 4 6 2 21]
[3.623029734626861 'Spatial' 0 0.1240620394563303 0.47888004462646855
 1.406779661016949 4 6 3 18]
[2.440049011229302 'Spatial' 0 0.1240620394563303 0.47888004462646855
 2.254237288135593 4 6 4 0]
[3.4938774245184883 'Spatial' 0 0.1240620394563303 0.47888004462646855
 3.101694915254237 4 6 5 36]
[3.7816280094266514 'Spatial' 0 0.1240620394563303 0.47888004462646855
 0.847457627118644 4 6 6 25]
[3.1564911431303537 'Spatial' 0 0.1240620394563303 0.47888004462646855
 1.0677966101694913 4 6 7 32]
[2.4183192142573193 'Spatial' 0 0.1240620394563303 0.47888004462646855
 0.9322033898305084 4 6 8 40]
[2.028853541798361 'Spatial' 0 0.1240620394563303 0.47888004462646855
 2.5254237288135593 4 6 9 41]
[2.988233292176705 'Spatial' 0 0.1240620394563303 0.47888004462646855
 2.966101694915254 4 6 10 24]
[0.11583158352400053 'Spatial' 0 0.1240620394563303 0.47888004462646855
 1.0169491525423728 4 6 11 32]
[0.006003408920860629 'Spatial' 0 0.1240620394563303 0.47888004462646855
 0.559322033898305 4 6 12 32]
[2.3568311829131976 'Spatial' 0 0.1240620394563303 0.47888004462646855
 2.966101694915254 4 6 13 24]
[0.004450601628316994 'Spatial' 0 0.1240620394563303 0.47888004462646855
 0.1694915254237288 4 6 14 32]
[0.0006378274493977024 'Spatial' 0 0.1240620394563303 0.47888004462646855
 0.1694915254237288 4 6 15 32]
[0.000629801633309997 'Spatial' 0 0.1240620394563303 0.47888004462646855
 0.1694915254237288 4 6 16 32]
[0.000629801633309997 'Spatial' 0 0.1240620394563303 0.47888004462646855
 0.1694915254237288 4 6 17 32]
[0.000629801633309997 'Spatial' 0 0.1240620394563303 0.47888004462646855
 0.1694915254237288 4 6 18 32]
[0.000629801633309997 'Spatial' 0 0.1240620394563303 0.47888004462646855
 0.1694915254237288 4 6 19 32]
[0.0 'Spatial' 0 0.1240620394563303 0.47888004462646855 0.0 4 7 0 42]
[4.019735061249215 'Spatial' 0 0.1240620394563303 0.47888004462646855
 1.1694915254237288 4 7 1 45]
[3.76278327225516 'Spatial' 0 0.1240620394563303 0.47888004462646855
 1.5084745762711864 4 7 2 21]
[3.623029734626861 'Spatial' 0 0.1240620394563303 0.47888004462646855
 1.406779661016949 4 7 3 18]
[2.440049011229302 'Spatial' 0 0.1240620394563303 0.47888004462646855
 2.254237288135593 4 7 4 0]
[3.4938774245184883 'Spatial' 0 0.1240620394563303 0.47888004462646855
 3.101694915254237 4 7 5 36]
[3.7816280094266514 'Spatial' 0 0.1240620394563303 0.47888004462646855
 0.847457627118644 4 7 6 25]
[3.1564911431303537 'Spatial' 0 0.1240620394563303 0.47888004462646855
 1.0677966101694913 4 7 7 32]
[2.4183192142573193 'Spatial' 0 0.1240620394563303 0.47888004462646855
 0.9322033898305084 4 7 8 40]
[2.028853541798361 'Spatial' 0 0.1240620394563303 0.47888004462646855
 2.5254237288135593 4 7 9 41]
[2.988233292176705 'Spatial' 0 0.1240620394563303 0.47888004462646855
 2.966101694915254 4 7 10 24]
[0.11583158352400053 'Spatial' 0 0.1240620394563303 0.47888004462646855
 1.0169491525423728 4 7 11 32]
[0.006003408920860629 'Spatial' 0 0.1240620394563303 0.47888004462646855
 0.559322033898305 4 7 12 32]
[2.3568311829131976 'Spatial' 0 0.1240620394563303 0.47888004462646855
 2.966101694915254 4 7 13 24]
[0.004450601628316994 'Spatial' 0 0.1240620394563303 0.47888004462646855
 0.1694915254237288 4 7 14 32]
[0.0006378274493977024 'Spatial' 0 0.1240620394563303 0.47888004462646855
 0.1694915254237288 4 7 15 32]
[0.000629801633309997 'Spatial' 0 0.1240620394563303 0.47888004462646855
 0.1694915254237288 4 7 16 32]
[0.000629801633309997 'Spatial' 0 0.1240620394563303 0.47888004462646855
 0.1694915254237288 4 7 17 32]
[0.000629801633309997 'Spatial' 0 0.1240620394563303 0.47888004462646855
 0.1694915254237288 4 7 18 32]
[0.000629801633309997 'Spatial' 0 0.1240620394563303 0.47888004462646855
 0.1694915254237288 4 7 19 32]
[0.0 'Spatial' 0 0.1240620394563303 0.47888004462646855 0.0 4 8 0 42]
[4.019735061249215 'Spatial' 0 0.1240620394563303 0.47888004462646855
 1.1694915254237288 4 8 1 45]
[3.76278327225516 'Spatial' 0 0.1240620394563303 0.47888004462646855
 1.5084745762711864 4 8 2 21]
[3.623029734626861 'Spatial' 0 0.1240620394563303 0.47888004462646855
 1.406779661016949 4 8 3 18]
[2.440049011229302 'Spatial' 0 0.1240620394563303 0.47888004462646855
 2.254237288135593 4 8 4 0]
[3.4938774245184883 'Spatial' 0 0.1240620394563303 0.47888004462646855
 3.101694915254237 4 8 5 36]
[3.7816280094266514 'Spatial' 0 0.1240620394563303 0.47888004462646855
 0.847457627118644 4 8 6 25]
[3.1564911431303537 'Spatial' 0 0.1240620394563303 0.47888004462646855
 1.0677966101694913 4 8 7 32]
[2.4183192142573193 'Spatial' 0 0.1240620394563303 0.47888004462646855
 0.9322033898305084 4 8 8 40]
[2.028853541798361 'Spatial' 0 0.1240620394563303 0.47888004462646855
 2.5254237288135593 4 8 9 41]
[2.988233292176705 'Spatial' 0 0.1240620394563303 0.47888004462646855
 2.966101694915254 4 8 10 24]
[0.11583158352400053 'Spatial' 0 0.1240620394563303 0.47888004462646855
 1.0169491525423728 4 8 11 32]
[0.006003408920860629 'Spatial' 0 0.1240620394563303 0.47888004462646855
 0.559322033898305 4 8 12 32]
[2.3568311829131976 'Spatial' 0 0.1240620394563303 0.47888004462646855
 2.966101694915254 4 8 13 24]
[0.004450601628316994 'Spatial' 0 0.1240620394563303 0.47888004462646855
 0.1694915254237288 4 8 14 32]
[0.0006378274493977024 'Spatial' 0 0.1240620394563303 0.47888004462646855
 0.1694915254237288 4 8 15 32]
[0.000629801633309997 'Spatial' 0 0.1240620394563303 0.47888004462646855
 0.1694915254237288 4 8 16 32]
[0.000629801633309997 'Spatial' 0 0.1240620394563303 0.47888004462646855
 0.1694915254237288 4 8 17 32]
[0.000629801633309997 'Spatial' 0 0.1240620394563303 0.47888004462646855
 0.1694915254237288 4 8 18 32]
[0.000629801633309997 'Spatial' 0 0.1240620394563303 0.47888004462646855
 0.1694915254237288 4 8 19 32]
