[0.0 'Conceptual' 0 0.19724951546448657 100.22698900143224 0.0 91 0 0 29]
[3.4599656249931017 'Conceptual' 0 0.19724951546448657 100.22698900143224
 1.694915254237288 91 0 1 63]
[3.198978141955505 'Conceptual' 0 0.19724951546448657 100.22698900143224
 7.966101694915254 91 0 2 41]
[3.576357064087916 'Conceptual' 0 0.19724951546448657 100.22698900143224
 0.9661016949152541 91 0 3 21]
[2.5660187998654527 'Conceptual' 0 0.19724951546448657 100.22698900143224
 2.711864406779661 91 0 4 41]
[1.699635548799021 'Conceptual' 0 0.19724951546448657 100.22698900143224
 1.694915254237288 91 0 5 19]
[3.4012087149312666 'Conceptual' 0 0.19724951546448657 100.22698900143224
 2.796610169491525 91 0 6 7]
[2.314846036049339 'Conceptual' 0 0.19724951546448657 100.22698900143224
 1.6440677966101693 91 0 7 0]
[3.0156958969130625 'Conceptual' 0 0.19724951546448657 100.22698900143224
 1.2372881355932202 91 0 8 56]
[3.178070496875725 'Conceptual' 0 0.19724951546448657 100.22698900143224
 2.016949152542373 91 0 9 0]
[3.713578014664519 'Conceptual' 0 0.19724951546448657 100.22698900143224
 2.4576271186440675 91 0 10 63]
[3.010505666249121 'Conceptual' 0 0.19724951546448657 100.22698900143224
 1.5254237288135593 91 0 11 34]
[3.188856382165717 'Conceptual' 0 0.19724951546448657 100.22698900143224
 1.6101694915254237 91 0 12 21]
[3.3339090575352097 'Conceptual' 0 0.19724951546448657 100.22698900143224
 1.6779661016949152 91 0 13 43]
[3.4340198636713013 'Conceptual' 0 0.19724951546448657 100.22698900143224
 0.559322033898305 91 0 14 13]
[3.421855471629279 'Conceptual' 0 0.19724951546448657 100.22698900143224
 1.3728813559322033 91 0 15 41]
[3.4749093120741996 'Conceptual' 0 0.19724951546448657 100.22698900143224
 1.5254237288135593 91 0 16 33]
[3.0448291019491243 'Conceptual' 0 0.19724951546448657 100.22698900143224
 0.7627118644067796 91 0 17 38]
[3.194322942878709 'Conceptual' 0 0.19724951546448657 100.22698900143224
 0.9999999999999999 91 0 18 54]
[3.2829142378423484 'Conceptual' 0 0.19724951546448657 100.22698900143224
 1.0169491525423728 91 0 19 21]
[0.0 'Conceptual' 0 0.19724951546448657 100.22698900143224 0.0 91 1 0 29]
[3.4599656249931017 'Conceptual' 0 0.19724951546448657 100.22698900143224
 1.694915254237288 91 1 1 63]
[3.198978141955505 'Conceptual' 0 0.19724951546448657 100.22698900143224
 7.966101694915254 91 1 2 41]
[3.576357064087916 'Conceptual' 0 0.19724951546448657 100.22698900143224
 0.9661016949152541 91 1 3 21]
[2.5660187998654527 'Conceptual' 0 0.19724951546448657 100.22698900143224
 2.711864406779661 91 1 4 41]
[1.699635548799021 'Conceptual' 0 0.19724951546448657 100.22698900143224
 1.694915254237288 91 1 5 19]
[3.4012087149312666 'Conceptual' 0 0.19724951546448657 100.22698900143224
 2.796610169491525 91 1 6 7]
[2.314846036049339 'Conceptual' 0 0.19724951546448657 100.22698900143224
 1.6440677966101693 91 1 7 0]
[3.0156958969130625 'Conceptual' 0 0.19724951546448657 100.22698900143224
 1.2372881355932202 91 1 8 56]
[3.178070496875725 'Conceptual' 0 0.19724951546448657 100.22698900143224
 2.016949152542373 91 1 9 0]
[3.713578014664519 'Conceptual' 0 0.19724951546448657 100.22698900143224
 2.4576271186440675 91 1 10 63]
[3.010505666249121 'Conceptual' 0 0.19724951546448657 100.22698900143224
 1.5254237288135593 91 1 11 34]
[3.188856382165717 'Conceptual' 0 0.19724951546448657 100.22698900143224
 1.6101694915254237 91 1 12 21]
[3.3339090575352097 'Conceptual' 0 0.19724951546448657 100.22698900143224
 1.6779661016949152 91 1 13 43]
[3.4340198636713013 'Conceptual' 0 0.19724951546448657 100.22698900143224
 0.559322033898305 91 1 14 13]
[3.421855471629279 'Conceptual' 0 0.19724951546448657 100.22698900143224
 1.3728813559322033 91 1 15 41]
[3.4749093120741996 'Conceptual' 0 0.19724951546448657 100.22698900143224
 1.5254237288135593 91 1 16 33]
[3.0448291019491243 'Conceptual' 0 0.19724951546448657 100.22698900143224
 0.7627118644067796 91 1 17 38]
[3.194322942878709 'Conceptual' 0 0.19724951546448657 100.22698900143224
 0.9999999999999999 91 1 18 54]
[3.2829142378423484 'Conceptual' 0 0.19724951546448657 100.22698900143224
 1.0169491525423728 91 1 19 21]
[0.0 'Conceptual' 0 0.19724951546448657 100.22698900143224 0.0 91 2 0 29]
[3.4599656249931017 'Conceptual' 0 0.19724951546448657 100.22698900143224
 1.694915254237288 91 2 1 63]
[3.198978141955505 'Conceptual' 0 0.19724951546448657 100.22698900143224
 7.966101694915254 91 2 2 41]
[3.576357064087916 'Conceptual' 0 0.19724951546448657 100.22698900143224
 0.9661016949152541 91 2 3 21]
[2.5660187998654527 'Conceptual' 0 0.19724951546448657 100.22698900143224
 2.711864406779661 91 2 4 41]
[1.699635548799021 'Conceptual' 0 0.19724951546448657 100.22698900143224
 1.694915254237288 91 2 5 19]
[3.4012087149312666 'Conceptual' 0 0.19724951546448657 100.22698900143224
 2.796610169491525 91 2 6 7]
[2.314846036049339 'Conceptual' 0 0.19724951546448657 100.22698900143224
 1.6440677966101693 91 2 7 0]
[3.0156958969130625 'Conceptual' 0 0.19724951546448657 100.22698900143224
 1.2372881355932202 91 2 8 56]
[3.178070496875725 'Conceptual' 0 0.19724951546448657 100.22698900143224
 2.016949152542373 91 2 9 0]
[3.713578014664519 'Conceptual' 0 0.19724951546448657 100.22698900143224
 2.4576271186440675 91 2 10 63]
[3.010505666249121 'Conceptual' 0 0.19724951546448657 100.22698900143224
 1.5254237288135593 91 2 11 34]
[3.188856382165717 'Conceptual' 0 0.19724951546448657 100.22698900143224
 1.6101694915254237 91 2 12 21]
[3.3339090575352097 'Conceptual' 0 0.19724951546448657 100.22698900143224
 1.6779661016949152 91 2 13 43]
[3.4340198636713013 'Conceptual' 0 0.19724951546448657 100.22698900143224
 0.559322033898305 91 2 14 13]
[3.421855471629279 'Conceptual' 0 0.19724951546448657 100.22698900143224
 1.3728813559322033 91 2 15 41]
[3.4749093120741996 'Conceptual' 0 0.19724951546448657 100.22698900143224
 1.5254237288135593 91 2 16 33]
[3.0448291019491243 'Conceptual' 0 0.19724951546448657 100.22698900143224
 0.7627118644067796 91 2 17 38]
[3.194322942878709 'Conceptual' 0 0.19724951546448657 100.22698900143224
 0.9999999999999999 91 2 18 54]
[3.2829142378423484 'Conceptual' 0 0.19724951546448657 100.22698900143224
 1.0169491525423728 91 2 19 21]
[0.0 'Conceptual' 0 0.19724951546448657 100.22698900143224 0.0 91 3 0 29]
[3.4599656249931017 'Conceptual' 0 0.19724951546448657 100.22698900143224
 1.694915254237288 91 3 1 63]
[3.198978141955505 'Conceptual' 0 0.19724951546448657 100.22698900143224
 7.966101694915254 91 3 2 41]
[3.576357064087916 'Conceptual' 0 0.19724951546448657 100.22698900143224
 0.9661016949152541 91 3 3 21]
[2.5660187998654527 'Conceptual' 0 0.19724951546448657 100.22698900143224
 2.711864406779661 91 3 4 41]
[1.699635548799021 'Conceptual' 0 0.19724951546448657 100.22698900143224
 1.694915254237288 91 3 5 19]
[3.4012087149312666 'Conceptual' 0 0.19724951546448657 100.22698900143224
 2.796610169491525 91 3 6 7]
[2.314846036049339 'Conceptual' 0 0.19724951546448657 100.22698900143224
 1.6440677966101693 91 3 7 0]
[3.0156958969130625 'Conceptual' 0 0.19724951546448657 100.22698900143224
 1.2372881355932202 91 3 8 56]
[3.178070496875725 'Conceptual' 0 0.19724951546448657 100.22698900143224
 2.016949152542373 91 3 9 0]
[3.713578014664519 'Conceptual' 0 0.19724951546448657 100.22698900143224
 2.4576271186440675 91 3 10 63]
[3.010505666249121 'Conceptual' 0 0.19724951546448657 100.22698900143224
 1.5254237288135593 91 3 11 34]
[3.188856382165717 'Conceptual' 0 0.19724951546448657 100.22698900143224
 1.6101694915254237 91 3 12 21]
[3.3339090575352097 'Conceptual' 0 0.19724951546448657 100.22698900143224
 1.6779661016949152 91 3 13 43]
[3.4340198636713013 'Conceptual' 0 0.19724951546448657 100.22698900143224
 0.559322033898305 91 3 14 13]
[3.421855471629279 'Conceptual' 0 0.19724951546448657 100.22698900143224
 1.3728813559322033 91 3 15 41]
[3.4749093120741996 'Conceptual' 0 0.19724951546448657 100.22698900143224
 1.5254237288135593 91 3 16 33]
[3.0448291019491243 'Conceptual' 0 0.19724951546448657 100.22698900143224
 0.7627118644067796 91 3 17 38]
[3.194322942878709 'Conceptual' 0 0.19724951546448657 100.22698900143224
 0.9999999999999999 91 3 18 54]
[3.2829142378423484 'Conceptual' 0 0.19724951546448657 100.22698900143224
 1.0169491525423728 91 3 19 21]
[0.0 'Conceptual' 0 0.19724951546448657 100.22698900143224 0.0 91 4 0 29]
[3.4599656249931017 'Conceptual' 0 0.19724951546448657 100.22698900143224
 1.694915254237288 91 4 1 63]
[3.198978141955505 'Conceptual' 0 0.19724951546448657 100.22698900143224
 7.966101694915254 91 4 2 41]
[3.576357064087916 'Conceptual' 0 0.19724951546448657 100.22698900143224
 0.9661016949152541 91 4 3 21]
[2.5660187998654527 'Conceptual' 0 0.19724951546448657 100.22698900143224
 2.711864406779661 91 4 4 41]
[1.699635548799021 'Conceptual' 0 0.19724951546448657 100.22698900143224
 1.694915254237288 91 4 5 19]
[3.4012087149312666 'Conceptual' 0 0.19724951546448657 100.22698900143224
 2.796610169491525 91 4 6 7]
[2.314846036049339 'Conceptual' 0 0.19724951546448657 100.22698900143224
 1.6440677966101693 91 4 7 0]
[3.0156958969130625 'Conceptual' 0 0.19724951546448657 100.22698900143224
 1.2372881355932202 91 4 8 56]
[3.178070496875725 'Conceptual' 0 0.19724951546448657 100.22698900143224
 2.016949152542373 91 4 9 0]
[3.713578014664519 'Conceptual' 0 0.19724951546448657 100.22698900143224
 2.4576271186440675 91 4 10 63]
[3.010505666249121 'Conceptual' 0 0.19724951546448657 100.22698900143224
 1.5254237288135593 91 4 11 34]
[3.188856382165717 'Conceptual' 0 0.19724951546448657 100.22698900143224
 1.6101694915254237 91 4 12 21]
[3.3339090575352097 'Conceptual' 0 0.19724951546448657 100.22698900143224
 1.6779661016949152 91 4 13 43]
[3.4340198636713013 'Conceptual' 0 0.19724951546448657 100.22698900143224
 0.559322033898305 91 4 14 13]
[3.421855471629279 'Conceptual' 0 0.19724951546448657 100.22698900143224
 1.3728813559322033 91 4 15 41]
[3.4749093120741996 'Conceptual' 0 0.19724951546448657 100.22698900143224
 1.5254237288135593 91 4 16 33]
[3.0448291019491243 'Conceptual' 0 0.19724951546448657 100.22698900143224
 0.7627118644067796 91 4 17 38]
[3.194322942878709 'Conceptual' 0 0.19724951546448657 100.22698900143224
 0.9999999999999999 91 4 18 54]
[3.2829142378423484 'Conceptual' 0 0.19724951546448657 100.22698900143224
 1.0169491525423728 91 4 19 21]
[0.0 'Conceptual' 0 0.19724951546448657 100.22698900143224 0.0 91 5 0 29]
[3.4599656249931017 'Conceptual' 0 0.19724951546448657 100.22698900143224
 1.694915254237288 91 5 1 63]
[3.198978141955505 'Conceptual' 0 0.19724951546448657 100.22698900143224
 7.966101694915254 91 5 2 41]
[3.576357064087916 'Conceptual' 0 0.19724951546448657 100.22698900143224
 0.9661016949152541 91 5 3 21]
[2.5660187998654527 'Conceptual' 0 0.19724951546448657 100.22698900143224
 2.711864406779661 91 5 4 41]
[1.699635548799021 'Conceptual' 0 0.19724951546448657 100.22698900143224
 1.694915254237288 91 5 5 19]
[3.4012087149312666 'Conceptual' 0 0.19724951546448657 100.22698900143224
 2.796610169491525 91 5 6 7]
[2.314846036049339 'Conceptual' 0 0.19724951546448657 100.22698900143224
 1.6440677966101693 91 5 7 0]
[3.0156958969130625 'Conceptual' 0 0.19724951546448657 100.22698900143224
 1.2372881355932202 91 5 8 56]
[3.178070496875725 'Conceptual' 0 0.19724951546448657 100.22698900143224
 2.016949152542373 91 5 9 0]
[3.713578014664519 'Conceptual' 0 0.19724951546448657 100.22698900143224
 2.4576271186440675 91 5 10 63]
[3.010505666249121 'Conceptual' 0 0.19724951546448657 100.22698900143224
 1.5254237288135593 91 5 11 34]
[3.188856382165717 'Conceptual' 0 0.19724951546448657 100.22698900143224
 1.6101694915254237 91 5 12 21]
[3.3339090575352097 'Conceptual' 0 0.19724951546448657 100.22698900143224
 1.6779661016949152 91 5 13 43]
[3.4340198636713013 'Conceptual' 0 0.19724951546448657 100.22698900143224
 0.559322033898305 91 5 14 13]
[3.421855471629279 'Conceptual' 0 0.19724951546448657 100.22698900143224
 1.3728813559322033 91 5 15 41]
[3.4749093120741996 'Conceptual' 0 0.19724951546448657 100.22698900143224
 1.5254237288135593 91 5 16 33]
[3.0448291019491243 'Conceptual' 0 0.19724951546448657 100.22698900143224
 0.7627118644067796 91 5 17 38]
[3.194322942878709 'Conceptual' 0 0.19724951546448657 100.22698900143224
 0.9999999999999999 91 5 18 54]
[3.2829142378423484 'Conceptual' 0 0.19724951546448657 100.22698900143224
 1.0169491525423728 91 5 19 21]
[0.0 'Conceptual' 0 0.19724951546448657 100.22698900143224 0.0 91 6 0 29]
[3.4599656249931017 'Conceptual' 0 0.19724951546448657 100.22698900143224
 1.694915254237288 91 6 1 63]
[3.198978141955505 'Conceptual' 0 0.19724951546448657 100.22698900143224
 7.966101694915254 91 6 2 41]
[3.576357064087916 'Conceptual' 0 0.19724951546448657 100.22698900143224
 0.9661016949152541 91 6 3 21]
[2.5660187998654527 'Conceptual' 0 0.19724951546448657 100.22698900143224
 2.711864406779661 91 6 4 41]
[1.699635548799021 'Conceptual' 0 0.19724951546448657 100.22698900143224
 1.694915254237288 91 6 5 19]
[3.4012087149312666 'Conceptual' 0 0.19724951546448657 100.22698900143224
 2.796610169491525 91 6 6 7]
[2.314846036049339 'Conceptual' 0 0.19724951546448657 100.22698900143224
 1.6440677966101693 91 6 7 0]
[3.0156958969130625 'Conceptual' 0 0.19724951546448657 100.22698900143224
 1.2372881355932202 91 6 8 56]
[3.178070496875725 'Conceptual' 0 0.19724951546448657 100.22698900143224
 2.016949152542373 91 6 9 0]
[3.713578014664519 'Conceptual' 0 0.19724951546448657 100.22698900143224
 2.4576271186440675 91 6 10 63]
[3.010505666249121 'Conceptual' 0 0.19724951546448657 100.22698900143224
 1.5254237288135593 91 6 11 34]
[3.188856382165717 'Conceptual' 0 0.19724951546448657 100.22698900143224
 1.6101694915254237 91 6 12 21]
[3.3339090575352097 'Conceptual' 0 0.19724951546448657 100.22698900143224
 1.6779661016949152 91 6 13 43]
[3.4340198636713013 'Conceptual' 0 0.19724951546448657 100.22698900143224
 0.559322033898305 91 6 14 13]
[3.421855471629279 'Conceptual' 0 0.19724951546448657 100.22698900143224
 1.3728813559322033 91 6 15 41]
[3.4749093120741996 'Conceptual' 0 0.19724951546448657 100.22698900143224
 1.5254237288135593 91 6 16 33]
[3.0448291019491243 'Conceptual' 0 0.19724951546448657 100.22698900143224
 0.7627118644067796 91 6 17 38]
[3.194322942878709 'Conceptual' 0 0.19724951546448657 100.22698900143224
 0.9999999999999999 91 6 18 54]
[3.2829142378423484 'Conceptual' 0 0.19724951546448657 100.22698900143224
 1.0169491525423728 91 6 19 21]
[0.0 'Conceptual' 0 0.19724951546448657 100.22698900143224 0.0 91 7 0 29]
[3.4599656249931017 'Conceptual' 0 0.19724951546448657 100.22698900143224
 1.694915254237288 91 7 1 63]
[3.198978141955505 'Conceptual' 0 0.19724951546448657 100.22698900143224
 7.966101694915254 91 7 2 41]
[3.576357064087916 'Conceptual' 0 0.19724951546448657 100.22698900143224
 0.9661016949152541 91 7 3 21]
[2.5660187998654527 'Conceptual' 0 0.19724951546448657 100.22698900143224
 2.711864406779661 91 7 4 41]
[1.699635548799021 'Conceptual' 0 0.19724951546448657 100.22698900143224
 1.694915254237288 91 7 5 19]
[3.4012087149312666 'Conceptual' 0 0.19724951546448657 100.22698900143224
 2.796610169491525 91 7 6 7]
[2.314846036049339 'Conceptual' 0 0.19724951546448657 100.22698900143224
 1.6440677966101693 91 7 7 0]
[3.0156958969130625 'Conceptual' 0 0.19724951546448657 100.22698900143224
 1.2372881355932202 91 7 8 56]
[3.178070496875725 'Conceptual' 0 0.19724951546448657 100.22698900143224
 2.016949152542373 91 7 9 0]
[3.713578014664519 'Conceptual' 0 0.19724951546448657 100.22698900143224
 2.4576271186440675 91 7 10 63]
[3.010505666249121 'Conceptual' 0 0.19724951546448657 100.22698900143224
 1.5254237288135593 91 7 11 34]
[3.188856382165717 'Conceptual' 0 0.19724951546448657 100.22698900143224
 1.6101694915254237 91 7 12 21]
[3.3339090575352097 'Conceptual' 0 0.19724951546448657 100.22698900143224
 1.6779661016949152 91 7 13 43]
[3.4340198636713013 'Conceptual' 0 0.19724951546448657 100.22698900143224
 0.559322033898305 91 7 14 13]
[3.421855471629279 'Conceptual' 0 0.19724951546448657 100.22698900143224
 1.3728813559322033 91 7 15 41]
[3.4749093120741996 'Conceptual' 0 0.19724951546448657 100.22698900143224
 1.5254237288135593 91 7 16 33]
[3.0448291019491243 'Conceptual' 0 0.19724951546448657 100.22698900143224
 0.7627118644067796 91 7 17 38]
[3.194322942878709 'Conceptual' 0 0.19724951546448657 100.22698900143224
 0.9999999999999999 91 7 18 54]
[3.2829142378423484 'Conceptual' 0 0.19724951546448657 100.22698900143224
 1.0169491525423728 91 7 19 21]
[0.0 'Conceptual' 0 0.19724951546448657 100.22698900143224 0.0 91 8 0 29]
[3.4599656249931017 'Conceptual' 0 0.19724951546448657 100.22698900143224
 1.694915254237288 91 8 1 63]
[3.198978141955505 'Conceptual' 0 0.19724951546448657 100.22698900143224
 7.966101694915254 91 8 2 41]
[3.576357064087916 'Conceptual' 0 0.19724951546448657 100.22698900143224
 0.9661016949152541 91 8 3 21]
[2.5660187998654527 'Conceptual' 0 0.19724951546448657 100.22698900143224
 2.711864406779661 91 8 4 41]
[1.699635548799021 'Conceptual' 0 0.19724951546448657 100.22698900143224
 1.694915254237288 91 8 5 19]
[3.4012087149312666 'Conceptual' 0 0.19724951546448657 100.22698900143224
 2.796610169491525 91 8 6 7]
[2.314846036049339 'Conceptual' 0 0.19724951546448657 100.22698900143224
 1.6440677966101693 91 8 7 0]
[3.0156958969130625 'Conceptual' 0 0.19724951546448657 100.22698900143224
 1.2372881355932202 91 8 8 56]
[3.178070496875725 'Conceptual' 0 0.19724951546448657 100.22698900143224
 2.016949152542373 91 8 9 0]
[3.713578014664519 'Conceptual' 0 0.19724951546448657 100.22698900143224
 2.4576271186440675 91 8 10 63]
[3.010505666249121 'Conceptual' 0 0.19724951546448657 100.22698900143224
 1.5254237288135593 91 8 11 34]
[3.188856382165717 'Conceptual' 0 0.19724951546448657 100.22698900143224
 1.6101694915254237 91 8 12 21]
[3.3339090575352097 'Conceptual' 0 0.19724951546448657 100.22698900143224
 1.6779661016949152 91 8 13 43]
[3.4340198636713013 'Conceptual' 0 0.19724951546448657 100.22698900143224
 0.559322033898305 91 8 14 13]
[3.421855471629279 'Conceptual' 0 0.19724951546448657 100.22698900143224
 1.3728813559322033 91 8 15 41]
[3.4749093120741996 'Conceptual' 0 0.19724951546448657 100.22698900143224
 1.5254237288135593 91 8 16 33]
[3.0448291019491243 'Conceptual' 0 0.19724951546448657 100.22698900143224
 0.7627118644067796 91 8 17 38]
[3.194322942878709 'Conceptual' 0 0.19724951546448657 100.22698900143224
 0.9999999999999999 91 8 18 54]
[3.2829142378423484 'Conceptual' 0 0.19724951546448657 100.22698900143224
 1.0169491525423728 91 8 19 21]
