[0.0 'Spatial' 1 0.072523533797896 0.1564667398323142 0.0 108 0 0 44]
[3.6354146379105385 'Spatial' 1 0.072523533797896 0.1564667398323142
 1.271186440677966 108 0 1 53]
[3.0612038902747876 'Spatial' 1 0.072523533797896 0.1564667398323142
 3.389830508474576 108 0 2 36]
[1.6054317559986733 'Spatial' 1 0.072523533797896 0.1564667398323142
 0.9999999999999999 108 0 3 36]
[3.8764455122411094 'Spatial' 1 0.072523533797896 0.1564667398323142
 7.796610169491524 108 0 4 59]
[5.305705317703246 'Spatial' 1 0.072523533797896 0.1564667398323142
 10.169491525423728 108 0 5 5]
[4.784177922907696 'Spatial' 1 0.072523533797896 0.1564667398323142
 10.169491525423728 108 0 6 4]
[0.8117823005045447 'Spatial' 1 0.072523533797896 0.1564667398323142
 0.9999999999999999 108 0 7 4]
[0.0027974286715502167 'Spatial' 1 0.072523533797896 0.1564667398323142
 0.5932203389830508 108 0 8 4]
[2.1229519163012887 'Spatial' 1 0.072523533797896 0.1564667398323142
 2.3559322033898304 108 0 9 5]
[4.827661129790198 'Spatial' 1 0.072523533797896 0.1564667398323142
 10.169491525423728 108 0 10 7]
[0.8128438225511238 'Spatial' 1 0.072523533797896 0.1564667398323142
 2.11864406779661 108 0 11 5]
[3.681939909556478 'Spatial' 1 0.072523533797896 0.1564667398323142
 9.491525423728813 108 0 12 6]
[3.4814743758549374 'Spatial' 1 0.072523533797896 0.1564667398323142
 8.559322033898304 108 0 13 6]
[3.288686055501684 'Spatial' 1 0.072523533797896 0.1564667398323142
 7.610169491525423 108 0 14 6]
[0.2007930418089245 'Spatial' 1 0.072523533797896 0.1564667398323142
 0.5084745762711864 108 0 15 6]
[0.0031596055618787287 'Spatial' 1 0.072523533797896 0.1564667398323142
 1.406779661016949 108 0 16 5]
[0.0013666300204706631 'Spatial' 1 0.072523533797896 0.1564667398323142
 1.3389830508474576 108 0 17 5]
[0.0008136971881318758 'Spatial' 1 0.072523533797896 0.1564667398323142
 1.271186440677966 108 0 18 5]
[0.0006635937083570023 'Spatial' 1 0.072523533797896 0.1564667398323142
 1.1694915254237288 108 0 19 5]
[0.0 'Spatial' 1 0.072523533797896 0.1564667398323142 0.0 108 1 0 44]
[3.6354146379105385 'Spatial' 1 0.072523533797896 0.1564667398323142
 1.271186440677966 108 1 1 53]
[3.0612038902747876 'Spatial' 1 0.072523533797896 0.1564667398323142
 3.389830508474576 108 1 2 36]
[1.6054317559986733 'Spatial' 1 0.072523533797896 0.1564667398323142
 0.9999999999999999 108 1 3 36]
[3.8764455122411094 'Spatial' 1 0.072523533797896 0.1564667398323142
 7.796610169491524 108 1 4 59]
[5.305705317703246 'Spatial' 1 0.072523533797896 0.1564667398323142
 10.169491525423728 108 1 5 5]
[4.784177922907696 'Spatial' 1 0.072523533797896 0.1564667398323142
 10.169491525423728 108 1 6 4]
[0.8117823005045447 'Spatial' 1 0.072523533797896 0.1564667398323142
 0.9999999999999999 108 1 7 4]
[0.0027974286715502167 'Spatial' 1 0.072523533797896 0.1564667398323142
 0.5932203389830508 108 1 8 4]
[2.1229519163012887 'Spatial' 1 0.072523533797896 0.1564667398323142
 2.3559322033898304 108 1 9 5]
[4.827661129790198 'Spatial' 1 0.072523533797896 0.1564667398323142
 10.169491525423728 108 1 10 7]
[0.8128438225511238 'Spatial' 1 0.072523533797896 0.1564667398323142
 2.11864406779661 108 1 11 5]
[3.681939909556478 'Spatial' 1 0.072523533797896 0.1564667398323142
 9.491525423728813 108 1 12 6]
[3.4814743758549374 'Spatial' 1 0.072523533797896 0.1564667398323142
 8.559322033898304 108 1 13 6]
[3.288686055501684 'Spatial' 1 0.072523533797896 0.1564667398323142
 7.610169491525423 108 1 14 6]
[0.2007930418089245 'Spatial' 1 0.072523533797896 0.1564667398323142
 0.5084745762711864 108 1 15 6]
[0.0031596055618787287 'Spatial' 1 0.072523533797896 0.1564667398323142
 1.406779661016949 108 1 16 5]
[0.0013666300204706631 'Spatial' 1 0.072523533797896 0.1564667398323142
 1.3389830508474576 108 1 17 5]
[0.0008136971881318758 'Spatial' 1 0.072523533797896 0.1564667398323142
 1.271186440677966 108 1 18 5]
[0.0006635937083570023 'Spatial' 1 0.072523533797896 0.1564667398323142
 1.1694915254237288 108 1 19 5]
[0.0 'Spatial' 1 0.072523533797896 0.1564667398323142 0.0 108 2 0 44]
[3.6354146379105385 'Spatial' 1 0.072523533797896 0.1564667398323142
 1.271186440677966 108 2 1 53]
[3.0612038902747876 'Spatial' 1 0.072523533797896 0.1564667398323142
 3.389830508474576 108 2 2 36]
[1.6054317559986733 'Spatial' 1 0.072523533797896 0.1564667398323142
 0.9999999999999999 108 2 3 36]
[3.8764455122411094 'Spatial' 1 0.072523533797896 0.1564667398323142
 7.796610169491524 108 2 4 59]
[5.305705317703246 'Spatial' 1 0.072523533797896 0.1564667398323142
 10.169491525423728 108 2 5 5]
[4.784177922907696 'Spatial' 1 0.072523533797896 0.1564667398323142
 10.169491525423728 108 2 6 4]
[0.8117823005045447 'Spatial' 1 0.072523533797896 0.1564667398323142
 0.9999999999999999 108 2 7 4]
[0.0027974286715502167 'Spatial' 1 0.072523533797896 0.1564667398323142
 0.5932203389830508 108 2 8 4]
[2.1229519163012887 'Spatial' 1 0.072523533797896 0.1564667398323142
 2.3559322033898304 108 2 9 5]
[4.827661129790198 'Spatial' 1 0.072523533797896 0.1564667398323142
 10.169491525423728 108 2 10 7]
[0.8128438225511238 'Spatial' 1 0.072523533797896 0.1564667398323142
 2.11864406779661 108 2 11 5]
[3.681939909556478 'Spatial' 1 0.072523533797896 0.1564667398323142
 9.491525423728813 108 2 12 6]
[3.4814743758549374 'Spatial' 1 0.072523533797896 0.1564667398323142
 8.559322033898304 108 2 13 6]
[3.288686055501684 'Spatial' 1 0.072523533797896 0.1564667398323142
 7.610169491525423 108 2 14 6]
[0.2007930418089245 'Spatial' 1 0.072523533797896 0.1564667398323142
 0.5084745762711864 108 2 15 6]
[0.0031596055618787287 'Spatial' 1 0.072523533797896 0.1564667398323142
 1.406779661016949 108 2 16 5]
[0.0013666300204706631 'Spatial' 1 0.072523533797896 0.1564667398323142
 1.3389830508474576 108 2 17 5]
[0.0008136971881318758 'Spatial' 1 0.072523533797896 0.1564667398323142
 1.271186440677966 108 2 18 5]
[0.0006635937083570023 'Spatial' 1 0.072523533797896 0.1564667398323142
 1.1694915254237288 108 2 19 5]
[0.0 'Spatial' 1 0.072523533797896 0.1564667398323142 0.0 108 3 0 44]
[3.6354146379105385 'Spatial' 1 0.072523533797896 0.1564667398323142
 1.271186440677966 108 3 1 53]
[3.0612038902747876 'Spatial' 1 0.072523533797896 0.1564667398323142
 3.389830508474576 108 3 2 36]
[1.6054317559986733 'Spatial' 1 0.072523533797896 0.1564667398323142
 0.9999999999999999 108 3 3 36]
[3.8764455122411094 'Spatial' 1 0.072523533797896 0.1564667398323142
 7.796610169491524 108 3 4 59]
[5.305705317703246 'Spatial' 1 0.072523533797896 0.1564667398323142
 10.169491525423728 108 3 5 5]
[4.784177922907696 'Spatial' 1 0.072523533797896 0.1564667398323142
 10.169491525423728 108 3 6 4]
[0.8117823005045447 'Spatial' 1 0.072523533797896 0.1564667398323142
 0.9999999999999999 108 3 7 4]
[0.0027974286715502167 'Spatial' 1 0.072523533797896 0.1564667398323142
 0.5932203389830508 108 3 8 4]
[2.1229519163012887 'Spatial' 1 0.072523533797896 0.1564667398323142
 2.3559322033898304 108 3 9 5]
[4.827661129790198 'Spatial' 1 0.072523533797896 0.1564667398323142
 10.169491525423728 108 3 10 7]
[0.8128438225511238 'Spatial' 1 0.072523533797896 0.1564667398323142
 2.11864406779661 108 3 11 5]
[3.681939909556478 'Spatial' 1 0.072523533797896 0.1564667398323142
 9.491525423728813 108 3 12 6]
[3.4814743758549374 'Spatial' 1 0.072523533797896 0.1564667398323142
 8.559322033898304 108 3 13 6]
[3.288686055501684 'Spatial' 1 0.072523533797896 0.1564667398323142
 7.610169491525423 108 3 14 6]
[0.2007930418089245 'Spatial' 1 0.072523533797896 0.1564667398323142
 0.5084745762711864 108 3 15 6]
[0.0031596055618787287 'Spatial' 1 0.072523533797896 0.1564667398323142
 1.406779661016949 108 3 16 5]
[0.0013666300204706631 'Spatial' 1 0.072523533797896 0.1564667398323142
 1.3389830508474576 108 3 17 5]
[0.0008136971881318758 'Spatial' 1 0.072523533797896 0.1564667398323142
 1.271186440677966 108 3 18 5]
[0.0006635937083570023 'Spatial' 1 0.072523533797896 0.1564667398323142
 1.1694915254237288 108 3 19 5]
[0.0 'Spatial' 1 0.072523533797896 0.1564667398323142 0.0 108 4 0 44]
[3.6354146379105385 'Spatial' 1 0.072523533797896 0.1564667398323142
 1.271186440677966 108 4 1 53]
[3.0612038902747876 'Spatial' 1 0.072523533797896 0.1564667398323142
 3.389830508474576 108 4 2 36]
[1.6054317559986733 'Spatial' 1 0.072523533797896 0.1564667398323142
 0.9999999999999999 108 4 3 36]
[3.8764455122411094 'Spatial' 1 0.072523533797896 0.1564667398323142
 7.796610169491524 108 4 4 59]
[5.305705317703246 'Spatial' 1 0.072523533797896 0.1564667398323142
 10.169491525423728 108 4 5 5]
[4.784177922907696 'Spatial' 1 0.072523533797896 0.1564667398323142
 10.169491525423728 108 4 6 4]
[0.8117823005045447 'Spatial' 1 0.072523533797896 0.1564667398323142
 0.9999999999999999 108 4 7 4]
[0.0027974286715502167 'Spatial' 1 0.072523533797896 0.1564667398323142
 0.5932203389830508 108 4 8 4]
[2.1229519163012887 'Spatial' 1 0.072523533797896 0.1564667398323142
 2.3559322033898304 108 4 9 5]
[4.827661129790198 'Spatial' 1 0.072523533797896 0.1564667398323142
 10.169491525423728 108 4 10 7]
[0.8128438225511238 'Spatial' 1 0.072523533797896 0.1564667398323142
 2.11864406779661 108 4 11 5]
[3.681939909556478 'Spatial' 1 0.072523533797896 0.1564667398323142
 9.491525423728813 108 4 12 6]
[3.4814743758549374 'Spatial' 1 0.072523533797896 0.1564667398323142
 8.559322033898304 108 4 13 6]
[3.288686055501684 'Spatial' 1 0.072523533797896 0.1564667398323142
 7.610169491525423 108 4 14 6]
[0.2007930418089245 'Spatial' 1 0.072523533797896 0.1564667398323142
 0.5084745762711864 108 4 15 6]
[0.0031596055618787287 'Spatial' 1 0.072523533797896 0.1564667398323142
 1.406779661016949 108 4 16 5]
[0.0013666300204706631 'Spatial' 1 0.072523533797896 0.1564667398323142
 1.3389830508474576 108 4 17 5]
[0.0008136971881318758 'Spatial' 1 0.072523533797896 0.1564667398323142
 1.271186440677966 108 4 18 5]
[0.0006635937083570023 'Spatial' 1 0.072523533797896 0.1564667398323142
 1.1694915254237288 108 4 19 5]
[0.0 'Spatial' 1 0.072523533797896 0.1564667398323142 0.0 108 5 0 44]
[3.6354146379105385 'Spatial' 1 0.072523533797896 0.1564667398323142
 1.271186440677966 108 5 1 53]
[3.0612038902747876 'Spatial' 1 0.072523533797896 0.1564667398323142
 3.389830508474576 108 5 2 36]
[1.6054317559986733 'Spatial' 1 0.072523533797896 0.1564667398323142
 0.9999999999999999 108 5 3 36]
[3.8764455122411094 'Spatial' 1 0.072523533797896 0.1564667398323142
 7.796610169491524 108 5 4 59]
[5.305705317703246 'Spatial' 1 0.072523533797896 0.1564667398323142
 10.169491525423728 108 5 5 5]
[4.784177922907696 'Spatial' 1 0.072523533797896 0.1564667398323142
 10.169491525423728 108 5 6 4]
[0.8117823005045447 'Spatial' 1 0.072523533797896 0.1564667398323142
 0.9999999999999999 108 5 7 4]
[0.0027974286715502167 'Spatial' 1 0.072523533797896 0.1564667398323142
 0.5932203389830508 108 5 8 4]
[2.1229519163012887 'Spatial' 1 0.072523533797896 0.1564667398323142
 2.3559322033898304 108 5 9 5]
[4.827661129790198 'Spatial' 1 0.072523533797896 0.1564667398323142
 10.169491525423728 108 5 10 7]
[0.8128438225511238 'Spatial' 1 0.072523533797896 0.1564667398323142
 2.11864406779661 108 5 11 5]
[3.681939909556478 'Spatial' 1 0.072523533797896 0.1564667398323142
 9.491525423728813 108 5 12 6]
[3.4814743758549374 'Spatial' 1 0.072523533797896 0.1564667398323142
 8.559322033898304 108 5 13 6]
[3.288686055501684 'Spatial' 1 0.072523533797896 0.1564667398323142
 7.610169491525423 108 5 14 6]
[0.2007930418089245 'Spatial' 1 0.072523533797896 0.1564667398323142
 0.5084745762711864 108 5 15 6]
[0.0031596055618787287 'Spatial' 1 0.072523533797896 0.1564667398323142
 1.406779661016949 108 5 16 5]
[0.0013666300204706631 'Spatial' 1 0.072523533797896 0.1564667398323142
 1.3389830508474576 108 5 17 5]
[0.0008136971881318758 'Spatial' 1 0.072523533797896 0.1564667398323142
 1.271186440677966 108 5 18 5]
[0.0006635937083570023 'Spatial' 1 0.072523533797896 0.1564667398323142
 1.1694915254237288 108 5 19 5]
[0.0 'Spatial' 1 0.072523533797896 0.1564667398323142 0.0 108 6 0 44]
[3.6354146379105385 'Spatial' 1 0.072523533797896 0.1564667398323142
 1.271186440677966 108 6 1 53]
[3.0612038902747876 'Spatial' 1 0.072523533797896 0.1564667398323142
 3.389830508474576 108 6 2 36]
[1.6054317559986733 'Spatial' 1 0.072523533797896 0.1564667398323142
 0.9999999999999999 108 6 3 36]
[3.8764455122411094 'Spatial' 1 0.072523533797896 0.1564667398323142
 7.796610169491524 108 6 4 59]
[5.305705317703246 'Spatial' 1 0.072523533797896 0.1564667398323142
 10.169491525423728 108 6 5 5]
[4.784177922907696 'Spatial' 1 0.072523533797896 0.1564667398323142
 10.169491525423728 108 6 6 4]
[0.8117823005045447 'Spatial' 1 0.072523533797896 0.1564667398323142
 0.9999999999999999 108 6 7 4]
[0.0027974286715502167 'Spatial' 1 0.072523533797896 0.1564667398323142
 0.5932203389830508 108 6 8 4]
[2.1229519163012887 'Spatial' 1 0.072523533797896 0.1564667398323142
 2.3559322033898304 108 6 9 5]
[4.827661129790198 'Spatial' 1 0.072523533797896 0.1564667398323142
 10.169491525423728 108 6 10 7]
[0.8128438225511238 'Spatial' 1 0.072523533797896 0.1564667398323142
 2.11864406779661 108 6 11 5]
[3.681939909556478 'Spatial' 1 0.072523533797896 0.1564667398323142
 9.491525423728813 108 6 12 6]
[3.4814743758549374 'Spatial' 1 0.072523533797896 0.1564667398323142
 8.559322033898304 108 6 13 6]
[3.288686055501684 'Spatial' 1 0.072523533797896 0.1564667398323142
 7.610169491525423 108 6 14 6]
[0.2007930418089245 'Spatial' 1 0.072523533797896 0.1564667398323142
 0.5084745762711864 108 6 15 6]
[0.0031596055618787287 'Spatial' 1 0.072523533797896 0.1564667398323142
 1.406779661016949 108 6 16 5]
[0.0013666300204706631 'Spatial' 1 0.072523533797896 0.1564667398323142
 1.3389830508474576 108 6 17 5]
[0.0008136971881318758 'Spatial' 1 0.072523533797896 0.1564667398323142
 1.271186440677966 108 6 18 5]
[0.0006635937083570023 'Spatial' 1 0.072523533797896 0.1564667398323142
 1.1694915254237288 108 6 19 5]
[0.0 'Spatial' 1 0.072523533797896 0.1564667398323142 0.0 108 7 0 44]
[3.6354146379105385 'Spatial' 1 0.072523533797896 0.1564667398323142
 1.271186440677966 108 7 1 53]
[3.0612038902747876 'Spatial' 1 0.072523533797896 0.1564667398323142
 3.389830508474576 108 7 2 36]
[1.6054317559986733 'Spatial' 1 0.072523533797896 0.1564667398323142
 0.9999999999999999 108 7 3 36]
[3.8764455122411094 'Spatial' 1 0.072523533797896 0.1564667398323142
 7.796610169491524 108 7 4 59]
[5.305705317703246 'Spatial' 1 0.072523533797896 0.1564667398323142
 10.169491525423728 108 7 5 5]
[4.784177922907696 'Spatial' 1 0.072523533797896 0.1564667398323142
 10.169491525423728 108 7 6 4]
[0.8117823005045447 'Spatial' 1 0.072523533797896 0.1564667398323142
 0.9999999999999999 108 7 7 4]
[0.0027974286715502167 'Spatial' 1 0.072523533797896 0.1564667398323142
 0.5932203389830508 108 7 8 4]
[2.1229519163012887 'Spatial' 1 0.072523533797896 0.1564667398323142
 2.3559322033898304 108 7 9 5]
[4.827661129790198 'Spatial' 1 0.072523533797896 0.1564667398323142
 10.169491525423728 108 7 10 7]
[0.8128438225511238 'Spatial' 1 0.072523533797896 0.1564667398323142
 2.11864406779661 108 7 11 5]
[3.681939909556478 'Spatial' 1 0.072523533797896 0.1564667398323142
 9.491525423728813 108 7 12 6]
[3.4814743758549374 'Spatial' 1 0.072523533797896 0.1564667398323142
 8.559322033898304 108 7 13 6]
[3.288686055501684 'Spatial' 1 0.072523533797896 0.1564667398323142
 7.610169491525423 108 7 14 6]
[0.2007930418089245 'Spatial' 1 0.072523533797896 0.1564667398323142
 0.5084745762711864 108 7 15 6]
[0.0031596055618787287 'Spatial' 1 0.072523533797896 0.1564667398323142
 1.406779661016949 108 7 16 5]
[0.0013666300204706631 'Spatial' 1 0.072523533797896 0.1564667398323142
 1.3389830508474576 108 7 17 5]
[0.0008136971881318758 'Spatial' 1 0.072523533797896 0.1564667398323142
 1.271186440677966 108 7 18 5]
[0.0006635937083570023 'Spatial' 1 0.072523533797896 0.1564667398323142
 1.1694915254237288 108 7 19 5]
[0.0 'Spatial' 1 0.072523533797896 0.1564667398323142 0.0 108 8 0 44]
[3.6354146379105385 'Spatial' 1 0.072523533797896 0.1564667398323142
 1.271186440677966 108 8 1 53]
[3.0612038902747876 'Spatial' 1 0.072523533797896 0.1564667398323142
 3.389830508474576 108 8 2 36]
[1.6054317559986733 'Spatial' 1 0.072523533797896 0.1564667398323142
 0.9999999999999999 108 8 3 36]
[3.8764455122411094 'Spatial' 1 0.072523533797896 0.1564667398323142
 7.796610169491524 108 8 4 59]
[5.305705317703246 'Spatial' 1 0.072523533797896 0.1564667398323142
 10.169491525423728 108 8 5 5]
[4.784177922907696 'Spatial' 1 0.072523533797896 0.1564667398323142
 10.169491525423728 108 8 6 4]
[0.8117823005045447 'Spatial' 1 0.072523533797896 0.1564667398323142
 0.9999999999999999 108 8 7 4]
[0.0027974286715502167 'Spatial' 1 0.072523533797896 0.1564667398323142
 0.5932203389830508 108 8 8 4]
[2.1229519163012887 'Spatial' 1 0.072523533797896 0.1564667398323142
 2.3559322033898304 108 8 9 5]
[4.827661129790198 'Spatial' 1 0.072523533797896 0.1564667398323142
 10.169491525423728 108 8 10 7]
[0.8128438225511238 'Spatial' 1 0.072523533797896 0.1564667398323142
 2.11864406779661 108 8 11 5]
[3.681939909556478 'Spatial' 1 0.072523533797896 0.1564667398323142
 9.491525423728813 108 8 12 6]
[3.4814743758549374 'Spatial' 1 0.072523533797896 0.1564667398323142
 8.559322033898304 108 8 13 6]
[3.288686055501684 'Spatial' 1 0.072523533797896 0.1564667398323142
 7.610169491525423 108 8 14 6]
[0.2007930418089245 'Spatial' 1 0.072523533797896 0.1564667398323142
 0.5084745762711864 108 8 15 6]
[0.0031596055618787287 'Spatial' 1 0.072523533797896 0.1564667398323142
 1.406779661016949 108 8 16 5]
[0.0013666300204706631 'Spatial' 1 0.072523533797896 0.1564667398323142
 1.3389830508474576 108 8 17 5]
[0.0008136971881318758 'Spatial' 1 0.072523533797896 0.1564667398323142
 1.271186440677966 108 8 18 5]
[0.0006635937083570023 'Spatial' 1 0.072523533797896 0.1564667398323142
 1.1694915254237288 108 8 19 5]
