[0.0 'Spatial' 0 0.07539816209203719 0.4753489392712215 0.0 34 0 0 18]
[4.076638218773963 'Spatial' 0 0.07539816209203719 0.4753489392712215
 1.0677966101694913 34 0 1 33]
[3.910435533551331 'Spatial' 0 0.07539816209203719 0.4753489392712215
 9.47457627118644 34 0 2 2]
[2.3422739206290006 'Spatial' 0 0.07539816209203719 0.4753489392712215
 3.4406779661016946 34 0 3 17]
[1.7094827253916016 'Spatial' 0 0.07539816209203719 0.4753489392712215
 2.2881355932203387 34 0 4 26]
[1.6103045031683207 'Spatial' 0 0.07539816209203719 0.4753489392712215
 1.0677966101694913 34 0 5 18]
[3.742461667212059 'Spatial' 0 0.07539816209203719 0.4753489392712215
 9.203389830508476 34 0 6 1]
[0.5520584920557 'Spatial' 0 0.07539816209203719 0.4753489392712215
 0.8983050847457626 34 0 7 18]
[2.722415503182846 'Spatial' 0 0.07539816209203719 0.4753489392712215
 4.491525423728812 34 0 8 19]
[1.962490826278557 'Spatial' 0 0.07539816209203719 0.4753489392712215
 2.966101694915254 34 0 9 17]
[2.9007000997763948 'Spatial' 0 0.07539816209203719 0.4753489392712215
 5.305084745762711 34 0 10 9]
[0.11335322934225572 'Spatial' 0 0.07539816209203719 0.4753489392712215
 0.8305084745762711 34 0 11 18]
[1.2590820542415806 'Spatial' 0 0.07539816209203719 0.4753489392712215
 1.6101694915254237 34 0 12 26]
[0.5409354077363426 'Spatial' 0 0.07539816209203719 0.4753489392712215
 1.271186440677966 34 0 13 26]
[0.018035497762124764 'Spatial' 0 0.07539816209203719 0.4753489392712215
 0.1694915254237288 34 0 14 26]
[1.1950377463727564 'Spatial' 0 0.07539816209203719 0.4753489392712215
 2.7627118644067794 34 0 15 18]
[0.0018597313858304972 'Spatial' 0 0.07539816209203719 0.4753489392712215
 0.1694915254237288 34 0 16 26]
[2.5929635535598643 'Spatial' 0 0.07539816209203719 0.4753489392712215
 5.305084745762711 34 0 17 19]
[3.068756073376155 'Spatial' 0 0.07539816209203719 0.4753489392712215
 7.101694915254237 34 0 18 9]
[0.0006388660683866339 'Spatial' 0 0.07539816209203719 0.4753489392712215
 0.1694915254237288 34 0 19 26]
[0.0 'Spatial' 0 0.07539816209203719 0.4753489392712215 0.0 34 1 0 18]
[3.2586515110399046 'Spatial' 0 0.07539816209203719 0.4753489392712215
 0.8305084745762711 34 1 1 33]
[3.66382375425 'Spatial' 0 0.07539816209203719 0.4753489392712215
 10.169491525423728 34 1 2 2]
[2.669173261507465 'Spatial' 0 0.07539816209203719 0.4753489392712215
 5.067796610169491 34 1 3 17]
[3.3418492663983153 'Spatial' 0 0.07539816209203719 0.4753489392712215
 9.305084745762711 34 1 4 26]
[2.389819396186312 'Spatial' 0 0.07539816209203719 0.4753489392712215
 4.999999999999999 34 1 5 18]
[3.176734546708097 'Spatial' 0 0.07539816209203719 0.4753489392712215
 8.966101694915253 34 1 6 1]
[3.904891716072689 'Spatial' 0 0.07539816209203719 0.4753489392712215
 10.169491525423728 34 1 7 18]
[3.1097052396915332 'Spatial' 0 0.07539816209203719 0.4753489392712215
 9.576271186440678 34 1 8 19]
[0.34309088686992845 'Spatial' 0 0.07539816209203719 0.4753489392712215
 0.6610169491525423 34 1 9 17]
[0.000629801633309997 'Spatial' 0 0.07539816209203719 0.4753489392712215
 0.1694915254237288 34 1 10 9]
[3.3747531694035477 'Spatial' 0 0.07539816209203719 0.4753489392712215
 10.169491525423728 34 1 11 18]
[1.153495414757656 'Spatial' 0 0.07539816209203719 0.4753489392712215
 4.067796610169491 34 1 12 26]
[3.3881446229085266 'Spatial' 0 0.07539816209203719 0.4753489392712215
 10.169491525423728 34 1 13 26]
[3.229852043496313 'Spatial' 0 0.07539816209203719 0.4753489392712215
 10.169491525423728 34 1 14 26]
[0.000629801633309997 'Spatial' 0 0.07539816209203719 0.4753489392712215
 0.3389830508474576 34 1 15 18]
[0.000629801633309997 'Spatial' 0 0.07539816209203719 0.4753489392712215
 0.1694915254237288 34 1 16 26]
[3.0439071236170787 'Spatial' 0 0.07539816209203719 0.4753489392712215
 10.169491525423728 34 1 17 19]
[1.3172731642250635 'Spatial' 0 0.07539816209203719 0.4753489392712215
 5.644067796610169 34 1 18 9]
[1.8680175639252081 'Spatial' 0 0.07539816209203719 0.4753489392712215
 7.949152542372881 34 1 19 26]
[0.0 'Spatial' 0 0.07539816209203719 0.4753489392712215 0.0 34 2 0 18]
[3.7424822335332575 'Spatial' 0 0.07539816209203719 0.4753489392712215
 5.576271186440677 34 2 1 33]
[2.8337399573114106 'Spatial' 0 0.07539816209203719 0.4753489392712215
 4.830508474576271 34 2 2 2]
[1.8495942630684687 'Spatial' 0 0.07539816209203719 0.4753489392712215
 3.8983050847457625 34 2 3 17]
[4.094539149058227 'Spatial' 0 0.07539816209203719 0.4753489392712215
 0.1694915254237288 34 2 4 26]
[2.857973769259219 'Spatial' 0 0.07539816209203719 0.4753489392712215
 2.6271186440677963 34 2 5 18]
[3.882365713748999 'Spatial' 0 0.07539816209203719 0.4753489392712215
 0.8983050847457626 34 2 6 1]
[2.8820401228243813 'Spatial' 0 0.07539816209203719 0.4753489392712215
 1.7796610169491525 34 2 7 18]
[3.846133017636376 'Spatial' 0 0.07539816209203719 0.4753489392712215
 10.169491525423728 34 2 8 19]
[1.582453150397852 'Spatial' 0 0.07539816209203719 0.4753489392712215
 1.8135593220338981 34 2 9 17]
[1.301855626555316 'Spatial' 0 0.07539816209203719 0.4753489392712215
 1.1694915254237288 34 2 10 9]
[1.8899786108647474 'Spatial' 0 0.07539816209203719 0.4753489392712215
 2.864406779661017 34 2 11 18]
[1.3970268577031713 'Spatial' 0 0.07539816209203719 0.4753489392712215
 2.932203389830508 34 2 12 26]
[2.036702559690926 'Spatial' 0 0.07539816209203719 0.4753489392712215
 2.932203389830508 34 2 13 26]
[0.13911048715134058 'Spatial' 0 0.07539816209203719 0.4753489392712215
 1.1864406779661016 34 2 14 26]
[0.0009534537817655629 'Spatial' 0 0.07539816209203719 0.4753489392712215
 0.1694915254237288 34 2 15 18]
[2.986353212825545 'Spatial' 0 0.07539816209203719 0.4753489392712215
 7.796610169491524 34 2 16 26]
[0.0006298016333102192 'Spatial' 0 0.07539816209203719 0.4753489392712215
 0.1694915254237288 34 2 17 19]
[0.0006298016333102192 'Spatial' 0 0.07539816209203719 0.4753489392712215
 0.1694915254237288 34 2 18 9]
[0.0006298016333102192 'Spatial' 0 0.07539816209203719 0.4753489392712215
 0.1694915254237288 34 2 19 26]
[0.0 'Spatial' 0 0.07539816209203719 0.4753489392712215 0.0 34 3 0 18]
[3.7446519832224965 'Spatial' 0 0.07539816209203719 0.4753489392712215
 1.4406779661016949 34 3 1 33]
[3.9791209058038204 'Spatial' 0 0.07539816209203719 0.4753489392712215
 0.6779661016949152 34 3 2 2]
[4.067995338049646 'Spatial' 0 0.07539816209203719 0.4753489392712215
 0.4915254237288135 34 3 3 17]
[4.0945166881208985 'Spatial' 0 0.07539816209203719 0.4753489392712215
 0.1694915254237288 34 3 4 26]
[4.077372048257473 'Spatial' 0 0.07539816209203719 0.4753489392712215
 0.31864406779661014 34 3 5 18]
[4.060684152817636 'Spatial' 0 0.07539816209203719 0.4753489392712215
 0.1694915254237288 34 3 6 1]
[2.65903381107219 'Spatial' 0 0.07539816209203719 0.4753489392712215
 1.5084745762711864 34 3 7 18]
[4.024597982598993 'Spatial' 0 0.07539816209203719 0.4753489392712215
 0.3389830508474576 34 3 8 19]
[4.005114173572101 'Spatial' 0 0.07539816209203719 0.4753489392712215
 0.3389830508474576 34 3 9 17]
[3.989378518508295 'Spatial' 0 0.07539816209203719 0.4753489392712215
 0.1694915254237288 34 3 10 9]
[3.917117642519614 'Spatial' 0 0.07539816209203719 0.4753489392712215
 0.4915254237288135 34 3 11 18]
[3.592757741313058 'Spatial' 0 0.07539816209203719 0.4753489392712215
 0.5932203389830508 34 3 12 26]
[3.2082339084622467 'Spatial' 0 0.07539816209203719 0.4753489392712215
 0.559322033898305 34 3 13 26]
[3.7386903361813397 'Spatial' 0 0.07539816209203719 0.4753489392712215
 0.4915254237288135 34 3 14 26]
[0.4589231886503795 'Spatial' 0 0.07539816209203719 0.4753489392712215
 1.1694915254237288 34 3 15 18]
[0.0009058849538364798 'Spatial' 0 0.07539816209203719 0.4753489392712215
 0.559322033898305 34 3 16 26]
[0.0006298016333102192 'Spatial' 0 0.07539816209203719 0.4753489392712215
 0.1694915254237288 34 3 17 19]
[0.0006298016333102192 'Spatial' 0 0.07539816209203719 0.4753489392712215
 0.1694915254237288 34 3 18 9]
[0.0006298016333102192 'Spatial' 0 0.07539816209203719 0.4753489392712215
 0.1694915254237288 34 3 19 26]
[0.0 'Spatial' 0 0.07539816209203719 0.4753489392712215 0.0 34 4 0 18]
[3.9289241056155175 'Spatial' 0 0.07539816209203719 0.4753489392712215
 0.5932203389830508 34 4 1 33]
[2.2847718137839763 'Spatial' 0 0.07539816209203719 0.4753489392712215
 4.898305084745762 34 4 2 2]
[1.7909443644099192 'Spatial' 0 0.07539816209203719 0.4753489392712215
 3.271186440677966 34 4 3 17]
[2.7068070717867925 'Spatial' 0 0.07539816209203719 0.4753489392712215
 6.491525423728813 34 4 4 26]
[3.310235761811915 'Spatial' 0 0.07539816209203719 0.4753489392712215
 9.915254237288135 34 4 5 18]
[2.438606689431661 'Spatial' 0 0.07539816209203719 0.4753489392712215
 4.728813559322034 34 4 6 1]
[3.8790842550086357 'Spatial' 0 0.07539816209203719 0.4753489392712215
 10.169491525423728 34 4 7 18]
[3.0912484767632584 'Spatial' 0 0.07539816209203719 0.4753489392712215
 9.661016949152541 34 4 8 19]
[2.5093956672250397 'Spatial' 0 0.07539816209203719 0.4753489392712215
 6.440677966101694 34 4 9 17]
[2.6198865267136204 'Spatial' 0 0.07539816209203719 0.4753489392712215
 6.440677966101694 34 4 10 9]
[3.2714089700069646 'Spatial' 0 0.07539816209203719 0.4753489392712215
 10.169491525423728 34 4 11 18]
[1.6321241894431555 'Spatial' 0 0.07539816209203719 0.4753489392712215
 0.4915254237288135 34 4 12 26]
[0.000629801633309997 'Spatial' 0 0.07539816209203719 0.4753489392712215
 0.1694915254237288 34 4 13 26]
[4.034564321916984 'Spatial' 0 0.07539816209203719 0.4753489392712215
 10.169491525423728 34 4 14 26]
[3.608416073678057 'Spatial' 0 0.07539816209203719 0.4753489392712215
 10.169491525423728 34 4 15 18]
[3.0754828817864173 'Spatial' 0 0.07539816209203719 0.4753489392712215
 10.05084745762712 34 4 16 26]
[0.000629801633309997 'Spatial' 0 0.07539816209203719 0.4753489392712215
 0.1694915254237288 34 4 17 19]
[0.000629801633309997 'Spatial' 0 0.07539816209203719 0.4753489392712215
 0.1694915254237288 34 4 18 9]
[0.000629801633309997 'Spatial' 0 0.07539816209203719 0.4753489392712215
 0.1694915254237288 34 4 19 26]
[0.0 'Spatial' 0 0.07539816209203719 0.4753489392712215 0.0 34 5 0 18]
[3.963896305428763 'Spatial' 0 0.07539816209203719 0.4753489392712215
 1.3559322033898304 34 5 1 33]
[3.6053594785591154 'Spatial' 0 0.07539816209203719 0.4753489392712215
 0.7288135593220338 34 5 2 2]
[3.028039449913021 'Spatial' 0 0.07539816209203719 0.4753489392712215
 0.7288135593220338 34 5 3 17]
[2.196038825776875 'Spatial' 0 0.07539816209203719 0.4753489392712215
 3.1355932203389827 34 5 4 26]
[3.3468996013719163 'Spatial' 0 0.07539816209203719 0.4753489392712215
 4.898305084745762 34 5 5 18]
[0.33130244396593733 'Spatial' 0 0.07539816209203719 0.4753489392712215
 0.6779661016949152 34 5 6 1]
[3.0199001318744405 'Spatial' 0 0.07539816209203719 0.4753489392712215
 4.915254237288135 34 5 7 18]
[3.9647073482651947 'Spatial' 0 0.07539816209203719 0.4753489392712215
 6.491525423728813 34 5 8 19]
[2.884293367030372 'Spatial' 0 0.07539816209203719 0.4753489392712215
 5.084745762711863 34 5 9 17]
[0.0007413123240106698 'Spatial' 0 0.07539816209203719 0.4753489392712215
 0.4915254237288135 34 5 10 9]
[3.0527238015090536 'Spatial' 0 0.07539816209203719 0.4753489392712215
 4.4576271186440675 34 5 11 18]
[4.1588830833596715 'Spatial' 0 0.07539816209203719 0.4753489392712215
 9.999999999999998 34 5 12 26]
[0.000629801633309997 'Spatial' 0 0.07539816209203719 0.4753489392712215
 0.1694915254237288 34 5 13 26]
[0.000629801633309997 'Spatial' 0 0.07539816209203719 0.4753489392712215
 0.1694915254237288 34 5 14 26]
[0.000629801633309997 'Spatial' 0 0.07539816209203719 0.4753489392712215
 0.1694915254237288 34 5 15 18]
[0.000629801633309997 'Spatial' 0 0.07539816209203719 0.4753489392712215
 0.1694915254237288 34 5 16 26]
[1.96792228530504 'Spatial' 0 0.07539816209203719 0.4753489392712215
 3.813559322033898 34 5 17 19]
[2.7018996062844134 'Spatial' 0 0.07539816209203719 0.4753489392712215
 5.067796610169491 34 5 18 9]
[2.6605596383079275 'Spatial' 0 0.07539816209203719 0.4753489392712215
 4.966101694915253 34 5 19 26]
[0.0 'Spatial' 0 0.07539816209203719 0.4753489392712215 0.0 34 6 0 18]
[3.9888751705439396 'Spatial' 0 0.07539816209203719 0.4753489392712215
 0.559322033898305 34 6 1 33]
[2.7775822329718522 'Spatial' 0 0.07539816209203719 0.4753489392712215
 5.406779661016949 34 6 2 2]
[1.9431939213248606 'Spatial' 0 0.07539816209203719 0.4753489392712215
 3.4745762711864403 34 6 3 17]
[2.6037717820887867 'Spatial' 0 0.07539816209203719 0.4753489392712215
 5.067796610169491 34 6 4 26]
[3.236849279692352 'Spatial' 0 0.07539816209203719 0.4753489392712215
 8.35593220338983 34 6 5 18]
[2.8968585468987964 'Spatial' 0 0.07539816209203719 0.4753489392712215
 6.762711864406779 34 6 6 1]
[3.1871115428558263 'Spatial' 0 0.07539816209203719 0.4753489392712215
 8.135593220338983 34 6 7 18]
[2.9203220959663883 'Spatial' 0 0.07539816209203719 0.4753489392712215
 7.338983050847457 34 6 8 19]
[4.0085699274789395 'Spatial' 0 0.07539816209203719 0.4753489392712215
 0.28135593220338984 34 6 9 17]
[3.56025231875259 'Spatial' 0 0.07539816209203719 0.4753489392712215
 10.169491525423728 34 6 10 9]
[3.585007118428426 'Spatial' 0 0.07539816209203719 0.4753489392712215
 0.559322033898305 34 6 11 18]
[3.284207497149915 'Spatial' 0 0.07539816209203719 0.4753489392712215
 0.559322033898305 34 6 12 26]
[3.290349718241859 'Spatial' 0 0.07539816209203719 0.4753489392712215
 0.559322033898305 34 6 13 26]
[3.4714915505078157 'Spatial' 0 0.07539816209203719 0.4753489392712215
 0.4915254237288135 34 6 14 26]
[3.8289735725254563 'Spatial' 0 0.07539816209203719 0.4753489392712215
 0.38983050847457623 34 6 15 18]
[3.903197525117038 'Spatial' 0 0.07539816209203719 0.4753489392712215
 0.38983050847457623 34 6 16 26]
[1.624887887645714 'Spatial' 0 0.07539816209203719 0.4753489392712215
 2.864406779661017 34 6 17 19]
[0.10855753151942289 'Spatial' 0 0.07539816209203719 0.4753489392712215
 0.847457627118644 34 6 18 9]
[8.321574698133253 'Spatial' 0 0.07539816209203719 0.4753489392712215
 10.169491525423728 34 6 19 26]
[0.0 'Spatial' 0 0.07539816209203719 0.4753489392712215 0.0 34 7 0 18]
[4.11269508533688 'Spatial' 0 0.07539816209203719 0.4753489392712215
 0.4915254237288135 34 7 1 33]
[2.641064387391108 'Spatial' 0 0.07539816209203719 0.4753489392712215
 4.11864406779661 34 7 2 2]
[3.1980047066740047 'Spatial' 0 0.07539816209203719 0.4753489392712215
 0.7288135593220338 34 7 3 17]
[3.293904765947808 'Spatial' 0 0.07539816209203719 0.4753489392712215
 0.6271186440677965 34 7 4 26]
[3.6832180835034056 'Spatial' 0 0.07539816209203719 0.4753489392712215
 0.4915254237288135 34 7 5 18]
[0.08007810012243352 'Spatial' 0 0.07539816209203719 0.4753489392712215
 1.0169491525423728 34 7 6 1]
[0.5797115334993014 'Spatial' 0 0.07539816209203719 0.4753489392712215
 2.711864406779661 34 7 7 18]
[2.1219367556102386 'Spatial' 0 0.07539816209203719 0.4753489392712215
 4.491525423728812 34 7 8 19]
[4.263509357595171 'Spatial' 0 0.07539816209203719 0.4753489392712215
 10.169491525423728 34 7 9 17]
[3.1099827690907778 'Spatial' 0 0.07539816209203719 0.4753489392712215
 7.271186440677965 34 7 10 9]
[3.498373103164492 'Spatial' 0 0.07539816209203719 0.4753489392712215
 8.813559322033898 34 7 11 18]
[3.0703067939608806 'Spatial' 0 0.07539816209203719 0.4753489392712215
 8.016949152542372 34 7 12 26]
[2.0347973911822828 'Spatial' 0 0.07539816209203719 0.4753489392712215
 5.644067796610169 34 7 13 26]
[3.2178053179361754 'Spatial' 0 0.07539816209203719 0.4753489392712215
 9.322033898305085 34 7 14 26]
[2.6370113662698382 'Spatial' 0 0.07539816209203719 0.4753489392712215
 5.745762711864407 34 7 15 18]
[5.385765365395584 'Spatial' 0 0.07539816209203719 0.4753489392712215
 10.169491525423728 34 7 16 26]
[1.361492772331101 'Spatial' 0 0.07539816209203719 0.4753489392712215
 0.1694915254237288 34 7 17 19]
[3.5610749053454827 'Spatial' 0 0.07539816209203719 0.4753489392712215
 10.169491525423728 34 7 18 9]
[0.0014251493674462342 'Spatial' 0 0.07539816209203719 0.4753489392712215
 0.1694915254237288 34 7 19 26]
[0.0 'Spatial' 0 0.07539816209203719 0.4753489392712215 0.0 34 8 0 18]
[4.111844325798212 'Spatial' 0 0.07539816209203719 0.4753489392712215
 0.4915254237288135 34 8 1 33]
[2.5847840944883105 'Spatial' 0 0.07539816209203719 0.4753489392712215
 4.999999999999999 34 8 2 2]
[2.934092935733205 'Spatial' 0 0.07539816209203719 0.4753489392712215
 5.47457627118644 34 8 3 17]
[3.2649321983517536 'Spatial' 0 0.07539816209203719 0.4753489392712215
 0.5932203389830508 34 8 4 26]
[2.2751999765014563 'Spatial' 0 0.07539816209203719 0.4753489392712215
 4.220338983050847 34 8 5 18]
[1.7449207933353372 'Spatial' 0 0.07539816209203719 0.4753489392712215
 3.7796610169491522 34 8 6 1]
[2.9325698769169986 'Spatial' 0 0.07539816209203719 0.4753489392712215
 7.101694915254237 34 8 7 18]
[3.0771368459749926 'Spatial' 0 0.07539816209203719 0.4753489392712215
 7.610169491525423 34 8 8 19]
[4.015659946563004 'Spatial' 0 0.07539816209203719 0.4753489392712215
 0.1694915254237288 34 8 9 17]
[3.3224135602062086 'Spatial' 0 0.07539816209203719 0.4753489392712215
 8.864406779661017 34 8 10 9]
[0.03935149097868722 'Spatial' 0 0.07539816209203719 0.4753489392712215
 1.7457627118644066 34 8 11 18]
[3.7607249849560693 'Spatial' 0 0.07539816209203719 0.4753489392712215
 10.169491525423728 34 8 12 26]
[3.252279677196951 'Spatial' 0 0.07539816209203719 0.4753489392712215
 10.169491525423728 34 8 13 26]
[1.9784922613396065 'Spatial' 0 0.07539816209203719 0.4753489392712215
 5.338983050847458 34 8 14 26]
[4.917211631511432 'Spatial' 0 0.07539816209203719 0.4753489392712215
 10.169491525423728 34 8 15 18]
[3.473120681304956 'Spatial' 0 0.07539816209203719 0.4753489392712215
 10.169491525423728 34 8 16 26]
[1.8129152659558563 'Spatial' 0 0.07539816209203719 0.4753489392712215
 4.576271186440678 34 8 17 19]
[5.388808260834678 'Spatial' 0 0.07539816209203719 0.4753489392712215
 10.169491525423728 34 8 18 9]
[7.146428829242048 'Spatial' 0 0.07539816209203719 0.4753489392712215
 10.169491525423728 34 8 19 26]
