[0.0 'Spatial' 1 0.005514345968903387 0.6340589116513886 0.0 41 0 0 63]
[0.00529781277408731 'Spatial' 1 0.005514345968903387 0.6340589116513886
 9.491525423728813 41 0 1 0]
[0.6934571325198736 'Spatial' 1 0.005514345968903387 0.6340589116513886
 4.915254237288135 41 0 2 56]
[0.4887835702468278 'Spatial' 1 0.005514345968903387 0.6340589116513886
 5.1694915254237275 41 0 3 57]
[0.0006298016333097749 'Spatial' 1 0.005514345968903387 0.6340589116513886
 0.6779661016949152 41 0 4 57]
[0.4268050675550418 'Spatial' 1 0.005514345968903387 0.6340589116513886
 6.440677966101694 41 0 5 58]
[0.27979741445109857 'Spatial' 1 0.005514345968903387 0.6340589116513886
 6.2542372881355925 41 0 6 58]
[0.000638613817585661 'Spatial' 1 0.005514345968903387 0.6340589116513886
 0.1694915254237288 41 0 7 58]
[0.0006298016333097749 'Spatial' 1 0.005514345968903387 0.6340589116513886
 0.1694915254237288 41 0 8 58]
[0.0006298016333097749 'Spatial' 1 0.005514345968903387 0.6340589116513886
 0.1694915254237288 41 0 9 58]
[0.0006298016333097749 'Spatial' 1 0.005514345968903387 0.6340589116513886
 0.1694915254237288 41 0 10 58]
[0.0006298016333097749 'Spatial' 1 0.005514345968903387 0.6340589116513886
 0.1694915254237288 41 0 11 58]
[0.0006298016333097749 'Spatial' 1 0.005514345968903387 0.6340589116513886
 0.1694915254237288 41 0 12 58]
[0.0006298016333097749 'Spatial' 1 0.005514345968903387 0.6340589116513886
 0.1694915254237288 41 0 13 58]
[0.23824566449727966 'Spatial' 1 0.005514345968903387 0.6340589116513886
 6.830508474576271 41 0 14 59]
[0.0006298016333097749 'Spatial' 1 0.005514345968903387 0.6340589116513886
 0.1694915254237288 41 0 15 58]
[0.0006298016333097749 'Spatial' 1 0.005514345968903387 0.6340589116513886
 0.1694915254237288 41 0 16 58]
[0.0006298016333097749 'Spatial' 1 0.005514345968903387 0.6340589116513886
 0.1694915254237288 41 0 17 58]
[0.0006298016333097749 'Spatial' 1 0.005514345968903387 0.6340589116513886
 0.1694915254237288 41 0 18 58]
[0.0006298016333097749 'Spatial' 1 0.005514345968903387 0.6340589116513886
 0.1694915254237288 41 0 19 58]
[0.0 'Spatial' 1 0.005514345968903387 0.6340589116513886 0.0 41 1 0 63]
[3.3970895603492437 'Spatial' 1 0.005514345968903387 0.6340589116513886
 1.9152542372881354 41 1 1 0]
[2.945849676605691 'Spatial' 1 0.005514345968903387 0.6340589116513886
 1.5084745762711864 41 1 2 56]
[4.108567543834611 'Spatial' 1 0.005514345968903387 0.6340589116513886
 0.28135593220338984 41 1 3 57]
[1.379442423226088 'Spatial' 1 0.005514345968903387 0.6340589116513886
 1.1016949152542372 41 1 4 57]
[0.6934571325198738 'Spatial' 1 0.005514345968903387 0.6340589116513886
 0.5254237288135593 41 1 5 58]
[0.5374787192538523 'Spatial' 1 0.005514345968903387 0.6340589116513886
 0.38983050847457623 41 1 6 58]
[0.9222939965271387 'Spatial' 1 0.005514345968903387 0.6340589116513886
 0.38983050847457623 41 1 7 58]
[0.010172245094534203 'Spatial' 1 0.005514345968903387 0.6340589116513886
 4.898305084745762 41 1 8 58]
[0.0006298016333102192 'Spatial' 1 0.005514345968903387 0.6340589116513886
 0.847457627118644 41 1 9 58]
[0.0006298016333102192 'Spatial' 1 0.005514345968903387 0.6340589116513886
 0.1694915254237288 41 1 10 58]
[0.0006298016333102192 'Spatial' 1 0.005514345968903387 0.6340589116513886
 0.1694915254237288 41 1 11 58]
[0.0006298016333102192 'Spatial' 1 0.005514345968903387 0.6340589116513886
 0.1694915254237288 41 1 12 58]
[0.0006298016333102192 'Spatial' 1 0.005514345968903387 0.6340589116513886
 0.1694915254237288 41 1 13 58]
[0.0006298016333102192 'Spatial' 1 0.005514345968903387 0.6340589116513886
 0.1694915254237288 41 1 14 59]
[0.0006298016333102192 'Spatial' 1 0.005514345968903387 0.6340589116513886
 0.1694915254237288 41 1 15 58]
[0.0006298016333102192 'Spatial' 1 0.005514345968903387 0.6340589116513886
 0.1694915254237288 41 1 16 58]
[0.0006298016333102192 'Spatial' 1 0.005514345968903387 0.6340589116513886
 0.1694915254237288 41 1 17 58]
[0.0006298016333102192 'Spatial' 1 0.005514345968903387 0.6340589116513886
 0.1694915254237288 41 1 18 58]
[0.0006298016333102192 'Spatial' 1 0.005514345968903387 0.6340589116513886
 0.1694915254237288 41 1 19 58]
[0.0 'Spatial' 1 0.005514345968903387 0.6340589116513886 0.0 41 2 0 63]
[2.5121741926067465 'Spatial' 1 0.005514345968903387 0.6340589116513886
 2.3728813559322033 41 2 1 0]
[2.629011277753102 'Spatial' 1 0.005514345968903387 0.6340589116513886
 1.5084745762711864 41 2 2 56]
[2.2745725758395805 'Spatial' 1 0.005514345968903387 0.6340589116513886
 1.694915254237288 41 2 3 57]
[1.4309088965979546 'Spatial' 1 0.005514345968903387 0.6340589116513886
 0.5932203389830508 41 2 4 57]
[0.6942206823568035 'Spatial' 1 0.005514345968903387 0.6340589116513886
 0.559322033898305 41 2 5 58]
[0.04800987455979618 'Spatial' 1 0.005514345968903387 0.6340589116513886
 0.423728813559322 41 2 6 58]
[0.0006298016333097749 'Spatial' 1 0.005514345968903387 0.6340589116513886
 0.5084745762711864 41 2 7 58]
[0.0006298016333097749 'Spatial' 1 0.005514345968903387 0.6340589116513886
 0.1694915254237288 41 2 8 58]
[0.0006298016333097749 'Spatial' 1 0.005514345968903387 0.6340589116513886
 0.1694915254237288 41 2 9 58]
[0.0006298016333097749 'Spatial' 1 0.005514345968903387 0.6340589116513886
 0.1694915254237288 41 2 10 58]
[0.0006298016333097749 'Spatial' 1 0.005514345968903387 0.6340589116513886
 0.1694915254237288 41 2 11 58]
[0.0006298016333097749 'Spatial' 1 0.005514345968903387 0.6340589116513886
 0.1694915254237288 41 2 12 58]
[0.0006298016333097749 'Spatial' 1 0.005514345968903387 0.6340589116513886
 0.1694915254237288 41 2 13 58]
[0.0006298016333097749 'Spatial' 1 0.005514345968903387 0.6340589116513886
 0.1694915254237288 41 2 14 59]
[0.0006298016333097749 'Spatial' 1 0.005514345968903387 0.6340589116513886
 0.1694915254237288 41 2 15 58]
[0.0006298016333097749 'Spatial' 1 0.005514345968903387 0.6340589116513886
 0.1694915254237288 41 2 16 58]
[0.0006298016333097749 'Spatial' 1 0.005514345968903387 0.6340589116513886
 0.1694915254237288 41 2 17 58]
[0.0006298016333097749 'Spatial' 1 0.005514345968903387 0.6340589116513886
 0.1694915254237288 41 2 18 58]
[0.0006298016333097749 'Spatial' 1 0.005514345968903387 0.6340589116513886
 0.1694915254237288 41 2 19 58]
[0.0 'Spatial' 1 0.005514345968903387 0.6340589116513886 0.0 41 3 0 63]
[1.3865885984765025 'Spatial' 1 0.005514345968903387 0.6340589116513886
 0.6610169491525423 41 3 1 0]
[0.7390343421600789 'Spatial' 1 0.005514345968903387 0.6340589116513886
 0.559322033898305 41 3 2 56]
[0.0020218199283213987 'Spatial' 1 0.005514345968903387 0.6340589116513886
 0.4915254237288135 41 3 3 57]
[0.007827802769325848 'Spatial' 1 0.005514345968903387 0.6340589116513886
 1.0169491525423728 41 3 4 57]
[0.0006298016333097749 'Spatial' 1 0.005514345968903387 0.6340589116513886
 0.1694915254237288 41 3 5 58]
[0.0006298016333097749 'Spatial' 1 0.005514345968903387 0.6340589116513886
 0.1694915254237288 41 3 6 58]
[0.0006298016333097749 'Spatial' 1 0.005514345968903387 0.6340589116513886
 0.1694915254237288 41 3 7 58]
[0.0006298016333097749 'Spatial' 1 0.005514345968903387 0.6340589116513886
 0.1694915254237288 41 3 8 58]
[0.0006298016333097749 'Spatial' 1 0.005514345968903387 0.6340589116513886
 0.1694915254237288 41 3 9 58]
[0.0006298016333097749 'Spatial' 1 0.005514345968903387 0.6340589116513886
 0.1694915254237288 41 3 10 58]
[0.0006298016333097749 'Spatial' 1 0.005514345968903387 0.6340589116513886
 0.1694915254237288 41 3 11 58]
[0.0006298016333097749 'Spatial' 1 0.005514345968903387 0.6340589116513886
 0.1694915254237288 41 3 12 58]
[0.0006298016333097749 'Spatial' 1 0.005514345968903387 0.6340589116513886
 0.1694915254237288 41 3 13 58]
[0.0006298016333097749 'Spatial' 1 0.005514345968903387 0.6340589116513886
 0.1694915254237288 41 3 14 59]
[0.0006298016333097749 'Spatial' 1 0.005514345968903387 0.6340589116513886
 0.1694915254237288 41 3 15 58]
[0.0006298016333097749 'Spatial' 1 0.005514345968903387 0.6340589116513886
 0.1694915254237288 41 3 16 58]
[0.0006298016333097749 'Spatial' 1 0.005514345968903387 0.6340589116513886
 0.1694915254237288 41 3 17 58]
[0.0006298016333097749 'Spatial' 1 0.005514345968903387 0.6340589116513886
 0.1694915254237288 41 3 18 58]
[0.0006298016333097749 'Spatial' 1 0.005514345968903387 0.6340589116513886
 0.1694915254237288 41 3 19 58]
[0.0 'Spatial' 1 0.005514345968903387 0.6340589116513886 0.0 41 4 0 63]
[2.522029133548119 'Spatial' 1 0.005514345968903387 0.6340589116513886
 2.423728813559322 41 4 1 0]
[1.3865885984765025 'Spatial' 1 0.005514345968903387 0.6340589116513886
 0.6610169491525423 41 4 2 56]
[0.7272009620283998 'Spatial' 1 0.005514345968903387 0.6340589116513886
 0.5084745762711864 41 4 3 57]
[0.0006298016333097749 'Spatial' 1 0.005514345968903387 0.6340589116513886
 0.6779661016949152 41 4 4 57]
[3.41134530637364 'Spatial' 1 0.005514345968903387 0.6340589116513886
 9.305084745762711 41 4 5 58]
[3.1214350769429493 'Spatial' 1 0.005514345968903387 0.6340589116513886
 8.728813559322033 41 4 6 58]
[0.024935354857647488 'Spatial' 1 0.005514345968903387 0.6340589116513886
 0.1694915254237288 41 4 7 58]
[0.0006298016333097749 'Spatial' 1 0.005514345968903387 0.6340589116513886
 1.0169491525423728 41 4 8 58]
[0.0006298016333097749 'Spatial' 1 0.005514345968903387 0.6340589116513886
 0.5084745762711864 41 4 9 58]
[0.0006298016333097749 'Spatial' 1 0.005514345968903387 0.6340589116513886
 0.1694915254237288 41 4 10 58]
[0.0006298016333097749 'Spatial' 1 0.005514345968903387 0.6340589116513886
 0.1694915254237288 41 4 11 58]
[0.0006298016333097749 'Spatial' 1 0.005514345968903387 0.6340589116513886
 0.1694915254237288 41 4 12 58]
[0.0006298016333097749 'Spatial' 1 0.005514345968903387 0.6340589116513886
 0.1694915254237288 41 4 13 58]
[0.0006298016333097749 'Spatial' 1 0.005514345968903387 0.6340589116513886
 0.1694915254237288 41 4 14 59]
[0.0006298016333097749 'Spatial' 1 0.005514345968903387 0.6340589116513886
 0.1694915254237288 41 4 15 58]
[0.0006298016333097749 'Spatial' 1 0.005514345968903387 0.6340589116513886
 0.1694915254237288 41 4 16 58]
[0.0006298016333097749 'Spatial' 1 0.005514345968903387 0.6340589116513886
 0.1694915254237288 41 4 17 58]
[0.0006298016333097749 'Spatial' 1 0.005514345968903387 0.6340589116513886
 0.1694915254237288 41 4 18 58]
[0.0006298016333097749 'Spatial' 1 0.005514345968903387 0.6340589116513886
 0.1694915254237288 41 4 19 58]
[0.0 'Spatial' 1 0.005514345968903387 0.6340589116513886 0.0 41 5 0 63]
[1.3865885984765025 'Spatial' 1 0.005514345968903387 0.6340589116513886
 0.6610169491525423 41 5 1 0]
[0.7316100002973958 'Spatial' 1 0.005514345968903387 0.6340589116513886
 0.5084745762711864 41 5 2 56]
[2.5639673531632434 'Spatial' 1 0.005514345968903387 0.6340589116513886
 0.38983050847457623 41 5 3 57]
[0.0006298016333097749 'Spatial' 1 0.005514345968903387 0.6340589116513886
 0.5084745762711864 41 5 4 57]
[3.731233217740723 'Spatial' 1 0.005514345968903387 0.6340589116513886
 10.169491525423728 41 5 5 58]
[0.0006298016333097749 'Spatial' 1 0.005514345968903387 0.6340589116513886
 0.5084745762711864 41 5 6 58]
[0.0006298016333097749 'Spatial' 1 0.005514345968903387 0.6340589116513886
 0.1694915254237288 41 5 7 58]
[0.0006298016333097749 'Spatial' 1 0.005514345968903387 0.6340589116513886
 0.1694915254237288 41 5 8 58]
[0.0006298016333097749 'Spatial' 1 0.005514345968903387 0.6340589116513886
 0.1694915254237288 41 5 9 58]
[0.0006298016333097749 'Spatial' 1 0.005514345968903387 0.6340589116513886
 0.1694915254237288 41 5 10 58]
[0.0006298016333097749 'Spatial' 1 0.005514345968903387 0.6340589116513886
 0.1694915254237288 41 5 11 58]
[0.0006298016333097749 'Spatial' 1 0.005514345968903387 0.6340589116513886
 0.1694915254237288 41 5 12 58]
[0.0006298016333097749 'Spatial' 1 0.005514345968903387 0.6340589116513886
 0.1694915254237288 41 5 13 58]
[0.0006298016333097749 'Spatial' 1 0.005514345968903387 0.6340589116513886
 0.1694915254237288 41 5 14 59]
[0.0006298016333097749 'Spatial' 1 0.005514345968903387 0.6340589116513886
 0.1694915254237288 41 5 15 58]
[0.0006298016333097749 'Spatial' 1 0.005514345968903387 0.6340589116513886
 0.1694915254237288 41 5 16 58]
[0.0006298016333097749 'Spatial' 1 0.005514345968903387 0.6340589116513886
 0.1694915254237288 41 5 17 58]
[0.0006298016333097749 'Spatial' 1 0.005514345968903387 0.6340589116513886
 0.1694915254237288 41 5 18 58]
[0.0006298016333097749 'Spatial' 1 0.005514345968903387 0.6340589116513886
 0.1694915254237288 41 5 19 58]
[0.0 'Spatial' 1 0.005514345968903387 0.6340589116513886 0.0 41 6 0 63]
[2.7362934690110206 'Spatial' 1 0.005514345968903387 0.6340589116513886
 3.711864406779661 41 6 1 0]
[2.366013734448843 'Spatial' 1 0.005514345968903387 0.6340589116513886
 3.2033898305084745 41 6 2 56]
[4.1108744216511734 'Spatial' 1 0.005514345968903387 0.6340589116513886
 0.1694915254237288 41 6 3 57]
[2.8577690462907417 'Spatial' 1 0.005514345968903387 0.6340589116513886
 0.423728813559322 41 6 4 57]
[1.609614683754158 'Spatial' 1 0.005514345968903387 0.6340589116513886
 0.559322033898305 41 6 5 58]
[2.810649432669537 'Spatial' 1 0.005514345968903387 0.6340589116513886
 0.38983050847457623 41 6 6 58]
[2.1078836118092825 'Spatial' 1 0.005514345968903387 0.6340589116513886
 0.38983050847457623 41 6 7 58]
[0.015901635526531906 'Spatial' 1 0.005514345968903387 0.6340589116513886
 4.322033898305084 41 6 8 58]
[2.040862462727893 'Spatial' 1 0.005514345968903387 0.6340589116513886
 0.38983050847457623 41 6 9 58]
[0.09171823958867488 'Spatial' 1 0.005514345968903387 0.6340589116513886
 7.440677966101695 41 6 10 58]
[1.7726182743471652 'Spatial' 1 0.005514345968903387 0.6340589116513886
 0.38983050847457623 41 6 11 58]
[0.0006788197009840045 'Spatial' 1 0.005514345968903387 0.6340589116513886
 0.4915254237288135 41 6 12 58]
[0.000629801633309997 'Spatial' 1 0.005514345968903387 0.6340589116513886
 0.1694915254237288 41 6 13 58]
[0.000629801633309997 'Spatial' 1 0.005514345968903387 0.6340589116513886
 0.1694915254237288 41 6 14 59]
[0.000629801633309997 'Spatial' 1 0.005514345968903387 0.6340589116513886
 0.1694915254237288 41 6 15 58]
[0.000629801633309997 'Spatial' 1 0.005514345968903387 0.6340589116513886
 0.1694915254237288 41 6 16 58]
[0.000629801633309997 'Spatial' 1 0.005514345968903387 0.6340589116513886
 0.1694915254237288 41 6 17 58]
[0.000629801633309997 'Spatial' 1 0.005514345968903387 0.6340589116513886
 0.1694915254237288 41 6 18 58]
[0.000629801633309997 'Spatial' 1 0.005514345968903387 0.6340589116513886
 0.1694915254237288 41 6 19 58]
[0.0 'Spatial' 1 0.005514345968903387 0.6340589116513886 0.0 41 7 0 63]
[3.0617853757590896 'Spatial' 1 0.005514345968903387 0.6340589116513886
 2.7627118644067794 41 7 1 0]
[2.0439607979471126 'Spatial' 1 0.005514345968903387 0.6340589116513886
 2.3728813559322033 41 7 2 56]
[1.5333946152013773 'Spatial' 1 0.005514345968903387 0.6340589116513886
 1.3389830508474576 41 7 3 57]
[0.3405611097213933 'Spatial' 1 0.005514345968903387 0.6340589116513886
 3.9830508474576267 41 7 4 57]
[0.44171274458953774 'Spatial' 1 0.005514345968903387 0.6340589116513886
 6.423728813559322 41 7 5 58]
[0.0006298016333102192 'Spatial' 1 0.005514345968903387 0.6340589116513886
 0.5084745762711864 41 7 6 58]
[0.0006298016333102192 'Spatial' 1 0.005514345968903387 0.6340589116513886
 0.1694915254237288 41 7 7 58]
[0.0006298016333102192 'Spatial' 1 0.005514345968903387 0.6340589116513886
 0.1694915254237288 41 7 8 58]
[0.0006298016333102192 'Spatial' 1 0.005514345968903387 0.6340589116513886
 0.1694915254237288 41 7 9 58]
[0.0006298016333102192 'Spatial' 1 0.005514345968903387 0.6340589116513886
 0.1694915254237288 41 7 10 58]
[0.0006298016333102192 'Spatial' 1 0.005514345968903387 0.6340589116513886
 0.1694915254237288 41 7 11 58]
[0.0006298016333102192 'Spatial' 1 0.005514345968903387 0.6340589116513886
 0.1694915254237288 41 7 12 58]
[0.0006298016333102192 'Spatial' 1 0.005514345968903387 0.6340589116513886
 0.1694915254237288 41 7 13 58]
[0.0006298016333102192 'Spatial' 1 0.005514345968903387 0.6340589116513886
 0.1694915254237288 41 7 14 59]
[0.0006298016333102192 'Spatial' 1 0.005514345968903387 0.6340589116513886
 0.1694915254237288 41 7 15 58]
[0.0006298016333102192 'Spatial' 1 0.005514345968903387 0.6340589116513886
 0.1694915254237288 41 7 16 58]
[0.0006298016333102192 'Spatial' 1 0.005514345968903387 0.6340589116513886
 0.1694915254237288 41 7 17 58]
[0.0006298016333102192 'Spatial' 1 0.005514345968903387 0.6340589116513886
 0.1694915254237288 41 7 18 58]
[0.0006298016333102192 'Spatial' 1 0.005514345968903387 0.6340589116513886
 0.1694915254237288 41 7 19 58]
[0.0 'Spatial' 1 0.005514345968903387 0.6340589116513886 0.0 41 8 0 63]
[3.4175938727978887 'Spatial' 1 0.005514345968903387 0.6340589116513886
 2.3559322033898304 41 8 1 0]
[1.3864443502357442 'Spatial' 1 0.005514345968903387 0.6340589116513886
 0.5932203389830508 41 8 2 56]
[1.114278831424073 'Spatial' 1 0.005514345968903387 0.6340589116513886
 0.5084745762711864 41 8 3 57]
[0.0012360405926404826 'Spatial' 1 0.005514345968903387 0.6340589116513886
 0.45762711864406774 41 8 4 57]
[1.3486750316516876 'Spatial' 1 0.005514345968903387 0.6340589116513886
 10.169491525423728 41 8 5 58]
[0.8681309907811664 'Spatial' 1 0.005514345968903387 0.6340589116513886
 0.423728813559322 41 8 6 58]
[0.0006298016333097749 'Spatial' 1 0.005514345968903387 0.6340589116513886
 0.1694915254237288 41 8 7 58]
[0.0006298016333097749 'Spatial' 1 0.005514345968903387 0.6340589116513886
 0.1694915254237288 41 8 8 58]
[0.0006298016333097749 'Spatial' 1 0.005514345968903387 0.6340589116513886
 0.1694915254237288 41 8 9 58]
[0.0006298016333097749 'Spatial' 1 0.005514345968903387 0.6340589116513886
 0.1694915254237288 41 8 10 58]
[0.0006298016333097749 'Spatial' 1 0.005514345968903387 0.6340589116513886
 0.1694915254237288 41 8 11 58]
[0.0006298016333097749 'Spatial' 1 0.005514345968903387 0.6340589116513886
 0.1694915254237288 41 8 12 58]
[0.0006298016333097749 'Spatial' 1 0.005514345968903387 0.6340589116513886
 0.1694915254237288 41 8 13 58]
[0.0006298016333097749 'Spatial' 1 0.005514345968903387 0.6340589116513886
 0.1694915254237288 41 8 14 59]
[0.0006298016333097749 'Spatial' 1 0.005514345968903387 0.6340589116513886
 0.1694915254237288 41 8 15 58]
[0.0006298016333097749 'Spatial' 1 0.005514345968903387 0.6340589116513886
 0.1694915254237288 41 8 16 58]
[0.0006298016333097749 'Spatial' 1 0.005514345968903387 0.6340589116513886
 0.1694915254237288 41 8 17 58]
[0.0006298016333097749 'Spatial' 1 0.005514345968903387 0.6340589116513886
 0.1694915254237288 41 8 18 58]
[0.0006298016333097749 'Spatial' 1 0.005514345968903387 0.6340589116513886
 0.1694915254237288 41 8 19 58]
