[0.0 'Conceptual' 0 0.2520536195959819 1.8020158664610788 0.0 58 0 0 43]
[4.026147821370741 'Conceptual' 0 0.2520536195959819 1.8020158664610788
 1.406779661016949 58 0 1 50]
[2.7597691241620157 'Conceptual' 0 0.2520536195959819 1.8020158664610788
 5.135593220338983 58 0 2 26]
[3.7244573273042105 'Conceptual' 0 0.2520536195959819 1.8020158664610788
 7.881355932203389 58 0 3 34]
[3.4029627892520096 'Conceptual' 0 0.2520536195959819 1.8020158664610788
 1.847457627118644 58 0 4 26]
[3.6074813498287703 'Conceptual' 0 0.2520536195959819 1.8020158664610788
 1.1864406779661016 58 0 5 34]
[3.30547847271653 'Conceptual' 0 0.2520536195959819 1.8020158664610788
 1.5762711864406778 58 0 6 34]
[4.026260816754724 'Conceptual' 0 0.2520536195959819 1.8020158664610788
 0.423728813559322 58 0 7 25]
[3.930954056480296 'Conceptual' 0 0.2520536195959819 1.8020158664610788
 0.559322033898305 58 0 8 34]
[2.1829072687375226 'Conceptual' 0 0.2520536195959819 1.8020158664610788
 3.6101694915254234 58 0 9 34]
[1.785541406882546 'Conceptual' 0 0.2520536195959819 1.8020158664610788
 2.3559322033898304 58 0 10 34]
[3.9706278575751686 'Conceptual' 0 0.2520536195959819 1.8020158664610788
 0.1694915254237288 58 0 11 34]
[2.233659570849916 'Conceptual' 0 0.2520536195959819 1.8020158664610788
 4.4576271186440675 58 0 12 34]
[3.8575356727607257 'Conceptual' 0 0.2520536195959819 1.8020158664610788
 0.7288135593220338 58 0 13 34]
[2.7856668642856786 'Conceptual' 0 0.2520536195959819 1.8020158664610788
 1.0677966101694913 58 0 14 42]
[4.056333195220922 'Conceptual' 0 0.2520536195959819 1.8020158664610788
 0.1694915254237288 58 0 15 34]
[3.914302149454951 'Conceptual' 0 0.2520536195959819 1.8020158664610788
 1.1864406779661016 58 0 16 34]
[2.672520396290284 'Conceptual' 0 0.2520536195959819 1.8020158664610788
 3.6101694915254234 58 0 17 34]
[3.055630512381098 'Conceptual' 0 0.2520536195959819 1.8020158664610788
 1.4406779661016949 58 0 18 34]
[3.1523148335868356 'Conceptual' 0 0.2520536195959819 1.8020158664610788
 0.8305084745762711 58 0 19 34]
[0.0 'Conceptual' 0 0.2520536195959819 1.8020158664610788 0.0 58 1 0 43]
[3.6802035214556366 'Conceptual' 0 0.2520536195959819 1.8020158664610788
 3.3050847457627115 58 1 1 50]
[3.63688177216469 'Conceptual' 0 0.2520536195959819 1.8020158664610788
 8.016949152542372 58 1 2 26]
[3.669599029858408 'Conceptual' 0 0.2520536195959819 1.8020158664610788
 1.5762711864406778 58 1 3 34]
[3.4850786554706077 'Conceptual' 0 0.2520536195959819 1.8020158664610788
 1.3559322033898304 58 1 4 26]
[2.623758816969904 'Conceptual' 0 0.2520536195959819 1.8020158664610788
 3.644067796610169 58 1 5 34]
[2.4309930666801414 'Conceptual' 0 0.2520536195959819 1.8020158664610788
 4.288135593220338 58 1 6 34]
[2.664814777350878 'Conceptual' 0 0.2520536195959819 1.8020158664610788
 4.728813559322034 58 1 7 25]
[1.855945217504506 'Conceptual' 0 0.2520536195959819 1.8020158664610788
 3.2033898305084745 58 1 8 34]
[3.2966082944984065 'Conceptual' 0 0.2520536195959819 1.8020158664610788
 7.271186440677965 58 1 9 34]
[3.0497084462441117 'Conceptual' 0 0.2520536195959819 1.8020158664610788
 6.610169491525424 58 1 10 34]
[1.6445046930553766 'Conceptual' 0 0.2520536195959819 1.8020158664610788
 3.271186440677966 58 1 11 34]
[3.0032726969964005 'Conceptual' 0 0.2520536195959819 1.8020158664610788
 6.694915254237288 58 1 12 34]
[2.8291485614717398 'Conceptual' 0 0.2520536195959819 1.8020158664610788
 5.508474576271186 58 1 13 34]
[1.8385816966262492 'Conceptual' 0 0.2520536195959819 1.8020158664610788
 0.7288135593220338 58 1 14 42]
[1.4385621925672518 'Conceptual' 0 0.2520536195959819 1.8020158664610788
 3.101694915254237 58 1 15 34]
[1.8517780175907703 'Conceptual' 0 0.2520536195959819 1.8020158664610788
 1.1016949152542372 58 1 16 34]
[5.924671722652599 'Conceptual' 0 0.2520536195959819 1.8020158664610788
 0.1694915254237288 58 1 17 34]
[3.680321509854164 'Conceptual' 0 0.2520536195959819 1.8020158664610788
 10.169491525423728 58 1 18 34]
[0.3478947235754758 'Conceptual' 0 0.2520536195959819 1.8020158664610788
 0.1694915254237288 58 1 19 34]
[0.0 'Conceptual' 0 0.2520536195959819 1.8020158664610788 0.0 58 2 0 43]
[3.593012615871784 'Conceptual' 0 0.2520536195959819 1.8020158664610788
 3.542372881355932 58 2 1 50]
[4.018460710441308 'Conceptual' 0 0.2520536195959819 1.8020158664610788
 1.0677966101694913 58 2 2 26]
[3.3633502052531714 'Conceptual' 0 0.2520536195959819 1.8020158664610788
 2.3559322033898304 58 2 3 34]
[3.6568834468326172 'Conceptual' 0 0.2520536195959819 1.8020158664610788
 1.3559322033898304 58 2 4 26]
[2.9562762970232117 'Conceptual' 0 0.2520536195959819 1.8020158664610788
 2.5932203389830506 58 2 5 34]
[1.4288906197844176 'Conceptual' 0 0.2520536195959819 1.8020158664610788
 2.084745762711864 58 2 6 34]
[1.527664264115498 'Conceptual' 0 0.2520536195959819 1.8020158664610788
 2.084745762711864 58 2 7 25]
[3.3698109507364613 'Conceptual' 0 0.2520536195959819 1.8020158664610788
 6.101694915254237 58 2 8 34]
[4.326201569131817 'Conceptual' 0 0.2520536195959819 1.8020158664610788
 0.1694915254237288 58 2 9 34]
[4.455295085536408 'Conceptual' 0 0.2520536195959819 1.8020158664610788
 2.3559322033898304 58 2 10 34]
[4.209829467069385 'Conceptual' 0 0.2520536195959819 1.8020158664610788
 10.169491525423728 58 2 11 34]
[2.652982806997959 'Conceptual' 0 0.2520536195959819 1.8020158664610788
 2.711864406779661 58 2 12 34]
[2.5267751518620334 'Conceptual' 0 0.2520536195959819 1.8020158664610788
 3.7796610169491522 58 2 13 34]
[2.6835987480801657 'Conceptual' 0 0.2520536195959819 1.8020158664610788
 5.254237288135593 58 2 14 42]
[3.9977149677063317 'Conceptual' 0 0.2520536195959819 1.8020158664610788
 10.169491525423728 58 2 15 34]
[3.3796836978539435 'Conceptual' 0 0.2520536195959819 1.8020158664610788
 8.050847457627118 58 2 16 34]
[4.2304292927609 'Conceptual' 0 0.2520536195959819 1.8020158664610788
 0.3389830508474576 58 2 17 34]
[3.461089088172554 'Conceptual' 0 0.2520536195959819 1.8020158664610788
 1.9152542372881354 58 2 18 34]
[4.6951131883439565 'Conceptual' 0 0.2520536195959819 1.8020158664610788
 10.169491525423728 58 2 19 34]
[0.0 'Conceptual' 0 0.2520536195959819 1.8020158664610788 0.0 58 3 0 43]
[6.933090565926441 'Conceptual' 0 0.2520536195959819 1.8020158664610788
 10.169491525423728 58 3 1 50]
[3.378721196442029 'Conceptual' 0 0.2520536195959819 1.8020158664610788
 6.525423728813558 58 3 2 26]
[1.9807616717253422 'Conceptual' 0 0.2520536195959819 1.8020158664610788
 3.3050847457627115 58 3 3 34]
[1.2887526327218566 'Conceptual' 0 0.2520536195959819 1.8020158664610788
 2.11864406779661 58 3 4 26]
[3.1535185137471062 'Conceptual' 0 0.2520536195959819 1.8020158664610788
 5.305084745762711 58 3 5 34]
[4.601457357235549 'Conceptual' 0 0.2520536195959819 1.8020158664610788
 1.0677966101694913 58 3 6 34]
[2.8313616607169445 'Conceptual' 0 0.2520536195959819 1.8020158664610788
 3.559322033898305 58 3 7 25]
[0.158840076268572 'Conceptual' 0 0.2520536195959819 1.8020158664610788
 1.0677966101694913 58 3 8 34]
[6.032779038540667 'Conceptual' 0 0.2520536195959819 1.8020158664610788
 0.1694915254237288 58 3 9 34]
[3.3361457761313136 'Conceptual' 0 0.2520536195959819 1.8020158664610788
 3.4745762711864403 58 3 10 34]
[4.096571204396599 'Conceptual' 0 0.2520536195959819 1.8020158664610788
 10.169491525423728 58 3 11 34]
[1.693682092926805 'Conceptual' 0 0.2520536195959819 1.8020158664610788
 1.6779661016949152 58 3 12 34]
[1.1889581630063997 'Conceptual' 0 0.2520536195959819 1.8020158664610788
 1.4406779661016949 58 3 13 34]
[3.7097285859484757 'Conceptual' 0 0.2520536195959819 1.8020158664610788
 8.864406779661017 58 3 14 42]
[5.075656399013825 'Conceptual' 0 0.2520536195959819 1.8020158664610788
 10.169491525423728 58 3 15 34]
[0.6171877345348834 'Conceptual' 0 0.2520536195959819 1.8020158664610788
 0.4915254237288135 58 3 16 34]
[0.24940037923735284 'Conceptual' 0 0.2520536195959819 1.8020158664610788
 1.271186440677966 58 3 17 34]
[2.749835279328553 'Conceptual' 0 0.2520536195959819 1.8020158664610788
 3.1355932203389827 58 3 18 34]
[0.0264075522340691 'Conceptual' 0 0.2520536195959819 1.8020158664610788
 1.0677966101694913 58 3 19 34]
[0.0 'Conceptual' 0 0.2520536195959819 1.8020158664610788 0.0 58 4 0 43]
[4.141755840960799 'Conceptual' 0 0.2520536195959819 1.8020158664610788
 0.38983050847457623 58 4 1 50]
[2.815634703040278 'Conceptual' 0 0.2520536195959819 1.8020158664610788
 4.966101694915253 58 4 2 26]
[3.960139035794475 'Conceptual' 0 0.2520536195959819 1.8020158664610788
 1.0677966101694913 58 4 3 34]
[3.615742412032396 'Conceptual' 0 0.2520536195959819 1.8020158664610788
 1.5254237288135593 58 4 4 26]
[4.053550977545567 'Conceptual' 0 0.2520536195959819 1.8020158664610788
 0.5084745762711864 58 4 5 34]
[2.0531271494652232 'Conceptual' 0 0.2520536195959819 1.8020158664610788
 2.3559322033898304 58 4 6 34]
[3.7466714939112924 'Conceptual' 0 0.2520536195959819 1.8020158664610788
 7.542372881355932 58 4 7 25]
[2.00363298226921 'Conceptual' 0 0.2520536195959819 1.8020158664610788
 1.9152542372881354 58 4 8 34]
[1.478230765134185 'Conceptual' 0 0.2520536195959819 1.8020158664610788
 1.6101694915254237 58 4 9 34]
[4.019149680486388 'Conceptual' 0 0.2520536195959819 1.8020158664610788
 0.5084745762711864 58 4 10 34]
[1.837828925321723 'Conceptual' 0 0.2520536195959819 1.8020158664610788
 0.9999999999999999 58 4 11 34]
[1.2829970119922045 'Conceptual' 0 0.2520536195959819 1.8020158664610788
 1.271186440677966 58 4 12 34]
[4.270652120292458 'Conceptual' 0 0.2520536195959819 1.8020158664610788
 2.1864406779661016 58 4 13 34]
[1.445782251068072 'Conceptual' 0 0.2520536195959819 1.8020158664610788
 0.9999999999999999 58 4 14 42]
[4.295066330558331 'Conceptual' 0 0.2520536195959819 1.8020158664610788
 3.711864406779661 58 4 15 34]
[1.625403002401707 'Conceptual' 0 0.2520536195959819 1.8020158664610788
 2.3728813559322033 58 4 16 34]
[1.3541601726662365 'Conceptual' 0 0.2520536195959819 1.8020158664610788
 0.1694915254237288 58 4 17 34]
[2.0221494871683943 'Conceptual' 0 0.2520536195959819 1.8020158664610788
 2.966101694915254 58 4 18 34]
[3.002169096625868 'Conceptual' 0 0.2520536195959819 1.8020158664610788
 3.3728813559322033 58 4 19 34]
[0.0 'Conceptual' 0 0.2520536195959819 1.8020158664610788 0.0 58 5 0 43]
[4.142270697349552 'Conceptual' 0 0.2520536195959819 1.8020158664610788
 0.3389830508474576 58 5 1 50]
[2.2843106593462523 'Conceptual' 0 0.2520536195959819 1.8020158664610788
 4.11864406779661 58 5 2 26]
[2.5988124276982014 'Conceptual' 0 0.2520536195959819 1.8020158664610788
 3.7796610169491522 58 5 3 34]
[0.7074757336861488 'Conceptual' 0 0.2520536195959819 1.8020158664610788
 1.271186440677966 58 5 4 26]
[4.512954393599621 'Conceptual' 0 0.2520536195959819 1.8020158664610788
 0.1694915254237288 58 5 5 34]
[4.954584419993347 'Conceptual' 0 0.2520536195959819 1.8020158664610788
 10.169491525423728 58 5 6 34]
[4.519780571761492 'Conceptual' 0 0.2520536195959819 1.8020158664610788
 0.38983050847457623 58 5 7 25]
[4.287078939972589 'Conceptual' 0 0.2520536195959819 1.8020158664610788
 10.169491525423728 58 5 8 34]
[4.468856965456634 'Conceptual' 0 0.2520536195959819 1.8020158664610788
 0.4915254237288135 58 5 9 34]
[1.261752914243241 'Conceptual' 0 0.2520536195959819 1.8020158664610788
 1.2372881355932202 58 5 10 34]
[3.7583254811177578 'Conceptual' 0 0.2520536195959819 1.8020158664610788
 10.169491525423728 58 5 11 34]
[0.9223516624636957 'Conceptual' 0 0.2520536195959819 1.8020158664610788
 1.847457627118644 58 5 12 34]
[4.167068476531053 'Conceptual' 0 0.2520536195959819 1.8020158664610788
 10.169491525423728 58 5 13 34]
[4.893276007219534 'Conceptual' 0 0.2520536195959819 1.8020158664610788
 0.1694915254237288 58 5 14 42]
[3.947332164110787 'Conceptual' 0 0.2520536195959819 1.8020158664610788
 10.169491525423728 58 5 15 34]
[1.952907288668601 'Conceptual' 0 0.2520536195959819 1.8020158664610788
 0.1694915254237288 58 5 16 34]
[0.9052609437979081 'Conceptual' 0 0.2520536195959819 1.8020158664610788
 1.5084745762711864 58 5 17 34]
[0.07310437853538627 'Conceptual' 0 0.2520536195959819 1.8020158664610788
 0.1694915254237288 58 5 18 34]
[5.28984124649367 'Conceptual' 0 0.2520536195959819 1.8020158664610788
 10.169491525423728 58 5 19 34]
[0.0 'Conceptual' 0 0.2520536195959819 1.8020158664610788 0.0 58 6 0 43]
[6.624390790823849 'Conceptual' 0 0.2520536195959819 1.8020158664610788
 10.169491525423728 58 6 1 50]
[2.65609897566847 'Conceptual' 0 0.2520536195959819 1.8020158664610788
 5.508474576271186 58 6 2 26]
[3.7053882660763318 'Conceptual' 0 0.2520536195959819 1.8020158664610788
 2.084745762711864 58 6 3 34]
[1.70810111947817 'Conceptual' 0 0.2520536195959819 1.8020158664610788
 2.711864406779661 58 6 4 26]
[4.281004810429445 'Conceptual' 0 0.2520536195959819 1.8020158664610788
 0.5084745762711864 58 6 5 34]
[4.197626220938 'Conceptual' 0 0.2520536195959819 1.8020158664610788
 0.9999999999999999 58 6 6 34]
[1.6686702284269428 'Conceptual' 0 0.2520536195959819 1.8020158664610788
 2.2881355932203387 58 6 7 25]
[1.1675739826897356 'Conceptual' 0 0.2520536195959819 1.8020158664610788
 2.016949152542373 58 6 8 34]
[0.8629983881609122 'Conceptual' 0 0.2520536195959819 1.8020158664610788
 1.7796610169491525 58 6 9 34]
[2.835564019290152 'Conceptual' 0 0.2520536195959819 1.8020158664610788
 2.711864406779661 58 6 10 34]
[1.3845762488625586 'Conceptual' 0 0.2520536195959819 1.8020158664610788
 0.7627118644067796 58 6 11 34]
[0.7086205959556497 'Conceptual' 0 0.2520536195959819 1.8020158664610788
 0.6779661016949152 58 6 12 34]
[0.3352524915575119 'Conceptual' 0 0.2520536195959819 1.8020158664610788
 0.6610169491525423 58 6 13 34]
[0.15764790345826518 'Conceptual' 0 0.2520536195959819 1.8020158664610788
 0.5932203389830508 58 6 14 42]
[0.5583488667458424 'Conceptual' 0 0.2520536195959819 1.8020158664610788
 1.6779661016949152 58 6 15 34]
[3.205689581510315 'Conceptual' 0 0.2520536195959819 1.8020158664610788
 6.59322033898305 58 6 16 34]
[4.287965454619672 'Conceptual' 0 0.2520536195959819 1.8020158664610788
 10.169491525423728 58 6 17 34]
[0.46591830605893997 'Conceptual' 0 0.2520536195959819 1.8020158664610788
 1.5762711864406778 58 6 18 34]
[0.08450935416223512 'Conceptual' 0 0.2520536195959819 1.8020158664610788
 0.1694915254237288 58 6 19 34]
[0.0 'Conceptual' 0 0.2520536195959819 1.8020158664610788 0.0 58 7 0 43]
[3.951013342342665 'Conceptual' 0 0.2520536195959819 1.8020158664610788
 1.1694915254237288 58 7 1 50]
[1.5018322227172767 'Conceptual' 0 0.2520536195959819 1.8020158664610788
 2.694915254237288 58 7 2 26]
[2.3761653764133897 'Conceptual' 0 0.2520536195959819 1.8020158664610788
 3.711864406779661 58 7 3 34]
[4.199376356211235 'Conceptual' 0 0.2520536195959819 1.8020158664610788
 0.1694915254237288 58 7 4 26]
[0.22576306036751181 'Conceptual' 0 0.2520536195959819 1.8020158664610788
 1.4406779661016949 58 7 5 34]
[0.055539164473598406 'Conceptual' 0 0.2520536195959819 1.8020158664610788
 1.0677966101694913 58 7 6 34]
[0.0034857548669930635 'Conceptual' 0 0.2520536195959819
 1.8020158664610788 0.6610169491525423 58 7 7 25]
[0.0006961689869610436 'Conceptual' 0 0.2520536195959819
 1.8020158664610788 0.5084745762711864 58 7 8 34]
[2.143248005698232 'Conceptual' 0 0.2520536195959819 1.8020158664610788
 4.4576271186440675 58 7 9 34]
[0.0007129859291624342 'Conceptual' 0 0.2520536195959819
 1.8020158664610788 0.559322033898305 58 7 10 34]
[2.0373408471890757 'Conceptual' 0 0.2520536195959819 1.8020158664610788
 4.4576271186440675 58 7 11 34]
[0.0006942398820784824 'Conceptual' 0 0.2520536195959819
 1.8020158664610788 0.559322033898305 58 7 12 34]
[0.0006298016333102192 'Conceptual' 0 0.2520536195959819
 1.8020158664610788 0.5084745762711864 58 7 13 34]
[1.9914815795531386 'Conceptual' 0 0.2520536195959819 1.8020158664610788
 4.745762711864407 58 7 14 42]
[1.8955509864587934 'Conceptual' 0 0.2520536195959819 1.8020158664610788
 4.576271186440678 58 7 15 34]
[0.0006490745006860018 'Conceptual' 0 0.2520536195959819
 1.8020158664610788 0.5932203389830508 58 7 16 34]
[0.0006298016333102192 'Conceptual' 0 0.2520536195959819
 1.8020158664610788 0.5084745762711864 58 7 17 34]
[1.8797884825222513 'Conceptual' 0 0.2520536195959819 1.8020158664610788
 4.898305084745762 58 7 18 34]
[1.8039173733019707 'Conceptual' 0 0.2520536195959819 1.8020158664610788
 4.796610169491525 58 7 19 34]
[0.0 'Conceptual' 0 0.2520536195959819 1.8020158664610788 0.0 58 8 0 43]
[4.143147200427924 'Conceptual' 0 0.2520536195959819 1.8020158664610788
 0.1694915254237288 58 8 1 50]
[3.9546895985743737 'Conceptual' 0 0.2520536195959819 1.8020158664610788
 1.2372881355932202 58 8 2 26]
[3.958088831378973 'Conceptual' 0 0.2520536195959819 1.8020158664610788
 10.138983050847457 58 8 3 34]
[2.7437654660870456 'Conceptual' 0 0.2520536195959819 1.8020158664610788
 0.9999999999999999 58 8 4 26]
[0.3351788012435465 'Conceptual' 0 0.2520536195959819 1.8020158664610788
 0.9322033898305084 58 8 5 34]
[0.0215761195990718 'Conceptual' 0 0.2520536195959819 1.8020158664610788
 0.8983050847457626 58 8 6 34]
[0.0017731822807074116 'Conceptual' 0 0.2520536195959819
 1.8020158664610788 0.847457627118644 58 8 7 25]
[1.4495537565691308 'Conceptual' 0 0.2520536195959819 1.8020158664610788
 3.0338983050847457 58 8 8 34]
[0.9361954984320374 'Conceptual' 0 0.2520536195959819 1.8020158664610788
 2.1864406779661016 58 8 9 34]
[0.0006298016333097749 'Conceptual' 0 0.2520536195959819
 1.8020158664610788 0.1694915254237288 58 8 10 34]
[2.271088990780647 'Conceptual' 0 0.2520536195959819 1.8020158664610788
 3.559322033898305 58 8 11 34]
[0.0006298016333097749 'Conceptual' 0 0.2520536195959819
 1.8020158664610788 0.1694915254237288 58 8 12 34]
[0.0006298016333097749 'Conceptual' 0 0.2520536195959819
 1.8020158664610788 0.1694915254237288 58 8 13 34]
[0.7431634368936695 'Conceptual' 0 0.2520536195959819 1.8020158664610788
 2.1864406779661016 58 8 14 42]
[0.0006298016333097749 'Conceptual' 0 0.2520536195959819
 1.8020158664610788 0.1694915254237288 58 8 15 34]
[0.0006298016333097749 'Conceptual' 0 0.2520536195959819
 1.8020158664610788 0.1694915254237288 58 8 16 34]
[0.647542669683695 'Conceptual' 0 0.2520536195959819 1.8020158664610788
 2.1864406779661016 58 8 17 34]
[0.0006298016333097749 'Conceptual' 0 0.2520536195959819
 1.8020158664610788 0.1694915254237288 58 8 18 34]
[0.0006298016333097749 'Conceptual' 0 0.2520536195959819
 1.8020158664610788 0.1694915254237288 58 8 19 34]
