[0.0 'Spatial' 1 0.13678142722805356 0.011649273091796575 0.0 5 0 0 8]
[4.113859002913352 'Spatial' 1 0.13678142722805356 0.011649273091796575
 2.1864406779661016 5 0 1 15]
[4.097712831005051 'Spatial' 1 0.13678142722805356 0.011649273091796575
 2.016949152542373 5 0 2 59]
[4.1588830833596715 'Spatial' 1 0.13678142722805356 0.011649273091796575
 6.101694915254237 5 0 3 4]
[2.6216561757247305 'Spatial' 1 0.13678142722805356 0.011649273091796575
 1.7457627118644066 5 0 4 58]
[3.5324365616210214 'Spatial' 1 0.13678142722805356 0.011649273091796575
 4.728813559322034 5 0 5 62]
[3.7955114858610526 'Spatial' 1 0.13678142722805356 0.011649273091796575
 5.406779661016949 5 0 6 55]
[2.508653924165587 'Spatial' 1 0.13678142722805356 0.011649273091796575
 1.3559322033898304 5 0 7 63]
[3.644559349898962 'Spatial' 1 0.13678142722805356 0.011649273091796575
 6.864406779661016 5 0 8 56]
[2.426500807990189 'Spatial' 1 0.13678142722805356 0.011649273091796575
 2.694915254237288 5 0 9 53]
[1.5279266142260841 'Spatial' 1 0.13678142722805356 0.011649273091796575
 2.694915254237288 5 0 10 61]
[0.9727401777854507 'Spatial' 1 0.13678142722805356 0.011649273091796575
 0.5932203389830508 5 0 11 61]
[0.03384986446791876 'Spatial' 1 0.13678142722805356 0.011649273091796575
 0.559322033898305 5 0 12 61]
[0.0013355721163797244 'Spatial' 1 0.13678142722805356
 0.011649273091796575 0.5084745762711864 5 0 13 61]
[0.0006316071436555547 'Spatial' 1 0.13678142722805356
 0.011649273091796575 0.4915254237288135 5 0 14 61]
[0.0006298016333097749 'Spatial' 1 0.13678142722805356
 0.011649273091796575 0.1694915254237288 5 0 15 61]
[0.0006298016333097749 'Spatial' 1 0.13678142722805356
 0.011649273091796575 0.1694915254237288 5 0 16 61]
[1.8291159956868643 'Spatial' 1 0.13678142722805356 0.011649273091796575
 2.084745762711864 5 0 17 62]
[1.4962529610734272 'Spatial' 1 0.13678142722805356 0.011649273091796575
 1.9491525423728813 5 0 18 62]
[2.2067934471450075 'Spatial' 1 0.13678142722805356 0.011649273091796575
 3.7288135593220337 5 0 19 53]
[0.0 'Spatial' 1 0.13678142722805356 0.011649273091796575 0.0 5 1 0 8]
[4.189075767800098 'Spatial' 1 0.13678142722805356 0.011649273091796575
 0.1694915254237288 5 1 1 15]
[3.8731281966988433 'Spatial' 1 0.13678142722805356 0.011649273091796575
 3.0508474576271185 5 1 2 59]
[4.240885536857906 'Spatial' 1 0.13678142722805356 0.011649273091796575
 0.1694915254237288 5 1 3 4]
[4.238894567090985 'Spatial' 1 0.13678142722805356 0.011649273091796575
 0.38983050847457623 5 1 4 58]
[4.227580650745335 'Spatial' 1 0.13678142722805356 0.011649273091796575
 2.711864406779661 5 1 5 62]
[3.5986617206615574 'Spatial' 1 0.13678142722805356 0.011649273091796575
 6.423728813559322 5 1 6 55]
[3.6844846024062647 'Spatial' 1 0.13678142722805356 0.011649273091796575
 4.0508474576271185 5 1 7 63]
[3.8575726475117698 'Spatial' 1 0.13678142722805356 0.011649273091796575
 6.932203389830508 5 1 8 56]
[3.563665900815282 'Spatial' 1 0.13678142722805356 0.011649273091796575
 3.8813559322033897 5 1 9 53]
[1.8572669749978197 'Spatial' 1 0.13678142722805356 0.011649273091796575
 1.0169491525423728 5 1 10 61]
[4.076625368552881 'Spatial' 1 0.13678142722805356 0.011649273091796575
 1.847457627118644 5 1 11 61]
[3.969154485886546 'Spatial' 1 0.13678142722805356 0.011649273091796575
 9.813559322033896 5 1 12 61]
[2.2261306831791705 'Spatial' 1 0.13678142722805356 0.011649273091796575
 3.389830508474576 5 1 13 61]
[1.0005569259573686 'Spatial' 1 0.13678142722805356 0.011649273091796575
 0.8983050847457626 5 1 14 61]
[3.896828857872102 'Spatial' 1 0.13678142722805356 0.011649273091796575
 10.169491525423728 5 1 15 61]
[5.126995542901822 'Spatial' 1 0.13678142722805356 0.011649273091796575
 10.169491525423728 5 1 16 61]
[4.042430477831209 'Spatial' 1 0.13678142722805356 0.011649273091796575
 1.8644067796610169 5 1 17 62]
[3.511308987408216 'Spatial' 1 0.13678142722805356 0.011649273091796575
 2.016949152542373 5 1 18 62]
[0.41899954723336474 'Spatial' 1 0.13678142722805356 0.011649273091796575
 0.5084745762711864 5 1 19 53]
[0.0 'Spatial' 1 0.13678142722805356 0.011649273091796575 0.0 5 2 0 8]
[4.148487276652871 'Spatial' 1 0.13678142722805356 0.011649273091796575
 10.169491525423728 5 2 1 15]
[1.1562499011355223 'Spatial' 1 0.13678142722805356 0.011649273091796575
 0.1694915254237288 5 2 2 59]
[0.04454459775874141 'Spatial' 1 0.13678142722805356 0.011649273091796575
 0.1694915254237288 5 2 3 4]
[0.0009854264834623584 'Spatial' 1 0.13678142722805356
 0.011649273091796575 0.1694915254237288 5 2 4 58]
[0.0006298016333102192 'Spatial' 1 0.13678142722805356
 0.011649273091796575 0.1694915254237288 5 2 5 62]
[0.0006298016333102192 'Spatial' 1 0.13678142722805356
 0.011649273091796575 0.1694915254237288 5 2 6 55]
[1.4691950801869191 'Spatial' 1 0.13678142722805356 0.011649273091796575
 3.813559322033898 5 2 7 63]
[2.51425574309022 'Spatial' 1 0.13678142722805356 0.011649273091796575
 6.423728813559322 5 2 8 56]
[0.0006298016333102192 'Spatial' 1 0.13678142722805356
 0.011649273091796575 0.1694915254237288 5 2 9 53]
[1.4724331623239721 'Spatial' 1 0.13678142722805356 0.011649273091796575
 4.389830508474576 5 2 10 61]
[0.0006298016333102192 'Spatial' 1 0.13678142722805356
 0.011649273091796575 0.1694915254237288 5 2 11 61]
[0.0006298016333102192 'Spatial' 1 0.13678142722805356
 0.011649273091796575 0.1694915254237288 5 2 12 61]
[0.0006298016333102192 'Spatial' 1 0.13678142722805356
 0.011649273091796575 0.1694915254237288 5 2 13 61]
[0.0006298016333102192 'Spatial' 1 0.13678142722805356
 0.011649273091796575 0.1694915254237288 5 2 14 61]
[0.0006298016333102192 'Spatial' 1 0.13678142722805356
 0.011649273091796575 0.1694915254237288 5 2 15 61]
[0.0006298016333102192 'Spatial' 1 0.13678142722805356
 0.011649273091796575 0.1694915254237288 5 2 16 61]
[0.0006298016333102192 'Spatial' 1 0.13678142722805356
 0.011649273091796575 0.1694915254237288 5 2 17 62]
[1.920719816818493 'Spatial' 1 0.13678142722805356 0.011649273091796575
 7.440677966101695 5 2 18 62]
[0.0006298016333102192 'Spatial' 1 0.13678142722805356
 0.011649273091796575 0.1694915254237288 5 2 19 53]
[0.0 'Spatial' 1 0.13678142722805356 0.011649273091796575 0.0 5 3 0 8]
[4.149512749810244 'Spatial' 1 0.13678142722805356 0.011649273091796575
 0.8305084745762711 5 3 1 15]
[4.139536815225079 'Spatial' 1 0.13678142722805356 0.011649273091796575
 0.9661016949152541 5 3 2 59]
[1.1137079743297165 'Spatial' 1 0.13678142722805356 0.011649273091796575
 0.1694915254237288 5 3 3 4]
[0.05195657582126335 'Spatial' 1 0.13678142722805356 0.011649273091796575
 0.1694915254237288 5 3 4 58]
[1.5246664167513178 'Spatial' 1 0.13678142722805356 0.011649273091796575
 2.423728813559322 5 3 5 62]
[0.002059093733903559 'Spatial' 1 0.13678142722805356 0.011649273091796575
 0.1694915254237288 5 3 6 55]
[0.0006372738009079409 'Spatial' 1 0.13678142722805356
 0.011649273091796575 0.1694915254237288 5 3 7 63]
[0.0006298016333097749 'Spatial' 1 0.13678142722805356
 0.011649273091796575 0.1694915254237288 5 3 8 56]
[0.0006298016333097749 'Spatial' 1 0.13678142722805356
 0.011649273091796575 0.1694915254237288 5 3 9 53]
[0.0006298016333097749 'Spatial' 1 0.13678142722805356
 0.011649273091796575 0.1694915254237288 5 3 10 61]
[0.0006298016333097749 'Spatial' 1 0.13678142722805356
 0.011649273091796575 0.1694915254237288 5 3 11 61]
[0.0006298016333097749 'Spatial' 1 0.13678142722805356
 0.011649273091796575 0.1694915254237288 5 3 12 61]
[0.0006298016333097749 'Spatial' 1 0.13678142722805356
 0.011649273091796575 0.1694915254237288 5 3 13 61]
[0.0006298016333097749 'Spatial' 1 0.13678142722805356
 0.011649273091796575 0.1694915254237288 5 3 14 61]
[0.0006298016333097749 'Spatial' 1 0.13678142722805356
 0.011649273091796575 0.1694915254237288 5 3 15 61]
[0.0006298016333097749 'Spatial' 1 0.13678142722805356
 0.011649273091796575 0.1694915254237288 5 3 16 61]
[0.0006298016333097749 'Spatial' 1 0.13678142722805356
 0.011649273091796575 0.1694915254237288 5 3 17 62]
[0.0006298016333097749 'Spatial' 1 0.13678142722805356
 0.011649273091796575 0.1694915254237288 5 3 18 62]
[0.0006298016333097749 'Spatial' 1 0.13678142722805356
 0.011649273091796575 0.1694915254237288 5 3 19 53]
[0.0 'Spatial' 1 0.13678142722805356 0.011649273091796575 0.0 5 4 0 8]
[4.151903425224054 'Spatial' 1 0.13678142722805356 0.011649273091796575
 0.7627118644067796 5 4 1 15]
[4.089918659448714 'Spatial' 1 0.13678142722805356 0.011649273091796575
 2.1864406779661016 5 4 2 59]
[1.0169130937161557 'Spatial' 1 0.13678142722805356 0.011649273091796575
 0.38983050847457623 5 4 3 4]
[0.039035707933782464 'Spatial' 1 0.13678142722805356 0.011649273091796575
 0.28135593220338984 5 4 4 58]
[1.594481810571662 'Spatial' 1 0.13678142722805356 0.011649273091796575
 3.0338983050847457 5 4 5 62]
[0.0012469329770463994 'Spatial' 1 0.13678142722805356
 0.011649273091796575 0.1694915254237288 5 4 6 55]
[1.8085456680221839 'Spatial' 1 0.13678142722805356 0.011649273091796575
 3.7796610169491522 5 4 7 63]
[1.6136072021982102 'Spatial' 1 0.13678142722805356 0.011649273091796575
 3.2203389830508473 5 4 8 56]
[0.0011542040590268561 'Spatial' 1 0.13678142722805356
 0.011649273091796575 0.1694915254237288 5 4 9 53]
[2.7764731408831054 'Spatial' 1 0.13678142722805356 0.011649273091796575
 5.983050847457626 5 4 10 61]
[0.000632115732689047 'Spatial' 1 0.13678142722805356 0.011649273091796575
 0.1694915254237288 5 4 11 61]
[0.0006298016333097749 'Spatial' 1 0.13678142722805356
 0.011649273091796575 0.1694915254237288 5 4 12 61]
[0.0006298016333097749 'Spatial' 1 0.13678142722805356
 0.011649273091796575 0.1694915254237288 5 4 13 61]
[0.0006298016333097749 'Spatial' 1 0.13678142722805356
 0.011649273091796575 0.1694915254237288 5 4 14 61]
[0.0006298016333097749 'Spatial' 1 0.13678142722805356
 0.011649273091796575 0.1694915254237288 5 4 15 61]
[1.428105825131616 'Spatial' 1 0.13678142722805356 0.011649273091796575
 3.542372881355932 5 4 16 61]
[1.271096732348584 'Spatial' 1 0.13678142722805356 0.011649273091796575
 3.0508474576271185 5 4 17 62]
[0.0006298016333097749 'Spatial' 1 0.13678142722805356
 0.011649273091796575 0.1694915254237288 5 4 18 62]
[0.0006298016333097749 'Spatial' 1 0.13678142722805356
 0.011649273091796575 0.1694915254237288 5 4 19 53]
[0.0 'Spatial' 1 0.13678142722805356 0.011649273091796575 0.0 5 5 0 8]
[2.133502732445276 'Spatial' 1 0.13678142722805356 0.011649273091796575
 1.7457627118644066 5 5 1 15]
[1.00931712401851 'Spatial' 1 0.13678142722805356 0.011649273091796575
 1.0169491525423728 5 5 2 59]
[1.880166110141895 'Spatial' 1 0.13678142722805356 0.011649273091796575
 3.0508474576271185 5 5 3 4]
[0.05838162501125464 'Spatial' 1 0.13678142722805356 0.011649273091796575
 0.423728813559322 5 5 4 58]
[3.898030524267678 'Spatial' 1 0.13678142722805356 0.011649273091796575
 10.169491525423728 5 5 5 62]
[10.302270943236637 'Spatial' 1 0.13678142722805356 0.011649273091796575
 10.169491525423728 5 5 6 55]
[0.001486151004571197 'Spatial' 1 0.13678142722805356 0.011649273091796575
 0.31864406779661014 5 5 7 63]
[0.0006298016333097749 'Spatial' 1 0.13678142722805356
 0.011649273091796575 0.1694915254237288 5 5 8 56]
[0.0006298016333097749 'Spatial' 1 0.13678142722805356
 0.011649273091796575 0.1694915254237288 5 5 9 53]
[0.0006298016333097749 'Spatial' 1 0.13678142722805356
 0.011649273091796575 0.1694915254237288 5 5 10 61]
[0.0006298016333097749 'Spatial' 1 0.13678142722805356
 0.011649273091796575 0.1694915254237288 5 5 11 61]
[0.0006298016333097749 'Spatial' 1 0.13678142722805356
 0.011649273091796575 0.1694915254237288 5 5 12 61]
[0.0006298016333097749 'Spatial' 1 0.13678142722805356
 0.011649273091796575 0.1694915254237288 5 5 13 61]
[1.3068244070492465 'Spatial' 1 0.13678142722805356 0.011649273091796575
 4.728813559322034 5 5 14 61]
[1.8347385329434382 'Spatial' 1 0.13678142722805356 0.011649273091796575
 5.813559322033898 5 5 15 61]
[0.0006298016333097749 'Spatial' 1 0.13678142722805356
 0.011649273091796575 0.1694915254237288 5 5 16 61]
[0.0006298016333097749 'Spatial' 1 0.13678142722805356
 0.011649273091796575 0.1694915254237288 5 5 17 62]
[0.0006298016333097749 'Spatial' 1 0.13678142722805356
 0.011649273091796575 0.1694915254237288 5 5 18 62]
[0.0006298016333097749 'Spatial' 1 0.13678142722805356
 0.011649273091796575 0.1694915254237288 5 5 19 53]
[0.0 'Spatial' 1 0.13678142722805356 0.011649273091796575 0.0 5 6 0 8]
[4.136917105671818 'Spatial' 1 0.13678142722805356 0.011649273091796575
 3.7796610169491522 5 6 1 15]
[4.564006959638371 'Spatial' 1 0.13678142722805356 0.011649273091796575
 0.1694915254237288 5 6 2 59]
[4.2894400963288275 'Spatial' 1 0.13678142722805356 0.011649273091796575
 10.169491525423728 5 6 3 4]
[2.126141927758735 'Spatial' 1 0.13678142722805356 0.011649273091796575
 1.7796610169491525 5 6 4 58]
[1.9017846967034389 'Spatial' 1 0.13678142722805356 0.011649273091796575
 3.271186440677966 5 6 5 62]
[0.7904173147685427 'Spatial' 1 0.13678142722805356 0.011649273091796575
 0.9999999999999999 5 6 6 55]
[3.0220816676627282 'Spatial' 1 0.13678142722805356 0.011649273091796575
 6.6610169491525415 5 6 7 63]
[0.7712977863363858 'Spatial' 1 0.13678142722805356 0.011649273091796575
 1.3559322033898304 5 6 8 56]
[3.761915032470007 'Spatial' 1 0.13678142722805356 0.011649273091796575
 10.169491525423728 5 6 9 53]
[2.4591630650434615 'Spatial' 1 0.13678142722805356 0.011649273091796575
 5.135593220338983 5 6 10 61]
[0.8805825223152858 'Spatial' 1 0.13678142722805356 0.011649273091796575
 0.1694915254237288 5 6 11 61]
[1.9669473786188143 'Spatial' 1 0.13678142722805356 0.011649273091796575
 5.23728813559322 5 6 12 61]
[0.09358662491757058 'Spatial' 1 0.13678142722805356 0.011649273091796575
 1.1864406779661016 5 6 13 61]
[0.01793784819690836 'Spatial' 1 0.13678142722805356 0.011649273091796575
 1.0677966101694913 5 6 14 61]
[5.5838372063911805 'Spatial' 1 0.13678142722805356 0.011649273091796575
 10.169491525423728 5 6 15 61]
[7.4333711234373405 'Spatial' 1 0.13678142722805356 0.011649273091796575
 10.169491525423728 5 6 16 61]
[7.170929926300485 'Spatial' 1 0.13678142722805356 0.011649273091796575
 10.169491525423728 5 6 17 62]
[2.806346647546067 'Spatial' 1 0.13678142722805356 0.011649273091796575
 8.389830508474574 5 6 18 62]
[4.377536022027996 'Spatial' 1 0.13678142722805356 0.011649273091796575
 10.169491525423728 5 6 19 53]
[0.0 'Spatial' 1 0.13678142722805356 0.011649273091796575 0.0 5 7 0 8]
[4.173000861548859 'Spatial' 1 0.13678142722805356 0.011649273091796575
 0.1694915254237288 5 7 1 15]
[1.0763017668275183 'Spatial' 1 0.13678142722805356 0.011649273091796575
 0.1694915254237288 5 7 2 59]
[0.04579586771194349 'Spatial' 1 0.13678142722805356 0.011649273091796575
 0.1694915254237288 5 7 3 4]
[0.0011707001904186594 'Spatial' 1 0.13678142722805356
 0.011649273091796575 0.1694915254237288 5 7 4 58]
[0.0006298016333097749 'Spatial' 1 0.13678142722805356
 0.011649273091796575 0.1694915254237288 5 7 5 62]
[0.0006298016333097749 'Spatial' 1 0.13678142722805356
 0.011649273091796575 0.1694915254237288 5 7 6 55]
[0.0006298016333097749 'Spatial' 1 0.13678142722805356
 0.011649273091796575 0.1694915254237288 5 7 7 63]
[0.0006298016333097749 'Spatial' 1 0.13678142722805356
 0.011649273091796575 0.1694915254237288 5 7 8 56]
[0.0006298016333097749 'Spatial' 1 0.13678142722805356
 0.011649273091796575 0.1694915254237288 5 7 9 53]
[0.0006298016333097749 'Spatial' 1 0.13678142722805356
 0.011649273091796575 0.1694915254237288 5 7 10 61]
[0.0006298016333097749 'Spatial' 1 0.13678142722805356
 0.011649273091796575 0.1694915254237288 5 7 11 61]
[0.0006298016333097749 'Spatial' 1 0.13678142722805356
 0.011649273091796575 0.1694915254237288 5 7 12 61]
[0.0006298016333097749 'Spatial' 1 0.13678142722805356
 0.011649273091796575 0.1694915254237288 5 7 13 61]
[0.0006298016333097749 'Spatial' 1 0.13678142722805356
 0.011649273091796575 0.1694915254237288 5 7 14 61]
[0.0006298016333097749 'Spatial' 1 0.13678142722805356
 0.011649273091796575 0.1694915254237288 5 7 15 61]
[0.0006298016333097749 'Spatial' 1 0.13678142722805356
 0.011649273091796575 0.1694915254237288 5 7 16 61]
[0.0006298016333097749 'Spatial' 1 0.13678142722805356
 0.011649273091796575 0.1694915254237288 5 7 17 62]
[0.0006298016333097749 'Spatial' 1 0.13678142722805356
 0.011649273091796575 0.1694915254237288 5 7 18 62]
[0.0006298016333097749 'Spatial' 1 0.13678142722805356
 0.011649273091796575 0.1694915254237288 5 7 19 53]
[0.0 'Spatial' 1 0.13678142722805356 0.011649273091796575 0.0 5 8 0 8]
[4.119811926466286 'Spatial' 1 0.13678142722805356 0.011649273091796575
 1.983050847457627 5 8 1 15]
[4.094439923827969 'Spatial' 1 0.13678142722805356 0.011649273091796575
 2.3559322033898304 5 8 2 59]
[4.1588830833596715 'Spatial' 1 0.13678142722805356 0.011649273091796575
 4.915254237288135 5 8 3 4]
[2.450533978307086 'Spatial' 1 0.13678142722805356 0.011649273091796575
 1.7457627118644066 5 8 4 58]
[2.175702931229601 'Spatial' 1 0.13678142722805356 0.011649273091796575
 2.084745762711864 5 8 5 62]
[0.8860282807133771 'Spatial' 1 0.13678142722805356 0.011649273091796575
 0.6610169491525423 5 8 6 55]
[0.03623306865806575 'Spatial' 1 0.13678142722805356 0.011649273091796575
 0.559322033898305 5 8 7 63]
[0.0012020070364559658 'Spatial' 1 0.13678142722805356
 0.011649273091796575 0.423728813559322 5 8 8 56]
[0.0006298016333097749 'Spatial' 1 0.13678142722805356
 0.011649273091796575 0.1694915254237288 5 8 9 53]
[0.0006298016333097749 'Spatial' 1 0.13678142722805356
 0.011649273091796575 0.1694915254237288 5 8 10 61]
[0.0006298016333097749 'Spatial' 1 0.13678142722805356
 0.011649273091796575 0.1694915254237288 5 8 11 61]
[0.0006298016333097749 'Spatial' 1 0.13678142722805356
 0.011649273091796575 0.1694915254237288 5 8 12 61]
[0.0006298016333097749 'Spatial' 1 0.13678142722805356
 0.011649273091796575 0.1694915254237288 5 8 13 61]
[0.0006298016333097749 'Spatial' 1 0.13678142722805356
 0.011649273091796575 0.1694915254237288 5 8 14 61]
[0.0006298016333097749 'Spatial' 1 0.13678142722805356
 0.011649273091796575 0.1694915254237288 5 8 15 61]
[0.0006298016333097749 'Spatial' 1 0.13678142722805356
 0.011649273091796575 0.1694915254237288 5 8 16 61]
[0.0006298016333097749 'Spatial' 1 0.13678142722805356
 0.011649273091796575 0.1694915254237288 5 8 17 62]
[0.0006298016333097749 'Spatial' 1 0.13678142722805356
 0.011649273091796575 0.1694915254237288 5 8 18 62]
[2.69330829636501 'Spatial' 1 0.13678142722805356 0.011649273091796575
 5.576271186440677 5 8 19 53]
