[0.0 'Conceptual' 1 0.04914118456814058 0.25030935726948506 0.0 123 0 0 11]
[4.006104403592303 'Conceptual' 1 0.04914118456814058 0.25030935726948506
 1.847457627118644 123 0 1 53]
[3.54586507995444 'Conceptual' 1 0.04914118456814058 0.25030935726948506
 5.644067796610169 123 0 2 47]
[3.9168540430755945 'Conceptual' 1 0.04914118456814058 0.25030935726948506
 6.949152542372881 123 0 3 61]
[3.136711180411165 'Conceptual' 1 0.04914118456814058 0.25030935726948506
 2.7627118644067794 123 0 4 63]
[1.6293215106667418 'Conceptual' 1 0.04914118456814058 0.25030935726948506
 1.2372881355932202 123 0 5 53]
[5.541809988660705 'Conceptual' 1 0.04914118456814058 0.25030935726948506
 0.1694915254237288 123 0 6 60]
[1.0530682690533186 'Conceptual' 1 0.04914118456814058 0.25030935726948506
 0.1694915254237288 123 0 7 59]
[2.2387273156938567 'Conceptual' 1 0.04914118456814058 0.25030935726948506
 2.966101694915254 123 0 8 51]
[5.0405273763132 'Conceptual' 1 0.04914118456814058 0.25030935726948506
 10.169491525423728 123 0 9 59]
[0.8852750197115218 'Conceptual' 1 0.04914118456814058 0.25030935726948506
 3.0338983050847457 123 0 10 58]
[0.1755735642068998 'Conceptual' 1 0.04914118456814058 0.25030935726948506
 0.1694915254237288 123 0 11 57]
[0.0006298016333102192 'Conceptual' 1 0.04914118456814058
 0.25030935726948506 0.1694915254237288 123 0 12 56]
[8.868829500031573 'Conceptual' 1 0.04914118456814058 0.25030935726948506
 10.169491525423728 123 0 13 58]
[0.7119744133259115 'Conceptual' 1 0.04914118456814058 0.25030935726948506
 3.559322033898305 123 0 14 58]
[0.48065925414273214 'Conceptual' 1 0.04914118456814058
 0.25030935726948506 3.4406779661016946 123 0 15 50]
[0.004581104147935722 'Conceptual' 1 0.04914118456814058
 0.25030935726948506 0.7627118644067796 123 0 16 57]
[8.733980087939688 'Conceptual' 1 0.04914118456814058 0.25030935726948506
 10.169491525423728 123 0 17 59]
[4.720892636716876 'Conceptual' 1 0.04914118456814058 0.25030935726948506
 10.169491525423728 123 0 18 61]
[5.062107146239765 'Conceptual' 1 0.04914118456814058 0.25030935726948506
 10.169491525423728 123 0 19 59]
[0.0 'Conceptual' 1 0.04914118456814058 0.25030935726948506 0.0 123 1 0 11]
[3.3415689904455195 'Conceptual' 1 0.04914118456814058 0.25030935726948506
 3.271186440677966 123 1 1 53]
[3.1479448060842556 'Conceptual' 1 0.04914118456814058 0.25030935726948506
 2.254237288135593 123 1 2 47]
[3.1113655043955544 'Conceptual' 1 0.04914118456814058 0.25030935726948506
 2.016949152542373 123 1 3 61]
[4.128657545819 'Conceptual' 1 0.04914118456814058 0.25030935726948506
 0.3220338983050847 123 1 4 63]
[4.114164638591331 'Conceptual' 1 0.04914118456814058 0.25030935726948506
 0.1694915254237288 123 1 5 53]
[2.5049153891667277 'Conceptual' 1 0.04914118456814058 0.25030935726948506
 1.7457627118644066 123 1 6 60]
[1.0705290148790407 'Conceptual' 1 0.04914118456814058 0.25030935726948506
 2.2033898305084745 123 1 7 59]
[4.1588830833596715 'Conceptual' 1 0.04914118456814058 0.25030935726948506
 5.084745762711863 123 1 8 51]
[3.0149380974545887 'Conceptual' 1 0.04914118456814058 0.25030935726948506
 4.915254237288135 123 1 9 59]
[3.7014308286715534 'Conceptual' 1 0.04914118456814058 0.25030935726948506
 3.949152542372881 123 1 10 58]
[4.1588830833596715 'Conceptual' 1 0.04914118456814058 0.25030935726948506
 5.423728813559322 123 1 11 57]
[2.939414078222642 'Conceptual' 1 0.04914118456814058 0.25030935726948506
 5.135593220338983 123 1 12 56]
[1.6912040052472397 'Conceptual' 1 0.04914118456814058 0.25030935726948506
 3.8813559322033897 123 1 13 58]
[0.002194121202072413 'Conceptual' 1 0.04914118456814058
 0.25030935726948506 1.1016949152542372 123 1 14 58]
[0.0006339369748172952 'Conceptual' 1 0.04914118456814058
 0.25030935726948506 0.9999999999999999 123 1 15 50]
[1.8983060558999232 'Conceptual' 1 0.04914118456814058 0.25030935726948506
 3.711864406779661 123 1 16 57]
[0.0006807501017783917 'Conceptual' 1 0.04914118456814058
 0.25030935726948506 1.1016949152542372 123 1 17 59]
[2.6450929320410226 'Conceptual' 1 0.04914118456814058 0.25030935726948506
 5.067796610169491 123 1 18 61]
[0.000629801633309997 'Conceptual' 1 0.04914118456814058
 0.25030935726948506 0.1694915254237288 123 1 19 59]
[0.0 'Conceptual' 1 0.04914118456814058 0.25030935726948506 0.0 123 2 0 11]
[3.383374107981403 'Conceptual' 1 0.04914118456814058 0.25030935726948506
 2.3728813559322033 123 2 1 53]
[4.1562643592747 'Conceptual' 1 0.04914118456814058 0.25030935726948506
 0.38983050847457623 123 2 2 47]
[2.221905843776282 'Conceptual' 1 0.04914118456814058 0.25030935726948506
 2.7627118644067794 123 2 3 61]
[4.126658771544981 'Conceptual' 1 0.04914118456814058 0.25030935726948506
 0.1694915254237288 123 2 4 63]
[3.1718239931832186 'Conceptual' 1 0.04914118456814058 0.25030935726948506
 4.796610169491525 123 2 5 53]
[4.094617309258733 'Conceptual' 1 0.04914118456814058 0.25030935726948506
 0.1694915254237288 123 2 6 60]
[1.8221122810743546 'Conceptual' 1 0.04914118456814058 0.25030935726948506
 4.999999999999999 123 2 7 59]
[2.2853242109217673 'Conceptual' 1 0.04914118456814058 0.25030935726948506
 4.11864406779661 123 2 8 51]
[1.6054090583396836 'Conceptual' 1 0.04914118456814058 0.25030935726948506
 0.8983050847457626 123 2 9 59]
[3.028795336348952 'Conceptual' 1 0.04914118456814058 0.25030935726948506
 5.983050847457626 123 2 10 58]
[3.4167210946264213 'Conceptual' 1 0.04914118456814058 0.25030935726948506
 5.915254237288135 123 2 11 57]
[1.3679569325084102 'Conceptual' 1 0.04914118456814058 0.25030935726948506
 5.59322033898305 123 2 12 56]
[0.0007360290090875396 'Conceptual' 1 0.04914118456814058
 0.25030935726948506 0.38983050847457623 123 2 13 58]
[2.9087280105040265 'Conceptual' 1 0.04914118456814058 0.25030935726948506
 6.491525423728813 123 2 14 58]
[0.0006298016333097749 'Conceptual' 1 0.04914118456814058
 0.25030935726948506 0.1694915254237288 123 2 15 50]
[0.0006298016333097749 'Conceptual' 1 0.04914118456814058
 0.25030935726948506 0.1694915254237288 123 2 16 57]
[0.0006298016333097749 'Conceptual' 1 0.04914118456814058
 0.25030935726948506 0.1694915254237288 123 2 17 59]
[0.0006298016333097749 'Conceptual' 1 0.04914118456814058
 0.25030935726948506 0.1694915254237288 123 2 18 61]
[0.0006298016333097749 'Conceptual' 1 0.04914118456814058
 0.25030935726948506 0.1694915254237288 123 2 19 59]
[0.0 'Conceptual' 1 0.04914118456814058 0.25030935726948506 0.0 123 3 0 11]
[3.87074780534107 'Conceptual' 1 0.04914118456814058 0.25030935726948506
 1.694915254237288 123 3 1 53]
[2.075847207307308 'Conceptual' 1 0.04914118456814058 0.25030935726948506
 3.3050847457627115 123 3 2 47]
[2.9659208435787114 'Conceptual' 1 0.04914118456814058 0.25030935726948506
 2.4576271186440675 123 3 3 61]
[4.1588830833596715 'Conceptual' 1 0.04914118456814058 0.25030935726948506
 4.067796610169491 123 3 4 63]
[1.5253456828696912 'Conceptual' 1 0.04914118456814058 0.25030935726948506
 1.1016949152542372 123 3 5 53]
[4.1588830833596715 'Conceptual' 1 0.04914118456814058 0.25030935726948506
 5.084745762711863 123 3 6 60]
[0.9448186668037509 'Conceptual' 1 0.04914118456814058 0.25030935726948506
 1.7457627118644066 123 3 7 59]
[0.0006320517377481961 'Conceptual' 1 0.04914118456814058
 0.25030935726948506 0.1694915254237288 123 3 8 51]
[0.0006298016333097749 'Conceptual' 1 0.04914118456814058
 0.25030935726948506 0.1694915254237288 123 3 9 59]
[0.0006298016333097749 'Conceptual' 1 0.04914118456814058
 0.25030935726948506 0.1694915254237288 123 3 10 58]
[1.6333185220763982 'Conceptual' 1 0.04914118456814058 0.25030935726948506
 4.5593220338983045 123 3 11 57]
[0.6767849097999236 'Conceptual' 1 0.04914118456814058 0.25030935726948506
 3.9830508474576267 123 3 12 56]
[0.501506155244654 'Conceptual' 1 0.04914118456814058 0.25030935726948506
 3.271186440677966 123 3 13 58]
[0.0006298016333097749 'Conceptual' 1 0.04914118456814058
 0.25030935726948506 0.1694915254237288 123 3 14 58]
[0.0006298016333097749 'Conceptual' 1 0.04914118456814058
 0.25030935726948506 0.1694915254237288 123 3 15 50]
[0.0006298016333097749 'Conceptual' 1 0.04914118456814058
 0.25030935726948506 0.1694915254237288 123 3 16 57]
[0.4459826513121391 'Conceptual' 1 0.04914118456814058 0.25030935726948506
 3.7288135593220337 123 3 17 59]
[0.332588071731334 'Conceptual' 1 0.04914118456814058 0.25030935726948506
 3.4745762711864403 123 3 18 61]
[0.13487938694916848 'Conceptual' 1 0.04914118456814058
 0.25030935726948506 1.0677966101694913 123 3 19 59]
[0.0 'Conceptual' 1 0.04914118456814058 0.25030935726948506 0.0 123 4 0 11]
[3.026045085311031 'Conceptual' 1 0.04914118456814058 0.25030935726948506
 4.576271186440678 123 4 1 53]
[2.974066724131783 'Conceptual' 1 0.04914118456814058 0.25030935726948506
 2.5932203389830506 123 4 2 47]
[3.2840608025601754 'Conceptual' 1 0.04914118456814058 0.25030935726948506
 2.542372881355932 123 4 3 61]
[3.4501639817996943 'Conceptual' 1 0.04914118456814058 0.25030935726948506
 1.4406779661016949 123 4 4 63]
[1.7695563374771945 'Conceptual' 1 0.04914118456814058 0.25030935726948506
 2.254237288135593 123 4 5 53]
[1.1973617722258323 'Conceptual' 1 0.04914118456814058 0.25030935726948506
 1.9152542372881354 123 4 6 60]
[0.21628407307591974 'Conceptual' 1 0.04914118456814058
 0.25030935726948506 0.6779661016949152 123 4 7 59]
[4.1588830833596715 'Conceptual' 1 0.04914118456814058 0.25030935726948506
 6.271186440677965 123 4 8 51]
[4.1588830833596715 'Conceptual' 1 0.04914118456814058 0.25030935726948506
 6.271186440677965 123 4 9 59]
[3.3982319855642524 'Conceptual' 1 0.04914118456814058 0.25030935726948506
 5.59322033898305 123 4 10 58]
[2.2439998219980186 'Conceptual' 1 0.04914118456814058 0.25030935726948506
 5.508474576271186 123 4 11 57]
[2.0494519738462045 'Conceptual' 1 0.04914118456814058 0.25030935726948506
 5.644067796610169 123 4 12 56]
[0.00794125202277749 'Conceptual' 1 0.04914118456814058
 0.25030935726948506 0.1694915254237288 123 4 13 58]
[0.000629801633309997 'Conceptual' 1 0.04914118456814058
 0.25030935726948506 0.1694915254237288 123 4 14 58]
[0.000629801633309997 'Conceptual' 1 0.04914118456814058
 0.25030935726948506 0.1694915254237288 123 4 15 50]
[0.000629801633309997 'Conceptual' 1 0.04914118456814058
 0.25030935726948506 0.1694915254237288 123 4 16 57]
[0.000629801633309997 'Conceptual' 1 0.04914118456814058
 0.25030935726948506 0.1694915254237288 123 4 17 59]
[0.000629801633309997 'Conceptual' 1 0.04914118456814058
 0.25030935726948506 0.1694915254237288 123 4 18 61]
[0.000629801633309997 'Conceptual' 1 0.04914118456814058
 0.25030935726948506 0.1694915254237288 123 4 19 59]
[0.0 'Conceptual' 1 0.04914118456814058 0.25030935726948506 0.0 123 5 0 11]
[3.6215316721633637 'Conceptual' 1 0.04914118456814058 0.25030935726948506
 2.694915254237288 123 5 1 53]
[3.434006402074696 'Conceptual' 1 0.04914118456814058 0.25030935726948506
 5.932203389830509 123 5 2 47]
[0.22273405621489217 'Conceptual' 1 0.04914118456814058
 0.25030935726948506 0.1694915254237288 123 5 3 61]
[2.978093705268986 'Conceptual' 1 0.04914118456814058 0.25030935726948506
 5.644067796610169 123 5 4 63]
[1.6856871931352388 'Conceptual' 1 0.04914118456814058 0.25030935726948506
 3.8813559322033897 123 5 5 53]
[0.0006298016333097749 'Conceptual' 1 0.04914118456814058
 0.25030935726948506 0.1694915254237288 123 5 6 60]
[1.4056975881557312 'Conceptual' 1 0.04914118456814058 0.25030935726948506
 3.8813559322033897 123 5 7 59]
[0.0006298016333097749 'Conceptual' 1 0.04914118456814058
 0.25030935726948506 0.1694915254237288 123 5 8 51]
[3.460642448969848 'Conceptual' 1 0.04914118456814058 0.25030935726948506
 9.983050847457626 123 5 9 59]
[1.94206923275863 'Conceptual' 1 0.04914118456814058 0.25030935726948506
 5.305084745762711 123 5 10 58]
[0.0006298016333097749 'Conceptual' 1 0.04914118456814058
 0.25030935726948506 0.1694915254237288 123 5 11 57]
[1.7968552837470089 'Conceptual' 1 0.04914118456814058 0.25030935726948506
 5.305084745762711 123 5 12 56]
[2.3235215674500225 'Conceptual' 1 0.04914118456814058 0.25030935726948506
 6.762711864406779 123 5 13 58]
[0.0006298016333097749 'Conceptual' 1 0.04914118456814058
 0.25030935726948506 0.1694915254237288 123 5 14 58]
[1.885019062674903 'Conceptual' 1 0.04914118456814058 0.25030935726948506
 5.915254237288135 123 5 15 50]
[0.0006298016333097749 'Conceptual' 1 0.04914118456814058
 0.25030935726948506 0.1694915254237288 123 5 16 57]
[0.0006298016333097749 'Conceptual' 1 0.04914118456814058
 0.25030935726948506 0.1694915254237288 123 5 17 59]
[1.8139593404487186 'Conceptual' 1 0.04914118456814058 0.25030935726948506
 6.084745762711864 123 5 18 61]
[0.0006298016333097749 'Conceptual' 1 0.04914118456814058
 0.25030935726948506 0.1694915254237288 123 5 19 59]
[0.0 'Conceptual' 1 0.04914118456814058 0.25030935726948506 0.0 123 6 0 11]
[3.7687178499363467 'Conceptual' 1 0.04914118456814058 0.25030935726948506
 1.3559322033898304 123 6 1 53]
[3.013895981372287 'Conceptual' 1 0.04914118456814058 0.25030935726948506
 3.3728813559322033 123 6 2 47]
[0.36935143764202755 'Conceptual' 1 0.04914118456814058
 0.25030935726948506 0.38983050847457623 123 6 3 61]
[0.9676341571349703 'Conceptual' 1 0.04914118456814058 0.25030935726948506
 3.3728813559322033 123 6 4 63]
[4.1588830833596715 'Conceptual' 1 0.04914118456814058 0.25030935726948506
 6.610169491525424 123 6 5 53]
[4.1588830833596715 'Conceptual' 1 0.04914118456814058 0.25030935726948506
 5.932203389830509 123 6 6 60]
[0.5915195777932019 'Conceptual' 1 0.04914118456814058 0.25030935726948506
 3.3050847457627115 123 6 7 59]
[0.009560489284950383 'Conceptual' 1 0.04914118456814058
 0.25030935726948506 1.1694915254237288 123 6 8 51]
[0.0006298016333097749 'Conceptual' 1 0.04914118456814058
 0.25030935726948506 0.1694915254237288 123 6 9 59]
[0.0006298016333097749 'Conceptual' 1 0.04914118456814058
 0.25030935726948506 0.1694915254237288 123 6 10 58]
[0.0006298016333097749 'Conceptual' 1 0.04914118456814058
 0.25030935726948506 0.1694915254237288 123 6 11 57]
[0.49940737169133714 'Conceptual' 1 0.04914118456814058
 0.25030935726948506 3.7288135593220337 123 6 12 56]
[0.37120987054560944 'Conceptual' 1 0.04914118456814058
 0.25030935726948506 3.6101694915254234 123 6 13 58]
[4.1588830833596715 'Conceptual' 1 0.04914118456814058 0.25030935726948506
 7.288135593220339 123 6 14 58]
[0.0006298016333097749 'Conceptual' 1 0.04914118456814058
 0.25030935726948506 0.1694915254237288 123 6 15 50]
[0.0006298016333097749 'Conceptual' 1 0.04914118456814058
 0.25030935726948506 0.1694915254237288 123 6 16 57]
[0.0006298016333097749 'Conceptual' 1 0.04914118456814058
 0.25030935726948506 0.1694915254237288 123 6 17 59]
[0.0006298016333097749 'Conceptual' 1 0.04914118456814058
 0.25030935726948506 0.1694915254237288 123 6 18 61]
[0.0006298016333097749 'Conceptual' 1 0.04914118456814058
 0.25030935726948506 0.1694915254237288 123 6 19 59]
[0.0 'Conceptual' 1 0.04914118456814058 0.25030935726948506 0.0 123 7 0 11]
[3.872881417061319 'Conceptual' 1 0.04914118456814058 0.25030935726948506
 1.5762711864406778 123 7 1 53]
[3.064732838442709 'Conceptual' 1 0.04914118456814058 0.25030935726948506
 2.796610169491525 123 7 2 47]
[2.059179933924364 'Conceptual' 1 0.04914118456814058 0.25030935726948506
 3.271186440677966 123 7 3 61]
[1.326203873723884 'Conceptual' 1 0.04914118456814058 0.25030935726948506
 3.3728813559322033 123 7 4 63]
[0.41588210823033395 'Conceptual' 1 0.04914118456814058
 0.25030935726948506 0.1694915254237288 123 7 5 53]
[0.9109426266502378 'Conceptual' 1 0.04914118456814058 0.25030935726948506
 2.423728813559322 123 7 6 60]
[0.014091553509955014 'Conceptual' 1 0.04914118456814058
 0.25030935726948506 0.7627118644067796 123 7 7 59]
[0.0006298016333102192 'Conceptual' 1 0.04914118456814058
 0.25030935726948506 0.5084745762711864 123 7 8 51]
[0.0006298016333102192 'Conceptual' 1 0.04914118456814058
 0.25030935726948506 0.1694915254237288 123 7 9 59]
[1.0552742247601996 'Conceptual' 1 0.04914118456814058 0.25030935726948506
 5.135593220338983 123 7 10 58]
[0.9323068896477071 'Conceptual' 1 0.04914118456814058 0.25030935726948506
 4.966101694915253 123 7 11 57]
[0.8186516810789777 'Conceptual' 1 0.04914118456814058 0.25030935726948506
 4.745762711864407 123 7 12 56]
[0.0006500815465850186 'Conceptual' 1 0.04914118456814058
 0.25030935726948506 0.1694915254237288 123 7 13 58]
[0.0006298016333102192 'Conceptual' 1 0.04914118456814058
 0.25030935726948506 0.1694915254237288 123 7 14 58]
[0.0006298016333102192 'Conceptual' 1 0.04914118456814058
 0.25030935726948506 0.1694915254237288 123 7 15 50]
[0.0006298016333102192 'Conceptual' 1 0.04914118456814058
 0.25030935726948506 0.1694915254237288 123 7 16 57]
[0.0006298016333102192 'Conceptual' 1 0.04914118456814058
 0.25030935726948506 0.1694915254237288 123 7 17 59]
[1.2387131049762246 'Conceptual' 1 0.04914118456814058 0.25030935726948506
 5.847457627118643 123 7 18 61]
[1.1788533350566168 'Conceptual' 1 0.04914118456814058 0.25030935726948506
 5.644067796610169 123 7 19 59]
[0.0 'Conceptual' 1 0.04914118456814058 0.25030935726948506 0.0 123 8 0 11]
[3.6357761919820453 'Conceptual' 1 0.04914118456814058 0.25030935726948506
 3.6101694915254234 123 8 1 53]
[4.13988416546314 'Conceptual' 1 0.04914118456814058 0.25030935726948506
 0.1694915254237288 123 8 2 47]
[4.125607018103149 'Conceptual' 1 0.04914118456814058 0.25030935726948506
 0.1694915254237288 123 8 3 61]
[4.110120097719159 'Conceptual' 1 0.04914118456814058 0.25030935726948506
 0.1694915254237288 123 8 4 63]
[2.4427570684144273 'Conceptual' 1 0.04914118456814058 0.25030935726948506
 1.7796610169491525 123 8 5 53]
[1.7288598002670756 'Conceptual' 1 0.04914118456814058 0.25030935726948506
 0.7288135593220338 123 8 6 60]
[0.7492916906702677 'Conceptual' 1 0.04914118456814058 0.25030935726948506
 2.2881355932203387 123 8 7 59]
[4.082261732770219 'Conceptual' 1 0.04914118456814058 0.25030935726948506
 10.169491525423728 123 8 8 51]
[1.7843800202147353 'Conceptual' 1 0.04914118456814058 0.25030935726948506
 1.5762711864406778 123 8 9 59]
[3.690995443529813 'Conceptual' 1 0.04914118456814058 0.25030935726948506
 10.169491525423728 123 8 10 58]
[0.007878550098474988 'Conceptual' 1 0.04914118456814058
 0.25030935726948506 0.1694915254237288 123 8 11 57]
[1.873685843023851 'Conceptual' 1 0.04914118456814058 0.25030935726948506
 5.983050847457626 123 8 12 56]
[2.049938170657158 'Conceptual' 1 0.04914118456814058 0.25030935726948506
 7.949152542372881 123 8 13 58]
[1.5566386620765735 'Conceptual' 1 0.04914118456814058 0.25030935726948506
 5.576271186440677 123 8 14 58]
[0.2607596343181504 'Conceptual' 1 0.04914118456814058 0.25030935726948506
 3.4406779661016946 123 8 15 50]
[3.099762480341604 'Conceptual' 1 0.04914118456814058 0.25030935726948506
 10.169491525423728 123 8 16 57]
[1.2719116325615736 'Conceptual' 1 0.04914118456814058 0.25030935726948506
 5.59322033898305 123 8 17 59]
[1.9271330794167647 'Conceptual' 1 0.04914118456814058 0.25030935726948506
 8.457627118644066 123 8 18 61]
[0.037444734177937124 'Conceptual' 1 0.04914118456814058
 0.25030935726948506 1.9152542372881354 123 8 19 59]
