[0.0 'Conceptual' 1 0.12671118325879402 0.7113854888568475 0.0 94 0 0 14]
[4.143192657044576 'Conceptual' 1 0.12671118325879402 0.7113854888568475
 0.1694915254237288 94 0 1 6]
[3.884500105784827 'Conceptual' 1 0.12671118325879402 0.7113854888568475
 2.11864406779661 94 0 2 31]
[2.8107351270266947 'Conceptual' 1 0.12671118325879402 0.7113854888568475
 3.644067796610169 94 0 3 3]
[2.4511280683657564 'Conceptual' 1 0.12671118325879402 0.7113854888568475
 3.7796610169491522 94 0 4 14]
[4.0770086644817125 'Conceptual' 1 0.12671118325879402 0.7113854888568475
 0.5084745762711864 94 0 5 57]
[4.078970740299623 'Conceptual' 1 0.12671118325879402 0.7113854888568475
 0.1694915254237288 94 0 6 56]
[3.58257086442197 'Conceptual' 1 0.12671118325879402 0.7113854888568475
 3.644067796610169 94 0 7 56]
[3.297793156499633 'Conceptual' 1 0.12671118325879402 0.7113854888568475
 3.2203389830508473 94 0 8 57]
[2.8868170119273726 'Conceptual' 1 0.12671118325879402 0.7113854888568475
 1.847457627118644 94 0 9 49]
[1.5853389415132166 'Conceptual' 1 0.12671118325879402 0.7113854888568475
 1.3389830508474576 94 0 10 56]
[0.6363439018094585 'Conceptual' 1 0.12671118325879402 0.7113854888568475
 1.0677966101694913 94 0 11 56]
[0.21366462700772187 'Conceptual' 1 0.12671118325879402 0.7113854888568475
 0.9999999999999999 94 0 12 56]
[0.07404026675548142 'Conceptual' 1 0.12671118325879402 0.7113854888568475
 0.38983050847457623 94 0 13 56]
[0.0242745072126801 'Conceptual' 1 0.12671118325879402 0.7113854888568475
 0.38983050847457623 94 0 14 56]
[0.00865283478482477 'Conceptual' 1 0.12671118325879402 0.7113854888568475
 0.38983050847457623 94 0 15 56]
[0.003327328311713135 'Conceptual' 1 0.12671118325879402
 0.7113854888568475 0.3389830508474576 94 0 16 56]
[0.0013847780666794423 'Conceptual' 1 0.12671118325879402
 0.7113854888568475 0.3389830508474576 94 0 17 56]
[0.0006298016333097749 'Conceptual' 1 0.12671118325879402
 0.7113854888568475 0.1694915254237288 94 0 18 56]
[0.0006298016333097749 'Conceptual' 1 0.12671118325879402
 0.7113854888568475 0.1694915254237288 94 0 19 56]
[0.0 'Conceptual' 1 0.12671118325879402 0.7113854888568475 0.0 94 1 0 14]
[3.968532356464351 'Conceptual' 1 0.12671118325879402 0.7113854888568475
 2.2033898305084745 94 1 1 6]
[3.2920802890411265 'Conceptual' 1 0.12671118325879402 0.7113854888568475
 4.220338983050847 94 1 2 31]
[2.8307819799607383 'Conceptual' 1 0.12671118325879402 0.7113854888568475
 0.9322033898305084 94 1 3 3]
[0.6305301435775967 'Conceptual' 1 0.12671118325879402 0.7113854888568475
 1.4406779661016949 94 1 4 14]
[1.3498356716668858 'Conceptual' 1 0.12671118325879402 0.7113854888568475
 2.5254237288135593 94 1 5 57]
[0.542599398899535 'Conceptual' 1 0.12671118325879402 0.7113854888568475
 0.8305084745762711 94 1 6 56]
[0.00705685207674733 'Conceptual' 1 0.12671118325879402 0.7113854888568475
 0.559322033898305 94 1 7 56]
[2.055255738209953 'Conceptual' 1 0.12671118325879402 0.7113854888568475
 5.59322033898305 94 1 8 57]
[2.6597301719312627 'Conceptual' 1 0.12671118325879402 0.7113854888568475
 7.288135593220339 94 1 9 49]
[1.7077803858833438 'Conceptual' 1 0.12671118325879402 0.7113854888568475
 5.067796610169491 94 1 10 56]
[4.392967702189601 'Conceptual' 1 0.12671118325879402 0.7113854888568475
 10.169491525423728 94 1 11 56]
[0.0006298016333097749 'Conceptual' 1 0.12671118325879402
 0.7113854888568475 0.6779661016949152 94 1 12 56]
[2.693955693055582 'Conceptual' 1 0.12671118325879402 0.7113854888568475
 7.542372881355932 94 1 13 56]
[0.0006298016333097749 'Conceptual' 1 0.12671118325879402
 0.7113854888568475 0.1694915254237288 94 1 14 56]
[0.0006298016333097749 'Conceptual' 1 0.12671118325879402
 0.7113854888568475 0.1694915254237288 94 1 15 56]
[2.987277141138479 'Conceptual' 1 0.12671118325879402 0.7113854888568475
 7.796610169491524 94 1 16 56]
[1.7520954222227298 'Conceptual' 1 0.12671118325879402 0.7113854888568475
 5.135593220338983 94 1 17 56]
[0.0006298016333097749 'Conceptual' 1 0.12671118325879402
 0.7113854888568475 0.1694915254237288 94 1 18 56]
[0.0006298016333097749 'Conceptual' 1 0.12671118325879402
 0.7113854888568475 0.1694915254237288 94 1 19 56]
[0.0 'Conceptual' 1 0.12671118325879402 0.7113854888568475 0.0 94 2 0 14]
[4.030163492200155 'Conceptual' 1 0.12671118325879402 0.7113854888568475
 1.5762711864406778 94 2 1 6]
[3.5355190766460205 'Conceptual' 1 0.12671118325879402 0.7113854888568475
 7.338983050847457 94 2 2 31]
[3.433048344075327 'Conceptual' 1 0.12671118325879402 0.7113854888568475
 6.2542372881355925 94 2 3 3]
[2.7286982809785427 'Conceptual' 1 0.12671118325879402 0.7113854888568475
 4.915254237288135 94 2 4 14]
[3.141883291848397 'Conceptual' 1 0.12671118325879402 0.7113854888568475
 4.898305084745762 94 2 5 57]
[2.7113541400900716 'Conceptual' 1 0.12671118325879402 0.7113854888568475
 3.1355932203389827 94 2 6 56]
[3.6114482566922654 'Conceptual' 1 0.12671118325879402 0.7113854888568475
 3.542372881355932 94 2 7 56]
[0.01434151824787194 'Conceptual' 1 0.12671118325879402 0.7113854888568475
 0.1694915254237288 94 2 8 57]
[1.5593668339810032 'Conceptual' 1 0.12671118325879402 0.7113854888568475
 4.288135593220338 94 2 9 49]
[0.0006298016333102192 'Conceptual' 1 0.12671118325879402
 0.7113854888568475 0.1694915254237288 94 2 10 56]
[1.3780192658229182 'Conceptual' 1 0.12671118325879402 0.7113854888568475
 4.576271186440678 94 2 11 56]
[0.0006298016333102192 'Conceptual' 1 0.12671118325879402
 0.7113854888568475 0.1694915254237288 94 2 12 56]
[0.0006298016333102192 'Conceptual' 1 0.12671118325879402
 0.7113854888568475 0.1694915254237288 94 2 13 56]
[0.0006298016333102192 'Conceptual' 1 0.12671118325879402
 0.7113854888568475 0.1694915254237288 94 2 14 56]
[0.0006298016333102192 'Conceptual' 1 0.12671118325879402
 0.7113854888568475 0.1694915254237288 94 2 15 56]
[1.9360276378783798 'Conceptual' 1 0.12671118325879402 0.7113854888568475
 5.644067796610169 94 2 16 56]
[0.0006298016333102192 'Conceptual' 1 0.12671118325879402
 0.7113854888568475 0.1694915254237288 94 2 17 56]
[0.0006298016333102192 'Conceptual' 1 0.12671118325879402
 0.7113854888568475 0.1694915254237288 94 2 18 56]
[0.0006298016333102192 'Conceptual' 1 0.12671118325879402
 0.7113854888568475 0.1694915254237288 94 2 19 56]
[0.0 'Conceptual' 1 0.12671118325879402 0.7113854888568475 0.0 94 3 0 14]
[3.0550892965483025 'Conceptual' 1 0.12671118325879402 0.7113854888568475
 0.8983050847457626 94 3 1 6]
[0.8182226144863782 'Conceptual' 1 0.12671118325879402 0.7113854888568475
 1.271186440677966 94 3 2 31]
[6.4957954756869905 'Conceptual' 1 0.12671118325879402 0.7113854888568475
 0.1694915254237288 94 3 3 3]
[0.005782349566354552 'Conceptual' 1 0.12671118325879402
 0.7113854888568475 0.6610169491525423 94 3 4 14]
[3.8437868668697055 'Conceptual' 1 0.12671118325879402 0.7113854888568475
 10.169491525423728 94 3 5 57]
[1.3132796795611006 'Conceptual' 1 0.12671118325879402 0.7113854888568475
 2.5932203389830506 94 3 6 56]
[0.9300988347562614 'Conceptual' 1 0.12671118325879402 0.7113854888568475
 2.3559322033898304 94 3 7 56]
[2.366591567811437 'Conceptual' 1 0.12671118325879402 0.7113854888568475
 4.288135593220338 94 3 8 57]
[0.991030112026656 'Conceptual' 1 0.12671118325879402 0.7113854888568475
 3.6101694915254234 94 3 9 49]
[0.59150862971861 'Conceptual' 1 0.12671118325879402 0.7113854888568475
 2.084745762711864 94 3 10 56]
[0.8992390595866675 'Conceptual' 1 0.12671118325879402 0.7113854888568475
 3.813559322033898 94 3 11 56]
[2.309676198096682 'Conceptual' 1 0.12671118325879402 0.7113854888568475
 5.47457627118644 94 3 12 56]
[0.339281552240145 'Conceptual' 1 0.12671118325879402 0.7113854888568475
 1.7457627118644066 94 3 13 56]
[0.026866374532852268 'Conceptual' 1 0.12671118325879402
 0.7113854888568475 0.1694915254237288 94 3 14 56]
[0.0007496756436810988 'Conceptual' 1 0.12671118325879402
 0.7113854888568475 0.1694915254237288 94 3 15 56]
[0.0006298016333102192 'Conceptual' 1 0.12671118325879402
 0.7113854888568475 0.1694915254237288 94 3 16 56]
[0.0006298016333102192 'Conceptual' 1 0.12671118325879402
 0.7113854888568475 0.1694915254237288 94 3 17 56]
[0.0006298016333102192 'Conceptual' 1 0.12671118325879402
 0.7113854888568475 0.1694915254237288 94 3 18 56]
[1.0368747074100624 'Conceptual' 1 0.12671118325879402 0.7113854888568475
 5.423728813559322 94 3 19 56]
[0.0 'Conceptual' 1 0.12671118325879402 0.7113854888568475 0.0 94 4 0 14]
[3.662202328834367 'Conceptual' 1 0.12671118325879402 0.7113854888568475
 3.271186440677966 94 4 1 6]
[3.996114309448803 'Conceptual' 1 0.12671118325879402 0.7113854888568475
 1.1016949152542372 94 4 2 31]
[2.685476553141549 'Conceptual' 1 0.12671118325879402 0.7113854888568475
 3.542372881355932 94 4 3 3]
[2.9953614927635166 'Conceptual' 1 0.12671118325879402 0.7113854888568475
 4.389830508474576 94 4 4 14]
[0.6844536138207273 'Conceptual' 1 0.12671118325879402 0.7113854888568475
 1.5762711864406778 94 4 5 57]
[1.2256777118427404 'Conceptual' 1 0.12671118325879402 0.7113854888568475
 2.694915254237288 94 4 6 56]
[3.4565380566994737 'Conceptual' 1 0.12671118325879402 0.7113854888568475
 6.016949152542373 94 4 7 56]
[0.20688093477182384 'Conceptual' 1 0.12671118325879402 0.7113854888568475
 0.5932203389830508 94 4 8 57]
[0.5267616954764075 'Conceptual' 1 0.12671118325879402 0.7113854888568475
 2.2881355932203387 94 4 9 49]
[0.32649433173404835 'Conceptual' 1 0.12671118325879402 0.7113854888568475
 1.9491525423728813 94 4 10 56]
[0.01068692149258619 'Conceptual' 1 0.12671118325879402 0.7113854888568475
 0.1694915254237288 94 4 11 56]
[0.0006724015756818933 'Conceptual' 1 0.12671118325879402
 0.7113854888568475 0.1694915254237288 94 4 12 56]
[0.0006298016333097749 'Conceptual' 1 0.12671118325879402
 0.7113854888568475 0.1694915254237288 94 4 13 56]
[0.0006298016333097749 'Conceptual' 1 0.12671118325879402
 0.7113854888568475 0.1694915254237288 94 4 14 56]
[2.198612122596298 'Conceptual' 1 0.12671118325879402 0.7113854888568475
 4.966101694915253 94 4 15 56]
[2.8273168058284988 'Conceptual' 1 0.12671118325879402 0.7113854888568475
 6.1525423728813555 94 4 16 56]
[3.779414658514992 'Conceptual' 1 0.12671118325879402 0.7113854888568475
 6.525423728813558 94 4 17 56]
[3.926052079504938 'Conceptual' 1 0.12671118325879402 0.7113854888568475
 7.779661016949152 94 4 18 56]
[2.5754510789316702 'Conceptual' 1 0.12671118325879402 0.7113854888568475
 6.1525423728813555 94 4 19 56]
[0.0 'Conceptual' 1 0.12671118325879402 0.7113854888568475 0.0 94 5 0 14]
[2.944296237839127 'Conceptual' 1 0.12671118325879402 0.7113854888568475
 6.1525423728813555 94 5 1 6]
[2.42904649832487 'Conceptual' 1 0.12671118325879402 0.7113854888568475
 4.491525423728812 94 5 2 31]
[3.0905920923660575 'Conceptual' 1 0.12671118325879402 0.7113854888568475
 2.6271186440677963 94 5 3 3]
[2.5480434333369786 'Conceptual' 1 0.12671118325879402 0.7113854888568475
 3.2033898305084745 94 5 4 14]
[4.080166779858406 'Conceptual' 1 0.12671118325879402 0.7113854888568475
 0.1694915254237288 94 5 5 57]
[3.6930033759393726 'Conceptual' 1 0.12671118325879402 0.7113854888568475
 0.6610169491525423 94 5 6 56]
[3.507348483939856 'Conceptual' 1 0.12671118325879402 0.7113854888568475
 6.491525423728813 94 5 7 56]
[4.027371846057401 'Conceptual' 1 0.12671118325879402 0.7113854888568475
 0.38983050847457623 94 5 8 57]
[3.8250293833263544 'Conceptual' 1 0.12671118325879402 0.7113854888568475
 10.169491525423728 94 5 9 49]
[0.20223767501288006 'Conceptual' 1 0.12671118325879402 0.7113854888568475
 1.271186440677966 94 5 10 56]
[1.6385264338377405 'Conceptual' 1 0.12671118325879402 0.7113854888568475
 2.711864406779661 94 5 11 56]
[1.8457924851912855 'Conceptual' 1 0.12671118325879402 0.7113854888568475
 3.4406779661016946 94 5 12 56]
[0.5274901526674965 'Conceptual' 1 0.12671118325879402 0.7113854888568475
 1.6101694915254237 94 5 13 56]
[1.751140706011121 'Conceptual' 1 0.12671118325879402 0.7113854888568475
 2.966101694915254 94 5 14 56]
[2.7500247364254733 'Conceptual' 1 0.12671118325879402 0.7113854888568475
 4.491525423728812 94 5 15 56]
[2.541699685231861 'Conceptual' 1 0.12671118325879402 0.7113854888568475
 4.220338983050847 94 5 16 56]
[0.10519134296217454 'Conceptual' 1 0.12671118325879402 0.7113854888568475
 1.0677966101694913 94 5 17 56]
[1.5701629466198865 'Conceptual' 1 0.12671118325879402 0.7113854888568475
 3.644067796610169 94 5 18 56]
[2.414079995439365 'Conceptual' 1 0.12671118325879402 0.7113854888568475
 5.067796610169491 94 5 19 56]
[0.0 'Conceptual' 1 0.12671118325879402 0.7113854888568475 0.0 94 6 0 14]
[3.500993690545866 'Conceptual' 1 0.12671118325879402 0.7113854888568475
 5.644067796610169 94 6 1 6]
[3.484297330766811 'Conceptual' 1 0.12671118325879402 0.7113854888568475
 5.813559322033898 94 6 2 31]
[2.9945846361075854 'Conceptual' 1 0.12671118325879402 0.7113854888568475
 5.813559322033898 94 6 3 3]
[0.032813168704418465 'Conceptual' 1 0.12671118325879402
 0.7113854888568475 0.1694915254237288 94 6 4 14]
[0.0006298016333102192 'Conceptual' 1 0.12671118325879402
 0.7113854888568475 0.1694915254237288 94 6 5 57]
[0.0006298016333102192 'Conceptual' 1 0.12671118325879402
 0.7113854888568475 0.1694915254237288 94 6 6 56]
[2.9652616992397562 'Conceptual' 1 0.12671118325879402 0.7113854888568475
 9.203389830508476 94 6 7 56]
[8.60237775436012 'Conceptual' 1 0.12671118325879402 0.7113854888568475
 10.169491525423728 94 6 8 57]
[0.0006298016333102192 'Conceptual' 1 0.12671118325879402
 0.7113854888568475 0.1694915254237288 94 6 9 49]
[1.4433372387120442 'Conceptual' 1 0.12671118325879402 0.7113854888568475
 3.6101694915254234 94 6 10 56]
[0.0006298016333102192 'Conceptual' 1 0.12671118325879402
 0.7113854888568475 0.1694915254237288 94 6 11 56]
[0.0006298016333102192 'Conceptual' 1 0.12671118325879402
 0.7113854888568475 0.1694915254237288 94 6 12 56]
[1.5893961556758887 'Conceptual' 1 0.12671118325879402 0.7113854888568475
 4.627118644067796 94 6 13 56]
[1.4523385643743083 'Conceptual' 1 0.12671118325879402 0.7113854888568475
 4.4576271186440675 94 6 14 56]
[0.0006298016333102192 'Conceptual' 1 0.12671118325879402
 0.7113854888568475 0.1694915254237288 94 6 15 56]
[0.0006298016333102192 'Conceptual' 1 0.12671118325879402
 0.7113854888568475 0.1694915254237288 94 6 16 56]
[0.0006298016333102192 'Conceptual' 1 0.12671118325879402
 0.7113854888568475 0.1694915254237288 94 6 17 56]
[0.0006298016333102192 'Conceptual' 1 0.12671118325879402
 0.7113854888568475 0.1694915254237288 94 6 18 56]
[0.0006298016333102192 'Conceptual' 1 0.12671118325879402
 0.7113854888568475 0.1694915254237288 94 6 19 56]
[0.0 'Conceptual' 1 0.12671118325879402 0.7113854888568475 0.0 94 7 0 14]
[6.6983562570017146 'Conceptual' 1 0.12671118325879402 0.7113854888568475
 10.169491525423728 94 7 1 6]
[5.32816854790076 'Conceptual' 1 0.12671118325879402 0.7113854888568475
 0.1694915254237288 94 7 2 31]
[5.3233215708906485 'Conceptual' 1 0.12671118325879402 0.7113854888568475
 0.1694915254237288 94 7 3 3]
[0.33537313938073776 'Conceptual' 1 0.12671118325879402 0.7113854888568475
 1.1864406779661016 94 7 4 14]
[1.646245474216168 'Conceptual' 1 0.12671118325879402 0.7113854888568475
 3.711864406779661 94 7 5 57]
[2.697206133219167 'Conceptual' 1 0.12671118325879402 0.7113854888568475
 6.610169491525424 94 7 6 56]
[0.0012803693697670728 'Conceptual' 1 0.12671118325879402
 0.7113854888568475 0.6779661016949152 94 7 7 56]
[0.0006298016333102192 'Conceptual' 1 0.12671118325879402
 0.7113854888568475 0.1694915254237288 94 7 8 57]
[0.0006298016333102192 'Conceptual' 1 0.12671118325879402
 0.7113854888568475 0.1694915254237288 94 7 9 49]
[0.0006298016333102192 'Conceptual' 1 0.12671118325879402
 0.7113854888568475 0.1694915254237288 94 7 10 56]
[2.6877931993416717 'Conceptual' 1 0.12671118325879402 0.7113854888568475
 9.203389830508476 94 7 11 56]
[10.44643691263209 'Conceptual' 1 0.12671118325879402 0.7113854888568475
 10.169491525423728 94 7 12 56]
[0.0006298016333102192 'Conceptual' 1 0.12671118325879402
 0.7113854888568475 0.1694915254237288 94 7 13 56]
[1.4869165636113573 'Conceptual' 1 0.12671118325879402 0.7113854888568475
 4.999999999999999 94 7 14 56]
[1.660379968578697 'Conceptual' 1 0.12671118325879402 0.7113854888568475
 5.135593220338983 94 7 15 56]
[0.0006298016333102192 'Conceptual' 1 0.12671118325879402
 0.7113854888568475 0.1694915254237288 94 7 16 56]
[0.0006298016333102192 'Conceptual' 1 0.12671118325879402
 0.7113854888568475 0.1694915254237288 94 7 17 56]
[0.0006298016333102192 'Conceptual' 1 0.12671118325879402
 0.7113854888568475 0.1694915254237288 94 7 18 56]
[1.4806008532813437 'Conceptual' 1 0.12671118325879402 0.7113854888568475
 5.7627118644067785 94 7 19 56]
[0.0 'Conceptual' 1 0.12671118325879402 0.7113854888568475 0.0 94 8 0 14]
[3.7794082211739712 'Conceptual' 1 0.12671118325879402 0.7113854888568475
 2.084745762711864 94 8 1 6]
[2.691935709550468 'Conceptual' 1 0.12671118325879402 0.7113854888568475
 5.7627118644067785 94 8 2 31]
[2.7997026233544204 'Conceptual' 1 0.12671118325879402 0.7113854888568475
 6.59322033898305 94 8 3 3]
[2.705390295681289 'Conceptual' 1 0.12671118325879402 0.7113854888568475
 0.7288135593220338 94 8 4 14]
[2.2836237360841003 'Conceptual' 1 0.12671118325879402 0.7113854888568475
 4.288135593220338 94 8 5 57]
[0.08932485756059282 'Conceptual' 1 0.12671118325879402 0.7113854888568475
 0.559322033898305 94 8 6 56]
[0.0008492220867987711 'Conceptual' 1 0.12671118325879402
 0.7113854888568475 0.5084745762711864 94 8 7 56]
[0.7921413180386726 'Conceptual' 1 0.12671118325879402 0.7113854888568475
 2.864406779661017 94 8 8 57]
[2.296360220211049 'Conceptual' 1 0.12671118325879402 0.7113854888568475
 5.576271186440677 94 8 9 49]
[2.107243120193946 'Conceptual' 1 0.12671118325879402 0.7113854888568475
 4.966101694915253 94 8 10 56]
[0.295776321393908 'Conceptual' 1 0.12671118325879402 0.7113854888568475
 0.6610169491525423 94 8 11 56]
[0.00230890232697533 'Conceptual' 1 0.12671118325879402 0.7113854888568475
 0.559322033898305 94 8 12 56]
[0.0006298016333102192 'Conceptual' 1 0.12671118325879402
 0.7113854888568475 0.5084745762711864 94 8 13 56]
[0.0006298016333102192 'Conceptual' 1 0.12671118325879402
 0.7113854888568475 0.1694915254237288 94 8 14 56]
[0.0006298016333102192 'Conceptual' 1 0.12671118325879402
 0.7113854888568475 0.1694915254237288 94 8 15 56]
[0.0006298016333102192 'Conceptual' 1 0.12671118325879402
 0.7113854888568475 0.1694915254237288 94 8 16 56]
[0.0006298016333102192 'Conceptual' 1 0.12671118325879402
 0.7113854888568475 0.1694915254237288 94 8 17 56]
[0.0006298016333102192 'Conceptual' 1 0.12671118325879402
 0.7113854888568475 0.1694915254237288 94 8 18 56]
[0.0006298016333102192 'Conceptual' 1 0.12671118325879402
 0.7113854888568475 0.1694915254237288 94 8 19 56]
