[0.0 'Conceptual' 1 0.014297873877696052 0.40263868277430526 0.0 111 0 0
 45]
[3.2913541005733262 'Conceptual' 1 0.014297873877696052
 0.40263868277430526 1.9152542372881354 111 0 1 18]
[2.1306616680233845 'Conceptual' 1 0.014297873877696052
 0.40263868277430526 2.932203389830508 111 0 2 53]
[1.7186967680728635 'Conceptual' 1 0.014297873877696052
 0.40263868277430526 4.728813559322034 111 0 3 54]
[3.872921472392989 'Conceptual' 1 0.014297873877696052 0.40263868277430526
 10.169491525423728 111 0 4 55]
[0.7870807980383012 'Conceptual' 1 0.014297873877696052
 0.40263868277430526 1.271186440677966 111 0 5 62]
[0.2413432100877492 'Conceptual' 1 0.014297873877696052
 0.40263868277430526 0.1694915254237288 111 0 6 63]
[0.0006298016333097749 'Conceptual' 1 0.014297873877696052
 0.40263868277430526 0.1694915254237288 111 0 7 61]
[0.0006298016333097749 'Conceptual' 1 0.014297873877696052
 0.40263868277430526 0.1694915254237288 111 0 8 62]
[0.0006298016333097749 'Conceptual' 1 0.014297873877696052
 0.40263868277430526 0.1694915254237288 111 0 9 62]
[0.0006298016333097749 'Conceptual' 1 0.014297873877696052
 0.40263868277430526 0.1694915254237288 111 0 10 62]
[0.0006298016333097749 'Conceptual' 1 0.014297873877696052
 0.40263868277430526 0.1694915254237288 111 0 11 62]
[0.0006298016333097749 'Conceptual' 1 0.014297873877696052
 0.40263868277430526 0.1694915254237288 111 0 12 62]
[0.0006298016333097749 'Conceptual' 1 0.014297873877696052
 0.40263868277430526 0.1694915254237288 111 0 13 62]
[0.0006298016333097749 'Conceptual' 1 0.014297873877696052
 0.40263868277430526 0.1694915254237288 111 0 14 62]
[0.0006298016333097749 'Conceptual' 1 0.014297873877696052
 0.40263868277430526 0.1694915254237288 111 0 15 62]
[0.0006298016333097749 'Conceptual' 1 0.014297873877696052
 0.40263868277430526 0.1694915254237288 111 0 16 62]
[0.0006298016333097749 'Conceptual' 1 0.014297873877696052
 0.40263868277430526 0.1694915254237288 111 0 17 62]
[0.0006298016333097749 'Conceptual' 1 0.014297873877696052
 0.40263868277430526 0.1694915254237288 111 0 18 62]
[0.0006298016333097749 'Conceptual' 1 0.014297873877696052
 0.40263868277430526 0.1694915254237288 111 0 19 62]
[0.0 'Conceptual' 1 0.014297873877696052 0.40263868277430526 0.0 111 1 0
 45]
[3.634313551046754 'Conceptual' 1 0.014297873877696052 0.40263868277430526
 1.6101694915254237 111 1 1 18]
[0.01640112700022679 'Conceptual' 1 0.014297873877696052
 0.40263868277430526 5.305084745762711 111 1 2 53]
[1.7126845026813107 'Conceptual' 1 0.014297873877696052
 0.40263868277430526 2.016949152542373 111 1 3 54]
[3.481668420907269 'Conceptual' 1 0.014297873877696052 0.40263868277430526
 0.8983050847457626 111 1 4 55]
[3.776692986034662 'Conceptual' 1 0.014297873877696052 0.40263868277430526
 0.5932203389830508 111 1 5 62]
[2.699128950159518 'Conceptual' 1 0.014297873877696052 0.40263868277430526
 1.1864406779661016 111 1 6 63]
[4.043052718853338 'Conceptual' 1 0.014297873877696052 0.40263868277430526
 0.1694915254237288 111 1 7 61]
[3.7730611765152187 'Conceptual' 1 0.014297873877696052
 0.40263868277430526 0.4915254237288135 111 1 8 62]
[3.339768223060351 'Conceptual' 1 0.014297873877696052 0.40263868277430526
 0.6610169491525423 111 1 9 62]
[3.9316408534075835 'Conceptual' 1 0.014297873877696052
 0.40263868277430526 0.38983050847457623 111 1 10 62]
[0.6115572429621497 'Conceptual' 1 0.014297873877696052
 0.40263868277430526 3.3728813559322033 111 1 11 62]
[4.1588830833596715 'Conceptual' 1 0.014297873877696052
 0.40263868277430526 4.067796610169491 111 1 12 62]
[4.1588830833596715 'Conceptual' 1 0.014297873877696052
 0.40263868277430526 3.7288135593220337 111 1 13 62]
[4.1588830833596715 'Conceptual' 1 0.014297873877696052
 0.40263868277430526 3.559322033898305 111 1 14 62]
[0.14774091476831244 'Conceptual' 1 0.014297873877696052
 0.40263868277430526 0.7288135593220338 111 1 15 62]
[1.8788841692783733 'Conceptual' 1 0.014297873877696052
 0.40263868277430526 1.1694915254237288 111 1 16 62]
[0.008636553896399514 'Conceptual' 1 0.014297873877696052
 0.40263868277430526 1.2372881355932202 111 1 17 62]
[0.000630848498636296 'Conceptual' 1 0.014297873877696052
 0.40263868277430526 0.8305084745762711 111 1 18 62]
[0.0006298016333097749 'Conceptual' 1 0.014297873877696052
 0.40263868277430526 0.1694915254237288 111 1 19 62]
[0.0 'Conceptual' 1 0.014297873877696052 0.40263868277430526 0.0 111 2 0
 45]
[3.5160262318892586 'Conceptual' 1 0.014297873877696052
 0.40263868277430526 1.9152542372881354 111 2 1 18]
[4.1241084383273545 'Conceptual' 1 0.014297873877696052
 0.40263868277430526 0.3389830508474576 111 2 2 53]
[4.101411097350353 'Conceptual' 1 0.014297873877696052 0.40263868277430526
 0.38983050847457623 111 2 3 54]
[4.04744063898169 'Conceptual' 1 0.014297873877696052 0.40263868277430526
 0.38983050847457623 111 2 4 55]
[4.062621948288962 'Conceptual' 1 0.014297873877696052 0.40263868277430526
 0.3389830508474576 111 2 5 62]
[4.1588830833596715 'Conceptual' 1 0.014297873877696052
 0.40263868277430526 4.745762711864407 111 2 6 63]
[4.1588830833596715 'Conceptual' 1 0.014297873877696052
 0.40263868277430526 4.576271186440678 111 2 7 61]
[4.1588830833596715 'Conceptual' 1 0.014297873877696052
 0.40263868277430526 4.406779661016948 111 2 8 62]
[4.1588830833596715 'Conceptual' 1 0.014297873877696052
 0.40263868277430526 4.23728813559322 111 2 9 62]
[1.5050137149871672 'Conceptual' 1 0.014297873877696052
 0.40263868277430526 2.423728813559322 111 2 10 62]
[0.04347392544229827 'Conceptual' 1 0.014297873877696052
 0.40263868277430526 0.8305084745762711 111 2 11 62]
[0.0006298016333102192 'Conceptual' 1 0.014297873877696052
 0.40263868277430526 0.1694915254237288 111 2 12 62]
[0.0006298016333102192 'Conceptual' 1 0.014297873877696052
 0.40263868277430526 0.1694915254237288 111 2 13 62]
[0.0006298016333102192 'Conceptual' 1 0.014297873877696052
 0.40263868277430526 0.1694915254237288 111 2 14 62]
[0.0006298016333102192 'Conceptual' 1 0.014297873877696052
 0.40263868277430526 0.1694915254237288 111 2 15 62]
[0.0006298016333102192 'Conceptual' 1 0.014297873877696052
 0.40263868277430526 0.1694915254237288 111 2 16 62]
[0.0006298016333102192 'Conceptual' 1 0.014297873877696052
 0.40263868277430526 0.1694915254237288 111 2 17 62]
[0.0006298016333102192 'Conceptual' 1 0.014297873877696052
 0.40263868277430526 0.1694915254237288 111 2 18 62]
[0.0006298016333102192 'Conceptual' 1 0.014297873877696052
 0.40263868277430526 0.1694915254237288 111 2 19 62]
[0.0 'Conceptual' 1 0.014297873877696052 0.40263868277430526 0.0 111 3 0
 45]
[3.2224399903314733 'Conceptual' 1 0.014297873877696052
 0.40263868277430526 2.4576271186440675 111 3 1 18]
[3.827163543980562 'Conceptual' 1 0.014297873877696052 0.40263868277430526
 1.1694915254237288 111 3 2 53]
[1.1036586876434036 'Conceptual' 1 0.014297873877696052
 0.40263868277430526 2.932203389830508 111 3 3 54]
[0.11219089812350716 'Conceptual' 1 0.014297873877696052
 0.40263868277430526 2.254237288135593 111 3 4 55]
[0.0006298016333097749 'Conceptual' 1 0.014297873877696052
 0.40263868277430526 0.1694915254237288 111 3 5 62]
[0.0006298016333097749 'Conceptual' 1 0.014297873877696052
 0.40263868277430526 0.1694915254237288 111 3 6 63]
[0.0006298016333097749 'Conceptual' 1 0.014297873877696052
 0.40263868277430526 0.1694915254237288 111 3 7 61]
[0.0006298016333097749 'Conceptual' 1 0.014297873877696052
 0.40263868277430526 0.1694915254237288 111 3 8 62]
[0.0006298016333097749 'Conceptual' 1 0.014297873877696052
 0.40263868277430526 0.1694915254237288 111 3 9 62]
[0.0006298016333097749 'Conceptual' 1 0.014297873877696052
 0.40263868277430526 0.1694915254237288 111 3 10 62]
[0.0006298016333097749 'Conceptual' 1 0.014297873877696052
 0.40263868277430526 0.1694915254237288 111 3 11 62]
[0.0006298016333097749 'Conceptual' 1 0.014297873877696052
 0.40263868277430526 0.1694915254237288 111 3 12 62]
[0.0006298016333097749 'Conceptual' 1 0.014297873877696052
 0.40263868277430526 0.1694915254237288 111 3 13 62]
[0.0006298016333097749 'Conceptual' 1 0.014297873877696052
 0.40263868277430526 0.1694915254237288 111 3 14 62]
[0.0006298016333097749 'Conceptual' 1 0.014297873877696052
 0.40263868277430526 0.1694915254237288 111 3 15 62]
[0.0006298016333097749 'Conceptual' 1 0.014297873877696052
 0.40263868277430526 0.1694915254237288 111 3 16 62]
[0.0006298016333097749 'Conceptual' 1 0.014297873877696052
 0.40263868277430526 0.1694915254237288 111 3 17 62]
[0.0006298016333097749 'Conceptual' 1 0.014297873877696052
 0.40263868277430526 0.1694915254237288 111 3 18 62]
[0.0006298016333097749 'Conceptual' 1 0.014297873877696052
 0.40263868277430526 0.1694915254237288 111 3 19 62]
[0.0 'Conceptual' 1 0.014297873877696052 0.40263868277430526 0.0 111 4 0
 45]
[2.390141955633154 'Conceptual' 1 0.014297873877696052 0.40263868277430526
 3.4745762711864403 111 4 1 18]
[2.4318306685773177 'Conceptual' 1 0.014297873877696052
 0.40263868277430526 1.6779661016949152 111 4 2 53]
[0.05368134585811966 'Conceptual' 1 0.014297873877696052
 0.40263868277430526 0.1694915254237288 111 4 3 54]
[0.0006298016333097749 'Conceptual' 1 0.014297873877696052
 0.40263868277430526 0.1694915254237288 111 4 4 55]
[0.0006298016333097749 'Conceptual' 1 0.014297873877696052
 0.40263868277430526 0.1694915254237288 111 4 5 62]
[2.4478165420400693 'Conceptual' 1 0.014297873877696052
 0.40263868277430526 8.694915254237289 111 4 6 63]
[2.1816462671958194 'Conceptual' 1 0.014297873877696052
 0.40263868277430526 8.1864406779661 111 4 7 61]
[1.9373553588824648 'Conceptual' 1 0.014297873877696052
 0.40263868277430526 7.796610169491524 111 4 8 62]
[1.7168535102081806 'Conceptual' 1 0.014297873877696052
 0.40263868277430526 7.4576271186440675 111 4 9 62]
[0.0006298016333097749 'Conceptual' 1 0.014297873877696052
 0.40263868277430526 0.5084745762711864 111 4 10 62]
[0.0006298016333097749 'Conceptual' 1 0.014297873877696052
 0.40263868277430526 0.1694915254237288 111 4 11 62]
[0.0006298016333097749 'Conceptual' 1 0.014297873877696052
 0.40263868277430526 0.1694915254237288 111 4 12 62]
[0.0006298016333097749 'Conceptual' 1 0.014297873877696052
 0.40263868277430526 0.1694915254237288 111 4 13 62]
[0.0006298016333097749 'Conceptual' 1 0.014297873877696052
 0.40263868277430526 0.1694915254237288 111 4 14 62]
[0.0006298016333097749 'Conceptual' 1 0.014297873877696052
 0.40263868277430526 0.1694915254237288 111 4 15 62]
[0.0006298016333097749 'Conceptual' 1 0.014297873877696052
 0.40263868277430526 0.1694915254237288 111 4 16 62]
[0.0006298016333097749 'Conceptual' 1 0.014297873877696052
 0.40263868277430526 0.1694915254237288 111 4 17 62]
[0.0006298016333097749 'Conceptual' 1 0.014297873877696052
 0.40263868277430526 0.1694915254237288 111 4 18 62]
[0.0006298016333097749 'Conceptual' 1 0.014297873877696052
 0.40263868277430526 0.1694915254237288 111 4 19 62]
[0.0 'Conceptual' 1 0.014297873877696052 0.40263868277430526 0.0 111 5 0
 45]
[3.958673999602932 'Conceptual' 1 0.014297873877696052 0.40263868277430526
 1.7457627118644066 111 5 1 18]
[1.9535437764684191 'Conceptual' 1 0.014297873877696052
 0.40263868277430526 6.2542372881355925 111 5 2 53]
[4.035783259322599 'Conceptual' 1 0.014297873877696052 0.40263868277430526
 0.7288135593220338 111 5 3 54]
[3.780008891210995 'Conceptual' 1 0.014297873877696052 0.40263868277430526
 1.0677966101694913 111 5 4 55]
[2.9634184318980834 'Conceptual' 1 0.014297873877696052
 0.40263868277430526 2.11864406779661 111 5 5 62]
[4.52085854828195 'Conceptual' 1 0.014297873877696052 0.40263868277430526
 10.169491525423728 111 5 6 63]
[6.8920028092784795 'Conceptual' 1 0.014297873877696052
 0.40263868277430526 10.169491525423728 111 5 7 61]
[0.000629801633309997 'Conceptual' 1 0.014297873877696052
 0.40263868277430526 0.1694915254237288 111 5 8 62]
[0.000629801633309997 'Conceptual' 1 0.014297873877696052
 0.40263868277430526 0.1694915254237288 111 5 9 62]
[1.5753933620050087 'Conceptual' 1 0.014297873877696052
 0.40263868277430526 3.2203389830508473 111 5 10 62]
[0.7418388714689579 'Conceptual' 1 0.014297873877696052
 0.40263868277430526 3.0338983050847457 111 5 11 62]
[0.15225566411067085 'Conceptual' 1 0.014297873877696052
 0.40263868277430526 2.4576271186440675 111 5 12 62]
[0.004357773247187006 'Conceptual' 1 0.014297873877696052
 0.40263868277430526 1.9152542372881354 111 5 13 62]
[0.000629801633309997 'Conceptual' 1 0.014297873877696052
 0.40263868277430526 1.0169491525423728 111 5 14 62]
[0.000629801633309997 'Conceptual' 1 0.014297873877696052
 0.40263868277430526 0.5084745762711864 111 5 15 62]
[0.000629801633309997 'Conceptual' 1 0.014297873877696052
 0.40263868277430526 0.1694915254237288 111 5 16 62]
[0.000629801633309997 'Conceptual' 1 0.014297873877696052
 0.40263868277430526 0.1694915254237288 111 5 17 62]
[0.000629801633309997 'Conceptual' 1 0.014297873877696052
 0.40263868277430526 0.1694915254237288 111 5 18 62]
[0.000629801633309997 'Conceptual' 1 0.014297873877696052
 0.40263868277430526 0.1694915254237288 111 5 19 62]
[0.0 'Conceptual' 1 0.014297873877696052 0.40263868277430526 0.0 111 6 0
 45]
[4.062806044988196 'Conceptual' 1 0.014297873877696052 0.40263868277430526
 0.6779661016949152 111 6 1 18]
[4.009905783493108 'Conceptual' 1 0.014297873877696052 0.40263868277430526
 0.6779661016949152 111 6 2 53]
[3.988184156731808 'Conceptual' 1 0.014297873877696052 0.40263868277430526
 1.0677966101694913 111 6 3 54]
[2.734924323550135 'Conceptual' 1 0.014297873877696052 0.40263868277430526
 2.796610169491525 111 6 4 55]
[4.077538625952433 'Conceptual' 1 0.014297873877696052 0.40263868277430526
 0.1694915254237288 111 6 5 62]
[4.060240009945225 'Conceptual' 1 0.014297873877696052 0.40263868277430526
 0.28135593220338984 111 6 6 63]
[4.043052816143741 'Conceptual' 1 0.014297873877696052 0.40263868277430526
 0.1694915254237288 111 6 7 61]
[0.24858947896228675 'Conceptual' 1 0.014297873877696052
 0.40263868277430526 1.5254237288135593 111 6 8 62]
[0.000629801633309997 'Conceptual' 1 0.014297873877696052
 0.40263868277430526 0.1694915254237288 111 6 9 62]
[0.000629801633309997 'Conceptual' 1 0.014297873877696052
 0.40263868277430526 0.1694915254237288 111 6 10 62]
[0.000629801633309997 'Conceptual' 1 0.014297873877696052
 0.40263868277430526 0.1694915254237288 111 6 11 62]
[0.000629801633309997 'Conceptual' 1 0.014297873877696052
 0.40263868277430526 0.1694915254237288 111 6 12 62]
[0.000629801633309997 'Conceptual' 1 0.014297873877696052
 0.40263868277430526 0.1694915254237288 111 6 13 62]
[0.000629801633309997 'Conceptual' 1 0.014297873877696052
 0.40263868277430526 0.1694915254237288 111 6 14 62]
[0.000629801633309997 'Conceptual' 1 0.014297873877696052
 0.40263868277430526 0.1694915254237288 111 6 15 62]
[0.000629801633309997 'Conceptual' 1 0.014297873877696052
 0.40263868277430526 0.1694915254237288 111 6 16 62]
[0.000629801633309997 'Conceptual' 1 0.014297873877696052
 0.40263868277430526 0.1694915254237288 111 6 17 62]
[0.000629801633309997 'Conceptual' 1 0.014297873877696052
 0.40263868277430526 0.1694915254237288 111 6 18 62]
[0.000629801633309997 'Conceptual' 1 0.014297873877696052
 0.40263868277430526 0.1694915254237288 111 6 19 62]
[0.0 'Conceptual' 1 0.014297873877696052 0.40263868277430526 0.0 111 7 0
 45]
[3.1889855393547366 'Conceptual' 1 0.014297873877696052
 0.40263868277430526 3.0508474576271185 111 7 1 18]
[0.054528020047793765 'Conceptual' 1 0.014297873877696052
 0.40263868277430526 0.1694915254237288 111 7 2 53]
[0.0006298016333097749 'Conceptual' 1 0.014297873877696052
 0.40263868277430526 0.1694915254237288 111 7 3 54]
[0.0006298016333097749 'Conceptual' 1 0.014297873877696052
 0.40263868277430526 0.1694915254237288 111 7 4 55]
[0.0006298016333097749 'Conceptual' 1 0.014297873877696052
 0.40263868277430526 0.1694915254237288 111 7 5 62]
[0.0006298016333097749 'Conceptual' 1 0.014297873877696052
 0.40263868277430526 0.1694915254237288 111 7 6 63]
[0.0006298016333097749 'Conceptual' 1 0.014297873877696052
 0.40263868277430526 0.1694915254237288 111 7 7 61]
[0.0006298016333097749 'Conceptual' 1 0.014297873877696052
 0.40263868277430526 0.1694915254237288 111 7 8 62]
[0.0006298016333097749 'Conceptual' 1 0.014297873877696052
 0.40263868277430526 0.1694915254237288 111 7 9 62]
[0.0006298016333097749 'Conceptual' 1 0.014297873877696052
 0.40263868277430526 0.1694915254237288 111 7 10 62]
[0.0006298016333097749 'Conceptual' 1 0.014297873877696052
 0.40263868277430526 0.1694915254237288 111 7 11 62]
[0.0006298016333097749 'Conceptual' 1 0.014297873877696052
 0.40263868277430526 0.1694915254237288 111 7 12 62]
[0.0006298016333097749 'Conceptual' 1 0.014297873877696052
 0.40263868277430526 0.1694915254237288 111 7 13 62]
[0.0006298016333097749 'Conceptual' 1 0.014297873877696052
 0.40263868277430526 0.1694915254237288 111 7 14 62]
[0.0006298016333097749 'Conceptual' 1 0.014297873877696052
 0.40263868277430526 0.1694915254237288 111 7 15 62]
[0.0006298016333097749 'Conceptual' 1 0.014297873877696052
 0.40263868277430526 0.1694915254237288 111 7 16 62]
[0.0006298016333097749 'Conceptual' 1 0.014297873877696052
 0.40263868277430526 0.1694915254237288 111 7 17 62]
[0.0006298016333097749 'Conceptual' 1 0.014297873877696052
 0.40263868277430526 0.1694915254237288 111 7 18 62]
[0.0006298016333097749 'Conceptual' 1 0.014297873877696052
 0.40263868277430526 0.1694915254237288 111 7 19 62]
[0.0 'Conceptual' 1 0.014297873877696052 0.40263868277430526 0.0 111 8 0
 45]
[2.7223252012823154 'Conceptual' 1 0.014297873877696052
 0.40263868277430526 4.915254237288135 111 8 1 18]
[3.9116590134166462 'Conceptual' 1 0.014297873877696052
 0.40263868277430526 1.0169491525423728 111 8 2 53]
[1.6526377468770004 'Conceptual' 1 0.014297873877696052
 0.40263868277430526 1.5762711864406778 111 8 3 54]
[0.013327405201938815 'Conceptual' 1 0.014297873877696052
 0.40263868277430526 0.1694915254237288 111 8 4 55]
[0.0006298016333097749 'Conceptual' 1 0.014297873877696052
 0.40263868277430526 0.1694915254237288 111 8 5 62]
[0.0006298016333097749 'Conceptual' 1 0.014297873877696052
 0.40263868277430526 0.1694915254237288 111 8 6 63]
[0.0006298016333097749 'Conceptual' 1 0.014297873877696052
 0.40263868277430526 0.1694915254237288 111 8 7 61]
[0.0006298016333097749 'Conceptual' 1 0.014297873877696052
 0.40263868277430526 0.1694915254237288 111 8 8 62]
[0.0006298016333097749 'Conceptual' 1 0.014297873877696052
 0.40263868277430526 0.1694915254237288 111 8 9 62]
[0.0006298016333097749 'Conceptual' 1 0.014297873877696052
 0.40263868277430526 0.1694915254237288 111 8 10 62]
[0.0006298016333097749 'Conceptual' 1 0.014297873877696052
 0.40263868277430526 0.1694915254237288 111 8 11 62]
[0.0006298016333097749 'Conceptual' 1 0.014297873877696052
 0.40263868277430526 0.1694915254237288 111 8 12 62]
[0.0006298016333097749 'Conceptual' 1 0.014297873877696052
 0.40263868277430526 0.1694915254237288 111 8 13 62]
[0.0006298016333097749 'Conceptual' 1 0.014297873877696052
 0.40263868277430526 0.1694915254237288 111 8 14 62]
[0.0006298016333097749 'Conceptual' 1 0.014297873877696052
 0.40263868277430526 0.1694915254237288 111 8 15 62]
[0.0006298016333097749 'Conceptual' 1 0.014297873877696052
 0.40263868277430526 0.1694915254237288 111 8 16 62]
[0.0006298016333097749 'Conceptual' 1 0.014297873877696052
 0.40263868277430526 0.1694915254237288 111 8 17 62]
[0.0006298016333097749 'Conceptual' 1 0.014297873877696052
 0.40263868277430526 0.1694915254237288 111 8 18 62]
[0.0006298016333097749 'Conceptual' 1 0.014297873877696052
 0.40263868277430526 0.1694915254237288 111 8 19 62]
