[0.0 'Conceptual' 0 0.10318602094461837 0.7226060198375606 0.0 59 0 0 21]
[3.992766217319763 'Conceptual' 0 0.10318602094461837 0.7226060198375606
 1.1016949152542372 59 0 1 30]
[3.8744236881685223 'Conceptual' 0 0.10318602094461837 0.7226060198375606
 8.525423728813557 59 0 2 21]
[3.240110526261552 'Conceptual' 0 0.10318602094461837 0.7226060198375606
 2.11864406779661 59 0 3 29]
[2.89043750252976 'Conceptual' 0 0.10318602094461837 0.7226060198375606
 2.0338983050847457 59 0 4 20]
[1.7187381772935453 'Conceptual' 0 0.10318602094461837 0.7226060198375606
 2.3728813559322033 59 0 5 21]
[3.7757985626732147 'Conceptual' 0 0.10318602094461837 0.7226060198375606
 6.322033898305084 59 0 6 21]
[2.0409136710934046 'Conceptual' 0 0.10318602094461837 0.7226060198375606
 1.3389830508474576 59 0 7 21]
[3.6254062970048175 'Conceptual' 0 0.10318602094461837 0.7226060198375606
 8.627118644067796 59 0 8 21]
[4.082105400856158 'Conceptual' 0 0.10318602094461837 0.7226060198375606
 10.169491525423728 59 0 9 21]
[4.155962435100171 'Conceptual' 0 0.10318602094461837 0.7226060198375606
 8.389830508474574 59 0 10 21]
[3.3974065300587726 'Conceptual' 0 0.10318602094461837 0.7226060198375606
 6.762711864406779 59 0 11 21]
[4.07704098825473 'Conceptual' 0 0.10318602094461837 0.7226060198375606
 10.169491525423728 59 0 12 21]
[3.813361863610536 'Conceptual' 0 0.10318602094461837 0.7226060198375606
 6.525423728813558 59 0 13 21]
[4.195622449036889 'Conceptual' 0 0.10318602094461837 0.7226060198375606
 10.169491525423728 59 0 14 21]
[0.49314989139935794 'Conceptual' 0 0.10318602094461837 0.7226060198375606
 2.084745762711864 59 0 15 21]
[4.166851812822012 'Conceptual' 0 0.10318602094461837 0.7226060198375606
 10.169491525423728 59 0 16 21]
[4.1844132858435135 'Conceptual' 0 0.10318602094461837 0.7226060198375606
 10.169491525423728 59 0 17 21]
[3.9682386692234104 'Conceptual' 0 0.10318602094461837 0.7226060198375606
 8.694915254237289 59 0 18 21]
[3.4887387051165133 'Conceptual' 0 0.10318602094461837 0.7226060198375606
 6.999999999999999 59 0 19 21]
[0.0 'Conceptual' 0 0.10318602094461837 0.7226060198375606 0.0 59 1 0 21]
[3.6759389488593692 'Conceptual' 0 0.10318602094461837 0.7226060198375606
 3.0508474576271185 59 1 1 30]
[3.7253879791661584 'Conceptual' 0 0.10318602094461837 0.7226060198375606
 6.59322033898305 59 1 2 21]
[2.0732214412603445 'Conceptual' 0 0.10318602094461837 0.7226060198375606
 2.711864406779661 59 1 3 29]
[3.8384075276880627 'Conceptual' 0 0.10318602094461837 0.7226060198375606
 1.3559322033898304 59 1 4 20]
[2.233868061768607 'Conceptual' 0 0.10318602094461837 0.7226060198375606
 3.2033898305084745 59 1 5 21]
[3.9603914593352707 'Conceptual' 0 0.10318602094461837 0.7226060198375606
 0.6610169491525423 59 1 6 21]
[3.309999496064409 'Conceptual' 0 0.10318602094461837 0.7226060198375606
 3.8983050847457625 59 1 7 21]
[3.83188254249699 'Conceptual' 0 0.10318602094461837 0.7226060198375606
 0.7627118644067796 59 1 8 21]
[2.9014193985119356 'Conceptual' 0 0.10318602094461837 0.7226060198375606
 6.830508474576271 59 1 9 21]
[2.759668131783144 'Conceptual' 0 0.10318602094461837 0.7226060198375606
 6.949152542372881 59 1 10 21]
[1.0526290093798878 'Conceptual' 0 0.10318602094461837 0.7226060198375606
 2.423728813559322 59 1 11 21]
[3.953862934751555 'Conceptual' 0 0.10318602094461837 0.7226060198375606
 0.1694915254237288 59 1 12 21]
[4.1588830833596715 'Conceptual' 0 0.10318602094461837 0.7226060198375606
 9.152542372881355 59 1 13 21]
[4.1588830833596715 'Conceptual' 0 0.10318602094461837 0.7226060198375606
 7.966101694915254 59 1 14 21]
[1.9254717552007636 'Conceptual' 0 0.10318602094461837 0.7226060198375606
 2.932203389830508 59 1 15 21]
[2.1652921375740113 'Conceptual' 0 0.10318602094461837 0.7226060198375606
 5.135593220338983 59 1 16 21]
[3.8934140989370785 'Conceptual' 0 0.10318602094461837 0.7226060198375606
 0.3220338983050847 59 1 17 21]
[3.428431928415916 'Conceptual' 0 0.10318602094461837 0.7226060198375606
 5.305084745762711 59 1 18 21]
[3.032197238403186 'Conceptual' 0 0.10318602094461837 0.7226060198375606
 5.813559322033898 59 1 19 21]
[0.0 'Conceptual' 0 0.10318602094461837 0.7226060198375606 0.0 59 2 0 21]
[2.865862839505921 'Conceptual' 0 0.10318602094461837 0.7226060198375606
 4.576271186440678 59 2 1 30]
[3.2291002479372657 'Conceptual' 0 0.10318602094461837 0.7226060198375606
 2.254237288135593 59 2 2 21]
[3.221995028638509 'Conceptual' 0 0.10318602094461837 0.7226060198375606
 1.9152542372881354 59 2 3 29]
[3.4582544473650385 'Conceptual' 0 0.10318602094461837 0.7226060198375606
 3.6101694915254234 59 2 4 20]
[3.901412335367691 'Conceptual' 0 0.10318602094461837 0.7226060198375606
 0.8305084745762711 59 2 5 21]
[3.6153491388152306 'Conceptual' 0 0.10318602094461837 0.7226060198375606
 1.3389830508474576 59 2 6 21]
[2.4584389784928655 'Conceptual' 0 0.10318602094461837 0.7226060198375606
 1.6779661016949152 59 2 7 21]
[3.615737360404488 'Conceptual' 0 0.10318602094461837 0.7226060198375606
 1.9491525423728813 59 2 8 21]
[4.040814965766479 'Conceptual' 0 0.10318602094461837 0.7226060198375606
 0.1694915254237288 59 2 9 21]
[3.2132913651399186 'Conceptual' 0 0.10318602094461837 0.7226060198375606
 1.0169491525423728 59 2 10 21]
[3.798748690389758 'Conceptual' 0 0.10318602094461837 0.7226060198375606
 2.016949152542373 59 2 11 21]
[3.7084284533982603 'Conceptual' 0 0.10318602094461837 0.7226060198375606
 6.830508474576271 59 2 12 21]
[3.615153434730383 'Conceptual' 0 0.10318602094461837 0.7226060198375606
 6.559322033898305 59 2 13 21]
[3.738417453585903 'Conceptual' 0 0.10318602094461837 0.7226060198375606
 2.016949152542373 59 2 14 21]
[3.1700706440499906 'Conceptual' 0 0.10318602094461837 0.7226060198375606
 5.745762711864407 59 2 15 21]
[3.7399611232852905 'Conceptual' 0 0.10318602094461837 0.7226060198375606
 0.559322033898305 59 2 16 21]
[3.644060362309228 'Conceptual' 0 0.10318602094461837 0.7226060198375606
 9.135593220338983 59 2 17 21]
[3.930322005255326 'Conceptual' 0 0.10318602094461837 0.7226060198375606
 0.1694915254237288 59 2 18 21]
[3.1857915066157116 'Conceptual' 0 0.10318602094461837 0.7226060198375606
 0.7288135593220338 59 2 19 21]
[0.0 'Conceptual' 0 0.10318602094461837 0.7226060198375606 0.0 59 3 0 21]
[3.492792412813851 'Conceptual' 0 0.10318602094461837 0.7226060198375606
 0.7288135593220338 59 3 1 30]
[1.8863505880801277 'Conceptual' 0 0.10318602094461837 0.7226060198375606
 4.220338983050847 59 3 2 21]
[3.3046991833485078 'Conceptual' 0 0.10318602094461837 0.7226060198375606
 10.169491525423728 59 3 3 29]
[2.206057708596757 'Conceptual' 0 0.10318602094461837 0.7226060198375606
 5.47457627118644 59 3 4 20]
[2.825403869376878 'Conceptual' 0 0.10318602094461837 0.7226060198375606
 9.067796610169491 59 3 5 21]
[3.032079007895203 'Conceptual' 0 0.10318602094461837 0.7226060198375606
 10.169491525423728 59 3 6 21]
[4.064352572097253 'Conceptual' 0 0.10318602094461837 0.7226060198375606
 0.45762711864406774 59 3 7 21]
[4.045524583913783 'Conceptual' 0 0.10318602094461837 0.7226060198375606
 0.38983050847457623 59 3 8 21]
[0.303935980836822 'Conceptual' 0 0.10318602094461837 0.7226060198375606
 0.8983050847457626 59 3 9 21]
[3.5407463350686204 'Conceptual' 0 0.10318602094461837 0.7226060198375606
 10.169491525423728 59 3 10 21]
[1.373435062539746 'Conceptual' 0 0.10318602094461837 0.7226060198375606
 4.796610169491525 59 3 11 21]
[2.3094650967354795 'Conceptual' 0 0.10318602094461837 0.7226060198375606
 7.779661016949152 59 3 12 21]
[0.010162640337602086 'Conceptual' 0 0.10318602094461837
 0.7226060198375606 0.6610169491525423 59 3 13 21]
[0.0006298016333102192 'Conceptual' 0 0.10318602094461837
 0.7226060198375606 0.1694915254237288 59 3 14 21]
[0.0006298016333102192 'Conceptual' 0 0.10318602094461837
 0.7226060198375606 0.1694915254237288 59 3 15 21]
[0.0006298016333102192 'Conceptual' 0 0.10318602094461837
 0.7226060198375606 0.1694915254237288 59 3 16 21]
[0.0006298016333102192 'Conceptual' 0 0.10318602094461837
 0.7226060198375606 0.1694915254237288 59 3 17 21]
[0.0006298016333102192 'Conceptual' 0 0.10318602094461837
 0.7226060198375606 0.1694915254237288 59 3 18 21]
[0.0006298016333102192 'Conceptual' 0 0.10318602094461837
 0.7226060198375606 0.1694915254237288 59 3 19 21]
[0.0 'Conceptual' 0 0.10318602094461837 0.7226060198375606 0.0 59 4 0 21]
[2.2404699574801117 'Conceptual' 0 0.10318602094461837 0.7226060198375606
 8.220338983050848 59 4 1 30]
[2.0035589077253317 'Conceptual' 0 0.10318602094461837 0.7226060198375606
 5.47457627118644 59 4 2 21]
[3.821189512798432 'Conceptual' 0 0.10318602094461837 0.7226060198375606
 5.084745762711863 59 4 3 29]
[3.0741962478343874 'Conceptual' 0 0.10318602094461837 0.7226060198375606
 4.576271186440678 59 4 4 20]
[4.963627894197338 'Conceptual' 0 0.10318602094461837 0.7226060198375606
 10.169491525423728 59 4 5 21]
[0.8457975004635102 'Conceptual' 0 0.10318602094461837 0.7226060198375606
 1.6101694915254237 59 4 6 21]
[0.06025360654858599 'Conceptual' 0 0.10318602094461837 0.7226060198375606
 1.0677966101694913 59 4 7 21]
[0.0024315933136415105 'Conceptual' 0 0.10318602094461837
 0.7226060198375606 0.8983050847457626 59 4 8 21]
[0.0006298016333102192 'Conceptual' 0 0.10318602094461837
 0.7226060198375606 0.1694915254237288 59 4 9 21]
[0.0006298016333102192 'Conceptual' 0 0.10318602094461837
 0.7226060198375606 0.1694915254237288 59 4 10 21]
[0.0006298016333102192 'Conceptual' 0 0.10318602094461837
 0.7226060198375606 0.1694915254237288 59 4 11 21]
[0.0006298016333102192 'Conceptual' 0 0.10318602094461837
 0.7226060198375606 0.1694915254237288 59 4 12 21]
[4.365805477536638 'Conceptual' 0 0.10318602094461837 0.7226060198375606
 10.169491525423728 59 4 13 21]
[4.415225614014093 'Conceptual' 0 0.10318602094461837 0.7226060198375606
 10.169491525423728 59 4 14 21]
[0.0006298016333102192 'Conceptual' 0 0.10318602094461837
 0.7226060198375606 0.1694915254237288 59 4 15 21]
[0.0006298016333102192 'Conceptual' 0 0.10318602094461837
 0.7226060198375606 0.1694915254237288 59 4 16 21]
[0.0006298016333102192 'Conceptual' 0 0.10318602094461837
 0.7226060198375606 0.1694915254237288 59 4 17 21]
[0.0006298016333102192 'Conceptual' 0 0.10318602094461837
 0.7226060198375606 0.1694915254237288 59 4 18 21]
[0.0006298016333102192 'Conceptual' 0 0.10318602094461837
 0.7226060198375606 0.1694915254237288 59 4 19 21]
[0.0 'Conceptual' 0 0.10318602094461837 0.7226060198375606 0.0 59 5 0 21]
[7.47496234721472 'Conceptual' 0 0.10318602094461837 0.7226060198375606
 10.169491525423728 59 5 1 30]
[0.26894083714055356 'Conceptual' 0 0.10318602094461837 0.7226060198375606
 0.1694915254237288 59 5 2 21]
[0.0011407536403956983 'Conceptual' 0 0.10318602094461837
 0.7226060198375606 0.1694915254237288 59 5 3 29]
[0.0006298016333097749 'Conceptual' 0 0.10318602094461837
 0.7226060198375606 0.1694915254237288 59 5 4 20]
[0.0006298016333097749 'Conceptual' 0 0.10318602094461837
 0.7226060198375606 0.1694915254237288 59 5 5 21]
[9.44826926091452 'Conceptual' 0 0.10318602094461837 0.7226060198375606
 10.169491525423728 59 5 6 21]
[7.951870014767915 'Conceptual' 0 0.10318602094461837 0.7226060198375606
 10.169491525423728 59 5 7 21]
[6.821349468606691 'Conceptual' 0 0.10318602094461837 0.7226060198375606
 10.169491525423728 59 5 8 21]
[5.9668443401383415 'Conceptual' 0 0.10318602094461837 0.7226060198375606
 10.169491525423728 59 5 9 21]
[0.6575762827780934 'Conceptual' 0 0.10318602094461837 0.7226060198375606
 1.135593220338983 59 5 10 21]
[0.0015844004059859943 'Conceptual' 0 0.10318602094461837
 0.7226060198375606 1.2372881355932202 59 5 11 21]
[0.0006298016333097749 'Conceptual' 0 0.10318602094461837
 0.7226060198375606 0.1694915254237288 59 5 12 21]
[0.0006298016333097749 'Conceptual' 0 0.10318602094461837
 0.7226060198375606 0.1694915254237288 59 5 13 21]
[0.0006298016333097749 'Conceptual' 0 0.10318602094461837
 0.7226060198375606 0.1694915254237288 59 5 14 21]
[0.0006298016333097749 'Conceptual' 0 0.10318602094461837
 0.7226060198375606 0.1694915254237288 59 5 15 21]
[0.0006298016333097749 'Conceptual' 0 0.10318602094461837
 0.7226060198375606 0.1694915254237288 59 5 16 21]
[0.0006298016333097749 'Conceptual' 0 0.10318602094461837
 0.7226060198375606 0.1694915254237288 59 5 17 21]
[0.0006298016333097749 'Conceptual' 0 0.10318602094461837
 0.7226060198375606 0.1694915254237288 59 5 18 21]
[0.0006298016333097749 'Conceptual' 0 0.10318602094461837
 0.7226060198375606 0.1694915254237288 59 5 19 21]
[0.0 'Conceptual' 0 0.10318602094461837 0.7226060198375606 0.0 59 6 0 21]
[3.65550146369645 'Conceptual' 0 0.10318602094461837 0.7226060198375606
 3.3050847457627115 59 6 1 30]
[2.216183720478998 'Conceptual' 0 0.10318602094461837 0.7226060198375606
 5.47457627118644 59 6 2 21]
[3.6598773513470992 'Conceptual' 0 0.10318602094461837 0.7226060198375606
 3.271186440677966 59 6 3 29]
[1.4543205176963214 'Conceptual' 0 0.10318602094461837 0.7226060198375606
 3.2033898305084745 59 6 4 20]
[0.012564976004259456 'Conceptual' 0 0.10318602094461837
 0.7226060198375606 1.1864406779661016 59 6 5 21]
[0.0006298016333097749 'Conceptual' 0 0.10318602094461837
 0.7226060198375606 0.1694915254237288 59 6 6 21]
[0.0006298016333097749 'Conceptual' 0 0.10318602094461837
 0.7226060198375606 0.1694915254237288 59 6 7 21]
[0.0006298016333097749 'Conceptual' 0 0.10318602094461837
 0.7226060198375606 0.1694915254237288 59 6 8 21]
[0.0006298016333097749 'Conceptual' 0 0.10318602094461837
 0.7226060198375606 0.1694915254237288 59 6 9 21]
[1.5773966231423016 'Conceptual' 0 0.10318602094461837 0.7226060198375606
 5.1694915254237275 59 6 10 21]
[2.4782243128486487 'Conceptual' 0 0.10318602094461837 0.7226060198375606
 6.830508474576271 59 6 11 21]
[1.981663873184605 'Conceptual' 0 0.10318602094461837 0.7226060198375606
 5.983050847457626 59 6 12 21]
[1.208058975968928 'Conceptual' 0 0.10318602094461837 0.7226060198375606
 2.7627118644067794 59 6 13 21]
[0.7727432390367579 'Conceptual' 0 0.10318602094461837 0.7226060198375606
 1.9491525423728813 59 6 14 21]
[0.3088161954693494 'Conceptual' 0 0.10318602094461837 0.7226060198375606
 1.5762711864406778 59 6 15 21]
[0.06182878647251539 'Conceptual' 0 0.10318602094461837 0.7226060198375606
 1.271186440677966 59 6 16 21]
[0.0061519525149760996 'Conceptual' 0 0.10318602094461837
 0.7226060198375606 1.0677966101694913 59 6 17 21]
[0.0008479229910335284 'Conceptual' 0 0.10318602094461837
 0.7226060198375606 0.8983050847457626 59 6 18 21]
[0.0006298016333097749 'Conceptual' 0 0.10318602094461837
 0.7226060198375606 0.6779661016949152 59 6 19 21]
[0.0 'Conceptual' 0 0.10318602094461837 0.7226060198375606 0.0 59 7 0 21]
[3.7108876888417037 'Conceptual' 0 0.10318602094461837 0.7226060198375606
 4.898305084745762 59 7 1 30]
[3.0177093565898896 'Conceptual' 0 0.10318602094461837 0.7226060198375606
 5.576271186440677 59 7 2 21]
[1.2729911408984564 'Conceptual' 0 0.10318602094461837 0.7226060198375606
 4.627118644067796 59 7 3 29]
[2.632760733682614 'Conceptual' 0 0.10318602094461837 0.7226060198375606
 4.288135593220338 59 7 4 20]
[0.8026056801114062 'Conceptual' 0 0.10318602094461837 0.7226060198375606
 3.101694915254237 59 7 5 21]
[4.5577582898736315 'Conceptual' 0 0.10318602094461837 0.7226060198375606
 0.9999999999999999 59 7 6 21]
[0.3658728234161709 'Conceptual' 0 0.10318602094461837 0.7226060198375606
 1.9152542372881354 59 7 7 21]
[4.248224330729362 'Conceptual' 0 0.10318602094461837 0.7226060198375606
 10.169491525423728 59 7 8 21]
[3.0780087269865994 'Conceptual' 0 0.10318602094461837 0.7226060198375606
 7.169491525423728 59 7 9 21]
[0.09027498851597358 'Conceptual' 0 0.10318602094461837 0.7226060198375606
 0.1694915254237288 59 7 10 21]
[2.2796786898870587 'Conceptual' 0 0.10318602094461837 0.7226060198375606
 5.406779661016949 59 7 11 21]
[0.9629141362431806 'Conceptual' 0 0.10318602094461837 0.7226060198375606
 1.3559322033898304 59 7 12 21]
[2.9418062993200804 'Conceptual' 0 0.10318602094461837 0.7226060198375606
 7.677966101694914 59 7 13 21]
[3.523001826555041 'Conceptual' 0 0.10318602094461837 0.7226060198375606
 10.169491525423728 59 7 14 21]
[0.4038705266579899 'Conceptual' 0 0.10318602094461837 0.7226060198375606
 2.3728813559322033 59 7 15 21]
[0.0027841277437543935 'Conceptual' 0 0.10318602094461837
 0.7226060198375606 0.423728813559322 59 7 16 21]
[0.000629801633309997 'Conceptual' 0 0.10318602094461837
 0.7226060198375606 0.1694915254237288 59 7 17 21]
[1.0493411839030715 'Conceptual' 0 0.10318602094461837 0.7226060198375606
 4.067796610169491 59 7 18 21]
[2.767650206047541 'Conceptual' 0 0.10318602094461837 0.7226060198375606
 7.4576271186440675 59 7 19 21]
[0.0 'Conceptual' 0 0.10318602094461837 0.7226060198375606 0.0 59 8 0 21]
[3.699010635883242 'Conceptual' 0 0.10318602094461837 0.7226060198375606
 4.406779661016948 59 8 1 30]
[2.8285862975897493 'Conceptual' 0 0.10318602094461837 0.7226060198375606
 5.677966101694914 59 8 2 21]
[1.2250236862142043 'Conceptual' 0 0.10318602094461837 0.7226060198375606
 4.745762711864407 59 8 3 29]
[2.98280327713282 'Conceptual' 0 0.10318602094461837 0.7226060198375606
 4.288135593220338 59 8 4 20]
[3.2827539159340886 'Conceptual' 0 0.10318602094461837 0.7226060198375606
 4.5593220338983045 59 8 5 21]
[1.589808186812434 'Conceptual' 0 0.10318602094461837 0.7226060198375606
 2.254237288135593 59 8 6 21]
[0.4935567990520385 'Conceptual' 0 0.10318602094461837 0.7226060198375606
 1.3559322033898304 59 8 7 21]
[0.019454701930208294 'Conceptual' 0 0.10318602094461837
 0.7226060198375606 0.9999999999999999 59 8 8 21]
[0.0006310880897646222 'Conceptual' 0 0.10318602094461837
 0.7226060198375606 0.1694915254237288 59 8 9 21]
[0.0006298016333102192 'Conceptual' 0 0.10318602094461837
 0.7226060198375606 0.1694915254237288 59 8 10 21]
[2.4515588155798738 'Conceptual' 0 0.10318602094461837 0.7226060198375606
 7.169491525423728 59 8 11 21]
[0.0006298016333102192 'Conceptual' 0 0.10318602094461837
 0.7226060198375606 0.1694915254237288 59 8 12 21]
[0.0006298016333102192 'Conceptual' 0 0.10318602094461837
 0.7226060198375606 0.1694915254237288 59 8 13 21]
[0.0006298016333102192 'Conceptual' 0 0.10318602094461837
 0.7226060198375606 0.1694915254237288 59 8 14 21]
[0.0006298016333102192 'Conceptual' 0 0.10318602094461837
 0.7226060198375606 0.1694915254237288 59 8 15 21]
[0.0006298016333102192 'Conceptual' 0 0.10318602094461837
 0.7226060198375606 0.1694915254237288 59 8 16 21]
[0.0006298016333102192 'Conceptual' 0 0.10318602094461837
 0.7226060198375606 0.1694915254237288 59 8 17 21]
[0.0006298016333102192 'Conceptual' 0 0.10318602094461837
 0.7226060198375606 0.1694915254237288 59 8 18 21]
[0.0006298016333102192 'Conceptual' 0 0.10318602094461837
 0.7226060198375606 0.1694915254237288 59 8 19 21]
