[0.0 'Spatial' 1 1.131088578452992 64.91987543380503 0.0 123 0 0 11]
[3.2022425123980027 'Spatial' 1 1.131088578452992 64.91987543380503
 2.5254237288135593 123 0 1 53]
[3.8483211285369165 'Spatial' 1 1.131088578452992 64.91987543380503
 0.8983050847457626 123 0 2 47]
[4.109806522803812 'Spatial' 1 1.131088578452992 64.91987543380503
 0.3220338983050847 123 0 3 61]
[3.519029184965907 'Spatial' 1 1.131088578452992 64.91987543380503
 5.847457627118643 123 0 4 63]
[0.05194278943131382 'Spatial' 1 1.131088578452992 64.91987543380503
 1.3389830508474576 123 0 5 53]
[2.398284874672579 'Spatial' 1 1.131088578452992 64.91987543380503
 2.4576271186440675 123 0 6 60]
[2.821016525503643 'Spatial' 1 1.131088578452992 64.91987543380503
 2.864406779661017 123 0 7 59]
[2.5659806828251495 'Spatial' 1 1.131088578452992 64.91987543380503
 2.1864406779661016 123 0 8 51]
[1.796674281670032 'Spatial' 1 1.131088578452992 64.91987543380503
 1.4406779661016949 123 0 9 59]
[2.72152781510289 'Spatial' 1 1.131088578452992 64.91987543380503
 2.2033898305084745 123 0 10 58]
[3.3325753929717647 'Spatial' 1 1.131088578452992 64.91987543380503
 2.966101694915254 123 0 11 57]
[3.6653787976745233 'Spatial' 1 1.131088578452992 64.91987543380503
 3.542372881355932 123 0 12 56]
[1.8056924761450466 'Spatial' 1 1.131088578452992 64.91987543380503
 1.1016949152542372 123 0 13 58]
[0.6934571325198734 'Spatial' 1 1.131088578452992 64.91987543380503
 0.8305084745762711 123 0 14 58]
[2.1972856865801225 'Spatial' 1 1.131088578452992 64.91987543380503
 1.1864406779661016 123 0 15 50]
[1.996553194987932 'Spatial' 1 1.131088578452992 64.91987543380503
 1.0169491525423728 123 0 16 57]
[0.69348018677273 'Spatial' 1 1.131088578452992 64.91987543380503
 0.6949152542372881 123 0 17 59]
[2.1972856865801225 'Spatial' 1 1.131088578452992 64.91987543380503
 1.1016949152542372 123 0 18 61]
[0.6934571325198734 'Spatial' 1 1.131088578452992 64.91987543380503
 0.6779661016949152 123 0 19 59]
[0.0 'Spatial' 1 1.131088578452992 64.91987543380503 0.0 123 1 0 11]
[3.5269819941400806 'Spatial' 1 1.131088578452992 64.91987543380503
 2.1864406779661016 123 1 1 53]
[3.5321422125354123 'Spatial' 1 1.131088578452992 64.91987543380503
 1.271186440677966 123 1 2 47]
[2.2769642684444587 'Spatial' 1 1.131088578452992 64.91987543380503
 1.7457627118644066 123 1 3 61]
[1.6110051393476714 'Spatial' 1 1.131088578452992 64.91987543380503
 4.11864406779661 123 1 4 63]
[2.880724643169169 'Spatial' 1 1.131088578452992 64.91987543380503
 1.1016949152542372 123 1 5 53]
[1.798142031578016 'Spatial' 1 1.131088578452992 64.91987543380503
 2.7627118644067794 123 1 6 60]
[2.7287681767066143 'Spatial' 1 1.131088578452992 64.91987543380503
 2.6271186440677963 123 1 7 59]
[3.6240200699677785 'Spatial' 1 1.131088578452992 64.91987543380503
 3.3050847457627115 123 1 8 51]
[2.7801382341163317 'Spatial' 1 1.131088578452992 64.91987543380503
 1.0169491525423728 123 1 9 59]
[3.41949263609981 'Spatial' 1 1.131088578452992 64.91987543380503
 0.6610169491525423 123 1 10 58]
[3.2557860819362747 'Spatial' 1 1.131088578452992 64.91987543380503
 0.6610169491525423 123 1 11 57]
[2.453373881960809 'Spatial' 1 1.131088578452992 64.91987543380503
 2.0338983050847457 123 1 12 56]
[3.0713072309516 'Spatial' 1 1.131088578452992 64.91987543380503
 2.11864406779661 123 1 13 58]
[3.7142654548696883 'Spatial' 1 1.131088578452992 64.91987543380503
 2.542372881355932 123 1 14 58]
[2.6943862301784103 'Spatial' 1 1.131088578452992 64.91987543380503
 1.9491525423728813 123 1 15 50]
[0.6555954979854017 'Spatial' 1 1.131088578452992 64.91987543380503
 0.5932203389830508 123 1 16 57]
[0.0006298016333097749 'Spatial' 1 1.131088578452992 64.91987543380503
 0.1694915254237288 123 1 17 59]
[1.3914556583909838 'Spatial' 1 1.131088578452992 64.91987543380503
 1.1694915254237288 123 1 18 61]
[0.0006298016333097749 'Spatial' 1 1.131088578452992 64.91987543380503
 0.1694915254237288 123 1 19 59]
[0.0 'Spatial' 1 1.131088578452992 64.91987543380503 0.0 123 2 0 11]
[3.6144312373734584 'Spatial' 1 1.131088578452992 64.91987543380503
 2.6610169491525424 123 2 1 53]
[3.0844332258552436 'Spatial' 1 1.131088578452992 64.91987543380503
 2.3559322033898304 123 2 2 47]
[4.109181308450413 'Spatial' 1 1.131088578452992 64.91987543380503
 0.3220338983050847 123 2 3 61]
[3.709979500561962 'Spatial' 1 1.131088578452992 64.91987543380503
 7.033898305084745 123 2 4 63]
[1.387061488313904 'Spatial' 1 1.131088578452992 64.91987543380503
 2.796610169491525 123 2 5 53]
[0.0006298016333097749 'Spatial' 1 1.131088578452992 64.91987543380503
 0.7627118644067796 123 2 6 60]
[0.6934571325198734 'Spatial' 1 1.131088578452992 64.91987543380503
 0.9322033898305084 123 2 7 59]
[0.0006298016333097749 'Spatial' 1 1.131088578452992 64.91987543380503
 0.1694915254237288 123 2 8 51]
[0.0006298016333097749 'Spatial' 1 1.131088578452992 64.91987543380503
 0.1694915254237288 123 2 9 59]
[0.6934571325198734 'Spatial' 1 1.131088578452992 64.91987543380503
 0.6779661016949152 123 2 10 58]
[1.3864443498710157 'Spatial' 1 1.131088578452992 64.91987543380503
 1.0169491525423728 123 2 11 57]
[1.3864443498710157 'Spatial' 1 1.131088578452992 64.91987543380503
 0.847457627118644 123 2 12 56]
[0.005561722366410867 'Spatial' 1 1.131088578452992 64.91987543380503
 0.1694915254237288 123 2 13 58]
[0.6934571325198734 'Spatial' 1 1.131088578452992 64.91987543380503
 0.5084745762711864 123 2 14 58]
[0.6934571325198734 'Spatial' 1 1.131088578452992 64.91987543380503
 0.1694915254237288 123 2 15 50]
[1.0988156013320227 'Spatial' 1 1.131088578452992 64.91987543380503
 0.6779661016949152 123 2 16 57]
[0.6959948558374877 'Spatial' 1 1.131088578452992 64.91987543380503
 0.1694915254237288 123 2 17 59]
[0.6959948558374877 'Spatial' 1 1.131088578452992 64.91987543380503
 0.1694915254237288 123 2 18 61]
[0.6959948558374877 'Spatial' 1 1.131088578452992 64.91987543380503
 0.1694915254237288 123 2 19 59]
[0.0 'Spatial' 1 1.131088578452992 64.91987543380503 0.0 123 3 0 11]
[3.825540845300322 'Spatial' 1 1.131088578452992 64.91987543380503
 2.016949152542373 123 3 1 53]
[1.9548552983359464 'Spatial' 1 1.131088578452992 64.91987543380503
 4.5593220338983045 123 3 2 47]
[4.109039503004917 'Spatial' 1 1.131088578452992 64.91987543380503
 0.3220338983050847 123 3 3 61]
[2.604235805082677 'Spatial' 1 1.131088578452992 64.91987543380503
 4.288135593220338 123 3 4 63]
[0.6950600091896315 'Spatial' 1 1.131088578452992 64.91987543380503
 1.9491525423728813 123 3 5 53]
[1.386444349871016 'Spatial' 1 1.131088578452992 64.91987543380503
 1.694915254237288 123 3 6 60]
[0.7610089681625827 'Spatial' 1 1.131088578452992 64.91987543380503
 0.9999999999999999 123 3 7 59]
[0.001147804729248333 'Spatial' 1 1.131088578452992 64.91987543380503
 0.7288135593220338 123 3 8 51]
[0.8278161997853497 'Spatial' 1 1.131088578452992 64.91987543380503
 0.8305084745762711 123 3 9 59]
[1.098815601332023 'Spatial' 1 1.131088578452992 64.91987543380503
 0.847457627118644 123 3 10 58]
[1.0733815923919945 'Spatial' 1 1.131088578452992 64.91987543380503
 0.1694915254237288 123 3 11 57]
[0.7215845386502584 'Spatial' 1 1.131088578452992 64.91987543380503
 0.5084745762711864 123 3 12 56]
[1.098815601332023 'Spatial' 1 1.131088578452992 64.91987543380503
 0.6779661016949152 123 3 13 58]
[1.098815601332023 'Spatial' 1 1.131088578452992 64.91987543380503
 0.1694915254237288 123 3 14 58]
[1.098815601332023 'Spatial' 1 1.131088578452992 64.91987543380503
 0.1694915254237288 123 3 15 50]
[1.098815601332023 'Spatial' 1 1.131088578452992 64.91987543380503
 0.1694915254237288 123 3 16 57]
[1.098815601332023 'Spatial' 1 1.131088578452992 64.91987543380503
 0.1694915254237288 123 3 17 59]
[1.098815601332023 'Spatial' 1 1.131088578452992 64.91987543380503
 0.1694915254237288 123 3 18 61]
[1.098815601332023 'Spatial' 1 1.131088578452992 64.91987543380503
 0.1694915254237288 123 3 19 59]
[0.0 'Spatial' 1 1.131088578452992 64.91987543380503 0.0 123 4 0 11]
[3.505684260927464 'Spatial' 1 1.131088578452992 64.91987543380503
 3.2203389830508473 123 4 1 53]
[1.016723319439519 'Spatial' 1 1.131088578452992 64.91987543380503
 5.745762711864407 123 4 2 47]
[4.10914582871586 'Spatial' 1 1.131088578452992 64.91987543380503
 0.3220338983050847 123 4 3 61]
[0.824502787313955 'Spatial' 1 1.131088578452992 64.91987543380503
 4.406779661016948 123 4 4 63]
[1.3709892069640457 'Spatial' 1 1.131088578452992 64.91987543380503
 3.8983050847457625 123 4 5 53]
[0.013753165846314645 'Spatial' 1 1.131088578452992 64.91987543380503
 1.135593220338983 123 4 6 60]
[0.0006298016333102192 'Spatial' 1 1.131088578452992 64.91987543380503
 0.6779661016949152 123 4 7 59]
[0.0006298016333102192 'Spatial' 1 1.131088578452992 64.91987543380503
 0.1694915254237288 123 4 8 51]
[0.0006298016333102192 'Spatial' 1 1.131088578452992 64.91987543380503
 0.1694915254237288 123 4 9 59]
[0.0006298016333102192 'Spatial' 1 1.131088578452992 64.91987543380503
 0.1694915254237288 123 4 10 58]
[0.0006298016333102192 'Spatial' 1 1.131088578452992 64.91987543380503
 0.1694915254237288 123 4 11 57]
[0.0006298016333102192 'Spatial' 1 1.131088578452992 64.91987543380503
 0.1694915254237288 123 4 12 56]
[0.0006298016333102192 'Spatial' 1 1.131088578452992 64.91987543380503
 0.1694915254237288 123 4 13 58]
[0.0006298016333102192 'Spatial' 1 1.131088578452992 64.91987543380503
 0.1694915254237288 123 4 14 58]
[0.0006298016333102192 'Spatial' 1 1.131088578452992 64.91987543380503
 0.1694915254237288 123 4 15 50]
[0.0006298016333102192 'Spatial' 1 1.131088578452992 64.91987543380503
 0.1694915254237288 123 4 16 57]
[0.0006298016333102192 'Spatial' 1 1.131088578452992 64.91987543380503
 0.1694915254237288 123 4 17 59]
[0.0006298016333102192 'Spatial' 1 1.131088578452992 64.91987543380503
 0.1694915254237288 123 4 18 61]
[0.0006298016333102192 'Spatial' 1 1.131088578452992 64.91987543380503
 0.1694915254237288 123 4 19 59]
[0.0 'Spatial' 1 1.131088578452992 64.91987543380503 0.0 123 5 0 11]
[0.3017959066543232 'Spatial' 1 1.131088578452992 64.91987543380503
 10.169491525423728 123 5 1 53]
[0.6987677983367582 'Spatial' 1 1.131088578452992 64.91987543380503
 6.2542372881355925 123 5 2 47]
[4.109054716946967 'Spatial' 1 1.131088578452992 64.91987543380503
 0.3220338983050847 123 5 3 61]
[2.877656526371798 'Spatial' 1 1.131088578452992 64.91987543380503
 6.423728813559322 123 5 4 63]
[0.0006298016333102192 'Spatial' 1 1.131088578452992 64.91987543380503
 1.1864406779661016 123 5 5 53]
[0.0006298016333102192 'Spatial' 1 1.131088578452992 64.91987543380503
 0.6779661016949152 123 5 6 60]
[0.0006298016333102192 'Spatial' 1 1.131088578452992 64.91987543380503
 0.1694915254237288 123 5 7 59]
[1.098815601332023 'Spatial' 1 1.131088578452992 64.91987543380503
 1.1864406779661016 123 5 8 51]
[0.0006298016333102192 'Spatial' 1 1.131088578452992 64.91987543380503
 0.1694915254237288 123 5 9 59]
[0.0006298016333102192 'Spatial' 1 1.131088578452992 64.91987543380503
 0.1694915254237288 123 5 10 58]
[0.0006298016333102192 'Spatial' 1 1.131088578452992 64.91987543380503
 0.1694915254237288 123 5 11 57]
[0.0006298016333102192 'Spatial' 1 1.131088578452992 64.91987543380503
 0.1694915254237288 123 5 12 56]
[0.0006298016333102192 'Spatial' 1 1.131088578452992 64.91987543380503
 0.1694915254237288 123 5 13 58]
[0.0006298016333102192 'Spatial' 1 1.131088578452992 64.91987543380503
 0.1694915254237288 123 5 14 58]
[0.0006298016333102192 'Spatial' 1 1.131088578452992 64.91987543380503
 0.1694915254237288 123 5 15 50]
[0.0006298016333102192 'Spatial' 1 1.131088578452992 64.91987543380503
 0.1694915254237288 123 5 16 57]
[0.0006298016333102192 'Spatial' 1 1.131088578452992 64.91987543380503
 0.1694915254237288 123 5 17 59]
[0.0006298016333102192 'Spatial' 1 1.131088578452992 64.91987543380503
 0.1694915254237288 123 5 18 61]
[0.0006298016333102192 'Spatial' 1 1.131088578452992 64.91987543380503
 0.1694915254237288 123 5 19 59]
[0.0 'Spatial' 1 1.131088578452992 64.91987543380503 0.0 123 6 0 11]
[0.2986605981162281 'Spatial' 1 1.131088578452992 64.91987543380503
 10.169491525423728 123 6 1 53]
[0.6988232897588487 'Spatial' 1 1.131088578452992 64.91987543380503
 6.2542372881355925 123 6 2 47]
[4.109904817176148 'Spatial' 1 1.131088578452992 64.91987543380503
 0.31864406779661014 123 6 3 61]
[0.9588668616278582 'Spatial' 1 1.131088578452992 64.91987543380503
 4.627118644067796 123 6 4 63]
[0.8661991879299458 'Spatial' 1 1.131088578452992 64.91987543380503
 3.6101694915254234 123 6 5 53]
[1.6121302549897012 'Spatial' 1 1.131088578452992 64.91987543380503
 2.796610169491525 123 6 6 60]
[2.203802361537944 'Spatial' 1 1.131088578452992 64.91987543380503
 2.8983050847457625 123 6 7 59]
[1.098815601332023 'Spatial' 1 1.131088578452992 64.91987543380503
 1.2033898305084745 123 6 8 51]
[0.6934571325198738 'Spatial' 1 1.131088578452992 64.91987543380503
 0.8644067796610169 123 6 9 59]
[0.0006298016333102192 'Spatial' 1 1.131088578452992 64.91987543380503
 0.1694915254237288 123 6 10 58]
[0.0006298016333102192 'Spatial' 1 1.131088578452992 64.91987543380503
 0.1694915254237288 123 6 11 57]
[0.6934571325198738 'Spatial' 1 1.131088578452992 64.91987543380503
 0.6779661016949152 123 6 12 56]
[0.005557882594813748 'Spatial' 1 1.131088578452992 64.91987543380503
 0.1694915254237288 123 6 13 58]
[0.6934571325198738 'Spatial' 1 1.131088578452992 64.91987543380503
 0.5084745762711864 123 6 14 58]
[0.6934571325198738 'Spatial' 1 1.131088578452992 64.91987543380503
 0.1694915254237288 123 6 15 50]
[0.6934571325198738 'Spatial' 1 1.131088578452992 64.91987543380503
 0.1694915254237288 123 6 16 57]
[0.6934571325198738 'Spatial' 1 1.131088578452992 64.91987543380503
 0.1694915254237288 123 6 17 59]
[0.6934571325198738 'Spatial' 1 1.131088578452992 64.91987543380503
 0.1694915254237288 123 6 18 61]
[0.6934571325198738 'Spatial' 1 1.131088578452992 64.91987543380503
 0.1694915254237288 123 6 19 59]
[0.0 'Spatial' 1 1.131088578452992 64.91987543380503 0.0 123 7 0 11]
[3.801586827308457 'Spatial' 1 1.131088578452992 64.91987543380503
 2.084745762711864 123 7 1 53]
[4.1260976661544495 'Spatial' 1 1.131088578452992 64.91987543380503
 0.3220338983050847 123 7 2 47]
[0.4415393142293326 'Spatial' 1 1.131088578452992 64.91987543380503
 4.1525423728813555 123 7 3 61]
[1.4680108009364672 'Spatial' 1 1.131088578452992 64.91987543380503
 3.813559322033898 123 7 4 63]
[0.6934705520027189 'Spatial' 1 1.131088578452992 64.91987543380503
 2.1864406779661016 123 7 5 53]
[2.117586819274542 'Spatial' 1 1.131088578452992 64.91987543380503
 2.864406779661017 123 7 6 60]
[0.0006298016333102192 'Spatial' 1 1.131088578452992 64.91987543380503
 0.6779661016949152 123 7 7 59]
[0.0006298016333102192 'Spatial' 1 1.131088578452992 64.91987543380503
 0.1694915254237288 123 7 8 51]
[0.0006298016333102192 'Spatial' 1 1.131088578452992 64.91987543380503
 0.1694915254237288 123 7 9 59]
[0.6934571325198738 'Spatial' 1 1.131088578452992 64.91987543380503
 0.8305084745762711 123 7 10 58]
[1.0988156013320232 'Spatial' 1 1.131088578452992 64.91987543380503
 1.0169491525423728 123 7 11 57]
[1.0988156013320232 'Spatial' 1 1.131088578452992 64.91987543380503
 0.847457627118644 123 7 12 56]
[1.0988156013320232 'Spatial' 1 1.131088578452992 64.91987543380503
 0.6779661016949152 123 7 13 58]
[0.010439764294853996 'Spatial' 1 1.131088578452992 64.91987543380503
 0.1694915254237288 123 7 14 58]
[0.010439764412575398 'Spatial' 1 1.131088578452992 64.91987543380503
 0.1694915254237288 123 7 15 50]
[0.8566165614222673 'Spatial' 1 1.131088578452992 64.91987543380503
 0.4915254237288135 123 7 16 57]
[1.0988156013320232 'Spatial' 1 1.131088578452992 64.91987543380503
 0.6779661016949152 123 7 17 59]
[1.0988156013320232 'Spatial' 1 1.131088578452992 64.91987543380503
 0.1694915254237288 123 7 18 61]
[2.0795115392299506 'Spatial' 1 1.131088578452992 64.91987543380503
 1.1864406779661016 123 7 19 59]
[0.0 'Spatial' 1 1.131088578452992 64.91987543380503 0.0 123 8 0 11]
[3.820755046812124 'Spatial' 1 1.131088578452992 64.91987543380503
 2.016949152542373 123 8 1 53]
[3.0906809731064304 'Spatial' 1 1.131088578452992 64.91987543380503
 2.7627118644067794 123 8 2 47]
[2.305442899320683 'Spatial' 1 1.131088578452992 64.91987543380503
 2.0338983050847457 123 8 3 61]
[3.9589591273183955 'Spatial' 1 1.131088578452992 64.91987543380503
 0.559322033898305 123 8 4 63]
[3.8419883170921896 'Spatial' 1 1.131088578452992 64.91987543380503
 5.59322033898305 123 8 5 53]
[1.150543930000257 'Spatial' 1 1.131088578452992 64.91987543380503
 2.5932203389830506 123 8 6 60]
[1.3864443498710157 'Spatial' 1 1.131088578452992 64.91987543380503
 1.5254237288135593 123 8 7 59]
[2.07951153922995 'Spatial' 1 1.131088578452992 64.91987543380503
 2.2033898305084745 123 8 8 51]
[2.568682361618395 'Spatial' 1 1.131088578452992 64.91987543380503
 2.6271186440677963 123 8 9 59]
[1.609555905472648 'Spatial' 1 1.131088578452992 64.91987543380503
 1.1864406779661016 123 8 10 58]
[0.0011160973583269002 'Spatial' 1 1.131088578452992 64.91987543380503
 0.7288135593220338 123 8 11 57]
[0.6934571325198734 'Spatial' 1 1.131088578452992 64.91987543380503
 0.847457627118644 123 8 12 56]
[0.6934571325198734 'Spatial' 1 1.131088578452992 64.91987543380503
 0.6779661016949152 123 8 13 58]
[0.005558558789817996 'Spatial' 1 1.131088578452992 64.91987543380503
 0.1694915254237288 123 8 14 58]
[1.9459915743116158 'Spatial' 1 1.131088578452992 64.91987543380503
 1.1864406779661016 123 8 15 50]
[2.565646627185385 'Spatial' 1 1.131088578452992 64.91987543380503
 2.016949152542373 123 8 16 57]
[0.6934571325198734 'Spatial' 1 1.131088578452992 64.91987543380503
 0.5084745762711864 123 8 17 59]
[0.6934571325198734 'Spatial' 1 1.131088578452992 64.91987543380503
 0.1694915254237288 123 8 18 61]
[0.6934571325198734 'Spatial' 1 1.131088578452992 64.91987543380503
 0.1694915254237288 123 8 19 59]
