[0.0 'Spatial' 1 0.29263526005032897 0.4797992630801231 0.0 79 3 0 0 16 0]
[4.103734051402065 'Spatial' 1 0.29263526005032897 0.4797992630801231
 1.2068376068376068 79 3 0 1 27 0]
[3.9484798524004616 'Spatial' 1 0.29263526005032897 0.4797992630801231
 1.8461538461538463 79 3 0 2 30 0]
[3.5166749261821457 'Spatial' 1 0.29263526005032897 0.4797992630801231
 2.505982905982906 79 3 0 3 7 0]
[3.855986479498514 'Spatial' 1 0.29263526005032897 0.4797992630801231
 1.993162393162393 79 3 0 4 63 0]
[3.7717662965661654 'Spatial' 1 0.29263526005032897 0.4797992630801231
 1.9247863247863248 79 3 0 5 60 0]
[3.133538756842461 'Spatial' 1 0.29263526005032897 0.4797992630801231
 2.6666666666666665 79 3 0 6 30 0]
[3.0348175885380813 'Spatial' 1 0.29263526005032897 0.4797992630801231
 1.9247863247863248 79 3 0 7 38 0]
[2.4105107302147157 'Spatial' 1 0.29263526005032897 0.4797992630801231
 2.051282051282051 79 3 0 8 22 0]
[1.8196205137954988 'Spatial' 1 0.29263526005032897 0.4797992630801231
 1.641025641025641 79 3 0 9 22 0]
[2.665979546437114 'Spatial' 1 0.29263526005032897 0.4797992630801231
 2.54017094017094 79 3 0 10 21 0]
[0.8956580949888595 'Spatial' 1 0.29263526005032897 0.4797992630801231
 1.1042735042735041 79 3 0 11 30 0]
[4.777969448320087 'Spatial' 1 0.29263526005032897 0.4797992630801231
 0.10256410256410256 79 3 0 12 40 0]
[1.0898633832614548 'Spatial' 1 0.29263526005032897 0.4797992630801231
 1.3333333333333335 79 3 0 13 22 0]
[2.3441347100740546 'Spatial' 1 0.29263526005032897 0.4797992630801231
 2.358974358974359 79 3 0 14 21 0]
[2.500214124876437 'Spatial' 1 0.29263526005032897 0.4797992630801231
 3.052991452991453 79 3 0 15 14 0]
[2.3657390061517094 'Spatial' 1 0.29263526005032897 0.4797992630801231
 2.871794871794872 79 3 0 16 23 0]
[2.1866349199970956 'Spatial' 1 0.29263526005032897 0.4797992630801231
 2.769230769230769 79 3 0 17 23 0]
[0.0 'Spatial' 1 0.29263526005032897 0.4797992630801231 0.0 79 3 1 0 23 0]
[4.103734051402065 'Spatial' 1 0.29263526005032897 0.4797992630801231
 1.2068376068376068 79 3 1 1 23 0]
[3.9484798524004616 'Spatial' 1 0.29263526005032897 0.4797992630801231
 1.8461538461538463 79 3 1 2 56 0]
[3.5166749261821457 'Spatial' 1 0.29263526005032897 0.4797992630801231
 2.505982905982906 79 3 1 3 57 0]
[3.855986479498514 'Spatial' 1 0.29263526005032897 0.4797992630801231
 1.993162393162393 79 3 1 4 59 0]
[3.7717662965661654 'Spatial' 1 0.29263526005032897 0.4797992630801231
 1.9247863247863248 79 3 1 5 58 0]
[3.133538756842461 'Spatial' 1 0.29263526005032897 0.4797992630801231
 2.6666666666666665 79 3 1 6 56 0]
[3.0348175885380813 'Spatial' 1 0.29263526005032897 0.4797992630801231
 1.9247863247863248 79 3 1 7 48 0]
[2.4105107302147157 'Spatial' 1 0.29263526005032897 0.4797992630801231
 2.051282051282051 79 3 1 8 56 0]
[1.8196205137954988 'Spatial' 1 0.29263526005032897 0.4797992630801231
 1.641025641025641 79 3 1 9 63 0]
[2.665979546437114 'Spatial' 1 0.29263526005032897 0.4797992630801231
 2.54017094017094 79 3 1 10 0 0]
[0.8956580949888595 'Spatial' 1 0.29263526005032897 0.4797992630801231
 1.1042735042735041 79 3 1 11 56 0]
[4.777969448320087 'Spatial' 1 0.29263526005032897 0.4797992630801231
 0.10256410256410256 79 3 1 12 48 0]
[1.0898633832614548 'Spatial' 1 0.29263526005032897 0.4797992630801231
 1.3333333333333335 79 3 1 13 57 0]
[2.3441347100740546 'Spatial' 1 0.29263526005032897 0.4797992630801231
 2.358974358974359 79 3 1 14 59 0]
[2.500214124876437 'Spatial' 1 0.29263526005032897 0.4797992630801231
 3.052991452991453 79 3 1 15 57 0]
[2.3657390061517094 'Spatial' 1 0.29263526005032897 0.4797992630801231
 2.871794871794872 79 3 1 16 56 0]
[2.1866349199970956 'Spatial' 1 0.29263526005032897 0.4797992630801231
 2.769230769230769 79 3 1 17 58 0]
[0.0 'Spatial' 1 0.29263526005032897 0.4797992630801231 0.0 79 3 2 0 57 0]
[4.103734051402065 'Spatial' 1 0.29263526005032897 0.4797992630801231
 1.2068376068376068 79 3 2 1 57 0]
[3.9484798524004616 'Spatial' 1 0.29263526005032897 0.4797992630801231
 1.8461538461538463 79 3 2 2 42 0]
[3.5166749261821457 'Spatial' 1 0.29263526005032897 0.4797992630801231
 2.505982905982906 79 3 2 3 57 0]
[3.855986479498514 'Spatial' 1 0.29263526005032897 0.4797992630801231
 1.993162393162393 79 3 2 4 3 0]
[3.7717662965661654 'Spatial' 1 0.29263526005032897 0.4797992630801231
 1.9247863247863248 79 3 2 5 62 0]
[3.133538756842461 'Spatial' 1 0.29263526005032897 0.4797992630801231
 2.6666666666666665 79 3 2 6 63 0]
[3.0348175885380813 'Spatial' 1 0.29263526005032897 0.4797992630801231
 1.9247863247863248 79 3 2 7 60 0]
[2.4105107302147157 'Spatial' 1 0.29263526005032897 0.4797992630801231
 2.051282051282051 79 3 2 8 56 0]
[1.8196205137954988 'Spatial' 1 0.29263526005032897 0.4797992630801231
 1.641025641025641 79 3 2 9 53 0]
[2.665979546437114 'Spatial' 1 0.29263526005032897 0.4797992630801231
 2.54017094017094 79 3 2 10 55 0]
[0.8956580949888595 'Spatial' 1 0.29263526005032897 0.4797992630801231
 1.1042735042735041 79 3 2 11 62 0]
[4.777969448320087 'Spatial' 1 0.29263526005032897 0.4797992630801231
 0.10256410256410256 79 3 2 12 63 0]
[1.0898633832614548 'Spatial' 1 0.29263526005032897 0.4797992630801231
 1.3333333333333335 79 3 2 13 61 0]
[2.3441347100740546 'Spatial' 1 0.29263526005032897 0.4797992630801231
 2.358974358974359 79 3 2 14 60 0]
[2.500214124876437 'Spatial' 1 0.29263526005032897 0.4797992630801231
 3.052991452991453 79 3 2 15 62 0]
[2.3657390061517094 'Spatial' 1 0.29263526005032897 0.4797992630801231
 2.871794871794872 79 3 2 16 54 0]
[2.1866349199970956 'Spatial' 1 0.29263526005032897 0.4797992630801231
 2.769230769230769 79 3 2 17 62 0]
[0.0 'Spatial' 1 0.29263526005032897 0.4797992630801231 0.0 79 3 4 0 59 0]
[4.103734051402065 'Spatial' 1 0.29263526005032897 0.4797992630801231
 1.2068376068376068 79 3 4 1 56 0]
[3.9484798524004616 'Spatial' 1 0.29263526005032897 0.4797992630801231
 1.8461538461538463 79 3 4 2 59 0]
[3.5166749261821457 'Spatial' 1 0.29263526005032897 0.4797992630801231
 2.505982905982906 79 3 4 3 53 0]
[3.855986479498514 'Spatial' 1 0.29263526005032897 0.4797992630801231
 1.993162393162393 79 3 4 4 62 0]
[3.7717662965661654 'Spatial' 1 0.29263526005032897 0.4797992630801231
 1.9247863247863248 79 3 4 5 62 0]
[3.133538756842461 'Spatial' 1 0.29263526005032897 0.4797992630801231
 2.6666666666666665 79 3 4 6 7 0]
[3.0348175885380813 'Spatial' 1 0.29263526005032897 0.4797992630801231
 1.9247863247863248 79 3 4 7 56 0]
[2.4105107302147157 'Spatial' 1 0.29263526005032897 0.4797992630801231
 2.051282051282051 79 3 4 8 27 0]
[1.8196205137954988 'Spatial' 1 0.29263526005032897 0.4797992630801231
 1.641025641025641 79 3 4 9 27 0]
[2.665979546437114 'Spatial' 1 0.29263526005032897 0.4797992630801231
 2.54017094017094 79 3 4 10 36 0]
[0.8956580949888595 'Spatial' 1 0.29263526005032897 0.4797992630801231
 1.1042735042735041 79 3 4 11 5 0]
[4.777969448320087 'Spatial' 1 0.29263526005032897 0.4797992630801231
 0.10256410256410256 79 3 4 12 49 0]
[1.0898633832614548 'Spatial' 1 0.29263526005032897 0.4797992630801231
 1.3333333333333335 79 3 4 13 59 0]
[2.3441347100740546 'Spatial' 1 0.29263526005032897 0.4797992630801231
 2.358974358974359 79 3 4 14 60 0]
[2.500214124876437 'Spatial' 1 0.29263526005032897 0.4797992630801231
 3.052991452991453 79 3 4 15 35 0]
[2.3657390061517094 'Spatial' 1 0.29263526005032897 0.4797992630801231
 2.871794871794872 79 3 4 16 43 0]
[2.1866349199970956 'Spatial' 1 0.29263526005032897 0.4797992630801231
 2.769230769230769 79 3 4 17 57 0]
[0.0 'Spatial' 1 0.29263526005032897 0.4797992630801231 0.0 79 3 5 0 47 0]
[4.103734051402065 'Spatial' 1 0.29263526005032897 0.4797992630801231
 1.2068376068376068 79 3 5 1 52 0]
[3.9484798524004616 'Spatial' 1 0.29263526005032897 0.4797992630801231
 1.8461538461538463 79 3 5 2 61 0]
[3.5166749261821457 'Spatial' 1 0.29263526005032897 0.4797992630801231
 2.505982905982906 79 3 5 3 50 0]
[3.855986479498514 'Spatial' 1 0.29263526005032897 0.4797992630801231
 1.993162393162393 79 3 5 4 27 0]
[3.7717662965661654 'Spatial' 1 0.29263526005032897 0.4797992630801231
 1.9247863247863248 79 3 5 5 28 0]
[3.133538756842461 'Spatial' 1 0.29263526005032897 0.4797992630801231
 2.6666666666666665 79 3 5 6 36 0]
[3.0348175885380813 'Spatial' 1 0.29263526005032897 0.4797992630801231
 1.9247863247863248 79 3 5 7 35 0]
[2.4105107302147157 'Spatial' 1 0.29263526005032897 0.4797992630801231
 2.051282051282051 79 3 5 8 36 0]
[1.8196205137954988 'Spatial' 1 0.29263526005032897 0.4797992630801231
 1.641025641025641 79 3 5 9 39 0]
[2.665979546437114 'Spatial' 1 0.29263526005032897 0.4797992630801231
 2.54017094017094 79 3 5 10 45 0]
[0.8956580949888595 'Spatial' 1 0.29263526005032897 0.4797992630801231
 1.1042735042735041 79 3 5 11 59 0]
[4.777969448320087 'Spatial' 1 0.29263526005032897 0.4797992630801231
 0.10256410256410256 79 3 5 12 56 0]
[1.0898633832614548 'Spatial' 1 0.29263526005032897 0.4797992630801231
 1.3333333333333335 79 3 5 13 59 0]
[2.3441347100740546 'Spatial' 1 0.29263526005032897 0.4797992630801231
 2.358974358974359 79 3 5 14 62 0]
[2.500214124876437 'Spatial' 1 0.29263526005032897 0.4797992630801231
 3.052991452991453 79 3 5 15 61 0]
[2.3657390061517094 'Spatial' 1 0.29263526005032897 0.4797992630801231
 2.871794871794872 79 3 5 16 51 0]
[2.1866349199970956 'Spatial' 1 0.29263526005032897 0.4797992630801231
 2.769230769230769 79 3 5 17 57 0]
[0.0 'Spatial' 1 0.29263526005032897 0.4797992630801231 0.0 79 3 6 0 58 0]
[4.103734051402065 'Spatial' 1 0.29263526005032897 0.4797992630801231
 1.2068376068376068 79 3 6 1 59 0]
[3.9484798524004616 'Spatial' 1 0.29263526005032897 0.4797992630801231
 1.8461538461538463 79 3 6 2 57 0]
[3.5166749261821457 'Spatial' 1 0.29263526005032897 0.4797992630801231
 2.505982905982906 79 3 6 3 58 0]
[3.855986479498514 'Spatial' 1 0.29263526005032897 0.4797992630801231
 1.993162393162393 79 3 6 4 51 0]
[3.7717662965661654 'Spatial' 1 0.29263526005032897 0.4797992630801231
 1.9247863247863248 79 3 6 5 58 0]
[3.133538756842461 'Spatial' 1 0.29263526005032897 0.4797992630801231
 2.6666666666666665 79 3 6 6 59 0]
[3.0348175885380813 'Spatial' 1 0.29263526005032897 0.4797992630801231
 1.9247863247863248 79 3 6 7 58 0]
[2.4105107302147157 'Spatial' 1 0.29263526005032897 0.4797992630801231
 2.051282051282051 79 3 6 8 57 0]
[1.8196205137954988 'Spatial' 1 0.29263526005032897 0.4797992630801231
 1.641025641025641 79 3 6 9 57 0]
[2.665979546437114 'Spatial' 1 0.29263526005032897 0.4797992630801231
 2.54017094017094 79 3 6 10 35 0]
[0.8956580949888595 'Spatial' 1 0.29263526005032897 0.4797992630801231
 1.1042735042735041 79 3 6 11 7 0]
[4.777969448320087 'Spatial' 1 0.29263526005032897 0.4797992630801231
 0.10256410256410256 79 3 6 12 24 0]
[1.0898633832614548 'Spatial' 1 0.29263526005032897 0.4797992630801231
 1.3333333333333335 79 3 6 13 62 0]
[2.3441347100740546 'Spatial' 1 0.29263526005032897 0.4797992630801231
 2.358974358974359 79 3 6 14 52 0]
[2.500214124876437 'Spatial' 1 0.29263526005032897 0.4797992630801231
 3.052991452991453 79 3 6 15 63 0]
[2.3657390061517094 'Spatial' 1 0.29263526005032897 0.4797992630801231
 2.871794871794872 79 3 6 16 55 0]
[2.1866349199970956 'Spatial' 1 0.29263526005032897 0.4797992630801231
 2.769230769230769 79 3 6 17 47 0]
[0.0 'Spatial' 1 0.29263526005032897 0.4797992630801231 0.0 79 3 7 0 60 0]
[4.103734051402065 'Spatial' 1 0.29263526005032897 0.4797992630801231
 1.2068376068376068 79 3 7 1 46 0]
[3.9484798524004616 'Spatial' 1 0.29263526005032897 0.4797992630801231
 1.8461538461538463 79 3 7 2 54 0]
[3.5166749261821457 'Spatial' 1 0.29263526005032897 0.4797992630801231
 2.505982905982906 79 3 7 3 60 0]
[3.855986479498514 'Spatial' 1 0.29263526005032897 0.4797992630801231
 1.993162393162393 79 3 7 4 63 0]
[3.7717662965661654 'Spatial' 1 0.29263526005032897 0.4797992630801231
 1.9247863247863248 79 3 7 5 54 0]
[3.133538756842461 'Spatial' 1 0.29263526005032897 0.4797992630801231
 2.6666666666666665 79 3 7 6 55 0]
[3.0348175885380813 'Spatial' 1 0.29263526005032897 0.4797992630801231
 1.9247863247863248 79 3 7 7 47 0]
[2.4105107302147157 'Spatial' 1 0.29263526005032897 0.4797992630801231
 2.051282051282051 79 3 7 8 62 0]
[1.8196205137954988 'Spatial' 1 0.29263526005032897 0.4797992630801231
 1.641025641025641 79 3 7 9 63 0]
[2.665979546437114 'Spatial' 1 0.29263526005032897 0.4797992630801231
 2.54017094017094 79 3 7 10 63 0]
[0.8956580949888595 'Spatial' 1 0.29263526005032897 0.4797992630801231
 1.1042735042735041 79 3 7 11 63 0]
[4.777969448320087 'Spatial' 1 0.29263526005032897 0.4797992630801231
 0.10256410256410256 79 3 7 12 35 0]
[1.0898633832614548 'Spatial' 1 0.29263526005032897 0.4797992630801231
 1.3333333333333335 79 3 7 13 3 0]
[2.3441347100740546 'Spatial' 1 0.29263526005032897 0.4797992630801231
 2.358974358974359 79 3 7 14 7 0]
[2.500214124876437 'Spatial' 1 0.29263526005032897 0.4797992630801231
 3.052991452991453 79 3 7 15 29 0]
[2.3657390061517094 'Spatial' 1 0.29263526005032897 0.4797992630801231
 2.871794871794872 79 3 7 16 62 0]
[2.1866349199970956 'Spatial' 1 0.29263526005032897 0.4797992630801231
 2.769230769230769 79 3 7 17 12 0]
[0.0 'Spatial' 1 0.29263526005032897 0.4797992630801231 0.0 79 3 8 0 0 0]
[4.103734051402065 'Spatial' 1 0.29263526005032897 0.4797992630801231
 1.2068376068376068 79 3 8 1 14 0]
[3.9484798524004616 'Spatial' 1 0.29263526005032897 0.4797992630801231
 1.8461538461538463 79 3 8 2 7 0]
[3.5166749261821457 'Spatial' 1 0.29263526005032897 0.4797992630801231
 2.505982905982906 79 3 8 3 6 0]
[3.855986479498514 'Spatial' 1 0.29263526005032897 0.4797992630801231
 1.993162393162393 79 3 8 4 14 0]
[3.7717662965661654 'Spatial' 1 0.29263526005032897 0.4797992630801231
 1.9247863247863248 79 3 8 5 2 0]
[3.133538756842461 'Spatial' 1 0.29263526005032897 0.4797992630801231
 2.6666666666666665 79 3 8 6 7 0]
[3.0348175885380813 'Spatial' 1 0.29263526005032897 0.4797992630801231
 1.9247863247863248 79 3 8 7 6 0]
[2.4105107302147157 'Spatial' 1 0.29263526005032897 0.4797992630801231
 2.051282051282051 79 3 8 8 7 0]
[1.8196205137954988 'Spatial' 1 0.29263526005032897 0.4797992630801231
 1.641025641025641 79 3 8 9 7 0]
[2.665979546437114 'Spatial' 1 0.29263526005032897 0.4797992630801231
 2.54017094017094 79 3 8 10 7 0]
[0.8956580949888595 'Spatial' 1 0.29263526005032897 0.4797992630801231
 1.1042735042735041 79 3 8 11 23 0]
[4.777969448320087 'Spatial' 1 0.29263526005032897 0.4797992630801231
 0.10256410256410256 79 3 8 12 15 0]
[1.0898633832614548 'Spatial' 1 0.29263526005032897 0.4797992630801231
 1.3333333333333335 79 3 8 13 7 0]
[2.3441347100740546 'Spatial' 1 0.29263526005032897 0.4797992630801231
 2.358974358974359 79 3 8 14 36 0]
[2.500214124876437 'Spatial' 1 0.29263526005032897 0.4797992630801231
 3.052991452991453 79 3 8 15 28 0]
[2.3657390061517094 'Spatial' 1 0.29263526005032897 0.4797992630801231
 2.871794871794872 79 3 8 16 59 0]
[2.1866349199970956 'Spatial' 1 0.29263526005032897 0.4797992630801231
 2.769230769230769 79 3 8 17 62 0]
