[0.0 'Spatial' 0 0.0962903330175742 0.32430717410548393 0.0 14 7 0 0 0 1]
[3.250976674490351 'Spatial' 0 0.0962903330175742 0.32430717410548393
 0.10256410256410256 14 7 0 1 0 1]
[1.6302527948941563 'Spatial' 0 0.0962903330175742 0.32430717410548393
 3.3846153846153846 14 7 0 2 8 1]
[1.8138319746270823 'Spatial' 0 0.0962903330175742 0.32430717410548393
 4.0717948717948715 14 7 0 3 1 1]
[3.417475441729759 'Spatial' 0 0.0962903330175742 0.32430717410548393
 4.102564102564102 14 7 0 4 2 1]
[2.7558854428077435 'Spatial' 0 0.0962903330175742 0.32430717410548393
 4.102564102564102 14 7 0 5 2 1]
[0.01280326009725397 'Spatial' 0 0.0962903330175742 0.32430717410548393
 1.3094017094017094 14 7 0 6 1 1]
[0.0018879322570249189 'Spatial' 0 0.0962903330175742 0.32430717410548393
 1.1726495726495727 14 7 0 7 1 1]
[0.0006782828705205287 'Spatial' 0 0.0962903330175742 0.32430717410548393
 0.9675213675213674 14 7 0 8 1 1]
[0.0006298016333102192 'Spatial' 0 0.0962903330175742 0.32430717410548393
 0.10256410256410256 14 7 0 9 1 1]
[0.0006298016333102192 'Spatial' 0 0.0962903330175742 0.32430717410548393
 0.10256410256410256 14 7 0 10 1 1]
[0.0006298016333102192 'Spatial' 0 0.0962903330175742 0.32430717410548393
 0.10256410256410256 14 7 0 11 1 1]
[0.0006298016333102192 'Spatial' 0 0.0962903330175742 0.32430717410548393
 0.10256410256410256 14 7 0 12 1 1]
[0.0006298016333102192 'Spatial' 0 0.0962903330175742 0.32430717410548393
 0.10256410256410256 14 7 0 13 1 1]
[0.0006298016333102192 'Spatial' 0 0.0962903330175742 0.32430717410548393
 0.10256410256410256 14 7 0 14 1 1]
[0.0006298016333102192 'Spatial' 0 0.0962903330175742 0.32430717410548393
 0.10256410256410256 14 7 0 15 1 1]
[0.0006298016333102192 'Spatial' 0 0.0962903330175742 0.32430717410548393
 0.10256410256410256 14 7 0 16 1 1]
[0.0006298016333102192 'Spatial' 0 0.0962903330175742 0.32430717410548393
 0.10256410256410256 14 7 0 17 1 1]
[0.0 'Spatial' 0 0.0962903330175742 0.32430717410548393 0.0 14 7 1 0 1 1]
[3.250976674490351 'Spatial' 0 0.0962903330175742 0.32430717410548393
 0.10256410256410256 14 7 1 1 1 1]
[1.6302527948941563 'Spatial' 0 0.0962903330175742 0.32430717410548393
 3.3846153846153846 14 7 1 2 0 1]
[1.8138319746270823 'Spatial' 0 0.0962903330175742 0.32430717410548393
 4.0717948717948715 14 7 1 3 0 1]
[3.417475441729759 'Spatial' 0 0.0962903330175742 0.32430717410548393
 4.102564102564102 14 7 1 4 8 1]
[2.7558854428077435 'Spatial' 0 0.0962903330175742 0.32430717410548393
 4.102564102564102 14 7 1 5 1 1]
[0.01280326009725397 'Spatial' 0 0.0962903330175742 0.32430717410548393
 1.3094017094017094 14 7 1 6 0 1]
[0.0018879322570249189 'Spatial' 0 0.0962903330175742 0.32430717410548393
 1.1726495726495727 14 7 1 7 0 1]
[0.0006782828705205287 'Spatial' 0 0.0962903330175742 0.32430717410548393
 0.9675213675213674 14 7 1 8 0 1]
[0.0006298016333102192 'Spatial' 0 0.0962903330175742 0.32430717410548393
 0.10256410256410256 14 7 1 9 0 1]
[0.0006298016333102192 'Spatial' 0 0.0962903330175742 0.32430717410548393
 0.10256410256410256 14 7 1 10 0 1]
[0.0006298016333102192 'Spatial' 0 0.0962903330175742 0.32430717410548393
 0.10256410256410256 14 7 1 11 0 1]
[0.0006298016333102192 'Spatial' 0 0.0962903330175742 0.32430717410548393
 0.10256410256410256 14 7 1 12 0 1]
[0.0006298016333102192 'Spatial' 0 0.0962903330175742 0.32430717410548393
 0.10256410256410256 14 7 1 13 0 1]
[0.0006298016333102192 'Spatial' 0 0.0962903330175742 0.32430717410548393
 0.10256410256410256 14 7 1 14 0 1]
[0.0006298016333102192 'Spatial' 0 0.0962903330175742 0.32430717410548393
 0.10256410256410256 14 7 1 15 0 1]
[0.0006298016333102192 'Spatial' 0 0.0962903330175742 0.32430717410548393
 0.10256410256410256 14 7 1 16 0 1]
[0.0006298016333102192 'Spatial' 0 0.0962903330175742 0.32430717410548393
 0.10256410256410256 14 7 1 17 0 1]
[0.0 'Spatial' 0 0.0962903330175742 0.32430717410548393 0.0 14 7 2 0 0 1]
[3.250976674490351 'Spatial' 0 0.0962903330175742 0.32430717410548393
 0.10256410256410256 14 7 2 1 0 1]
[1.6302527948941563 'Spatial' 0 0.0962903330175742 0.32430717410548393
 3.3846153846153846 14 7 2 2 0 1]
[1.8138319746270823 'Spatial' 0 0.0962903330175742 0.32430717410548393
 4.0717948717948715 14 7 2 3 0 1]
[3.417475441729759 'Spatial' 0 0.0962903330175742 0.32430717410548393
 4.102564102564102 14 7 2 4 0 1]
[2.7558854428077435 'Spatial' 0 0.0962903330175742 0.32430717410548393
 4.102564102564102 14 7 2 5 7 1]
[0.01280326009725397 'Spatial' 0 0.0962903330175742 0.32430717410548393
 1.3094017094017094 14 7 2 6 63 1]
[0.0018879322570249189 'Spatial' 0 0.0962903330175742 0.32430717410548393
 1.1726495726495727 14 7 2 7 57 1]
[0.0006782828705205287 'Spatial' 0 0.0962903330175742 0.32430717410548393
 0.9675213675213674 14 7 2 8 56 1]
[0.0006298016333102192 'Spatial' 0 0.0962903330175742 0.32430717410548393
 0.10256410256410256 14 7 2 9 56 1]
[0.0006298016333102192 'Spatial' 0 0.0962903330175742 0.32430717410548393
 0.10256410256410256 14 7 2 10 48 1]
[0.0006298016333102192 'Spatial' 0 0.0962903330175742 0.32430717410548393
 0.10256410256410256 14 7 2 11 48 1]
[0.0006298016333102192 'Spatial' 0 0.0962903330175742 0.32430717410548393
 0.10256410256410256 14 7 2 12 48 1]
[0.0006298016333102192 'Spatial' 0 0.0962903330175742 0.32430717410548393
 0.10256410256410256 14 7 2 13 48 1]
[0.0006298016333102192 'Spatial' 0 0.0962903330175742 0.32430717410548393
 0.10256410256410256 14 7 2 14 48 1]
[0.0006298016333102192 'Spatial' 0 0.0962903330175742 0.32430717410548393
 0.10256410256410256 14 7 2 15 48 1]
[0.0006298016333102192 'Spatial' 0 0.0962903330175742 0.32430717410548393
 0.10256410256410256 14 7 2 16 48 1]
[0.0006298016333102192 'Spatial' 0 0.0962903330175742 0.32430717410548393
 0.10256410256410256 14 7 2 17 40 1]
[0.0 'Spatial' 0 0.0962903330175742 0.32430717410548393 0.0 14 7 3 0 49 1]
[3.250976674490351 'Spatial' 0 0.0962903330175742 0.32430717410548393
 0.10256410256410256 14 7 3 1 48 1]
[1.6302527948941563 'Spatial' 0 0.0962903330175742 0.32430717410548393
 3.3846153846153846 14 7 3 2 48 1]
[1.8138319746270823 'Spatial' 0 0.0962903330175742 0.32430717410548393
 4.0717948717948715 14 7 3 3 48 1]
[3.417475441729759 'Spatial' 0 0.0962903330175742 0.32430717410548393
 4.102564102564102 14 7 3 4 48 1]
[2.7558854428077435 'Spatial' 0 0.0962903330175742 0.32430717410548393
 4.102564102564102 14 7 3 5 48 1]
[0.01280326009725397 'Spatial' 0 0.0962903330175742 0.32430717410548393
 1.3094017094017094 14 7 3 6 63 1]
[0.0018879322570249189 'Spatial' 0 0.0962903330175742 0.32430717410548393
 1.1726495726495727 14 7 3 7 7 1]
[0.0006782828705205287 'Spatial' 0 0.0962903330175742 0.32430717410548393
 0.9675213675213674 14 7 3 8 0 1]
[0.0006298016333102192 'Spatial' 0 0.0962903330175742 0.32430717410548393
 0.10256410256410256 14 7 3 9 56 1]
[0.0006298016333102192 'Spatial' 0 0.0962903330175742 0.32430717410548393
 0.10256410256410256 14 7 3 10 9 1]
[0.0006298016333102192 'Spatial' 0 0.0962903330175742 0.32430717410548393
 0.10256410256410256 14 7 3 11 2 1]
[0.0006298016333102192 'Spatial' 0 0.0962903330175742 0.32430717410548393
 0.10256410256410256 14 7 3 12 16 1]
[0.0006298016333102192 'Spatial' 0 0.0962903330175742 0.32430717410548393
 0.10256410256410256 14 7 3 13 8 1]
[0.0006298016333102192 'Spatial' 0 0.0962903330175742 0.32430717410548393
 0.10256410256410256 14 7 3 14 0 1]
[0.0006298016333102192 'Spatial' 0 0.0962903330175742 0.32430717410548393
 0.10256410256410256 14 7 3 15 9 1]
[0.0006298016333102192 'Spatial' 0 0.0962903330175742 0.32430717410548393
 0.10256410256410256 14 7 3 16 2 1]
[0.0006298016333102192 'Spatial' 0 0.0962903330175742 0.32430717410548393
 0.10256410256410256 14 7 3 17 24 1]
[0.0 'Spatial' 0 0.0962903330175742 0.32430717410548393 0.0 14 7 4 0 40 1]
[3.250976674490351 'Spatial' 0 0.0962903330175742 0.32430717410548393
 0.10256410256410256 14 7 4 1 49 1]
[1.6302527948941563 'Spatial' 0 0.0962903330175742 0.32430717410548393
 3.3846153846153846 14 7 4 2 50 1]
[1.8138319746270823 'Spatial' 0 0.0962903330175742 0.32430717410548393
 4.0717948717948715 14 7 4 3 52 1]
[3.417475441729759 'Spatial' 0 0.0962903330175742 0.32430717410548393
 4.102564102564102 14 7 4 4 43 1]
[2.7558854428077435 'Spatial' 0 0.0962903330175742 0.32430717410548393
 4.102564102564102 14 7 4 5 35 1]
[0.01280326009725397 'Spatial' 0 0.0962903330175742 0.32430717410548393
 1.3094017094017094 14 7 4 6 28 1]
[0.0018879322570249189 'Spatial' 0 0.0962903330175742 0.32430717410548393
 1.1726495726495727 14 7 4 7 29 1]
[0.0006782828705205287 'Spatial' 0 0.0962903330175742 0.32430717410548393
 0.9675213675213674 14 7 4 8 0 1]
[0.0006298016333102192 'Spatial' 0 0.0962903330175742 0.32430717410548393
 0.10256410256410256 14 7 4 9 63 1]
[0.0006298016333102192 'Spatial' 0 0.0962903330175742 0.32430717410548393
 0.10256410256410256 14 7 4 10 18 1]
[0.0006298016333102192 'Spatial' 0 0.0962903330175742 0.32430717410548393
 0.10256410256410256 14 7 4 11 24 1]
[0.0006298016333102192 'Spatial' 0 0.0962903330175742 0.32430717410548393
 0.10256410256410256 14 7 4 12 3 1]
[0.0006298016333102192 'Spatial' 0 0.0962903330175742 0.32430717410548393
 0.10256410256410256 14 7 4 13 48 1]
[0.0006298016333102192 'Spatial' 0 0.0962903330175742 0.32430717410548393
 0.10256410256410256 14 7 4 14 1 1]
[0.0006298016333102192 'Spatial' 0 0.0962903330175742 0.32430717410548393
 0.10256410256410256 14 7 4 15 8 1]
[0.0006298016333102192 'Spatial' 0 0.0962903330175742 0.32430717410548393
 0.10256410256410256 14 7 4 16 16 1]
[0.0006298016333102192 'Spatial' 0 0.0962903330175742 0.32430717410548393
 0.10256410256410256 14 7 4 17 9 1]
[0.0 'Spatial' 0 0.0962903330175742 0.32430717410548393 0.0 14 7 5 0 0 1]
[3.250976674490351 'Spatial' 0 0.0962903330175742 0.32430717410548393
 0.10256410256410256 14 7 5 1 1 1]
[1.6302527948941563 'Spatial' 0 0.0962903330175742 0.32430717410548393
 3.3846153846153846 14 7 5 2 8 1]
[1.8138319746270823 'Spatial' 0 0.0962903330175742 0.32430717410548393
 4.0717948717948715 14 7 5 3 9 1]
[3.417475441729759 'Spatial' 0 0.0962903330175742 0.32430717410548393
 4.102564102564102 14 7 5 4 0 1]
[2.7558854428077435 'Spatial' 0 0.0962903330175742 0.32430717410548393
 4.102564102564102 14 7 5 5 0 1]
[0.01280326009725397 'Spatial' 0 0.0962903330175742 0.32430717410548393
 1.3094017094017094 14 7 5 6 0 1]
[0.0018879322570249189 'Spatial' 0 0.0962903330175742 0.32430717410548393
 1.1726495726495727 14 7 5 7 0 1]
[0.0006782828705205287 'Spatial' 0 0.0962903330175742 0.32430717410548393
 0.9675213675213674 14 7 5 8 0 1]
[0.0006298016333102192 'Spatial' 0 0.0962903330175742 0.32430717410548393
 0.10256410256410256 14 7 5 9 0 1]
[0.0006298016333102192 'Spatial' 0 0.0962903330175742 0.32430717410548393
 0.10256410256410256 14 7 5 10 0 1]
[0.0006298016333102192 'Spatial' 0 0.0962903330175742 0.32430717410548393
 0.10256410256410256 14 7 5 11 7 1]
[0.0006298016333102192 'Spatial' 0 0.0962903330175742 0.32430717410548393
 0.10256410256410256 14 7 5 12 7 1]
[0.0006298016333102192 'Spatial' 0 0.0962903330175742 0.32430717410548393
 0.10256410256410256 14 7 5 13 7 1]
[0.0006298016333102192 'Spatial' 0 0.0962903330175742 0.32430717410548393
 0.10256410256410256 14 7 5 14 7 1]
[0.0006298016333102192 'Spatial' 0 0.0962903330175742 0.32430717410548393
 0.10256410256410256 14 7 5 15 7 1]
[0.0006298016333102192 'Spatial' 0 0.0962903330175742 0.32430717410548393
 0.10256410256410256 14 7 5 16 7 1]
[0.0006298016333102192 'Spatial' 0 0.0962903330175742 0.32430717410548393
 0.10256410256410256 14 7 5 17 7 1]
[0.0 'Spatial' 0 0.0962903330175742 0.32430717410548393 0.0 14 7 6 0 7 1]
[3.250976674490351 'Spatial' 0 0.0962903330175742 0.32430717410548393
 0.10256410256410256 14 7 6 1 6 1]
[1.6302527948941563 'Spatial' 0 0.0962903330175742 0.32430717410548393
 3.3846153846153846 14 7 6 2 14 1]
[1.8138319746270823 'Spatial' 0 0.0962903330175742 0.32430717410548393
 4.0717948717948715 14 7 6 3 5 1]
[3.417475441729759 'Spatial' 0 0.0962903330175742 0.32430717410548393
 4.102564102564102 14 7 6 4 15 1]
[2.7558854428077435 'Spatial' 0 0.0962903330175742 0.32430717410548393
 4.102564102564102 14 7 6 5 7 1]
[0.01280326009725397 'Spatial' 0 0.0962903330175742 0.32430717410548393
 1.3094017094017094 14 7 6 6 7 1]
[0.0018879322570249189 'Spatial' 0 0.0962903330175742 0.32430717410548393
 1.1726495726495727 14 7 6 7 7 1]
[0.0006782828705205287 'Spatial' 0 0.0962903330175742 0.32430717410548393
 0.9675213675213674 14 7 6 8 7 1]
[0.0006298016333102192 'Spatial' 0 0.0962903330175742 0.32430717410548393
 0.10256410256410256 14 7 6 9 7 1]
[0.0006298016333102192 'Spatial' 0 0.0962903330175742 0.32430717410548393
 0.10256410256410256 14 7 6 10 7 1]
[0.0006298016333102192 'Spatial' 0 0.0962903330175742 0.32430717410548393
 0.10256410256410256 14 7 6 11 7 1]
[0.0006298016333102192 'Spatial' 0 0.0962903330175742 0.32430717410548393
 0.10256410256410256 14 7 6 12 63 1]
[0.0006298016333102192 'Spatial' 0 0.0962903330175742 0.32430717410548393
 0.10256410256410256 14 7 6 13 7 1]
[0.0006298016333102192 'Spatial' 0 0.0962903330175742 0.32430717410548393
 0.10256410256410256 14 7 6 14 0 1]
[0.0006298016333102192 'Spatial' 0 0.0962903330175742 0.32430717410548393
 0.10256410256410256 14 7 6 15 56 1]
[0.0006298016333102192 'Spatial' 0 0.0962903330175742 0.32430717410548393
 0.10256410256410256 14 7 6 16 14 1]
[0.0006298016333102192 'Spatial' 0 0.0962903330175742 0.32430717410548393
 0.10256410256410256 14 7 6 17 23 1]
[0.0 'Spatial' 0 0.0962903330175742 0.32430717410548393 0.0 14 7 8 0 5 1]
[3.250976674490351 'Spatial' 0 0.0962903330175742 0.32430717410548393
 0.10256410256410256 14 7 8 1 4 1]
[1.6302527948941563 'Spatial' 0 0.0962903330175742 0.32430717410548393
 3.3846153846153846 14 7 8 2 13 1]
[1.8138319746270823 'Spatial' 0 0.0962903330175742 0.32430717410548393
 4.0717948717948715 14 7 8 3 5 1]
[3.417475441729759 'Spatial' 0 0.0962903330175742 0.32430717410548393
 4.102564102564102 14 7 8 4 5 1]
[2.7558854428077435 'Spatial' 0 0.0962903330175742 0.32430717410548393
 4.102564102564102 14 7 8 5 5 1]
[0.01280326009725397 'Spatial' 0 0.0962903330175742 0.32430717410548393
 1.3094017094017094 14 7 8 6 5 1]
[0.0018879322570249189 'Spatial' 0 0.0962903330175742 0.32430717410548393
 1.1726495726495727 14 7 8 7 5 1]
[0.0006782828705205287 'Spatial' 0 0.0962903330175742 0.32430717410548393
 0.9675213675213674 14 7 8 8 5 1]
[0.0006298016333102192 'Spatial' 0 0.0962903330175742 0.32430717410548393
 0.10256410256410256 14 7 8 9 5 1]
[0.0006298016333102192 'Spatial' 0 0.0962903330175742 0.32430717410548393
 0.10256410256410256 14 7 8 10 5 1]
[0.0006298016333102192 'Spatial' 0 0.0962903330175742 0.32430717410548393
 0.10256410256410256 14 7 8 11 5 1]
[0.0006298016333102192 'Spatial' 0 0.0962903330175742 0.32430717410548393
 0.10256410256410256 14 7 8 12 5 1]
[0.0006298016333102192 'Spatial' 0 0.0962903330175742 0.32430717410548393
 0.10256410256410256 14 7 8 13 13 1]
[0.0006298016333102192 'Spatial' 0 0.0962903330175742 0.32430717410548393
 0.10256410256410256 14 7 8 14 7 1]
[0.0006298016333102192 'Spatial' 0 0.0962903330175742 0.32430717410548393
 0.10256410256410256 14 7 8 15 63 1]
[0.0006298016333102192 'Spatial' 0 0.0962903330175742 0.32430717410548393
 0.10256410256410256 14 7 8 16 56 1]
[0.0006298016333102192 'Spatial' 0 0.0962903330175742 0.32430717410548393
 0.10256410256410256 14 7 8 17 0 1]
