[0.0 'Conceptual' 0 1.419619960882888 87.29875777455614 0.0 62 8 0 0 12 1]
[4.124844633320634 'Conceptual' 0 1.419619960882888 87.29875777455614
 0.5128205128205128 62 8 0 1 20 1]
[3.8483032685209655 'Conceptual' 0 1.419619960882888 87.29875777455614
 1.2307692307692308 62 8 0 2 17 1]
[1.8040262781217138 'Conceptual' 0 1.419619960882888 87.29875777455614
 3.052991452991453 62 8 0 3 22 1]
[0.005229131397520724 'Conceptual' 0 1.419619960882888 87.29875777455614
 1.2068376068376068 62 8 0 4 27 1]
[1.6102593922964874 'Conceptual' 0 1.419619960882888 87.29875777455614
 1.641025641025641 62 8 0 5 12 1]
[2.67252282836367 'Conceptual' 0 1.419619960882888 87.29875777455614
 2.2564102564102564 62 8 0 6 13 1]
[3.219026131088468 'Conceptual' 0 1.419619960882888 87.29875777455614
 2.871794871794872 62 8 0 7 14 1]
[2.306674656656192 'Conceptual' 0 1.419619960882888 87.29875777455614
 1.5145299145299145 62 8 0 8 15 1]
[2.430183963778656 'Conceptual' 0 1.419619960882888 87.29875777455614
 1.435897435897436 62 8 0 9 8 1]
[0.6957385938814443 'Conceptual' 0 1.419619960882888 87.29875777455614
 0.8991452991452991 62 8 0 10 9 1]
[0.695696203632336 'Conceptual' 0 1.419619960882888 87.29875777455614
 0.8205128205128205 62 8 0 11 22 1]
[0.6957606707582653 'Conceptual' 0 1.419619960882888 87.29875777455614
 0.7623931623931623 62 8 0 12 38 1]
[2.3996387345171746 'Conceptual' 0 1.419619960882888 87.29875777455614
 1.3094017094017094 62 8 0 13 20 1]
[2.7082934489154766 'Conceptual' 0 1.419619960882888 87.29875777455614
 1.411965811965812 62 8 0 14 21 1]
[2.639344048258012 'Conceptual' 0 1.419619960882888 87.29875777455614
 1.3094017094017094 62 8 0 15 14 1]
[2.639334504918807 'Conceptual' 0 1.419619960882888 87.29875777455614
 1.2752136752136753 62 8 0 16 12 1]
[3.135605220460273 'Conceptual' 0 1.419619960882888 87.29875777455614
 1.7880341880341881 62 8 0 17 22 1]
[0.0 'Conceptual' 0 1.419619960882888 87.29875777455614 0.0 62 8 1 0 12 1]
[4.124844633320634 'Conceptual' 0 1.419619960882888 87.29875777455614
 0.5128205128205128 62 8 1 1 21 1]
[3.8483032685209655 'Conceptual' 0 1.419619960882888 87.29875777455614
 1.2307692307692308 62 8 1 2 37 1]
[1.8040262781217138 'Conceptual' 0 1.419619960882888 87.29875777455614
 3.052991452991453 62 8 1 3 46 1]
[0.005229131397520724 'Conceptual' 0 1.419619960882888 87.29875777455614
 1.2068376068376068 62 8 1 4 44 1]
[1.6102593922964874 'Conceptual' 0 1.419619960882888 87.29875777455614
 1.641025641025641 62 8 1 5 42 1]
[2.67252282836367 'Conceptual' 0 1.419619960882888 87.29875777455614
 2.2564102564102564 62 8 1 6 43 1]
[3.219026131088468 'Conceptual' 0 1.419619960882888 87.29875777455614
 2.871794871794872 62 8 1 7 53 1]
[2.306674656656192 'Conceptual' 0 1.419619960882888 87.29875777455614
 1.5145299145299145 62 8 1 8 49 1]
[2.430183963778656 'Conceptual' 0 1.419619960882888 87.29875777455614
 1.435897435897436 62 8 1 9 51 1]
[0.6957385938814443 'Conceptual' 0 1.419619960882888 87.29875777455614
 0.8991452991452991 62 8 1 10 48 1]
[0.695696203632336 'Conceptual' 0 1.419619960882888 87.29875777455614
 0.8205128205128205 62 8 1 11 62 1]
[0.6957606707582653 'Conceptual' 0 1.419619960882888 87.29875777455614
 0.7623931623931623 62 8 1 12 58 1]
[2.3996387345171746 'Conceptual' 0 1.419619960882888 87.29875777455614
 1.3094017094017094 62 8 1 13 59 1]
[2.7082934489154766 'Conceptual' 0 1.419619960882888 87.29875777455614
 1.411965811965812 62 8 1 14 61 1]
[2.639344048258012 'Conceptual' 0 1.419619960882888 87.29875777455614
 1.3094017094017094 62 8 1 15 38 1]
[2.639334504918807 'Conceptual' 0 1.419619960882888 87.29875777455614
 1.2752136752136753 62 8 1 16 29 1]
[3.135605220460273 'Conceptual' 0 1.419619960882888 87.29875777455614
 1.7880341880341881 62 8 1 17 49 1]
[0.0 'Conceptual' 0 1.419619960882888 87.29875777455614 0.0 62 8 2 0 43 1]
[4.124844633320634 'Conceptual' 0 1.419619960882888 87.29875777455614
 0.5128205128205128 62 8 2 1 35 1]
[3.8483032685209655 'Conceptual' 0 1.419619960882888 87.29875777455614
 1.2307692307692308 62 8 2 2 45 1]
[1.8040262781217138 'Conceptual' 0 1.419619960882888 87.29875777455614
 3.052991452991453 62 8 2 3 34 1]
[0.005229131397520724 'Conceptual' 0 1.419619960882888 87.29875777455614
 1.2068376068376068 62 8 2 4 33 1]
[1.6102593922964874 'Conceptual' 0 1.419619960882888 87.29875777455614
 1.641025641025641 62 8 2 5 13 1]
[2.67252282836367 'Conceptual' 0 1.419619960882888 87.29875777455614
 2.2564102564102564 62 8 2 6 49 1]
[3.219026131088468 'Conceptual' 0 1.419619960882888 87.29875777455614
 2.871794871794872 62 8 2 7 40 1]
[2.306674656656192 'Conceptual' 0 1.419619960882888 87.29875777455614
 1.5145299145299145 62 8 2 8 17 1]
[2.430183963778656 'Conceptual' 0 1.419619960882888 87.29875777455614
 1.435897435897436 62 8 2 9 1 1]
[0.6957385938814443 'Conceptual' 0 1.419619960882888 87.29875777455614
 0.8991452991452991 62 8 2 10 29 1]
[0.695696203632336 'Conceptual' 0 1.419619960882888 87.29875777455614
 0.8205128205128205 62 8 2 11 27 1]
[0.6957606707582653 'Conceptual' 0 1.419619960882888 87.29875777455614
 0.7623931623931623 62 8 2 12 19 1]
[2.3996387345171746 'Conceptual' 0 1.419619960882888 87.29875777455614
 1.3094017094017094 62 8 2 13 14 1]
[2.7082934489154766 'Conceptual' 0 1.419619960882888 87.29875777455614
 1.411965811965812 62 8 2 14 40 1]
[2.639344048258012 'Conceptual' 0 1.419619960882888 87.29875777455614
 1.3094017094017094 62 8 2 15 58 1]
[2.639334504918807 'Conceptual' 0 1.419619960882888 87.29875777455614
 1.2752136752136753 62 8 2 16 39 1]
[3.135605220460273 'Conceptual' 0 1.419619960882888 87.29875777455614
 1.7880341880341881 62 8 2 17 52 1]
[0.0 'Conceptual' 0 1.419619960882888 87.29875777455614 0.0 62 8 3 0 10 1]
[4.124844633320634 'Conceptual' 0 1.419619960882888 87.29875777455614
 0.5128205128205128 62 8 3 1 12 1]
[3.8483032685209655 'Conceptual' 0 1.419619960882888 87.29875777455614
 1.2307692307692308 62 8 3 2 22 1]
[1.8040262781217138 'Conceptual' 0 1.419619960882888 87.29875777455614
 3.052991452991453 62 8 3 3 35 1]
[0.005229131397520724 'Conceptual' 0 1.419619960882888 87.29875777455614
 1.2068376068376068 62 8 3 4 10 1]
[1.6102593922964874 'Conceptual' 0 1.419619960882888 87.29875777455614
 1.641025641025641 62 8 3 5 50 1]
[2.67252282836367 'Conceptual' 0 1.419619960882888 87.29875777455614
 2.2564102564102564 62 8 3 6 30 1]
[3.219026131088468 'Conceptual' 0 1.419619960882888 87.29875777455614
 2.871794871794872 62 8 3 7 43 1]
[2.306674656656192 'Conceptual' 0 1.419619960882888 87.29875777455614
 1.5145299145299145 62 8 3 8 25 1]
[2.430183963778656 'Conceptual' 0 1.419619960882888 87.29875777455614
 1.435897435897436 62 8 3 9 9 1]
[0.6957385938814443 'Conceptual' 0 1.419619960882888 87.29875777455614
 0.8991452991452991 62 8 3 10 3 1]
[0.695696203632336 'Conceptual' 0 1.419619960882888 87.29875777455614
 0.8205128205128205 62 8 3 11 4 1]
[0.6957606707582653 'Conceptual' 0 1.419619960882888 87.29875777455614
 0.7623931623931623 62 8 3 12 1 1]
[2.3996387345171746 'Conceptual' 0 1.419619960882888 87.29875777455614
 1.3094017094017094 62 8 3 13 7 1]
[2.7082934489154766 'Conceptual' 0 1.419619960882888 87.29875777455614
 1.411965811965812 62 8 3 14 5 1]
[2.639344048258012 'Conceptual' 0 1.419619960882888 87.29875777455614
 1.3094017094017094 62 8 3 15 13 1]
[2.639334504918807 'Conceptual' 0 1.419619960882888 87.29875777455614
 1.2752136752136753 62 8 3 16 62 1]
[3.135605220460273 'Conceptual' 0 1.419619960882888 87.29875777455614
 1.7880341880341881 62 8 3 17 58 1]
[0.0 'Conceptual' 0 1.419619960882888 87.29875777455614 0.0 62 8 4 0 3 1]
[4.124844633320634 'Conceptual' 0 1.419619960882888 87.29875777455614
 0.5128205128205128 62 8 4 1 5 1]
[3.8483032685209655 'Conceptual' 0 1.419619960882888 87.29875777455614
 1.2307692307692308 62 8 4 2 2 1]
[1.8040262781217138 'Conceptual' 0 1.419619960882888 87.29875777455614
 3.052991452991453 62 8 4 3 6 1]
[0.005229131397520724 'Conceptual' 0 1.419619960882888 87.29875777455614
 1.2068376068376068 62 8 4 4 3 1]
[1.6102593922964874 'Conceptual' 0 1.419619960882888 87.29875777455614
 1.641025641025641 62 8 4 5 4 1]
[2.67252282836367 'Conceptual' 0 1.419619960882888 87.29875777455614
 2.2564102564102564 62 8 4 6 6 1]
[3.219026131088468 'Conceptual' 0 1.419619960882888 87.29875777455614
 2.871794871794872 62 8 4 7 3 1]
[2.306674656656192 'Conceptual' 0 1.419619960882888 87.29875777455614
 1.5145299145299145 62 8 4 8 28 1]
[2.430183963778656 'Conceptual' 0 1.419619960882888 87.29875777455614
 1.435897435897436 62 8 4 9 13 1]
[0.6957385938814443 'Conceptual' 0 1.419619960882888 87.29875777455614
 0.8991452991452991 62 8 4 10 37 1]
[0.695696203632336 'Conceptual' 0 1.419619960882888 87.29875777455614
 0.8205128205128205 62 8 4 11 62 1]
[0.6957606707582653 'Conceptual' 0 1.419619960882888 87.29875777455614
 0.7623931623931623 62 8 4 12 53 1]
[2.3996387345171746 'Conceptual' 0 1.419619960882888 87.29875777455614
 1.3094017094017094 62 8 4 13 59 1]
[2.7082934489154766 'Conceptual' 0 1.419619960882888 87.29875777455614
 1.411965811965812 62 8 4 14 10 1]
[2.639344048258012 'Conceptual' 0 1.419619960882888 87.29875777455614
 1.3094017094017094 62 8 4 15 9 1]
[2.639334504918807 'Conceptual' 0 1.419619960882888 87.29875777455614
 1.2752136752136753 62 8 4 16 15 1]
[3.135605220460273 'Conceptual' 0 1.419619960882888 87.29875777455614
 1.7880341880341881 62 8 4 17 9 1]
[0.0 'Conceptual' 0 1.419619960882888 87.29875777455614 0.0 62 8 5 0 9 1]
[4.124844633320634 'Conceptual' 0 1.419619960882888 87.29875777455614
 0.5128205128205128 62 8 5 1 11 1]
[3.8483032685209655 'Conceptual' 0 1.419619960882888 87.29875777455614
 1.2307692307692308 62 8 5 2 13 1]
[1.8040262781217138 'Conceptual' 0 1.419619960882888 87.29875777455614
 3.052991452991453 62 8 5 3 10 1]
[0.005229131397520724 'Conceptual' 0 1.419619960882888 87.29875777455614
 1.2068376068376068 62 8 5 4 8 1]
[1.6102593922964874 'Conceptual' 0 1.419619960882888 87.29875777455614
 1.641025641025641 62 8 5 5 9 1]
[2.67252282836367 'Conceptual' 0 1.419619960882888 87.29875777455614
 2.2564102564102564 62 8 5 6 10 1]
[3.219026131088468 'Conceptual' 0 1.419619960882888 87.29875777455614
 2.871794871794872 62 8 5 7 9 1]
[2.306674656656192 'Conceptual' 0 1.419619960882888 87.29875777455614
 1.5145299145299145 62 8 5 8 11 1]
[2.430183963778656 'Conceptual' 0 1.419619960882888 87.29875777455614
 1.435897435897436 62 8 5 9 8 1]
[0.6957385938814443 'Conceptual' 0 1.419619960882888 87.29875777455614
 0.8991452991452991 62 8 5 10 52 1]
[0.695696203632336 'Conceptual' 0 1.419619960882888 87.29875777455614
 0.8205128205128205 62 8 5 11 58 1]
[0.6957606707582653 'Conceptual' 0 1.419619960882888 87.29875777455614
 0.7623931623931623 62 8 5 12 33 1]
[2.3996387345171746 'Conceptual' 0 1.419619960882888 87.29875777455614
 1.3094017094017094 62 8 5 13 34 1]
[2.7082934489154766 'Conceptual' 0 1.419619960882888 87.29875777455614
 1.411965811965812 62 8 5 14 36 1]
[2.639344048258012 'Conceptual' 0 1.419619960882888 87.29875777455614
 1.3094017094017094 62 8 5 15 41 1]
[2.639334504918807 'Conceptual' 0 1.419619960882888 87.29875777455614
 1.2752136752136753 62 8 5 16 49 1]
[3.135605220460273 'Conceptual' 0 1.419619960882888 87.29875777455614
 1.7880341880341881 62 8 5 17 44 1]
[0.0 'Conceptual' 0 1.419619960882888 87.29875777455614 0.0 62 8 6 0 43 1]
[4.124844633320634 'Conceptual' 0 1.419619960882888 87.29875777455614
 0.5128205128205128 62 8 6 1 33 1]
[3.8483032685209655 'Conceptual' 0 1.419619960882888 87.29875777455614
 1.2307692307692308 62 8 6 2 43 1]
[1.8040262781217138 'Conceptual' 0 1.419619960882888 87.29875777455614
 3.052991452991453 62 8 6 3 46 1]
[0.005229131397520724 'Conceptual' 0 1.419619960882888 87.29875777455614
 1.2068376068376068 62 8 6 4 47 1]
[1.6102593922964874 'Conceptual' 0 1.419619960882888 87.29875777455614
 1.641025641025641 62 8 6 5 43 1]
[2.67252282836367 'Conceptual' 0 1.419619960882888 87.29875777455614
 2.2564102564102564 62 8 6 6 34 1]
[3.219026131088468 'Conceptual' 0 1.419619960882888 87.29875777455614
 2.871794871794872 62 8 6 7 28 1]
[2.306674656656192 'Conceptual' 0 1.419619960882888 87.29875777455614
 1.5145299145299145 62 8 6 8 33 1]
[2.430183963778656 'Conceptual' 0 1.419619960882888 87.29875777455614
 1.435897435897436 62 8 6 9 35 1]
[0.6957385938814443 'Conceptual' 0 1.419619960882888 87.29875777455614
 0.8991452991452991 62 8 6 10 37 1]
[0.695696203632336 'Conceptual' 0 1.419619960882888 87.29875777455614
 0.8205128205128205 62 8 6 11 41 1]
[0.6957606707582653 'Conceptual' 0 1.419619960882888 87.29875777455614
 0.7623931623931623 62 8 6 12 60 1]
[2.3996387345171746 'Conceptual' 0 1.419619960882888 87.29875777455614
 1.3094017094017094 62 8 6 13 20 1]
[2.7082934489154766 'Conceptual' 0 1.419619960882888 87.29875777455614
 1.411965811965812 62 8 6 14 22 1]
[2.639344048258012 'Conceptual' 0 1.419619960882888 87.29875777455614
 1.3094017094017094 62 8 6 15 17 1]
[2.639334504918807 'Conceptual' 0 1.419619960882888 87.29875777455614
 1.2752136752136753 62 8 6 16 10 1]
[3.135605220460273 'Conceptual' 0 1.419619960882888 87.29875777455614
 1.7880341880341881 62 8 6 17 2 1]
[0.0 'Conceptual' 0 1.419619960882888 87.29875777455614 0.0 62 8 7 0 33 1]
[4.124844633320634 'Conceptual' 0 1.419619960882888 87.29875777455614
 0.5128205128205128 62 8 7 1 9 1]
[3.8483032685209655 'Conceptual' 0 1.419619960882888 87.29875777455614
 1.2307692307692308 62 8 7 2 49 1]
[1.8040262781217138 'Conceptual' 0 1.419619960882888 87.29875777455614
 3.052991452991453 62 8 7 3 45 1]
[0.005229131397520724 'Conceptual' 0 1.419619960882888 87.29875777455614
 1.2068376068376068 62 8 7 4 34 1]
[1.6102593922964874 'Conceptual' 0 1.419619960882888 87.29875777455614
 1.641025641025641 62 8 7 5 18 1]
[2.67252282836367 'Conceptual' 0 1.419619960882888 87.29875777455614
 2.2564102564102564 62 8 7 6 26 1]
[3.219026131088468 'Conceptual' 0 1.419619960882888 87.29875777455614
 2.871794871794872 62 8 7 7 10 1]
[2.306674656656192 'Conceptual' 0 1.419619960882888 87.29875777455614
 1.5145299145299145 62 8 7 8 19 1]
[2.430183963778656 'Conceptual' 0 1.419619960882888 87.29875777455614
 1.435897435897436 62 8 7 9 35 1]
[0.6957385938814443 'Conceptual' 0 1.419619960882888 87.29875777455614
 0.8991452991452991 62 8 7 10 33 1]
[0.695696203632336 'Conceptual' 0 1.419619960882888 87.29875777455614
 0.8205128205128205 62 8 7 11 26 1]
[0.6957606707582653 'Conceptual' 0 1.419619960882888 87.29875777455614
 0.7623931623931623 62 8 7 12 21 1]
[2.3996387345171746 'Conceptual' 0 1.419619960882888 87.29875777455614
 1.3094017094017094 62 8 7 13 21 1]
[2.7082934489154766 'Conceptual' 0 1.419619960882888 87.29875777455614
 1.411965811965812 62 8 7 14 10 1]
[2.639344048258012 'Conceptual' 0 1.419619960882888 87.29875777455614
 1.3094017094017094 62 8 7 15 14 1]
[2.639334504918807 'Conceptual' 0 1.419619960882888 87.29875777455614
 1.2752136752136753 62 8 7 16 8 1]
[3.135605220460273 'Conceptual' 0 1.419619960882888 87.29875777455614
 1.7880341880341881 62 8 7 17 10 1]
