[0.0 'Conceptual' 1 0.08918878455292283 1.6385605002333698e-06 0.0 1 8 0 0
 7 1]
[4.158416846575954 'Conceptual' 1 0.08918878455292283
 1.6385605002333698e-06 1.2752136752136753 1 8 0 1 56 1]
[1.0814046236890973 'Conceptual' 1 0.08918878455292283
 1.6385605002333698e-06 0.10256410256410256 1 8 0 2 57 1]
[1.8250662729241351 'Conceptual' 1 0.08918878455292283
 1.6385605002333698e-06 2.5641025641025643 1 8 0 3 57 1]
[0.7494425726266473 'Conceptual' 1 0.08918878455292283
 1.6385605002333698e-06 0.8991452991452991 1 8 0 4 57 1]
[0.008437542326797446 'Conceptual' 1 0.08918878455292283
 1.6385605002333698e-06 0.45470085470085464 1 8 0 5 58 1]
[0.0006428031078371051 'Conceptual' 1 0.08918878455292283
 1.6385605002333698e-06 0.10256410256410256 1 8 0 6 57 1]
[0.0006298016333097749 'Conceptual' 1 0.08918878455292283
 1.6385605002333698e-06 0.10256410256410256 1 8 0 7 58 1]
[0.0006298016333097749 'Conceptual' 1 0.08918878455292283
 1.6385605002333698e-06 0.10256410256410256 1 8 0 8 58 1]
[0.0006298016333097749 'Conceptual' 1 0.08918878455292283
 1.6385605002333698e-06 0.10256410256410256 1 8 0 9 58 1]
[0.0006298016333097749 'Conceptual' 1 0.08918878455292283
 1.6385605002333698e-06 0.10256410256410256 1 8 0 10 58 1]
[0.0006298016333097749 'Conceptual' 1 0.08918878455292283
 1.6385605002333698e-06 0.10256410256410256 1 8 0 11 58 1]
[0.0006298016333097749 'Conceptual' 1 0.08918878455292283
 1.6385605002333698e-06 0.10256410256410256 1 8 0 12 58 1]
[0.0006298016333097749 'Conceptual' 1 0.08918878455292283
 1.6385605002333698e-06 0.10256410256410256 1 8 0 13 58 1]
[0.0006298016333097749 'Conceptual' 1 0.08918878455292283
 1.6385605002333698e-06 0.10256410256410256 1 8 0 14 58 1]
[0.0006298016333097749 'Conceptual' 1 0.08918878455292283
 1.6385605002333698e-06 0.10256410256410256 1 8 0 15 58 1]
[0.0006298016333097749 'Conceptual' 1 0.08918878455292283
 1.6385605002333698e-06 0.10256410256410256 1 8 0 16 58 1]
[0.0006298016333097749 'Conceptual' 1 0.08918878455292283
 1.6385605002333698e-06 0.10256410256410256 1 8 0 17 58 1]
[0.0 'Conceptual' 1 0.08918878455292283 1.6385605002333698e-06 0.0 1 8 1 0
 58 1]
[4.158416846575954 'Conceptual' 1 0.08918878455292283
 1.6385605002333698e-06 1.2752136752136753 1 8 1 1 58 1]
[1.0814046236890973 'Conceptual' 1 0.08918878455292283
 1.6385605002333698e-06 0.10256410256410256 1 8 1 2 0 1]
[1.8250662729241351 'Conceptual' 1 0.08918878455292283
 1.6385605002333698e-06 2.5641025641025643 1 8 1 3 1 1]
[0.7494425726266473 'Conceptual' 1 0.08918878455292283
 1.6385605002333698e-06 0.8991452991452991 1 8 1 4 8 1]
[0.008437542326797446 'Conceptual' 1 0.08918878455292283
 1.6385605002333698e-06 0.45470085470085464 1 8 1 5 0 1]
[0.0006428031078371051 'Conceptual' 1 0.08918878455292283
 1.6385605002333698e-06 0.10256410256410256 1 8 1 6 16 1]
[0.0006298016333097749 'Conceptual' 1 0.08918878455292283
 1.6385605002333698e-06 0.10256410256410256 1 8 1 7 0 1]
[0.0006298016333097749 'Conceptual' 1 0.08918878455292283
 1.6385605002333698e-06 0.10256410256410256 1 8 1 8 0 1]
[0.0006298016333097749 'Conceptual' 1 0.08918878455292283
 1.6385605002333698e-06 0.10256410256410256 1 8 1 9 0 1]
[0.0006298016333097749 'Conceptual' 1 0.08918878455292283
 1.6385605002333698e-06 0.10256410256410256 1 8 1 10 0 1]
[0.0006298016333097749 'Conceptual' 1 0.08918878455292283
 1.6385605002333698e-06 0.10256410256410256 1 8 1 11 0 1]
[0.0006298016333097749 'Conceptual' 1 0.08918878455292283
 1.6385605002333698e-06 0.10256410256410256 1 8 1 12 0 1]
[0.0006298016333097749 'Conceptual' 1 0.08918878455292283
 1.6385605002333698e-06 0.10256410256410256 1 8 1 13 0 1]
[0.0006298016333097749 'Conceptual' 1 0.08918878455292283
 1.6385605002333698e-06 0.10256410256410256 1 8 1 14 0 1]
[0.0006298016333097749 'Conceptual' 1 0.08918878455292283
 1.6385605002333698e-06 0.10256410256410256 1 8 1 15 0 1]
[0.0006298016333097749 'Conceptual' 1 0.08918878455292283
 1.6385605002333698e-06 0.10256410256410256 1 8 1 16 0 1]
[0.0006298016333097749 'Conceptual' 1 0.08918878455292283
 1.6385605002333698e-06 0.10256410256410256 1 8 1 17 0 1]
[0.0 'Conceptual' 1 0.08918878455292283 1.6385605002333698e-06 0.0 1 8 2 0
 0 1]
[4.158416846575954 'Conceptual' 1 0.08918878455292283
 1.6385605002333698e-06 1.2752136752136753 1 8 2 1 0 1]
[1.0814046236890973 'Conceptual' 1 0.08918878455292283
 1.6385605002333698e-06 0.10256410256410256 1 8 2 2 0 1]
[1.8250662729241351 'Conceptual' 1 0.08918878455292283
 1.6385605002333698e-06 2.5641025641025643 1 8 2 3 0 1]
[0.7494425726266473 'Conceptual' 1 0.08918878455292283
 1.6385605002333698e-06 0.8991452991452991 1 8 2 4 7 1]
[0.008437542326797446 'Conceptual' 1 0.08918878455292283
 1.6385605002333698e-06 0.45470085470085464 1 8 2 5 63 1]
[0.0006428031078371051 'Conceptual' 1 0.08918878455292283
 1.6385605002333698e-06 0.10256410256410256 1 8 2 6 5 1]
[0.0006298016333097749 'Conceptual' 1 0.08918878455292283
 1.6385605002333698e-06 0.10256410256410256 1 8 2 7 39 1]
[0.0006298016333097749 'Conceptual' 1 0.08918878455292283
 1.6385605002333698e-06 0.10256410256410256 1 8 2 8 7 1]
[0.0006298016333097749 'Conceptual' 1 0.08918878455292283
 1.6385605002333698e-06 0.10256410256410256 1 8 2 9 32 1]
[0.0006298016333097749 'Conceptual' 1 0.08918878455292283
 1.6385605002333698e-06 0.10256410256410256 1 8 2 10 40 1]
[0.0006298016333097749 'Conceptual' 1 0.08918878455292283
 1.6385605002333698e-06 0.10256410256410256 1 8 2 11 48 1]
[0.0006298016333097749 'Conceptual' 1 0.08918878455292283
 1.6385605002333698e-06 0.10256410256410256 1 8 2 12 48 1]
[0.0006298016333097749 'Conceptual' 1 0.08918878455292283
 1.6385605002333698e-06 0.10256410256410256 1 8 2 13 56 1]
[0.0006298016333097749 'Conceptual' 1 0.08918878455292283
 1.6385605002333698e-06 0.10256410256410256 1 8 2 14 56 1]
[0.0006298016333097749 'Conceptual' 1 0.08918878455292283
 1.6385605002333698e-06 0.10256410256410256 1 8 2 15 57 1]
[0.0006298016333097749 'Conceptual' 1 0.08918878455292283
 1.6385605002333698e-06 0.10256410256410256 1 8 2 16 56 1]
[0.0006298016333097749 'Conceptual' 1 0.08918878455292283
 1.6385605002333698e-06 0.10256410256410256 1 8 2 17 56 1]
[0.0 'Conceptual' 1 0.08918878455292283 1.6385605002333698e-06 0.0 1 8 3 0
 56 1]
[4.158416846575954 'Conceptual' 1 0.08918878455292283
 1.6385605002333698e-06 1.2752136752136753 1 8 3 1 56 1]
[1.0814046236890973 'Conceptual' 1 0.08918878455292283
 1.6385605002333698e-06 0.10256410256410256 1 8 3 2 56 1]
[1.8250662729241351 'Conceptual' 1 0.08918878455292283
 1.6385605002333698e-06 2.5641025641025643 1 8 3 3 56 1]
[0.7494425726266473 'Conceptual' 1 0.08918878455292283
 1.6385605002333698e-06 0.8991452991452991 1 8 3 4 56 1]
[0.008437542326797446 'Conceptual' 1 0.08918878455292283
 1.6385605002333698e-06 0.45470085470085464 1 8 3 5 56 1]
[0.0006428031078371051 'Conceptual' 1 0.08918878455292283
 1.6385605002333698e-06 0.10256410256410256 1 8 3 6 32 1]
[0.0006298016333097749 'Conceptual' 1 0.08918878455292283
 1.6385605002333698e-06 0.10256410256410256 1 8 3 7 60 1]
[0.0006298016333097749 'Conceptual' 1 0.08918878455292283
 1.6385605002333698e-06 0.10256410256410256 1 8 3 8 39 1]
[0.0006298016333097749 'Conceptual' 1 0.08918878455292283
 1.6385605002333698e-06 0.10256410256410256 1 8 3 9 5 1]
[0.0006298016333097749 'Conceptual' 1 0.08918878455292283
 1.6385605002333698e-06 0.10256410256410256 1 8 3 10 0 1]
[0.0006298016333097749 'Conceptual' 1 0.08918878455292283
 1.6385605002333698e-06 0.10256410256410256 1 8 3 11 61 1]
[0.0006298016333097749 'Conceptual' 1 0.08918878455292283
 1.6385605002333698e-06 0.10256410256410256 1 8 3 12 62 1]
[0.0006298016333097749 'Conceptual' 1 0.08918878455292283
 1.6385605002333698e-06 0.10256410256410256 1 8 3 13 63 1]
[0.0006298016333097749 'Conceptual' 1 0.08918878455292283
 1.6385605002333698e-06 0.10256410256410256 1 8 3 14 63 1]
[0.0006298016333097749 'Conceptual' 1 0.08918878455292283
 1.6385605002333698e-06 0.10256410256410256 1 8 3 15 63 1]
[0.0006298016333097749 'Conceptual' 1 0.08918878455292283
 1.6385605002333698e-06 0.10256410256410256 1 8 3 16 63 1]
[0.0006298016333097749 'Conceptual' 1 0.08918878455292283
 1.6385605002333698e-06 0.10256410256410256 1 8 3 17 63 1]
[0.0 'Conceptual' 1 0.08918878455292283 1.6385605002333698e-06 0.0 1 8 4 0
 62 1]
[4.158416846575954 'Conceptual' 1 0.08918878455292283
 1.6385605002333698e-06 1.2752136752136753 1 8 4 1 63 1]
[1.0814046236890973 'Conceptual' 1 0.08918878455292283
 1.6385605002333698e-06 0.10256410256410256 1 8 4 2 63 1]
[1.8250662729241351 'Conceptual' 1 0.08918878455292283
 1.6385605002333698e-06 2.5641025641025643 1 8 4 3 63 1]
[0.7494425726266473 'Conceptual' 1 0.08918878455292283
 1.6385605002333698e-06 0.8991452991452991 1 8 4 4 63 1]
[0.008437542326797446 'Conceptual' 1 0.08918878455292283
 1.6385605002333698e-06 0.45470085470085464 1 8 4 5 63 1]
[0.0006428031078371051 'Conceptual' 1 0.08918878455292283
 1.6385605002333698e-06 0.10256410256410256 1 8 4 6 63 1]
[0.0006298016333097749 'Conceptual' 1 0.08918878455292283
 1.6385605002333698e-06 0.10256410256410256 1 8 4 7 63 1]
[0.0006298016333097749 'Conceptual' 1 0.08918878455292283
 1.6385605002333698e-06 0.10256410256410256 1 8 4 8 63 1]
[0.0006298016333097749 'Conceptual' 1 0.08918878455292283
 1.6385605002333698e-06 0.10256410256410256 1 8 4 9 7 1]
[0.0006298016333097749 'Conceptual' 1 0.08918878455292283
 1.6385605002333698e-06 0.10256410256410256 1 8 4 10 56 1]
[0.0006298016333097749 'Conceptual' 1 0.08918878455292283
 1.6385605002333698e-06 0.10256410256410256 1 8 4 11 0 1]
[0.0006298016333097749 'Conceptual' 1 0.08918878455292283
 1.6385605002333698e-06 0.10256410256410256 1 8 4 12 40 1]
[0.0006298016333097749 'Conceptual' 1 0.08918878455292283
 1.6385605002333698e-06 0.10256410256410256 1 8 4 13 23 1]
[0.0006298016333097749 'Conceptual' 1 0.08918878455292283
 1.6385605002333698e-06 0.10256410256410256 1 8 4 14 31 1]
[0.0006298016333097749 'Conceptual' 1 0.08918878455292283
 1.6385605002333698e-06 0.10256410256410256 1 8 4 15 5 1]
[0.0006298016333097749 'Conceptual' 1 0.08918878455292283
 1.6385605002333698e-06 0.10256410256410256 1 8 4 16 6 1]
[0.0006298016333097749 'Conceptual' 1 0.08918878455292283
 1.6385605002333698e-06 0.10256410256410256 1 8 4 17 4 1]
[0.0 'Conceptual' 1 0.08918878455292283 1.6385605002333698e-06 0.0 1 8 5 0
 3 1]
[4.158416846575954 'Conceptual' 1 0.08918878455292283
 1.6385605002333698e-06 1.2752136752136753 1 8 5 1 4 1]
[1.0814046236890973 'Conceptual' 1 0.08918878455292283
 1.6385605002333698e-06 0.10256410256410256 1 8 5 2 5 1]
[1.8250662729241351 'Conceptual' 1 0.08918878455292283
 1.6385605002333698e-06 2.5641025641025643 1 8 5 3 6 1]
[0.7494425726266473 'Conceptual' 1 0.08918878455292283
 1.6385605002333698e-06 0.8991452991452991 1 8 5 4 5 1]
[0.008437542326797446 'Conceptual' 1 0.08918878455292283
 1.6385605002333698e-06 0.45470085470085464 1 8 5 5 5 1]
[0.0006428031078371051 'Conceptual' 1 0.08918878455292283
 1.6385605002333698e-06 0.10256410256410256 1 8 5 6 5 1]
[0.0006298016333097749 'Conceptual' 1 0.08918878455292283
 1.6385605002333698e-06 0.10256410256410256 1 8 5 7 5 1]
[0.0006298016333097749 'Conceptual' 1 0.08918878455292283
 1.6385605002333698e-06 0.10256410256410256 1 8 5 8 5 1]
[0.0006298016333097749 'Conceptual' 1 0.08918878455292283
 1.6385605002333698e-06 0.10256410256410256 1 8 5 9 5 1]
[0.0006298016333097749 'Conceptual' 1 0.08918878455292283
 1.6385605002333698e-06 0.10256410256410256 1 8 5 10 28 1]
[0.0006298016333097749 'Conceptual' 1 0.08918878455292283
 1.6385605002333698e-06 0.10256410256410256 1 8 5 11 20 1]
[0.0006298016333097749 'Conceptual' 1 0.08918878455292283
 1.6385605002333698e-06 0.10256410256410256 1 8 5 12 21 1]
[0.0006298016333097749 'Conceptual' 1 0.08918878455292283
 1.6385605002333698e-06 0.10256410256410256 1 8 5 13 29 1]
[0.0006298016333097749 'Conceptual' 1 0.08918878455292283
 1.6385605002333698e-06 0.10256410256410256 1 8 5 14 28 1]
[0.0006298016333097749 'Conceptual' 1 0.08918878455292283
 1.6385605002333698e-06 0.10256410256410256 1 8 5 15 28 1]
[0.0006298016333097749 'Conceptual' 1 0.08918878455292283
 1.6385605002333698e-06 0.10256410256410256 1 8 5 16 28 1]
[0.0006298016333097749 'Conceptual' 1 0.08918878455292283
 1.6385605002333698e-06 0.10256410256410256 1 8 5 17 28 1]
[0.0 'Conceptual' 1 0.08918878455292283 1.6385605002333698e-06 0.0 1 8 6 0
 28 1]
[4.158416846575954 'Conceptual' 1 0.08918878455292283
 1.6385605002333698e-06 1.2752136752136753 1 8 6 1 28 1]
[1.0814046236890973 'Conceptual' 1 0.08918878455292283
 1.6385605002333698e-06 0.10256410256410256 1 8 6 2 29 1]
[1.8250662729241351 'Conceptual' 1 0.08918878455292283
 1.6385605002333698e-06 2.5641025641025643 1 8 6 3 28 1]
[0.7494425726266473 'Conceptual' 1 0.08918878455292283
 1.6385605002333698e-06 0.8991452991452991 1 8 6 4 27 1]
[0.008437542326797446 'Conceptual' 1 0.08918878455292283
 1.6385605002333698e-06 0.45470085470085464 1 8 6 5 26 1]
[0.0006428031078371051 'Conceptual' 1 0.08918878455292283
 1.6385605002333698e-06 0.10256410256410256 1 8 6 6 27 1]
[0.0006298016333097749 'Conceptual' 1 0.08918878455292283
 1.6385605002333698e-06 0.10256410256410256 1 8 6 7 27 1]
[0.0006298016333097749 'Conceptual' 1 0.08918878455292283
 1.6385605002333698e-06 0.10256410256410256 1 8 6 8 28 1]
[0.0006298016333097749 'Conceptual' 1 0.08918878455292283
 1.6385605002333698e-06 0.10256410256410256 1 8 6 9 27 1]
[0.0006298016333097749 'Conceptual' 1 0.08918878455292283
 1.6385605002333698e-06 0.10256410256410256 1 8 6 10 27 1]
[0.0006298016333097749 'Conceptual' 1 0.08918878455292283
 1.6385605002333698e-06 0.10256410256410256 1 8 6 11 26 1]
[0.0006298016333097749 'Conceptual' 1 0.08918878455292283
 1.6385605002333698e-06 0.10256410256410256 1 8 6 12 44 1]
[0.0006298016333097749 'Conceptual' 1 0.08918878455292283
 1.6385605002333698e-06 0.10256410256410256 1 8 6 13 11 1]
[0.0006298016333097749 'Conceptual' 1 0.08918878455292283
 1.6385605002333698e-06 0.10256410256410256 1 8 6 14 1 1]
[0.0006298016333097749 'Conceptual' 1 0.08918878455292283
 1.6385605002333698e-06 0.10256410256410256 1 8 6 15 1 1]
[0.0006298016333097749 'Conceptual' 1 0.08918878455292283
 1.6385605002333698e-06 0.10256410256410256 1 8 6 16 0 1]
[0.0006298016333097749 'Conceptual' 1 0.08918878455292283
 1.6385605002333698e-06 0.10256410256410256 1 8 6 17 1 1]
[0.0 'Conceptual' 1 0.08918878455292283 1.6385605002333698e-06 0.0 1 8 7 0
 1 1]
[4.158416846575954 'Conceptual' 1 0.08918878455292283
 1.6385605002333698e-06 1.2752136752136753 1 8 7 1 1 1]
[1.0814046236890973 'Conceptual' 1 0.08918878455292283
 1.6385605002333698e-06 0.10256410256410256 1 8 7 2 1 1]
[1.8250662729241351 'Conceptual' 1 0.08918878455292283
 1.6385605002333698e-06 2.5641025641025643 1 8 7 3 1 1]
[0.7494425726266473 'Conceptual' 1 0.08918878455292283
 1.6385605002333698e-06 0.8991452991452991 1 8 7 4 1 1]
[0.008437542326797446 'Conceptual' 1 0.08918878455292283
 1.6385605002333698e-06 0.45470085470085464 1 8 7 5 1 1]
[0.0006428031078371051 'Conceptual' 1 0.08918878455292283
 1.6385605002333698e-06 0.10256410256410256 1 8 7 6 1 1]
[0.0006298016333097749 'Conceptual' 1 0.08918878455292283
 1.6385605002333698e-06 0.10256410256410256 1 8 7 7 1 1]
[0.0006298016333097749 'Conceptual' 1 0.08918878455292283
 1.6385605002333698e-06 0.10256410256410256 1 8 7 8 1 1]
[0.0006298016333097749 'Conceptual' 1 0.08918878455292283
 1.6385605002333698e-06 0.10256410256410256 1 8 7 9 1 1]
[0.0006298016333097749 'Conceptual' 1 0.08918878455292283
 1.6385605002333698e-06 0.10256410256410256 1 8 7 10 1 1]
[0.0006298016333097749 'Conceptual' 1 0.08918878455292283
 1.6385605002333698e-06 0.10256410256410256 1 8 7 11 1 1]
[0.0006298016333097749 'Conceptual' 1 0.08918878455292283
 1.6385605002333698e-06 0.10256410256410256 1 8 7 12 1 1]
[0.0006298016333097749 'Conceptual' 1 0.08918878455292283
 1.6385605002333698e-06 0.10256410256410256 1 8 7 13 1 1]
[0.0006298016333097749 'Conceptual' 1 0.08918878455292283
 1.6385605002333698e-06 0.10256410256410256 1 8 7 14 63 1]
[0.0006298016333097749 'Conceptual' 1 0.08918878455292283
 1.6385605002333698e-06 0.10256410256410256 1 8 7 15 56 1]
[0.0006298016333097749 'Conceptual' 1 0.08918878455292283
 1.6385605002333698e-06 0.10256410256410256 1 8 7 16 7 1]
[0.0006298016333097749 'Conceptual' 1 0.08918878455292283
 1.6385605002333698e-06 0.10256410256410256 1 8 7 17 6 1]
