[0.0 'Spatial' 1 0.14738752414509299 0.13102101229098015 0.0 46 2 0 0 0 1]
[4.001601020450263 'Spatial' 1 0.14738752414509299 0.13102101229098015
 4.102564102564102 46 2 0 1 7 1]
[3.0217633909987818 'Spatial' 1 0.14738752414509299 0.13102101229098015
 1.5384615384615385 46 2 0 2 15 1]
[2.1358772249301854 'Spatial' 1 0.14738752414509299 0.13102101229098015
 2.335042735042735 46 2 0 3 14 1]
[3.142767367208552 'Spatial' 1 0.14738752414509299 0.13102101229098015
 4.102564102564102 46 2 0 4 21 1]
[0.39418732807495366 'Spatial' 1 0.14738752414509299 0.13102101229098015
 1.1726495726495727 46 2 0 5 14 1]
[2.7061824766052216 'Spatial' 1 0.14738752414509299 0.13102101229098015
 4.102564102564102 46 2 0 6 7 1]
[2.132070124030794 'Spatial' 1 0.14738752414509299 0.13102101229098015
 3.5316239316239315 46 2 0 7 6 1]
[0.06604925392959492 'Spatial' 1 0.14738752414509299 0.13102101229098015
 0.7965811965811965 46 2 0 8 14 1]
[0.0028434887189205476 'Spatial' 1 0.14738752414509299 0.13102101229098015
 0.5572649572649572 46 2 0 9 14 1]
[0.0006652447092038923 'Spatial' 1 0.14738752414509299 0.13102101229098015
 0.5128205128205128 46 2 0 10 14 1]
[0.0006298016333102192 'Spatial' 1 0.14738752414509299 0.13102101229098015
 0.10256410256410256 46 2 0 11 14 1]
[0.0006298016333102192 'Spatial' 1 0.14738752414509299 0.13102101229098015
 0.10256410256410256 46 2 0 12 14 1]
[0.0006298016333102192 'Spatial' 1 0.14738752414509299 0.13102101229098015
 0.10256410256410256 46 2 0 13 14 1]
[0.0006298016333102192 'Spatial' 1 0.14738752414509299 0.13102101229098015
 0.10256410256410256 46 2 0 14 14 1]
[0.0006298016333102192 'Spatial' 1 0.14738752414509299 0.13102101229098015
 0.10256410256410256 46 2 0 15 14 1]
[0.0006298016333102192 'Spatial' 1 0.14738752414509299 0.13102101229098015
 0.10256410256410256 46 2 0 16 14 1]
[0.0006298016333102192 'Spatial' 1 0.14738752414509299 0.13102101229098015
 0.10256410256410256 46 2 0 17 14 1]
[0.0 'Spatial' 1 0.14738752414509299 0.13102101229098015 0.0 46 2 1 0 14 1]
[4.001601020450263 'Spatial' 1 0.14738752414509299 0.13102101229098015
 4.102564102564102 46 2 1 1 14 1]
[3.0217633909987818 'Spatial' 1 0.14738752414509299 0.13102101229098015
 1.5384615384615385 46 2 1 2 63 1]
[2.1358772249301854 'Spatial' 1 0.14738752414509299 0.13102101229098015
 2.335042735042735 46 2 1 3 56 1]
[3.142767367208552 'Spatial' 1 0.14738752414509299 0.13102101229098015
 4.102564102564102 46 2 1 4 7 1]
[0.39418732807495366 'Spatial' 1 0.14738752414509299 0.13102101229098015
 1.1726495726495727 46 2 1 5 14 1]
[2.7061824766052216 'Spatial' 1 0.14738752414509299 0.13102101229098015
 4.102564102564102 46 2 1 6 21 1]
[2.132070124030794 'Spatial' 1 0.14738752414509299 0.13102101229098015
 3.5316239316239315 46 2 1 7 12 1]
[0.06604925392959492 'Spatial' 1 0.14738752414509299 0.13102101229098015
 0.7965811965811965 46 2 1 8 0 1]
[0.0028434887189205476 'Spatial' 1 0.14738752414509299 0.13102101229098015
 0.5572649572649572 46 2 1 9 6 1]
[0.0006652447092038923 'Spatial' 1 0.14738752414509299 0.13102101229098015
 0.5128205128205128 46 2 1 10 4 1]
[0.0006298016333102192 'Spatial' 1 0.14738752414509299 0.13102101229098015
 0.10256410256410256 46 2 1 11 7 1]
[0.0006298016333102192 'Spatial' 1 0.14738752414509299 0.13102101229098015
 0.10256410256410256 46 2 1 12 7 1]
[0.0006298016333102192 'Spatial' 1 0.14738752414509299 0.13102101229098015
 0.10256410256410256 46 2 1 13 15 1]
[0.0006298016333102192 'Spatial' 1 0.14738752414509299 0.13102101229098015
 0.10256410256410256 46 2 1 14 15 1]
[0.0006298016333102192 'Spatial' 1 0.14738752414509299 0.13102101229098015
 0.10256410256410256 46 2 1 15 23 1]
[0.0006298016333102192 'Spatial' 1 0.14738752414509299 0.13102101229098015
 0.10256410256410256 46 2 1 16 22 1]
[0.0006298016333102192 'Spatial' 1 0.14738752414509299 0.13102101229098015
 0.10256410256410256 46 2 1 17 15 1]
[0.0 'Spatial' 1 0.14738752414509299 0.13102101229098015 0.0 46 2 3 0 23 1]
[4.001601020450263 'Spatial' 1 0.14738752414509299 0.13102101229098015
 4.102564102564102 46 2 3 1 31 1]
[3.0217633909987818 'Spatial' 1 0.14738752414509299 0.13102101229098015
 1.5384615384615385 46 2 3 2 15 1]
[2.1358772249301854 'Spatial' 1 0.14738752414509299 0.13102101229098015
 2.335042735042735 46 2 3 3 15 1]
[3.142767367208552 'Spatial' 1 0.14738752414509299 0.13102101229098015
 4.102564102564102 46 2 3 4 31 1]
[0.39418732807495366 'Spatial' 1 0.14738752414509299 0.13102101229098015
 1.1726495726495727 46 2 3 5 16 1]
[2.7061824766052216 'Spatial' 1 0.14738752414509299 0.13102101229098015
 4.102564102564102 46 2 3 6 16 1]
[2.132070124030794 'Spatial' 1 0.14738752414509299 0.13102101229098015
 3.5316239316239315 46 2 3 7 16 1]
[0.06604925392959492 'Spatial' 1 0.14738752414509299 0.13102101229098015
 0.7965811965811965 46 2 3 8 16 1]
[0.0028434887189205476 'Spatial' 1 0.14738752414509299 0.13102101229098015
 0.5572649572649572 46 2 3 9 16 1]
[0.0006652447092038923 'Spatial' 1 0.14738752414509299 0.13102101229098015
 0.5128205128205128 46 2 3 10 16 1]
[0.0006298016333102192 'Spatial' 1 0.14738752414509299 0.13102101229098015
 0.10256410256410256 46 2 3 11 16 1]
[0.0006298016333102192 'Spatial' 1 0.14738752414509299 0.13102101229098015
 0.10256410256410256 46 2 3 12 16 1]
[0.0006298016333102192 'Spatial' 1 0.14738752414509299 0.13102101229098015
 0.10256410256410256 46 2 3 13 16 1]
[0.0006298016333102192 'Spatial' 1 0.14738752414509299 0.13102101229098015
 0.10256410256410256 46 2 3 14 16 1]
[0.0006298016333102192 'Spatial' 1 0.14738752414509299 0.13102101229098015
 0.10256410256410256 46 2 3 15 16 1]
[0.0006298016333102192 'Spatial' 1 0.14738752414509299 0.13102101229098015
 0.10256410256410256 46 2 3 16 16 1]
[0.0006298016333102192 'Spatial' 1 0.14738752414509299 0.13102101229098015
 0.10256410256410256 46 2 3 17 24 1]
[0.0 'Spatial' 1 0.14738752414509299 0.13102101229098015 0.0 46 2 4 0 16 1]
[4.001601020450263 'Spatial' 1 0.14738752414509299 0.13102101229098015
 4.102564102564102 46 2 4 1 16 1]
[3.0217633909987818 'Spatial' 1 0.14738752414509299 0.13102101229098015
 1.5384615384615385 46 2 4 2 8 1]
[2.1358772249301854 'Spatial' 1 0.14738752414509299 0.13102101229098015
 2.335042735042735 46 2 4 3 16 1]
[3.142767367208552 'Spatial' 1 0.14738752414509299 0.13102101229098015
 4.102564102564102 46 2 4 4 16 1]
[0.39418732807495366 'Spatial' 1 0.14738752414509299 0.13102101229098015
 1.1726495726495727 46 2 4 5 16 1]
[2.7061824766052216 'Spatial' 1 0.14738752414509299 0.13102101229098015
 4.102564102564102 46 2 4 6 16 1]
[2.132070124030794 'Spatial' 1 0.14738752414509299 0.13102101229098015
 3.5316239316239315 46 2 4 7 8 1]
[0.06604925392959492 'Spatial' 1 0.14738752414509299 0.13102101229098015
 0.7965811965811965 46 2 4 8 32 1]
[0.0028434887189205476 'Spatial' 1 0.14738752414509299 0.13102101229098015
 0.5572649572649572 46 2 4 9 17 1]
[0.0006652447092038923 'Spatial' 1 0.14738752414509299 0.13102101229098015
 0.5128205128205128 46 2 4 10 25 1]
[0.0006298016333102192 'Spatial' 1 0.14738752414509299 0.13102101229098015
 0.10256410256410256 46 2 4 11 10 1]
[0.0006298016333102192 'Spatial' 1 0.14738752414509299 0.13102101229098015
 0.10256410256410256 46 2 4 12 8 1]
[0.0006298016333102192 'Spatial' 1 0.14738752414509299 0.13102101229098015
 0.10256410256410256 46 2 4 13 0 1]
[0.0006298016333102192 'Spatial' 1 0.14738752414509299 0.13102101229098015
 0.10256410256410256 46 2 4 14 8 1]
[0.0006298016333102192 'Spatial' 1 0.14738752414509299 0.13102101229098015
 0.10256410256410256 46 2 4 15 8 1]
[0.0006298016333102192 'Spatial' 1 0.14738752414509299 0.13102101229098015
 0.10256410256410256 46 2 4 16 16 1]
[0.0006298016333102192 'Spatial' 1 0.14738752414509299 0.13102101229098015
 0.10256410256410256 46 2 4 17 8 1]
[0.0 'Spatial' 1 0.14738752414509299 0.13102101229098015 0.0 46 2 5 0 8 1]
[4.001601020450263 'Spatial' 1 0.14738752414509299 0.13102101229098015
 4.102564102564102 46 2 5 1 0 1]
[3.0217633909987818 'Spatial' 1 0.14738752414509299 0.13102101229098015
 1.5384615384615385 46 2 5 2 8 1]
[2.1358772249301854 'Spatial' 1 0.14738752414509299 0.13102101229098015
 2.335042735042735 46 2 5 3 8 1]
[3.142767367208552 'Spatial' 1 0.14738752414509299 0.13102101229098015
 4.102564102564102 46 2 5 4 0 1]
[0.39418732807495366 'Spatial' 1 0.14738752414509299 0.13102101229098015
 1.1726495726495727 46 2 5 5 8 1]
[2.7061824766052216 'Spatial' 1 0.14738752414509299 0.13102101229098015
 4.102564102564102 46 2 5 6 16 1]
[2.132070124030794 'Spatial' 1 0.14738752414509299 0.13102101229098015
 3.5316239316239315 46 2 5 7 8 1]
[0.06604925392959492 'Spatial' 1 0.14738752414509299 0.13102101229098015
 0.7965811965811965 46 2 5 8 4 1]
[0.0028434887189205476 'Spatial' 1 0.14738752414509299 0.13102101229098015
 0.5572649572649572 46 2 5 9 59 1]
[0.0006652447092038923 'Spatial' 1 0.14738752414509299 0.13102101229098015
 0.5128205128205128 46 2 5 10 48 1]
[0.0006298016333102192 'Spatial' 1 0.14738752414509299 0.13102101229098015
 0.10256410256410256 46 2 5 11 0 1]
[0.0006298016333102192 'Spatial' 1 0.14738752414509299 0.13102101229098015
 0.10256410256410256 46 2 5 12 63 1]
[0.0006298016333102192 'Spatial' 1 0.14738752414509299 0.13102101229098015
 0.10256410256410256 46 2 5 13 63 1]
[0.0006298016333102192 'Spatial' 1 0.14738752414509299 0.13102101229098015
 0.10256410256410256 46 2 5 14 63 1]
[0.0006298016333102192 'Spatial' 1 0.14738752414509299 0.13102101229098015
 0.10256410256410256 46 2 5 15 63 1]
[0.0006298016333102192 'Spatial' 1 0.14738752414509299 0.13102101229098015
 0.10256410256410256 46 2 5 16 63 1]
[0.0006298016333102192 'Spatial' 1 0.14738752414509299 0.13102101229098015
 0.10256410256410256 46 2 5 17 63 1]
[0.0 'Spatial' 1 0.14738752414509299 0.13102101229098015 0.0 46 2 6 0 63 1]
[4.001601020450263 'Spatial' 1 0.14738752414509299 0.13102101229098015
 4.102564102564102 46 2 6 1 63 1]
[3.0217633909987818 'Spatial' 1 0.14738752414509299 0.13102101229098015
 1.5384615384615385 46 2 6 2 54 1]
[2.1358772249301854 'Spatial' 1 0.14738752414509299 0.13102101229098015
 2.335042735042735 46 2 6 3 63 1]
[3.142767367208552 'Spatial' 1 0.14738752414509299 0.13102101229098015
 4.102564102564102 46 2 6 4 63 1]
[0.39418732807495366 'Spatial' 1 0.14738752414509299 0.13102101229098015
 1.1726495726495727 46 2 6 5 63 1]
[2.7061824766052216 'Spatial' 1 0.14738752414509299 0.13102101229098015
 4.102564102564102 46 2 6 6 63 1]
[2.132070124030794 'Spatial' 1 0.14738752414509299 0.13102101229098015
 3.5316239316239315 46 2 6 7 63 1]
[0.06604925392959492 'Spatial' 1 0.14738752414509299 0.13102101229098015
 0.7965811965811965 46 2 6 8 63 1]
[0.0028434887189205476 'Spatial' 1 0.14738752414509299 0.13102101229098015
 0.5572649572649572 46 2 6 9 63 1]
[0.0006652447092038923 'Spatial' 1 0.14738752414509299 0.13102101229098015
 0.5128205128205128 46 2 6 10 63 1]
[0.0006298016333102192 'Spatial' 1 0.14738752414509299 0.13102101229098015
 0.10256410256410256 46 2 6 11 7 1]
[0.0006298016333102192 'Spatial' 1 0.14738752414509299 0.13102101229098015
 0.10256410256410256 46 2 6 12 0 1]
[0.0006298016333102192 'Spatial' 1 0.14738752414509299 0.13102101229098015
 0.10256410256410256 46 2 6 13 56 1]
[0.0006298016333102192 'Spatial' 1 0.14738752414509299 0.13102101229098015
 0.10256410256410256 46 2 6 14 36 1]
[0.0006298016333102192 'Spatial' 1 0.14738752414509299 0.13102101229098015
 0.10256410256410256 46 2 6 15 26 1]
[0.0006298016333102192 'Spatial' 1 0.14738752414509299 0.13102101229098015
 0.10256410256410256 46 2 6 16 20 1]
[0.0006298016333102192 'Spatial' 1 0.14738752414509299 0.13102101229098015
 0.10256410256410256 46 2 6 17 20 1]
[0.0 'Spatial' 1 0.14738752414509299 0.13102101229098015 0.0 46 2 7 0 3 1]
[4.001601020450263 'Spatial' 1 0.14738752414509299 0.13102101229098015
 4.102564102564102 46 2 7 1 4 1]
[3.0217633909987818 'Spatial' 1 0.14738752414509299 0.13102101229098015
 1.5384615384615385 46 2 7 2 2 1]
[2.1358772249301854 'Spatial' 1 0.14738752414509299 0.13102101229098015
 2.335042735042735 46 2 7 3 4 1]
[3.142767367208552 'Spatial' 1 0.14738752414509299 0.13102101229098015
 4.102564102564102 46 2 7 4 4 1]
[0.39418732807495366 'Spatial' 1 0.14738752414509299 0.13102101229098015
 1.1726495726495727 46 2 7 5 5 1]
[2.7061824766052216 'Spatial' 1 0.14738752414509299 0.13102101229098015
 4.102564102564102 46 2 7 6 3 1]
[2.132070124030794 'Spatial' 1 0.14738752414509299 0.13102101229098015
 3.5316239316239315 46 2 7 7 4 1]
[0.06604925392959492 'Spatial' 1 0.14738752414509299 0.13102101229098015
 0.7965811965811965 46 2 7 8 5 1]
[0.0028434887189205476 'Spatial' 1 0.14738752414509299 0.13102101229098015
 0.5572649572649572 46 2 7 9 5 1]
[0.0006652447092038923 'Spatial' 1 0.14738752414509299 0.13102101229098015
 0.5128205128205128 46 2 7 10 4 1]
[0.0006298016333102192 'Spatial' 1 0.14738752414509299 0.13102101229098015
 0.10256410256410256 46 2 7 11 4 1]
[0.0006298016333102192 'Spatial' 1 0.14738752414509299 0.13102101229098015
 0.10256410256410256 46 2 7 12 4 1]
[0.0006298016333102192 'Spatial' 1 0.14738752414509299 0.13102101229098015
 0.10256410256410256 46 2 7 13 61 1]
[0.0006298016333102192 'Spatial' 1 0.14738752414509299 0.13102101229098015
 0.10256410256410256 46 2 7 14 7 1]
[0.0006298016333102192 'Spatial' 1 0.14738752414509299 0.13102101229098015
 0.10256410256410256 46 2 7 15 0 1]
[0.0006298016333102192 'Spatial' 1 0.14738752414509299 0.13102101229098015
 0.10256410256410256 46 2 7 16 56 1]
[0.0006298016333102192 'Spatial' 1 0.14738752414509299 0.13102101229098015
 0.10256410256410256 46 2 7 17 60 1]
[0.0 'Spatial' 1 0.14738752414509299 0.13102101229098015 0.0 46 2 8 0 37 1]
[4.001601020450263 'Spatial' 1 0.14738752414509299 0.13102101229098015
 4.102564102564102 46 2 8 1 34 1]
[3.0217633909987818 'Spatial' 1 0.14738752414509299 0.13102101229098015
 1.5384615384615385 46 2 8 2 12 1]
[2.1358772249301854 'Spatial' 1 0.14738752414509299 0.13102101229098015
 2.335042735042735 46 2 8 3 7 1]
[3.142767367208552 'Spatial' 1 0.14738752414509299 0.13102101229098015
 4.102564102564102 46 2 8 4 61 1]
[0.39418732807495366 'Spatial' 1 0.14738752414509299 0.13102101229098015
 1.1726495726495727 46 2 8 5 62 1]
[2.7061824766052216 'Spatial' 1 0.14738752414509299 0.13102101229098015
 4.102564102564102 46 2 8 6 63 1]
[2.132070124030794 'Spatial' 1 0.14738752414509299 0.13102101229098015
 3.5316239316239315 46 2 8 7 63 1]
[0.06604925392959492 'Spatial' 1 0.14738752414509299 0.13102101229098015
 0.7965811965811965 46 2 8 8 63 1]
[0.0028434887189205476 'Spatial' 1 0.14738752414509299 0.13102101229098015
 0.5572649572649572 46 2 8 9 63 1]
[0.0006652447092038923 'Spatial' 1 0.14738752414509299 0.13102101229098015
 0.5128205128205128 46 2 8 10 63 1]
[0.0006298016333102192 'Spatial' 1 0.14738752414509299 0.13102101229098015
 0.10256410256410256 46 2 8 11 63 1]
[0.0006298016333102192 'Spatial' 1 0.14738752414509299 0.13102101229098015
 0.10256410256410256 46 2 8 12 63 1]
[0.0006298016333102192 'Spatial' 1 0.14738752414509299 0.13102101229098015
 0.10256410256410256 46 2 8 13 63 1]
[0.0006298016333102192 'Spatial' 1 0.14738752414509299 0.13102101229098015
 0.10256410256410256 46 2 8 14 0 1]
[0.0006298016333102192 'Spatial' 1 0.14738752414509299 0.13102101229098015
 0.10256410256410256 46 2 8 15 63 1]
[0.0006298016333102192 'Spatial' 1 0.14738752414509299 0.13102101229098015
 0.10256410256410256 46 2 8 16 63 1]
[0.0006298016333102192 'Spatial' 1 0.14738752414509299 0.13102101229098015
 0.10256410256410256 46 2 8 17 63 1]
