[0.0 'Conceptual' 1 0.24734905242502225 0.7179954909357341 0.0 52 3 0 0 54
 1]
[3.998578663757001 'Conceptual' 1 0.24734905242502225 0.7179954909357341
 2.198290598290598 52 3 0 1 51 1]
[4.311584094036714 'Conceptual' 1 0.24734905242502225 0.7179954909357341
 4.102564102564102 52 3 0 2 4 1]
[3.5447847994190322 'Conceptual' 1 0.24734905242502225 0.7179954909357341
 4.102564102564102 52 3 0 3 56 1]
[2.9570371276280607 'Conceptual' 1 0.24734905242502225 0.7179954909357341
 4.102564102564102 52 3 0 4 43 1]
[2.9299983058518375 'Conceptual' 1 0.24734905242502225 0.7179954909357341
 3.9760683760683757 52 3 0 5 60 1]
[2.5206185792882616 'Conceptual' 1 0.24734905242502225 0.7179954909357341
 3.3846153846153846 52 3 0 6 58 1]
[4.109569221492774 'Conceptual' 1 0.24734905242502225 0.7179954909357341
 0.6940170940170939 52 3 0 7 60 1]
[2.1561043551857666 'Conceptual' 1 0.24734905242502225 0.7179954909357341
 3.076923076923077 52 3 0 8 62 1]
[1.7745478732637745 'Conceptual' 1 0.24734905242502225 0.7179954909357341
 0.8649572649572649 52 3 0 9 63 1]
[0.9661803648783373 'Conceptual' 1 0.24734905242502225 0.7179954909357341
 0.7623931623931623 52 3 0 10 60 1]
[0.46336179569800734 'Conceptual' 1 0.24734905242502225 0.7179954909357341
 0.6940170940170939 52 3 0 11 60 1]
[0.20553085040656172 'Conceptual' 1 0.24734905242502225 0.7179954909357341
 0.6598290598290598 52 3 0 12 59 1]
[0.08925579688293078 'Conceptual' 1 0.24734905242502225 0.7179954909357341
 0.6153846153846153 52 3 0 13 58 1]
[0.03891217504650622 'Conceptual' 1 0.24734905242502225 0.7179954909357341
 0.6153846153846153 52 3 0 14 60 1]
[0.017310719270945588 'Conceptual' 1 0.24734905242502225
 0.7179954909357341 0.5914529914529914 52 3 0 15 32 1]
[0.007907829839637392 'Conceptual' 1 0.24734905242502225
 0.7179954909357341 0.5914529914529914 52 3 0 16 3 1]
[0.0036722561970712487 'Conceptual' 1 0.24734905242502225
 0.7179954909357341 0.5572649572649572 52 3 0 17 57 1]
[0.0 'Conceptual' 1 0.24734905242502225 0.7179954909357341 0.0 52 3 1 0 59
 1]
[3.998578663757001 'Conceptual' 1 0.24734905242502225 0.7179954909357341
 2.198290598290598 52 3 1 1 60 1]
[4.311584094036714 'Conceptual' 1 0.24734905242502225 0.7179954909357341
 4.102564102564102 52 3 1 2 15 1]
[3.5447847994190322 'Conceptual' 1 0.24734905242502225 0.7179954909357341
 4.102564102564102 52 3 1 3 2 1]
[2.9570371276280607 'Conceptual' 1 0.24734905242502225 0.7179954909357341
 4.102564102564102 52 3 1 4 39 1]
[2.9299983058518375 'Conceptual' 1 0.24734905242502225 0.7179954909357341
 3.9760683760683757 52 3 1 5 63 1]
[2.5206185792882616 'Conceptual' 1 0.24734905242502225 0.7179954909357341
 3.3846153846153846 52 3 1 6 62 1]
[4.109569221492774 'Conceptual' 1 0.24734905242502225 0.7179954909357341
 0.6940170940170939 52 3 1 7 60 1]
[2.1561043551857666 'Conceptual' 1 0.24734905242502225 0.7179954909357341
 3.076923076923077 52 3 1 8 61 1]
[1.7745478732637745 'Conceptual' 1 0.24734905242502225 0.7179954909357341
 0.8649572649572649 52 3 1 9 62 1]
[0.9661803648783373 'Conceptual' 1 0.24734905242502225 0.7179954909357341
 0.7623931623931623 52 3 1 10 62 1]
[0.46336179569800734 'Conceptual' 1 0.24734905242502225 0.7179954909357341
 0.6940170940170939 52 3 1 11 62 1]
[0.20553085040656172 'Conceptual' 1 0.24734905242502225 0.7179954909357341
 0.6598290598290598 52 3 1 12 62 1]
[0.08925579688293078 'Conceptual' 1 0.24734905242502225 0.7179954909357341
 0.6153846153846153 52 3 1 13 62 1]
[0.03891217504650622 'Conceptual' 1 0.24734905242502225 0.7179954909357341
 0.6153846153846153 52 3 1 14 62 1]
[0.017310719270945588 'Conceptual' 1 0.24734905242502225
 0.7179954909357341 0.5914529914529914 52 3 1 15 62 1]
[0.007907829839637392 'Conceptual' 1 0.24734905242502225
 0.7179954909357341 0.5914529914529914 52 3 1 16 62 1]
[0.0036722561970712487 'Conceptual' 1 0.24734905242502225
 0.7179954909357341 0.5572649572649572 52 3 1 17 62 1]
[0.0 'Conceptual' 1 0.24734905242502225 0.7179954909357341 0.0 52 3 2 0 62
 1]
[3.998578663757001 'Conceptual' 1 0.24734905242502225 0.7179954909357341
 2.198290598290598 52 3 2 1 62 1]
[4.311584094036714 'Conceptual' 1 0.24734905242502225 0.7179954909357341
 4.102564102564102 52 3 2 2 62 1]
[3.5447847994190322 'Conceptual' 1 0.24734905242502225 0.7179954909357341
 4.102564102564102 52 3 2 3 62 1]
[2.9570371276280607 'Conceptual' 1 0.24734905242502225 0.7179954909357341
 4.102564102564102 52 3 2 4 5 1]
[2.9299983058518375 'Conceptual' 1 0.24734905242502225 0.7179954909357341
 3.9760683760683757 52 3 2 5 1 1]
[2.5206185792882616 'Conceptual' 1 0.24734905242502225 0.7179954909357341
 3.3846153846153846 52 3 2 6 62 1]
[4.109569221492774 'Conceptual' 1 0.24734905242502225 0.7179954909357341
 0.6940170940170939 52 3 2 7 57 1]
[2.1561043551857666 'Conceptual' 1 0.24734905242502225 0.7179954909357341
 3.076923076923077 52 3 2 8 31 1]
[1.7745478732637745 'Conceptual' 1 0.24734905242502225 0.7179954909357341
 0.8649572649572649 52 3 2 9 15 1]
[0.9661803648783373 'Conceptual' 1 0.24734905242502225 0.7179954909357341
 0.7623931623931623 52 3 2 10 47 1]
[0.46336179569800734 'Conceptual' 1 0.24734905242502225 0.7179954909357341
 0.6940170940170939 52 3 2 11 55 1]
[0.20553085040656172 'Conceptual' 1 0.24734905242502225 0.7179954909357341
 0.6598290598290598 52 3 2 12 63 1]
[0.08925579688293078 'Conceptual' 1 0.24734905242502225 0.7179954909357341
 0.6153846153846153 52 3 2 13 55 1]
[0.03891217504650622 'Conceptual' 1 0.24734905242502225 0.7179954909357341
 0.6153846153846153 52 3 2 14 47 1]
[0.017310719270945588 'Conceptual' 1 0.24734905242502225
 0.7179954909357341 0.5914529914529914 52 3 2 15 31 1]
[0.007907829839637392 'Conceptual' 1 0.24734905242502225
 0.7179954909357341 0.5914529914529914 52 3 2 16 47 1]
[0.0036722561970712487 'Conceptual' 1 0.24734905242502225
 0.7179954909357341 0.5572649572649572 52 3 2 17 47 1]
[0.0 'Conceptual' 1 0.24734905242502225 0.7179954909357341 0.0 52 3 4 0 47
 1]
[3.998578663757001 'Conceptual' 1 0.24734905242502225 0.7179954909357341
 2.198290598290598 52 3 4 1 47 1]
[4.311584094036714 'Conceptual' 1 0.24734905242502225 0.7179954909357341
 4.102564102564102 52 3 4 2 47 1]
[3.5447847994190322 'Conceptual' 1 0.24734905242502225 0.7179954909357341
 4.102564102564102 52 3 4 3 47 1]
[2.9570371276280607 'Conceptual' 1 0.24734905242502225 0.7179954909357341
 4.102564102564102 52 3 4 4 47 1]
[2.9299983058518375 'Conceptual' 1 0.24734905242502225 0.7179954909357341
 3.9760683760683757 52 3 4 5 47 1]
[2.5206185792882616 'Conceptual' 1 0.24734905242502225 0.7179954909357341
 3.3846153846153846 52 3 4 6 35 1]
[4.109569221492774 'Conceptual' 1 0.24734905242502225 0.7179954909357341
 0.6940170940170939 52 3 4 7 5 1]
[2.1561043551857666 'Conceptual' 1 0.24734905242502225 0.7179954909357341
 3.076923076923077 52 3 4 8 0 1]
[1.7745478732637745 'Conceptual' 1 0.24734905242502225 0.7179954909357341
 0.8649572649572649 52 3 4 9 1 1]
[0.9661803648783373 'Conceptual' 1 0.24734905242502225 0.7179954909357341
 0.7623931623931623 52 3 4 10 2 1]
[0.46336179569800734 'Conceptual' 1 0.24734905242502225 0.7179954909357341
 0.6940170940170939 52 3 4 11 5 1]
[0.20553085040656172 'Conceptual' 1 0.24734905242502225 0.7179954909357341
 0.6598290598290598 52 3 4 12 2 1]
[0.08925579688293078 'Conceptual' 1 0.24734905242502225 0.7179954909357341
 0.6153846153846153 52 3 4 13 1 1]
[0.03891217504650622 'Conceptual' 1 0.24734905242502225 0.7179954909357341
 0.6153846153846153 52 3 4 14 2 1]
[0.017310719270945588 'Conceptual' 1 0.24734905242502225
 0.7179954909357341 0.5914529914529914 52 3 4 15 2 1]
[0.007907829839637392 'Conceptual' 1 0.24734905242502225
 0.7179954909357341 0.5914529914529914 52 3 4 16 2 1]
[0.0036722561970712487 'Conceptual' 1 0.24734905242502225
 0.7179954909357341 0.5572649572649572 52 3 4 17 2 1]
[0.0 'Conceptual' 1 0.24734905242502225 0.7179954909357341 0.0 52 3 5 0 3
 1]
[3.998578663757001 'Conceptual' 1 0.24734905242502225 0.7179954909357341
 2.198290598290598 52 3 5 1 4 1]
[4.311584094036714 'Conceptual' 1 0.24734905242502225 0.7179954909357341
 4.102564102564102 52 3 5 2 2 1]
[3.5447847994190322 'Conceptual' 1 0.24734905242502225 0.7179954909357341
 4.102564102564102 52 3 5 3 2 1]
[2.9570371276280607 'Conceptual' 1 0.24734905242502225 0.7179954909357341
 4.102564102564102 52 3 5 4 2 1]
[2.9299983058518375 'Conceptual' 1 0.24734905242502225 0.7179954909357341
 3.9760683760683757 52 3 5 5 2 1]
[2.5206185792882616 'Conceptual' 1 0.24734905242502225 0.7179954909357341
 3.3846153846153846 52 3 5 6 2 1]
[4.109569221492774 'Conceptual' 1 0.24734905242502225 0.7179954909357341
 0.6940170940170939 52 3 5 7 2 1]
[2.1561043551857666 'Conceptual' 1 0.24734905242502225 0.7179954909357341
 3.076923076923077 52 3 5 8 35 1]
[1.7745478732637745 'Conceptual' 1 0.24734905242502225 0.7179954909357341
 0.8649572649572649 52 3 5 9 59 1]
[0.9661803648783373 'Conceptual' 1 0.24734905242502225 0.7179954909357341
 0.7623931623931623 52 3 5 10 5 1]
[0.46336179569800734 'Conceptual' 1 0.24734905242502225 0.7179954909357341
 0.6940170940170939 52 3 5 11 31 1]
[0.20553085040656172 'Conceptual' 1 0.24734905242502225 0.7179954909357341
 0.6598290598290598 52 3 5 12 24 1]
[0.08925579688293078 'Conceptual' 1 0.24734905242502225 0.7179954909357341
 0.6153846153846153 52 3 5 13 16 1]
[0.03891217504650622 'Conceptual' 1 0.24734905242502225 0.7179954909357341
 0.6153846153846153 52 3 5 14 40 1]
[0.017310719270945588 'Conceptual' 1 0.24734905242502225
 0.7179954909357341 0.5914529914529914 52 3 5 15 8 1]
[0.007907829839637392 'Conceptual' 1 0.24734905242502225
 0.7179954909357341 0.5914529914529914 52 3 5 16 0 1]
[0.0036722561970712487 'Conceptual' 1 0.24734905242502225
 0.7179954909357341 0.5572649572649572 52 3 5 17 8 1]
[0.0 'Conceptual' 1 0.24734905242502225 0.7179954909357341 0.0 52 3 6 0 8
 1]
[3.998578663757001 'Conceptual' 1 0.24734905242502225 0.7179954909357341
 2.198290598290598 52 3 6 1 8 1]
[4.311584094036714 'Conceptual' 1 0.24734905242502225 0.7179954909357341
 4.102564102564102 52 3 6 2 8 1]
[3.5447847994190322 'Conceptual' 1 0.24734905242502225 0.7179954909357341
 4.102564102564102 52 3 6 3 8 1]
[2.9570371276280607 'Conceptual' 1 0.24734905242502225 0.7179954909357341
 4.102564102564102 52 3 6 4 8 1]
[2.9299983058518375 'Conceptual' 1 0.24734905242502225 0.7179954909357341
 3.9760683760683757 52 3 6 5 8 1]
[2.5206185792882616 'Conceptual' 1 0.24734905242502225 0.7179954909357341
 3.3846153846153846 52 3 6 6 8 1]
[4.109569221492774 'Conceptual' 1 0.24734905242502225 0.7179954909357341
 0.6940170940170939 52 3 6 7 8 1]
[2.1561043551857666 'Conceptual' 1 0.24734905242502225 0.7179954909357341
 3.076923076923077 52 3 6 8 8 1]
[1.7745478732637745 'Conceptual' 1 0.24734905242502225 0.7179954909357341
 0.8649572649572649 52 3 6 9 8 1]
[0.9661803648783373 'Conceptual' 1 0.24734905242502225 0.7179954909357341
 0.7623931623931623 52 3 6 10 47 1]
[0.46336179569800734 'Conceptual' 1 0.24734905242502225 0.7179954909357341
 0.6940170940170939 52 3 6 11 61 1]
[0.20553085040656172 'Conceptual' 1 0.24734905242502225 0.7179954909357341
 0.6598290598290598 52 3 6 12 57 1]
[0.08925579688293078 'Conceptual' 1 0.24734905242502225 0.7179954909357341
 0.6153846153846153 52 3 6 13 56 1]
[0.03891217504650622 'Conceptual' 1 0.24734905242502225 0.7179954909357341
 0.6153846153846153 52 3 6 14 56 1]
[0.017310719270945588 'Conceptual' 1 0.24734905242502225
 0.7179954909357341 0.5914529914529914 52 3 6 15 56 1]
[0.007907829839637392 'Conceptual' 1 0.24734905242502225
 0.7179954909357341 0.5914529914529914 52 3 6 16 56 1]
[0.0036722561970712487 'Conceptual' 1 0.24734905242502225
 0.7179954909357341 0.5572649572649572 52 3 6 17 56 1]
[0.0 'Conceptual' 1 0.24734905242502225 0.7179954909357341 0.0 52 3 7 0 56
 1]
[3.998578663757001 'Conceptual' 1 0.24734905242502225 0.7179954909357341
 2.198290598290598 52 3 7 1 56 1]
[4.311584094036714 'Conceptual' 1 0.24734905242502225 0.7179954909357341
 4.102564102564102 52 3 7 2 56 1]
[3.5447847994190322 'Conceptual' 1 0.24734905242502225 0.7179954909357341
 4.102564102564102 52 3 7 3 56 1]
[2.9570371276280607 'Conceptual' 1 0.24734905242502225 0.7179954909357341
 4.102564102564102 52 3 7 4 56 1]
[2.9299983058518375 'Conceptual' 1 0.24734905242502225 0.7179954909357341
 3.9760683760683757 52 3 7 5 56 1]
[2.5206185792882616 'Conceptual' 1 0.24734905242502225 0.7179954909357341
 3.3846153846153846 52 3 7 6 56 1]
[4.109569221492774 'Conceptual' 1 0.24734905242502225 0.7179954909357341
 0.6940170940170939 52 3 7 7 56 1]
[2.1561043551857666 'Conceptual' 1 0.24734905242502225 0.7179954909357341
 3.076923076923077 52 3 7 8 56 1]
[1.7745478732637745 'Conceptual' 1 0.24734905242502225 0.7179954909357341
 0.8649572649572649 52 3 7 9 56 1]
[0.9661803648783373 'Conceptual' 1 0.24734905242502225 0.7179954909357341
 0.7623931623931623 52 3 7 10 56 1]
[0.46336179569800734 'Conceptual' 1 0.24734905242502225 0.7179954909357341
 0.6940170940170939 52 3 7 11 56 1]
[0.20553085040656172 'Conceptual' 1 0.24734905242502225 0.7179954909357341
 0.6598290598290598 52 3 7 12 44 1]
[0.08925579688293078 'Conceptual' 1 0.24734905242502225 0.7179954909357341
 0.6153846153846153 52 3 7 13 3 1]
[0.03891217504650622 'Conceptual' 1 0.24734905242502225 0.7179954909357341
 0.6153846153846153 52 3 7 14 16 1]
[0.017310719270945588 'Conceptual' 1 0.24734905242502225
 0.7179954909357341 0.5914529914529914 52 3 7 15 47 1]
[0.007907829839637392 'Conceptual' 1 0.24734905242502225
 0.7179954909357341 0.5914529914529914 52 3 7 16 60 1]
[0.0036722561970712487 'Conceptual' 1 0.24734905242502225
 0.7179954909357341 0.5572649572649572 52 3 7 17 23 1]
[0.0 'Conceptual' 1 0.24734905242502225 0.7179954909357341 0.0 52 3 8 0 7
 1]
[3.998578663757001 'Conceptual' 1 0.24734905242502225 0.7179954909357341
 2.198290598290598 52 3 8 1 15 1]
[4.311584094036714 'Conceptual' 1 0.24734905242502225 0.7179954909357341
 4.102564102564102 52 3 8 2 31 1]
[3.5447847994190322 'Conceptual' 1 0.24734905242502225 0.7179954909357341
 4.102564102564102 52 3 8 3 7 1]
[2.9570371276280607 'Conceptual' 1 0.24734905242502225 0.7179954909357341
 4.102564102564102 52 3 8 4 7 1]
[2.9299983058518375 'Conceptual' 1 0.24734905242502225 0.7179954909357341
 3.9760683760683757 52 3 8 5 7 1]
[2.5206185792882616 'Conceptual' 1 0.24734905242502225 0.7179954909357341
 3.3846153846153846 52 3 8 6 7 1]
[4.109569221492774 'Conceptual' 1 0.24734905242502225 0.7179954909357341
 0.6940170940170939 52 3 8 7 7 1]
[2.1561043551857666 'Conceptual' 1 0.24734905242502225 0.7179954909357341
 3.076923076923077 52 3 8 8 7 1]
[1.7745478732637745 'Conceptual' 1 0.24734905242502225 0.7179954909357341
 0.8649572649572649 52 3 8 9 7 1]
[0.9661803648783373 'Conceptual' 1 0.24734905242502225 0.7179954909357341
 0.7623931623931623 52 3 8 10 7 1]
[0.46336179569800734 'Conceptual' 1 0.24734905242502225 0.7179954909357341
 0.6940170940170939 52 3 8 11 7 1]
[0.20553085040656172 'Conceptual' 1 0.24734905242502225 0.7179954909357341
 0.6598290598290598 52 3 8 12 7 1]
[0.08925579688293078 'Conceptual' 1 0.24734905242502225 0.7179954909357341
 0.6153846153846153 52 3 8 13 7 1]
[0.03891217504650622 'Conceptual' 1 0.24734905242502225 0.7179954909357341
 0.6153846153846153 52 3 8 14 48 1]
[0.017310719270945588 'Conceptual' 1 0.24734905242502225
 0.7179954909357341 0.5914529914529914 52 3 8 15 56 1]
[0.007907829839637392 'Conceptual' 1 0.24734905242502225
 0.7179954909357341 0.5914529914529914 52 3 8 16 56 1]
[0.0036722561970712487 'Conceptual' 1 0.24734905242502225
 0.7179954909357341 0.5572649572649572 52 3 8 17 56 1]
