[0.0 'Conceptual' 0 0.24947698032246005 0.24402226952886874 0.0 4 6 0 0 42
 1]
[4.149087511539772 'Conceptual' 0 0.24947698032246005 0.24402226952886874
 0.10256410256410256 4 6 0 1 45 1]
[4.131344880739259 'Conceptual' 0 0.24947698032246005 0.24402226952886874
 4.102564102564102 4 6 0 2 21 1]
[4.128482643522202 'Conceptual' 0 0.24947698032246005 0.24402226952886874
 0.5572649572649572 4 6 0 3 18 1]
[4.119111572404247 'Conceptual' 0 0.24947698032246005 0.24402226952886874
 0.10256410256410256 4 6 0 4 0 1]
[4.108916532268488 'Conceptual' 0 0.24947698032246005 0.24402226952886874
 0.10256410256410256 4 6 0 5 36 1]
[4.098616481785737 'Conceptual' 0 0.24947698032246005 0.24402226952886874
 0.10256410256410256 4 6 0 6 25 1]
[4.088209235179992 'Conceptual' 0 0.24947698032246005 0.24402226952886874
 0.10256410256410256 4 6 0 7 32 1]
[3.5877868508195365 'Conceptual' 0 0.24947698032246005 0.24402226952886874
 3.052991452991453 4 6 0 8 40 1]
[3.77772917685157 'Conceptual' 0 0.24947698032246005 0.24402226952886874
 2.1538461538461537 4 6 0 9 41 1]
[3.7534624543172654 'Conceptual' 0 0.24947698032246005 0.24402226952886874
 1.5829059829059828 4 6 0 10 24 1]
[3.0836812368364503 'Conceptual' 0 0.24947698032246005 0.24402226952886874
 2.335042735042735 4 6 0 11 32 1]
[2.5360203471265805 'Conceptual' 0 0.24947698032246005 0.24402226952886874
 2.198290598290598 4 6 0 12 32 1]
[3.063442447480495 'Conceptual' 0 0.24947698032246005 0.24402226952886874
 2.198290598290598 4 6 0 13 24 1]
[3.7142698547716306 'Conceptual' 0 0.24947698032246005 0.24402226952886874
 3.7948717948717947 4 6 0 14 32 1]
[3.9012478534357675 'Conceptual' 0 0.24947698032246005 0.24402226952886874
 4.102564102564102 4 6 0 15 32 1]
[4.0764375072774985 'Conceptual' 0 0.24947698032246005 0.24402226952886874
 0.10256410256410256 4 6 0 16 32 1]
[3.381570882086774 'Conceptual' 0 0.24947698032246005 0.24402226952886874
 0.10256410256410256 4 6 0 17 32 1]
[0.0 'Conceptual' 0 0.24947698032246005 0.24402226952886874 0.0 4 6 1 0 32
 1]
[4.149087511539772 'Conceptual' 0 0.24947698032246005 0.24402226952886874
 0.10256410256410256 4 6 1 1 32 1]
[4.131344880739259 'Conceptual' 0 0.24947698032246005 0.24402226952886874
 4.102564102564102 4 6 1 2 42 1]
[4.128482643522202 'Conceptual' 0 0.24947698032246005 0.24402226952886874
 0.5572649572649572 4 6 1 3 45 1]
[4.119111572404247 'Conceptual' 0 0.24947698032246005 0.24402226952886874
 0.10256410256410256 4 6 1 4 30 1]
[4.108916532268488 'Conceptual' 0 0.24947698032246005 0.24402226952886874
 0.10256410256410256 4 6 1 5 39 1]
[4.098616481785737 'Conceptual' 0 0.24947698032246005 0.24402226952886874
 0.10256410256410256 4 6 1 6 20 1]
[4.088209235179992 'Conceptual' 0 0.24947698032246005 0.24402226952886874
 0.10256410256410256 4 6 1 7 17 1]
[3.5877868508195365 'Conceptual' 0 0.24947698032246005 0.24402226952886874
 3.052991452991453 4 6 1 8 34 1]
[3.77772917685157 'Conceptual' 0 0.24947698032246005 0.24402226952886874
 2.1538461538461537 4 6 1 9 61 1]
[3.7534624543172654 'Conceptual' 0 0.24947698032246005 0.24402226952886874
 1.5829059829059828 4 6 1 10 6 1]
[3.0836812368364503 'Conceptual' 0 0.24947698032246005 0.24402226952886874
 2.335042735042735 4 6 1 11 4 1]
[2.5360203471265805 'Conceptual' 0 0.24947698032246005 0.24402226952886874
 2.198290598290598 4 6 1 12 5 1]
[3.063442447480495 'Conceptual' 0 0.24947698032246005 0.24402226952886874
 2.198290598290598 4 6 1 13 13 1]
[3.7142698547716306 'Conceptual' 0 0.24947698032246005 0.24402226952886874
 3.7948717948717947 4 6 1 14 7 1]
[3.9012478534357675 'Conceptual' 0 0.24947698032246005 0.24402226952886874
 4.102564102564102 4 6 1 15 4 1]
[4.0764375072774985 'Conceptual' 0 0.24947698032246005 0.24402226952886874
 0.10256410256410256 4 6 1 16 4 1]
[3.381570882086774 'Conceptual' 0 0.24947698032246005 0.24402226952886874
 0.10256410256410256 4 6 1 17 12 1]
[0.0 'Conceptual' 0 0.24947698032246005 0.24402226952886874 0.0 4 6 2 0 5
 1]
[4.149087511539772 'Conceptual' 0 0.24947698032246005 0.24402226952886874
 0.10256410256410256 4 6 2 1 6 1]
[4.131344880739259 'Conceptual' 0 0.24947698032246005 0.24402226952886874
 4.102564102564102 4 6 2 2 5 1]
[4.128482643522202 'Conceptual' 0 0.24947698032246005 0.24402226952886874
 0.5572649572649572 4 6 2 3 5 1]
[4.119111572404247 'Conceptual' 0 0.24947698032246005 0.24402226952886874
 0.10256410256410256 4 6 2 4 9 1]
[4.108916532268488 'Conceptual' 0 0.24947698032246005 0.24402226952886874
 0.10256410256410256 4 6 2 5 0 1]
[4.098616481785737 'Conceptual' 0 0.24947698032246005 0.24402226952886874
 0.10256410256410256 4 6 2 6 10 1]
[4.088209235179992 'Conceptual' 0 0.24947698032246005 0.24402226952886874
 0.10256410256410256 4 6 2 7 8 1]
[3.5877868508195365 'Conceptual' 0 0.24947698032246005 0.24402226952886874
 3.052991452991453 4 6 2 8 16 1]
[3.77772917685157 'Conceptual' 0 0.24947698032246005 0.24402226952886874
 2.1538461538461537 4 6 2 9 24 1]
[3.7534624543172654 'Conceptual' 0 0.24947698032246005 0.24402226952886874
 1.5829059829059828 4 6 2 10 25 1]
[3.0836812368364503 'Conceptual' 0 0.24947698032246005 0.24402226952886874
 2.335042735042735 4 6 2 11 48 1]
[2.5360203471265805 'Conceptual' 0 0.24947698032246005 0.24402226952886874
 2.198290598290598 4 6 2 12 56 1]
[3.063442447480495 'Conceptual' 0 0.24947698032246005 0.24402226952886874
 2.198290598290598 4 6 2 13 57 1]
[3.7142698547716306 'Conceptual' 0 0.24947698032246005 0.24402226952886874
 3.7948717948717947 4 6 2 14 57 1]
[3.9012478534357675 'Conceptual' 0 0.24947698032246005 0.24402226952886874
 4.102564102564102 4 6 2 15 57 1]
[4.0764375072774985 'Conceptual' 0 0.24947698032246005 0.24402226952886874
 0.10256410256410256 4 6 2 16 57 1]
[3.381570882086774 'Conceptual' 0 0.24947698032246005 0.24402226952886874
 0.10256410256410256 4 6 2 17 57 1]
[0.0 'Conceptual' 0 0.24947698032246005 0.24402226952886874 0.0 4 6 3 0 57
 1]
[4.149087511539772 'Conceptual' 0 0.24947698032246005 0.24402226952886874
 0.10256410256410256 4 6 3 1 57 1]
[4.131344880739259 'Conceptual' 0 0.24947698032246005 0.24402226952886874
 4.102564102564102 4 6 3 2 57 1]
[4.128482643522202 'Conceptual' 0 0.24947698032246005 0.24402226952886874
 0.5572649572649572 4 6 3 3 57 1]
[4.119111572404247 'Conceptual' 0 0.24947698032246005 0.24402226952886874
 0.10256410256410256 4 6 3 4 57 1]
[4.108916532268488 'Conceptual' 0 0.24947698032246005 0.24402226952886874
 0.10256410256410256 4 6 3 5 57 1]
[4.098616481785737 'Conceptual' 0 0.24947698032246005 0.24402226952886874
 0.10256410256410256 4 6 3 6 57 1]
[4.088209235179992 'Conceptual' 0 0.24947698032246005 0.24402226952886874
 0.10256410256410256 4 6 3 7 51 1]
[3.5877868508195365 'Conceptual' 0 0.24947698032246005 0.24402226952886874
 3.052991452991453 4 6 3 8 55 1]
[3.77772917685157 'Conceptual' 0 0.24947698032246005 0.24402226952886874
 2.1538461538461537 4 6 3 9 53 1]
[3.7534624543172654 'Conceptual' 0 0.24947698032246005 0.24402226952886874
 1.5829059829059828 4 6 3 10 48 1]
[3.0836812368364503 'Conceptual' 0 0.24947698032246005 0.24402226952886874
 2.335042735042735 4 6 3 11 33 1]
[2.5360203471265805 'Conceptual' 0 0.24947698032246005 0.24402226952886874
 2.198290598290598 4 6 3 12 9 1]
[3.063442447480495 'Conceptual' 0 0.24947698032246005 0.24402226952886874
 2.198290598290598 4 6 3 13 33 1]
[3.7142698547716306 'Conceptual' 0 0.24947698032246005 0.24402226952886874
 3.7948717948717947 4 6 3 14 41 1]
[3.9012478534357675 'Conceptual' 0 0.24947698032246005 0.24402226952886874
 4.102564102564102 4 6 3 15 57 1]
[4.0764375072774985 'Conceptual' 0 0.24947698032246005 0.24402226952886874
 0.10256410256410256 4 6 3 16 42 1]
[3.381570882086774 'Conceptual' 0 0.24947698032246005 0.24402226952886874
 0.10256410256410256 4 6 3 17 43 1]
[0.0 'Conceptual' 0 0.24947698032246005 0.24402226952886874 0.0 4 6 4 0 34
 1]
[4.149087511539772 'Conceptual' 0 0.24947698032246005 0.24402226952886874
 0.10256410256410256 4 6 4 1 26 1]
[4.131344880739259 'Conceptual' 0 0.24947698032246005 0.24402226952886874
 4.102564102564102 4 6 4 2 42 1]
[4.128482643522202 'Conceptual' 0 0.24947698032246005 0.24402226952886874
 0.5572649572649572 4 6 4 3 34 1]
[4.119111572404247 'Conceptual' 0 0.24947698032246005 0.24402226952886874
 0.10256410256410256 4 6 4 4 34 1]
[4.108916532268488 'Conceptual' 0 0.24947698032246005 0.24402226952886874
 0.10256410256410256 4 6 4 5 35 1]
[4.098616481785737 'Conceptual' 0 0.24947698032246005 0.24402226952886874
 0.10256410256410256 4 6 4 6 34 1]
[4.088209235179992 'Conceptual' 0 0.24947698032246005 0.24402226952886874
 0.10256410256410256 4 6 4 7 42 1]
[3.5877868508195365 'Conceptual' 0 0.24947698032246005 0.24402226952886874
 3.052991452991453 4 6 4 8 54 1]
[3.77772917685157 'Conceptual' 0 0.24947698032246005 0.24402226952886874
 2.1538461538461537 4 6 4 9 55 1]
[3.7534624543172654 'Conceptual' 0 0.24947698032246005 0.24402226952886874
 1.5829059829059828 4 6 4 10 46 1]
[3.0836812368364503 'Conceptual' 0 0.24947698032246005 0.24402226952886874
 2.335042735042735 4 6 4 11 53 1]
[2.5360203471265805 'Conceptual' 0 0.24947698032246005 0.24402226952886874
 2.198290598290598 4 6 4 12 60 1]
[3.063442447480495 'Conceptual' 0 0.24947698032246005 0.24402226952886874
 2.198290598290598 4 6 4 13 51 1]
[3.7142698547716306 'Conceptual' 0 0.24947698032246005 0.24402226952886874
 3.7948717948717947 4 6 4 14 48 1]
[3.9012478534357675 'Conceptual' 0 0.24947698032246005 0.24402226952886874
 4.102564102564102 4 6 4 15 58 1]
[4.0764375072774985 'Conceptual' 0 0.24947698032246005 0.24402226952886874
 0.10256410256410256 4 6 4 16 52 1]
[3.381570882086774 'Conceptual' 0 0.24947698032246005 0.24402226952886874
 0.10256410256410256 4 6 4 17 52 1]
[0.0 'Conceptual' 0 0.24947698032246005 0.24402226952886874 0.0 4 6 5 0 52
 1]
[4.149087511539772 'Conceptual' 0 0.24947698032246005 0.24402226952886874
 0.10256410256410256 4 6 5 1 44 1]
[4.131344880739259 'Conceptual' 0 0.24947698032246005 0.24402226952886874
 4.102564102564102 4 6 5 2 44 1]
[4.128482643522202 'Conceptual' 0 0.24947698032246005 0.24402226952886874
 0.5572649572649572 4 6 5 3 36 1]
[4.119111572404247 'Conceptual' 0 0.24947698032246005 0.24402226952886874
 0.10256410256410256 4 6 5 4 52 1]
[4.108916532268488 'Conceptual' 0 0.24947698032246005 0.24402226952886874
 0.10256410256410256 4 6 5 5 53 1]
[4.098616481785737 'Conceptual' 0 0.24947698032246005 0.24402226952886874
 0.10256410256410256 4 6 5 6 52 1]
[4.088209235179992 'Conceptual' 0 0.24947698032246005 0.24402226952886874
 0.10256410256410256 4 6 5 7 43 1]
[3.5877868508195365 'Conceptual' 0 0.24947698032246005 0.24402226952886874
 3.052991452991453 4 6 5 8 43 1]
[3.77772917685157 'Conceptual' 0 0.24947698032246005 0.24402226952886874
 2.1538461538461537 4 6 5 9 43 1]
[3.7534624543172654 'Conceptual' 0 0.24947698032246005 0.24402226952886874
 1.5829059829059828 4 6 5 10 49 1]
[3.0836812368364503 'Conceptual' 0 0.24947698032246005 0.24402226952886874
 2.335042735042735 4 6 5 11 41 1]
[2.5360203471265805 'Conceptual' 0 0.24947698032246005 0.24402226952886874
 2.198290598290598 4 6 5 12 51 1]
[3.063442447480495 'Conceptual' 0 0.24947698032246005 0.24402226952886874
 2.198290598290598 4 6 5 13 32 1]
[3.7142698547716306 'Conceptual' 0 0.24947698032246005 0.24402226952886874
 3.7948717948717947 4 6 5 14 8 1]
[3.9012478534357675 'Conceptual' 0 0.24947698032246005 0.24402226952886874
 4.102564102564102 4 6 5 15 62 1]
[4.0764375072774985 'Conceptual' 0 0.24947698032246005 0.24402226952886874
 0.10256410256410256 4 6 5 16 46 1]
[3.381570882086774 'Conceptual' 0 0.24947698032246005 0.24402226952886874
 0.10256410256410256 4 6 5 17 54 1]
[0.0 'Conceptual' 0 0.24947698032246005 0.24402226952886874 0.0 4 6 7 0 45
 1]
[4.149087511539772 'Conceptual' 0 0.24947698032246005 0.24402226952886874
 0.10256410256410256 4 6 7 1 46 1]
[4.131344880739259 'Conceptual' 0 0.24947698032246005 0.24402226952886874
 4.102564102564102 4 6 7 2 55 1]
[4.128482643522202 'Conceptual' 0 0.24947698032246005 0.24402226952886874
 0.5572649572649572 4 6 7 3 62 1]
[4.119111572404247 'Conceptual' 0 0.24947698032246005 0.24402226952886874
 0.10256410256410256 4 6 7 4 63 1]
[4.108916532268488 'Conceptual' 0 0.24947698032246005 0.24402226952886874
 0.10256410256410256 4 6 7 5 47 1]
[4.098616481785737 'Conceptual' 0 0.24947698032246005 0.24402226952886874
 0.10256410256410256 4 6 7 6 38 1]
[4.088209235179992 'Conceptual' 0 0.24947698032246005 0.24402226952886874
 0.10256410256410256 4 6 7 7 54 1]
[3.5877868508195365 'Conceptual' 0 0.24947698032246005 0.24402226952886874
 3.052991452991453 4 6 7 8 53 1]
[3.77772917685157 'Conceptual' 0 0.24947698032246005 0.24402226952886874
 2.1538461538461537 4 6 7 9 61 1]
[3.7534624543172654 'Conceptual' 0 0.24947698032246005 0.24402226952886874
 1.5829059829059828 4 6 7 10 55 1]
[3.0836812368364503 'Conceptual' 0 0.24947698032246005 0.24402226952886874
 2.335042735042735 4 6 7 11 55 1]
[2.5360203471265805 'Conceptual' 0 0.24947698032246005 0.24402226952886874
 2.198290598290598 4 6 7 12 49 1]
[3.063442447480495 'Conceptual' 0 0.24947698032246005 0.24402226952886874
 2.198290598290598 4 6 7 13 56 1]
[3.7142698547716306 'Conceptual' 0 0.24947698032246005 0.24402226952886874
 3.7948717948717947 4 6 7 14 49 1]
[3.9012478534357675 'Conceptual' 0 0.24947698032246005 0.24402226952886874
 4.102564102564102 4 6 7 15 49 1]
[4.0764375072774985 'Conceptual' 0 0.24947698032246005 0.24402226952886874
 0.10256410256410256 4 6 7 16 49 1]
[3.381570882086774 'Conceptual' 0 0.24947698032246005 0.24402226952886874
 0.10256410256410256 4 6 7 17 49 1]
[0.0 'Conceptual' 0 0.24947698032246005 0.24402226952886874 0.0 4 6 8 0 41
 1]
[4.149087511539772 'Conceptual' 0 0.24947698032246005 0.24402226952886874
 0.10256410256410256 4 6 8 1 57 1]
[4.131344880739259 'Conceptual' 0 0.24947698032246005 0.24402226952886874
 4.102564102564102 4 6 8 2 48 1]
[4.128482643522202 'Conceptual' 0 0.24947698032246005 0.24402226952886874
 0.5572649572649572 4 6 8 3 48 1]
[4.119111572404247 'Conceptual' 0 0.24947698032246005 0.24402226952886874
 0.10256410256410256 4 6 8 4 48 1]
[4.108916532268488 'Conceptual' 0 0.24947698032246005 0.24402226952886874
 0.10256410256410256 4 6 8 5 50 1]
[4.098616481785737 'Conceptual' 0 0.24947698032246005 0.24402226952886874
 0.10256410256410256 4 6 8 6 48 1]
[4.088209235179992 'Conceptual' 0 0.24947698032246005 0.24402226952886874
 0.10256410256410256 4 6 8 7 48 1]
[3.5877868508195365 'Conceptual' 0 0.24947698032246005 0.24402226952886874
 3.052991452991453 4 6 8 8 48 1]
[3.77772917685157 'Conceptual' 0 0.24947698032246005 0.24402226952886874
 2.1538461538461537 4 6 8 9 48 1]
[3.7534624543172654 'Conceptual' 0 0.24947698032246005 0.24402226952886874
 1.5829059829059828 4 6 8 10 48 1]
[3.0836812368364503 'Conceptual' 0 0.24947698032246005 0.24402226952886874
 2.335042735042735 4 6 8 11 48 1]
[2.5360203471265805 'Conceptual' 0 0.24947698032246005 0.24402226952886874
 2.198290598290598 4 6 8 12 48 1]
[3.063442447480495 'Conceptual' 0 0.24947698032246005 0.24402226952886874
 2.198290598290598 4 6 8 13 48 1]
[3.7142698547716306 'Conceptual' 0 0.24947698032246005 0.24402226952886874
 3.7948717948717947 4 6 8 14 48 1]
[3.9012478534357675 'Conceptual' 0 0.24947698032246005 0.24402226952886874
 4.102564102564102 4 6 8 15 58 1]
[4.0764375072774985 'Conceptual' 0 0.24947698032246005 0.24402226952886874
 0.10256410256410256 4 6 8 16 50 1]
[3.381570882086774 'Conceptual' 0 0.24947698032246005 0.24402226952886874
 0.10256410256410256 4 6 8 17 60 1]
