[0.0 'Spatial' 0 0.4634361996895552 101.10933962146345 0.0 42 2 0 0 53 1]
[3.7670593159056525 'Spatial' 0 0.4634361996895552 101.10933962146345
 1.5829059829059828 42 2 0 1 28 1]
[1.3864998698163746 'Spatial' 0 0.4634361996895552 101.10933962146345
 4.041025641025641 42 2 0 2 36 1]
[2.236822885967719 'Spatial' 0 0.4634361996895552 101.10933962146345
 2.198290598290598 42 2 0 3 56 1]
[3.4809208078208997 'Spatial' 0 0.4634361996895552 101.10933962146345
 1.1282051282051282 42 2 0 4 13 1]
[2.59145661121066 'Spatial' 0 0.4634361996895552 101.10933962146345
 2.4034188034188033 42 2 0 5 43 1]
[2.703101038584436 'Spatial' 0 0.4634361996895552 101.10933962146345
 1.3094017094017094 42 2 0 6 10 1]
[2.081713594722225 'Spatial' 0 0.4634361996895552 101.10933962146345
 1.6170940170940171 42 2 0 7 27 1]
[2.030507913661091 'Spatial' 0 0.4634361996895552 101.10933962146345
 1.435897435897436 42 2 0 8 44 1]
[2.7884445759174024 'Spatial' 0 0.4634361996895552 101.10933962146345
 1.1282051282051282 42 2 0 9 16 1]
[2.7095583723485315 'Spatial' 0 0.4634361996895552 101.10933962146345
 1.6170940170940171 42 2 0 10 26 1]
[3.2581111532992937 'Spatial' 0 0.4634361996895552 101.10933962146345
 1.8461538461538463 42 2 0 11 46 1]
[2.317263842434986 'Spatial' 0 0.4634361996895552 101.10933962146345
 1.1282051282051282 42 2 0 12 7 1]
[2.0618231746097044 'Spatial' 0 0.4634361996895552 101.10933962146345
 1.1726495726495727 42 2 0 13 44 1]
[2.5134463967774536 'Spatial' 0 0.4634361996895552 101.10933962146345
 0.8205128205128205 42 2 0 14 58 1]
[3.0910735238527884 'Spatial' 0 0.4634361996895552 101.10933962146345
 1.5487179487179488 42 2 0 15 21 1]
[2.9957542733119946 'Spatial' 0 0.4634361996895552 101.10933962146345
 1.3435897435897437 42 2 0 16 13 1]
[3.6668113454894735 'Spatial' 0 0.4634361996895552 101.10933962146345
 1.8222222222222222 42 2 0 17 58 1]
[0.0 'Spatial' 0 0.4634361996895552 101.10933962146345 0.0 42 2 1 0 22 1]
[3.7670593159056525 'Spatial' 0 0.4634361996895552 101.10933962146345
 1.5829059829059828 42 2 1 1 44 1]
[1.3864998698163746 'Spatial' 0 0.4634361996895552 101.10933962146345
 4.041025641025641 42 2 1 2 45 1]
[2.236822885967719 'Spatial' 0 0.4634361996895552 101.10933962146345
 2.198290598290598 42 2 1 3 24 1]
[3.4809208078208997 'Spatial' 0 0.4634361996895552 101.10933962146345
 1.1282051282051282 42 2 1 4 47 1]
[2.59145661121066 'Spatial' 0 0.4634361996895552 101.10933962146345
 2.4034188034188033 42 2 1 5 7 1]
[2.703101038584436 'Spatial' 0 0.4634361996895552 101.10933962146345
 1.3094017094017094 42 2 1 6 3 1]
[2.081713594722225 'Spatial' 0 0.4634361996895552 101.10933962146345
 1.6170940170940171 42 2 1 7 39 1]
[2.030507913661091 'Spatial' 0 0.4634361996895552 101.10933962146345
 1.435897435897436 42 2 1 8 5 1]
[2.7884445759174024 'Spatial' 0 0.4634361996895552 101.10933962146345
 1.1282051282051282 42 2 1 9 17 1]
[2.7095583723485315 'Spatial' 0 0.4634361996895552 101.10933962146345
 1.6170940170940171 42 2 1 10 42 1]
[3.2581111532992937 'Spatial' 0 0.4634361996895552 101.10933962146345
 1.8461538461538463 42 2 1 11 43 1]
[2.317263842434986 'Spatial' 0 0.4634361996895552 101.10933962146345
 1.1282051282051282 42 2 1 12 4 1]
[2.0618231746097044 'Spatial' 0 0.4634361996895552 101.10933962146345
 1.1726495726495727 42 2 1 13 54 1]
[2.5134463967774536 'Spatial' 0 0.4634361996895552 101.10933962146345
 0.8205128205128205 42 2 1 14 21 1]
[3.0910735238527884 'Spatial' 0 0.4634361996895552 101.10933962146345
 1.5487179487179488 42 2 1 15 19 1]
[2.9957542733119946 'Spatial' 0 0.4634361996895552 101.10933962146345
 1.3435897435897437 42 2 1 16 1 1]
[3.6668113454894735 'Spatial' 0 0.4634361996895552 101.10933962146345
 1.8222222222222222 42 2 1 17 43 1]
[0.0 'Spatial' 0 0.4634361996895552 101.10933962146345 0.0 42 2 3 0 34 1]
[3.7670593159056525 'Spatial' 0 0.4634361996895552 101.10933962146345
 1.5829059829059828 42 2 3 1 23 1]
[1.3864998698163746 'Spatial' 0 0.4634361996895552 101.10933962146345
 4.041025641025641 42 2 3 2 32 1]
[2.236822885967719 'Spatial' 0 0.4634361996895552 101.10933962146345
 2.198290598290598 42 2 3 3 22 1]
[3.4809208078208997 'Spatial' 0 0.4634361996895552 101.10933962146345
 1.1282051282051282 42 2 3 4 28 1]
[2.59145661121066 'Spatial' 0 0.4634361996895552 101.10933962146345
 2.4034188034188033 42 2 3 5 28 1]
[2.703101038584436 'Spatial' 0 0.4634361996895552 101.10933962146345
 1.3094017094017094 42 2 3 6 50 1]
[2.081713594722225 'Spatial' 0 0.4634361996895552 101.10933962146345
 1.6170940170940171 42 2 3 7 19 1]
[2.030507913661091 'Spatial' 0 0.4634361996895552 101.10933962146345
 1.435897435897436 42 2 3 8 55 1]
[2.7884445759174024 'Spatial' 0 0.4634361996895552 101.10933962146345
 1.1282051282051282 42 2 3 9 20 1]
[2.7095583723485315 'Spatial' 0 0.4634361996895552 101.10933962146345
 1.6170940170940171 42 2 3 10 3 1]
[3.2581111532992937 'Spatial' 0 0.4634361996895552 101.10933962146345
 1.8461538461538463 42 2 3 11 17 1]
[2.317263842434986 'Spatial' 0 0.4634361996895552 101.10933962146345
 1.1282051282051282 42 2 3 12 12 1]
[2.0618231746097044 'Spatial' 0 0.4634361996895552 101.10933962146345
 1.1726495726495727 42 2 3 13 30 1]
[2.5134463967774536 'Spatial' 0 0.4634361996895552 101.10933962146345
 0.8205128205128205 42 2 3 14 31 1]
[3.0910735238527884 'Spatial' 0 0.4634361996895552 101.10933962146345
 1.5487179487179488 42 2 3 15 16 1]
[2.9957542733119946 'Spatial' 0 0.4634361996895552 101.10933962146345
 1.3435897435897437 42 2 3 16 2 1]
[3.6668113454894735 'Spatial' 0 0.4634361996895552 101.10933962146345
 1.8222222222222222 42 2 3 17 56 1]
[0.0 'Spatial' 0 0.4634361996895552 101.10933962146345 0.0 42 2 4 0 52 1]
[3.7670593159056525 'Spatial' 0 0.4634361996895552 101.10933962146345
 1.5829059829059828 42 2 4 1 41 1]
[1.3864998698163746 'Spatial' 0 0.4634361996895552 101.10933962146345
 4.041025641025641 42 2 4 2 47 1]
[2.236822885967719 'Spatial' 0 0.4634361996895552 101.10933962146345
 2.198290598290598 42 2 4 3 22 1]
[3.4809208078208997 'Spatial' 0 0.4634361996895552 101.10933962146345
 1.1282051282051282 42 2 4 4 4 1]
[2.59145661121066 'Spatial' 0 0.4634361996895552 101.10933962146345
 2.4034188034188033 42 2 4 5 56 1]
[2.703101038584436 'Spatial' 0 0.4634361996895552 101.10933962146345
 1.3094017094017094 42 2 4 6 30 1]
[2.081713594722225 'Spatial' 0 0.4634361996895552 101.10933962146345
 1.6170940170940171 42 2 4 7 33 1]
[2.030507913661091 'Spatial' 0 0.4634361996895552 101.10933962146345
 1.435897435897436 42 2 4 8 30 1]
[2.7884445759174024 'Spatial' 0 0.4634361996895552 101.10933962146345
 1.1282051282051282 42 2 4 9 51 1]
[2.7095583723485315 'Spatial' 0 0.4634361996895552 101.10933962146345
 1.6170940170940171 42 2 4 10 35 1]
[3.2581111532992937 'Spatial' 0 0.4634361996895552 101.10933962146345
 1.8461538461538463 42 2 4 11 24 1]
[2.317263842434986 'Spatial' 0 0.4634361996895552 101.10933962146345
 1.1282051282051282 42 2 4 12 36 1]
[2.0618231746097044 'Spatial' 0 0.4634361996895552 101.10933962146345
 1.1726495726495727 42 2 4 13 1 1]
[2.5134463967774536 'Spatial' 0 0.4634361996895552 101.10933962146345
 0.8205128205128205 42 2 4 14 39 1]
[3.0910735238527884 'Spatial' 0 0.4634361996895552 101.10933962146345
 1.5487179487179488 42 2 4 15 33 1]
[2.9957542733119946 'Spatial' 0 0.4634361996895552 101.10933962146345
 1.3435897435897437 42 2 4 16 59 1]
[3.6668113454894735 'Spatial' 0 0.4634361996895552 101.10933962146345
 1.8222222222222222 42 2 4 17 15 1]
[0.0 'Spatial' 0 0.4634361996895552 101.10933962146345 0.0 42 2 5 0 32 1]
[3.7670593159056525 'Spatial' 0 0.4634361996895552 101.10933962146345
 1.5829059829059828 42 2 5 1 20 1]
[1.3864998698163746 'Spatial' 0 0.4634361996895552 101.10933962146345
 4.041025641025641 42 2 5 2 27 1]
[2.236822885967719 'Spatial' 0 0.4634361996895552 101.10933962146345
 2.198290598290598 42 2 5 3 49 1]
[3.4809208078208997 'Spatial' 0 0.4634361996895552 101.10933962146345
 1.1282051282051282 42 2 5 4 34 1]
[2.59145661121066 'Spatial' 0 0.4634361996895552 101.10933962146345
 2.4034188034188033 42 2 5 5 12 1]
[2.703101038584436 'Spatial' 0 0.4634361996895552 101.10933962146345
 1.3094017094017094 42 2 5 6 42 1]
[2.081713594722225 'Spatial' 0 0.4634361996895552 101.10933962146345
 1.6170940170940171 42 2 5 7 5 1]
[2.030507913661091 'Spatial' 0 0.4634361996895552 101.10933962146345
 1.435897435897436 42 2 5 8 28 1]
[2.7884445759174024 'Spatial' 0 0.4634361996895552 101.10933962146345
 1.1282051282051282 42 2 5 9 53 1]
[2.7095583723485315 'Spatial' 0 0.4634361996895552 101.10933962146345
 1.6170940170940171 42 2 5 10 52 1]
[3.2581111532992937 'Spatial' 0 0.4634361996895552 101.10933962146345
 1.8461538461538463 42 2 5 11 52 1]
[2.317263842434986 'Spatial' 0 0.4634361996895552 101.10933962146345
 1.1282051282051282 42 2 5 12 8 1]
[2.0618231746097044 'Spatial' 0 0.4634361996895552 101.10933962146345
 1.1726495726495727 42 2 5 13 21 1]
[2.5134463967774536 'Spatial' 0 0.4634361996895552 101.10933962146345
 0.8205128205128205 42 2 5 14 30 1]
[3.0910735238527884 'Spatial' 0 0.4634361996895552 101.10933962146345
 1.5487179487179488 42 2 5 15 4 1]
[2.9957542733119946 'Spatial' 0 0.4634361996895552 101.10933962146345
 1.3435897435897437 42 2 5 16 50 1]
[3.6668113454894735 'Spatial' 0 0.4634361996895552 101.10933962146345
 1.8222222222222222 42 2 5 17 48 1]
[0.0 'Spatial' 0 0.4634361996895552 101.10933962146345 0.0 42 2 6 0 20 1]
[3.7670593159056525 'Spatial' 0 0.4634361996895552 101.10933962146345
 1.5829059829059828 42 2 6 1 47 1]
[1.3864998698163746 'Spatial' 0 0.4634361996895552 101.10933962146345
 4.041025641025641 42 2 6 2 34 1]
[2.236822885967719 'Spatial' 0 0.4634361996895552 101.10933962146345
 2.198290598290598 42 2 6 3 23 1]
[3.4809208078208997 'Spatial' 0 0.4634361996895552 101.10933962146345
 1.1282051282051282 42 2 6 4 59 1]
[2.59145661121066 'Spatial' 0 0.4634361996895552 101.10933962146345
 2.4034188034188033 42 2 6 5 44 1]
[2.703101038584436 'Spatial' 0 0.4634361996895552 101.10933962146345
 1.3094017094017094 42 2 6 6 44 1]
[2.081713594722225 'Spatial' 0 0.4634361996895552 101.10933962146345
 1.6170940170940171 42 2 6 7 3 1]
[2.030507913661091 'Spatial' 0 0.4634361996895552 101.10933962146345
 1.435897435897436 42 2 6 8 58 1]
[2.7884445759174024 'Spatial' 0 0.4634361996895552 101.10933962146345
 1.1282051282051282 42 2 6 9 45 1]
[2.7095583723485315 'Spatial' 0 0.4634361996895552 101.10933962146345
 1.6170940170940171 42 2 6 10 31 1]
[3.2581111532992937 'Spatial' 0 0.4634361996895552 101.10933962146345
 1.8461538461538463 42 2 6 11 33 1]
[2.317263842434986 'Spatial' 0 0.4634361996895552 101.10933962146345
 1.1282051282051282 42 2 6 12 47 1]
[2.0618231746097044 'Spatial' 0 0.4634361996895552 101.10933962146345
 1.1726495726495727 42 2 6 13 45 1]
[2.5134463967774536 'Spatial' 0 0.4634361996895552 101.10933962146345
 0.8205128205128205 42 2 6 14 54 1]
[3.0910735238527884 'Spatial' 0 0.4634361996895552 101.10933962146345
 1.5487179487179488 42 2 6 15 13 1]
[2.9957542733119946 'Spatial' 0 0.4634361996895552 101.10933962146345
 1.3435897435897437 42 2 6 16 48 1]
[3.6668113454894735 'Spatial' 0 0.4634361996895552 101.10933962146345
 1.8222222222222222 42 2 6 17 36 1]
[0.0 'Spatial' 0 0.4634361996895552 101.10933962146345 0.0 42 2 7 0 41 1]
[3.7670593159056525 'Spatial' 0 0.4634361996895552 101.10933962146345
 1.5829059829059828 42 2 7 1 20 1]
[1.3864998698163746 'Spatial' 0 0.4634361996895552 101.10933962146345
 4.041025641025641 42 2 7 2 18 1]
[2.236822885967719 'Spatial' 0 0.4634361996895552 101.10933962146345
 2.198290598290598 42 2 7 3 46 1]
[3.4809208078208997 'Spatial' 0 0.4634361996895552 101.10933962146345
 1.1282051282051282 42 2 7 4 5 1]
[2.59145661121066 'Spatial' 0 0.4634361996895552 101.10933962146345
 2.4034188034188033 42 2 7 5 41 1]
[2.703101038584436 'Spatial' 0 0.4634361996895552 101.10933962146345
 1.3094017094017094 42 2 7 6 5 1]
[2.081713594722225 'Spatial' 0 0.4634361996895552 101.10933962146345
 1.6170940170940171 42 2 7 7 23 1]
[2.030507913661091 'Spatial' 0 0.4634361996895552 101.10933962146345
 1.435897435897436 42 2 7 8 44 1]
[2.7884445759174024 'Spatial' 0 0.4634361996895552 101.10933962146345
 1.1282051282051282 42 2 7 9 40 1]
[2.7095583723485315 'Spatial' 0 0.4634361996895552 101.10933962146345
 1.6170940170940171 42 2 7 10 21 1]
[3.2581111532992937 'Spatial' 0 0.4634361996895552 101.10933962146345
 1.8461538461538463 42 2 7 11 44 1]
[2.317263842434986 'Spatial' 0 0.4634361996895552 101.10933962146345
 1.1282051282051282 42 2 7 12 19 1]
[2.0618231746097044 'Spatial' 0 0.4634361996895552 101.10933962146345
 1.1726495726495727 42 2 7 13 29 1]
[2.5134463967774536 'Spatial' 0 0.4634361996895552 101.10933962146345
 0.8205128205128205 42 2 7 14 52 1]
[3.0910735238527884 'Spatial' 0 0.4634361996895552 101.10933962146345
 1.5487179487179488 42 2 7 15 24 1]
[2.9957542733119946 'Spatial' 0 0.4634361996895552 101.10933962146345
 1.3435897435897437 42 2 7 16 52 1]
[3.6668113454894735 'Spatial' 0 0.4634361996895552 101.10933962146345
 1.8222222222222222 42 2 7 17 11 1]
[0.0 'Spatial' 0 0.4634361996895552 101.10933962146345 0.0 42 2 8 0 5 1]
[3.7670593159056525 'Spatial' 0 0.4634361996895552 101.10933962146345
 1.5829059829059828 42 2 8 1 31 1]
[1.3864998698163746 'Spatial' 0 0.4634361996895552 101.10933962146345
 4.041025641025641 42 2 8 2 9 1]
[2.236822885967719 'Spatial' 0 0.4634361996895552 101.10933962146345
 2.198290598290598 42 2 8 3 41 1]
[3.4809208078208997 'Spatial' 0 0.4634361996895552 101.10933962146345
 1.1282051282051282 42 2 8 4 28 1]
[2.59145661121066 'Spatial' 0 0.4634361996895552 101.10933962146345
 2.4034188034188033 42 2 8 5 4 1]
[2.703101038584436 'Spatial' 0 0.4634361996895552 101.10933962146345
 1.3094017094017094 42 2 8 6 41 1]
[2.081713594722225 'Spatial' 0 0.4634361996895552 101.10933962146345
 1.6170940170940171 42 2 8 7 39 1]
[2.030507913661091 'Spatial' 0 0.4634361996895552 101.10933962146345
 1.435897435897436 42 2 8 8 16 1]
[2.7884445759174024 'Spatial' 0 0.4634361996895552 101.10933962146345
 1.1282051282051282 42 2 8 9 6 1]
[2.7095583723485315 'Spatial' 0 0.4634361996895552 101.10933962146345
 1.6170940170940171 42 2 8 10 47 1]
[3.2581111532992937 'Spatial' 0 0.4634361996895552 101.10933962146345
 1.8461538461538463 42 2 8 11 8 1]
[2.317263842434986 'Spatial' 0 0.4634361996895552 101.10933962146345
 1.1282051282051282 42 2 8 12 47 1]
[2.0618231746097044 'Spatial' 0 0.4634361996895552 101.10933962146345
 1.1726495726495727 42 2 8 13 43 1]
[2.5134463967774536 'Spatial' 0 0.4634361996895552 101.10933962146345
 0.8205128205128205 42 2 8 14 51 1]
[3.0910735238527884 'Spatial' 0 0.4634361996895552 101.10933962146345
 1.5487179487179488 42 2 8 15 37 1]
[2.9957542733119946 'Spatial' 0 0.4634361996895552 101.10933962146345
 1.3435897435897437 42 2 8 16 57 1]
[3.6668113454894735 'Spatial' 0 0.4634361996895552 101.10933962146345
 1.8222222222222222 42 2 8 17 13 1]
