[0.0 'Spatial' 1 0.39016331584330266 0.30270305314029794 0.0 60 8 0 0 27 0]
[4.07472796081783 'Spatial' 1 0.39016331584330266 0.30270305314029794
 1.411965811965812 60 8 0 1 52 0]
[3.885743371208895 'Spatial' 1 0.39016331584330266 0.30270305314029794
 2.0273504273504273 60 8 0 2 14 0]
[3.5750528552725522 'Spatial' 1 0.39016331584330266 0.30270305314029794
 2.051282051282051 60 8 0 3 7 0]
[4.151919468078409 'Spatial' 1 0.39016331584330266 0.30270305314029794
 0.10256410256410256 60 8 0 4 63 0]
[4.1433933490671135 'Spatial' 1 0.39016331584330266 0.30270305314029794
 0.10256410256410256 60 8 0 5 56 0]
[4.135024859722889 'Spatial' 1 0.39016331584330266 0.30270305314029794
 0.10256410256410256 60 8 0 6 0 0]
[2.307282001410034 'Spatial' 1 0.39016331584330266 0.30270305314029794
 1.7880341880341881 60 8 0 7 7 0]
[1.2645288133280181 'Spatial' 1 0.39016331584330266 0.30270305314029794
 1.1282051282051282 60 8 0 8 7 0]
[1.6496304776139628 'Spatial' 1 0.39016331584330266 0.30270305314029794
 1.9247863247863248 60 8 0 9 15 0]
[1.7796264280876402 'Spatial' 1 0.39016331584330266 0.30270305314029794
 2.1538461538461537 60 8 0 10 6 0]
[0.33595625026427106 'Spatial' 1 0.39016331584330266 0.30270305314029794
 0.7623931623931623 60 8 0 11 7 0]
[0.10975582484525238 'Spatial' 1 0.39016331584330266 0.30270305314029794
 0.6940170940170939 60 8 0 12 7 0]
[0.0313199669630539 'Spatial' 1 0.39016331584330266 0.30270305314029794
 0.6153846153846153 60 8 0 13 7 0]
[0.008472116466368846 'Spatial' 1 0.39016331584330266 0.30270305314029794
 0.5914529914529914 60 8 0 14 7 0]
[0.0022170024136766654 'Spatial' 1 0.39016331584330266 0.30270305314029794
 0.5572649572649572 60 8 0 15 7 0]
[0.000680386764187897 'Spatial' 1 0.39016331584330266 0.30270305314029794
 0.41025641025641024 60 8 0 16 7 0]
[0.0006298016333102192 'Spatial' 1 0.39016331584330266 0.30270305314029794
 0.10256410256410256 60 8 0 17 7 0]
[0.0 'Spatial' 1 0.39016331584330266 0.30270305314029794 0.0 60 8 1 0 7 0]
[4.07472796081783 'Spatial' 1 0.39016331584330266 0.30270305314029794
 1.411965811965812 60 8 1 1 7 0]
[3.885743371208895 'Spatial' 1 0.39016331584330266 0.30270305314029794
 2.0273504273504273 60 8 1 2 18 0]
[3.5750528552725522 'Spatial' 1 0.39016331584330266 0.30270305314029794
 2.051282051282051 60 8 1 3 0 0]
[4.151919468078409 'Spatial' 1 0.39016331584330266 0.30270305314029794
 0.10256410256410256 60 8 1 4 7 0]
[4.1433933490671135 'Spatial' 1 0.39016331584330266 0.30270305314029794
 0.10256410256410256 60 8 1 5 56 0]
[4.135024859722889 'Spatial' 1 0.39016331584330266 0.30270305314029794
 0.10256410256410256 60 8 1 6 63 0]
[2.307282001410034 'Spatial' 1 0.39016331584330266 0.30270305314029794
 1.7880341880341881 60 8 1 7 63 0]
[1.2645288133280181 'Spatial' 1 0.39016331584330266 0.30270305314029794
 1.1282051282051282 60 8 1 8 63 0]
[1.6496304776139628 'Spatial' 1 0.39016331584330266 0.30270305314029794
 1.9247863247863248 60 8 1 9 63 0]
[1.7796264280876402 'Spatial' 1 0.39016331584330266 0.30270305314029794
 2.1538461538461537 60 8 1 10 63 0]
[0.33595625026427106 'Spatial' 1 0.39016331584330266 0.30270305314029794
 0.7623931623931623 60 8 1 11 63 0]
[0.10975582484525238 'Spatial' 1 0.39016331584330266 0.30270305314029794
 0.6940170940170939 60 8 1 12 63 0]
[0.0313199669630539 'Spatial' 1 0.39016331584330266 0.30270305314029794
 0.6153846153846153 60 8 1 13 55 0]
[0.008472116466368846 'Spatial' 1 0.39016331584330266 0.30270305314029794
 0.5914529914529914 60 8 1 14 62 0]
[0.0022170024136766654 'Spatial' 1 0.39016331584330266 0.30270305314029794
 0.5572649572649572 60 8 1 15 54 0]
[0.000680386764187897 'Spatial' 1 0.39016331584330266 0.30270305314029794
 0.41025641025641024 60 8 1 16 63 0]
[0.0006298016333102192 'Spatial' 1 0.39016331584330266 0.30270305314029794
 0.10256410256410256 60 8 1 17 63 0]
[0.0 'Spatial' 1 0.39016331584330266 0.30270305314029794 0.0 60 8 2 0 63 0]
[4.07472796081783 'Spatial' 1 0.39016331584330266 0.30270305314029794
 1.411965811965812 60 8 2 1 63 0]
[3.885743371208895 'Spatial' 1 0.39016331584330266 0.30270305314029794
 2.0273504273504273 60 8 2 2 63 0]
[3.5750528552725522 'Spatial' 1 0.39016331584330266 0.30270305314029794
 2.051282051282051 60 8 2 3 63 0]
[4.151919468078409 'Spatial' 1 0.39016331584330266 0.30270305314029794
 0.10256410256410256 60 8 2 4 7 0]
[4.1433933490671135 'Spatial' 1 0.39016331584330266 0.30270305314029794
 0.10256410256410256 60 8 2 5 0 0]
[4.135024859722889 'Spatial' 1 0.39016331584330266 0.30270305314029794
 0.10256410256410256 60 8 2 6 56 0]
[2.307282001410034 'Spatial' 1 0.39016331584330266 0.30270305314029794
 1.7880341880341881 60 8 2 7 63 0]
[1.2645288133280181 'Spatial' 1 0.39016331584330266 0.30270305314029794
 1.1282051282051282 60 8 2 8 63 0]
[1.6496304776139628 'Spatial' 1 0.39016331584330266 0.30270305314029794
 1.9247863247863248 60 8 2 9 63 0]
[1.7796264280876402 'Spatial' 1 0.39016331584330266 0.30270305314029794
 2.1538461538461537 60 8 2 10 63 0]
[0.33595625026427106 'Spatial' 1 0.39016331584330266 0.30270305314029794
 0.7623931623931623 60 8 2 11 62 0]
[0.10975582484525238 'Spatial' 1 0.39016331584330266 0.30270305314029794
 0.6940170940170939 60 8 2 12 63 0]
[0.0313199669630539 'Spatial' 1 0.39016331584330266 0.30270305314029794
 0.6153846153846153 60 8 2 13 63 0]
[0.008472116466368846 'Spatial' 1 0.39016331584330266 0.30270305314029794
 0.5914529914529914 60 8 2 14 63 0]
[0.0022170024136766654 'Spatial' 1 0.39016331584330266 0.30270305314029794
 0.5572649572649572 60 8 2 15 63 0]
[0.000680386764187897 'Spatial' 1 0.39016331584330266 0.30270305314029794
 0.41025641025641024 60 8 2 16 63 0]
[0.0006298016333102192 'Spatial' 1 0.39016331584330266 0.30270305314029794
 0.10256410256410256 60 8 2 17 63 0]
[0.0 'Spatial' 1 0.39016331584330266 0.30270305314029794 0.0 60 8 3 0 63 0]
[4.07472796081783 'Spatial' 1 0.39016331584330266 0.30270305314029794
 1.411965811965812 60 8 3 1 63 0]
[3.885743371208895 'Spatial' 1 0.39016331584330266 0.30270305314029794
 2.0273504273504273 60 8 3 2 63 0]
[3.5750528552725522 'Spatial' 1 0.39016331584330266 0.30270305314029794
 2.051282051282051 60 8 3 3 63 0]
[4.151919468078409 'Spatial' 1 0.39016331584330266 0.30270305314029794
 0.10256410256410256 60 8 3 4 63 0]
[4.1433933490671135 'Spatial' 1 0.39016331584330266 0.30270305314029794
 0.10256410256410256 60 8 3 5 63 0]
[4.135024859722889 'Spatial' 1 0.39016331584330266 0.30270305314029794
 0.10256410256410256 60 8 3 6 54 0]
[2.307282001410034 'Spatial' 1 0.39016331584330266 0.30270305314029794
 1.7880341880341881 60 8 3 7 63 0]
[1.2645288133280181 'Spatial' 1 0.39016331584330266 0.30270305314029794
 1.1282051282051282 60 8 3 8 54 0]
[1.6496304776139628 'Spatial' 1 0.39016331584330266 0.30270305314029794
 1.9247863247863248 60 8 3 9 55 0]
[1.7796264280876402 'Spatial' 1 0.39016331584330266 0.30270305314029794
 2.1538461538461537 60 8 3 10 62 0]
[0.33595625026427106 'Spatial' 1 0.39016331584330266 0.30270305314029794
 0.7623931623931623 60 8 3 11 45 0]
[0.10975582484525238 'Spatial' 1 0.39016331584330266 0.30270305314029794
 0.6940170940170939 60 8 3 12 14 0]
[0.0313199669630539 'Spatial' 1 0.39016331584330266 0.30270305314029794
 0.6153846153846153 60 8 3 13 9 0]
[0.008472116466368846 'Spatial' 1 0.39016331584330266 0.30270305314029794
 0.5914529914529914 60 8 3 14 49 0]
[0.0022170024136766654 'Spatial' 1 0.39016331584330266 0.30270305314029794
 0.5572649572649572 60 8 3 15 51 0]
[0.000680386764187897 'Spatial' 1 0.39016331584330266 0.30270305314029794
 0.41025641025641024 60 8 3 16 60 0]
[0.0006298016333102192 'Spatial' 1 0.39016331584330266 0.30270305314029794
 0.10256410256410256 60 8 3 17 59 0]
[0.0 'Spatial' 1 0.39016331584330266 0.30270305314029794 0.0 60 8 4 0 59 0]
[4.07472796081783 'Spatial' 1 0.39016331584330266 0.30270305314029794
 1.411965811965812 60 8 4 1 59 0]
[3.885743371208895 'Spatial' 1 0.39016331584330266 0.30270305314029794
 2.0273504273504273 60 8 4 2 60 0]
[3.5750528552725522 'Spatial' 1 0.39016331584330266 0.30270305314029794
 2.051282051282051 60 8 4 3 59 0]
[4.151919468078409 'Spatial' 1 0.39016331584330266 0.30270305314029794
 0.10256410256410256 60 8 4 4 59 0]
[4.1433933490671135 'Spatial' 1 0.39016331584330266 0.30270305314029794
 0.10256410256410256 60 8 4 5 58 0]
[4.135024859722889 'Spatial' 1 0.39016331584330266 0.30270305314029794
 0.10256410256410256 60 8 4 6 58 0]
[2.307282001410034 'Spatial' 1 0.39016331584330266 0.30270305314029794
 1.7880341880341881 60 8 4 7 58 0]
[1.2645288133280181 'Spatial' 1 0.39016331584330266 0.30270305314029794
 1.1282051282051282 60 8 4 8 10 0]
[1.6496304776139628 'Spatial' 1 0.39016331584330266 0.30270305314029794
 1.9247863247863248 60 8 4 9 13 0]
[1.7796264280876402 'Spatial' 1 0.39016331584330266 0.30270305314029794
 2.1538461538461537 60 8 4 10 7 0]
[0.33595625026427106 'Spatial' 1 0.39016331584330266 0.30270305314029794
 0.7623931623931623 60 8 4 11 14 0]
[0.10975582484525238 'Spatial' 1 0.39016331584330266 0.30270305314029794
 0.6940170940170939 60 8 4 12 21 0]
[0.0313199669630539 'Spatial' 1 0.39016331584330266 0.30270305314029794
 0.6153846153846153 60 8 4 13 14 0]
[0.008472116466368846 'Spatial' 1 0.39016331584330266 0.30270305314029794
 0.5914529914529914 60 8 4 14 5 0]
[0.0022170024136766654 'Spatial' 1 0.39016331584330266 0.30270305314029794
 0.5572649572649572 60 8 4 15 23 0]
[0.000680386764187897 'Spatial' 1 0.39016331584330266 0.30270305314029794
 0.41025641025641024 60 8 4 16 23 0]
[0.0006298016333102192 'Spatial' 1 0.39016331584330266 0.30270305314029794
 0.10256410256410256 60 8 4 17 23 0]
[0.0 'Spatial' 1 0.39016331584330266 0.30270305314029794 0.0 60 8 5 0 23 0]
[4.07472796081783 'Spatial' 1 0.39016331584330266 0.30270305314029794
 1.411965811965812 60 8 5 1 23 0]
[3.885743371208895 'Spatial' 1 0.39016331584330266 0.30270305314029794
 2.0273504273504273 60 8 5 2 23 0]
[3.5750528552725522 'Spatial' 1 0.39016331584330266 0.30270305314029794
 2.051282051282051 60 8 5 3 23 0]
[4.151919468078409 'Spatial' 1 0.39016331584330266 0.30270305314029794
 0.10256410256410256 60 8 5 4 23 0]
[4.1433933490671135 'Spatial' 1 0.39016331584330266 0.30270305314029794
 0.10256410256410256 60 8 5 5 23 0]
[4.135024859722889 'Spatial' 1 0.39016331584330266 0.30270305314029794
 0.10256410256410256 60 8 5 6 23 0]
[2.307282001410034 'Spatial' 1 0.39016331584330266 0.30270305314029794
 1.7880341880341881 60 8 5 7 23 0]
[1.2645288133280181 'Spatial' 1 0.39016331584330266 0.30270305314029794
 1.1282051282051282 60 8 5 8 23 0]
[1.6496304776139628 'Spatial' 1 0.39016331584330266 0.30270305314029794
 1.9247863247863248 60 8 5 9 23 0]
[1.7796264280876402 'Spatial' 1 0.39016331584330266 0.30270305314029794
 2.1538461538461537 60 8 5 10 9 0]
[0.33595625026427106 'Spatial' 1 0.39016331584330266 0.30270305314029794
 0.7623931623931623 60 8 5 11 14 0]
[0.10975582484525238 'Spatial' 1 0.39016331584330266 0.30270305314029794
 0.6940170940170939 60 8 5 12 54 0]
[0.0313199669630539 'Spatial' 1 0.39016331584330266 0.30270305314029794
 0.6153846153846153 60 8 5 13 49 0]
[0.008472116466368846 'Spatial' 1 0.39016331584330266 0.30270305314029794
 0.5914529914529914 60 8 5 14 40 0]
[0.0022170024136766654 'Spatial' 1 0.39016331584330266 0.30270305314029794
 0.5572649572649572 60 8 5 15 58 0]
[0.000680386764187897 'Spatial' 1 0.39016331584330266 0.30270305314029794
 0.41025641025641024 60 8 5 16 42 0]
[0.0006298016333102192 'Spatial' 1 0.39016331584330266 0.30270305314029794
 0.10256410256410256 60 8 5 17 24 0]
[0.0 'Spatial' 1 0.39016331584330266 0.30270305314029794 0.0 60 8 6 0 60 0]
[4.07472796081783 'Spatial' 1 0.39016331584330266 0.30270305314029794
 1.411965811965812 60 8 6 1 56 0]
[3.885743371208895 'Spatial' 1 0.39016331584330266 0.30270305314029794
 2.0273504273504273 60 8 6 2 56 0]
[3.5750528552725522 'Spatial' 1 0.39016331584330266 0.30270305314029794
 2.051282051282051 60 8 6 3 56 0]
[4.151919468078409 'Spatial' 1 0.39016331584330266 0.30270305314029794
 0.10256410256410256 60 8 6 4 56 0]
[4.1433933490671135 'Spatial' 1 0.39016331584330266 0.30270305314029794
 0.10256410256410256 60 8 6 5 56 0]
[4.135024859722889 'Spatial' 1 0.39016331584330266 0.30270305314029794
 0.10256410256410256 60 8 6 6 56 0]
[2.307282001410034 'Spatial' 1 0.39016331584330266 0.30270305314029794
 1.7880341880341881 60 8 6 7 56 0]
[1.2645288133280181 'Spatial' 1 0.39016331584330266 0.30270305314029794
 1.1282051282051282 60 8 6 8 56 0]
[1.6496304776139628 'Spatial' 1 0.39016331584330266 0.30270305314029794
 1.9247863247863248 60 8 6 9 56 0]
[1.7796264280876402 'Spatial' 1 0.39016331584330266 0.30270305314029794
 2.1538461538461537 60 8 6 10 56 0]
[0.33595625026427106 'Spatial' 1 0.39016331584330266 0.30270305314029794
 0.7623931623931623 60 8 6 11 56 0]
[0.10975582484525238 'Spatial' 1 0.39016331584330266 0.30270305314029794
 0.6940170940170939 60 8 6 12 0 0]
[0.0313199669630539 'Spatial' 1 0.39016331584330266 0.30270305314029794
 0.6153846153846153 60 8 6 13 0 0]
[0.008472116466368846 'Spatial' 1 0.39016331584330266 0.30270305314029794
 0.5914529914529914 60 8 6 14 0 0]
[0.0022170024136766654 'Spatial' 1 0.39016331584330266 0.30270305314029794
 0.5572649572649572 60 8 6 15 0 0]
[0.000680386764187897 'Spatial' 1 0.39016331584330266 0.30270305314029794
 0.41025641025641024 60 8 6 16 0 0]
[0.0006298016333102192 'Spatial' 1 0.39016331584330266 0.30270305314029794
 0.10256410256410256 60 8 6 17 0 0]
[0.0 'Spatial' 1 0.39016331584330266 0.30270305314029794 0.0 60 8 7 0 0 0]
[4.07472796081783 'Spatial' 1 0.39016331584330266 0.30270305314029794
 1.411965811965812 60 8 7 1 0 0]
[3.885743371208895 'Spatial' 1 0.39016331584330266 0.30270305314029794
 2.0273504273504273 60 8 7 2 0 0]
[3.5750528552725522 'Spatial' 1 0.39016331584330266 0.30270305314029794
 2.051282051282051 60 8 7 3 0 0]
[4.151919468078409 'Spatial' 1 0.39016331584330266 0.30270305314029794
 0.10256410256410256 60 8 7 4 0 0]
[4.1433933490671135 'Spatial' 1 0.39016331584330266 0.30270305314029794
 0.10256410256410256 60 8 7 5 0 0]
[4.135024859722889 'Spatial' 1 0.39016331584330266 0.30270305314029794
 0.10256410256410256 60 8 7 6 0 0]
[2.307282001410034 'Spatial' 1 0.39016331584330266 0.30270305314029794
 1.7880341880341881 60 8 7 7 0 0]
[1.2645288133280181 'Spatial' 1 0.39016331584330266 0.30270305314029794
 1.1282051282051282 60 8 7 8 0 0]
[1.6496304776139628 'Spatial' 1 0.39016331584330266 0.30270305314029794
 1.9247863247863248 60 8 7 9 0 0]
[1.7796264280876402 'Spatial' 1 0.39016331584330266 0.30270305314029794
 2.1538461538461537 60 8 7 10 0 0]
[0.33595625026427106 'Spatial' 1 0.39016331584330266 0.30270305314029794
 0.7623931623931623 60 8 7 11 0 0]
[0.10975582484525238 'Spatial' 1 0.39016331584330266 0.30270305314029794
 0.6940170940170939 60 8 7 12 0 0]
[0.0313199669630539 'Spatial' 1 0.39016331584330266 0.30270305314029794
 0.6153846153846153 60 8 7 13 0 0]
[0.008472116466368846 'Spatial' 1 0.39016331584330266 0.30270305314029794
 0.5914529914529914 60 8 7 14 7 0]
[0.0022170024136766654 'Spatial' 1 0.39016331584330266 0.30270305314029794
 0.5572649572649572 60 8 7 15 7 0]
[0.000680386764187897 'Spatial' 1 0.39016331584330266 0.30270305314029794
 0.41025641025641024 60 8 7 16 7 0]
[0.0006298016333102192 'Spatial' 1 0.39016331584330266 0.30270305314029794
 0.10256410256410256 60 8 7 17 7 0]
