[0.0 'Conceptual' 1 0.2683690742323046 0.5104767352254562 0.0 5 8 0 0 8 0]
[4.059844774209436 'Conceptual' 1 0.2683690742323046 0.5104767352254562
 4.102564102564102 5 8 0 1 15 0]
[3.77414615281693 'Conceptual' 1 0.2683690742323046 0.5104767352254562
 4.102564102564102 5 8 0 2 59 0]
[3.8226911409817568 'Conceptual' 1 0.2683690742323046 0.5104767352254562
 2.358974358974359 5 8 0 3 4 0]
[1.829055522125806 'Conceptual' 1 0.2683690742323046 0.5104767352254562
 2.4615384615384617 5 8 0 4 58 0]
[4.216964276972972 'Conceptual' 1 0.2683690742323046 0.5104767352254562
 0.10256410256410256 5 8 0 5 62 0]
[2.531455988291409 'Conceptual' 1 0.2683690742323046 0.5104767352254562
 3.634188034188034 5 8 0 6 55 0]
[0.9283541513832033 'Conceptual' 1 0.2683690742323046 0.5104767352254562
 0.10256410256410256 5 8 0 7 63 0]
[0.09852370404159583 'Conceptual' 1 0.2683690742323046 0.5104767352254562
 0.10256410256410256 5 8 0 8 56 0]
[2.206835261418663 'Conceptual' 1 0.2683690742323046 0.5104767352254562
 3.9418803418803416 5 8 0 9 53 0]
[5.619248606944736 'Conceptual' 1 0.2683690742323046 0.5104767352254562
 4.102564102564102 5 8 0 10 61 0]
[0.006890003515979866 'Conceptual' 1 0.2683690742323046 0.5104767352254562
 0.5572649572649572 5 8 0 11 61 0]
[0.0007183427861322049 'Conceptual' 1 0.2683690742323046
 0.5104767352254562 0.41025641025641024 5 8 0 12 61 0]
[0.0006298016333102192 'Conceptual' 1 0.2683690742323046
 0.5104767352254562 0.10256410256410256 5 8 0 13 61 0]
[0.0006298016333102192 'Conceptual' 1 0.2683690742323046
 0.5104767352254562 0.10256410256410256 5 8 0 14 61 0]
[0.0006298016333102192 'Conceptual' 1 0.2683690742323046
 0.5104767352254562 0.10256410256410256 5 8 0 15 61 0]
[0.0006298016333102192 'Conceptual' 1 0.2683690742323046
 0.5104767352254562 0.10256410256410256 5 8 0 16 61 0]
[0.0006298016333102192 'Conceptual' 1 0.2683690742323046
 0.5104767352254562 0.10256410256410256 5 8 0 17 62 0]
[0.0 'Conceptual' 1 0.2683690742323046 0.5104767352254562 0.0 5 8 1 0 62 0]
[4.059844774209436 'Conceptual' 1 0.2683690742323046 0.5104767352254562
 4.102564102564102 5 8 1 1 53 0]
[3.77414615281693 'Conceptual' 1 0.2683690742323046 0.5104767352254562
 4.102564102564102 5 8 1 2 39 0]
[3.8226911409817568 'Conceptual' 1 0.2683690742323046 0.5104767352254562
 2.358974358974359 5 8 1 3 8 0]
[1.829055522125806 'Conceptual' 1 0.2683690742323046 0.5104767352254562
 2.4615384615384617 5 8 1 4 2 0]
[4.216964276972972 'Conceptual' 1 0.2683690742323046 0.5104767352254562
 0.10256410256410256 5 8 1 5 59 0]
[2.531455988291409 'Conceptual' 1 0.2683690742323046 0.5104767352254562
 3.634188034188034 5 8 1 6 56 0]
[0.9283541513832033 'Conceptual' 1 0.2683690742323046 0.5104767352254562
 0.10256410256410256 5 8 1 7 7 0]
[0.09852370404159583 'Conceptual' 1 0.2683690742323046 0.5104767352254562
 0.10256410256410256 5 8 1 8 34 0]
[2.206835261418663 'Conceptual' 1 0.2683690742323046 0.5104767352254562
 3.9418803418803416 5 8 1 9 11 0]
[5.619248606944736 'Conceptual' 1 0.2683690742323046 0.5104767352254562
 4.102564102564102 5 8 1 10 32 0]
[0.006890003515979866 'Conceptual' 1 0.2683690742323046 0.5104767352254562
 0.5572649572649572 5 8 1 11 0 0]
[0.0007183427861322049 'Conceptual' 1 0.2683690742323046
 0.5104767352254562 0.41025641025641024 5 8 1 12 8 0]
[0.0006298016333102192 'Conceptual' 1 0.2683690742323046
 0.5104767352254562 0.10256410256410256 5 8 1 13 31 0]
[0.0006298016333102192 'Conceptual' 1 0.2683690742323046
 0.5104767352254562 0.10256410256410256 5 8 1 14 40 0]
[0.0006298016333102192 'Conceptual' 1 0.2683690742323046
 0.5104767352254562 0.10256410256410256 5 8 1 15 1 0]
[0.0006298016333102192 'Conceptual' 1 0.2683690742323046
 0.5104767352254562 0.10256410256410256 5 8 1 16 8 0]
[0.0006298016333102192 'Conceptual' 1 0.2683690742323046
 0.5104767352254562 0.10256410256410256 5 8 1 17 40 0]
[0.0 'Conceptual' 1 0.2683690742323046 0.5104767352254562 0.0 5 8 2 0 56 0]
[4.059844774209436 'Conceptual' 1 0.2683690742323046 0.5104767352254562
 4.102564102564102 5 8 2 1 31 0]
[3.77414615281693 'Conceptual' 1 0.2683690742323046 0.5104767352254562
 4.102564102564102 5 8 2 2 23 0]
[3.8226911409817568 'Conceptual' 1 0.2683690742323046 0.5104767352254562
 2.358974358974359 5 8 2 3 8 0]
[1.829055522125806 'Conceptual' 1 0.2683690742323046 0.5104767352254562
 2.4615384615384617 5 8 2 4 1 0]
[4.216964276972972 'Conceptual' 1 0.2683690742323046 0.5104767352254562
 0.10256410256410256 5 8 2 5 6 0]
[2.531455988291409 'Conceptual' 1 0.2683690742323046 0.5104767352254562
 3.634188034188034 5 8 2 6 6 0]
[0.9283541513832033 'Conceptual' 1 0.2683690742323046 0.5104767352254562
 0.10256410256410256 5 8 2 7 6 0]
[0.09852370404159583 'Conceptual' 1 0.2683690742323046 0.5104767352254562
 0.10256410256410256 5 8 2 8 6 0]
[2.206835261418663 'Conceptual' 1 0.2683690742323046 0.5104767352254562
 3.9418803418803416 5 8 2 9 6 0]
[5.619248606944736 'Conceptual' 1 0.2683690742323046 0.5104767352254562
 4.102564102564102 5 8 2 10 6 0]
[0.006890003515979866 'Conceptual' 1 0.2683690742323046 0.5104767352254562
 0.5572649572649572 5 8 2 11 5 0]
[0.0007183427861322049 'Conceptual' 1 0.2683690742323046
 0.5104767352254562 0.41025641025641024 5 8 2 12 7 0]
[0.0006298016333102192 'Conceptual' 1 0.2683690742323046
 0.5104767352254562 0.10256410256410256 5 8 2 13 6 0]
[0.0006298016333102192 'Conceptual' 1 0.2683690742323046
 0.5104767352254562 0.10256410256410256 5 8 2 14 5 0]
[0.0006298016333102192 'Conceptual' 1 0.2683690742323046
 0.5104767352254562 0.10256410256410256 5 8 2 15 6 0]
[0.0006298016333102192 'Conceptual' 1 0.2683690742323046
 0.5104767352254562 0.10256410256410256 5 8 2 16 6 0]
[0.0006298016333102192 'Conceptual' 1 0.2683690742323046
 0.5104767352254562 0.10256410256410256 5 8 2 17 6 0]
[0.0 'Conceptual' 1 0.2683690742323046 0.5104767352254562 0.0 5 8 3 0 6 0]
[4.059844774209436 'Conceptual' 1 0.2683690742323046 0.5104767352254562
 4.102564102564102 5 8 3 1 6 0]
[3.77414615281693 'Conceptual' 1 0.2683690742323046 0.5104767352254562
 4.102564102564102 5 8 3 2 6 0]
[3.8226911409817568 'Conceptual' 1 0.2683690742323046 0.5104767352254562
 2.358974358974359 5 8 3 3 6 0]
[1.829055522125806 'Conceptual' 1 0.2683690742323046 0.5104767352254562
 2.4615384615384617 5 8 3 4 14 0]
[4.216964276972972 'Conceptual' 1 0.2683690742323046 0.5104767352254562
 0.10256410256410256 5 8 3 5 6 0]
[2.531455988291409 'Conceptual' 1 0.2683690742323046 0.5104767352254562
 3.634188034188034 5 8 3 6 15 0]
[0.9283541513832033 'Conceptual' 1 0.2683690742323046 0.5104767352254562
 0.10256410256410256 5 8 3 7 39 0]
[0.09852370404159583 'Conceptual' 1 0.2683690742323046 0.5104767352254562
 0.10256410256410256 5 8 3 8 63 0]
[2.206835261418663 'Conceptual' 1 0.2683690742323046 0.5104767352254562
 3.9418803418803416 5 8 3 9 63 0]
[5.619248606944736 'Conceptual' 1 0.2683690742323046 0.5104767352254562
 4.102564102564102 5 8 3 10 63 0]
[0.006890003515979866 'Conceptual' 1 0.2683690742323046 0.5104767352254562
 0.5572649572649572 5 8 3 11 62 0]
[0.0007183427861322049 'Conceptual' 1 0.2683690742323046
 0.5104767352254562 0.41025641025641024 5 8 3 12 63 0]
[0.0006298016333102192 'Conceptual' 1 0.2683690742323046
 0.5104767352254562 0.10256410256410256 5 8 3 13 63 0]
[0.0006298016333102192 'Conceptual' 1 0.2683690742323046
 0.5104767352254562 0.10256410256410256 5 8 3 14 63 0]
[0.0006298016333102192 'Conceptual' 1 0.2683690742323046
 0.5104767352254562 0.10256410256410256 5 8 3 15 63 0]
[0.0006298016333102192 'Conceptual' 1 0.2683690742323046
 0.5104767352254562 0.10256410256410256 5 8 3 16 63 0]
[0.0006298016333102192 'Conceptual' 1 0.2683690742323046
 0.5104767352254562 0.10256410256410256 5 8 3 17 63 0]
[0.0 'Conceptual' 1 0.2683690742323046 0.5104767352254562 0.0 5 8 4 0 63 0]
[4.059844774209436 'Conceptual' 1 0.2683690742323046 0.5104767352254562
 4.102564102564102 5 8 4 1 63 0]
[3.77414615281693 'Conceptual' 1 0.2683690742323046 0.5104767352254562
 4.102564102564102 5 8 4 2 63 0]
[3.8226911409817568 'Conceptual' 1 0.2683690742323046 0.5104767352254562
 2.358974358974359 5 8 4 3 63 0]
[1.829055522125806 'Conceptual' 1 0.2683690742323046 0.5104767352254562
 2.4615384615384617 5 8 4 4 63 0]
[4.216964276972972 'Conceptual' 1 0.2683690742323046 0.5104767352254562
 0.10256410256410256 5 8 4 5 63 0]
[2.531455988291409 'Conceptual' 1 0.2683690742323046 0.5104767352254562
 3.634188034188034 5 8 4 6 63 0]
[0.9283541513832033 'Conceptual' 1 0.2683690742323046 0.5104767352254562
 0.10256410256410256 5 8 4 7 63 0]
[0.09852370404159583 'Conceptual' 1 0.2683690742323046 0.5104767352254562
 0.10256410256410256 5 8 4 8 0 0]
[2.206835261418663 'Conceptual' 1 0.2683690742323046 0.5104767352254562
 3.9418803418803416 5 8 4 9 3 0]
[5.619248606944736 'Conceptual' 1 0.2683690742323046 0.5104767352254562
 4.102564102564102 5 8 4 10 63 0]
[0.006890003515979866 'Conceptual' 1 0.2683690742323046 0.5104767352254562
 0.5572649572649572 5 8 4 11 63 0]
[0.0007183427861322049 'Conceptual' 1 0.2683690742323046
 0.5104767352254562 0.41025641025641024 5 8 4 12 63 0]
[0.0006298016333102192 'Conceptual' 1 0.2683690742323046
 0.5104767352254562 0.10256410256410256 5 8 4 13 62 0]
[0.0006298016333102192 'Conceptual' 1 0.2683690742323046
 0.5104767352254562 0.10256410256410256 5 8 4 14 63 0]
[0.0006298016333102192 'Conceptual' 1 0.2683690742323046
 0.5104767352254562 0.10256410256410256 5 8 4 15 55 0]
[0.0006298016333102192 'Conceptual' 1 0.2683690742323046
 0.5104767352254562 0.10256410256410256 5 8 4 16 55 0]
[0.0006298016333102192 'Conceptual' 1 0.2683690742323046
 0.5104767352254562 0.10256410256410256 5 8 4 17 63 0]
[0.0 'Conceptual' 1 0.2683690742323046 0.5104767352254562 0.0 5 8 5 0 47 0]
[4.059844774209436 'Conceptual' 1 0.2683690742323046 0.5104767352254562
 4.102564102564102 5 8 5 1 63 0]
[3.77414615281693 'Conceptual' 1 0.2683690742323046 0.5104767352254562
 4.102564102564102 5 8 5 2 63 0]
[3.8226911409817568 'Conceptual' 1 0.2683690742323046 0.5104767352254562
 2.358974358974359 5 8 5 3 63 0]
[1.829055522125806 'Conceptual' 1 0.2683690742323046 0.5104767352254562
 2.4615384615384617 5 8 5 4 63 0]
[4.216964276972972 'Conceptual' 1 0.2683690742323046 0.5104767352254562
 0.10256410256410256 5 8 5 5 63 0]
[2.531455988291409 'Conceptual' 1 0.2683690742323046 0.5104767352254562
 3.634188034188034 5 8 5 6 55 0]
[0.9283541513832033 'Conceptual' 1 0.2683690742323046 0.5104767352254562
 0.10256410256410256 5 8 5 7 55 0]
[0.09852370404159583 'Conceptual' 1 0.2683690742323046 0.5104767352254562
 0.10256410256410256 5 8 5 8 63 0]
[2.206835261418663 'Conceptual' 1 0.2683690742323046 0.5104767352254562
 3.9418803418803416 5 8 5 9 63 0]
[5.619248606944736 'Conceptual' 1 0.2683690742323046 0.5104767352254562
 4.102564102564102 5 8 5 10 63 0]
[0.006890003515979866 'Conceptual' 1 0.2683690742323046 0.5104767352254562
 0.5572649572649572 5 8 5 11 62 0]
[0.0007183427861322049 'Conceptual' 1 0.2683690742323046
 0.5104767352254562 0.41025641025641024 5 8 5 12 63 0]
[0.0006298016333102192 'Conceptual' 1 0.2683690742323046
 0.5104767352254562 0.10256410256410256 5 8 5 13 55 0]
[0.0006298016333102192 'Conceptual' 1 0.2683690742323046
 0.5104767352254562 0.10256410256410256 5 8 5 14 63 0]
[0.0006298016333102192 'Conceptual' 1 0.2683690742323046
 0.5104767352254562 0.10256410256410256 5 8 5 15 59 0]
[0.0006298016333102192 'Conceptual' 1 0.2683690742323046
 0.5104767352254562 0.10256410256410256 5 8 5 16 0 0]
[0.0006298016333102192 'Conceptual' 1 0.2683690742323046
 0.5104767352254562 0.10256410256410256 5 8 5 17 63 0]
[0.0 'Conceptual' 1 0.2683690742323046 0.5104767352254562 0.0 5 8 6 0 63 0]
[4.059844774209436 'Conceptual' 1 0.2683690742323046 0.5104767352254562
 4.102564102564102 5 8 6 1 63 0]
[3.77414615281693 'Conceptual' 1 0.2683690742323046 0.5104767352254562
 4.102564102564102 5 8 6 2 63 0]
[3.8226911409817568 'Conceptual' 1 0.2683690742323046 0.5104767352254562
 2.358974358974359 5 8 6 3 63 0]
[1.829055522125806 'Conceptual' 1 0.2683690742323046 0.5104767352254562
 2.4615384615384617 5 8 6 4 63 0]
[4.216964276972972 'Conceptual' 1 0.2683690742323046 0.5104767352254562
 0.10256410256410256 5 8 6 5 63 0]
[2.531455988291409 'Conceptual' 1 0.2683690742323046 0.5104767352254562
 3.634188034188034 5 8 6 6 62 0]
[0.9283541513832033 'Conceptual' 1 0.2683690742323046 0.5104767352254562
 0.10256410256410256 5 8 6 7 55 0]
[0.09852370404159583 'Conceptual' 1 0.2683690742323046 0.5104767352254562
 0.10256410256410256 5 8 6 8 63 0]
[2.206835261418663 'Conceptual' 1 0.2683690742323046 0.5104767352254562
 3.9418803418803416 5 8 6 9 63 0]
[5.619248606944736 'Conceptual' 1 0.2683690742323046 0.5104767352254562
 4.102564102564102 5 8 6 10 63 0]
[0.006890003515979866 'Conceptual' 1 0.2683690742323046 0.5104767352254562
 0.5572649572649572 5 8 6 11 63 0]
[0.0007183427861322049 'Conceptual' 1 0.2683690742323046
 0.5104767352254562 0.41025641025641024 5 8 6 12 63 0]
[0.0006298016333102192 'Conceptual' 1 0.2683690742323046
 0.5104767352254562 0.10256410256410256 5 8 6 13 7 0]
[0.0006298016333102192 'Conceptual' 1 0.2683690742323046
 0.5104767352254562 0.10256410256410256 5 8 6 14 56 0]
[0.0006298016333102192 'Conceptual' 1 0.2683690742323046
 0.5104767352254562 0.10256410256410256 5 8 6 15 0 0]
[0.0006298016333102192 'Conceptual' 1 0.2683690742323046
 0.5104767352254562 0.10256410256410256 5 8 6 16 6 0]
[0.0006298016333102192 'Conceptual' 1 0.2683690742323046
 0.5104767352254562 0.10256410256410256 5 8 6 17 15 0]
[0.0 'Conceptual' 1 0.2683690742323046 0.5104767352254562 0.0 5 8 7 0 7 0]
[4.059844774209436 'Conceptual' 1 0.2683690742323046 0.5104767352254562
 4.102564102564102 5 8 7 1 13 0]
[3.77414615281693 'Conceptual' 1 0.2683690742323046 0.5104767352254562
 4.102564102564102 5 8 7 2 6 0]
[3.8226911409817568 'Conceptual' 1 0.2683690742323046 0.5104767352254562
 2.358974358974359 5 8 7 3 3 0]
[1.829055522125806 'Conceptual' 1 0.2683690742323046 0.5104767352254562
 2.4615384615384617 5 8 7 4 5 0]
[4.216964276972972 'Conceptual' 1 0.2683690742323046 0.5104767352254562
 0.10256410256410256 5 8 7 5 7 0]
[2.531455988291409 'Conceptual' 1 0.2683690742323046 0.5104767352254562
 3.634188034188034 5 8 7 6 15 0]
[0.9283541513832033 'Conceptual' 1 0.2683690742323046 0.5104767352254562
 0.10256410256410256 5 8 7 7 6 0]
[0.09852370404159583 'Conceptual' 1 0.2683690742323046 0.5104767352254562
 0.10256410256410256 5 8 7 8 6 0]
[2.206835261418663 'Conceptual' 1 0.2683690742323046 0.5104767352254562
 3.9418803418803416 5 8 7 9 26 0]
[5.619248606944736 'Conceptual' 1 0.2683690742323046 0.5104767352254562
 4.102564102564102 5 8 7 10 61 0]
[0.006890003515979866 'Conceptual' 1 0.2683690742323046 0.5104767352254562
 0.5572649572649572 5 8 7 11 63 0]
[0.0007183427861322049 'Conceptual' 1 0.2683690742323046
 0.5104767352254562 0.41025641025641024 5 8 7 12 23 0]
[0.0006298016333102192 'Conceptual' 1 0.2683690742323046
 0.5104767352254562 0.10256410256410256 5 8 7 13 19 0]
[0.0006298016333102192 'Conceptual' 1 0.2683690742323046
 0.5104767352254562 0.10256410256410256 5 8 7 14 63 0]
[0.0006298016333102192 'Conceptual' 1 0.2683690742323046
 0.5104767352254562 0.10256410256410256 5 8 7 15 56 0]
[0.0006298016333102192 'Conceptual' 1 0.2683690742323046
 0.5104767352254562 0.10256410256410256 5 8 7 16 56 0]
[0.0006298016333102192 'Conceptual' 1 0.2683690742323046
 0.5104767352254562 0.10256410256410256 5 8 7 17 56 0]
