[0.0 'Conceptual' 0 0.14057434742419014 0.8593700459168351 0.0 72 0 1 0 27
 1]
[3.553935699025067 'Conceptual' 0 0.14057434742419014 0.8593700459168351
 4.102564102564102 72 0 1 1 38 1]
[3.0042147789961713 'Conceptual' 0 0.14057434742419014 0.8593700459168351
 3.8735042735042735 72 0 1 2 54 1]
[2.705802623049929 'Conceptual' 0 0.14057434742419014 0.8593700459168351
 3.8735042735042735 72 0 1 3 63 1]
[3.8168437717817985 'Conceptual' 0 0.14057434742419014 0.8593700459168351
 1.5829059829059828 72 0 1 4 63 1]
[2.048183335140363 'Conceptual' 0 0.14057434742419014 0.8593700459168351
 2.3008547008547007 72 0 1 5 63 1]
[3.9793562467384342 'Conceptual' 0 0.14057434742419014 0.8593700459168351
 0.7965811965811965 72 0 1 6 62 1]
[3.8927870819828145 'Conceptual' 0 0.14057434742419014 0.8593700459168351
 0.8205128205128205 72 0 1 7 60 1]
[3.835792195794424 'Conceptual' 0 0.14057434742419014 0.8593700459168351
 0.8205128205128205 72 0 1 8 62 1]
[6.5270829461658195 'Conceptual' 0 0.14057434742419014 0.8593700459168351
 4.102564102564102 72 0 1 9 61 1]
[4.1695137921829915 'Conceptual' 0 0.14057434742419014 0.8593700459168351
 0.6598290598290598 72 0 1 10 62 1]
[0.08126501283479168 'Conceptual' 0 0.14057434742419014 0.8593700459168351
 0.923076923076923 72 0 1 11 61 1]
[1.6119649205792446 'Conceptual' 0 0.14057434742419014 0.8593700459168351
 2.358974358974359 72 0 1 12 61 1]
[1.1927332951925544 'Conceptual' 0 0.14057434742419014 0.8593700459168351
 2.335042735042735 72 0 1 13 62 1]
[1.9101827652875414 'Conceptual' 0 0.14057434742419014 0.8593700459168351
 3.4871794871794872 72 0 1 14 62 1]
[3.135589962554807 'Conceptual' 0 0.14057434742419014 0.8593700459168351
 4.102564102564102 72 0 1 15 61 1]
[3.703741447460209 'Conceptual' 0 0.14057434742419014 0.8593700459168351
 4.102564102564102 72 0 1 16 61 1]
[2.648156681313185 'Conceptual' 0 0.14057434742419014 0.8593700459168351
 4.102564102564102 72 0 1 17 62 1]
[0.0 'Conceptual' 0 0.14057434742419014 0.8593700459168351 0.0 72 0 2 0 61
 1]
[3.553935699025067 'Conceptual' 0 0.14057434742419014 0.8593700459168351
 4.102564102564102 72 0 2 1 61 1]
[3.0042147789961713 'Conceptual' 0 0.14057434742419014 0.8593700459168351
 3.8735042735042735 72 0 2 2 39 1]
[2.705802623049929 'Conceptual' 0 0.14057434742419014 0.8593700459168351
 3.8735042735042735 72 0 2 3 14 1]
[3.8168437717817985 'Conceptual' 0 0.14057434742419014 0.8593700459168351
 1.5829059829059828 72 0 2 4 51 1]
[2.048183335140363 'Conceptual' 0 0.14057434742419014 0.8593700459168351
 2.3008547008547007 72 0 2 5 38 1]
[3.9793562467384342 'Conceptual' 0 0.14057434742419014 0.8593700459168351
 0.7965811965811965 72 0 2 6 27 1]
[3.8927870819828145 'Conceptual' 0 0.14057434742419014 0.8593700459168351
 0.8205128205128205 72 0 2 7 17 1]
[3.835792195794424 'Conceptual' 0 0.14057434742419014 0.8593700459168351
 0.8205128205128205 72 0 2 8 25 1]
[6.5270829461658195 'Conceptual' 0 0.14057434742419014 0.8593700459168351
 4.102564102564102 72 0 2 9 26 1]
[4.1695137921829915 'Conceptual' 0 0.14057434742419014 0.8593700459168351
 0.6598290598290598 72 0 2 10 36 1]
[0.08126501283479168 'Conceptual' 0 0.14057434742419014 0.8593700459168351
 0.923076923076923 72 0 2 11 27 1]
[1.6119649205792446 'Conceptual' 0 0.14057434742419014 0.8593700459168351
 2.358974358974359 72 0 2 12 28 1]
[1.1927332951925544 'Conceptual' 0 0.14057434742419014 0.8593700459168351
 2.335042735042735 72 0 2 13 26 1]
[1.9101827652875414 'Conceptual' 0 0.14057434742419014 0.8593700459168351
 3.4871794871794872 72 0 2 14 26 1]
[3.135589962554807 'Conceptual' 0 0.14057434742419014 0.8593700459168351
 4.102564102564102 72 0 2 15 17 1]
[3.703741447460209 'Conceptual' 0 0.14057434742419014 0.8593700459168351
 4.102564102564102 72 0 2 16 25 1]
[2.648156681313185 'Conceptual' 0 0.14057434742419014 0.8593700459168351
 4.102564102564102 72 0 2 17 35 1]
[0.0 'Conceptual' 0 0.14057434742419014 0.8593700459168351 0.0 72 0 3 0 18
 1]
[3.553935699025067 'Conceptual' 0 0.14057434742419014 0.8593700459168351
 4.102564102564102 72 0 3 1 18 1]
[3.0042147789961713 'Conceptual' 0 0.14057434742419014 0.8593700459168351
 3.8735042735042735 72 0 3 2 18 1]
[2.705802623049929 'Conceptual' 0 0.14057434742419014 0.8593700459168351
 3.8735042735042735 72 0 3 3 19 1]
[3.8168437717817985 'Conceptual' 0 0.14057434742419014 0.8593700459168351
 1.5829059829059828 72 0 3 4 33 1]
[2.048183335140363 'Conceptual' 0 0.14057434742419014 0.8593700459168351
 2.3008547008547007 72 0 3 5 60 1]
[3.9793562467384342 'Conceptual' 0 0.14057434742419014 0.8593700459168351
 0.7965811965811965 72 0 3 6 7 1]
[3.8927870819828145 'Conceptual' 0 0.14057434742419014 0.8593700459168351
 0.8205128205128205 72 0 3 7 5 1]
[3.835792195794424 'Conceptual' 0 0.14057434742419014 0.8593700459168351
 0.8205128205128205 72 0 3 8 15 1]
[6.5270829461658195 'Conceptual' 0 0.14057434742419014 0.8593700459168351
 4.102564102564102 72 0 3 9 23 1]
[4.1695137921829915 'Conceptual' 0 0.14057434742419014 0.8593700459168351
 0.6598290598290598 72 0 3 10 31 1]
[0.08126501283479168 'Conceptual' 0 0.14057434742419014 0.8593700459168351
 0.923076923076923 72 0 3 11 39 1]
[1.6119649205792446 'Conceptual' 0 0.14057434742419014 0.8593700459168351
 2.358974358974359 72 0 3 12 55 1]
[1.1927332951925544 'Conceptual' 0 0.14057434742419014 0.8593700459168351
 2.335042735042735 72 0 3 13 46 1]
[1.9101827652875414 'Conceptual' 0 0.14057434742419014 0.8593700459168351
 3.4871794871794872 72 0 3 14 39 1]
[3.135589962554807 'Conceptual' 0 0.14057434742419014 0.8593700459168351
 4.102564102564102 72 0 3 15 38 1]
[3.703741447460209 'Conceptual' 0 0.14057434742419014 0.8593700459168351
 4.102564102564102 72 0 3 16 38 1]
[2.648156681313185 'Conceptual' 0 0.14057434742419014 0.8593700459168351
 4.102564102564102 72 0 3 17 38 1]
[0.0 'Conceptual' 0 0.14057434742419014 0.8593700459168351 0.0 72 0 4 0 38
 1]
[3.553935699025067 'Conceptual' 0 0.14057434742419014 0.8593700459168351
 4.102564102564102 72 0 4 1 37 1]
[3.0042147789961713 'Conceptual' 0 0.14057434742419014 0.8593700459168351
 3.8735042735042735 72 0 4 2 38 1]
[2.705802623049929 'Conceptual' 0 0.14057434742419014 0.8593700459168351
 3.8735042735042735 72 0 4 3 38 1]
[3.8168437717817985 'Conceptual' 0 0.14057434742419014 0.8593700459168351
 1.5829059829059828 72 0 4 4 38 1]
[2.048183335140363 'Conceptual' 0 0.14057434742419014 0.8593700459168351
 2.3008547008547007 72 0 4 5 38 1]
[3.9793562467384342 'Conceptual' 0 0.14057434742419014 0.8593700459168351
 0.7965811965811965 72 0 4 6 49 1]
[3.8927870819828145 'Conceptual' 0 0.14057434742419014 0.8593700459168351
 0.8205128205128205 72 0 4 7 43 1]
[3.835792195794424 'Conceptual' 0 0.14057434742419014 0.8593700459168351
 0.8205128205128205 72 0 4 8 43 1]
[6.5270829461658195 'Conceptual' 0 0.14057434742419014 0.8593700459168351
 4.102564102564102 72 0 4 9 34 1]
[4.1695137921829915 'Conceptual' 0 0.14057434742419014 0.8593700459168351
 0.6598290598290598 72 0 4 10 42 1]
[0.08126501283479168 'Conceptual' 0 0.14057434742419014 0.8593700459168351
 0.923076923076923 72 0 4 11 49 1]
[1.6119649205792446 'Conceptual' 0 0.14057434742419014 0.8593700459168351
 2.358974358974359 72 0 4 12 43 1]
[1.1927332951925544 'Conceptual' 0 0.14057434742419014 0.8593700459168351
 2.335042735042735 72 0 4 13 35 1]
[1.9101827652875414 'Conceptual' 0 0.14057434742419014 0.8593700459168351
 3.4871794871794872 72 0 4 14 44 1]
[3.135589962554807 'Conceptual' 0 0.14057434742419014 0.8593700459168351
 4.102564102564102 72 0 4 15 45 1]
[3.703741447460209 'Conceptual' 0 0.14057434742419014 0.8593700459168351
 4.102564102564102 72 0 4 16 46 1]
[2.648156681313185 'Conceptual' 0 0.14057434742419014 0.8593700459168351
 4.102564102564102 72 0 4 17 44 1]
[0.0 'Conceptual' 0 0.14057434742419014 0.8593700459168351 0.0 72 0 5 0 44
 1]
[3.553935699025067 'Conceptual' 0 0.14057434742419014 0.8593700459168351
 4.102564102564102 72 0 5 1 36 1]
[3.0042147789961713 'Conceptual' 0 0.14057434742419014 0.8593700459168351
 3.8735042735042735 72 0 5 2 44 1]
[2.705802623049929 'Conceptual' 0 0.14057434742419014 0.8593700459168351
 3.8735042735042735 72 0 5 3 44 1]
[3.8168437717817985 'Conceptual' 0 0.14057434742419014 0.8593700459168351
 1.5829059829059828 72 0 5 4 44 1]
[2.048183335140363 'Conceptual' 0 0.14057434742419014 0.8593700459168351
 2.3008547008547007 72 0 5 5 44 1]
[3.9793562467384342 'Conceptual' 0 0.14057434742419014 0.8593700459168351
 0.7965811965811965 72 0 5 6 44 1]
[3.8927870819828145 'Conceptual' 0 0.14057434742419014 0.8593700459168351
 0.8205128205128205 72 0 5 7 44 1]
[3.835792195794424 'Conceptual' 0 0.14057434742419014 0.8593700459168351
 0.8205128205128205 72 0 5 8 24 1]
[6.5270829461658195 'Conceptual' 0 0.14057434742419014 0.8593700459168351
 4.102564102564102 72 0 5 9 56 1]
[4.1695137921829915 'Conceptual' 0 0.14057434742419014 0.8593700459168351
 0.6598290598290598 72 0 5 10 49 1]
[0.08126501283479168 'Conceptual' 0 0.14057434742419014 0.8593700459168351
 0.923076923076923 72 0 5 11 42 1]
[1.6119649205792446 'Conceptual' 0 0.14057434742419014 0.8593700459168351
 2.358974358974359 72 0 5 12 48 1]
[1.1927332951925544 'Conceptual' 0 0.14057434742419014 0.8593700459168351
 2.335042735042735 72 0 5 13 58 1]
[1.9101827652875414 'Conceptual' 0 0.14057434742419014 0.8593700459168351
 3.4871794871794872 72 0 5 14 58 1]
[3.135589962554807 'Conceptual' 0 0.14057434742419014 0.8593700459168351
 4.102564102564102 72 0 5 15 59 1]
[3.703741447460209 'Conceptual' 0 0.14057434742419014 0.8593700459168351
 4.102564102564102 72 0 5 16 57 1]
[2.648156681313185 'Conceptual' 0 0.14057434742419014 0.8593700459168351
 4.102564102564102 72 0 5 17 56 1]
[0.0 'Conceptual' 0 0.14057434742419014 0.8593700459168351 0.0 72 0 6 0 49
 1]
[3.553935699025067 'Conceptual' 0 0.14057434742419014 0.8593700459168351
 4.102564102564102 72 0 6 1 58 1]
[3.0042147789961713 'Conceptual' 0 0.14057434742419014 0.8593700459168351
 3.8735042735042735 72 0 6 2 59 1]
[2.705802623049929 'Conceptual' 0 0.14057434742419014 0.8593700459168351
 3.8735042735042735 72 0 6 3 58 1]
[3.8168437717817985 'Conceptual' 0 0.14057434742419014 0.8593700459168351
 1.5829059829059828 72 0 6 4 58 1]
[2.048183335140363 'Conceptual' 0 0.14057434742419014 0.8593700459168351
 2.3008547008547007 72 0 6 5 58 1]
[3.9793562467384342 'Conceptual' 0 0.14057434742419014 0.8593700459168351
 0.7965811965811965 72 0 6 6 58 1]
[3.8927870819828145 'Conceptual' 0 0.14057434742419014 0.8593700459168351
 0.8205128205128205 72 0 6 7 58 1]
[3.835792195794424 'Conceptual' 0 0.14057434742419014 0.8593700459168351
 0.8205128205128205 72 0 6 8 58 1]
[6.5270829461658195 'Conceptual' 0 0.14057434742419014 0.8593700459168351
 4.102564102564102 72 0 6 9 58 1]
[4.1695137921829915 'Conceptual' 0 0.14057434742419014 0.8593700459168351
 0.6598290598290598 72 0 6 10 18 1]
[0.08126501283479168 'Conceptual' 0 0.14057434742419014 0.8593700459168351
 0.923076923076923 72 0 6 11 9 1]
[1.6119649205792446 'Conceptual' 0 0.14057434742419014 0.8593700459168351
 2.358974358974359 72 0 6 12 27 1]
[1.1927332951925544 'Conceptual' 0 0.14057434742419014 0.8593700459168351
 2.335042735042735 72 0 6 13 36 1]
[1.9101827652875414 'Conceptual' 0 0.14057434742419014 0.8593700459168351
 3.4871794871794872 72 0 6 14 35 1]
[3.135589962554807 'Conceptual' 0 0.14057434742419014 0.8593700459168351
 4.102564102564102 72 0 6 15 25 1]
[3.703741447460209 'Conceptual' 0 0.14057434742419014 0.8593700459168351
 4.102564102564102 72 0 6 16 33 1]
[2.648156681313185 'Conceptual' 0 0.14057434742419014 0.8593700459168351
 4.102564102564102 72 0 6 17 41 1]
[0.0 'Conceptual' 0 0.14057434742419014 0.8593700459168351 0.0 72 0 7 0 49
 1]
[3.553935699025067 'Conceptual' 0 0.14057434742419014 0.8593700459168351
 4.102564102564102 72 0 7 1 40 1]
[3.0042147789961713 'Conceptual' 0 0.14057434742419014 0.8593700459168351
 3.8735042735042735 72 0 7 2 48 1]
[2.705802623049929 'Conceptual' 0 0.14057434742419014 0.8593700459168351
 3.8735042735042735 72 0 7 3 56 1]
[3.8168437717817985 'Conceptual' 0 0.14057434742419014 0.8593700459168351
 1.5829059829059828 72 0 7 4 48 1]
[2.048183335140363 'Conceptual' 0 0.14057434742419014 0.8593700459168351
 2.3008547008547007 72 0 7 5 49 1]
[3.9793562467384342 'Conceptual' 0 0.14057434742419014 0.8593700459168351
 0.7965811965811965 72 0 7 6 48 1]
[3.8927870819828145 'Conceptual' 0 0.14057434742419014 0.8593700459168351
 0.8205128205128205 72 0 7 7 48 1]
[3.835792195794424 'Conceptual' 0 0.14057434742419014 0.8593700459168351
 0.8205128205128205 72 0 7 8 48 1]
[6.5270829461658195 'Conceptual' 0 0.14057434742419014 0.8593700459168351
 4.102564102564102 72 0 7 9 48 1]
[4.1695137921829915 'Conceptual' 0 0.14057434742419014 0.8593700459168351
 0.6598290598290598 72 0 7 10 48 1]
[0.08126501283479168 'Conceptual' 0 0.14057434742419014 0.8593700459168351
 0.923076923076923 72 0 7 11 48 1]
[1.6119649205792446 'Conceptual' 0 0.14057434742419014 0.8593700459168351
 2.358974358974359 72 0 7 12 10 1]
[1.1927332951925544 'Conceptual' 0 0.14057434742419014 0.8593700459168351
 2.335042735042735 72 0 7 13 19 1]
[1.9101827652875414 'Conceptual' 0 0.14057434742419014 0.8593700459168351
 3.4871794871794872 72 0 7 14 18 1]
[3.135589962554807 'Conceptual' 0 0.14057434742419014 0.8593700459168351
 4.102564102564102 72 0 7 15 8 1]
[3.703741447460209 'Conceptual' 0 0.14057434742419014 0.8593700459168351
 4.102564102564102 72 0 7 16 9 1]
[2.648156681313185 'Conceptual' 0 0.14057434742419014 0.8593700459168351
 4.102564102564102 72 0 7 17 1 1]
[0.0 'Conceptual' 0 0.14057434742419014 0.8593700459168351 0.0 72 0 8 0 10
 1]
[3.553935699025067 'Conceptual' 0 0.14057434742419014 0.8593700459168351
 4.102564102564102 72 0 8 1 11 1]
[3.0042147789961713 'Conceptual' 0 0.14057434742419014 0.8593700459168351
 3.8735042735042735 72 0 8 2 12 1]
[2.705802623049929 'Conceptual' 0 0.14057434742419014 0.8593700459168351
 3.8735042735042735 72 0 8 3 11 1]
[3.8168437717817985 'Conceptual' 0 0.14057434742419014 0.8593700459168351
 1.5829059829059828 72 0 8 4 2 1]
[2.048183335140363 'Conceptual' 0 0.14057434742419014 0.8593700459168351
 2.3008547008547007 72 0 8 5 18 1]
[3.9793562467384342 'Conceptual' 0 0.14057434742419014 0.8593700459168351
 0.7965811965811965 72 0 8 6 11 1]
[3.8927870819828145 'Conceptual' 0 0.14057434742419014 0.8593700459168351
 0.8205128205128205 72 0 8 7 3 1]
[3.835792195794424 'Conceptual' 0 0.14057434742419014 0.8593700459168351
 0.8205128205128205 72 0 8 8 4 1]
[6.5270829461658195 'Conceptual' 0 0.14057434742419014 0.8593700459168351
 4.102564102564102 72 0 8 9 3 1]
[4.1695137921829915 'Conceptual' 0 0.14057434742419014 0.8593700459168351
 0.6598290598290598 72 0 8 10 3 1]
[0.08126501283479168 'Conceptual' 0 0.14057434742419014 0.8593700459168351
 0.923076923076923 72 0 8 11 3 1]
[1.6119649205792446 'Conceptual' 0 0.14057434742419014 0.8593700459168351
 2.358974358974359 72 0 8 12 3 1]
[1.1927332951925544 'Conceptual' 0 0.14057434742419014 0.8593700459168351
 2.335042735042735 72 0 8 13 3 1]
[1.9101827652875414 'Conceptual' 0 0.14057434742419014 0.8593700459168351
 3.4871794871794872 72 0 8 14 43 1]
[3.135589962554807 'Conceptual' 0 0.14057434742419014 0.8593700459168351
 4.102564102564102 72 0 8 15 35 1]
[3.703741447460209 'Conceptual' 0 0.14057434742419014 0.8593700459168351
 4.102564102564102 72 0 8 16 36 1]
[2.648156681313185 'Conceptual' 0 0.14057434742419014 0.8593700459168351
 4.102564102564102 72 0 8 17 39 1]
