[0.0 'Conceptual' 1 0.23814845203397786 0.039894340548844075 0.0 101 8 0 0
 20 0]
[3.8867903270744932 'Conceptual' 1 0.23814845203397786
 0.039894340548844075 3.770940170940171 101 8 0 1 20 0]
[2.4484871578327265 'Conceptual' 1 0.23814845203397786
 0.039894340548844075 0.10256410256410256 101 8 0 2 5 0]
[4.767880655090276 'Conceptual' 1 0.23814845203397786 0.039894340548844075
 0.10256410256410256 101 8 0 3 50 0]
[3.228727487478831 'Conceptual' 1 0.23814845203397786 0.039894340548844075
 3.634188034188034 101 8 0 4 63 0]
[3.4063563950951337 'Conceptual' 1 0.23814845203397786
 0.039894340548844075 4.102564102564102 101 8 0 5 10 0]
[4.659737033044125 'Conceptual' 1 0.23814845203397786 0.039894340548844075
 0.6940170940170939 101 8 0 6 34 0]
[1.7642249396191625 'Conceptual' 1 0.23814845203397786
 0.039894340548844075 1.993162393162393 101 8 0 7 50 0]
[4.902897523688261 'Conceptual' 1 0.23814845203397786 0.039894340548844075
 0.10256410256410256 101 8 0 8 20 0]
[2.651146963809856 'Conceptual' 1 0.23814845203397786 0.039894340548844075
 4.102564102564102 101 8 0 9 32 0]
[1.280920011705845 'Conceptual' 1 0.23814845203397786 0.039894340548844075
 1.0256410256410255 101 8 0 10 50 0]
[5.270451662633131 'Conceptual' 1 0.23814845203397786 0.039894340548844075
 0.10256410256410256 101 8 0 11 48 0]
[5.278251595721854 'Conceptual' 1 0.23814845203397786 0.039894340548844075
 0.10256410256410256 101 8 0 12 48 0]
[2.9607971923990686 'Conceptual' 1 0.23814845203397786
 0.039894340548844075 4.102564102564102 101 8 0 13 4 0]
[2.0317268881875234 'Conceptual' 1 0.23814845203397786
 0.039894340548844075 1.9247863247863248 101 8 0 14 34 0]
[4.19233752270147 'Conceptual' 1 0.23814845203397786 0.039894340548844075
 0.10256410256410256 101 8 0 15 43 0]
[1.6657039124909128 'Conceptual' 1 0.23814845203397786
 0.039894340548844075 0.10256410256410256 101 8 0 16 6 0]
[0.4433184842247934 'Conceptual' 1 0.23814845203397786
 0.039894340548844075 0.10256410256410256 101 8 0 17 53 0]
[4.122740508371363 'Conceptual' 1 0.23814845203397786 0.039894340548844075
 4.102564102564102 101 8 0 18 13 0]
[0.8317013779155061 'Conceptual' 1 0.23814845203397786
 0.039894340548844075 2.5641025641025643 101 8 0 19 28 0]
[0.0 'Conceptual' 1 0.23814845203397786 0.039894340548844075 0.0 101 8 1 0
 38 0]
[3.8867903270744932 'Conceptual' 1 0.23814845203397786
 0.039894340548844075 3.770940170940171 101 8 1 1 26 0]
[2.4484871578327265 'Conceptual' 1 0.23814845203397786
 0.039894340548844075 0.10256410256410256 101 8 1 2 11 0]
[4.767880655090276 'Conceptual' 1 0.23814845203397786 0.039894340548844075
 0.10256410256410256 101 8 1 3 49 0]
[3.228727487478831 'Conceptual' 1 0.23814845203397786 0.039894340548844075
 3.634188034188034 101 8 1 4 22 0]
[3.4063563950951337 'Conceptual' 1 0.23814845203397786
 0.039894340548844075 4.102564102564102 101 8 1 5 58 0]
[4.659737033044125 'Conceptual' 1 0.23814845203397786 0.039894340548844075
 0.6940170940170939 101 8 1 6 56 0]
[1.7642249396191625 'Conceptual' 1 0.23814845203397786
 0.039894340548844075 1.993162393162393 101 8 1 7 37 0]
[4.902897523688261 'Conceptual' 1 0.23814845203397786 0.039894340548844075
 0.10256410256410256 101 8 1 8 5 0]
[2.651146963809856 'Conceptual' 1 0.23814845203397786 0.039894340548844075
 4.102564102564102 101 8 1 9 44 0]
[1.280920011705845 'Conceptual' 1 0.23814845203397786 0.039894340548844075
 1.0256410256410255 101 8 1 10 34 0]
[5.270451662633131 'Conceptual' 1 0.23814845203397786 0.039894340548844075
 0.10256410256410256 101 8 1 11 38 0]
[5.278251595721854 'Conceptual' 1 0.23814845203397786 0.039894340548844075
 0.10256410256410256 101 8 1 12 54 0]
[2.9607971923990686 'Conceptual' 1 0.23814845203397786
 0.039894340548844075 4.102564102564102 101 8 1 13 7 0]
[2.0317268881875234 'Conceptual' 1 0.23814845203397786
 0.039894340548844075 1.9247863247863248 101 8 1 14 3 0]
[4.19233752270147 'Conceptual' 1 0.23814845203397786 0.039894340548844075
 0.10256410256410256 101 8 1 15 47 0]
[1.6657039124909128 'Conceptual' 1 0.23814845203397786
 0.039894340548844075 0.10256410256410256 101 8 1 16 9 0]
[0.4433184842247934 'Conceptual' 1 0.23814845203397786
 0.039894340548844075 0.10256410256410256 101 8 1 17 58 0]
[4.122740508371363 'Conceptual' 1 0.23814845203397786 0.039894340548844075
 4.102564102564102 101 8 1 18 43 0]
[0.8317013779155061 'Conceptual' 1 0.23814845203397786
 0.039894340548844075 2.5641025641025643 101 8 1 19 5 0]
[0.0 'Conceptual' 1 0.23814845203397786 0.039894340548844075 0.0 101 8 2 0
 5 0]
[3.8867903270744932 'Conceptual' 1 0.23814845203397786
 0.039894340548844075 3.770940170940171 101 8 2 1 20 0]
[2.4484871578327265 'Conceptual' 1 0.23814845203397786
 0.039894340548844075 0.10256410256410256 101 8 2 2 63 0]
[4.767880655090276 'Conceptual' 1 0.23814845203397786 0.039894340548844075
 0.10256410256410256 101 8 2 3 44 0]
[3.228727487478831 'Conceptual' 1 0.23814845203397786 0.039894340548844075
 3.634188034188034 101 8 2 4 35 0]
[3.4063563950951337 'Conceptual' 1 0.23814845203397786
 0.039894340548844075 4.102564102564102 101 8 2 5 55 0]
[4.659737033044125 'Conceptual' 1 0.23814845203397786 0.039894340548844075
 0.6940170940170939 101 8 2 6 30 0]
[1.7642249396191625 'Conceptual' 1 0.23814845203397786
 0.039894340548844075 1.993162393162393 101 8 2 7 51 0]
[4.902897523688261 'Conceptual' 1 0.23814845203397786 0.039894340548844075
 0.10256410256410256 101 8 2 8 49 0]
[2.651146963809856 'Conceptual' 1 0.23814845203397786 0.039894340548844075
 4.102564102564102 101 8 2 9 37 0]
[1.280920011705845 'Conceptual' 1 0.23814845203397786 0.039894340548844075
 1.0256410256410255 101 8 2 10 44 0]
[5.270451662633131 'Conceptual' 1 0.23814845203397786 0.039894340548844075
 0.10256410256410256 101 8 2 11 11 0]
[5.278251595721854 'Conceptual' 1 0.23814845203397786 0.039894340548844075
 0.10256410256410256 101 8 2 12 11 0]
[2.9607971923990686 'Conceptual' 1 0.23814845203397786
 0.039894340548844075 4.102564102564102 101 8 2 13 62 0]
[2.0317268881875234 'Conceptual' 1 0.23814845203397786
 0.039894340548844075 1.9247863247863248 101 8 2 14 31 0]
[4.19233752270147 'Conceptual' 1 0.23814845203397786 0.039894340548844075
 0.10256410256410256 101 8 2 15 3 0]
[1.6657039124909128 'Conceptual' 1 0.23814845203397786
 0.039894340548844075 0.10256410256410256 101 8 2 16 54 0]
[0.4433184842247934 'Conceptual' 1 0.23814845203397786
 0.039894340548844075 0.10256410256410256 101 8 2 17 45 0]
[4.122740508371363 'Conceptual' 1 0.23814845203397786 0.039894340548844075
 4.102564102564102 101 8 2 18 36 0]
[0.8317013779155061 'Conceptual' 1 0.23814845203397786
 0.039894340548844075 2.5641025641025643 101 8 2 19 19 0]
[0.0 'Conceptual' 1 0.23814845203397786 0.039894340548844075 0.0 101 8 3 0
 35 0]
[3.8867903270744932 'Conceptual' 1 0.23814845203397786
 0.039894340548844075 3.770940170940171 101 8 3 1 10 0]
[2.4484871578327265 'Conceptual' 1 0.23814845203397786
 0.039894340548844075 0.10256410256410256 101 8 3 2 2 0]
[4.767880655090276 'Conceptual' 1 0.23814845203397786 0.039894340548844075
 0.10256410256410256 101 8 3 3 10 0]
[3.228727487478831 'Conceptual' 1 0.23814845203397786 0.039894340548844075
 3.634188034188034 101 8 3 4 46 0]
[3.4063563950951337 'Conceptual' 1 0.23814845203397786
 0.039894340548844075 4.102564102564102 101 8 3 5 31 0]
[4.659737033044125 'Conceptual' 1 0.23814845203397786 0.039894340548844075
 0.6940170940170939 101 8 3 6 46 0]
[1.7642249396191625 'Conceptual' 1 0.23814845203397786
 0.039894340548844075 1.993162393162393 101 8 3 7 45 0]
[4.902897523688261 'Conceptual' 1 0.23814845203397786 0.039894340548844075
 0.10256410256410256 101 8 3 8 20 0]
[2.651146963809856 'Conceptual' 1 0.23814845203397786 0.039894340548844075
 4.102564102564102 101 8 3 9 6 0]
[1.280920011705845 'Conceptual' 1 0.23814845203397786 0.039894340548844075
 1.0256410256410255 101 8 3 10 47 0]
[5.270451662633131 'Conceptual' 1 0.23814845203397786 0.039894340548844075
 0.10256410256410256 101 8 3 11 44 0]
[5.278251595721854 'Conceptual' 1 0.23814845203397786 0.039894340548844075
 0.10256410256410256 101 8 3 12 4 0]
[2.9607971923990686 'Conceptual' 1 0.23814845203397786
 0.039894340548844075 4.102564102564102 101 8 3 13 3 0]
[2.0317268881875234 'Conceptual' 1 0.23814845203397786
 0.039894340548844075 1.9247863247863248 101 8 3 14 13 0]
[4.19233752270147 'Conceptual' 1 0.23814845203397786 0.039894340548844075
 0.10256410256410256 101 8 3 15 14 0]
[1.6657039124909128 'Conceptual' 1 0.23814845203397786
 0.039894340548844075 0.10256410256410256 101 8 3 16 35 0]
[0.4433184842247934 'Conceptual' 1 0.23814845203397786
 0.039894340548844075 0.10256410256410256 101 8 3 17 14 0]
[4.122740508371363 'Conceptual' 1 0.23814845203397786 0.039894340548844075
 4.102564102564102 101 8 3 18 4 0]
[0.8317013779155061 'Conceptual' 1 0.23814845203397786
 0.039894340548844075 2.5641025641025643 101 8 3 19 28 0]
[0.0 'Conceptual' 1 0.23814845203397786 0.039894340548844075 0.0 101 8 4 0
 54 0]
[3.8867903270744932 'Conceptual' 1 0.23814845203397786
 0.039894340548844075 3.770940170940171 101 8 4 1 62 0]
[2.4484871578327265 'Conceptual' 1 0.23814845203397786
 0.039894340548844075 0.10256410256410256 101 8 4 2 51 0]
[4.767880655090276 'Conceptual' 1 0.23814845203397786 0.039894340548844075
 0.10256410256410256 101 8 4 3 44 0]
[3.228727487478831 'Conceptual' 1 0.23814845203397786 0.039894340548844075
 3.634188034188034 101 8 4 4 2 0]
[3.4063563950951337 'Conceptual' 1 0.23814845203397786
 0.039894340548844075 4.102564102564102 101 8 4 5 57 0]
[4.659737033044125 'Conceptual' 1 0.23814845203397786 0.039894340548844075
 0.6940170940170939 101 8 4 6 53 0]
[1.7642249396191625 'Conceptual' 1 0.23814845203397786
 0.039894340548844075 1.993162393162393 101 8 4 7 37 0]
[4.902897523688261 'Conceptual' 1 0.23814845203397786 0.039894340548844075
 0.10256410256410256 101 8 4 8 20 0]
[2.651146963809856 'Conceptual' 1 0.23814845203397786 0.039894340548844075
 4.102564102564102 101 8 4 9 51 0]
[1.280920011705845 'Conceptual' 1 0.23814845203397786 0.039894340548844075
 1.0256410256410255 101 8 4 10 53 0]
[5.270451662633131 'Conceptual' 1 0.23814845203397786 0.039894340548844075
 0.10256410256410256 101 8 4 11 49 0]
[5.278251595721854 'Conceptual' 1 0.23814845203397786 0.039894340548844075
 0.10256410256410256 101 8 4 12 25 0]
[2.9607971923990686 'Conceptual' 1 0.23814845203397786
 0.039894340548844075 4.102564102564102 101 8 4 13 6 0]
[2.0317268881875234 'Conceptual' 1 0.23814845203397786
 0.039894340548844075 1.9247863247863248 101 8 4 14 37 0]
[4.19233752270147 'Conceptual' 1 0.23814845203397786 0.039894340548844075
 0.10256410256410256 101 8 4 15 2 0]
[1.6657039124909128 'Conceptual' 1 0.23814845203397786
 0.039894340548844075 0.10256410256410256 101 8 4 16 10 0]
[0.4433184842247934 'Conceptual' 1 0.23814845203397786
 0.039894340548844075 0.10256410256410256 101 8 4 17 55 0]
[4.122740508371363 'Conceptual' 1 0.23814845203397786 0.039894340548844075
 4.102564102564102 101 8 4 18 3 0]
[0.8317013779155061 'Conceptual' 1 0.23814845203397786
 0.039894340548844075 2.5641025641025643 101 8 4 19 2 0]
[0.0 'Conceptual' 1 0.23814845203397786 0.039894340548844075 0.0 101 8 5 0
 44 0]
[3.8867903270744932 'Conceptual' 1 0.23814845203397786
 0.039894340548844075 3.770940170940171 101 8 5 1 45 0]
[2.4484871578327265 'Conceptual' 1 0.23814845203397786
 0.039894340548844075 0.10256410256410256 101 8 5 2 31 0]
[4.767880655090276 'Conceptual' 1 0.23814845203397786 0.039894340548844075
 0.10256410256410256 101 8 5 3 2 0]
[3.228727487478831 'Conceptual' 1 0.23814845203397786 0.039894340548844075
 3.634188034188034 101 8 5 4 17 0]
[3.4063563950951337 'Conceptual' 1 0.23814845203397786
 0.039894340548844075 4.102564102564102 101 8 5 5 20 0]
[4.659737033044125 'Conceptual' 1 0.23814845203397786 0.039894340548844075
 0.6940170940170939 101 8 5 6 45 0]
[1.7642249396191625 'Conceptual' 1 0.23814845203397786
 0.039894340548844075 1.993162393162393 101 8 5 7 60 0]
[4.902897523688261 'Conceptual' 1 0.23814845203397786 0.039894340548844075
 0.10256410256410256 101 8 5 8 18 0]
[2.651146963809856 'Conceptual' 1 0.23814845203397786 0.039894340548844075
 4.102564102564102 101 8 5 9 8 0]
[1.280920011705845 'Conceptual' 1 0.23814845203397786 0.039894340548844075
 1.0256410256410255 101 8 5 10 37 0]
[5.270451662633131 'Conceptual' 1 0.23814845203397786 0.039894340548844075
 0.10256410256410256 101 8 5 11 22 0]
[5.278251595721854 'Conceptual' 1 0.23814845203397786 0.039894340548844075
 0.10256410256410256 101 8 5 12 24 0]
[2.9607971923990686 'Conceptual' 1 0.23814845203397786
 0.039894340548844075 4.102564102564102 101 8 5 13 9 0]
[2.0317268881875234 'Conceptual' 1 0.23814845203397786
 0.039894340548844075 1.9247863247863248 101 8 5 14 46 0]
[4.19233752270147 'Conceptual' 1 0.23814845203397786 0.039894340548844075
 0.10256410256410256 101 8 5 15 14 0]
[1.6657039124909128 'Conceptual' 1 0.23814845203397786
 0.039894340548844075 0.10256410256410256 101 8 5 16 47 0]
[0.4433184842247934 'Conceptual' 1 0.23814845203397786
 0.039894340548844075 0.10256410256410256 101 8 5 17 54 0]
[4.122740508371363 'Conceptual' 1 0.23814845203397786 0.039894340548844075
 4.102564102564102 101 8 5 18 14 0]
[0.8317013779155061 'Conceptual' 1 0.23814845203397786
 0.039894340548844075 2.5641025641025643 101 8 5 19 51 0]
[0.0 'Conceptual' 1 0.23814845203397786 0.039894340548844075 0.0 101 8 6 0
 54 0]
[3.8867903270744932 'Conceptual' 1 0.23814845203397786
 0.039894340548844075 3.770940170940171 101 8 6 1 15 0]
[2.4484871578327265 'Conceptual' 1 0.23814845203397786
 0.039894340548844075 0.10256410256410256 101 8 6 2 20 0]
[4.767880655090276 'Conceptual' 1 0.23814845203397786 0.039894340548844075
 0.10256410256410256 101 8 6 3 17 0]
[3.228727487478831 'Conceptual' 1 0.23814845203397786 0.039894340548844075
 3.634188034188034 101 8 6 4 21 0]
[3.4063563950951337 'Conceptual' 1 0.23814845203397786
 0.039894340548844075 4.102564102564102 101 8 6 5 37 0]
[4.659737033044125 'Conceptual' 1 0.23814845203397786 0.039894340548844075
 0.6940170940170939 101 8 6 6 52 0]
[1.7642249396191625 'Conceptual' 1 0.23814845203397786
 0.039894340548844075 1.993162393162393 101 8 6 7 54 0]
[4.902897523688261 'Conceptual' 1 0.23814845203397786 0.039894340548844075
 0.10256410256410256 101 8 6 8 6 0]
[2.651146963809856 'Conceptual' 1 0.23814845203397786 0.039894340548844075
 4.102564102564102 101 8 6 9 2 0]
[1.280920011705845 'Conceptual' 1 0.23814845203397786 0.039894340548844075
 1.0256410256410255 101 8 6 10 21 0]
[5.270451662633131 'Conceptual' 1 0.23814845203397786 0.039894340548844075
 0.10256410256410256 101 8 6 11 10 0]
[5.278251595721854 'Conceptual' 1 0.23814845203397786 0.039894340548844075
 0.10256410256410256 101 8 6 12 53 0]
[2.9607971923990686 'Conceptual' 1 0.23814845203397786
 0.039894340548844075 4.102564102564102 101 8 6 13 17 0]
[2.0317268881875234 'Conceptual' 1 0.23814845203397786
 0.039894340548844075 1.9247863247863248 101 8 6 14 59 0]
[4.19233752270147 'Conceptual' 1 0.23814845203397786 0.039894340548844075
 0.10256410256410256 101 8 6 15 39 0]
[1.6657039124909128 'Conceptual' 1 0.23814845203397786
 0.039894340548844075 0.10256410256410256 101 8 6 16 5 0]
[0.4433184842247934 'Conceptual' 1 0.23814845203397786
 0.039894340548844075 0.10256410256410256 101 8 6 17 59 0]
[4.122740508371363 'Conceptual' 1 0.23814845203397786 0.039894340548844075
 4.102564102564102 101 8 6 18 50 0]
[0.8317013779155061 'Conceptual' 1 0.23814845203397786
 0.039894340548844075 2.5641025641025643 101 8 6 19 29 0]
[0.0 'Conceptual' 1 0.23814845203397786 0.039894340548844075 0.0 101 8 7 0
 55 0]
[3.8867903270744932 'Conceptual' 1 0.23814845203397786
 0.039894340548844075 3.770940170940171 101 8 7 1 60 0]
[2.4484871578327265 'Conceptual' 1 0.23814845203397786
 0.039894340548844075 0.10256410256410256 101 8 7 2 13 0]
[4.767880655090276 'Conceptual' 1 0.23814845203397786 0.039894340548844075
 0.10256410256410256 101 8 7 3 38 0]
[3.228727487478831 'Conceptual' 1 0.23814845203397786 0.039894340548844075
 3.634188034188034 101 8 7 4 26 0]
[3.4063563950951337 'Conceptual' 1 0.23814845203397786
 0.039894340548844075 4.102564102564102 101 8 7 5 33 0]
[4.659737033044125 'Conceptual' 1 0.23814845203397786 0.039894340548844075
 0.6940170940170939 101 8 7 6 10 0]
[1.7642249396191625 'Conceptual' 1 0.23814845203397786
 0.039894340548844075 1.993162393162393 101 8 7 7 45 0]
[4.902897523688261 'Conceptual' 1 0.23814845203397786 0.039894340548844075
 0.10256410256410256 101 8 7 8 34 0]
[2.651146963809856 'Conceptual' 1 0.23814845203397786 0.039894340548844075
 4.102564102564102 101 8 7 9 12 0]
[1.280920011705845 'Conceptual' 1 0.23814845203397786 0.039894340548844075
 1.0256410256410255 101 8 7 10 9 0]
[5.270451662633131 'Conceptual' 1 0.23814845203397786 0.039894340548844075
 0.10256410256410256 101 8 7 11 12 0]
[5.278251595721854 'Conceptual' 1 0.23814845203397786 0.039894340548844075
 0.10256410256410256 101 8 7 12 57 0]
[2.9607971923990686 'Conceptual' 1 0.23814845203397786
 0.039894340548844075 4.102564102564102 101 8 7 13 28 0]
[2.0317268881875234 'Conceptual' 1 0.23814845203397786
 0.039894340548844075 1.9247863247863248 101 8 7 14 60 0]
[4.19233752270147 'Conceptual' 1 0.23814845203397786 0.039894340548844075
 0.10256410256410256 101 8 7 15 51 0]
[1.6657039124909128 'Conceptual' 1 0.23814845203397786
 0.039894340548844075 0.10256410256410256 101 8 7 16 48 0]
[0.4433184842247934 'Conceptual' 1 0.23814845203397786
 0.039894340548844075 0.10256410256410256 101 8 7 17 37 0]
[4.122740508371363 'Conceptual' 1 0.23814845203397786 0.039894340548844075
 4.102564102564102 101 8 7 18 14 0]
[0.8317013779155061 'Conceptual' 1 0.23814845203397786
 0.039894340548844075 2.5641025641025643 101 8 7 19 45 0]
