[0.0 'Conceptual' 0 0.30204592062793356 0.38937988158757153 0.0 56 8 0 0
 56 1]
[4.147499484031313 'Conceptual' 0 0.30204592062793356 0.38937988158757153
 0.10256410256410256 56 8 0 1 0 1]
[4.135984804776114 'Conceptual' 0 0.30204592062793356 0.38937988158757153
 0.10256410256410256 56 8 0 2 63 1]
[4.124335991675055 'Conceptual' 0 0.30204592062793356 0.38937988158757153
 0.10256410256410256 56 8 0 3 7 1]
[3.29092869566544 'Conceptual' 0 0.30204592062793356 0.38937988158757153
 3.58974358974359 56 8 0 4 60 1]
[3.7835619998825667 'Conceptual' 0 0.30204592062793356 0.38937988158757153
 2.9743589743589745 56 8 0 5 56 1]
[2.5054411118658924 'Conceptual' 0 0.30204592062793356 0.38937988158757153
 2.9504273504273506 56 8 0 6 48 1]
[3.5573352923419774 'Conceptual' 0 0.30204592062793356 0.38937988158757153
 3.58974358974359 56 8 0 7 40 1]
[1.9713676181560271 'Conceptual' 0 0.30204592062793356 0.38937988158757153
 1.7880341880341881 56 8 0 8 32 1]
[1.3470093556842704 'Conceptual' 0 0.30204592062793356 0.38937988158757153
 1.1282051282051282 56 8 0 9 49 1]
[0.8153702075652948 'Conceptual' 0 0.30204592062793356 0.38937988158757153
 1.0017094017094017 56 8 0 10 41 1]
[4.9060638687978715 'Conceptual' 0 0.30204592062793356 0.38937988158757153
 0.10256410256410256 56 8 0 11 50 1]
[4.636455498171357 'Conceptual' 0 0.30204592062793356 0.38937988158757153
 4.102564102564102 56 8 0 12 33 1]
[3.8587140035481076 'Conceptual' 0 0.30204592062793356 0.38937988158757153
 4.102564102564102 56 8 0 13 32 1]
[3.9400335607500336 'Conceptual' 0 0.30204592062793356 0.38937988158757153
 1.7435897435897436 56 8 0 14 48 1]
[2.3524385119525446 'Conceptual' 0 0.30204592062793356 0.38937988158757153
 1.5384615384615385 56 8 0 15 49 1]
[4.293887602290074 'Conceptual' 0 0.30204592062793356 0.38937988158757153
 2.2324786324786325 56 8 0 16 48 1]
[0.3596621915949175 'Conceptual' 0 0.30204592062793356 0.38937988158757153
 0.923076923076923 56 8 0 17 48 1]
[0.0 'Conceptual' 0 0.30204592062793356 0.38937988158757153 0.0 56 8 1 0
 48 1]
[4.147499484031313 'Conceptual' 0 0.30204592062793356 0.38937988158757153
 0.10256410256410256 56 8 1 1 49 1]
[4.135984804776114 'Conceptual' 0 0.30204592062793356 0.38937988158757153
 0.10256410256410256 56 8 1 2 63 1]
[4.124335991675055 'Conceptual' 0 0.30204592062793356 0.38937988158757153
 0.10256410256410256 56 8 1 3 56 1]
[3.29092869566544 'Conceptual' 0 0.30204592062793356 0.38937988158757153
 3.58974358974359 56 8 1 4 7 1]
[3.7835619998825667 'Conceptual' 0 0.30204592062793356 0.38937988158757153
 2.9743589743589745 56 8 1 5 0 1]
[2.5054411118658924 'Conceptual' 0 0.30204592062793356 0.38937988158757153
 2.9504273504273506 56 8 1 6 1 1]
[3.5573352923419774 'Conceptual' 0 0.30204592062793356 0.38937988158757153
 3.58974358974359 56 8 1 7 8 1]
[1.9713676181560271 'Conceptual' 0 0.30204592062793356 0.38937988158757153
 1.7880341880341881 56 8 1 8 9 1]
[1.3470093556842704 'Conceptual' 0 0.30204592062793356 0.38937988158757153
 1.1282051282051282 56 8 1 9 35 1]
[0.8153702075652948 'Conceptual' 0 0.30204592062793356 0.38937988158757153
 1.0017094017094017 56 8 1 10 41 1]
[4.9060638687978715 'Conceptual' 0 0.30204592062793356 0.38937988158757153
 0.10256410256410256 56 8 1 11 44 1]
[4.636455498171357 'Conceptual' 0 0.30204592062793356 0.38937988158757153
 4.102564102564102 56 8 1 12 45 1]
[3.8587140035481076 'Conceptual' 0 0.30204592062793356 0.38937988158757153
 4.102564102564102 56 8 1 13 46 1]
[3.9400335607500336 'Conceptual' 0 0.30204592062793356 0.38937988158757153
 1.7435897435897436 56 8 1 14 46 1]
[2.3524385119525446 'Conceptual' 0 0.30204592062793356 0.38937988158757153
 1.5384615384615385 56 8 1 15 45 1]
[4.293887602290074 'Conceptual' 0 0.30204592062793356 0.38937988158757153
 2.2324786324786325 56 8 1 16 47 1]
[0.3596621915949175 'Conceptual' 0 0.30204592062793356 0.38937988158757153
 0.923076923076923 56 8 1 17 54 1]
[0.0 'Conceptual' 0 0.30204592062793356 0.38937988158757153 0.0 56 8 2 0
 38 1]
[4.147499484031313 'Conceptual' 0 0.30204592062793356 0.38937988158757153
 0.10256410256410256 56 8 2 1 30 1]
[4.135984804776114 'Conceptual' 0 0.30204592062793356 0.38937988158757153
 0.10256410256410256 56 8 2 2 38 1]
[4.124335991675055 'Conceptual' 0 0.30204592062793356 0.38937988158757153
 0.10256410256410256 56 8 2 3 46 1]
[3.29092869566544 'Conceptual' 0 0.30204592062793356 0.38937988158757153
 3.58974358974359 56 8 2 4 56 1]
[3.7835619998825667 'Conceptual' 0 0.30204592062793356 0.38937988158757153
 2.9743589743589745 56 8 2 5 49 1]
[2.5054411118658924 'Conceptual' 0 0.30204592062793356 0.38937988158757153
 2.9504273504273506 56 8 2 6 57 1]
[3.5573352923419774 'Conceptual' 0 0.30204592062793356 0.38937988158757153
 3.58974358974359 56 8 2 7 48 1]
[1.9713676181560271 'Conceptual' 0 0.30204592062793356 0.38937988158757153
 1.7880341880341881 56 8 2 8 56 1]
[1.3470093556842704 'Conceptual' 0 0.30204592062793356 0.38937988158757153
 1.1282051282051282 56 8 2 9 0 1]
[0.8153702075652948 'Conceptual' 0 0.30204592062793356 0.38937988158757153
 1.0017094017094017 56 8 2 10 63 1]
[4.9060638687978715 'Conceptual' 0 0.30204592062793356 0.38937988158757153
 0.10256410256410256 56 8 2 11 7 1]
[4.636455498171357 'Conceptual' 0 0.30204592062793356 0.38937988158757153
 4.102564102564102 56 8 2 12 56 1]
[3.8587140035481076 'Conceptual' 0 0.30204592062793356 0.38937988158757153
 4.102564102564102 56 8 2 13 56 1]
[3.9400335607500336 'Conceptual' 0 0.30204592062793356 0.38937988158757153
 1.7435897435897436 56 8 2 14 56 1]
[2.3524385119525446 'Conceptual' 0 0.30204592062793356 0.38937988158757153
 1.5384615384615385 56 8 2 15 56 1]
[4.293887602290074 'Conceptual' 0 0.30204592062793356 0.38937988158757153
 2.2324786324786325 56 8 2 16 56 1]
[0.3596621915949175 'Conceptual' 0 0.30204592062793356 0.38937988158757153
 0.923076923076923 56 8 2 17 49 1]
[0.0 'Conceptual' 0 0.30204592062793356 0.38937988158757153 0.0 56 8 3 0
 35 1]
[4.147499484031313 'Conceptual' 0 0.30204592062793356 0.38937988158757153
 0.10256410256410256 56 8 3 1 56 1]
[4.135984804776114 'Conceptual' 0 0.30204592062793356 0.38937988158757153
 0.10256410256410256 56 8 3 2 56 1]
[4.124335991675055 'Conceptual' 0 0.30204592062793356 0.38937988158757153
 0.10256410256410256 56 8 3 3 56 1]
[3.29092869566544 'Conceptual' 0 0.30204592062793356 0.38937988158757153
 3.58974358974359 56 8 3 4 56 1]
[3.7835619998825667 'Conceptual' 0 0.30204592062793356 0.38937988158757153
 2.9743589743589745 56 8 3 5 56 1]
[2.5054411118658924 'Conceptual' 0 0.30204592062793356 0.38937988158757153
 2.9504273504273506 56 8 3 6 0 1]
[3.5573352923419774 'Conceptual' 0 0.30204592062793356 0.38937988158757153
 3.58974358974359 56 8 3 7 63 1]
[1.9713676181560271 'Conceptual' 0 0.30204592062793356 0.38937988158757153
 1.7880341880341881 56 8 3 8 56 1]
[1.3470093556842704 'Conceptual' 0 0.30204592062793356 0.38937988158757153
 1.1282051282051282 56 8 3 9 7 1]
[0.8153702075652948 'Conceptual' 0 0.30204592062793356 0.38937988158757153
 1.0017094017094017 56 8 3 10 9 1]
[4.9060638687978715 'Conceptual' 0 0.30204592062793356 0.38937988158757153
 0.10256410256410256 56 8 3 11 17 1]
[4.636455498171357 'Conceptual' 0 0.30204592062793356 0.38937988158757153
 4.102564102564102 56 8 3 12 18 1]
[3.8587140035481076 'Conceptual' 0 0.30204592062793356 0.38937988158757153
 4.102564102564102 56 8 3 13 10 1]
[3.9400335607500336 'Conceptual' 0 0.30204592062793356 0.38937988158757153
 1.7435897435897436 56 8 3 14 2 1]
[2.3524385119525446 'Conceptual' 0 0.30204592062793356 0.38937988158757153
 1.5384615384615385 56 8 3 15 10 1]
[4.293887602290074 'Conceptual' 0 0.30204592062793356 0.38937988158757153
 2.2324786324786325 56 8 3 16 11 1]
[0.3596621915949175 'Conceptual' 0 0.30204592062793356 0.38937988158757153
 0.923076923076923 56 8 3 17 9 1]
[0.0 'Conceptual' 0 0.30204592062793356 0.38937988158757153 0.0 56 8 4 0
 10 1]
[4.147499484031313 'Conceptual' 0 0.30204592062793356 0.38937988158757153
 0.10256410256410256 56 8 4 1 11 1]
[4.135984804776114 'Conceptual' 0 0.30204592062793356 0.38937988158757153
 0.10256410256410256 56 8 4 2 10 1]
[4.124335991675055 'Conceptual' 0 0.30204592062793356 0.38937988158757153
 0.10256410256410256 56 8 4 3 10 1]
[3.29092869566544 'Conceptual' 0 0.30204592062793356 0.38937988158757153
 3.58974358974359 56 8 4 4 17 1]
[3.7835619998825667 'Conceptual' 0 0.30204592062793356 0.38937988158757153
 2.9743589743589745 56 8 4 5 18 1]
[2.5054411118658924 'Conceptual' 0 0.30204592062793356 0.38937988158757153
 2.9504273504273506 56 8 4 6 19 1]
[3.5573352923419774 'Conceptual' 0 0.30204592062793356 0.38937988158757153
 3.58974358974359 56 8 4 7 10 1]
[1.9713676181560271 'Conceptual' 0 0.30204592062793356 0.38937988158757153
 1.7880341880341881 56 8 4 8 0 1]
[1.3470093556842704 'Conceptual' 0 0.30204592062793356 0.38937988158757153
 1.1282051282051282 56 8 4 9 53 1]
[0.8153702075652948 'Conceptual' 0 0.30204592062793356 0.38937988158757153
 1.0017094017094017 56 8 4 10 56 1]
[4.9060638687978715 'Conceptual' 0 0.30204592062793356 0.38937988158757153
 0.10256410256410256 56 8 4 11 7 1]
[4.636455498171357 'Conceptual' 0 0.30204592062793356 0.38937988158757153
 4.102564102564102 56 8 4 12 3 1]
[3.8587140035481076 'Conceptual' 0 0.30204592062793356 0.38937988158757153
 4.102564102564102 56 8 4 13 32 1]
[3.9400335607500336 'Conceptual' 0 0.30204592062793356 0.38937988158757153
 1.7435897435897436 56 8 4 14 32 1]
[2.3524385119525446 'Conceptual' 0 0.30204592062793356 0.38937988158757153
 1.5384615384615385 56 8 4 15 25 1]
[4.293887602290074 'Conceptual' 0 0.30204592062793356 0.38937988158757153
 2.2324786324786325 56 8 4 16 33 1]
[0.3596621915949175 'Conceptual' 0 0.30204592062793356 0.38937988158757153
 0.923076923076923 56 8 4 17 25 1]
[0.0 'Conceptual' 0 0.30204592062793356 0.38937988158757153 0.0 56 8 5 0
 24 1]
[4.147499484031313 'Conceptual' 0 0.30204592062793356 0.38937988158757153
 0.10256410256410256 56 8 5 1 24 1]
[4.135984804776114 'Conceptual' 0 0.30204592062793356 0.38937988158757153
 0.10256410256410256 56 8 5 2 24 1]
[4.124335991675055 'Conceptual' 0 0.30204592062793356 0.38937988158757153
 0.10256410256410256 56 8 5 3 24 1]
[3.29092869566544 'Conceptual' 0 0.30204592062793356 0.38937988158757153
 3.58974358974359 56 8 5 4 24 1]
[3.7835619998825667 'Conceptual' 0 0.30204592062793356 0.38937988158757153
 2.9743589743589745 56 8 5 5 24 1]
[2.5054411118658924 'Conceptual' 0 0.30204592062793356 0.38937988158757153
 2.9504273504273506 56 8 5 6 24 1]
[3.5573352923419774 'Conceptual' 0 0.30204592062793356 0.38937988158757153
 3.58974358974359 56 8 5 7 24 1]
[1.9713676181560271 'Conceptual' 0 0.30204592062793356 0.38937988158757153
 1.7880341880341881 56 8 5 8 24 1]
[1.3470093556842704 'Conceptual' 0 0.30204592062793356 0.38937988158757153
 1.1282051282051282 56 8 5 9 24 1]
[0.8153702075652948 'Conceptual' 0 0.30204592062793356 0.38937988158757153
 1.0017094017094017 56 8 5 10 33 1]
[4.9060638687978715 'Conceptual' 0 0.30204592062793356 0.38937988158757153
 0.10256410256410256 56 8 5 11 56 1]
[4.636455498171357 'Conceptual' 0 0.30204592062793356 0.38937988158757153
 4.102564102564102 56 8 5 12 10 1]
[3.8587140035481076 'Conceptual' 0 0.30204592062793356 0.38937988158757153
 4.102564102564102 56 8 5 13 16 1]
[3.9400335607500336 'Conceptual' 0 0.30204592062793356 0.38937988158757153
 1.7435897435897436 56 8 5 14 32 1]
[2.3524385119525446 'Conceptual' 0 0.30204592062793356 0.38937988158757153
 1.5384615384615385 56 8 5 15 16 1]
[4.293887602290074 'Conceptual' 0 0.30204592062793356 0.38937988158757153
 2.2324786324786325 56 8 5 16 24 1]
[0.3596621915949175 'Conceptual' 0 0.30204592062793356 0.38937988158757153
 0.923076923076923 56 8 5 17 16 1]
[0.0 'Conceptual' 0 0.30204592062793356 0.38937988158757153 0.0 56 8 6 0
 16 1]
[4.147499484031313 'Conceptual' 0 0.30204592062793356 0.38937988158757153
 0.10256410256410256 56 8 6 1 16 1]
[4.135984804776114 'Conceptual' 0 0.30204592062793356 0.38937988158757153
 0.10256410256410256 56 8 6 2 16 1]
[4.124335991675055 'Conceptual' 0 0.30204592062793356 0.38937988158757153
 0.10256410256410256 56 8 6 3 16 1]
[3.29092869566544 'Conceptual' 0 0.30204592062793356 0.38937988158757153
 3.58974358974359 56 8 6 4 16 1]
[3.7835619998825667 'Conceptual' 0 0.30204592062793356 0.38937988158757153
 2.9743589743589745 56 8 6 5 16 1]
[2.5054411118658924 'Conceptual' 0 0.30204592062793356 0.38937988158757153
 2.9504273504273506 56 8 6 6 16 1]
[3.5573352923419774 'Conceptual' 0 0.30204592062793356 0.38937988158757153
 3.58974358974359 56 8 6 7 16 1]
[1.9713676181560271 'Conceptual' 0 0.30204592062793356 0.38937988158757153
 1.7880341880341881 56 8 6 8 16 1]
[1.3470093556842704 'Conceptual' 0 0.30204592062793356 0.38937988158757153
 1.1282051282051282 56 8 6 9 16 1]
[0.8153702075652948 'Conceptual' 0 0.30204592062793356 0.38937988158757153
 1.0017094017094017 56 8 6 10 16 1]
[4.9060638687978715 'Conceptual' 0 0.30204592062793356 0.38937988158757153
 0.10256410256410256 56 8 6 11 24 1]
[4.636455498171357 'Conceptual' 0 0.30204592062793356 0.38937988158757153
 4.102564102564102 56 8 6 12 63 1]
[3.8587140035481076 'Conceptual' 0 0.30204592062793356 0.38937988158757153
 4.102564102564102 56 8 6 13 24 1]
[3.9400335607500336 'Conceptual' 0 0.30204592062793356 0.38937988158757153
 1.7435897435897436 56 8 6 14 37 1]
[2.3524385119525446 'Conceptual' 0 0.30204592062793356 0.38937988158757153
 1.5384615384615385 56 8 6 15 23 1]
[4.293887602290074 'Conceptual' 0 0.30204592062793356 0.38937988158757153
 2.2324786324786325 56 8 6 16 36 1]
[0.3596621915949175 'Conceptual' 0 0.30204592062793356 0.38937988158757153
 0.923076923076923 56 8 6 17 36 1]
[0.0 'Conceptual' 0 0.30204592062793356 0.38937988158757153 0.0 56 8 7 0
 44 1]
[4.147499484031313 'Conceptual' 0 0.30204592062793356 0.38937988158757153
 0.10256410256410256 56 8 7 1 36 1]
[4.135984804776114 'Conceptual' 0 0.30204592062793356 0.38937988158757153
 0.10256410256410256 56 8 7 2 35 1]
[4.124335991675055 'Conceptual' 0 0.30204592062793356 0.38937988158757153
 0.10256410256410256 56 8 7 3 30 1]
[3.29092869566544 'Conceptual' 0 0.30204592062793356 0.38937988158757153
 3.58974358974359 56 8 7 4 45 1]
[3.7835619998825667 'Conceptual' 0 0.30204592062793356 0.38937988158757153
 2.9743589743589745 56 8 7 5 45 1]
[2.5054411118658924 'Conceptual' 0 0.30204592062793356 0.38937988158757153
 2.9504273504273506 56 8 7 6 45 1]
[3.5573352923419774 'Conceptual' 0 0.30204592062793356 0.38937988158757153
 3.58974358974359 56 8 7 7 37 1]
[1.9713676181560271 'Conceptual' 0 0.30204592062793356 0.38937988158757153
 1.7880341880341881 56 8 7 8 36 1]
[1.3470093556842704 'Conceptual' 0 0.30204592062793356 0.38937988158757153
 1.1282051282051282 56 8 7 9 28 1]
[0.8153702075652948 'Conceptual' 0 0.30204592062793356 0.38937988158757153
 1.0017094017094017 56 8 7 10 36 1]
[4.9060638687978715 'Conceptual' 0 0.30204592062793356 0.38937988158757153
 0.10256410256410256 56 8 7 11 36 1]
[4.636455498171357 'Conceptual' 0 0.30204592062793356 0.38937988158757153
 4.102564102564102 56 8 7 12 36 1]
[3.8587140035481076 'Conceptual' 0 0.30204592062793356 0.38937988158757153
 4.102564102564102 56 8 7 13 36 1]
[3.9400335607500336 'Conceptual' 0 0.30204592062793356 0.38937988158757153
 1.7435897435897436 56 8 7 14 7 1]
[2.3524385119525446 'Conceptual' 0 0.30204592062793356 0.38937988158757153
 1.5384615384615385 56 8 7 15 21 1]
[4.293887602290074 'Conceptual' 0 0.30204592062793356 0.38937988158757153
 2.2324786324786325 56 8 7 16 36 1]
[0.3596621915949175 'Conceptual' 0 0.30204592062793356 0.38937988158757153
 0.923076923076923 56 8 7 17 54 1]
