[0.0 'Spatial' 0 0.12384121268346134 0.1799092178412672 0.0 26 1 0 0 56 0]
[4.33734790211394 'Spatial' 0 0.12384121268346134 0.1799092178412672
 0.10256410256410256 26 1 0 1 7 0]
[3.673694274916998 'Spatial' 0 0.12384121268346134 0.1799092178412672
 3.58974358974359 26 1 0 2 33 0]
[4.412581894188676 'Spatial' 0 0.12384121268346134 0.1799092178412672
 0.10256410256410256 26 1 0 3 54 0]
[4.4032528701934055 'Spatial' 0 0.12384121268346134 0.1799092178412672
 0.10256410256410256 26 1 0 4 9 0]
[1.8018887639799035 'Spatial' 0 0.12384121268346134 0.1799092178412672
 0.10256410256410256 26 1 0 5 56 0]
[0.019564652545675215 'Spatial' 0 0.12384121268346134 0.1799092178412672
 0.10256410256410256 26 1 0 6 56 0]
[2.2812253462901886 'Spatial' 0 0.12384121268346134 0.1799092178412672
 2.2564102564102564 26 1 0 7 57 0]
[1.2652492957750712 'Spatial' 0 0.12384121268346134 0.1799092178412672
 2.769230769230769 26 1 0 8 48 0]
[2.0691220295662043 'Spatial' 0 0.12384121268346134 0.1799092178412672
 4.102564102564102 26 1 0 9 40 0]
[1.488988262736856 'Spatial' 0 0.12384121268346134 0.1799092178412672
 3.5658119658119656 26 1 0 10 49 0]
[0.0006522657680736753 'Spatial' 0 0.12384121268346134 0.1799092178412672
 0.10256410256410256 26 1 0 11 56 0]
[2.9282073470087493 'Spatial' 0 0.12384121268346134 0.1799092178412672 4.0
 26 1 0 12 57 0]
[0.0006298016333097749 'Spatial' 0 0.12384121268346134 0.1799092178412672
 0.10256410256410256 26 1 0 13 56 0]
[0.0006298016333097749 'Spatial' 0 0.12384121268346134 0.1799092178412672
 0.10256410256410256 26 1 0 14 56 0]
[0.0006298016333097749 'Spatial' 0 0.12384121268346134 0.1799092178412672
 0.10256410256410256 26 1 0 15 56 0]
[11.513555266603538 'Spatial' 0 0.12384121268346134 0.1799092178412672
 0.10256410256410256 26 1 0 16 10 0]
[0.0006298016333097749 'Spatial' 0 0.12384121268346134 0.1799092178412672
 0.10256410256410256 26 1 0 17 56 0]
[0.0 'Spatial' 0 0.12384121268346134 0.1799092178412672 0.0 26 1 2 0 56 0]
[4.33734790211394 'Spatial' 0 0.12384121268346134 0.1799092178412672
 0.10256410256410256 26 1 2 1 56 0]
[3.673694274916998 'Spatial' 0 0.12384121268346134 0.1799092178412672
 3.58974358974359 26 1 2 2 56 0]
[4.412581894188676 'Spatial' 0 0.12384121268346134 0.1799092178412672
 0.10256410256410256 26 1 2 3 0 0]
[4.4032528701934055 'Spatial' 0 0.12384121268346134 0.1799092178412672
 0.10256410256410256 26 1 2 4 63 0]
[1.8018887639799035 'Spatial' 0 0.12384121268346134 0.1799092178412672
 0.10256410256410256 26 1 2 5 63 0]
[0.019564652545675215 'Spatial' 0 0.12384121268346134 0.1799092178412672
 0.10256410256410256 26 1 2 6 63 0]
[2.2812253462901886 'Spatial' 0 0.12384121268346134 0.1799092178412672
 2.2564102564102564 26 1 2 7 63 0]
[1.2652492957750712 'Spatial' 0 0.12384121268346134 0.1799092178412672
 2.769230769230769 26 1 2 8 63 0]
[2.0691220295662043 'Spatial' 0 0.12384121268346134 0.1799092178412672
 4.102564102564102 26 1 2 9 63 0]
[1.488988262736856 'Spatial' 0 0.12384121268346134 0.1799092178412672
 3.5658119658119656 26 1 2 10 63 0]
[0.0006522657680736753 'Spatial' 0 0.12384121268346134 0.1799092178412672
 0.10256410256410256 26 1 2 11 63 0]
[2.9282073470087493 'Spatial' 0 0.12384121268346134 0.1799092178412672 4.0
 26 1 2 12 63 0]
[0.0006298016333097749 'Spatial' 0 0.12384121268346134 0.1799092178412672
 0.10256410256410256 26 1 2 13 63 0]
[0.0006298016333097749 'Spatial' 0 0.12384121268346134 0.1799092178412672
 0.10256410256410256 26 1 2 14 63 0]
[0.0006298016333097749 'Spatial' 0 0.12384121268346134 0.1799092178412672
 0.10256410256410256 26 1 2 15 63 0]
[11.513555266603538 'Spatial' 0 0.12384121268346134 0.1799092178412672
 0.10256410256410256 26 1 2 16 63 0]
[0.0006298016333097749 'Spatial' 0 0.12384121268346134 0.1799092178412672
 0.10256410256410256 26 1 2 17 63 0]
[0.0 'Spatial' 0 0.12384121268346134 0.1799092178412672 0.0 26 1 3 0 63 0]
[4.33734790211394 'Spatial' 0 0.12384121268346134 0.1799092178412672
 0.10256410256410256 26 1 3 1 63 0]
[3.673694274916998 'Spatial' 0 0.12384121268346134 0.1799092178412672
 3.58974358974359 26 1 3 2 63 0]
[4.412581894188676 'Spatial' 0 0.12384121268346134 0.1799092178412672
 0.10256410256410256 26 1 3 3 63 0]
[4.4032528701934055 'Spatial' 0 0.12384121268346134 0.1799092178412672
 0.10256410256410256 26 1 3 4 7 0]
[1.8018887639799035 'Spatial' 0 0.12384121268346134 0.1799092178412672
 0.10256410256410256 26 1 3 5 0 0]
[0.019564652545675215 'Spatial' 0 0.12384121268346134 0.1799092178412672
 0.10256410256410256 26 1 3 6 56 0]
[2.2812253462901886 'Spatial' 0 0.12384121268346134 0.1799092178412672
 2.2564102564102564 26 1 3 7 63 0]
[1.2652492957750712 'Spatial' 0 0.12384121268346134 0.1799092178412672
 2.769230769230769 26 1 3 8 18 0]
[2.0691220295662043 'Spatial' 0 0.12384121268346134 0.1799092178412672
 4.102564102564102 26 1 3 9 18 0]
[1.488988262736856 'Spatial' 0 0.12384121268346134 0.1799092178412672
 3.5658119658119656 26 1 3 10 18 0]
[0.0006522657680736753 'Spatial' 0 0.12384121268346134 0.1799092178412672
 0.10256410256410256 26 1 3 11 9 0]
[2.9282073470087493 'Spatial' 0 0.12384121268346134 0.1799092178412672 4.0
 26 1 3 12 10 0]
[0.0006298016333097749 'Spatial' 0 0.12384121268346134 0.1799092178412672
 0.10256410256410256 26 1 3 13 17 0]
[0.0006298016333097749 'Spatial' 0 0.12384121268346134 0.1799092178412672
 0.10256410256410256 26 1 3 14 19 0]
[0.0006298016333097749 'Spatial' 0 0.12384121268346134 0.1799092178412672
 0.10256410256410256 26 1 3 15 2 0]
[11.513555266603538 'Spatial' 0 0.12384121268346134 0.1799092178412672
 0.10256410256410256 26 1 3 16 1 0]
[0.0006298016333097749 'Spatial' 0 0.12384121268346134 0.1799092178412672
 0.10256410256410256 26 1 3 17 1 0]
[0.0 'Spatial' 0 0.12384121268346134 0.1799092178412672 0.0 26 1 4 0 8 0]
[4.33734790211394 'Spatial' 0 0.12384121268346134 0.1799092178412672
 0.10256410256410256 26 1 4 1 0 0]
[3.673694274916998 'Spatial' 0 0.12384121268346134 0.1799092178412672
 3.58974358974359 26 1 4 2 17 0]
[4.412581894188676 'Spatial' 0 0.12384121268346134 0.1799092178412672
 0.10256410256410256 26 1 4 3 17 0]
[4.4032528701934055 'Spatial' 0 0.12384121268346134 0.1799092178412672
 0.10256410256410256 26 1 4 4 9 0]
[1.8018887639799035 'Spatial' 0 0.12384121268346134 0.1799092178412672
 0.10256410256410256 26 1 4 5 9 0]
[0.019564652545675215 'Spatial' 0 0.12384121268346134 0.1799092178412672
 0.10256410256410256 26 1 4 6 63 0]
[2.2812253462901886 'Spatial' 0 0.12384121268346134 0.1799092178412672
 2.2564102564102564 26 1 4 7 7 0]
[1.2652492957750712 'Spatial' 0 0.12384121268346134 0.1799092178412672
 2.769230769230769 26 1 4 8 34 0]
[2.0691220295662043 'Spatial' 0 0.12384121268346134 0.1799092178412672
 4.102564102564102 26 1 4 9 52 0]
[1.488988262736856 'Spatial' 0 0.12384121268346134 0.1799092178412672
 3.5658119658119656 26 1 4 10 56 0]
[0.0006522657680736753 'Spatial' 0 0.12384121268346134 0.1799092178412672
 0.10256410256410256 26 1 4 11 3 0]
[2.9282073470087493 'Spatial' 0 0.12384121268346134 0.1799092178412672 4.0
 26 1 4 12 0 0]
[0.0006298016333097749 'Spatial' 0 0.12384121268346134 0.1799092178412672
 0.10256410256410256 26 1 4 13 61 0]
[0.0006298016333097749 'Spatial' 0 0.12384121268346134 0.1799092178412672
 0.10256410256410256 26 1 4 14 52 0]
[0.0006298016333097749 'Spatial' 0 0.12384121268346134 0.1799092178412672
 0.10256410256410256 26 1 4 15 53 0]
[11.513555266603538 'Spatial' 0 0.12384121268346134 0.1799092178412672
 0.10256410256410256 26 1 4 16 36 0]
[0.0006298016333097749 'Spatial' 0 0.12384121268346134 0.1799092178412672
 0.10256410256410256 26 1 4 17 36 0]
[0.0 'Spatial' 0 0.12384121268346134 0.1799092178412672 0.0 26 1 5 0 36 0]
[4.33734790211394 'Spatial' 0 0.12384121268346134 0.1799092178412672
 0.10256410256410256 26 1 5 1 36 0]
[3.673694274916998 'Spatial' 0 0.12384121268346134 0.1799092178412672
 3.58974358974359 26 1 5 2 36 0]
[4.412581894188676 'Spatial' 0 0.12384121268346134 0.1799092178412672
 0.10256410256410256 26 1 5 3 36 0]
[4.4032528701934055 'Spatial' 0 0.12384121268346134 0.1799092178412672
 0.10256410256410256 26 1 5 4 37 0]
[1.8018887639799035 'Spatial' 0 0.12384121268346134 0.1799092178412672
 0.10256410256410256 26 1 5 5 35 0]
[0.019564652545675215 'Spatial' 0 0.12384121268346134 0.1799092178412672
 0.10256410256410256 26 1 5 6 28 0]
[2.2812253462901886 'Spatial' 0 0.12384121268346134 0.1799092178412672
 2.2564102564102564 26 1 5 7 44 0]
[1.2652492957750712 'Spatial' 0 0.12384121268346134 0.1799092178412672
 2.769230769230769 26 1 5 8 53 0]
[2.0691220295662043 'Spatial' 0 0.12384121268346134 0.1799092178412672
 4.102564102564102 26 1 5 9 7 0]
[1.488988262736856 'Spatial' 0 0.12384121268346134 0.1799092178412672
 3.5658119658119656 26 1 5 10 57 0]
[0.0006522657680736753 'Spatial' 0 0.12384121268346134 0.1799092178412672
 0.10256410256410256 26 1 5 11 1 0]
[2.9282073470087493 'Spatial' 0 0.12384121268346134 0.1799092178412672 4.0
 26 1 5 12 32 0]
[0.0006298016333097749 'Spatial' 0 0.12384121268346134 0.1799092178412672
 0.10256410256410256 26 1 5 13 21 0]
[0.0006298016333097749 'Spatial' 0 0.12384121268346134 0.1799092178412672
 0.10256410256410256 26 1 5 14 10 0]
[0.0006298016333097749 'Spatial' 0 0.12384121268346134 0.1799092178412672
 0.10256410256410256 26 1 5 15 18 0]
[11.513555266603538 'Spatial' 0 0.12384121268346134 0.1799092178412672
 0.10256410256410256 26 1 5 16 16 0]
[0.0006298016333097749 'Spatial' 0 0.12384121268346134 0.1799092178412672
 0.10256410256410256 26 1 5 17 58 0]
[0.0 'Spatial' 0 0.12384121268346134 0.1799092178412672 0.0 26 1 6 0 61 0]
[4.33734790211394 'Spatial' 0 0.12384121268346134 0.1799092178412672
 0.10256410256410256 26 1 6 1 26 0]
[3.673694274916998 'Spatial' 0 0.12384121268346134 0.1799092178412672
 3.58974358974359 26 1 6 2 25 0]
[4.412581894188676 'Spatial' 0 0.12384121268346134 0.1799092178412672
 0.10256410256410256 26 1 6 3 10 0]
[4.4032528701934055 'Spatial' 0 0.12384121268346134 0.1799092178412672
 0.10256410256410256 26 1 6 4 9 0]
[1.8018887639799035 'Spatial' 0 0.12384121268346134 0.1799092178412672
 0.10256410256410256 26 1 6 5 3 0]
[0.019564652545675215 'Spatial' 0 0.12384121268346134 0.1799092178412672
 0.10256410256410256 26 1 6 6 2 0]
[2.2812253462901886 'Spatial' 0 0.12384121268346134 0.1799092178412672
 2.2564102564102564 26 1 6 7 3 0]
[1.2652492957750712 'Spatial' 0 0.12384121268346134 0.1799092178412672
 2.769230769230769 26 1 6 8 3 0]
[2.0691220295662043 'Spatial' 0 0.12384121268346134 0.1799092178412672
 4.102564102564102 26 1 6 9 4 0]
[1.488988262736856 'Spatial' 0 0.12384121268346134 0.1799092178412672
 3.5658119658119656 26 1 6 10 56 0]
[0.0006522657680736753 'Spatial' 0 0.12384121268346134 0.1799092178412672
 0.10256410256410256 26 1 6 11 54 0]
[2.9282073470087493 'Spatial' 0 0.12384121268346134 0.1799092178412672 4.0
 26 1 6 12 37 0]
[0.0006298016333097749 'Spatial' 0 0.12384121268346134 0.1799092178412672
 0.10256410256410256 26 1 6 13 36 0]
[0.0006298016333097749 'Spatial' 0 0.12384121268346134 0.1799092178412672
 0.10256410256410256 26 1 6 14 53 0]
[0.0006298016333097749 'Spatial' 0 0.12384121268346134 0.1799092178412672
 0.10256410256410256 26 1 6 15 29 0]
[11.513555266603538 'Spatial' 0 0.12384121268346134 0.1799092178412672
 0.10256410256410256 26 1 6 16 45 0]
[0.0006298016333097749 'Spatial' 0 0.12384121268346134 0.1799092178412672
 0.10256410256410256 26 1 6 17 29 0]
[0.0 'Spatial' 0 0.12384121268346134 0.1799092178412672 0.0 26 1 7 0 29 0]
[4.33734790211394 'Spatial' 0 0.12384121268346134 0.1799092178412672
 0.10256410256410256 26 1 7 1 20 0]
[3.673694274916998 'Spatial' 0 0.12384121268346134 0.1799092178412672
 3.58974358974359 26 1 7 2 37 0]
[4.412581894188676 'Spatial' 0 0.12384121268346134 0.1799092178412672
 0.10256410256410256 26 1 7 3 21 0]
[4.4032528701934055 'Spatial' 0 0.12384121268346134 0.1799092178412672
 0.10256410256410256 26 1 7 4 28 0]
[1.8018887639799035 'Spatial' 0 0.12384121268346134 0.1799092178412672
 0.10256410256410256 26 1 7 5 37 0]
[0.019564652545675215 'Spatial' 0 0.12384121268346134 0.1799092178412672
 0.10256410256410256 26 1 7 6 30 0]
[2.2812253462901886 'Spatial' 0 0.12384121268346134 0.1799092178412672
 2.2564102564102564 26 1 7 7 30 0]
[1.2652492957750712 'Spatial' 0 0.12384121268346134 0.1799092178412672
 2.769230769230769 26 1 7 8 30 0]
[2.0691220295662043 'Spatial' 0 0.12384121268346134 0.1799092178412672
 4.102564102564102 26 1 7 9 30 0]
[1.488988262736856 'Spatial' 0 0.12384121268346134 0.1799092178412672
 3.5658119658119656 26 1 7 10 30 0]
[0.0006522657680736753 'Spatial' 0 0.12384121268346134 0.1799092178412672
 0.10256410256410256 26 1 7 11 30 0]
[2.9282073470087493 'Spatial' 0 0.12384121268346134 0.1799092178412672 4.0
 26 1 7 12 49 0]
[0.0006298016333097749 'Spatial' 0 0.12384121268346134 0.1799092178412672
 0.10256410256410256 26 1 7 13 8 0]
[0.0006298016333097749 'Spatial' 0 0.12384121268346134 0.1799092178412672
 0.10256410256410256 26 1 7 14 13 0]
[0.0006298016333097749 'Spatial' 0 0.12384121268346134 0.1799092178412672
 0.10256410256410256 26 1 7 15 54 0]
[11.513555266603538 'Spatial' 0 0.12384121268346134 0.1799092178412672
 0.10256410256410256 26 1 7 16 18 0]
[0.0006298016333097749 'Spatial' 0 0.12384121268346134 0.1799092178412672
 0.10256410256410256 26 1 7 17 50 0]
[0.0 'Spatial' 0 0.12384121268346134 0.1799092178412672 0.0 26 1 8 0 58 0]
[4.33734790211394 'Spatial' 0 0.12384121268346134 0.1799092178412672
 0.10256410256410256 26 1 8 1 57 0]
[3.673694274916998 'Spatial' 0 0.12384121268346134 0.1799092178412672
 3.58974358974359 26 1 8 2 59 0]
[4.412581894188676 'Spatial' 0 0.12384121268346134 0.1799092178412672
 0.10256410256410256 26 1 8 3 59 0]
[4.4032528701934055 'Spatial' 0 0.12384121268346134 0.1799092178412672
 0.10256410256410256 26 1 8 4 59 0]
[1.8018887639799035 'Spatial' 0 0.12384121268346134 0.1799092178412672
 0.10256410256410256 26 1 8 5 60 0]
[0.019564652545675215 'Spatial' 0 0.12384121268346134 0.1799092178412672
 0.10256410256410256 26 1 8 6 51 0]
[2.2812253462901886 'Spatial' 0 0.12384121268346134 0.1799092178412672
 2.2564102564102564 26 1 8 7 49 0]
[1.2652492957750712 'Spatial' 0 0.12384121268346134 0.1799092178412672
 2.769230769230769 26 1 8 8 59 0]
[2.0691220295662043 'Spatial' 0 0.12384121268346134 0.1799092178412672
 4.102564102564102 26 1 8 9 59 0]
[1.488988262736856 'Spatial' 0 0.12384121268346134 0.1799092178412672
 3.5658119658119656 26 1 8 10 59 0]
[0.0006522657680736753 'Spatial' 0 0.12384121268346134 0.1799092178412672
 0.10256410256410256 26 1 8 11 59 0]
[2.9282073470087493 'Spatial' 0 0.12384121268346134 0.1799092178412672 4.0
 26 1 8 12 59 0]
[0.0006298016333097749 'Spatial' 0 0.12384121268346134 0.1799092178412672
 0.10256410256410256 26 1 8 13 59 0]
[0.0006298016333097749 'Spatial' 0 0.12384121268346134 0.1799092178412672
 0.10256410256410256 26 1 8 14 50 0]
[0.0006298016333097749 'Spatial' 0 0.12384121268346134 0.1799092178412672
 0.10256410256410256 26 1 8 15 49 0]
[11.513555266603538 'Spatial' 0 0.12384121268346134 0.1799092178412672
 0.10256410256410256 26 1 8 16 48 0]
[0.0006298016333097749 'Spatial' 0 0.12384121268346134 0.1799092178412672
 0.10256410256410256 26 1 8 17 48 0]
