[0.0 'Spatial' 0 1.0974604253115645 4.310906507904617 0.0 13 3 0 0 21 0]
[4.143447049953283 'Spatial' 0 1.0974604253115645 4.310906507904617
 0.10256410256410256 13 3 0 1 29 0]
[3.631616520285398 'Spatial' 0 1.0974604253115645 4.310906507904617
 2.505982905982906 13 3 0 2 41 0]
[3.225834303068587 'Spatial' 0 1.0974604253115645 4.310906507904617
 3.692307692307692 13 3 0 3 37 0]
[3.709337643596009 'Spatial' 0 1.0974604253115645 4.310906507904617
 1.5145299145299145 13 3 0 4 59 0]
[3.3805504064033 'Spatial' 0 1.0974604253115645 4.310906507904617
 1.7435897435897436 13 3 0 5 9 0]
[3.3122749657356505 'Spatial' 0 1.0974604253115645 4.310906507904617
 1.6170940170940171 13 3 0 6 7 0]
[3.678540950213498 'Spatial' 0 1.0974604253115645 4.310906507904617
 4.044444444444444 13 3 0 7 43 0]
[3.996128832489116 'Spatial' 0 1.0974604253115645 4.310906507904617
 0.6153846153846153 13 3 0 8 14 0]
[3.3972905187286635 'Spatial' 0 1.0974604253115645 4.310906507904617
 1.2307692307692308 13 3 0 9 24 0]
[3.9293950853284723 'Spatial' 0 1.0974604253115645 4.310906507904617
 0.6598290598290598 13 3 0 10 52 0]
[2.842299322088186 'Spatial' 0 1.0974604253115645 4.310906507904617
 3.223931623931624 13 3 0 11 35 0]
[3.12253510168477 'Spatial' 0 1.0974604253115645 4.310906507904617
 1.2307692307692308 13 3 0 12 63 0]
[3.9369292385757055 'Spatial' 0 1.0974604253115645 4.310906507904617
 0.3076923076923077 13 3 0 13 49 0]
[3.5148037116547357 'Spatial' 0 1.0974604253115645 4.310906507904617
 1.4803418803418804 13 3 0 14 49 0]
[4.179577632930712 'Spatial' 0 1.0974604253115645 4.310906507904617
 1.4803418803418804 13 3 0 15 59 0]
[3.00496085980411 'Spatial' 0 1.0974604253115645 4.310906507904617
 2.9504273504273506 13 3 0 16 44 0]
[3.30298561049394 'Spatial' 0 1.0974604253115645 4.310906507904617
 1.0017094017094017 13 3 0 17 11 0]
[0.0 'Spatial' 0 1.0974604253115645 4.310906507904617 0.0 13 3 1 0 20 0]
[4.143447049953283 'Spatial' 0 1.0974604253115645 4.310906507904617
 0.10256410256410256 13 3 1 1 40 0]
[3.631616520285398 'Spatial' 0 1.0974604253115645 4.310906507904617
 2.505982905982906 13 3 1 2 60 0]
[3.225834303068587 'Spatial' 0 1.0974604253115645 4.310906507904617
 3.692307692307692 13 3 1 3 60 0]
[3.709337643596009 'Spatial' 0 1.0974604253115645 4.310906507904617
 1.5145299145299145 13 3 1 4 58 0]
[3.3805504064033 'Spatial' 0 1.0974604253115645 4.310906507904617
 1.7435897435897436 13 3 1 5 56 0]
[3.3122749657356505 'Spatial' 0 1.0974604253115645 4.310906507904617
 1.6170940170940171 13 3 1 6 62 0]
[3.678540950213498 'Spatial' 0 1.0974604253115645 4.310906507904617
 4.044444444444444 13 3 1 7 59 0]
[3.996128832489116 'Spatial' 0 1.0974604253115645 4.310906507904617
 0.6153846153846153 13 3 1 8 63 0]
[3.3972905187286635 'Spatial' 0 1.0974604253115645 4.310906507904617
 1.2307692307692308 13 3 1 9 58 0]
[3.9293950853284723 'Spatial' 0 1.0974604253115645 4.310906507904617
 0.6598290598290598 13 3 1 10 61 0]
[2.842299322088186 'Spatial' 0 1.0974604253115645 4.310906507904617
 3.223931623931624 13 3 1 11 56 0]
[3.12253510168477 'Spatial' 0 1.0974604253115645 4.310906507904617
 1.2307692307692308 13 3 1 12 62 0]
[3.9369292385757055 'Spatial' 0 1.0974604253115645 4.310906507904617
 0.3076923076923077 13 3 1 13 63 0]
[3.5148037116547357 'Spatial' 0 1.0974604253115645 4.310906507904617
 1.4803418803418804 13 3 1 14 61 0]
[4.179577632930712 'Spatial' 0 1.0974604253115645 4.310906507904617
 1.4803418803418804 13 3 1 15 57 0]
[3.00496085980411 'Spatial' 0 1.0974604253115645 4.310906507904617
 2.9504273504273506 13 3 1 16 63 0]
[3.30298561049394 'Spatial' 0 1.0974604253115645 4.310906507904617
 1.0017094017094017 13 3 1 17 33 0]
[0.0 'Spatial' 0 1.0974604253115645 4.310906507904617 0.0 13 3 2 0 57 0]
[4.143447049953283 'Spatial' 0 1.0974604253115645 4.310906507904617
 0.10256410256410256 13 3 2 1 60 0]
[3.631616520285398 'Spatial' 0 1.0974604253115645 4.310906507904617
 2.505982905982906 13 3 2 2 61 0]
[3.225834303068587 'Spatial' 0 1.0974604253115645 4.310906507904617
 3.692307692307692 13 3 2 3 57 0]
[3.709337643596009 'Spatial' 0 1.0974604253115645 4.310906507904617
 1.5145299145299145 13 3 2 4 61 0]
[3.3805504064033 'Spatial' 0 1.0974604253115645 4.310906507904617
 1.7435897435897436 13 3 2 5 56 0]
[3.3122749657356505 'Spatial' 0 1.0974604253115645 4.310906507904617
 1.6170940170940171 13 3 2 6 59 0]
[3.678540950213498 'Spatial' 0 1.0974604253115645 4.310906507904617
 4.044444444444444 13 3 2 7 57 0]
[3.996128832489116 'Spatial' 0 1.0974604253115645 4.310906507904617
 0.6153846153846153 13 3 2 8 1 0]
[3.3972905187286635 'Spatial' 0 1.0974604253115645 4.310906507904617
 1.2307692307692308 13 3 2 9 7 0]
[3.9293950853284723 'Spatial' 0 1.0974604253115645 4.310906507904617
 0.6598290598290598 13 3 2 10 61 0]
[2.842299322088186 'Spatial' 0 1.0974604253115645 4.310906507904617
 3.223931623931624 13 3 2 11 57 0]
[3.12253510168477 'Spatial' 0 1.0974604253115645 4.310906507904617
 1.2307692307692308 13 3 2 12 62 0]
[3.9369292385757055 'Spatial' 0 1.0974604253115645 4.310906507904617
 0.3076923076923077 13 3 2 13 31 0]
[3.5148037116547357 'Spatial' 0 1.0974604253115645 4.310906507904617
 1.4803418803418804 13 3 2 14 63 0]
[4.179577632930712 'Spatial' 0 1.0974604253115645 4.310906507904617
 1.4803418803418804 13 3 2 15 58 0]
[3.00496085980411 'Spatial' 0 1.0974604253115645 4.310906507904617
 2.9504273504273506 13 3 2 16 62 0]
[3.30298561049394 'Spatial' 0 1.0974604253115645 4.310906507904617
 1.0017094017094017 13 3 2 17 59 0]
[0.0 'Spatial' 0 1.0974604253115645 4.310906507904617 0.0 13 3 4 0 56 0]
[4.143447049953283 'Spatial' 0 1.0974604253115645 4.310906507904617
 0.10256410256410256 13 3 4 1 58 0]
[3.631616520285398 'Spatial' 0 1.0974604253115645 4.310906507904617
 2.505982905982906 13 3 4 2 63 0]
[3.225834303068587 'Spatial' 0 1.0974604253115645 4.310906507904617
 3.692307692307692 13 3 4 3 59 0]
[3.709337643596009 'Spatial' 0 1.0974604253115645 4.310906507904617
 1.5145299145299145 13 3 4 4 60 0]
[3.3805504064033 'Spatial' 0 1.0974604253115645 4.310906507904617
 1.7435897435897436 13 3 4 5 62 0]
[3.3122749657356505 'Spatial' 0 1.0974604253115645 4.310906507904617
 1.6170940170940171 13 3 4 6 63 0]
[3.678540950213498 'Spatial' 0 1.0974604253115645 4.310906507904617
 4.044444444444444 13 3 4 7 6 0]
[3.996128832489116 'Spatial' 0 1.0974604253115645 4.310906507904617
 0.6153846153846153 13 3 4 8 60 0]
[3.3972905187286635 'Spatial' 0 1.0974604253115645 4.310906507904617
 1.2307692307692308 13 3 4 9 52 0]
[3.9293950853284723 'Spatial' 0 1.0974604253115645 4.310906507904617
 0.6598290598290598 13 3 4 10 56 0]
[2.842299322088186 'Spatial' 0 1.0974604253115645 4.310906507904617
 3.223931623931624 13 3 4 11 61 0]
[3.12253510168477 'Spatial' 0 1.0974604253115645 4.310906507904617
 1.2307692307692308 13 3 4 12 60 0]
[3.9369292385757055 'Spatial' 0 1.0974604253115645 4.310906507904617
 0.3076923076923077 13 3 4 13 63 0]
[3.5148037116547357 'Spatial' 0 1.0974604253115645 4.310906507904617
 1.4803418803418804 13 3 4 14 57 0]
[4.179577632930712 'Spatial' 0 1.0974604253115645 4.310906507904617
 1.4803418803418804 13 3 4 15 59 0]
[3.00496085980411 'Spatial' 0 1.0974604253115645 4.310906507904617
 2.9504273504273506 13 3 4 16 62 0]
[3.30298561049394 'Spatial' 0 1.0974604253115645 4.310906507904617
 1.0017094017094017 13 3 4 17 32 0]
[0.0 'Spatial' 0 1.0974604253115645 4.310906507904617 0.0 13 3 5 0 60 0]
[4.143447049953283 'Spatial' 0 1.0974604253115645 4.310906507904617
 0.10256410256410256 13 3 5 1 7 0]
[3.631616520285398 'Spatial' 0 1.0974604253115645 4.310906507904617
 2.505982905982906 13 3 5 2 63 0]
[3.225834303068587 'Spatial' 0 1.0974604253115645 4.310906507904617
 3.692307692307692 13 3 5 3 56 0]
[3.709337643596009 'Spatial' 0 1.0974604253115645 4.310906507904617
 1.5145299145299145 13 3 5 4 61 0]
[3.3805504064033 'Spatial' 0 1.0974604253115645 4.310906507904617
 1.7435897435897436 13 3 5 5 58 0]
[3.3122749657356505 'Spatial' 0 1.0974604253115645 4.310906507904617
 1.6170940170940171 13 3 5 6 59 0]
[3.678540950213498 'Spatial' 0 1.0974604253115645 4.310906507904617
 4.044444444444444 13 3 5 7 61 0]
[3.996128832489116 'Spatial' 0 1.0974604253115645 4.310906507904617
 0.6153846153846153 13 3 5 8 61 0]
[3.3972905187286635 'Spatial' 0 1.0974604253115645 4.310906507904617
 1.2307692307692308 13 3 5 9 26 0]
[3.9293950853284723 'Spatial' 0 1.0974604253115645 4.310906507904617
 0.6598290598290598 13 3 5 10 23 0]
[2.842299322088186 'Spatial' 0 1.0974604253115645 4.310906507904617
 3.223931623931624 13 3 5 11 51 0]
[3.12253510168477 'Spatial' 0 1.0974604253115645 4.310906507904617
 1.2307692307692308 13 3 5 12 45 0]
[3.9369292385757055 'Spatial' 0 1.0974604253115645 4.310906507904617
 0.3076923076923077 13 3 5 13 10 0]
[3.5148037116547357 'Spatial' 0 1.0974604253115645 4.310906507904617
 1.4803418803418804 13 3 5 14 50 0]
[4.179577632930712 'Spatial' 0 1.0974604253115645 4.310906507904617
 1.4803418803418804 13 3 5 15 40 0]
[3.00496085980411 'Spatial' 0 1.0974604253115645 4.310906507904617
 2.9504273504273506 13 3 5 16 49 0]
[3.30298561049394 'Spatial' 0 1.0974604253115645 4.310906507904617
 1.0017094017094017 13 3 5 17 50 0]
[0.0 'Spatial' 0 1.0974604253115645 4.310906507904617 0.0 13 3 6 0 49 0]
[4.143447049953283 'Spatial' 0 1.0974604253115645 4.310906507904617
 0.10256410256410256 13 3 6 1 50 0]
[3.631616520285398 'Spatial' 0 1.0974604253115645 4.310906507904617
 2.505982905982906 13 3 6 2 50 0]
[3.225834303068587 'Spatial' 0 1.0974604253115645 4.310906507904617
 3.692307692307692 13 3 6 3 50 0]
[3.709337643596009 'Spatial' 0 1.0974604253115645 4.310906507904617
 1.5145299145299145 13 3 6 4 50 0]
[3.3805504064033 'Spatial' 0 1.0974604253115645 4.310906507904617
 1.7435897435897436 13 3 6 5 50 0]
[3.3122749657356505 'Spatial' 0 1.0974604253115645 4.310906507904617
 1.6170940170940171 13 3 6 6 51 0]
[3.678540950213498 'Spatial' 0 1.0974604253115645 4.310906507904617
 4.044444444444444 13 3 6 7 58 0]
[3.996128832489116 'Spatial' 0 1.0974604253115645 4.310906507904617
 0.6153846153846153 13 3 6 8 42 0]
[3.3972905187286635 'Spatial' 0 1.0974604253115645 4.310906507904617
 1.2307692307692308 13 3 6 9 50 0]
[3.9293950853284723 'Spatial' 0 1.0974604253115645 4.310906507904617
 0.6598290598290598 13 3 6 10 50 0]
[2.842299322088186 'Spatial' 0 1.0974604253115645 4.310906507904617
 3.223931623931624 13 3 6 11 50 0]
[3.12253510168477 'Spatial' 0 1.0974604253115645 4.310906507904617
 1.2307692307692308 13 3 6 12 30 0]
[3.9369292385757055 'Spatial' 0 1.0974604253115645 4.310906507904617
 0.3076923076923077 13 3 6 13 10 0]
[3.5148037116547357 'Spatial' 0 1.0974604253115645 4.310906507904617
 1.4803418803418804 13 3 6 14 28 0]
[4.179577632930712 'Spatial' 0 1.0974604253115645 4.310906507904617
 1.4803418803418804 13 3 6 15 20 0]
[3.00496085980411 'Spatial' 0 1.0974604253115645 4.310906507904617
 2.9504273504273506 13 3 6 16 7 0]
[3.30298561049394 'Spatial' 0 1.0974604253115645 4.310906507904617
 1.0017094017094017 13 3 6 17 25 0]
[0.0 'Spatial' 0 1.0974604253115645 4.310906507904617 0.0 13 3 7 0 3 0]
[4.143447049953283 'Spatial' 0 1.0974604253115645 4.310906507904617
 0.10256410256410256 13 3 7 1 12 0]
[3.631616520285398 'Spatial' 0 1.0974604253115645 4.310906507904617
 2.505982905982906 13 3 7 2 6 0]
[3.225834303068587 'Spatial' 0 1.0974604253115645 4.310906507904617
 3.692307692307692 13 3 7 3 63 0]
[3.709337643596009 'Spatial' 0 1.0974604253115645 4.310906507904617
 1.5145299145299145 13 3 7 4 44 0]
[3.3805504064033 'Spatial' 0 1.0974604253115645 4.310906507904617
 1.7435897435897436 13 3 7 5 34 0]
[3.3122749657356505 'Spatial' 0 1.0974604253115645 4.310906507904617
 1.6170940170940171 13 3 7 6 43 0]
[3.678540950213498 'Spatial' 0 1.0974604253115645 4.310906507904617
 4.044444444444444 13 3 7 7 59 0]
[3.996128832489116 'Spatial' 0 1.0974604253115645 4.310906507904617
 0.6153846153846153 13 3 7 8 3 0]
[3.3972905187286635 'Spatial' 0 1.0974604253115645 4.310906507904617
 1.2307692307692308 13 3 7 9 28 0]
[3.9293950853284723 'Spatial' 0 1.0974604253115645 4.310906507904617
 0.6598290598290598 13 3 7 10 33 0]
[2.842299322088186 'Spatial' 0 1.0974604253115645 4.310906507904617
 3.223931623931624 13 3 7 11 35 0]
[3.12253510168477 'Spatial' 0 1.0974604253115645 4.310906507904617
 1.2307692307692308 13 3 7 12 52 0]
[3.9369292385757055 'Spatial' 0 1.0974604253115645 4.310906507904617
 0.3076923076923077 13 3 7 13 50 0]
[3.5148037116547357 'Spatial' 0 1.0974604253115645 4.310906507904617
 1.4803418803418804 13 3 7 14 52 0]
[4.179577632930712 'Spatial' 0 1.0974604253115645 4.310906507904617
 1.4803418803418804 13 3 7 15 53 0]
[3.00496085980411 'Spatial' 0 1.0974604253115645 4.310906507904617
 2.9504273504273506 13 3 7 16 60 0]
[3.30298561049394 'Spatial' 0 1.0974604253115645 4.310906507904617
 1.0017094017094017 13 3 7 17 50 0]
[0.0 'Spatial' 0 1.0974604253115645 4.310906507904617 0.0 13 3 8 0 54 0]
[4.143447049953283 'Spatial' 0 1.0974604253115645 4.310906507904617
 0.10256410256410256 13 3 8 1 60 0]
[3.631616520285398 'Spatial' 0 1.0974604253115645 4.310906507904617
 2.505982905982906 13 3 8 2 60 0]
[3.225834303068587 'Spatial' 0 1.0974604253115645 4.310906507904617
 3.692307692307692 13 3 8 3 59 0]
[3.709337643596009 'Spatial' 0 1.0974604253115645 4.310906507904617
 1.5145299145299145 13 3 8 4 63 0]
[3.3805504064033 'Spatial' 0 1.0974604253115645 4.310906507904617
 1.7435897435897436 13 3 8 5 63 0]
[3.3122749657356505 'Spatial' 0 1.0974604253115645 4.310906507904617
 1.6170940170940171 13 3 8 6 58 0]
[3.678540950213498 'Spatial' 0 1.0974604253115645 4.310906507904617
 4.044444444444444 13 3 8 7 60 0]
[3.996128832489116 'Spatial' 0 1.0974604253115645 4.310906507904617
 0.6153846153846153 13 3 8 8 56 0]
[3.3972905187286635 'Spatial' 0 1.0974604253115645 4.310906507904617
 1.2307692307692308 13 3 8 9 59 0]
[3.9293950853284723 'Spatial' 0 1.0974604253115645 4.310906507904617
 0.6598290598290598 13 3 8 10 60 0]
[2.842299322088186 'Spatial' 0 1.0974604253115645 4.310906507904617
 3.223931623931624 13 3 8 11 59 0]
[3.12253510168477 'Spatial' 0 1.0974604253115645 4.310906507904617
 1.2307692307692308 13 3 8 12 58 0]
[3.9369292385757055 'Spatial' 0 1.0974604253115645 4.310906507904617
 0.3076923076923077 13 3 8 13 62 0]
[3.5148037116547357 'Spatial' 0 1.0974604253115645 4.310906507904617
 1.4803418803418804 13 3 8 14 60 0]
[4.179577632930712 'Spatial' 0 1.0974604253115645 4.310906507904617
 1.4803418803418804 13 3 8 15 2 0]
[3.00496085980411 'Spatial' 0 1.0974604253115645 4.310906507904617
 2.9504273504273506 13 3 8 16 36 0]
[3.30298561049394 'Spatial' 0 1.0974604253115645 4.310906507904617
 1.0017094017094017 13 3 8 17 25 0]
