[0.0 'Spatial' 0 0.6274803561995083 71.1714582161657 0.0 82 6 0 0 41 1]
[4.024889932271645 'Spatial' 0 0.6274803561995083 71.1714582161657
 0.7623931623931623 82 6 0 1 51 1]
[3.8887374792115437 'Spatial' 0 0.6274803561995083 71.1714582161657
 0.7965811965811965 82 6 0 2 24 1]
[3.832429280309557 'Spatial' 0 0.6274803561995083 71.1714582161657
 0.717948717948718 82 6 0 3 8 1]
[4.092062537482276 'Spatial' 0 0.6274803561995083 71.1714582161657
 0.3076923076923077 82 6 0 4 0 1]
[0.0006298016333102192 'Spatial' 0 0.6274803561995083 71.1714582161657
 1.435897435897436 82 6 0 5 8 1]
[1.6231018703496651 'Spatial' 0 0.6274803561995083 71.1714582161657
 1.9247863247863248 82 6 0 6 9 1]
[1.6095559054726483 'Spatial' 0 0.6274803561995083 71.1714582161657
 1.5487179487179488 82 6 0 7 17 1]
[1.0988625597131516 'Spatial' 0 0.6274803561995083 71.1714582161657
 1.1384615384615384 82 6 0 8 16 1]
[2.2614129321013 'Spatial' 0 0.6274803561995083 71.1714582161657
 1.7435897435897436 82 6 0 9 32 1]
[0.6935173820713821 'Spatial' 0 0.6274803561995083 71.1714582161657
 0.923076923076923 82 6 0 10 16 1]
[0.6934571325198736 'Spatial' 0 0.6274803561995083 71.1714582161657
 0.717948717948718 82 6 0 11 16 1]
[0.6934571325198736 'Spatial' 0 0.6274803561995083 71.1714582161657
 0.717948717948718 82 6 0 12 8 1]
[0.6934571325198736 'Spatial' 0 0.6274803561995083 71.1714582161657
 0.10256410256410256 82 6 0 13 16 1]
[0.6934571325198736 'Spatial' 0 0.6274803561995083 71.1714582161657
 0.10256410256410256 82 6 0 14 16 1]
[1.3864797247335208 'Spatial' 0 0.6274803561995083 71.1714582161657
 0.7965811965811965 82 6 0 15 24 1]
[1.0988156013320227 'Spatial' 0 0.6274803561995083 71.1714582161657
 0.6256410256410255 82 6 0 16 24 1]
[1.0988156013320227 'Spatial' 0 0.6274803561995083 71.1714582161657
 0.10256410256410256 82 6 0 17 16 1]
[0.0 'Spatial' 0 0.6274803561995083 71.1714582161657 0.0 82 6 1 0 8 1]
[4.024889932271645 'Spatial' 0 0.6274803561995083 71.1714582161657
 0.7623931623931623 82 6 1 1 8 1]
[3.8887374792115437 'Spatial' 0 0.6274803561995083 71.1714582161657
 0.7965811965811965 82 6 1 2 44 1]
[3.832429280309557 'Spatial' 0 0.6274803561995083 71.1714582161657
 0.717948717948718 82 6 1 3 22 1]
[4.092062537482276 'Spatial' 0 0.6274803561995083 71.1714582161657
 0.3076923076923077 82 6 1 4 49 1]
[0.0006298016333102192 'Spatial' 0 0.6274803561995083 71.1714582161657
 1.435897435897436 82 6 1 5 1 1]
[1.6231018703496651 'Spatial' 0 0.6274803561995083 71.1714582161657
 1.9247863247863248 82 6 1 6 35 1]
[1.6095559054726483 'Spatial' 0 0.6274803561995083 71.1714582161657
 1.5487179487179488 82 6 1 7 55 1]
[1.0988625597131516 'Spatial' 0 0.6274803561995083 71.1714582161657
 1.1384615384615384 82 6 1 8 30 1]
[2.2614129321013 'Spatial' 0 0.6274803561995083 71.1714582161657
 1.7435897435897436 82 6 1 9 11 1]
[0.6935173820713821 'Spatial' 0 0.6274803561995083 71.1714582161657
 0.923076923076923 82 6 1 10 60 1]
[0.6934571325198736 'Spatial' 0 0.6274803561995083 71.1714582161657
 0.717948717948718 82 6 1 11 38 1]
[0.6934571325198736 'Spatial' 0 0.6274803561995083 71.1714582161657
 0.717948717948718 82 6 1 12 21 1]
[0.6934571325198736 'Spatial' 0 0.6274803561995083 71.1714582161657
 0.10256410256410256 82 6 1 13 16 1]
[0.6934571325198736 'Spatial' 0 0.6274803561995083 71.1714582161657
 0.10256410256410256 82 6 1 14 41 1]
[1.3864797247335208 'Spatial' 0 0.6274803561995083 71.1714582161657
 0.7965811965811965 82 6 1 15 14 1]
[1.0988156013320227 'Spatial' 0 0.6274803561995083 71.1714582161657
 0.6256410256410255 82 6 1 16 7 1]
[1.0988156013320227 'Spatial' 0 0.6274803561995083 71.1714582161657
 0.10256410256410256 82 6 1 17 5 1]
[0.0 'Spatial' 0 0.6274803561995083 71.1714582161657 0.0 82 6 2 0 5 1]
[4.024889932271645 'Spatial' 0 0.6274803561995083 71.1714582161657
 0.7623931623931623 82 6 2 1 13 1]
[3.8887374792115437 'Spatial' 0 0.6274803561995083 71.1714582161657
 0.7965811965811965 82 6 2 2 6 1]
[3.832429280309557 'Spatial' 0 0.6274803561995083 71.1714582161657
 0.717948717948718 82 6 2 3 6 1]
[4.092062537482276 'Spatial' 0 0.6274803561995083 71.1714582161657
 0.3076923076923077 82 6 2 4 13 1]
[0.0006298016333102192 'Spatial' 0 0.6274803561995083 71.1714582161657
 1.435897435897436 82 6 2 5 57 1]
[1.6231018703496651 'Spatial' 0 0.6274803561995083 71.1714582161657
 1.9247863247863248 82 6 2 6 53 1]
[1.6095559054726483 'Spatial' 0 0.6274803561995083 71.1714582161657
 1.5487179487179488 82 6 2 7 41 1]
[1.0988625597131516 'Spatial' 0 0.6274803561995083 71.1714582161657
 1.1384615384615384 82 6 2 8 50 1]
[2.2614129321013 'Spatial' 0 0.6274803561995083 71.1714582161657
 1.7435897435897436 82 6 2 9 40 1]
[0.6935173820713821 'Spatial' 0 0.6274803561995083 71.1714582161657
 0.923076923076923 82 6 2 10 48 1]
[0.6934571325198736 'Spatial' 0 0.6274803561995083 71.1714582161657
 0.717948717948718 82 6 2 11 56 1]
[0.6934571325198736 'Spatial' 0 0.6274803561995083 71.1714582161657
 0.717948717948718 82 6 2 12 49 1]
[0.6934571325198736 'Spatial' 0 0.6274803561995083 71.1714582161657
 0.10256410256410256 82 6 2 13 40 1]
[0.6934571325198736 'Spatial' 0 0.6274803561995083 71.1714582161657
 0.10256410256410256 82 6 2 14 56 1]
[1.3864797247335208 'Spatial' 0 0.6274803561995083 71.1714582161657
 0.7965811965811965 82 6 2 15 32 1]
[1.0988156013320227 'Spatial' 0 0.6274803561995083 71.1714582161657
 0.6256410256410255 82 6 2 16 56 1]
[1.0988156013320227 'Spatial' 0 0.6274803561995083 71.1714582161657
 0.10256410256410256 82 6 2 17 57 1]
[0.0 'Spatial' 0 0.6274803561995083 71.1714582161657 0.0 82 6 3 0 56 1]
[4.024889932271645 'Spatial' 0 0.6274803561995083 71.1714582161657
 0.7623931623931623 82 6 3 1 48 1]
[3.8887374792115437 'Spatial' 0 0.6274803561995083 71.1714582161657
 0.7965811965811965 82 6 3 2 48 1]
[3.832429280309557 'Spatial' 0 0.6274803561995083 71.1714582161657
 0.717948717948718 82 6 3 3 48 1]
[4.092062537482276 'Spatial' 0 0.6274803561995083 71.1714582161657
 0.3076923076923077 82 6 3 4 48 1]
[0.0006298016333102192 'Spatial' 0 0.6274803561995083 71.1714582161657
 1.435897435897436 82 6 3 5 48 1]
[1.6231018703496651 'Spatial' 0 0.6274803561995083 71.1714582161657
 1.9247863247863248 82 6 3 6 45 1]
[1.6095559054726483 'Spatial' 0 0.6274803561995083 71.1714582161657
 1.5487179487179488 82 6 3 7 56 1]
[1.0988625597131516 'Spatial' 0 0.6274803561995083 71.1714582161657
 1.1384615384615384 82 6 3 8 24 1]
[2.2614129321013 'Spatial' 0 0.6274803561995083 71.1714582161657
 1.7435897435897436 82 6 3 9 43 1]
[0.6935173820713821 'Spatial' 0 0.6274803561995083 71.1714582161657
 0.923076923076923 82 6 3 10 12 1]
[0.6934571325198736 'Spatial' 0 0.6274803561995083 71.1714582161657
 0.717948717948718 82 6 3 11 14 1]
[0.6934571325198736 'Spatial' 0 0.6274803561995083 71.1714582161657
 0.717948717948718 82 6 3 12 15 1]
[0.6934571325198736 'Spatial' 0 0.6274803561995083 71.1714582161657
 0.10256410256410256 82 6 3 13 14 1]
[0.6934571325198736 'Spatial' 0 0.6274803561995083 71.1714582161657
 0.10256410256410256 82 6 3 14 6 1]
[1.3864797247335208 'Spatial' 0 0.6274803561995083 71.1714582161657
 0.7965811965811965 82 6 3 15 14 1]
[1.0988156013320227 'Spatial' 0 0.6274803561995083 71.1714582161657
 0.6256410256410255 82 6 3 16 14 1]
[1.0988156013320227 'Spatial' 0 0.6274803561995083 71.1714582161657
 0.10256410256410256 82 6 3 17 14 1]
[0.0 'Spatial' 0 0.6274803561995083 71.1714582161657 0.0 82 6 4 0 14 1]
[4.024889932271645 'Spatial' 0 0.6274803561995083 71.1714582161657
 0.7623931623931623 82 6 4 1 14 1]
[3.8887374792115437 'Spatial' 0 0.6274803561995083 71.1714582161657
 0.7965811965811965 82 6 4 2 14 1]
[3.832429280309557 'Spatial' 0 0.6274803561995083 71.1714582161657
 0.717948717948718 82 6 4 3 14 1]
[4.092062537482276 'Spatial' 0 0.6274803561995083 71.1714582161657
 0.3076923076923077 82 6 4 4 14 1]
[0.0006298016333102192 'Spatial' 0 0.6274803561995083 71.1714582161657
 1.435897435897436 82 6 4 5 14 1]
[1.6231018703496651 'Spatial' 0 0.6274803561995083 71.1714582161657
 1.9247863247863248 82 6 4 6 14 1]
[1.6095559054726483 'Spatial' 0 0.6274803561995083 71.1714582161657
 1.5487179487179488 82 6 4 7 14 1]
[1.0988625597131516 'Spatial' 0 0.6274803561995083 71.1714582161657
 1.1384615384615384 82 6 4 8 41 1]
[2.2614129321013 'Spatial' 0 0.6274803561995083 71.1714582161657
 1.7435897435897436 82 6 4 9 14 1]
[0.6935173820713821 'Spatial' 0 0.6274803561995083 71.1714582161657
 0.923076923076923 82 6 4 10 6 1]
[0.6934571325198736 'Spatial' 0 0.6274803561995083 71.1714582161657
 0.717948717948718 82 6 4 11 7 1]
[0.6934571325198736 'Spatial' 0 0.6274803561995083 71.1714582161657
 0.717948717948718 82 6 4 12 5 1]
[0.6934571325198736 'Spatial' 0 0.6274803561995083 71.1714582161657
 0.10256410256410256 82 6 4 13 5 1]
[0.6934571325198736 'Spatial' 0 0.6274803561995083 71.1714582161657
 0.10256410256410256 82 6 4 14 5 1]
[1.3864797247335208 'Spatial' 0 0.6274803561995083 71.1714582161657
 0.7965811965811965 82 6 4 15 6 1]
[1.0988156013320227 'Spatial' 0 0.6274803561995083 71.1714582161657
 0.6256410256410255 82 6 4 16 5 1]
[1.0988156013320227 'Spatial' 0 0.6274803561995083 71.1714582161657
 0.10256410256410256 82 6 4 17 5 1]
[0.0 'Spatial' 0 0.6274803561995083 71.1714582161657 0.0 82 6 5 0 5 1]
[4.024889932271645 'Spatial' 0 0.6274803561995083 71.1714582161657
 0.7623931623931623 82 6 5 1 5 1]
[3.8887374792115437 'Spatial' 0 0.6274803561995083 71.1714582161657
 0.7965811965811965 82 6 5 2 5 1]
[3.832429280309557 'Spatial' 0 0.6274803561995083 71.1714582161657
 0.717948717948718 82 6 5 3 5 1]
[4.092062537482276 'Spatial' 0 0.6274803561995083 71.1714582161657
 0.3076923076923077 82 6 5 4 5 1]
[0.0006298016333102192 'Spatial' 0 0.6274803561995083 71.1714582161657
 1.435897435897436 82 6 5 5 5 1]
[1.6231018703496651 'Spatial' 0 0.6274803561995083 71.1714582161657
 1.9247863247863248 82 6 5 6 5 1]
[1.6095559054726483 'Spatial' 0 0.6274803561995083 71.1714582161657
 1.5487179487179488 82 6 5 7 5 1]
[1.0988625597131516 'Spatial' 0 0.6274803561995083 71.1714582161657
 1.1384615384615384 82 6 5 8 6 1]
[2.2614129321013 'Spatial' 0 0.6274803561995083 71.1714582161657
 1.7435897435897436 82 6 5 9 5 1]
[0.6935173820713821 'Spatial' 0 0.6274803561995083 71.1714582161657
 0.923076923076923 82 6 5 10 46 1]
[0.6934571325198736 'Spatial' 0 0.6274803561995083 71.1714582161657
 0.717948717948718 82 6 5 11 10 1]
[0.6934571325198736 'Spatial' 0 0.6274803561995083 71.1714582161657
 0.717948717948718 82 6 5 12 10 1]
[0.6934571325198736 'Spatial' 0 0.6274803561995083 71.1714582161657
 0.10256410256410256 82 6 5 13 11 1]
[0.6934571325198736 'Spatial' 0 0.6274803561995083 71.1714582161657
 0.10256410256410256 82 6 5 14 9 1]
[1.3864797247335208 'Spatial' 0 0.6274803561995083 71.1714582161657
 0.7965811965811965 82 6 5 15 8 1]
[1.0988156013320227 'Spatial' 0 0.6274803561995083 71.1714582161657
 0.6256410256410255 82 6 5 16 2 1]
[1.0988156013320227 'Spatial' 0 0.6274803561995083 71.1714582161657
 0.10256410256410256 82 6 5 17 9 1]
[0.0 'Spatial' 0 0.6274803561995083 71.1714582161657 0.0 82 6 7 0 9 1]
[4.024889932271645 'Spatial' 0 0.6274803561995083 71.1714582161657
 0.7623931623931623 82 6 7 1 10 1]
[3.8887374792115437 'Spatial' 0 0.6274803561995083 71.1714582161657
 0.7965811965811965 82 6 7 2 9 1]
[3.832429280309557 'Spatial' 0 0.6274803561995083 71.1714582161657
 0.717948717948718 82 6 7 3 8 1]
[4.092062537482276 'Spatial' 0 0.6274803561995083 71.1714582161657
 0.3076923076923077 82 6 7 4 1 1]
[0.0006298016333102192 'Spatial' 0 0.6274803561995083 71.1714582161657
 1.435897435897436 82 6 7 5 10 1]
[1.6231018703496651 'Spatial' 0 0.6274803561995083 71.1714582161657
 1.9247863247863248 82 6 7 6 9 1]
[1.6095559054726483 'Spatial' 0 0.6274803561995083 71.1714582161657
 1.5487179487179488 82 6 7 7 9 1]
[1.0988625597131516 'Spatial' 0 0.6274803561995083 71.1714582161657
 1.1384615384615384 82 6 7 8 9 1]
[2.2614129321013 'Spatial' 0 0.6274803561995083 71.1714582161657
 1.7435897435897436 82 6 7 9 9 1]
[0.6935173820713821 'Spatial' 0 0.6274803561995083 71.1714582161657
 0.923076923076923 82 6 7 10 9 1]
[0.6934571325198736 'Spatial' 0 0.6274803561995083 71.1714582161657
 0.717948717948718 82 6 7 11 9 1]
[0.6934571325198736 'Spatial' 0 0.6274803561995083 71.1714582161657
 0.717948717948718 82 6 7 12 61 1]
[0.6934571325198736 'Spatial' 0 0.6274803561995083 71.1714582161657
 0.10256410256410256 82 6 7 13 59 1]
[0.6934571325198736 'Spatial' 0 0.6274803561995083 71.1714582161657
 0.10256410256410256 82 6 7 14 54 1]
[1.3864797247335208 'Spatial' 0 0.6274803561995083 71.1714582161657
 0.7965811965811965 82 6 7 15 55 1]
[1.0988156013320227 'Spatial' 0 0.6274803561995083 71.1714582161657
 0.6256410256410255 82 6 7 16 47 1]
[1.0988156013320227 'Spatial' 0 0.6274803561995083 71.1714582161657
 0.10256410256410256 82 6 7 17 63 1]
[0.0 'Spatial' 0 0.6274803561995083 71.1714582161657 0.0 82 6 8 0 63 1]
[4.024889932271645 'Spatial' 0 0.6274803561995083 71.1714582161657
 0.7623931623931623 82 6 8 1 63 1]
[3.8887374792115437 'Spatial' 0 0.6274803561995083 71.1714582161657
 0.7965811965811965 82 6 8 2 63 1]
[3.832429280309557 'Spatial' 0 0.6274803561995083 71.1714582161657
 0.717948717948718 82 6 8 3 63 1]
[4.092062537482276 'Spatial' 0 0.6274803561995083 71.1714582161657
 0.3076923076923077 82 6 8 4 63 1]
[0.0006298016333102192 'Spatial' 0 0.6274803561995083 71.1714582161657
 1.435897435897436 82 6 8 5 63 1]
[1.6231018703496651 'Spatial' 0 0.6274803561995083 71.1714582161657
 1.9247863247863248 82 6 8 6 63 1]
[1.6095559054726483 'Spatial' 0 0.6274803561995083 71.1714582161657
 1.5487179487179488 82 6 8 7 63 1]
[1.0988625597131516 'Spatial' 0 0.6274803561995083 71.1714582161657
 1.1384615384615384 82 6 8 8 63 1]
[2.2614129321013 'Spatial' 0 0.6274803561995083 71.1714582161657
 1.7435897435897436 82 6 8 9 63 1]
[0.6935173820713821 'Spatial' 0 0.6274803561995083 71.1714582161657
 0.923076923076923 82 6 8 10 63 1]
[0.6934571325198736 'Spatial' 0 0.6274803561995083 71.1714582161657
 0.717948717948718 82 6 8 11 63 1]
[0.6934571325198736 'Spatial' 0 0.6274803561995083 71.1714582161657
 0.717948717948718 82 6 8 12 63 1]
[0.6934571325198736 'Spatial' 0 0.6274803561995083 71.1714582161657
 0.10256410256410256 82 6 8 13 63 1]
[0.6934571325198736 'Spatial' 0 0.6274803561995083 71.1714582161657
 0.10256410256410256 82 6 8 14 30 1]
[1.3864797247335208 'Spatial' 0 0.6274803561995083 71.1714582161657
 0.7965811965811965 82 6 8 15 31 1]
[1.0988156013320227 'Spatial' 0 0.6274803561995083 71.1714582161657
 0.6256410256410255 82 6 8 16 31 1]
[1.0988156013320227 'Spatial' 0 0.6274803561995083 71.1714582161657
 0.10256410256410256 82 6 8 17 31 1]
