[0.0 'Spatial' 0 0.03768085213639044 0.3971433345212401 0.0 0 2 0 0 46 0]
[3.7310259097473506 'Spatial' 0 0.03768085213639044 0.3971433345212401
 2.2996632996632997 0 2 0 1 20 0]
[3.1925162831088065 'Spatial' 0 0.03768085213639044 0.3971433345212401
 2.7272727272727275 0 2 0 2 32 0]
[2.7126637529605584 'Spatial' 0 0.03768085213639044 0.3971433345212401
 4.747474747474747 0 2 0 3 45 0]
[3.7979456355210006 'Spatial' 0 0.03768085213639044 0.3971433345212401
 0.9090909090909091 0 2 0 4 7 0]
[2.294437949403125 'Spatial' 0 0.03768085213639044 0.3971433345212401
 2.804713804713805 0 2 0 5 14 0]
[0.8455127330540481 'Spatial' 0 0.03768085213639044 0.3971433345212401
 0.7070707070707071 0 2 0 6 6 0]
[1.7007173473019468 'Spatial' 0 0.03768085213639044 0.3971433345212401
 4.016835016835017 0 2 0 7 15 0]
[1.6849961088998762 'Spatial' 0 0.03768085213639044 0.3971433345212401
 5.734006734006734 0 2 0 8 23 0]
[1.4958014551290038 'Spatial' 0 0.03768085213639044 0.3971433345212401
 5.902356902356902 0 2 0 9 22 0]
[3.082436460321154 'Spatial' 0 0.03768085213639044 0.3971433345212401
 10.1010101010101 0 2 0 10 13 0]
[4.340473605345071 'Spatial' 0 0.03768085213639044 0.3971433345212401
 0.10101010101010101 0 2 0 11 33 0]
[4.327359790543779 'Spatial' 0 0.03768085213639044 0.3971433345212401
 0.10101010101010101 0 2 0 12 0 0]
[4.325923871434062 'Spatial' 0 0.03768085213639044 0.3971433345212401
 0.10101010101010101 0 2 0 13 2 0]
[4.312616574833995 'Spatial' 0 0.03768085213639044 0.3971433345212401
 0.10101010101010101 0 2 0 14 16 0]
[4.299129803077777 'Spatial' 0 0.03768085213639044 0.3971433345212401
 0.10101010101010101 0 2 0 15 9 0]
[4.285459654090596 'Spatial' 0 0.03768085213639044 0.3971433345212401
 0.10101010101010101 0 2 0 16 35 0]
[4.27159901973962 'Spatial' 0 0.03768085213639044 0.3971433345212401
 0.10101010101010101 0 2 0 17 63 0]
[4.2575435647029 'Spatial' 0 0.03768085213639044 0.3971433345212401
 0.10101010101010101 0 2 0 18 56 0]
[2.7773208551935484 'Spatial' 0 0.03768085213639044 0.3971433345212401
 0.38047138047138046 0 2 0 19 7 0]
[0.0 'Spatial' 0 0.03768085213639044 0.3971433345212401 0.0 0 2 1 0 46 0]
[3.7310259097473506 'Spatial' 0 0.03768085213639044 0.3971433345212401
 2.2996632996632997 0 2 1 1 20 0]
[3.1925162831088065 'Spatial' 0 0.03768085213639044 0.3971433345212401
 2.7272727272727275 0 2 1 2 32 0]
[2.7126637529605584 'Spatial' 0 0.03768085213639044 0.3971433345212401
 4.747474747474747 0 2 1 3 45 0]
[3.7979456355210006 'Spatial' 0 0.03768085213639044 0.3971433345212401
 0.9090909090909091 0 2 1 4 7 0]
[2.294437949403125 'Spatial' 0 0.03768085213639044 0.3971433345212401
 2.804713804713805 0 2 1 5 14 0]
[0.8455127330540481 'Spatial' 0 0.03768085213639044 0.3971433345212401
 0.7070707070707071 0 2 1 6 6 0]
[1.7007173473019468 'Spatial' 0 0.03768085213639044 0.3971433345212401
 4.016835016835017 0 2 1 7 15 0]
[1.6849961088998762 'Spatial' 0 0.03768085213639044 0.3971433345212401
 5.734006734006734 0 2 1 8 23 0]
[1.4958014551290038 'Spatial' 0 0.03768085213639044 0.3971433345212401
 5.902356902356902 0 2 1 9 22 0]
[3.082436460321154 'Spatial' 0 0.03768085213639044 0.3971433345212401
 10.1010101010101 0 2 1 10 13 0]
[4.340473605345071 'Spatial' 0 0.03768085213639044 0.3971433345212401
 0.10101010101010101 0 2 1 11 33 0]
[4.327359790543779 'Spatial' 0 0.03768085213639044 0.3971433345212401
 0.10101010101010101 0 2 1 12 0 0]
[4.325923871434062 'Spatial' 0 0.03768085213639044 0.3971433345212401
 0.10101010101010101 0 2 1 13 2 0]
[4.312616574833995 'Spatial' 0 0.03768085213639044 0.3971433345212401
 0.10101010101010101 0 2 1 14 16 0]
[4.299129803077777 'Spatial' 0 0.03768085213639044 0.3971433345212401
 0.10101010101010101 0 2 1 15 9 0]
[4.285459654090596 'Spatial' 0 0.03768085213639044 0.3971433345212401
 0.10101010101010101 0 2 1 16 35 0]
[4.27159901973962 'Spatial' 0 0.03768085213639044 0.3971433345212401
 0.10101010101010101 0 2 1 17 63 0]
[4.2575435647029 'Spatial' 0 0.03768085213639044 0.3971433345212401
 0.10101010101010101 0 2 1 18 56 0]
[2.7773208551935484 'Spatial' 0 0.03768085213639044 0.3971433345212401
 0.38047138047138046 0 2 1 19 7 0]
[0.0 'Spatial' 0 0.03768085213639044 0.3971433345212401 0.0 0 2 3 0 46 0]
[3.7310259097473506 'Spatial' 0 0.03768085213639044 0.3971433345212401
 2.2996632996632997 0 2 3 1 20 0]
[3.1925162831088065 'Spatial' 0 0.03768085213639044 0.3971433345212401
 2.7272727272727275 0 2 3 2 32 0]
[2.7126637529605584 'Spatial' 0 0.03768085213639044 0.3971433345212401
 4.747474747474747 0 2 3 3 45 0]
[3.7979456355210006 'Spatial' 0 0.03768085213639044 0.3971433345212401
 0.9090909090909091 0 2 3 4 7 0]
[2.294437949403125 'Spatial' 0 0.03768085213639044 0.3971433345212401
 2.804713804713805 0 2 3 5 14 0]
[0.8455127330540481 'Spatial' 0 0.03768085213639044 0.3971433345212401
 0.7070707070707071 0 2 3 6 6 0]
[1.7007173473019468 'Spatial' 0 0.03768085213639044 0.3971433345212401
 4.016835016835017 0 2 3 7 15 0]
[1.6849961088998762 'Spatial' 0 0.03768085213639044 0.3971433345212401
 5.734006734006734 0 2 3 8 23 0]
[1.4958014551290038 'Spatial' 0 0.03768085213639044 0.3971433345212401
 5.902356902356902 0 2 3 9 22 0]
[3.082436460321154 'Spatial' 0 0.03768085213639044 0.3971433345212401
 10.1010101010101 0 2 3 10 13 0]
[4.340473605345071 'Spatial' 0 0.03768085213639044 0.3971433345212401
 0.10101010101010101 0 2 3 11 33 0]
[4.327359790543779 'Spatial' 0 0.03768085213639044 0.3971433345212401
 0.10101010101010101 0 2 3 12 0 0]
[4.325923871434062 'Spatial' 0 0.03768085213639044 0.3971433345212401
 0.10101010101010101 0 2 3 13 2 0]
[4.312616574833995 'Spatial' 0 0.03768085213639044 0.3971433345212401
 0.10101010101010101 0 2 3 14 16 0]
[4.299129803077777 'Spatial' 0 0.03768085213639044 0.3971433345212401
 0.10101010101010101 0 2 3 15 9 0]
[4.285459654090596 'Spatial' 0 0.03768085213639044 0.3971433345212401
 0.10101010101010101 0 2 3 16 35 0]
[4.27159901973962 'Spatial' 0 0.03768085213639044 0.3971433345212401
 0.10101010101010101 0 2 3 17 63 0]
[4.2575435647029 'Spatial' 0 0.03768085213639044 0.3971433345212401
 0.10101010101010101 0 2 3 18 56 0]
[2.7773208551935484 'Spatial' 0 0.03768085213639044 0.3971433345212401
 0.38047138047138046 0 2 3 19 7 0]
[0.0 'Spatial' 0 0.03768085213639044 0.3971433345212401 0.0 0 2 4 0 46 0]
[3.7310259097473506 'Spatial' 0 0.03768085213639044 0.3971433345212401
 2.2996632996632997 0 2 4 1 20 0]
[3.1925162831088065 'Spatial' 0 0.03768085213639044 0.3971433345212401
 2.7272727272727275 0 2 4 2 32 0]
[2.7126637529605584 'Spatial' 0 0.03768085213639044 0.3971433345212401
 4.747474747474747 0 2 4 3 45 0]
[3.7979456355210006 'Spatial' 0 0.03768085213639044 0.3971433345212401
 0.9090909090909091 0 2 4 4 7 0]
[2.294437949403125 'Spatial' 0 0.03768085213639044 0.3971433345212401
 2.804713804713805 0 2 4 5 14 0]
[0.8455127330540481 'Spatial' 0 0.03768085213639044 0.3971433345212401
 0.7070707070707071 0 2 4 6 6 0]
[1.7007173473019468 'Spatial' 0 0.03768085213639044 0.3971433345212401
 4.016835016835017 0 2 4 7 15 0]
[1.6849961088998762 'Spatial' 0 0.03768085213639044 0.3971433345212401
 5.734006734006734 0 2 4 8 23 0]
[1.4958014551290038 'Spatial' 0 0.03768085213639044 0.3971433345212401
 5.902356902356902 0 2 4 9 22 0]
[3.082436460321154 'Spatial' 0 0.03768085213639044 0.3971433345212401
 10.1010101010101 0 2 4 10 13 0]
[4.340473605345071 'Spatial' 0 0.03768085213639044 0.3971433345212401
 0.10101010101010101 0 2 4 11 33 0]
[4.327359790543779 'Spatial' 0 0.03768085213639044 0.3971433345212401
 0.10101010101010101 0 2 4 12 0 0]
[4.325923871434062 'Spatial' 0 0.03768085213639044 0.3971433345212401
 0.10101010101010101 0 2 4 13 2 0]
[4.312616574833995 'Spatial' 0 0.03768085213639044 0.3971433345212401
 0.10101010101010101 0 2 4 14 16 0]
[4.299129803077777 'Spatial' 0 0.03768085213639044 0.3971433345212401
 0.10101010101010101 0 2 4 15 9 0]
[4.285459654090596 'Spatial' 0 0.03768085213639044 0.3971433345212401
 0.10101010101010101 0 2 4 16 35 0]
[4.27159901973962 'Spatial' 0 0.03768085213639044 0.3971433345212401
 0.10101010101010101 0 2 4 17 63 0]
[4.2575435647029 'Spatial' 0 0.03768085213639044 0.3971433345212401
 0.10101010101010101 0 2 4 18 56 0]
[2.7773208551935484 'Spatial' 0 0.03768085213639044 0.3971433345212401
 0.38047138047138046 0 2 4 19 7 0]
[0.0 'Spatial' 0 0.03768085213639044 0.3971433345212401 0.0 0 2 5 0 46 0]
[3.7310259097473506 'Spatial' 0 0.03768085213639044 0.3971433345212401
 2.2996632996632997 0 2 5 1 20 0]
[3.1925162831088065 'Spatial' 0 0.03768085213639044 0.3971433345212401
 2.7272727272727275 0 2 5 2 32 0]
[2.7126637529605584 'Spatial' 0 0.03768085213639044 0.3971433345212401
 4.747474747474747 0 2 5 3 45 0]
[3.7979456355210006 'Spatial' 0 0.03768085213639044 0.3971433345212401
 0.9090909090909091 0 2 5 4 7 0]
[2.294437949403125 'Spatial' 0 0.03768085213639044 0.3971433345212401
 2.804713804713805 0 2 5 5 14 0]
[0.8455127330540481 'Spatial' 0 0.03768085213639044 0.3971433345212401
 0.7070707070707071 0 2 5 6 6 0]
[1.7007173473019468 'Spatial' 0 0.03768085213639044 0.3971433345212401
 4.016835016835017 0 2 5 7 15 0]
[1.6849961088998762 'Spatial' 0 0.03768085213639044 0.3971433345212401
 5.734006734006734 0 2 5 8 23 0]
[1.4958014551290038 'Spatial' 0 0.03768085213639044 0.3971433345212401
 5.902356902356902 0 2 5 9 22 0]
[3.082436460321154 'Spatial' 0 0.03768085213639044 0.3971433345212401
 10.1010101010101 0 2 5 10 13 0]
[4.340473605345071 'Spatial' 0 0.03768085213639044 0.3971433345212401
 0.10101010101010101 0 2 5 11 33 0]
[4.327359790543779 'Spatial' 0 0.03768085213639044 0.3971433345212401
 0.10101010101010101 0 2 5 12 0 0]
[4.325923871434062 'Spatial' 0 0.03768085213639044 0.3971433345212401
 0.10101010101010101 0 2 5 13 2 0]
[4.312616574833995 'Spatial' 0 0.03768085213639044 0.3971433345212401
 0.10101010101010101 0 2 5 14 16 0]
[4.299129803077777 'Spatial' 0 0.03768085213639044 0.3971433345212401
 0.10101010101010101 0 2 5 15 9 0]
[4.285459654090596 'Spatial' 0 0.03768085213639044 0.3971433345212401
 0.10101010101010101 0 2 5 16 35 0]
[4.27159901973962 'Spatial' 0 0.03768085213639044 0.3971433345212401
 0.10101010101010101 0 2 5 17 63 0]
[4.2575435647029 'Spatial' 0 0.03768085213639044 0.3971433345212401
 0.10101010101010101 0 2 5 18 56 0]
[2.7773208551935484 'Spatial' 0 0.03768085213639044 0.3971433345212401
 0.38047138047138046 0 2 5 19 7 0]
[0.0 'Spatial' 0 0.03768085213639044 0.3971433345212401 0.0 0 2 6 0 46 0]
[3.7310259097473506 'Spatial' 0 0.03768085213639044 0.3971433345212401
 2.2996632996632997 0 2 6 1 20 0]
[3.1925162831088065 'Spatial' 0 0.03768085213639044 0.3971433345212401
 2.7272727272727275 0 2 6 2 32 0]
[2.7126637529605584 'Spatial' 0 0.03768085213639044 0.3971433345212401
 4.747474747474747 0 2 6 3 45 0]
[3.7979456355210006 'Spatial' 0 0.03768085213639044 0.3971433345212401
 0.9090909090909091 0 2 6 4 7 0]
[2.294437949403125 'Spatial' 0 0.03768085213639044 0.3971433345212401
 2.804713804713805 0 2 6 5 14 0]
[0.8455127330540481 'Spatial' 0 0.03768085213639044 0.3971433345212401
 0.7070707070707071 0 2 6 6 6 0]
[1.7007173473019468 'Spatial' 0 0.03768085213639044 0.3971433345212401
 4.016835016835017 0 2 6 7 15 0]
[1.6849961088998762 'Spatial' 0 0.03768085213639044 0.3971433345212401
 5.734006734006734 0 2 6 8 23 0]
[1.4958014551290038 'Spatial' 0 0.03768085213639044 0.3971433345212401
 5.902356902356902 0 2 6 9 22 0]
[3.082436460321154 'Spatial' 0 0.03768085213639044 0.3971433345212401
 10.1010101010101 0 2 6 10 13 0]
[4.340473605345071 'Spatial' 0 0.03768085213639044 0.3971433345212401
 0.10101010101010101 0 2 6 11 33 0]
[4.327359790543779 'Spatial' 0 0.03768085213639044 0.3971433345212401
 0.10101010101010101 0 2 6 12 0 0]
[4.325923871434062 'Spatial' 0 0.03768085213639044 0.3971433345212401
 0.10101010101010101 0 2 6 13 2 0]
[4.312616574833995 'Spatial' 0 0.03768085213639044 0.3971433345212401
 0.10101010101010101 0 2 6 14 16 0]
[4.299129803077777 'Spatial' 0 0.03768085213639044 0.3971433345212401
 0.10101010101010101 0 2 6 15 9 0]
[4.285459654090596 'Spatial' 0 0.03768085213639044 0.3971433345212401
 0.10101010101010101 0 2 6 16 35 0]
[4.27159901973962 'Spatial' 0 0.03768085213639044 0.3971433345212401
 0.10101010101010101 0 2 6 17 63 0]
[4.2575435647029 'Spatial' 0 0.03768085213639044 0.3971433345212401
 0.10101010101010101 0 2 6 18 56 0]
[2.7773208551935484 'Spatial' 0 0.03768085213639044 0.3971433345212401
 0.38047138047138046 0 2 6 19 7 0]
[0.0 'Spatial' 0 0.03768085213639044 0.3971433345212401 0.0 0 2 7 0 46 0]
[3.7310259097473506 'Spatial' 0 0.03768085213639044 0.3971433345212401
 2.2996632996632997 0 2 7 1 20 0]
[3.1925162831088065 'Spatial' 0 0.03768085213639044 0.3971433345212401
 2.7272727272727275 0 2 7 2 32 0]
[2.7126637529605584 'Spatial' 0 0.03768085213639044 0.3971433345212401
 4.747474747474747 0 2 7 3 45 0]
[3.7979456355210006 'Spatial' 0 0.03768085213639044 0.3971433345212401
 0.9090909090909091 0 2 7 4 7 0]
[2.294437949403125 'Spatial' 0 0.03768085213639044 0.3971433345212401
 2.804713804713805 0 2 7 5 14 0]
[0.8455127330540481 'Spatial' 0 0.03768085213639044 0.3971433345212401
 0.7070707070707071 0 2 7 6 6 0]
[1.7007173473019468 'Spatial' 0 0.03768085213639044 0.3971433345212401
 4.016835016835017 0 2 7 7 15 0]
[1.6849961088998762 'Spatial' 0 0.03768085213639044 0.3971433345212401
 5.734006734006734 0 2 7 8 23 0]
[1.4958014551290038 'Spatial' 0 0.03768085213639044 0.3971433345212401
 5.902356902356902 0 2 7 9 22 0]
[3.082436460321154 'Spatial' 0 0.03768085213639044 0.3971433345212401
 10.1010101010101 0 2 7 10 13 0]
[4.340473605345071 'Spatial' 0 0.03768085213639044 0.3971433345212401
 0.10101010101010101 0 2 7 11 33 0]
[4.327359790543779 'Spatial' 0 0.03768085213639044 0.3971433345212401
 0.10101010101010101 0 2 7 12 0 0]
[4.325923871434062 'Spatial' 0 0.03768085213639044 0.3971433345212401
 0.10101010101010101 0 2 7 13 2 0]
[4.312616574833995 'Spatial' 0 0.03768085213639044 0.3971433345212401
 0.10101010101010101 0 2 7 14 16 0]
[4.299129803077777 'Spatial' 0 0.03768085213639044 0.3971433345212401
 0.10101010101010101 0 2 7 15 9 0]
[4.285459654090596 'Spatial' 0 0.03768085213639044 0.3971433345212401
 0.10101010101010101 0 2 7 16 35 0]
[4.27159901973962 'Spatial' 0 0.03768085213639044 0.3971433345212401
 0.10101010101010101 0 2 7 17 63 0]
[4.2575435647029 'Spatial' 0 0.03768085213639044 0.3971433345212401
 0.10101010101010101 0 2 7 18 56 0]
[2.7773208551935484 'Spatial' 0 0.03768085213639044 0.3971433345212401
 0.38047138047138046 0 2 7 19 7 0]
[0.0 'Spatial' 0 0.03768085213639044 0.3971433345212401 0.0 0 2 8 0 46 0]
[3.7310259097473506 'Spatial' 0 0.03768085213639044 0.3971433345212401
 2.2996632996632997 0 2 8 1 20 0]
[3.1925162831088065 'Spatial' 0 0.03768085213639044 0.3971433345212401
 2.7272727272727275 0 2 8 2 32 0]
[2.7126637529605584 'Spatial' 0 0.03768085213639044 0.3971433345212401
 4.747474747474747 0 2 8 3 45 0]
[3.7979456355210006 'Spatial' 0 0.03768085213639044 0.3971433345212401
 0.9090909090909091 0 2 8 4 7 0]
[2.294437949403125 'Spatial' 0 0.03768085213639044 0.3971433345212401
 2.804713804713805 0 2 8 5 14 0]
[0.8455127330540481 'Spatial' 0 0.03768085213639044 0.3971433345212401
 0.7070707070707071 0 2 8 6 6 0]
[1.7007173473019468 'Spatial' 0 0.03768085213639044 0.3971433345212401
 4.016835016835017 0 2 8 7 15 0]
[1.6849961088998762 'Spatial' 0 0.03768085213639044 0.3971433345212401
 5.734006734006734 0 2 8 8 23 0]
[1.4958014551290038 'Spatial' 0 0.03768085213639044 0.3971433345212401
 5.902356902356902 0 2 8 9 22 0]
[3.082436460321154 'Spatial' 0 0.03768085213639044 0.3971433345212401
 10.1010101010101 0 2 8 10 13 0]
[4.340473605345071 'Spatial' 0 0.03768085213639044 0.3971433345212401
 0.10101010101010101 0 2 8 11 33 0]
[4.327359790543779 'Spatial' 0 0.03768085213639044 0.3971433345212401
 0.10101010101010101 0 2 8 12 0 0]
[4.325923871434062 'Spatial' 0 0.03768085213639044 0.3971433345212401
 0.10101010101010101 0 2 8 13 2 0]
[4.312616574833995 'Spatial' 0 0.03768085213639044 0.3971433345212401
 0.10101010101010101 0 2 8 14 16 0]
[4.299129803077777 'Spatial' 0 0.03768085213639044 0.3971433345212401
 0.10101010101010101 0 2 8 15 9 0]
[4.285459654090596 'Spatial' 0 0.03768085213639044 0.3971433345212401
 0.10101010101010101 0 2 8 16 35 0]
[4.27159901973962 'Spatial' 0 0.03768085213639044 0.3971433345212401
 0.10101010101010101 0 2 8 17 63 0]
[4.2575435647029 'Spatial' 0 0.03768085213639044 0.3971433345212401
 0.10101010101010101 0 2 8 18 56 0]
[2.7773208551935484 'Spatial' 0 0.03768085213639044 0.3971433345212401
 0.38047138047138046 0 2 8 19 7 0]
