[0.0 'Spatial' 0 0.2299030940023637 0.8909568059464283 0.0 87 5 0 0 0 0]
[3.241140115882853 'Spatial' 0 0.2299030940023637 0.8909568059464283
 4.102564102564102 87 5 0 1 63 0]
[3.8692948156090816 'Spatial' 0 0.2299030940023637 0.8909568059464283
 2.0957264957264954 87 5 0 2 35 0]
[3.710968429778786 'Spatial' 0 0.2299030940023637 0.8909568059464283
 1.8461538461538463 87 5 0 3 59 0]
[2.2251353520877037 'Spatial' 0 0.2299030940023637 0.8909568059464283
 2.871794871794872 87 5 0 4 7 0]
[3.088608720826596 'Spatial' 0 0.2299030940023637 0.8909568059464283
 2.9504273504273506 87 5 0 5 7 0]
[0.469843353592761 'Spatial' 0 0.2299030940023637 0.8909568059464283
 1.2068376068376068 87 5 0 6 7 0]
[1.585636711582493 'Spatial' 0 0.2299030940023637 0.8909568059464283
 3.076923076923077 87 5 0 7 15 0]
[3.1642909704177034 'Spatial' 0 0.2299030940023637 0.8909568059464283
 4.102564102564102 87 5 0 8 5 0]
[0.008516787830444204 'Spatial' 0 0.2299030940023637 0.8909568059464283
 0.6940170940170939 87 5 0 9 7 0]
[2.0442801339653975 'Spatial' 0 0.2299030940023637 0.8909568059464283
 3.9760683760683757 87 5 0 10 14 0]
[1.5429658881271144 'Spatial' 0 0.2299030940023637 0.8909568059464283
 3.3606837606837607 87 5 0 11 15 0]
[0.000834457120104575 'Spatial' 0 0.2299030940023637 0.8909568059464283
 0.10256410256410256 87 5 0 12 7 0]
[0.0006298016333102192 'Spatial' 0 0.2299030940023637 0.8909568059464283
 0.10256410256410256 87 5 0 13 7 0]
[0.0006298016333102192 'Spatial' 0 0.2299030940023637 0.8909568059464283
 0.10256410256410256 87 5 0 14 7 0]
[0.0006298016333102192 'Spatial' 0 0.2299030940023637 0.8909568059464283
 0.10256410256410256 87 5 0 15 7 0]
[0.0006298016333102192 'Spatial' 0 0.2299030940023637 0.8909568059464283
 0.10256410256410256 87 5 0 16 7 0]
[1.6504908494207042 'Spatial' 0 0.2299030940023637 0.8909568059464283
 4.102564102564102 87 5 0 17 6 0]
[7.404129421417223 'Spatial' 0 0.2299030940023637 0.8909568059464283
 4.102564102564102 87 5 0 18 4 0]
[1.4742903201328679 'Spatial' 0 0.2299030940023637 0.8909568059464283
 3.4632478632478634 87 5 0 19 6 0]
[0.0 'Spatial' 0 0.2299030940023637 0.8909568059464283 0.0 87 5 1 0 6 0]
[3.241140115882853 'Spatial' 0 0.2299030940023637 0.8909568059464283
 4.102564102564102 87 5 1 1 56 0]
[3.8692948156090816 'Spatial' 0 0.2299030940023637 0.8909568059464283
 2.0957264957264954 87 5 1 2 63 0]
[3.710968429778786 'Spatial' 0 0.2299030940023637 0.8909568059464283
 1.8461538461538463 87 5 1 3 47 0]
[2.2251353520877037 'Spatial' 0 0.2299030940023637 0.8909568059464283
 2.871794871794872 87 5 1 4 62 0]
[3.088608720826596 'Spatial' 0 0.2299030940023637 0.8909568059464283
 2.9504273504273506 87 5 1 5 63 0]
[0.469843353592761 'Spatial' 0 0.2299030940023637 0.8909568059464283
 1.2068376068376068 87 5 1 6 56 0]
[1.585636711582493 'Spatial' 0 0.2299030940023637 0.8909568059464283
 3.076923076923077 87 5 1 7 54 0]
[3.1642909704177034 'Spatial' 0 0.2299030940023637 0.8909568059464283
 4.102564102564102 87 5 1 8 0 0]
[0.008516787830444204 'Spatial' 0 0.2299030940023637 0.8909568059464283
 0.6940170940170939 87 5 1 9 7 0]
[2.0442801339653975 'Spatial' 0 0.2299030940023637 0.8909568059464283
 3.9760683760683757 87 5 1 10 63 0]
[1.5429658881271144 'Spatial' 0 0.2299030940023637 0.8909568059464283
 3.3606837606837607 87 5 1 11 63 0]
[0.000834457120104575 'Spatial' 0 0.2299030940023637 0.8909568059464283
 0.10256410256410256 87 5 1 12 55 0]
[0.0006298016333102192 'Spatial' 0 0.2299030940023637 0.8909568059464283
 0.10256410256410256 87 5 1 13 63 0]
[0.0006298016333102192 'Spatial' 0 0.2299030940023637 0.8909568059464283
 0.10256410256410256 87 5 1 14 63 0]
[0.0006298016333102192 'Spatial' 0 0.2299030940023637 0.8909568059464283
 0.10256410256410256 87 5 1 15 63 0]
[0.0006298016333102192 'Spatial' 0 0.2299030940023637 0.8909568059464283
 0.10256410256410256 87 5 1 16 63 0]
[1.6504908494207042 'Spatial' 0 0.2299030940023637 0.8909568059464283
 4.102564102564102 87 5 1 17 63 0]
[7.404129421417223 'Spatial' 0 0.2299030940023637 0.8909568059464283
 4.102564102564102 87 5 1 18 54 0]
[1.4742903201328679 'Spatial' 0 0.2299030940023637 0.8909568059464283
 3.4632478632478634 87 5 1 19 63 0]
[0.0 'Spatial' 0 0.2299030940023637 0.8909568059464283 0.0 87 5 2 0 56 0]
[3.241140115882853 'Spatial' 0 0.2299030940023637 0.8909568059464283
 4.102564102564102 87 5 2 1 0 0]
[3.8692948156090816 'Spatial' 0 0.2299030940023637 0.8909568059464283
 2.0957264957264954 87 5 2 2 7 0]
[3.710968429778786 'Spatial' 0 0.2299030940023637 0.8909568059464283
 1.8461538461538463 87 5 2 3 7 0]
[2.2251353520877037 'Spatial' 0 0.2299030940023637 0.8909568059464283
 2.871794871794872 87 5 2 4 7 0]
[3.088608720826596 'Spatial' 0 0.2299030940023637 0.8909568059464283
 2.9504273504273506 87 5 2 5 7 0]
[0.469843353592761 'Spatial' 0 0.2299030940023637 0.8909568059464283
 1.2068376068376068 87 5 2 6 7 0]
[1.585636711582493 'Spatial' 0 0.2299030940023637 0.8909568059464283
 3.076923076923077 87 5 2 7 7 0]
[3.1642909704177034 'Spatial' 0 0.2299030940023637 0.8909568059464283
 4.102564102564102 87 5 2 8 7 0]
[0.008516787830444204 'Spatial' 0 0.2299030940023637 0.8909568059464283
 0.6940170940170939 87 5 2 9 7 0]
[2.0442801339653975 'Spatial' 0 0.2299030940023637 0.8909568059464283
 3.9760683760683757 87 5 2 10 7 0]
[1.5429658881271144 'Spatial' 0 0.2299030940023637 0.8909568059464283
 3.3606837606837607 87 5 2 11 7 0]
[0.000834457120104575 'Spatial' 0 0.2299030940023637 0.8909568059464283
 0.10256410256410256 87 5 2 12 7 0]
[0.0006298016333102192 'Spatial' 0 0.2299030940023637 0.8909568059464283
 0.10256410256410256 87 5 2 13 7 0]
[0.0006298016333102192 'Spatial' 0 0.2299030940023637 0.8909568059464283
 0.10256410256410256 87 5 2 14 7 0]
[0.0006298016333102192 'Spatial' 0 0.2299030940023637 0.8909568059464283
 0.10256410256410256 87 5 2 15 6 0]
[0.0006298016333102192 'Spatial' 0 0.2299030940023637 0.8909568059464283
 0.10256410256410256 87 5 2 16 7 0]
[1.6504908494207042 'Spatial' 0 0.2299030940023637 0.8909568059464283
 4.102564102564102 87 5 2 17 7 0]
[7.404129421417223 'Spatial' 0 0.2299030940023637 0.8909568059464283
 4.102564102564102 87 5 2 18 7 0]
[1.4742903201328679 'Spatial' 0 0.2299030940023637 0.8909568059464283
 3.4632478632478634 87 5 2 19 7 0]
[0.0 'Spatial' 0 0.2299030940023637 0.8909568059464283 0.0 87 5 3 0 63 0]
[3.241140115882853 'Spatial' 0 0.2299030940023637 0.8909568059464283
 4.102564102564102 87 5 3 1 0 0]
[3.8692948156090816 'Spatial' 0 0.2299030940023637 0.8909568059464283
 2.0957264957264954 87 5 3 2 56 0]
[3.710968429778786 'Spatial' 0 0.2299030940023637 0.8909568059464283
 1.8461538461538463 87 5 3 3 7 0]
[2.2251353520877037 'Spatial' 0 0.2299030940023637 0.8909568059464283
 2.871794871794872 87 5 3 4 28 0]
[3.088608720826596 'Spatial' 0 0.2299030940023637 0.8909568059464283
 2.9504273504273506 87 5 3 5 0 0]
[0.469843353592761 'Spatial' 0 0.2299030940023637 0.8909568059464283
 1.2068376068376068 87 5 3 6 7 0]
[1.585636711582493 'Spatial' 0 0.2299030940023637 0.8909568059464283
 3.076923076923077 87 5 3 7 15 0]
[3.1642909704177034 'Spatial' 0 0.2299030940023637 0.8909568059464283
 4.102564102564102 87 5 3 8 23 0]
[0.008516787830444204 'Spatial' 0 0.2299030940023637 0.8909568059464283
 0.6940170940170939 87 5 3 9 55 0]
[2.0442801339653975 'Spatial' 0 0.2299030940023637 0.8909568059464283
 3.9760683760683757 87 5 3 10 22 0]
[1.5429658881271144 'Spatial' 0 0.2299030940023637 0.8909568059464283
 3.3606837606837607 87 5 3 11 9 0]
[0.000834457120104575 'Spatial' 0 0.2299030940023637 0.8909568059464283
 0.10256410256410256 87 5 3 12 23 0]
[0.0006298016333102192 'Spatial' 0 0.2299030940023637 0.8909568059464283
 0.10256410256410256 87 5 3 13 20 0]
[0.0006298016333102192 'Spatial' 0 0.2299030940023637 0.8909568059464283
 0.10256410256410256 87 5 3 14 56 0]
[0.0006298016333102192 'Spatial' 0 0.2299030940023637 0.8909568059464283
 0.10256410256410256 87 5 3 15 59 0]
[0.0006298016333102192 'Spatial' 0 0.2299030940023637 0.8909568059464283
 0.10256410256410256 87 5 3 16 31 0]
[1.6504908494207042 'Spatial' 0 0.2299030940023637 0.8909568059464283
 4.102564102564102 87 5 3 17 23 0]
[7.404129421417223 'Spatial' 0 0.2299030940023637 0.8909568059464283
 4.102564102564102 87 5 3 18 15 0]
[1.4742903201328679 'Spatial' 0 0.2299030940023637 0.8909568059464283
 3.4632478632478634 87 5 3 19 15 0]
[0.0 'Spatial' 0 0.2299030940023637 0.8909568059464283 0.0 87 5 4 0 7 0]
[3.241140115882853 'Spatial' 0 0.2299030940023637 0.8909568059464283
 4.102564102564102 87 5 4 1 56 0]
[3.8692948156090816 'Spatial' 0 0.2299030940023637 0.8909568059464283
 2.0957264957264954 87 5 4 2 63 0]
[3.710968429778786 'Spatial' 0 0.2299030940023637 0.8909568059464283
 1.8461538461538463 87 5 4 3 0 0]
[2.2251353520877037 'Spatial' 0 0.2299030940023637 0.8909568059464283
 2.871794871794872 87 5 4 4 63 0]
[3.088608720826596 'Spatial' 0 0.2299030940023637 0.8909568059464283
 2.9504273504273506 87 5 4 5 15 0]
[0.469843353592761 'Spatial' 0 0.2299030940023637 0.8909568059464283
 1.2068376068376068 87 5 4 6 14 0]
[1.585636711582493 'Spatial' 0 0.2299030940023637 0.8909568059464283
 3.076923076923077 87 5 4 7 14 0]
[3.1642909704177034 'Spatial' 0 0.2299030940023637 0.8909568059464283
 4.102564102564102 87 5 4 8 14 0]
[0.008516787830444204 'Spatial' 0 0.2299030940023637 0.8909568059464283
 0.6940170940170939 87 5 4 9 55 0]
[2.0442801339653975 'Spatial' 0 0.2299030940023637 0.8909568059464283
 3.9760683760683757 87 5 4 10 55 0]
[1.5429658881271144 'Spatial' 0 0.2299030940023637 0.8909568059464283
 3.3606837606837607 87 5 4 11 55 0]
[0.000834457120104575 'Spatial' 0 0.2299030940023637 0.8909568059464283
 0.10256410256410256 87 5 4 12 55 0]
[0.0006298016333102192 'Spatial' 0 0.2299030940023637 0.8909568059464283
 0.10256410256410256 87 5 4 13 55 0]
[0.0006298016333102192 'Spatial' 0 0.2299030940023637 0.8909568059464283
 0.10256410256410256 87 5 4 14 55 0]
[0.0006298016333102192 'Spatial' 0 0.2299030940023637 0.8909568059464283
 0.10256410256410256 87 5 4 15 55 0]
[0.0006298016333102192 'Spatial' 0 0.2299030940023637 0.8909568059464283
 0.10256410256410256 87 5 4 16 47 0]
[1.6504908494207042 'Spatial' 0 0.2299030940023637 0.8909568059464283
 4.102564102564102 87 5 4 17 55 0]
[7.404129421417223 'Spatial' 0 0.2299030940023637 0.8909568059464283
 4.102564102564102 87 5 4 18 55 0]
[1.4742903201328679 'Spatial' 0 0.2299030940023637 0.8909568059464283
 3.4632478632478634 87 5 4 19 55 0]
[0.0 'Spatial' 0 0.2299030940023637 0.8909568059464283 0.0 87 5 6 0 55 0]
[3.241140115882853 'Spatial' 0 0.2299030940023637 0.8909568059464283
 4.102564102564102 87 5 6 1 7 0]
[3.8692948156090816 'Spatial' 0 0.2299030940023637 0.8909568059464283
 2.0957264957264954 87 5 6 2 55 0]
[3.710968429778786 'Spatial' 0 0.2299030940023637 0.8909568059464283
 1.8461538461538463 87 5 6 3 56 0]
[2.2251353520877037 'Spatial' 0 0.2299030940023637 0.8909568059464283
 2.871794871794872 87 5 6 4 48 0]
[3.088608720826596 'Spatial' 0 0.2299030940023637 0.8909568059464283
 2.9504273504273506 87 5 6 5 57 0]
[0.469843353592761 'Spatial' 0 0.2299030940023637 0.8909568059464283
 1.2068376068376068 87 5 6 6 58 0]
[1.585636711582493 'Spatial' 0 0.2299030940023637 0.8909568059464283
 3.076923076923077 87 5 6 7 58 0]
[3.1642909704177034 'Spatial' 0 0.2299030940023637 0.8909568059464283
 4.102564102564102 87 5 6 8 58 0]
[0.008516787830444204 'Spatial' 0 0.2299030940023637 0.8909568059464283
 0.6940170940170939 87 5 6 9 58 0]
[2.0442801339653975 'Spatial' 0 0.2299030940023637 0.8909568059464283
 3.9760683760683757 87 5 6 10 58 0]
[1.5429658881271144 'Spatial' 0 0.2299030940023637 0.8909568059464283
 3.3606837606837607 87 5 6 11 58 0]
[0.000834457120104575 'Spatial' 0 0.2299030940023637 0.8909568059464283
 0.10256410256410256 87 5 6 12 58 0]
[0.0006298016333102192 'Spatial' 0 0.2299030940023637 0.8909568059464283
 0.10256410256410256 87 5 6 13 58 0]
[0.0006298016333102192 'Spatial' 0 0.2299030940023637 0.8909568059464283
 0.10256410256410256 87 5 6 14 57 0]
[0.0006298016333102192 'Spatial' 0 0.2299030940023637 0.8909568059464283
 0.10256410256410256 87 5 6 15 57 0]
[0.0006298016333102192 'Spatial' 0 0.2299030940023637 0.8909568059464283
 0.10256410256410256 87 5 6 16 58 0]
[1.6504908494207042 'Spatial' 0 0.2299030940023637 0.8909568059464283
 4.102564102564102 87 5 6 17 57 0]
[7.404129421417223 'Spatial' 0 0.2299030940023637 0.8909568059464283
 4.102564102564102 87 5 6 18 57 0]
[1.4742903201328679 'Spatial' 0 0.2299030940023637 0.8909568059464283
 3.4632478632478634 87 5 6 19 58 0]
[0.0 'Spatial' 0 0.2299030940023637 0.8909568059464283 0.0 87 5 7 0 58 0]
[3.241140115882853 'Spatial' 0 0.2299030940023637 0.8909568059464283
 4.102564102564102 87 5 7 1 7 0]
[3.8692948156090816 'Spatial' 0 0.2299030940023637 0.8909568059464283
 2.0957264957264954 87 5 7 2 63 0]
[3.710968429778786 'Spatial' 0 0.2299030940023637 0.8909568059464283
 1.8461538461538463 87 5 7 3 0 0]
[2.2251353520877037 'Spatial' 0 0.2299030940023637 0.8909568059464283
 2.871794871794872 87 5 7 4 24 0]
[3.088608720826596 'Spatial' 0 0.2299030940023637 0.8909568059464283
 2.9504273504273506 87 5 7 5 60 0]
[0.469843353592761 'Spatial' 0 0.2299030940023637 0.8909568059464283
 1.2068376068376068 87 5 7 6 31 0]
[1.585636711582493 'Spatial' 0 0.2299030940023637 0.8909568059464283
 3.076923076923077 87 5 7 7 55 0]
[3.1642909704177034 'Spatial' 0 0.2299030940023637 0.8909568059464283
 4.102564102564102 87 5 7 8 4 0]
[0.008516787830444204 'Spatial' 0 0.2299030940023637 0.8909568059464283
 0.6940170940170939 87 5 7 9 5 0]
[2.0442801339653975 'Spatial' 0 0.2299030940023637 0.8909568059464283
 3.9760683760683757 87 5 7 10 3 0]
[1.5429658881271144 'Spatial' 0 0.2299030940023637 0.8909568059464283
 3.3606837606837607 87 5 7 11 5 0]
[0.000834457120104575 'Spatial' 0 0.2299030940023637 0.8909568059464283
 0.10256410256410256 87 5 7 12 5 0]
[0.0006298016333102192 'Spatial' 0 0.2299030940023637 0.8909568059464283
 0.10256410256410256 87 5 7 13 6 0]
[0.0006298016333102192 'Spatial' 0 0.2299030940023637 0.8909568059464283
 0.10256410256410256 87 5 7 14 11 0]
[0.0006298016333102192 'Spatial' 0 0.2299030940023637 0.8909568059464283
 0.10256410256410256 87 5 7 15 23 0]
[0.0006298016333102192 'Spatial' 0 0.2299030940023637 0.8909568059464283
 0.10256410256410256 87 5 7 16 5 0]
[1.6504908494207042 'Spatial' 0 0.2299030940023637 0.8909568059464283
 4.102564102564102 87 5 7 17 6 0]
[7.404129421417223 'Spatial' 0 0.2299030940023637 0.8909568059464283
 4.102564102564102 87 5 7 18 4 0]
[1.4742903201328679 'Spatial' 0 0.2299030940023637 0.8909568059464283
 3.4632478632478634 87 5 7 19 3 0]
[0.0 'Spatial' 0 0.2299030940023637 0.8909568059464283 0.0 87 5 8 0 4 0]
[3.241140115882853 'Spatial' 0 0.2299030940023637 0.8909568059464283
 4.102564102564102 87 5 8 1 63 0]
[3.8692948156090816 'Spatial' 0 0.2299030940023637 0.8909568059464283
 2.0957264957264954 87 5 8 2 7 0]
[3.710968429778786 'Spatial' 0 0.2299030940023637 0.8909568059464283
 1.8461538461538463 87 5 8 3 56 0]
[2.2251353520877037 'Spatial' 0 0.2299030940023637 0.8909568059464283
 2.871794871794872 87 5 8 4 0 0]
[3.088608720826596 'Spatial' 0 0.2299030940023637 0.8909568059464283
 2.9504273504273506 87 5 8 5 3 0]
[0.469843353592761 'Spatial' 0 0.2299030940023637 0.8909568059464283
 1.2068376068376068 87 5 8 6 16 0]
[1.585636711582493 'Spatial' 0 0.2299030940023637 0.8909568059464283
 3.076923076923077 87 5 8 7 62 0]
[3.1642909704177034 'Spatial' 0 0.2299030940023637 0.8909568059464283
 4.102564102564102 87 5 8 8 15 0]
[0.008516787830444204 'Spatial' 0 0.2299030940023637 0.8909568059464283
 0.6940170940170939 87 5 8 9 5 0]
[2.0442801339653975 'Spatial' 0 0.2299030940023637 0.8909568059464283
 3.9760683760683757 87 5 8 10 61 0]
[1.5429658881271144 'Spatial' 0 0.2299030940023637 0.8909568059464283
 3.3606837606837607 87 5 8 11 31 0]
[0.000834457120104575 'Spatial' 0 0.2299030940023637 0.8909568059464283
 0.10256410256410256 87 5 8 12 47 0]
[0.0006298016333102192 'Spatial' 0 0.2299030940023637 0.8909568059464283
 0.10256410256410256 87 5 8 13 54 0]
[0.0006298016333102192 'Spatial' 0 0.2299030940023637 0.8909568059464283
 0.10256410256410256 87 5 8 14 55 0]
[0.0006298016333102192 'Spatial' 0 0.2299030940023637 0.8909568059464283
 0.10256410256410256 87 5 8 15 47 0]
[0.0006298016333102192 'Spatial' 0 0.2299030940023637 0.8909568059464283
 0.10256410256410256 87 5 8 16 55 0]
[1.6504908494207042 'Spatial' 0 0.2299030940023637 0.8909568059464283
 4.102564102564102 87 5 8 17 62 0]
[7.404129421417223 'Spatial' 0 0.2299030940023637 0.8909568059464283
 4.102564102564102 87 5 8 18 47 0]
[1.4742903201328679 'Spatial' 0 0.2299030940023637 0.8909568059464283
 3.4632478632478634 87 5 8 19 47 0]
