[0.0 'Spatial' 1 0.1265526869024892 0.022560841073647617 0.0 5 5 0 0 8 0]
[4.070706833719097 'Spatial' 1 0.1265526869024892 0.022560841073647617
 2.4242424242424243 5 5 0 1 15 0]
[4.036826531223338 'Spatial' 1 0.1265526869024892 0.022560841073647617
 2.0976430976430978 5 5 0 2 59 0]
[4.1588830833596715 'Spatial' 1 0.1265526869024892 0.022560841073647617
 6.262626262626263 5 5 0 3 4 0]
[2.537745068191412 'Spatial' 1 0.1265526869024892 0.022560841073647617
 1.65993265993266 5 5 0 4 58 0]
[3.5261233990103156 'Spatial' 1 0.1265526869024892 0.022560841073647617
 4.848484848484849 5 5 0 5 62 0]
[3.802230311571227 'Spatial' 1 0.1265526869024892 0.022560841073647617
 5.555555555555555 5 5 0 6 55 0]
[2.5075697242489685 'Spatial' 1 0.1265526869024892 0.022560841073647617
 1.3905723905723906 5 5 0 7 63 0]
[3.6229311133753597 'Spatial' 1 0.1265526869024892 0.022560841073647617
 7.047138047138048 5 5 0 8 56 0]
[2.4260378305529913 'Spatial' 1 0.1265526869024892 0.022560841073647617
 2.7037037037037037 5 5 0 9 53 0]
[1.4604656258077864 'Spatial' 1 0.1265526869024892 0.022560841073647617
 2.7037037037037037 5 5 0 10 61 0]
[0.9026069407184292 'Spatial' 1 0.1265526869024892 0.022560841073647617
 0.6060606060606061 5 5 0 11 61 0]
[0.022005844137223052 'Spatial' 1 0.1265526869024892 0.022560841073647617
 0.5824915824915825 5 5 0 12 61 0]
[0.0009288017832072571 'Spatial' 1 0.1265526869024892 0.022560841073647617
 0.5050505050505051 5 5 0 13 61 0]
[0.0006298016333097749 'Spatial' 1 0.1265526869024892 0.022560841073647617
 0.40404040404040403 5 5 0 14 61 0]
[0.0006298016333097749 'Spatial' 1 0.1265526869024892 0.022560841073647617
 0.10101010101010101 5 5 0 15 61 0]
[0.0006298016333097749 'Spatial' 1 0.1265526869024892 0.022560841073647617
 0.10101010101010101 5 5 0 16 61 0]
[1.9140324956537194 'Spatial' 1 0.1265526869024892 0.022560841073647617
 2.0976430976430978 5 5 0 17 62 0]
[1.5612528375124768 'Spatial' 1 0.1265526869024892 0.022560841073647617
 1.9966329966329968 5 5 0 18 62 0]
[2.244172129107407 'Spatial' 1 0.1265526869024892 0.022560841073647617
 3.9393939393939394 5 5 0 19 53 0]
[0.0 'Spatial' 1 0.1265526869024892 0.022560841073647617 0.0 5 5 1 0 8 0]
[4.070706833719097 'Spatial' 1 0.1265526869024892 0.022560841073647617
 2.4242424242424243 5 5 1 1 15 0]
[4.036826531223338 'Spatial' 1 0.1265526869024892 0.022560841073647617
 2.0976430976430978 5 5 1 2 59 0]
[4.1588830833596715 'Spatial' 1 0.1265526869024892 0.022560841073647617
 6.262626262626263 5 5 1 3 4 0]
[2.537745068191412 'Spatial' 1 0.1265526869024892 0.022560841073647617
 1.65993265993266 5 5 1 4 58 0]
[3.5261233990103156 'Spatial' 1 0.1265526869024892 0.022560841073647617
 4.848484848484849 5 5 1 5 62 0]
[3.802230311571227 'Spatial' 1 0.1265526869024892 0.022560841073647617
 5.555555555555555 5 5 1 6 55 0]
[2.5075697242489685 'Spatial' 1 0.1265526869024892 0.022560841073647617
 1.3905723905723906 5 5 1 7 63 0]
[3.6229311133753597 'Spatial' 1 0.1265526869024892 0.022560841073647617
 7.047138047138048 5 5 1 8 56 0]
[2.4260378305529913 'Spatial' 1 0.1265526869024892 0.022560841073647617
 2.7037037037037037 5 5 1 9 53 0]
[1.4604656258077864 'Spatial' 1 0.1265526869024892 0.022560841073647617
 2.7037037037037037 5 5 1 10 61 0]
[0.9026069407184292 'Spatial' 1 0.1265526869024892 0.022560841073647617
 0.6060606060606061 5 5 1 11 61 0]
[0.022005844137223052 'Spatial' 1 0.1265526869024892 0.022560841073647617
 0.5824915824915825 5 5 1 12 61 0]
[0.0009288017832072571 'Spatial' 1 0.1265526869024892 0.022560841073647617
 0.5050505050505051 5 5 1 13 61 0]
[0.0006298016333097749 'Spatial' 1 0.1265526869024892 0.022560841073647617
 0.40404040404040403 5 5 1 14 61 0]
[0.0006298016333097749 'Spatial' 1 0.1265526869024892 0.022560841073647617
 0.10101010101010101 5 5 1 15 61 0]
[0.0006298016333097749 'Spatial' 1 0.1265526869024892 0.022560841073647617
 0.10101010101010101 5 5 1 16 61 0]
[1.9140324956537194 'Spatial' 1 0.1265526869024892 0.022560841073647617
 2.0976430976430978 5 5 1 17 62 0]
[1.5612528375124768 'Spatial' 1 0.1265526869024892 0.022560841073647617
 1.9966329966329968 5 5 1 18 62 0]
[2.244172129107407 'Spatial' 1 0.1265526869024892 0.022560841073647617
 3.9393939393939394 5 5 1 19 53 0]
[0.0 'Spatial' 1 0.1265526869024892 0.022560841073647617 0.0 5 5 2 0 8 0]
[4.070706833719097 'Spatial' 1 0.1265526869024892 0.022560841073647617
 2.4242424242424243 5 5 2 1 15 0]
[4.036826531223338 'Spatial' 1 0.1265526869024892 0.022560841073647617
 2.0976430976430978 5 5 2 2 59 0]
[4.1588830833596715 'Spatial' 1 0.1265526869024892 0.022560841073647617
 6.262626262626263 5 5 2 3 4 0]
[2.537745068191412 'Spatial' 1 0.1265526869024892 0.022560841073647617
 1.65993265993266 5 5 2 4 58 0]
[3.5261233990103156 'Spatial' 1 0.1265526869024892 0.022560841073647617
 4.848484848484849 5 5 2 5 62 0]
[3.802230311571227 'Spatial' 1 0.1265526869024892 0.022560841073647617
 5.555555555555555 5 5 2 6 55 0]
[2.5075697242489685 'Spatial' 1 0.1265526869024892 0.022560841073647617
 1.3905723905723906 5 5 2 7 63 0]
[3.6229311133753597 'Spatial' 1 0.1265526869024892 0.022560841073647617
 7.047138047138048 5 5 2 8 56 0]
[2.4260378305529913 'Spatial' 1 0.1265526869024892 0.022560841073647617
 2.7037037037037037 5 5 2 9 53 0]
[1.4604656258077864 'Spatial' 1 0.1265526869024892 0.022560841073647617
 2.7037037037037037 5 5 2 10 61 0]
[0.9026069407184292 'Spatial' 1 0.1265526869024892 0.022560841073647617
 0.6060606060606061 5 5 2 11 61 0]
[0.022005844137223052 'Spatial' 1 0.1265526869024892 0.022560841073647617
 0.5824915824915825 5 5 2 12 61 0]
[0.0009288017832072571 'Spatial' 1 0.1265526869024892 0.022560841073647617
 0.5050505050505051 5 5 2 13 61 0]
[0.0006298016333097749 'Spatial' 1 0.1265526869024892 0.022560841073647617
 0.40404040404040403 5 5 2 14 61 0]
[0.0006298016333097749 'Spatial' 1 0.1265526869024892 0.022560841073647617
 0.10101010101010101 5 5 2 15 61 0]
[0.0006298016333097749 'Spatial' 1 0.1265526869024892 0.022560841073647617
 0.10101010101010101 5 5 2 16 61 0]
[1.9140324956537194 'Spatial' 1 0.1265526869024892 0.022560841073647617
 2.0976430976430978 5 5 2 17 62 0]
[1.5612528375124768 'Spatial' 1 0.1265526869024892 0.022560841073647617
 1.9966329966329968 5 5 2 18 62 0]
[2.244172129107407 'Spatial' 1 0.1265526869024892 0.022560841073647617
 3.9393939393939394 5 5 2 19 53 0]
[0.0 'Spatial' 1 0.1265526869024892 0.022560841073647617 0.0 5 5 3 0 8 0]
[4.070706833719097 'Spatial' 1 0.1265526869024892 0.022560841073647617
 2.4242424242424243 5 5 3 1 15 0]
[4.036826531223338 'Spatial' 1 0.1265526869024892 0.022560841073647617
 2.0976430976430978 5 5 3 2 59 0]
[4.1588830833596715 'Spatial' 1 0.1265526869024892 0.022560841073647617
 6.262626262626263 5 5 3 3 4 0]
[2.537745068191412 'Spatial' 1 0.1265526869024892 0.022560841073647617
 1.65993265993266 5 5 3 4 58 0]
[3.5261233990103156 'Spatial' 1 0.1265526869024892 0.022560841073647617
 4.848484848484849 5 5 3 5 62 0]
[3.802230311571227 'Spatial' 1 0.1265526869024892 0.022560841073647617
 5.555555555555555 5 5 3 6 55 0]
[2.5075697242489685 'Spatial' 1 0.1265526869024892 0.022560841073647617
 1.3905723905723906 5 5 3 7 63 0]
[3.6229311133753597 'Spatial' 1 0.1265526869024892 0.022560841073647617
 7.047138047138048 5 5 3 8 56 0]
[2.4260378305529913 'Spatial' 1 0.1265526869024892 0.022560841073647617
 2.7037037037037037 5 5 3 9 53 0]
[1.4604656258077864 'Spatial' 1 0.1265526869024892 0.022560841073647617
 2.7037037037037037 5 5 3 10 61 0]
[0.9026069407184292 'Spatial' 1 0.1265526869024892 0.022560841073647617
 0.6060606060606061 5 5 3 11 61 0]
[0.022005844137223052 'Spatial' 1 0.1265526869024892 0.022560841073647617
 0.5824915824915825 5 5 3 12 61 0]
[0.0009288017832072571 'Spatial' 1 0.1265526869024892 0.022560841073647617
 0.5050505050505051 5 5 3 13 61 0]
[0.0006298016333097749 'Spatial' 1 0.1265526869024892 0.022560841073647617
 0.40404040404040403 5 5 3 14 61 0]
[0.0006298016333097749 'Spatial' 1 0.1265526869024892 0.022560841073647617
 0.10101010101010101 5 5 3 15 61 0]
[0.0006298016333097749 'Spatial' 1 0.1265526869024892 0.022560841073647617
 0.10101010101010101 5 5 3 16 61 0]
[1.9140324956537194 'Spatial' 1 0.1265526869024892 0.022560841073647617
 2.0976430976430978 5 5 3 17 62 0]
[1.5612528375124768 'Spatial' 1 0.1265526869024892 0.022560841073647617
 1.9966329966329968 5 5 3 18 62 0]
[2.244172129107407 'Spatial' 1 0.1265526869024892 0.022560841073647617
 3.9393939393939394 5 5 3 19 53 0]
[0.0 'Spatial' 1 0.1265526869024892 0.022560841073647617 0.0 5 5 4 0 8 0]
[4.070706833719097 'Spatial' 1 0.1265526869024892 0.022560841073647617
 2.4242424242424243 5 5 4 1 15 0]
[4.036826531223338 'Spatial' 1 0.1265526869024892 0.022560841073647617
 2.0976430976430978 5 5 4 2 59 0]
[4.1588830833596715 'Spatial' 1 0.1265526869024892 0.022560841073647617
 6.262626262626263 5 5 4 3 4 0]
[2.537745068191412 'Spatial' 1 0.1265526869024892 0.022560841073647617
 1.65993265993266 5 5 4 4 58 0]
[3.5261233990103156 'Spatial' 1 0.1265526869024892 0.022560841073647617
 4.848484848484849 5 5 4 5 62 0]
[3.802230311571227 'Spatial' 1 0.1265526869024892 0.022560841073647617
 5.555555555555555 5 5 4 6 55 0]
[2.5075697242489685 'Spatial' 1 0.1265526869024892 0.022560841073647617
 1.3905723905723906 5 5 4 7 63 0]
[3.6229311133753597 'Spatial' 1 0.1265526869024892 0.022560841073647617
 7.047138047138048 5 5 4 8 56 0]
[2.4260378305529913 'Spatial' 1 0.1265526869024892 0.022560841073647617
 2.7037037037037037 5 5 4 9 53 0]
[1.4604656258077864 'Spatial' 1 0.1265526869024892 0.022560841073647617
 2.7037037037037037 5 5 4 10 61 0]
[0.9026069407184292 'Spatial' 1 0.1265526869024892 0.022560841073647617
 0.6060606060606061 5 5 4 11 61 0]
[0.022005844137223052 'Spatial' 1 0.1265526869024892 0.022560841073647617
 0.5824915824915825 5 5 4 12 61 0]
[0.0009288017832072571 'Spatial' 1 0.1265526869024892 0.022560841073647617
 0.5050505050505051 5 5 4 13 61 0]
[0.0006298016333097749 'Spatial' 1 0.1265526869024892 0.022560841073647617
 0.40404040404040403 5 5 4 14 61 0]
[0.0006298016333097749 'Spatial' 1 0.1265526869024892 0.022560841073647617
 0.10101010101010101 5 5 4 15 61 0]
[0.0006298016333097749 'Spatial' 1 0.1265526869024892 0.022560841073647617
 0.10101010101010101 5 5 4 16 61 0]
[1.9140324956537194 'Spatial' 1 0.1265526869024892 0.022560841073647617
 2.0976430976430978 5 5 4 17 62 0]
[1.5612528375124768 'Spatial' 1 0.1265526869024892 0.022560841073647617
 1.9966329966329968 5 5 4 18 62 0]
[2.244172129107407 'Spatial' 1 0.1265526869024892 0.022560841073647617
 3.9393939393939394 5 5 4 19 53 0]
[0.0 'Spatial' 1 0.1265526869024892 0.022560841073647617 0.0 5 5 6 0 8 0]
[4.070706833719097 'Spatial' 1 0.1265526869024892 0.022560841073647617
 2.4242424242424243 5 5 6 1 15 0]
[4.036826531223338 'Spatial' 1 0.1265526869024892 0.022560841073647617
 2.0976430976430978 5 5 6 2 59 0]
[4.1588830833596715 'Spatial' 1 0.1265526869024892 0.022560841073647617
 6.262626262626263 5 5 6 3 4 0]
[2.537745068191412 'Spatial' 1 0.1265526869024892 0.022560841073647617
 1.65993265993266 5 5 6 4 58 0]
[3.5261233990103156 'Spatial' 1 0.1265526869024892 0.022560841073647617
 4.848484848484849 5 5 6 5 62 0]
[3.802230311571227 'Spatial' 1 0.1265526869024892 0.022560841073647617
 5.555555555555555 5 5 6 6 55 0]
[2.5075697242489685 'Spatial' 1 0.1265526869024892 0.022560841073647617
 1.3905723905723906 5 5 6 7 63 0]
[3.6229311133753597 'Spatial' 1 0.1265526869024892 0.022560841073647617
 7.047138047138048 5 5 6 8 56 0]
[2.4260378305529913 'Spatial' 1 0.1265526869024892 0.022560841073647617
 2.7037037037037037 5 5 6 9 53 0]
[1.4604656258077864 'Spatial' 1 0.1265526869024892 0.022560841073647617
 2.7037037037037037 5 5 6 10 61 0]
[0.9026069407184292 'Spatial' 1 0.1265526869024892 0.022560841073647617
 0.6060606060606061 5 5 6 11 61 0]
[0.022005844137223052 'Spatial' 1 0.1265526869024892 0.022560841073647617
 0.5824915824915825 5 5 6 12 61 0]
[0.0009288017832072571 'Spatial' 1 0.1265526869024892 0.022560841073647617
 0.5050505050505051 5 5 6 13 61 0]
[0.0006298016333097749 'Spatial' 1 0.1265526869024892 0.022560841073647617
 0.40404040404040403 5 5 6 14 61 0]
[0.0006298016333097749 'Spatial' 1 0.1265526869024892 0.022560841073647617
 0.10101010101010101 5 5 6 15 61 0]
[0.0006298016333097749 'Spatial' 1 0.1265526869024892 0.022560841073647617
 0.10101010101010101 5 5 6 16 61 0]
[1.9140324956537194 'Spatial' 1 0.1265526869024892 0.022560841073647617
 2.0976430976430978 5 5 6 17 62 0]
[1.5612528375124768 'Spatial' 1 0.1265526869024892 0.022560841073647617
 1.9966329966329968 5 5 6 18 62 0]
[2.244172129107407 'Spatial' 1 0.1265526869024892 0.022560841073647617
 3.9393939393939394 5 5 6 19 53 0]
[0.0 'Spatial' 1 0.1265526869024892 0.022560841073647617 0.0 5 5 7 0 8 0]
[4.070706833719097 'Spatial' 1 0.1265526869024892 0.022560841073647617
 2.4242424242424243 5 5 7 1 15 0]
[4.036826531223338 'Spatial' 1 0.1265526869024892 0.022560841073647617
 2.0976430976430978 5 5 7 2 59 0]
[4.1588830833596715 'Spatial' 1 0.1265526869024892 0.022560841073647617
 6.262626262626263 5 5 7 3 4 0]
[2.537745068191412 'Spatial' 1 0.1265526869024892 0.022560841073647617
 1.65993265993266 5 5 7 4 58 0]
[3.5261233990103156 'Spatial' 1 0.1265526869024892 0.022560841073647617
 4.848484848484849 5 5 7 5 62 0]
[3.802230311571227 'Spatial' 1 0.1265526869024892 0.022560841073647617
 5.555555555555555 5 5 7 6 55 0]
[2.5075697242489685 'Spatial' 1 0.1265526869024892 0.022560841073647617
 1.3905723905723906 5 5 7 7 63 0]
[3.6229311133753597 'Spatial' 1 0.1265526869024892 0.022560841073647617
 7.047138047138048 5 5 7 8 56 0]
[2.4260378305529913 'Spatial' 1 0.1265526869024892 0.022560841073647617
 2.7037037037037037 5 5 7 9 53 0]
[1.4604656258077864 'Spatial' 1 0.1265526869024892 0.022560841073647617
 2.7037037037037037 5 5 7 10 61 0]
[0.9026069407184292 'Spatial' 1 0.1265526869024892 0.022560841073647617
 0.6060606060606061 5 5 7 11 61 0]
[0.022005844137223052 'Spatial' 1 0.1265526869024892 0.022560841073647617
 0.5824915824915825 5 5 7 12 61 0]
[0.0009288017832072571 'Spatial' 1 0.1265526869024892 0.022560841073647617
 0.5050505050505051 5 5 7 13 61 0]
[0.0006298016333097749 'Spatial' 1 0.1265526869024892 0.022560841073647617
 0.40404040404040403 5 5 7 14 61 0]
[0.0006298016333097749 'Spatial' 1 0.1265526869024892 0.022560841073647617
 0.10101010101010101 5 5 7 15 61 0]
[0.0006298016333097749 'Spatial' 1 0.1265526869024892 0.022560841073647617
 0.10101010101010101 5 5 7 16 61 0]
[1.9140324956537194 'Spatial' 1 0.1265526869024892 0.022560841073647617
 2.0976430976430978 5 5 7 17 62 0]
[1.5612528375124768 'Spatial' 1 0.1265526869024892 0.022560841073647617
 1.9966329966329968 5 5 7 18 62 0]
[2.244172129107407 'Spatial' 1 0.1265526869024892 0.022560841073647617
 3.9393939393939394 5 5 7 19 53 0]
[0.0 'Spatial' 1 0.1265526869024892 0.022560841073647617 0.0 5 5 8 0 8 0]
[4.070706833719097 'Spatial' 1 0.1265526869024892 0.022560841073647617
 2.4242424242424243 5 5 8 1 15 0]
[4.036826531223338 'Spatial' 1 0.1265526869024892 0.022560841073647617
 2.0976430976430978 5 5 8 2 59 0]
[4.1588830833596715 'Spatial' 1 0.1265526869024892 0.022560841073647617
 6.262626262626263 5 5 8 3 4 0]
[2.537745068191412 'Spatial' 1 0.1265526869024892 0.022560841073647617
 1.65993265993266 5 5 8 4 58 0]
[3.5261233990103156 'Spatial' 1 0.1265526869024892 0.022560841073647617
 4.848484848484849 5 5 8 5 62 0]
[3.802230311571227 'Spatial' 1 0.1265526869024892 0.022560841073647617
 5.555555555555555 5 5 8 6 55 0]
[2.5075697242489685 'Spatial' 1 0.1265526869024892 0.022560841073647617
 1.3905723905723906 5 5 8 7 63 0]
[3.6229311133753597 'Spatial' 1 0.1265526869024892 0.022560841073647617
 7.047138047138048 5 5 8 8 56 0]
[2.4260378305529913 'Spatial' 1 0.1265526869024892 0.022560841073647617
 2.7037037037037037 5 5 8 9 53 0]
[1.4604656258077864 'Spatial' 1 0.1265526869024892 0.022560841073647617
 2.7037037037037037 5 5 8 10 61 0]
[0.9026069407184292 'Spatial' 1 0.1265526869024892 0.022560841073647617
 0.6060606060606061 5 5 8 11 61 0]
[0.022005844137223052 'Spatial' 1 0.1265526869024892 0.022560841073647617
 0.5824915824915825 5 5 8 12 61 0]
[0.0009288017832072571 'Spatial' 1 0.1265526869024892 0.022560841073647617
 0.5050505050505051 5 5 8 13 61 0]
[0.0006298016333097749 'Spatial' 1 0.1265526869024892 0.022560841073647617
 0.40404040404040403 5 5 8 14 61 0]
[0.0006298016333097749 'Spatial' 1 0.1265526869024892 0.022560841073647617
 0.10101010101010101 5 5 8 15 61 0]
[0.0006298016333097749 'Spatial' 1 0.1265526869024892 0.022560841073647617
 0.10101010101010101 5 5 8 16 61 0]
[1.9140324956537194 'Spatial' 1 0.1265526869024892 0.022560841073647617
 2.0976430976430978 5 5 8 17 62 0]
[1.5612528375124768 'Spatial' 1 0.1265526869024892 0.022560841073647617
 1.9966329966329968 5 5 8 18 62 0]
[2.244172129107407 'Spatial' 1 0.1265526869024892 0.022560841073647617
 3.9393939393939394 5 5 8 19 53 0]
