[0.0 'Spatial' 1 0.058371803365170005 0.22555511692696903 0.0 110 1 0 0 63
 1]
[3.670629389042558 'Spatial' 1 0.058371803365170005 0.22555511692696903
 3.1555555555555554 110 1 0 1 56 1]
[1.5561232777566665 'Spatial' 1 0.058371803365170005 0.22555511692696903
 1.2307692307692308 110 1 0 2 48 1]
[2.1277699408811177 'Spatial' 1 0.058371803365170005 0.22555511692696903
 4.102564102564102 110 1 0 3 57 1]
[0.33709340700531754 'Spatial' 1 0.058371803365170005 0.22555511692696903
 0.45470085470085464 110 1 0 4 57 1]
[1.9453698832680797 'Spatial' 1 0.058371803365170005 0.22555511692696903
 4.102564102564102 110 1 0 5 49 1]
[1.4275927604365768 'Spatial' 1 0.058371803365170005 0.22555511692696903
 2.358974358974359 110 1 0 6 49 1]
[0.013702631657110591 'Spatial' 1 0.058371803365170005 0.22555511692696903
 0.7965811965811965 110 1 0 7 49 1]
[1.8543254569832566 'Spatial' 1 0.058371803365170005 0.22555511692696903
 4.102564102564102 110 1 0 8 56 1]
[1.2146647916198223 'Spatial' 1 0.058371803365170005 0.22555511692696903
 2.916239316239316 110 1 0 9 57 1]
[0.74976571980803 'Spatial' 1 0.058371803365170005 0.22555511692696903
 2.505982905982906 110 1 0 10 57 1]
[0.0006824470790506721 'Spatial' 1 0.058371803365170005
 0.22555511692696903 0.10256410256410256 110 1 0 11 57 1]
[0.0006298016333097749 'Spatial' 1 0.058371803365170005
 0.22555511692696903 0.10256410256410256 110 1 0 12 57 1]
[0.0006298016333097749 'Spatial' 1 0.058371803365170005
 0.22555511692696903 0.10256410256410256 110 1 0 13 57 1]
[0.0006298016333097749 'Spatial' 1 0.058371803365170005
 0.22555511692696903 0.10256410256410256 110 1 0 14 57 1]
[0.0006298016333097749 'Spatial' 1 0.058371803365170005
 0.22555511692696903 0.10256410256410256 110 1 0 15 57 1]
[0.0006298016333097749 'Spatial' 1 0.058371803365170005
 0.22555511692696903 0.10256410256410256 110 1 0 16 57 1]
[0.0006298016333097749 'Spatial' 1 0.058371803365170005
 0.22555511692696903 0.10256410256410256 110 1 0 17 57 1]
[0.0006298016333097749 'Spatial' 1 0.058371803365170005
 0.22555511692696903 0.10256410256410256 110 1 0 18 57 1]
[0.0006298016333097749 'Spatial' 1 0.058371803365170005
 0.22555511692696903 0.10256410256410256 110 1 0 19 57 1]
[0.0 'Spatial' 1 0.058371803365170005 0.22555511692696903 0.0 110 1 2 0 63
 1]
[3.670629389042558 'Spatial' 1 0.058371803365170005 0.22555511692696903
 3.1555555555555554 110 1 2 1 62 1]
[1.5561232777566665 'Spatial' 1 0.058371803365170005 0.22555511692696903
 1.2307692307692308 110 1 2 2 61 1]
[2.1277699408811177 'Spatial' 1 0.058371803365170005 0.22555511692696903
 4.102564102564102 110 1 2 3 60 1]
[0.33709340700531754 'Spatial' 1 0.058371803365170005 0.22555511692696903
 0.45470085470085464 110 1 2 4 61 1]
[1.9453698832680797 'Spatial' 1 0.058371803365170005 0.22555511692696903
 4.102564102564102 110 1 2 5 61 1]
[1.4275927604365768 'Spatial' 1 0.058371803365170005 0.22555511692696903
 2.358974358974359 110 1 2 6 61 1]
[0.013702631657110591 'Spatial' 1 0.058371803365170005 0.22555511692696903
 0.7965811965811965 110 1 2 7 60 1]
[1.8543254569832566 'Spatial' 1 0.058371803365170005 0.22555511692696903
 4.102564102564102 110 1 2 8 61 1]
[1.2146647916198223 'Spatial' 1 0.058371803365170005 0.22555511692696903
 2.916239316239316 110 1 2 9 61 1]
[0.74976571980803 'Spatial' 1 0.058371803365170005 0.22555511692696903
 2.505982905982906 110 1 2 10 61 1]
[0.0006824470790506721 'Spatial' 1 0.058371803365170005
 0.22555511692696903 0.10256410256410256 110 1 2 11 61 1]
[0.0006298016333097749 'Spatial' 1 0.058371803365170005
 0.22555511692696903 0.10256410256410256 110 1 2 12 60 1]
[0.0006298016333097749 'Spatial' 1 0.058371803365170005
 0.22555511692696903 0.10256410256410256 110 1 2 13 62 1]
[0.0006298016333097749 'Spatial' 1 0.058371803365170005
 0.22555511692696903 0.10256410256410256 110 1 2 14 61 1]
[0.0006298016333097749 'Spatial' 1 0.058371803365170005
 0.22555511692696903 0.10256410256410256 110 1 2 15 61 1]
[0.0006298016333097749 'Spatial' 1 0.058371803365170005
 0.22555511692696903 0.10256410256410256 110 1 2 16 61 1]
[0.0006298016333097749 'Spatial' 1 0.058371803365170005
 0.22555511692696903 0.10256410256410256 110 1 2 17 61 1]
[0.0006298016333097749 'Spatial' 1 0.058371803365170005
 0.22555511692696903 0.10256410256410256 110 1 2 18 61 1]
[0.0006298016333097749 'Spatial' 1 0.058371803365170005
 0.22555511692696903 0.10256410256410256 110 1 2 19 61 1]
[0.0 'Spatial' 1 0.058371803365170005 0.22555511692696903 0.0 110 1 3 0 61
 1]
[3.670629389042558 'Spatial' 1 0.058371803365170005 0.22555511692696903
 3.1555555555555554 110 1 3 1 56 1]
[1.5561232777566665 'Spatial' 1 0.058371803365170005 0.22555511692696903
 1.2307692307692308 110 1 3 2 4 1]
[2.1277699408811177 'Spatial' 1 0.058371803365170005 0.22555511692696903
 4.102564102564102 110 1 3 3 45 1]
[0.33709340700531754 'Spatial' 1 0.058371803365170005 0.22555511692696903
 0.45470085470085464 110 1 3 4 26 1]
[1.9453698832680797 'Spatial' 1 0.058371803365170005 0.22555511692696903
 4.102564102564102 110 1 3 5 55 1]
[1.4275927604365768 'Spatial' 1 0.058371803365170005 0.22555511692696903
 2.358974358974359 110 1 3 6 55 1]
[0.013702631657110591 'Spatial' 1 0.058371803365170005 0.22555511692696903
 0.7965811965811965 110 1 3 7 63 1]
[1.8543254569832566 'Spatial' 1 0.058371803365170005 0.22555511692696903
 4.102564102564102 110 1 3 8 63 1]
[1.2146647916198223 'Spatial' 1 0.058371803365170005 0.22555511692696903
 2.916239316239316 110 1 3 9 63 1]
[0.74976571980803 'Spatial' 1 0.058371803365170005 0.22555511692696903
 2.505982905982906 110 1 3 10 63 1]
[0.0006824470790506721 'Spatial' 1 0.058371803365170005
 0.22555511692696903 0.10256410256410256 110 1 3 11 63 1]
[0.0006298016333097749 'Spatial' 1 0.058371803365170005
 0.22555511692696903 0.10256410256410256 110 1 3 12 63 1]
[0.0006298016333097749 'Spatial' 1 0.058371803365170005
 0.22555511692696903 0.10256410256410256 110 1 3 13 63 1]
[0.0006298016333097749 'Spatial' 1 0.058371803365170005
 0.22555511692696903 0.10256410256410256 110 1 3 14 63 1]
[0.0006298016333097749 'Spatial' 1 0.058371803365170005
 0.22555511692696903 0.10256410256410256 110 1 3 15 63 1]
[0.0006298016333097749 'Spatial' 1 0.058371803365170005
 0.22555511692696903 0.10256410256410256 110 1 3 16 63 1]
[0.0006298016333097749 'Spatial' 1 0.058371803365170005
 0.22555511692696903 0.10256410256410256 110 1 3 17 63 1]
[0.0006298016333097749 'Spatial' 1 0.058371803365170005
 0.22555511692696903 0.10256410256410256 110 1 3 18 63 1]
[0.0006298016333097749 'Spatial' 1 0.058371803365170005
 0.22555511692696903 0.10256410256410256 110 1 3 19 63 1]
[0.0 'Spatial' 1 0.058371803365170005 0.22555511692696903 0.0 110 1 4 0 63
 1]
[3.670629389042558 'Spatial' 1 0.058371803365170005 0.22555511692696903
 3.1555555555555554 110 1 4 1 60 1]
[1.5561232777566665 'Spatial' 1 0.058371803365170005 0.22555511692696903
 1.2307692307692308 110 1 4 2 55 1]
[2.1277699408811177 'Spatial' 1 0.058371803365170005 0.22555511692696903
 4.102564102564102 110 1 4 3 39 1]
[0.33709340700531754 'Spatial' 1 0.058371803365170005 0.22555511692696903
 0.45470085470085464 110 1 4 4 23 1]
[1.9453698832680797 'Spatial' 1 0.058371803365170005 0.22555511692696903
 4.102564102564102 110 1 4 5 46 1]
[1.4275927604365768 'Spatial' 1 0.058371803365170005 0.22555511692696903
 2.358974358974359 110 1 4 6 55 1]
[0.013702631657110591 'Spatial' 1 0.058371803365170005 0.22555511692696903
 0.7965811965811965 110 1 4 7 47 1]
[1.8543254569832566 'Spatial' 1 0.058371803365170005 0.22555511692696903
 4.102564102564102 110 1 4 8 47 1]
[1.2146647916198223 'Spatial' 1 0.058371803365170005 0.22555511692696903
 2.916239316239316 110 1 4 9 47 1]
[0.74976571980803 'Spatial' 1 0.058371803365170005 0.22555511692696903
 2.505982905982906 110 1 4 10 47 1]
[0.0006824470790506721 'Spatial' 1 0.058371803365170005
 0.22555511692696903 0.10256410256410256 110 1 4 11 55 1]
[0.0006298016333097749 'Spatial' 1 0.058371803365170005
 0.22555511692696903 0.10256410256410256 110 1 4 12 39 1]
[0.0006298016333097749 'Spatial' 1 0.058371803365170005
 0.22555511692696903 0.10256410256410256 110 1 4 13 47 1]
[0.0006298016333097749 'Spatial' 1 0.058371803365170005
 0.22555511692696903 0.10256410256410256 110 1 4 14 47 1]
[0.0006298016333097749 'Spatial' 1 0.058371803365170005
 0.22555511692696903 0.10256410256410256 110 1 4 15 47 1]
[0.0006298016333097749 'Spatial' 1 0.058371803365170005
 0.22555511692696903 0.10256410256410256 110 1 4 16 47 1]
[0.0006298016333097749 'Spatial' 1 0.058371803365170005
 0.22555511692696903 0.10256410256410256 110 1 4 17 47 1]
[0.0006298016333097749 'Spatial' 1 0.058371803365170005
 0.22555511692696903 0.10256410256410256 110 1 4 18 47 1]
[0.0006298016333097749 'Spatial' 1 0.058371803365170005
 0.22555511692696903 0.10256410256410256 110 1 4 19 47 1]
[0.0 'Spatial' 1 0.058371803365170005 0.22555511692696903 0.0 110 1 5 0 56
 1]
[3.670629389042558 'Spatial' 1 0.058371803365170005 0.22555511692696903
 3.1555555555555554 110 1 5 1 63 1]
[1.5561232777566665 'Spatial' 1 0.058371803365170005 0.22555511692696903
 1.2307692307692308 110 1 5 2 63 1]
[2.1277699408811177 'Spatial' 1 0.058371803365170005 0.22555511692696903
 4.102564102564102 110 1 5 3 62 1]
[0.33709340700531754 'Spatial' 1 0.058371803365170005 0.22555511692696903
 0.45470085470085464 110 1 5 4 47 1]
[1.9453698832680797 'Spatial' 1 0.058371803365170005 0.22555511692696903
 4.102564102564102 110 1 5 5 54 1]
[1.4275927604365768 'Spatial' 1 0.058371803365170005 0.22555511692696903
 2.358974358974359 110 1 5 6 55 1]
[0.013702631657110591 'Spatial' 1 0.058371803365170005 0.22555511692696903
 0.7965811965811965 110 1 5 7 63 1]
[1.8543254569832566 'Spatial' 1 0.058371803365170005 0.22555511692696903
 4.102564102564102 110 1 5 8 63 1]
[1.2146647916198223 'Spatial' 1 0.058371803365170005 0.22555511692696903
 2.916239316239316 110 1 5 9 63 1]
[0.74976571980803 'Spatial' 1 0.058371803365170005 0.22555511692696903
 2.505982905982906 110 1 5 10 63 1]
[0.0006824470790506721 'Spatial' 1 0.058371803365170005
 0.22555511692696903 0.10256410256410256 110 1 5 11 63 1]
[0.0006298016333097749 'Spatial' 1 0.058371803365170005
 0.22555511692696903 0.10256410256410256 110 1 5 12 63 1]
[0.0006298016333097749 'Spatial' 1 0.058371803365170005
 0.22555511692696903 0.10256410256410256 110 1 5 13 63 1]
[0.0006298016333097749 'Spatial' 1 0.058371803365170005
 0.22555511692696903 0.10256410256410256 110 1 5 14 63 1]
[0.0006298016333097749 'Spatial' 1 0.058371803365170005
 0.22555511692696903 0.10256410256410256 110 1 5 15 63 1]
[0.0006298016333097749 'Spatial' 1 0.058371803365170005
 0.22555511692696903 0.10256410256410256 110 1 5 16 63 1]
[0.0006298016333097749 'Spatial' 1 0.058371803365170005
 0.22555511692696903 0.10256410256410256 110 1 5 17 63 1]
[0.0006298016333097749 'Spatial' 1 0.058371803365170005
 0.22555511692696903 0.10256410256410256 110 1 5 18 63 1]
[0.0006298016333097749 'Spatial' 1 0.058371803365170005
 0.22555511692696903 0.10256410256410256 110 1 5 19 63 1]
[0.0 'Spatial' 1 0.058371803365170005 0.22555511692696903 0.0 110 1 6 0 56
 1]
[3.670629389042558 'Spatial' 1 0.058371803365170005 0.22555511692696903
 3.1555555555555554 110 1 6 1 0 1]
[1.5561232777566665 'Spatial' 1 0.058371803365170005 0.22555511692696903
 1.2307692307692308 110 1 6 2 6 1]
[2.1277699408811177 'Spatial' 1 0.058371803365170005 0.22555511692696903
 4.102564102564102 110 1 6 3 7 1]
[0.33709340700531754 'Spatial' 1 0.058371803365170005 0.22555511692696903
 0.45470085470085464 110 1 6 4 7 1]
[1.9453698832680797 'Spatial' 1 0.058371803365170005 0.22555511692696903
 4.102564102564102 110 1 6 5 6 1]
[1.4275927604365768 'Spatial' 1 0.058371803365170005 0.22555511692696903
 2.358974358974359 110 1 6 6 6 1]
[0.013702631657110591 'Spatial' 1 0.058371803365170005 0.22555511692696903
 0.7965811965811965 110 1 6 7 5 1]
[1.8543254569832566 'Spatial' 1 0.058371803365170005 0.22555511692696903
 4.102564102564102 110 1 6 8 6 1]
[1.2146647916198223 'Spatial' 1 0.058371803365170005 0.22555511692696903
 2.916239316239316 110 1 6 9 6 1]
[0.74976571980803 'Spatial' 1 0.058371803365170005 0.22555511692696903
 2.505982905982906 110 1 6 10 7 1]
[0.0006824470790506721 'Spatial' 1 0.058371803365170005
 0.22555511692696903 0.10256410256410256 110 1 6 11 7 1]
[0.0006298016333097749 'Spatial' 1 0.058371803365170005
 0.22555511692696903 0.10256410256410256 110 1 6 12 7 1]
[0.0006298016333097749 'Spatial' 1 0.058371803365170005
 0.22555511692696903 0.10256410256410256 110 1 6 13 7 1]
[0.0006298016333097749 'Spatial' 1 0.058371803365170005
 0.22555511692696903 0.10256410256410256 110 1 6 14 7 1]
[0.0006298016333097749 'Spatial' 1 0.058371803365170005
 0.22555511692696903 0.10256410256410256 110 1 6 15 7 1]
[0.0006298016333097749 'Spatial' 1 0.058371803365170005
 0.22555511692696903 0.10256410256410256 110 1 6 16 7 1]
[0.0006298016333097749 'Spatial' 1 0.058371803365170005
 0.22555511692696903 0.10256410256410256 110 1 6 17 7 1]
[0.0006298016333097749 'Spatial' 1 0.058371803365170005
 0.22555511692696903 0.10256410256410256 110 1 6 18 7 1]
[0.0006298016333097749 'Spatial' 1 0.058371803365170005
 0.22555511692696903 0.10256410256410256 110 1 6 19 7 1]
[0.0 'Spatial' 1 0.058371803365170005 0.22555511692696903 0.0 110 1 7 0 63
 1]
[3.670629389042558 'Spatial' 1 0.058371803365170005 0.22555511692696903
 3.1555555555555554 110 1 7 1 56 1]
[1.5561232777566665 'Spatial' 1 0.058371803365170005 0.22555511692696903
 1.2307692307692308 110 1 7 2 57 1]
[2.1277699408811177 'Spatial' 1 0.058371803365170005 0.22555511692696903
 4.102564102564102 110 1 7 3 48 1]
[0.33709340700531754 'Spatial' 1 0.058371803365170005 0.22555511692696903
 0.45470085470085464 110 1 7 4 56 1]
[1.9453698832680797 'Spatial' 1 0.058371803365170005 0.22555511692696903
 4.102564102564102 110 1 7 5 56 1]
[1.4275927604365768 'Spatial' 1 0.058371803365170005 0.22555511692696903
 2.358974358974359 110 1 7 6 56 1]
[0.013702631657110591 'Spatial' 1 0.058371803365170005 0.22555511692696903
 0.7965811965811965 110 1 7 7 56 1]
[1.8543254569832566 'Spatial' 1 0.058371803365170005 0.22555511692696903
 4.102564102564102 110 1 7 8 56 1]
[1.2146647916198223 'Spatial' 1 0.058371803365170005 0.22555511692696903
 2.916239316239316 110 1 7 9 56 1]
[0.74976571980803 'Spatial' 1 0.058371803365170005 0.22555511692696903
 2.505982905982906 110 1 7 10 56 1]
[0.0006824470790506721 'Spatial' 1 0.058371803365170005
 0.22555511692696903 0.10256410256410256 110 1 7 11 56 1]
[0.0006298016333097749 'Spatial' 1 0.058371803365170005
 0.22555511692696903 0.10256410256410256 110 1 7 12 56 1]
[0.0006298016333097749 'Spatial' 1 0.058371803365170005
 0.22555511692696903 0.10256410256410256 110 1 7 13 56 1]
[0.0006298016333097749 'Spatial' 1 0.058371803365170005
 0.22555511692696903 0.10256410256410256 110 1 7 14 56 1]
[0.0006298016333097749 'Spatial' 1 0.058371803365170005
 0.22555511692696903 0.10256410256410256 110 1 7 15 56 1]
[0.0006298016333097749 'Spatial' 1 0.058371803365170005
 0.22555511692696903 0.10256410256410256 110 1 7 16 56 1]
[0.0006298016333097749 'Spatial' 1 0.058371803365170005
 0.22555511692696903 0.10256410256410256 110 1 7 17 56 1]
[0.0006298016333097749 'Spatial' 1 0.058371803365170005
 0.22555511692696903 0.10256410256410256 110 1 7 18 56 1]
[0.0006298016333097749 'Spatial' 1 0.058371803365170005
 0.22555511692696903 0.10256410256410256 110 1 7 19 56 1]
[0.0 'Spatial' 1 0.058371803365170005 0.22555511692696903 0.0 110 1 8 0 56
 1]
[3.670629389042558 'Spatial' 1 0.058371803365170005 0.22555511692696903
 3.1555555555555554 110 1 8 1 58 1]
[1.5561232777566665 'Spatial' 1 0.058371803365170005 0.22555511692696903
 1.2307692307692308 110 1 8 2 61 1]
[2.1277699408811177 'Spatial' 1 0.058371803365170005 0.22555511692696903
 4.102564102564102 110 1 8 3 58 1]
[0.33709340700531754 'Spatial' 1 0.058371803365170005 0.22555511692696903
 0.45470085470085464 110 1 8 4 49 1]
[1.9453698832680797 'Spatial' 1 0.058371803365170005 0.22555511692696903
 4.102564102564102 110 1 8 5 57 1]
[1.4275927604365768 'Spatial' 1 0.058371803365170005 0.22555511692696903
 2.358974358974359 110 1 8 6 56 1]
[0.013702631657110591 'Spatial' 1 0.058371803365170005 0.22555511692696903
 0.7965811965811965 110 1 8 7 57 1]
[1.8543254569832566 'Spatial' 1 0.058371803365170005 0.22555511692696903
 4.102564102564102 110 1 8 8 58 1]
[1.2146647916198223 'Spatial' 1 0.058371803365170005 0.22555511692696903
 2.916239316239316 110 1 8 9 57 1]
[0.74976571980803 'Spatial' 1 0.058371803365170005 0.22555511692696903
 2.505982905982906 110 1 8 10 57 1]
[0.0006824470790506721 'Spatial' 1 0.058371803365170005
 0.22555511692696903 0.10256410256410256 110 1 8 11 57 1]
[0.0006298016333097749 'Spatial' 1 0.058371803365170005
 0.22555511692696903 0.10256410256410256 110 1 8 12 57 1]
[0.0006298016333097749 'Spatial' 1 0.058371803365170005
 0.22555511692696903 0.10256410256410256 110 1 8 13 57 1]
[0.0006298016333097749 'Spatial' 1 0.058371803365170005
 0.22555511692696903 0.10256410256410256 110 1 8 14 57 1]
[0.0006298016333097749 'Spatial' 1 0.058371803365170005
 0.22555511692696903 0.10256410256410256 110 1 8 15 57 1]
[0.0006298016333097749 'Spatial' 1 0.058371803365170005
 0.22555511692696903 0.10256410256410256 110 1 8 16 57 1]
[0.0006298016333097749 'Spatial' 1 0.058371803365170005
 0.22555511692696903 0.10256410256410256 110 1 8 17 57 1]
[0.0006298016333097749 'Spatial' 1 0.058371803365170005
 0.22555511692696903 0.10256410256410256 110 1 8 18 57 1]
[0.0006298016333097749 'Spatial' 1 0.058371803365170005
 0.22555511692696903 0.10256410256410256 110 1 8 19 57 1]
