[0.0 'Spatial' 1 0.45890438324262556 1.2698783846313435 0.0 5 4 0 0 8 0]
[3.7515788095588603 'Spatial' 1 0.45890438324262556 1.2698783846313435
 4.102564102564102 5 4 0 1 15 0]
[3.229860311060587 'Spatial' 1 0.45890438324262556 1.2698783846313435
 4.102564102564102 5 4 0 2 59 0]
[3.9922420577965636 'Spatial' 1 0.45890438324262556 1.2698783846313435
 1.5384615384615385 5 4 0 3 4 0]
[3.938930670310755 'Spatial' 1 0.45890438324262556 1.2698783846313435
 0.6940170940170939 5 4 0 4 58 0]
[3.7790091392990806 'Spatial' 1 0.45890438324262556 1.2698783846313435
 2.12991452991453 5 4 0 5 62 0]
[3.8736821564425203 'Spatial' 1 0.45890438324262556 1.2698783846313435
 1.0017094017094017 5 4 0 6 55 0]
[2.9952973000334273 'Spatial' 1 0.45890438324262556 1.2698783846313435
 1.8461538461538463 5 4 0 7 63 0]
[4.041054592671084 'Spatial' 1 0.45890438324262556 1.2698783846313435
 0.10256410256410256 5 4 0 8 56 0]
[2.610665776978757 'Spatial' 1 0.45890438324262556 1.2698783846313435
 2.871794871794872 5 4 0 9 53 0]
[1.9332910163526837 'Spatial' 1 0.45890438324262556 1.2698783846313435
 2.4615384615384617 5 4 0 10 61 0]
[1.682685717746378 'Spatial' 1 0.45890438324262556 1.2698783846313435
 2.3008547008547007 5 4 0 11 61 0]
[0.6609026834209935 'Spatial' 1 0.45890438324262556 1.2698783846313435
 0.7965811965811965 5 4 0 12 61 0]
[0.11237948777451712 'Spatial' 1 0.45890438324262556 1.2698783846313435
 0.717948717948718 5 4 0 13 61 0]
[0.016422801770212797 'Spatial' 1 0.45890438324262556 1.2698783846313435
 0.6598290598290598 5 4 0 14 61 0]
[0.0025785715733455923 'Spatial' 1 0.45890438324262556 1.2698783846313435
 0.6153846153846153 5 4 0 15 61 0]
[0.0007203418113005167 'Spatial' 1 0.45890438324262556 1.2698783846313435
 0.5572649572649572 5 4 0 16 61 0]
[1.512919549707258 'Spatial' 1 0.45890438324262556 1.2698783846313435
 1.8222222222222222 5 4 0 17 62 0]
[0.0 'Spatial' 1 0.45890438324262556 1.2698783846313435 0.0 5 4 1 0 62 0]
[3.7515788095588603 'Spatial' 1 0.45890438324262556 1.2698783846313435
 4.102564102564102 5 4 1 1 53 0]
[3.229860311060587 'Spatial' 1 0.45890438324262556 1.2698783846313435
 4.102564102564102 5 4 1 2 39 0]
[3.9922420577965636 'Spatial' 1 0.45890438324262556 1.2698783846313435
 1.5384615384615385 5 4 1 3 8 0]
[3.938930670310755 'Spatial' 1 0.45890438324262556 1.2698783846313435
 0.6940170940170939 5 4 1 4 2 0]
[3.7790091392990806 'Spatial' 1 0.45890438324262556 1.2698783846313435
 2.12991452991453 5 4 1 5 59 0]
[3.8736821564425203 'Spatial' 1 0.45890438324262556 1.2698783846313435
 1.0017094017094017 5 4 1 6 56 0]
[2.9952973000334273 'Spatial' 1 0.45890438324262556 1.2698783846313435
 1.8461538461538463 5 4 1 7 7 0]
[4.041054592671084 'Spatial' 1 0.45890438324262556 1.2698783846313435
 0.10256410256410256 5 4 1 8 34 0]
[2.610665776978757 'Spatial' 1 0.45890438324262556 1.2698783846313435
 2.871794871794872 5 4 1 9 11 0]
[1.9332910163526837 'Spatial' 1 0.45890438324262556 1.2698783846313435
 2.4615384615384617 5 4 1 10 32 0]
[1.682685717746378 'Spatial' 1 0.45890438324262556 1.2698783846313435
 2.3008547008547007 5 4 1 11 0 0]
[0.6609026834209935 'Spatial' 1 0.45890438324262556 1.2698783846313435
 0.7965811965811965 5 4 1 12 8 0]
[0.11237948777451712 'Spatial' 1 0.45890438324262556 1.2698783846313435
 0.717948717948718 5 4 1 13 31 0]
[0.016422801770212797 'Spatial' 1 0.45890438324262556 1.2698783846313435
 0.6598290598290598 5 4 1 14 40 0]
[0.0025785715733455923 'Spatial' 1 0.45890438324262556 1.2698783846313435
 0.6153846153846153 5 4 1 15 1 0]
[0.0007203418113005167 'Spatial' 1 0.45890438324262556 1.2698783846313435
 0.5572649572649572 5 4 1 16 8 0]
[1.512919549707258 'Spatial' 1 0.45890438324262556 1.2698783846313435
 1.8222222222222222 5 4 1 17 40 0]
[0.0 'Spatial' 1 0.45890438324262556 1.2698783846313435 0.0 5 4 2 0 56 0]
[3.7515788095588603 'Spatial' 1 0.45890438324262556 1.2698783846313435
 4.102564102564102 5 4 2 1 31 0]
[3.229860311060587 'Spatial' 1 0.45890438324262556 1.2698783846313435
 4.102564102564102 5 4 2 2 23 0]
[3.9922420577965636 'Spatial' 1 0.45890438324262556 1.2698783846313435
 1.5384615384615385 5 4 2 3 8 0]
[3.938930670310755 'Spatial' 1 0.45890438324262556 1.2698783846313435
 0.6940170940170939 5 4 2 4 1 0]
[3.7790091392990806 'Spatial' 1 0.45890438324262556 1.2698783846313435
 2.12991452991453 5 4 2 5 6 0]
[3.8736821564425203 'Spatial' 1 0.45890438324262556 1.2698783846313435
 1.0017094017094017 5 4 2 6 6 0]
[2.9952973000334273 'Spatial' 1 0.45890438324262556 1.2698783846313435
 1.8461538461538463 5 4 2 7 6 0]
[4.041054592671084 'Spatial' 1 0.45890438324262556 1.2698783846313435
 0.10256410256410256 5 4 2 8 6 0]
[2.610665776978757 'Spatial' 1 0.45890438324262556 1.2698783846313435
 2.871794871794872 5 4 2 9 6 0]
[1.9332910163526837 'Spatial' 1 0.45890438324262556 1.2698783846313435
 2.4615384615384617 5 4 2 10 6 0]
[1.682685717746378 'Spatial' 1 0.45890438324262556 1.2698783846313435
 2.3008547008547007 5 4 2 11 5 0]
[0.6609026834209935 'Spatial' 1 0.45890438324262556 1.2698783846313435
 0.7965811965811965 5 4 2 12 7 0]
[0.11237948777451712 'Spatial' 1 0.45890438324262556 1.2698783846313435
 0.717948717948718 5 4 2 13 6 0]
[0.016422801770212797 'Spatial' 1 0.45890438324262556 1.2698783846313435
 0.6598290598290598 5 4 2 14 5 0]
[0.0025785715733455923 'Spatial' 1 0.45890438324262556 1.2698783846313435
 0.6153846153846153 5 4 2 15 6 0]
[0.0007203418113005167 'Spatial' 1 0.45890438324262556 1.2698783846313435
 0.5572649572649572 5 4 2 16 6 0]
[1.512919549707258 'Spatial' 1 0.45890438324262556 1.2698783846313435
 1.8222222222222222 5 4 2 17 6 0]
[0.0 'Spatial' 1 0.45890438324262556 1.2698783846313435 0.0 5 4 3 0 6 0]
[3.7515788095588603 'Spatial' 1 0.45890438324262556 1.2698783846313435
 4.102564102564102 5 4 3 1 6 0]
[3.229860311060587 'Spatial' 1 0.45890438324262556 1.2698783846313435
 4.102564102564102 5 4 3 2 6 0]
[3.9922420577965636 'Spatial' 1 0.45890438324262556 1.2698783846313435
 1.5384615384615385 5 4 3 3 6 0]
[3.938930670310755 'Spatial' 1 0.45890438324262556 1.2698783846313435
 0.6940170940170939 5 4 3 4 14 0]
[3.7790091392990806 'Spatial' 1 0.45890438324262556 1.2698783846313435
 2.12991452991453 5 4 3 5 6 0]
[3.8736821564425203 'Spatial' 1 0.45890438324262556 1.2698783846313435
 1.0017094017094017 5 4 3 6 15 0]
[2.9952973000334273 'Spatial' 1 0.45890438324262556 1.2698783846313435
 1.8461538461538463 5 4 3 7 39 0]
[4.041054592671084 'Spatial' 1 0.45890438324262556 1.2698783846313435
 0.10256410256410256 5 4 3 8 63 0]
[2.610665776978757 'Spatial' 1 0.45890438324262556 1.2698783846313435
 2.871794871794872 5 4 3 9 63 0]
[1.9332910163526837 'Spatial' 1 0.45890438324262556 1.2698783846313435
 2.4615384615384617 5 4 3 10 63 0]
[1.682685717746378 'Spatial' 1 0.45890438324262556 1.2698783846313435
 2.3008547008547007 5 4 3 11 62 0]
[0.6609026834209935 'Spatial' 1 0.45890438324262556 1.2698783846313435
 0.7965811965811965 5 4 3 12 63 0]
[0.11237948777451712 'Spatial' 1 0.45890438324262556 1.2698783846313435
 0.717948717948718 5 4 3 13 63 0]
[0.016422801770212797 'Spatial' 1 0.45890438324262556 1.2698783846313435
 0.6598290598290598 5 4 3 14 63 0]
[0.0025785715733455923 'Spatial' 1 0.45890438324262556 1.2698783846313435
 0.6153846153846153 5 4 3 15 63 0]
[0.0007203418113005167 'Spatial' 1 0.45890438324262556 1.2698783846313435
 0.5572649572649572 5 4 3 16 63 0]
[1.512919549707258 'Spatial' 1 0.45890438324262556 1.2698783846313435
 1.8222222222222222 5 4 3 17 63 0]
[0.0 'Spatial' 1 0.45890438324262556 1.2698783846313435 0.0 5 4 5 0 63 0]
[3.7515788095588603 'Spatial' 1 0.45890438324262556 1.2698783846313435
 4.102564102564102 5 4 5 1 63 0]
[3.229860311060587 'Spatial' 1 0.45890438324262556 1.2698783846313435
 4.102564102564102 5 4 5 2 63 0]
[3.9922420577965636 'Spatial' 1 0.45890438324262556 1.2698783846313435
 1.5384615384615385 5 4 5 3 63 0]
[3.938930670310755 'Spatial' 1 0.45890438324262556 1.2698783846313435
 0.6940170940170939 5 4 5 4 63 0]
[3.7790091392990806 'Spatial' 1 0.45890438324262556 1.2698783846313435
 2.12991452991453 5 4 5 5 63 0]
[3.8736821564425203 'Spatial' 1 0.45890438324262556 1.2698783846313435
 1.0017094017094017 5 4 5 6 63 0]
[2.9952973000334273 'Spatial' 1 0.45890438324262556 1.2698783846313435
 1.8461538461538463 5 4 5 7 63 0]
[4.041054592671084 'Spatial' 1 0.45890438324262556 1.2698783846313435
 0.10256410256410256 5 4 5 8 0 0]
[2.610665776978757 'Spatial' 1 0.45890438324262556 1.2698783846313435
 2.871794871794872 5 4 5 9 3 0]
[1.9332910163526837 'Spatial' 1 0.45890438324262556 1.2698783846313435
 2.4615384615384617 5 4 5 10 63 0]
[1.682685717746378 'Spatial' 1 0.45890438324262556 1.2698783846313435
 2.3008547008547007 5 4 5 11 63 0]
[0.6609026834209935 'Spatial' 1 0.45890438324262556 1.2698783846313435
 0.7965811965811965 5 4 5 12 63 0]
[0.11237948777451712 'Spatial' 1 0.45890438324262556 1.2698783846313435
 0.717948717948718 5 4 5 13 62 0]
[0.016422801770212797 'Spatial' 1 0.45890438324262556 1.2698783846313435
 0.6598290598290598 5 4 5 14 63 0]
[0.0025785715733455923 'Spatial' 1 0.45890438324262556 1.2698783846313435
 0.6153846153846153 5 4 5 15 55 0]
[0.0007203418113005167 'Spatial' 1 0.45890438324262556 1.2698783846313435
 0.5572649572649572 5 4 5 16 55 0]
[1.512919549707258 'Spatial' 1 0.45890438324262556 1.2698783846313435
 1.8222222222222222 5 4 5 17 63 0]
[0.0 'Spatial' 1 0.45890438324262556 1.2698783846313435 0.0 5 4 6 0 47 0]
[3.7515788095588603 'Spatial' 1 0.45890438324262556 1.2698783846313435
 4.102564102564102 5 4 6 1 63 0]
[3.229860311060587 'Spatial' 1 0.45890438324262556 1.2698783846313435
 4.102564102564102 5 4 6 2 63 0]
[3.9922420577965636 'Spatial' 1 0.45890438324262556 1.2698783846313435
 1.5384615384615385 5 4 6 3 63 0]
[3.938930670310755 'Spatial' 1 0.45890438324262556 1.2698783846313435
 0.6940170940170939 5 4 6 4 63 0]
[3.7790091392990806 'Spatial' 1 0.45890438324262556 1.2698783846313435
 2.12991452991453 5 4 6 5 63 0]
[3.8736821564425203 'Spatial' 1 0.45890438324262556 1.2698783846313435
 1.0017094017094017 5 4 6 6 55 0]
[2.9952973000334273 'Spatial' 1 0.45890438324262556 1.2698783846313435
 1.8461538461538463 5 4 6 7 55 0]
[4.041054592671084 'Spatial' 1 0.45890438324262556 1.2698783846313435
 0.10256410256410256 5 4 6 8 63 0]
[2.610665776978757 'Spatial' 1 0.45890438324262556 1.2698783846313435
 2.871794871794872 5 4 6 9 63 0]
[1.9332910163526837 'Spatial' 1 0.45890438324262556 1.2698783846313435
 2.4615384615384617 5 4 6 10 63 0]
[1.682685717746378 'Spatial' 1 0.45890438324262556 1.2698783846313435
 2.3008547008547007 5 4 6 11 62 0]
[0.6609026834209935 'Spatial' 1 0.45890438324262556 1.2698783846313435
 0.7965811965811965 5 4 6 12 63 0]
[0.11237948777451712 'Spatial' 1 0.45890438324262556 1.2698783846313435
 0.717948717948718 5 4 6 13 55 0]
[0.016422801770212797 'Spatial' 1 0.45890438324262556 1.2698783846313435
 0.6598290598290598 5 4 6 14 63 0]
[0.0025785715733455923 'Spatial' 1 0.45890438324262556 1.2698783846313435
 0.6153846153846153 5 4 6 15 59 0]
[0.0007203418113005167 'Spatial' 1 0.45890438324262556 1.2698783846313435
 0.5572649572649572 5 4 6 16 0 0]
[1.512919549707258 'Spatial' 1 0.45890438324262556 1.2698783846313435
 1.8222222222222222 5 4 6 17 63 0]
[0.0 'Spatial' 1 0.45890438324262556 1.2698783846313435 0.0 5 4 7 0 63 0]
[3.7515788095588603 'Spatial' 1 0.45890438324262556 1.2698783846313435
 4.102564102564102 5 4 7 1 63 0]
[3.229860311060587 'Spatial' 1 0.45890438324262556 1.2698783846313435
 4.102564102564102 5 4 7 2 63 0]
[3.9922420577965636 'Spatial' 1 0.45890438324262556 1.2698783846313435
 1.5384615384615385 5 4 7 3 63 0]
[3.938930670310755 'Spatial' 1 0.45890438324262556 1.2698783846313435
 0.6940170940170939 5 4 7 4 63 0]
[3.7790091392990806 'Spatial' 1 0.45890438324262556 1.2698783846313435
 2.12991452991453 5 4 7 5 63 0]
[3.8736821564425203 'Spatial' 1 0.45890438324262556 1.2698783846313435
 1.0017094017094017 5 4 7 6 62 0]
[2.9952973000334273 'Spatial' 1 0.45890438324262556 1.2698783846313435
 1.8461538461538463 5 4 7 7 55 0]
[4.041054592671084 'Spatial' 1 0.45890438324262556 1.2698783846313435
 0.10256410256410256 5 4 7 8 63 0]
[2.610665776978757 'Spatial' 1 0.45890438324262556 1.2698783846313435
 2.871794871794872 5 4 7 9 63 0]
[1.9332910163526837 'Spatial' 1 0.45890438324262556 1.2698783846313435
 2.4615384615384617 5 4 7 10 63 0]
[1.682685717746378 'Spatial' 1 0.45890438324262556 1.2698783846313435
 2.3008547008547007 5 4 7 11 63 0]
[0.6609026834209935 'Spatial' 1 0.45890438324262556 1.2698783846313435
 0.7965811965811965 5 4 7 12 63 0]
[0.11237948777451712 'Spatial' 1 0.45890438324262556 1.2698783846313435
 0.717948717948718 5 4 7 13 7 0]
[0.016422801770212797 'Spatial' 1 0.45890438324262556 1.2698783846313435
 0.6598290598290598 5 4 7 14 56 0]
[0.0025785715733455923 'Spatial' 1 0.45890438324262556 1.2698783846313435
 0.6153846153846153 5 4 7 15 0 0]
[0.0007203418113005167 'Spatial' 1 0.45890438324262556 1.2698783846313435
 0.5572649572649572 5 4 7 16 6 0]
[1.512919549707258 'Spatial' 1 0.45890438324262556 1.2698783846313435
 1.8222222222222222 5 4 7 17 15 0]
[0.0 'Spatial' 1 0.45890438324262556 1.2698783846313435 0.0 5 4 8 0 7 0]
[3.7515788095588603 'Spatial' 1 0.45890438324262556 1.2698783846313435
 4.102564102564102 5 4 8 1 13 0]
[3.229860311060587 'Spatial' 1 0.45890438324262556 1.2698783846313435
 4.102564102564102 5 4 8 2 6 0]
[3.9922420577965636 'Spatial' 1 0.45890438324262556 1.2698783846313435
 1.5384615384615385 5 4 8 3 3 0]
[3.938930670310755 'Spatial' 1 0.45890438324262556 1.2698783846313435
 0.6940170940170939 5 4 8 4 5 0]
[3.7790091392990806 'Spatial' 1 0.45890438324262556 1.2698783846313435
 2.12991452991453 5 4 8 5 7 0]
[3.8736821564425203 'Spatial' 1 0.45890438324262556 1.2698783846313435
 1.0017094017094017 5 4 8 6 15 0]
[2.9952973000334273 'Spatial' 1 0.45890438324262556 1.2698783846313435
 1.8461538461538463 5 4 8 7 6 0]
[4.041054592671084 'Spatial' 1 0.45890438324262556 1.2698783846313435
 0.10256410256410256 5 4 8 8 6 0]
[2.610665776978757 'Spatial' 1 0.45890438324262556 1.2698783846313435
 2.871794871794872 5 4 8 9 26 0]
[1.9332910163526837 'Spatial' 1 0.45890438324262556 1.2698783846313435
 2.4615384615384617 5 4 8 10 61 0]
[1.682685717746378 'Spatial' 1 0.45890438324262556 1.2698783846313435
 2.3008547008547007 5 4 8 11 63 0]
[0.6609026834209935 'Spatial' 1 0.45890438324262556 1.2698783846313435
 0.7965811965811965 5 4 8 12 23 0]
[0.11237948777451712 'Spatial' 1 0.45890438324262556 1.2698783846313435
 0.717948717948718 5 4 8 13 19 0]
[0.016422801770212797 'Spatial' 1 0.45890438324262556 1.2698783846313435
 0.6598290598290598 5 4 8 14 63 0]
[0.0025785715733455923 'Spatial' 1 0.45890438324262556 1.2698783846313435
 0.6153846153846153 5 4 8 15 56 0]
[0.0007203418113005167 'Spatial' 1 0.45890438324262556 1.2698783846313435
 0.5572649572649572 5 4 8 16 56 0]
[1.512919549707258 'Spatial' 1 0.45890438324262556 1.2698783846313435
 1.8222222222222222 5 4 8 17 56 0]
