[0.0 'Conceptual' 0 0.03647459574193609 95.13918406589502 0.0 45 3 0 0 52
 1]
[4.131560856293297 'Conceptual' 0 0.03647459574193609 95.13918406589502
 0.28376068376068375 45 3 0 1 11 1]
[4.110492467470579 'Conceptual' 0 0.03647459574193609 95.13918406589502
 0.3076923076923077 45 3 0 2 4 1]
[0.000629801633309997 'Conceptual' 0 0.03647459574193609 95.13918406589502
 0.923076923076923 45 3 0 3 5 1]
[0.000629801633309997 'Conceptual' 0 0.03647459574193609 95.13918406589502
 0.10256410256410256 45 3 0 4 6 1]
[0.000629801633309997 'Conceptual' 0 0.03647459574193609 95.13918406589502
 0.10256410256410256 45 3 0 5 5 1]
[0.000629801633309997 'Conceptual' 0 0.03647459574193609 95.13918406589502
 0.10256410256410256 45 3 0 6 5 1]
[0.000629801633309997 'Conceptual' 0 0.03647459574193609 95.13918406589502
 0.10256410256410256 45 3 0 7 5 1]
[0.000629801633309997 'Conceptual' 0 0.03647459574193609 95.13918406589502
 0.10256410256410256 45 3 0 8 5 1]
[0.000629801633309997 'Conceptual' 0 0.03647459574193609 95.13918406589502
 0.10256410256410256 45 3 0 9 5 1]
[0.000629801633309997 'Conceptual' 0 0.03647459574193609 95.13918406589502
 0.10256410256410256 45 3 0 10 5 1]
[0.6934571325198734 'Conceptual' 0 0.03647459574193609 95.13918406589502
 0.6153846153846153 45 3 0 11 5 1]
[0.000629801633309997 'Conceptual' 0 0.03647459574193609 95.13918406589502
 0.10256410256410256 45 3 0 12 5 1]
[0.000629801633309997 'Conceptual' 0 0.03647459574193609 95.13918406589502
 0.10256410256410256 45 3 0 13 5 1]
[1.0988156013320227 'Conceptual' 0 0.03647459574193609 95.13918406589502
 0.717948717948718 45 3 0 14 5 1]
[0.000629801633309997 'Conceptual' 0 0.03647459574193609 95.13918406589502
 0.10256410256410256 45 3 0 15 5 1]
[0.6934571325198734 'Conceptual' 0 0.03647459574193609 95.13918406589502
 0.4205128205128205 45 3 0 16 5 1]
[0.6934571325198734 'Conceptual' 0 0.03647459574193609 95.13918406589502
 0.10256410256410256 45 3 0 17 5 1]
[0.0 'Conceptual' 0 0.03647459574193609 95.13918406589502 0.0 45 3 1 0 5 1]
[4.131560856293297 'Conceptual' 0 0.03647459574193609 95.13918406589502
 0.28376068376068375 45 3 1 1 5 1]
[4.110492467470579 'Conceptual' 0 0.03647459574193609 95.13918406589502
 0.3076923076923077 45 3 1 2 26 1]
[0.000629801633309997 'Conceptual' 0 0.03647459574193609 95.13918406589502
 0.923076923076923 45 3 1 3 1 1]
[0.000629801633309997 'Conceptual' 0 0.03647459574193609 95.13918406589502
 0.10256410256410256 45 3 1 4 0 1]
[0.000629801633309997 'Conceptual' 0 0.03647459574193609 95.13918406589502
 0.10256410256410256 45 3 1 5 0 1]
[0.000629801633309997 'Conceptual' 0 0.03647459574193609 95.13918406589502
 0.10256410256410256 45 3 1 6 1 1]
[0.000629801633309997 'Conceptual' 0 0.03647459574193609 95.13918406589502
 0.10256410256410256 45 3 1 7 1 1]
[0.000629801633309997 'Conceptual' 0 0.03647459574193609 95.13918406589502
 0.10256410256410256 45 3 1 8 1 1]
[0.000629801633309997 'Conceptual' 0 0.03647459574193609 95.13918406589502
 0.10256410256410256 45 3 1 9 1 1]
[0.000629801633309997 'Conceptual' 0 0.03647459574193609 95.13918406589502
 0.10256410256410256 45 3 1 10 1 1]
[0.6934571325198734 'Conceptual' 0 0.03647459574193609 95.13918406589502
 0.6153846153846153 45 3 1 11 1 1]
[0.000629801633309997 'Conceptual' 0 0.03647459574193609 95.13918406589502
 0.10256410256410256 45 3 1 12 1 1]
[0.000629801633309997 'Conceptual' 0 0.03647459574193609 95.13918406589502
 0.10256410256410256 45 3 1 13 1 1]
[1.0988156013320227 'Conceptual' 0 0.03647459574193609 95.13918406589502
 0.717948717948718 45 3 1 14 1 1]
[0.000629801633309997 'Conceptual' 0 0.03647459574193609 95.13918406589502
 0.10256410256410256 45 3 1 15 1 1]
[0.6934571325198734 'Conceptual' 0 0.03647459574193609 95.13918406589502
 0.4205128205128205 45 3 1 16 1 1]
[0.6934571325198734 'Conceptual' 0 0.03647459574193609 95.13918406589502
 0.10256410256410256 45 3 1 17 1 1]
[0.0 'Conceptual' 0 0.03647459574193609 95.13918406589502 0.0 45 3 2 0 1 1]
[4.131560856293297 'Conceptual' 0 0.03647459574193609 95.13918406589502
 0.28376068376068375 45 3 2 1 1 1]
[4.110492467470579 'Conceptual' 0 0.03647459574193609 95.13918406589502
 0.3076923076923077 45 3 2 2 1 1]
[0.000629801633309997 'Conceptual' 0 0.03647459574193609 95.13918406589502
 0.923076923076923 45 3 2 3 1 1]
[0.000629801633309997 'Conceptual' 0 0.03647459574193609 95.13918406589502
 0.10256410256410256 45 3 2 4 26 1]
[0.000629801633309997 'Conceptual' 0 0.03647459574193609 95.13918406589502
 0.10256410256410256 45 3 2 5 34 1]
[0.000629801633309997 'Conceptual' 0 0.03647459574193609 95.13918406589502
 0.10256410256410256 45 3 2 6 50 1]
[0.000629801633309997 'Conceptual' 0 0.03647459574193609 95.13918406589502
 0.10256410256410256 45 3 2 7 42 1]
[0.000629801633309997 'Conceptual' 0 0.03647459574193609 95.13918406589502
 0.10256410256410256 45 3 2 8 50 1]
[0.000629801633309997 'Conceptual' 0 0.03647459574193609 95.13918406589502
 0.10256410256410256 45 3 2 9 34 1]
[0.000629801633309997 'Conceptual' 0 0.03647459574193609 95.13918406589502
 0.10256410256410256 45 3 2 10 42 1]
[0.6934571325198734 'Conceptual' 0 0.03647459574193609 95.13918406589502
 0.6153846153846153 45 3 2 11 42 1]
[0.000629801633309997 'Conceptual' 0 0.03647459574193609 95.13918406589502
 0.10256410256410256 45 3 2 12 50 1]
[0.000629801633309997 'Conceptual' 0 0.03647459574193609 95.13918406589502
 0.10256410256410256 45 3 2 13 49 1]
[1.0988156013320227 'Conceptual' 0 0.03647459574193609 95.13918406589502
 0.717948717948718 45 3 2 14 42 1]
[0.000629801633309997 'Conceptual' 0 0.03647459574193609 95.13918406589502
 0.10256410256410256 45 3 2 15 42 1]
[0.6934571325198734 'Conceptual' 0 0.03647459574193609 95.13918406589502
 0.4205128205128205 45 3 2 16 50 1]
[0.6934571325198734 'Conceptual' 0 0.03647459574193609 95.13918406589502
 0.10256410256410256 45 3 2 17 41 1]
[0.0 'Conceptual' 0 0.03647459574193609 95.13918406589502 0.0 45 3 4 0 42
 1]
[4.131560856293297 'Conceptual' 0 0.03647459574193609 95.13918406589502
 0.28376068376068375 45 3 4 1 50 1]
[4.110492467470579 'Conceptual' 0 0.03647459574193609 95.13918406589502
 0.3076923076923077 45 3 4 2 49 1]
[0.000629801633309997 'Conceptual' 0 0.03647459574193609 95.13918406589502
 0.923076923076923 45 3 4 3 50 1]
[0.000629801633309997 'Conceptual' 0 0.03647459574193609 95.13918406589502
 0.10256410256410256 45 3 4 4 50 1]
[0.000629801633309997 'Conceptual' 0 0.03647459574193609 95.13918406589502
 0.10256410256410256 45 3 4 5 49 1]
[0.000629801633309997 'Conceptual' 0 0.03647459574193609 95.13918406589502
 0.10256410256410256 45 3 4 6 30 1]
[0.000629801633309997 'Conceptual' 0 0.03647459574193609 95.13918406589502
 0.10256410256410256 45 3 4 7 46 1]
[0.000629801633309997 'Conceptual' 0 0.03647459574193609 95.13918406589502
 0.10256410256410256 45 3 4 8 14 1]
[0.000629801633309997 'Conceptual' 0 0.03647459574193609 95.13918406589502
 0.10256410256410256 45 3 4 9 14 1]
[0.000629801633309997 'Conceptual' 0 0.03647459574193609 95.13918406589502
 0.10256410256410256 45 3 4 10 14 1]
[0.6934571325198734 'Conceptual' 0 0.03647459574193609 95.13918406589502
 0.6153846153846153 45 3 4 11 14 1]
[0.000629801633309997 'Conceptual' 0 0.03647459574193609 95.13918406589502
 0.10256410256410256 45 3 4 12 14 1]
[0.000629801633309997 'Conceptual' 0 0.03647459574193609 95.13918406589502
 0.10256410256410256 45 3 4 13 6 1]
[1.0988156013320227 'Conceptual' 0 0.03647459574193609 95.13918406589502
 0.717948717948718 45 3 4 14 14 1]
[0.000629801633309997 'Conceptual' 0 0.03647459574193609 95.13918406589502
 0.10256410256410256 45 3 4 15 15 1]
[0.6934571325198734 'Conceptual' 0 0.03647459574193609 95.13918406589502
 0.4205128205128205 45 3 4 16 14 1]
[0.6934571325198734 'Conceptual' 0 0.03647459574193609 95.13918406589502
 0.10256410256410256 45 3 4 17 14 1]
[0.0 'Conceptual' 0 0.03647459574193609 95.13918406589502 0.0 45 3 5 0 14
 1]
[4.131560856293297 'Conceptual' 0 0.03647459574193609 95.13918406589502
 0.28376068376068375 45 3 5 1 14 1]
[4.110492467470579 'Conceptual' 0 0.03647459574193609 95.13918406589502
 0.3076923076923077 45 3 5 2 14 1]
[0.000629801633309997 'Conceptual' 0 0.03647459574193609 95.13918406589502
 0.923076923076923 45 3 5 3 14 1]
[0.000629801633309997 'Conceptual' 0 0.03647459574193609 95.13918406589502
 0.10256410256410256 45 3 5 4 14 1]
[0.000629801633309997 'Conceptual' 0 0.03647459574193609 95.13918406589502
 0.10256410256410256 45 3 5 5 14 1]
[0.000629801633309997 'Conceptual' 0 0.03647459574193609 95.13918406589502
 0.10256410256410256 45 3 5 6 14 1]
[0.000629801633309997 'Conceptual' 0 0.03647459574193609 95.13918406589502
 0.10256410256410256 45 3 5 7 14 1]
[0.000629801633309997 'Conceptual' 0 0.03647459574193609 95.13918406589502
 0.10256410256410256 45 3 5 8 25 1]
[0.000629801633309997 'Conceptual' 0 0.03647459574193609 95.13918406589502
 0.10256410256410256 45 3 5 9 9 1]
[0.000629801633309997 'Conceptual' 0 0.03647459574193609 95.13918406589502
 0.10256410256410256 45 3 5 10 57 1]
[0.6934571325198734 'Conceptual' 0 0.03647459574193609 95.13918406589502
 0.6153846153846153 45 3 5 11 33 1]
[0.000629801633309997 'Conceptual' 0 0.03647459574193609 95.13918406589502
 0.10256410256410256 45 3 5 12 33 1]
[0.000629801633309997 'Conceptual' 0 0.03647459574193609 95.13918406589502
 0.10256410256410256 45 3 5 13 41 1]
[1.0988156013320227 'Conceptual' 0 0.03647459574193609 95.13918406589502
 0.717948717948718 45 3 5 14 41 1]
[0.000629801633309997 'Conceptual' 0 0.03647459574193609 95.13918406589502
 0.10256410256410256 45 3 5 15 33 1]
[0.6934571325198734 'Conceptual' 0 0.03647459574193609 95.13918406589502
 0.4205128205128205 45 3 5 16 41 1]
[0.6934571325198734 'Conceptual' 0 0.03647459574193609 95.13918406589502
 0.10256410256410256 45 3 5 17 41 1]
[0.0 'Conceptual' 0 0.03647459574193609 95.13918406589502 0.0 45 3 6 0 41
 1]
[4.131560856293297 'Conceptual' 0 0.03647459574193609 95.13918406589502
 0.28376068376068375 45 3 6 1 33 1]
[4.110492467470579 'Conceptual' 0 0.03647459574193609 95.13918406589502
 0.3076923076923077 45 3 6 2 33 1]
[0.000629801633309997 'Conceptual' 0 0.03647459574193609 95.13918406589502
 0.923076923076923 45 3 6 3 41 1]
[0.000629801633309997 'Conceptual' 0 0.03647459574193609 95.13918406589502
 0.10256410256410256 45 3 6 4 41 1]
[0.000629801633309997 'Conceptual' 0 0.03647459574193609 95.13918406589502
 0.10256410256410256 45 3 6 5 41 1]
[0.000629801633309997 'Conceptual' 0 0.03647459574193609 95.13918406589502
 0.10256410256410256 45 3 6 6 41 1]
[0.000629801633309997 'Conceptual' 0 0.03647459574193609 95.13918406589502
 0.10256410256410256 45 3 6 7 49 1]
[0.000629801633309997 'Conceptual' 0 0.03647459574193609 95.13918406589502
 0.10256410256410256 45 3 6 8 41 1]
[0.000629801633309997 'Conceptual' 0 0.03647459574193609 95.13918406589502
 0.10256410256410256 45 3 6 9 41 1]
[0.000629801633309997 'Conceptual' 0 0.03647459574193609 95.13918406589502
 0.10256410256410256 45 3 6 10 44 1]
[0.6934571325198734 'Conceptual' 0 0.03647459574193609 95.13918406589502
 0.6153846153846153 45 3 6 11 17 1]
[0.000629801633309997 'Conceptual' 0 0.03647459574193609 95.13918406589502
 0.10256410256410256 45 3 6 12 3 1]
[0.000629801633309997 'Conceptual' 0 0.03647459574193609 95.13918406589502
 0.10256410256410256 45 3 6 13 46 1]
[1.0988156013320227 'Conceptual' 0 0.03647459574193609 95.13918406589502
 0.717948717948718 45 3 6 14 25 1]
[0.000629801633309997 'Conceptual' 0 0.03647459574193609 95.13918406589502
 0.10256410256410256 45 3 6 15 17 1]
[0.6934571325198734 'Conceptual' 0 0.03647459574193609 95.13918406589502
 0.4205128205128205 45 3 6 16 17 1]
[0.6934571325198734 'Conceptual' 0 0.03647459574193609 95.13918406589502
 0.10256410256410256 45 3 6 17 9 1]
[0.0 'Conceptual' 0 0.03647459574193609 95.13918406589502 0.0 45 3 7 0 1 1]
[4.131560856293297 'Conceptual' 0 0.03647459574193609 95.13918406589502
 0.28376068376068375 45 3 7 1 1 1]
[4.110492467470579 'Conceptual' 0 0.03647459574193609 95.13918406589502
 0.3076923076923077 45 3 7 2 2 1]
[0.000629801633309997 'Conceptual' 0 0.03647459574193609 95.13918406589502
 0.923076923076923 45 3 7 3 1 1]
[0.000629801633309997 'Conceptual' 0 0.03647459574193609 95.13918406589502
 0.10256410256410256 45 3 7 4 0 1]
[0.000629801633309997 'Conceptual' 0 0.03647459574193609 95.13918406589502
 0.10256410256410256 45 3 7 5 0 1]
[0.000629801633309997 'Conceptual' 0 0.03647459574193609 95.13918406589502
 0.10256410256410256 45 3 7 6 0 1]
[0.000629801633309997 'Conceptual' 0 0.03647459574193609 95.13918406589502
 0.10256410256410256 45 3 7 7 0 1]
[0.000629801633309997 'Conceptual' 0 0.03647459574193609 95.13918406589502
 0.10256410256410256 45 3 7 8 0 1]
[0.000629801633309997 'Conceptual' 0 0.03647459574193609 95.13918406589502
 0.10256410256410256 45 3 7 9 0 1]
[0.000629801633309997 'Conceptual' 0 0.03647459574193609 95.13918406589502
 0.10256410256410256 45 3 7 10 0 1]
[0.6934571325198734 'Conceptual' 0 0.03647459574193609 95.13918406589502
 0.6153846153846153 45 3 7 11 0 1]
[0.000629801633309997 'Conceptual' 0 0.03647459574193609 95.13918406589502
 0.10256410256410256 45 3 7 12 38 1]
[0.000629801633309997 'Conceptual' 0 0.03647459574193609 95.13918406589502
 0.10256410256410256 45 3 7 13 57 1]
[1.0988156013320227 'Conceptual' 0 0.03647459574193609 95.13918406589502
 0.717948717948718 45 3 7 14 55 1]
[0.000629801633309997 'Conceptual' 0 0.03647459574193609 95.13918406589502
 0.10256410256410256 45 3 7 15 63 1]
[0.6934571325198734 'Conceptual' 0 0.03647459574193609 95.13918406589502
 0.4205128205128205 45 3 7 16 63 1]
[0.6934571325198734 'Conceptual' 0 0.03647459574193609 95.13918406589502
 0.10256410256410256 45 3 7 17 63 1]
[0.0 'Conceptual' 0 0.03647459574193609 95.13918406589502 0.0 45 3 8 0 63
 1]
[4.131560856293297 'Conceptual' 0 0.03647459574193609 95.13918406589502
 0.28376068376068375 45 3 8 1 55 1]
[4.110492467470579 'Conceptual' 0 0.03647459574193609 95.13918406589502
 0.3076923076923077 45 3 8 2 63 1]
[0.000629801633309997 'Conceptual' 0 0.03647459574193609 95.13918406589502
 0.923076923076923 45 3 8 3 63 1]
[0.000629801633309997 'Conceptual' 0 0.03647459574193609 95.13918406589502
 0.10256410256410256 45 3 8 4 63 1]
[0.000629801633309997 'Conceptual' 0 0.03647459574193609 95.13918406589502
 0.10256410256410256 45 3 8 5 63 1]
[0.000629801633309997 'Conceptual' 0 0.03647459574193609 95.13918406589502
 0.10256410256410256 45 3 8 6 63 1]
[0.000629801633309997 'Conceptual' 0 0.03647459574193609 95.13918406589502
 0.10256410256410256 45 3 8 7 63 1]
[0.000629801633309997 'Conceptual' 0 0.03647459574193609 95.13918406589502
 0.10256410256410256 45 3 8 8 63 1]
[0.000629801633309997 'Conceptual' 0 0.03647459574193609 95.13918406589502
 0.10256410256410256 45 3 8 9 63 1]
[0.000629801633309997 'Conceptual' 0 0.03647459574193609 95.13918406589502
 0.10256410256410256 45 3 8 10 63 1]
[0.6934571325198734 'Conceptual' 0 0.03647459574193609 95.13918406589502
 0.6153846153846153 45 3 8 11 63 1]
[0.000629801633309997 'Conceptual' 0 0.03647459574193609 95.13918406589502
 0.10256410256410256 45 3 8 12 63 1]
[0.000629801633309997 'Conceptual' 0 0.03647459574193609 95.13918406589502
 0.10256410256410256 45 3 8 13 63 1]
[1.0988156013320227 'Conceptual' 0 0.03647459574193609 95.13918406589502
 0.717948717948718 45 3 8 14 8 1]
[0.000629801633309997 'Conceptual' 0 0.03647459574193609 95.13918406589502
 0.10256410256410256 45 3 8 15 12 1]
[0.6934571325198734 'Conceptual' 0 0.03647459574193609 95.13918406589502
 0.4205128205128205 45 3 8 16 5 1]
[0.6934571325198734 'Conceptual' 0 0.03647459574193609 95.13918406589502
 0.10256410256410256 45 3 8 17 12 1]
