[0.0 'Spatial' 1 0.14762950087815485 0.11704022950332882 0.0 46 8 0 0 0 1]
[4.011829022651993 'Spatial' 1 0.14762950087815485 0.11704022950332882
 4.102564102564102 46 8 0 1 7 1]
[2.995420169451038 'Spatial' 1 0.14762950087815485 0.11704022950332882
 1.5829059829059828 46 8 0 2 15 1]
[2.135126228323642 'Spatial' 1 0.14762950087815485 0.11704022950332882
 2.3008547008547007 46 8 0 3 14 1]
[3.135712276230034 'Spatial' 1 0.14762950087815485 0.11704022950332882
 4.102564102564102 46 8 0 4 21 1]
[0.40248013903600555 'Spatial' 1 0.14762950087815485 0.11704022950332882
 1.1726495726495727 46 8 0 5 14 1]
[2.711182633025454 'Spatial' 1 0.14762950087815485 0.11704022950332882
 4.102564102564102 46 8 0 6 7 1]
[2.1402671199538212 'Spatial' 1 0.14762950087815485 0.11704022950332882
 3.4871794871794872 46 8 0 7 6 1]
[0.06780366554062864 'Spatial' 1 0.14762950087815485 0.11704022950332882
 0.8205128205128205 46 8 0 8 14 1]
[0.0030442590883054442 'Spatial' 1 0.14762950087815485 0.11704022950332882
 0.5572649572649572 46 8 0 9 14 1]
[0.0006739004634551534 'Spatial' 1 0.14762950087815485 0.11704022950332882
 0.5128205128205128 46 8 0 10 14 1]
[0.0006298016333102192 'Spatial' 1 0.14762950087815485 0.11704022950332882
 0.10256410256410256 46 8 0 11 14 1]
[0.0006298016333102192 'Spatial' 1 0.14762950087815485 0.11704022950332882
 0.10256410256410256 46 8 0 12 14 1]
[0.0006298016333102192 'Spatial' 1 0.14762950087815485 0.11704022950332882
 0.10256410256410256 46 8 0 13 14 1]
[0.0006298016333102192 'Spatial' 1 0.14762950087815485 0.11704022950332882
 0.10256410256410256 46 8 0 14 14 1]
[0.0006298016333102192 'Spatial' 1 0.14762950087815485 0.11704022950332882
 0.10256410256410256 46 8 0 15 14 1]
[0.0006298016333102192 'Spatial' 1 0.14762950087815485 0.11704022950332882
 0.10256410256410256 46 8 0 16 14 1]
[0.0006298016333102192 'Spatial' 1 0.14762950087815485 0.11704022950332882
 0.10256410256410256 46 8 0 17 14 1]
[0.0 'Spatial' 1 0.14762950087815485 0.11704022950332882 0.0 46 8 1 0 14 1]
[4.011829022651993 'Spatial' 1 0.14762950087815485 0.11704022950332882
 4.102564102564102 46 8 1 1 14 1]
[2.995420169451038 'Spatial' 1 0.14762950087815485 0.11704022950332882
 1.5829059829059828 46 8 1 2 63 1]
[2.135126228323642 'Spatial' 1 0.14762950087815485 0.11704022950332882
 2.3008547008547007 46 8 1 3 56 1]
[3.135712276230034 'Spatial' 1 0.14762950087815485 0.11704022950332882
 4.102564102564102 46 8 1 4 7 1]
[0.40248013903600555 'Spatial' 1 0.14762950087815485 0.11704022950332882
 1.1726495726495727 46 8 1 5 14 1]
[2.711182633025454 'Spatial' 1 0.14762950087815485 0.11704022950332882
 4.102564102564102 46 8 1 6 21 1]
[2.1402671199538212 'Spatial' 1 0.14762950087815485 0.11704022950332882
 3.4871794871794872 46 8 1 7 12 1]
[0.06780366554062864 'Spatial' 1 0.14762950087815485 0.11704022950332882
 0.8205128205128205 46 8 1 8 0 1]
[0.0030442590883054442 'Spatial' 1 0.14762950087815485 0.11704022950332882
 0.5572649572649572 46 8 1 9 6 1]
[0.0006739004634551534 'Spatial' 1 0.14762950087815485 0.11704022950332882
 0.5128205128205128 46 8 1 10 4 1]
[0.0006298016333102192 'Spatial' 1 0.14762950087815485 0.11704022950332882
 0.10256410256410256 46 8 1 11 7 1]
[0.0006298016333102192 'Spatial' 1 0.14762950087815485 0.11704022950332882
 0.10256410256410256 46 8 1 12 7 1]
[0.0006298016333102192 'Spatial' 1 0.14762950087815485 0.11704022950332882
 0.10256410256410256 46 8 1 13 15 1]
[0.0006298016333102192 'Spatial' 1 0.14762950087815485 0.11704022950332882
 0.10256410256410256 46 8 1 14 15 1]
[0.0006298016333102192 'Spatial' 1 0.14762950087815485 0.11704022950332882
 0.10256410256410256 46 8 1 15 23 1]
[0.0006298016333102192 'Spatial' 1 0.14762950087815485 0.11704022950332882
 0.10256410256410256 46 8 1 16 22 1]
[0.0006298016333102192 'Spatial' 1 0.14762950087815485 0.11704022950332882
 0.10256410256410256 46 8 1 17 15 1]
[0.0 'Spatial' 1 0.14762950087815485 0.11704022950332882 0.0 46 8 2 0 23 1]
[4.011829022651993 'Spatial' 1 0.14762950087815485 0.11704022950332882
 4.102564102564102 46 8 2 1 31 1]
[2.995420169451038 'Spatial' 1 0.14762950087815485 0.11704022950332882
 1.5829059829059828 46 8 2 2 15 1]
[2.135126228323642 'Spatial' 1 0.14762950087815485 0.11704022950332882
 2.3008547008547007 46 8 2 3 15 1]
[3.135712276230034 'Spatial' 1 0.14762950087815485 0.11704022950332882
 4.102564102564102 46 8 2 4 31 1]
[0.40248013903600555 'Spatial' 1 0.14762950087815485 0.11704022950332882
 1.1726495726495727 46 8 2 5 16 1]
[2.711182633025454 'Spatial' 1 0.14762950087815485 0.11704022950332882
 4.102564102564102 46 8 2 6 16 1]
[2.1402671199538212 'Spatial' 1 0.14762950087815485 0.11704022950332882
 3.4871794871794872 46 8 2 7 16 1]
[0.06780366554062864 'Spatial' 1 0.14762950087815485 0.11704022950332882
 0.8205128205128205 46 8 2 8 16 1]
[0.0030442590883054442 'Spatial' 1 0.14762950087815485 0.11704022950332882
 0.5572649572649572 46 8 2 9 16 1]
[0.0006739004634551534 'Spatial' 1 0.14762950087815485 0.11704022950332882
 0.5128205128205128 46 8 2 10 16 1]
[0.0006298016333102192 'Spatial' 1 0.14762950087815485 0.11704022950332882
 0.10256410256410256 46 8 2 11 16 1]
[0.0006298016333102192 'Spatial' 1 0.14762950087815485 0.11704022950332882
 0.10256410256410256 46 8 2 12 16 1]
[0.0006298016333102192 'Spatial' 1 0.14762950087815485 0.11704022950332882
 0.10256410256410256 46 8 2 13 16 1]
[0.0006298016333102192 'Spatial' 1 0.14762950087815485 0.11704022950332882
 0.10256410256410256 46 8 2 14 16 1]
[0.0006298016333102192 'Spatial' 1 0.14762950087815485 0.11704022950332882
 0.10256410256410256 46 8 2 15 16 1]
[0.0006298016333102192 'Spatial' 1 0.14762950087815485 0.11704022950332882
 0.10256410256410256 46 8 2 16 16 1]
[0.0006298016333102192 'Spatial' 1 0.14762950087815485 0.11704022950332882
 0.10256410256410256 46 8 2 17 24 1]
[0.0 'Spatial' 1 0.14762950087815485 0.11704022950332882 0.0 46 8 3 0 16 1]
[4.011829022651993 'Spatial' 1 0.14762950087815485 0.11704022950332882
 4.102564102564102 46 8 3 1 16 1]
[2.995420169451038 'Spatial' 1 0.14762950087815485 0.11704022950332882
 1.5829059829059828 46 8 3 2 8 1]
[2.135126228323642 'Spatial' 1 0.14762950087815485 0.11704022950332882
 2.3008547008547007 46 8 3 3 16 1]
[3.135712276230034 'Spatial' 1 0.14762950087815485 0.11704022950332882
 4.102564102564102 46 8 3 4 16 1]
[0.40248013903600555 'Spatial' 1 0.14762950087815485 0.11704022950332882
 1.1726495726495727 46 8 3 5 16 1]
[2.711182633025454 'Spatial' 1 0.14762950087815485 0.11704022950332882
 4.102564102564102 46 8 3 6 16 1]
[2.1402671199538212 'Spatial' 1 0.14762950087815485 0.11704022950332882
 3.4871794871794872 46 8 3 7 8 1]
[0.06780366554062864 'Spatial' 1 0.14762950087815485 0.11704022950332882
 0.8205128205128205 46 8 3 8 32 1]
[0.0030442590883054442 'Spatial' 1 0.14762950087815485 0.11704022950332882
 0.5572649572649572 46 8 3 9 17 1]
[0.0006739004634551534 'Spatial' 1 0.14762950087815485 0.11704022950332882
 0.5128205128205128 46 8 3 10 25 1]
[0.0006298016333102192 'Spatial' 1 0.14762950087815485 0.11704022950332882
 0.10256410256410256 46 8 3 11 10 1]
[0.0006298016333102192 'Spatial' 1 0.14762950087815485 0.11704022950332882
 0.10256410256410256 46 8 3 12 8 1]
[0.0006298016333102192 'Spatial' 1 0.14762950087815485 0.11704022950332882
 0.10256410256410256 46 8 3 13 0 1]
[0.0006298016333102192 'Spatial' 1 0.14762950087815485 0.11704022950332882
 0.10256410256410256 46 8 3 14 8 1]
[0.0006298016333102192 'Spatial' 1 0.14762950087815485 0.11704022950332882
 0.10256410256410256 46 8 3 15 8 1]
[0.0006298016333102192 'Spatial' 1 0.14762950087815485 0.11704022950332882
 0.10256410256410256 46 8 3 16 16 1]
[0.0006298016333102192 'Spatial' 1 0.14762950087815485 0.11704022950332882
 0.10256410256410256 46 8 3 17 8 1]
[0.0 'Spatial' 1 0.14762950087815485 0.11704022950332882 0.0 46 8 4 0 8 1]
[4.011829022651993 'Spatial' 1 0.14762950087815485 0.11704022950332882
 4.102564102564102 46 8 4 1 0 1]
[2.995420169451038 'Spatial' 1 0.14762950087815485 0.11704022950332882
 1.5829059829059828 46 8 4 2 8 1]
[2.135126228323642 'Spatial' 1 0.14762950087815485 0.11704022950332882
 2.3008547008547007 46 8 4 3 8 1]
[3.135712276230034 'Spatial' 1 0.14762950087815485 0.11704022950332882
 4.102564102564102 46 8 4 4 0 1]
[0.40248013903600555 'Spatial' 1 0.14762950087815485 0.11704022950332882
 1.1726495726495727 46 8 4 5 8 1]
[2.711182633025454 'Spatial' 1 0.14762950087815485 0.11704022950332882
 4.102564102564102 46 8 4 6 16 1]
[2.1402671199538212 'Spatial' 1 0.14762950087815485 0.11704022950332882
 3.4871794871794872 46 8 4 7 8 1]
[0.06780366554062864 'Spatial' 1 0.14762950087815485 0.11704022950332882
 0.8205128205128205 46 8 4 8 4 1]
[0.0030442590883054442 'Spatial' 1 0.14762950087815485 0.11704022950332882
 0.5572649572649572 46 8 4 9 59 1]
[0.0006739004634551534 'Spatial' 1 0.14762950087815485 0.11704022950332882
 0.5128205128205128 46 8 4 10 48 1]
[0.0006298016333102192 'Spatial' 1 0.14762950087815485 0.11704022950332882
 0.10256410256410256 46 8 4 11 0 1]
[0.0006298016333102192 'Spatial' 1 0.14762950087815485 0.11704022950332882
 0.10256410256410256 46 8 4 12 63 1]
[0.0006298016333102192 'Spatial' 1 0.14762950087815485 0.11704022950332882
 0.10256410256410256 46 8 4 13 63 1]
[0.0006298016333102192 'Spatial' 1 0.14762950087815485 0.11704022950332882
 0.10256410256410256 46 8 4 14 63 1]
[0.0006298016333102192 'Spatial' 1 0.14762950087815485 0.11704022950332882
 0.10256410256410256 46 8 4 15 63 1]
[0.0006298016333102192 'Spatial' 1 0.14762950087815485 0.11704022950332882
 0.10256410256410256 46 8 4 16 63 1]
[0.0006298016333102192 'Spatial' 1 0.14762950087815485 0.11704022950332882
 0.10256410256410256 46 8 4 17 63 1]
[0.0 'Spatial' 1 0.14762950087815485 0.11704022950332882 0.0 46 8 5 0 63 1]
[4.011829022651993 'Spatial' 1 0.14762950087815485 0.11704022950332882
 4.102564102564102 46 8 5 1 63 1]
[2.995420169451038 'Spatial' 1 0.14762950087815485 0.11704022950332882
 1.5829059829059828 46 8 5 2 54 1]
[2.135126228323642 'Spatial' 1 0.14762950087815485 0.11704022950332882
 2.3008547008547007 46 8 5 3 63 1]
[3.135712276230034 'Spatial' 1 0.14762950087815485 0.11704022950332882
 4.102564102564102 46 8 5 4 63 1]
[0.40248013903600555 'Spatial' 1 0.14762950087815485 0.11704022950332882
 1.1726495726495727 46 8 5 5 63 1]
[2.711182633025454 'Spatial' 1 0.14762950087815485 0.11704022950332882
 4.102564102564102 46 8 5 6 63 1]
[2.1402671199538212 'Spatial' 1 0.14762950087815485 0.11704022950332882
 3.4871794871794872 46 8 5 7 63 1]
[0.06780366554062864 'Spatial' 1 0.14762950087815485 0.11704022950332882
 0.8205128205128205 46 8 5 8 63 1]
[0.0030442590883054442 'Spatial' 1 0.14762950087815485 0.11704022950332882
 0.5572649572649572 46 8 5 9 63 1]
[0.0006739004634551534 'Spatial' 1 0.14762950087815485 0.11704022950332882
 0.5128205128205128 46 8 5 10 63 1]
[0.0006298016333102192 'Spatial' 1 0.14762950087815485 0.11704022950332882
 0.10256410256410256 46 8 5 11 7 1]
[0.0006298016333102192 'Spatial' 1 0.14762950087815485 0.11704022950332882
 0.10256410256410256 46 8 5 12 0 1]
[0.0006298016333102192 'Spatial' 1 0.14762950087815485 0.11704022950332882
 0.10256410256410256 46 8 5 13 56 1]
[0.0006298016333102192 'Spatial' 1 0.14762950087815485 0.11704022950332882
 0.10256410256410256 46 8 5 14 36 1]
[0.0006298016333102192 'Spatial' 1 0.14762950087815485 0.11704022950332882
 0.10256410256410256 46 8 5 15 26 1]
[0.0006298016333102192 'Spatial' 1 0.14762950087815485 0.11704022950332882
 0.10256410256410256 46 8 5 16 20 1]
[0.0006298016333102192 'Spatial' 1 0.14762950087815485 0.11704022950332882
 0.10256410256410256 46 8 5 17 20 1]
[0.0 'Spatial' 1 0.14762950087815485 0.11704022950332882 0.0 46 8 6 0 3 1]
[4.011829022651993 'Spatial' 1 0.14762950087815485 0.11704022950332882
 4.102564102564102 46 8 6 1 4 1]
[2.995420169451038 'Spatial' 1 0.14762950087815485 0.11704022950332882
 1.5829059829059828 46 8 6 2 2 1]
[2.135126228323642 'Spatial' 1 0.14762950087815485 0.11704022950332882
 2.3008547008547007 46 8 6 3 4 1]
[3.135712276230034 'Spatial' 1 0.14762950087815485 0.11704022950332882
 4.102564102564102 46 8 6 4 4 1]
[0.40248013903600555 'Spatial' 1 0.14762950087815485 0.11704022950332882
 1.1726495726495727 46 8 6 5 5 1]
[2.711182633025454 'Spatial' 1 0.14762950087815485 0.11704022950332882
 4.102564102564102 46 8 6 6 3 1]
[2.1402671199538212 'Spatial' 1 0.14762950087815485 0.11704022950332882
 3.4871794871794872 46 8 6 7 4 1]
[0.06780366554062864 'Spatial' 1 0.14762950087815485 0.11704022950332882
 0.8205128205128205 46 8 6 8 5 1]
[0.0030442590883054442 'Spatial' 1 0.14762950087815485 0.11704022950332882
 0.5572649572649572 46 8 6 9 5 1]
[0.0006739004634551534 'Spatial' 1 0.14762950087815485 0.11704022950332882
 0.5128205128205128 46 8 6 10 4 1]
[0.0006298016333102192 'Spatial' 1 0.14762950087815485 0.11704022950332882
 0.10256410256410256 46 8 6 11 4 1]
[0.0006298016333102192 'Spatial' 1 0.14762950087815485 0.11704022950332882
 0.10256410256410256 46 8 6 12 4 1]
[0.0006298016333102192 'Spatial' 1 0.14762950087815485 0.11704022950332882
 0.10256410256410256 46 8 6 13 61 1]
[0.0006298016333102192 'Spatial' 1 0.14762950087815485 0.11704022950332882
 0.10256410256410256 46 8 6 14 7 1]
[0.0006298016333102192 'Spatial' 1 0.14762950087815485 0.11704022950332882
 0.10256410256410256 46 8 6 15 0 1]
[0.0006298016333102192 'Spatial' 1 0.14762950087815485 0.11704022950332882
 0.10256410256410256 46 8 6 16 56 1]
[0.0006298016333102192 'Spatial' 1 0.14762950087815485 0.11704022950332882
 0.10256410256410256 46 8 6 17 60 1]
[0.0 'Spatial' 1 0.14762950087815485 0.11704022950332882 0.0 46 8 7 0 37 1]
[4.011829022651993 'Spatial' 1 0.14762950087815485 0.11704022950332882
 4.102564102564102 46 8 7 1 34 1]
[2.995420169451038 'Spatial' 1 0.14762950087815485 0.11704022950332882
 1.5829059829059828 46 8 7 2 12 1]
[2.135126228323642 'Spatial' 1 0.14762950087815485 0.11704022950332882
 2.3008547008547007 46 8 7 3 7 1]
[3.135712276230034 'Spatial' 1 0.14762950087815485 0.11704022950332882
 4.102564102564102 46 8 7 4 61 1]
[0.40248013903600555 'Spatial' 1 0.14762950087815485 0.11704022950332882
 1.1726495726495727 46 8 7 5 62 1]
[2.711182633025454 'Spatial' 1 0.14762950087815485 0.11704022950332882
 4.102564102564102 46 8 7 6 63 1]
[2.1402671199538212 'Spatial' 1 0.14762950087815485 0.11704022950332882
 3.4871794871794872 46 8 7 7 63 1]
[0.06780366554062864 'Spatial' 1 0.14762950087815485 0.11704022950332882
 0.8205128205128205 46 8 7 8 63 1]
[0.0030442590883054442 'Spatial' 1 0.14762950087815485 0.11704022950332882
 0.5572649572649572 46 8 7 9 63 1]
[0.0006739004634551534 'Spatial' 1 0.14762950087815485 0.11704022950332882
 0.5128205128205128 46 8 7 10 63 1]
[0.0006298016333102192 'Spatial' 1 0.14762950087815485 0.11704022950332882
 0.10256410256410256 46 8 7 11 63 1]
[0.0006298016333102192 'Spatial' 1 0.14762950087815485 0.11704022950332882
 0.10256410256410256 46 8 7 12 63 1]
[0.0006298016333102192 'Spatial' 1 0.14762950087815485 0.11704022950332882
 0.10256410256410256 46 8 7 13 63 1]
[0.0006298016333102192 'Spatial' 1 0.14762950087815485 0.11704022950332882
 0.10256410256410256 46 8 7 14 0 1]
[0.0006298016333102192 'Spatial' 1 0.14762950087815485 0.11704022950332882
 0.10256410256410256 46 8 7 15 63 1]
[0.0006298016333102192 'Spatial' 1 0.14762950087815485 0.11704022950332882
 0.10256410256410256 46 8 7 16 63 1]
[0.0006298016333102192 'Spatial' 1 0.14762950087815485 0.11704022950332882
 0.10256410256410256 46 8 7 17 63 1]
