[0.0 'Conceptual' 1 0.29816966529209504 2.916416785031113e-08 0.0 84 7 0 0
 0 1]
[4.158610672362877 'Conceptual' 1 0.29816966529209504
 2.916416785031113e-08 0.38632478632478634 84 7 0 1 56 1]
[4.158594957432091 'Conceptual' 1 0.29816966529209504
 2.916416785031113e-08 0.20512820512820512 84 7 0 2 7 1]
[4.158563520493417 'Conceptual' 1 0.29816966529209504
 2.916416785031113e-08 0.14017094017094017 84 7 0 3 63 1]
[4.15856352049336 'Conceptual' 1 0.29816966529209504 2.916416785031113e-08
 0.14017094017094017 84 7 0 4 62 1]
[4.158814987096207 'Conceptual' 1 0.29816966529209504
 2.916416785031113e-08 0.8991452991452991 84 7 0 5 60 1]
[4.1588254619034695 'Conceptual' 1 0.29816966529209504
 2.916416785031113e-08 0.7965811965811965 84 7 0 6 54 1]
[3.8361073662458574 'Conceptual' 1 0.29816966529209504
 2.916416785031113e-08 1.7196581196581195 84 7 0 7 62 1]
[3.9940255302011374 'Conceptual' 1 0.29816966529209504
 2.916416785031113e-08 2.6085470085470086 84 7 0 8 62 1]
[3.049808348568346 'Conceptual' 1 0.29816966529209504
 2.916416785031113e-08 2.12991452991453 84 7 0 9 63 1]
[2.150429486527264 'Conceptual' 1 0.29816966529209504
 2.916416785031113e-08 1.5145299145299145 84 7 0 10 55 1]
[2.1396708251002106 'Conceptual' 1 0.29816966529209504
 2.916416785031113e-08 1.411965811965812 84 7 0 11 62 1]
[3.980616784852744 'Conceptual' 1 0.29816966529209504
 2.916416785031113e-08 4.102564102564102 84 7 0 12 62 1]
[2.908357721024647 'Conceptual' 1 0.29816966529209504
 2.916416785031113e-08 4.102564102564102 84 7 0 13 28 1]
[2.643336098120608 'Conceptual' 1 0.29816966529209504
 2.916416785031113e-08 4.102564102564102 84 7 0 14 62 1]
[1.8187716615287282 'Conceptual' 1 0.29816966529209504
 2.916416785031113e-08 0.10256410256410256 84 7 0 15 62 1]
[1.9588778616599918 'Conceptual' 1 0.29816966529209504
 2.916416785031113e-08 3.0188034188034187 84 7 0 16 62 1]
[0.8368161600159864 'Conceptual' 1 0.29816966529209504
 2.916416785031113e-08 0.4888888888888889 84 7 0 17 63 1]
[5.864653473672884 'Conceptual' 1 0.29816966529209504
 2.916416785031113e-08 0.18119658119658122 84 7 0 18 62 1]
[0.28231996348586746 'Conceptual' 1 0.29816966529209504
 2.916416785031113e-08 0.45470085470085464 84 7 0 19 62 1]
[0.0 'Conceptual' 1 0.29816966529209504 2.916416785031113e-08 0.0 84 7 1 0
 7 1]
[4.158610672362877 'Conceptual' 1 0.29816966529209504
 2.916416785031113e-08 0.38632478632478634 84 7 1 1 0 1]
[4.158594957432091 'Conceptual' 1 0.29816966529209504
 2.916416785031113e-08 0.20512820512820512 84 7 1 2 8 1]
[4.158563520493417 'Conceptual' 1 0.29816966529209504
 2.916416785031113e-08 0.14017094017094017 84 7 1 3 16 1]
[4.15856352049336 'Conceptual' 1 0.29816966529209504 2.916416785031113e-08
 0.14017094017094017 84 7 1 4 24 1]
[4.158814987096207 'Conceptual' 1 0.29816966529209504
 2.916416785031113e-08 0.8991452991452991 84 7 1 5 8 1]
[4.1588254619034695 'Conceptual' 1 0.29816966529209504
 2.916416785031113e-08 0.7965811965811965 84 7 1 6 9 1]
[3.8361073662458574 'Conceptual' 1 0.29816966529209504
 2.916416785031113e-08 1.7196581196581195 84 7 1 7 56 1]
[3.9940255302011374 'Conceptual' 1 0.29816966529209504
 2.916416785031113e-08 2.6085470085470086 84 7 1 8 32 1]
[3.049808348568346 'Conceptual' 1 0.29816966529209504
 2.916416785031113e-08 2.12991452991453 84 7 1 9 57 1]
[2.150429486527264 'Conceptual' 1 0.29816966529209504
 2.916416785031113e-08 1.5145299145299145 84 7 1 10 58 1]
[2.1396708251002106 'Conceptual' 1 0.29816966529209504
 2.916416785031113e-08 1.411965811965812 84 7 1 11 57 1]
[3.980616784852744 'Conceptual' 1 0.29816966529209504
 2.916416785031113e-08 4.102564102564102 84 7 1 12 57 1]
[2.908357721024647 'Conceptual' 1 0.29816966529209504
 2.916416785031113e-08 4.102564102564102 84 7 1 13 57 1]
[2.643336098120608 'Conceptual' 1 0.29816966529209504
 2.916416785031113e-08 4.102564102564102 84 7 1 14 49 1]
[1.8187716615287282 'Conceptual' 1 0.29816966529209504
 2.916416785031113e-08 0.10256410256410256 84 7 1 15 57 1]
[1.9588778616599918 'Conceptual' 1 0.29816966529209504
 2.916416785031113e-08 3.0188034188034187 84 7 1 16 57 1]
[0.8368161600159864 'Conceptual' 1 0.29816966529209504
 2.916416785031113e-08 0.4888888888888889 84 7 1 17 57 1]
[5.864653473672884 'Conceptual' 1 0.29816966529209504
 2.916416785031113e-08 0.18119658119658122 84 7 1 18 57 1]
[0.28231996348586746 'Conceptual' 1 0.29816966529209504
 2.916416785031113e-08 0.45470085470085464 84 7 1 19 57 1]
[0.0 'Conceptual' 1 0.29816966529209504 2.916416785031113e-08 0.0 84 7 2 0
 7 1]
[4.158610672362877 'Conceptual' 1 0.29816966529209504
 2.916416785031113e-08 0.38632478632478634 84 7 2 1 63 1]
[4.158594957432091 'Conceptual' 1 0.29816966529209504
 2.916416785031113e-08 0.20512820512820512 84 7 2 2 0 1]
[4.158563520493417 'Conceptual' 1 0.29816966529209504
 2.916416785031113e-08 0.14017094017094017 84 7 2 3 15 1]
[4.15856352049336 'Conceptual' 1 0.29816966529209504 2.916416785031113e-08
 0.14017094017094017 84 7 2 4 6 1]
[4.158814987096207 'Conceptual' 1 0.29816966529209504
 2.916416785031113e-08 0.8991452991452991 84 7 2 5 56 1]
[4.1588254619034695 'Conceptual' 1 0.29816966529209504
 2.916416785031113e-08 0.7965811965811965 84 7 2 6 6 1]
[3.8361073662458574 'Conceptual' 1 0.29816966529209504
 2.916416785031113e-08 1.7196581196581195 84 7 2 7 14 1]
[3.9940255302011374 'Conceptual' 1 0.29816966529209504
 2.916416785031113e-08 2.6085470085470086 84 7 2 8 15 1]
[3.049808348568346 'Conceptual' 1 0.29816966529209504
 2.916416785031113e-08 2.12991452991453 84 7 2 9 6 1]
[2.150429486527264 'Conceptual' 1 0.29816966529209504
 2.916416785031113e-08 1.5145299145299145 84 7 2 10 7 1]
[2.1396708251002106 'Conceptual' 1 0.29816966529209504
 2.916416785031113e-08 1.411965811965812 84 7 2 11 7 1]
[3.980616784852744 'Conceptual' 1 0.29816966529209504
 2.916416785031113e-08 4.102564102564102 84 7 2 12 6 1]
[2.908357721024647 'Conceptual' 1 0.29816966529209504
 2.916416785031113e-08 4.102564102564102 84 7 2 13 6 1]
[2.643336098120608 'Conceptual' 1 0.29816966529209504
 2.916416785031113e-08 4.102564102564102 84 7 2 14 22 1]
[1.8187716615287282 'Conceptual' 1 0.29816966529209504
 2.916416785031113e-08 0.10256410256410256 84 7 2 15 6 1]
[1.9588778616599918 'Conceptual' 1 0.29816966529209504
 2.916416785031113e-08 3.0188034188034187 84 7 2 16 6 1]
[0.8368161600159864 'Conceptual' 1 0.29816966529209504
 2.916416785031113e-08 0.4888888888888889 84 7 2 17 6 1]
[5.864653473672884 'Conceptual' 1 0.29816966529209504
 2.916416785031113e-08 0.18119658119658122 84 7 2 18 6 1]
[0.28231996348586746 'Conceptual' 1 0.29816966529209504
 2.916416785031113e-08 0.45470085470085464 84 7 2 19 6 1]
[0.0 'Conceptual' 1 0.29816966529209504 2.916416785031113e-08 0.0 84 7 3 0
 39 1]
[4.158610672362877 'Conceptual' 1 0.29816966529209504
 2.916416785031113e-08 0.38632478632478634 84 7 3 1 0 1]
[4.158594957432091 'Conceptual' 1 0.29816966529209504
 2.916416785031113e-08 0.20512820512820512 84 7 3 2 56 1]
[4.158563520493417 'Conceptual' 1 0.29816966529209504
 2.916416785031113e-08 0.14017094017094017 84 7 3 3 57 1]
[4.15856352049336 'Conceptual' 1 0.29816966529209504 2.916416785031113e-08
 0.14017094017094017 84 7 3 4 59 1]
[4.158814987096207 'Conceptual' 1 0.29816966529209504
 2.916416785031113e-08 0.8991452991452991 84 7 3 5 59 1]
[4.1588254619034695 'Conceptual' 1 0.29816966529209504
 2.916416785031113e-08 0.7965811965811965 84 7 3 6 61 1]
[3.8361073662458574 'Conceptual' 1 0.29816966529209504
 2.916416785031113e-08 1.7196581196581195 84 7 3 7 51 1]
[3.9940255302011374 'Conceptual' 1 0.29816966529209504
 2.916416785031113e-08 2.6085470085470086 84 7 3 8 58 1]
[3.049808348568346 'Conceptual' 1 0.29816966529209504
 2.916416785031113e-08 2.12991452991453 84 7 3 9 58 1]
[2.150429486527264 'Conceptual' 1 0.29816966529209504
 2.916416785031113e-08 1.5145299145299145 84 7 3 10 58 1]
[2.1396708251002106 'Conceptual' 1 0.29816966529209504
 2.916416785031113e-08 1.411965811965812 84 7 3 11 57 1]
[3.980616784852744 'Conceptual' 1 0.29816966529209504
 2.916416785031113e-08 4.102564102564102 84 7 3 12 58 1]
[2.908357721024647 'Conceptual' 1 0.29816966529209504
 2.916416785031113e-08 4.102564102564102 84 7 3 13 58 1]
[2.643336098120608 'Conceptual' 1 0.29816966529209504
 2.916416785031113e-08 4.102564102564102 84 7 3 14 58 1]
[1.8187716615287282 'Conceptual' 1 0.29816966529209504
 2.916416785031113e-08 0.10256410256410256 84 7 3 15 59 1]
[1.9588778616599918 'Conceptual' 1 0.29816966529209504
 2.916416785031113e-08 3.0188034188034187 84 7 3 16 59 1]
[0.8368161600159864 'Conceptual' 1 0.29816966529209504
 2.916416785031113e-08 0.4888888888888889 84 7 3 17 59 1]
[5.864653473672884 'Conceptual' 1 0.29816966529209504
 2.916416785031113e-08 0.18119658119658122 84 7 3 18 58 1]
[0.28231996348586746 'Conceptual' 1 0.29816966529209504
 2.916416785031113e-08 0.45470085470085464 84 7 3 19 50 1]
[0.0 'Conceptual' 1 0.29816966529209504 2.916416785031113e-08 0.0 84 7 4 0
 63 1]
[4.158610672362877 'Conceptual' 1 0.29816966529209504
 2.916416785031113e-08 0.38632478632478634 84 7 4 1 15 1]
[4.158594957432091 'Conceptual' 1 0.29816966529209504
 2.916416785031113e-08 0.20512820512820512 84 7 4 2 5 1]
[4.158563520493417 'Conceptual' 1 0.29816966529209504
 2.916416785031113e-08 0.14017094017094017 84 7 4 3 0 1]
[4.15856352049336 'Conceptual' 1 0.29816966529209504 2.916416785031113e-08
 0.14017094017094017 84 7 4 4 56 1]
[4.158814987096207 'Conceptual' 1 0.29816966529209504
 2.916416785031113e-08 0.8991452991452991 84 7 4 5 7 1]
[4.1588254619034695 'Conceptual' 1 0.29816966529209504
 2.916416785031113e-08 0.7965811965811965 84 7 4 6 23 1]
[3.8361073662458574 'Conceptual' 1 0.29816966529209504
 2.916416785031113e-08 1.7196581196581195 84 7 4 7 23 1]
[3.9940255302011374 'Conceptual' 1 0.29816966529209504
 2.916416785031113e-08 2.6085470085470086 84 7 4 8 31 1]
[3.049808348568346 'Conceptual' 1 0.29816966529209504
 2.916416785031113e-08 2.12991452991453 84 7 4 9 31 1]
[2.150429486527264 'Conceptual' 1 0.29816966529209504
 2.916416785031113e-08 1.5145299145299145 84 7 4 10 31 1]
[2.1396708251002106 'Conceptual' 1 0.29816966529209504
 2.916416785031113e-08 1.411965811965812 84 7 4 11 31 1]
[3.980616784852744 'Conceptual' 1 0.29816966529209504
 2.916416785031113e-08 4.102564102564102 84 7 4 12 31 1]
[2.908357721024647 'Conceptual' 1 0.29816966529209504
 2.916416785031113e-08 4.102564102564102 84 7 4 13 31 1]
[2.643336098120608 'Conceptual' 1 0.29816966529209504
 2.916416785031113e-08 4.102564102564102 84 7 4 14 31 1]
[1.8187716615287282 'Conceptual' 1 0.29816966529209504
 2.916416785031113e-08 0.10256410256410256 84 7 4 15 47 1]
[1.9588778616599918 'Conceptual' 1 0.29816966529209504
 2.916416785031113e-08 3.0188034188034187 84 7 4 16 31 1]
[0.8368161600159864 'Conceptual' 1 0.29816966529209504
 2.916416785031113e-08 0.4888888888888889 84 7 4 17 31 1]
[5.864653473672884 'Conceptual' 1 0.29816966529209504
 2.916416785031113e-08 0.18119658119658122 84 7 4 18 31 1]
[0.28231996348586746 'Conceptual' 1 0.29816966529209504
 2.916416785031113e-08 0.45470085470085464 84 7 4 19 31 1]
[0.0 'Conceptual' 1 0.29816966529209504 2.916416785031113e-08 0.0 84 7 5 0
 7 1]
[4.158610672362877 'Conceptual' 1 0.29816966529209504
 2.916416785031113e-08 0.38632478632478634 84 7 5 1 0 1]
[4.158594957432091 'Conceptual' 1 0.29816966529209504
 2.916416785031113e-08 0.20512820512820512 84 7 5 2 8 1]
[4.158563520493417 'Conceptual' 1 0.29816966529209504
 2.916416785031113e-08 0.14017094017094017 84 7 5 3 56 1]
[4.15856352049336 'Conceptual' 1 0.29816966529209504 2.916416785031113e-08
 0.14017094017094017 84 7 5 4 16 1]
[4.158814987096207 'Conceptual' 1 0.29816966529209504
 2.916416785031113e-08 0.8991452991452991 84 7 5 5 16 1]
[4.1588254619034695 'Conceptual' 1 0.29816966529209504
 2.916416785031113e-08 0.7965811965811965 84 7 5 6 8 1]
[3.8361073662458574 'Conceptual' 1 0.29816966529209504
 2.916416785031113e-08 1.7196581196581195 84 7 5 7 0 1]
[3.9940255302011374 'Conceptual' 1 0.29816966529209504
 2.916416785031113e-08 2.6085470085470086 84 7 5 8 0 1]
[3.049808348568346 'Conceptual' 1 0.29816966529209504
 2.916416785031113e-08 2.12991452991453 84 7 5 9 0 1]
[2.150429486527264 'Conceptual' 1 0.29816966529209504
 2.916416785031113e-08 1.5145299145299145 84 7 5 10 8 1]
[2.1396708251002106 'Conceptual' 1 0.29816966529209504
 2.916416785031113e-08 1.411965811965812 84 7 5 11 63 1]
[3.980616784852744 'Conceptual' 1 0.29816966529209504
 2.916416785031113e-08 4.102564102564102 84 7 5 12 0 1]
[2.908357721024647 'Conceptual' 1 0.29816966529209504
 2.916416785031113e-08 4.102564102564102 84 7 5 13 0 1]
[2.643336098120608 'Conceptual' 1 0.29816966529209504
 2.916416785031113e-08 4.102564102564102 84 7 5 14 0 1]
[1.8187716615287282 'Conceptual' 1 0.29816966529209504
 2.916416785031113e-08 0.10256410256410256 84 7 5 15 0 1]
[1.9588778616599918 'Conceptual' 1 0.29816966529209504
 2.916416785031113e-08 3.0188034188034187 84 7 5 16 0 1]
[0.8368161600159864 'Conceptual' 1 0.29816966529209504
 2.916416785031113e-08 0.4888888888888889 84 7 5 17 0 1]
[5.864653473672884 'Conceptual' 1 0.29816966529209504
 2.916416785031113e-08 0.18119658119658122 84 7 5 18 0 1]
[0.28231996348586746 'Conceptual' 1 0.29816966529209504
 2.916416785031113e-08 0.45470085470085464 84 7 5 19 0 1]
[0.0 'Conceptual' 1 0.29816966529209504 2.916416785031113e-08 0.0 84 7 6 0
 56 1]
[4.158610672362877 'Conceptual' 1 0.29816966529209504
 2.916416785031113e-08 0.38632478632478634 84 7 6 1 48 1]
[4.158594957432091 'Conceptual' 1 0.29816966529209504
 2.916416785031113e-08 0.20512820512820512 84 7 6 2 57 1]
[4.158563520493417 'Conceptual' 1 0.29816966529209504
 2.916416785031113e-08 0.14017094017094017 84 7 6 3 58 1]
[4.15856352049336 'Conceptual' 1 0.29816966529209504 2.916416785031113e-08
 0.14017094017094017 84 7 6 4 59 1]
[4.158814987096207 'Conceptual' 1 0.29816966529209504
 2.916416785031113e-08 0.8991452991452991 84 7 6 5 49 1]
[4.1588254619034695 'Conceptual' 1 0.29816966529209504
 2.916416785031113e-08 0.7965811965811965 84 7 6 6 60 1]
[3.8361073662458574 'Conceptual' 1 0.29816966529209504
 2.916416785031113e-08 1.7196581196581195 84 7 6 7 57 1]
[3.9940255302011374 'Conceptual' 1 0.29816966529209504
 2.916416785031113e-08 2.6085470085470086 84 7 6 8 58 1]
[3.049808348568346 'Conceptual' 1 0.29816966529209504
 2.916416785031113e-08 2.12991452991453 84 7 6 9 58 1]
[2.150429486527264 'Conceptual' 1 0.29816966529209504
 2.916416785031113e-08 1.5145299145299145 84 7 6 10 59 1]
[2.1396708251002106 'Conceptual' 1 0.29816966529209504
 2.916416785031113e-08 1.411965811965812 84 7 6 11 58 1]
[3.980616784852744 'Conceptual' 1 0.29816966529209504
 2.916416785031113e-08 4.102564102564102 84 7 6 12 59 1]
[2.908357721024647 'Conceptual' 1 0.29816966529209504
 2.916416785031113e-08 4.102564102564102 84 7 6 13 59 1]
[2.643336098120608 'Conceptual' 1 0.29816966529209504
 2.916416785031113e-08 4.102564102564102 84 7 6 14 59 1]
[1.8187716615287282 'Conceptual' 1 0.29816966529209504
 2.916416785031113e-08 0.10256410256410256 84 7 6 15 58 1]
[1.9588778616599918 'Conceptual' 1 0.29816966529209504
 2.916416785031113e-08 3.0188034188034187 84 7 6 16 59 1]
[0.8368161600159864 'Conceptual' 1 0.29816966529209504
 2.916416785031113e-08 0.4888888888888889 84 7 6 17 59 1]
[5.864653473672884 'Conceptual' 1 0.29816966529209504
 2.916416785031113e-08 0.18119658119658122 84 7 6 18 59 1]
[0.28231996348586746 'Conceptual' 1 0.29816966529209504
 2.916416785031113e-08 0.45470085470085464 84 7 6 19 57 1]
[0.0 'Conceptual' 1 0.29816966529209504 2.916416785031113e-08 0.0 84 7 8 0
 0 1]
[4.158610672362877 'Conceptual' 1 0.29816966529209504
 2.916416785031113e-08 0.38632478632478634 84 7 8 1 56 1]
[4.158594957432091 'Conceptual' 1 0.29816966529209504
 2.916416785031113e-08 0.20512820512820512 84 7 8 2 3 1]
[4.158563520493417 'Conceptual' 1 0.29816966529209504
 2.916416785031113e-08 0.14017094017094017 84 7 8 3 63 1]
[4.15856352049336 'Conceptual' 1 0.29816966529209504 2.916416785031113e-08
 0.14017094017094017 84 7 8 4 63 1]
[4.158814987096207 'Conceptual' 1 0.29816966529209504
 2.916416785031113e-08 0.8991452991452991 84 7 8 5 62 1]
[4.1588254619034695 'Conceptual' 1 0.29816966529209504
 2.916416785031113e-08 0.7965811965811965 84 7 8 6 63 1]
[3.8361073662458574 'Conceptual' 1 0.29816966529209504
 2.916416785031113e-08 1.7196581196581195 84 7 8 7 63 1]
[3.9940255302011374 'Conceptual' 1 0.29816966529209504
 2.916416785031113e-08 2.6085470085470086 84 7 8 8 63 1]
[3.049808348568346 'Conceptual' 1 0.29816966529209504
 2.916416785031113e-08 2.12991452991453 84 7 8 9 63 1]
[2.150429486527264 'Conceptual' 1 0.29816966529209504
 2.916416785031113e-08 1.5145299145299145 84 7 8 10 55 1]
[2.1396708251002106 'Conceptual' 1 0.29816966529209504
 2.916416785031113e-08 1.411965811965812 84 7 8 11 63 1]
[3.980616784852744 'Conceptual' 1 0.29816966529209504
 2.916416785031113e-08 4.102564102564102 84 7 8 12 63 1]
[2.908357721024647 'Conceptual' 1 0.29816966529209504
 2.916416785031113e-08 4.102564102564102 84 7 8 13 63 1]
[2.643336098120608 'Conceptual' 1 0.29816966529209504
 2.916416785031113e-08 4.102564102564102 84 7 8 14 63 1]
[1.8187716615287282 'Conceptual' 1 0.29816966529209504
 2.916416785031113e-08 0.10256410256410256 84 7 8 15 63 1]
[1.9588778616599918 'Conceptual' 1 0.29816966529209504
 2.916416785031113e-08 3.0188034188034187 84 7 8 16 63 1]
[0.8368161600159864 'Conceptual' 1 0.29816966529209504
 2.916416785031113e-08 0.4888888888888889 84 7 8 17 63 1]
[5.864653473672884 'Conceptual' 1 0.29816966529209504
 2.916416785031113e-08 0.18119658119658122 84 7 8 18 63 1]
[0.28231996348586746 'Conceptual' 1 0.29816966529209504
 2.916416785031113e-08 0.45470085470085464 84 7 8 19 63 1]
