[0.0 'Conceptual' 0 0.035350436719967966 0.3414543972441682 0.0 26 0 1 0
 56 0]
[3.808157976059213 'Conceptual' 0 0.035350436719967966 0.3414543972441682
 4.102564102564102 26 0 1 1 7 0]
[3.981827011290907 'Conceptual' 0 0.035350436719967966 0.3414543972441682
 2.6666666666666665 26 0 1 2 33 0]
[3.1503204528458673 'Conceptual' 0 0.035350436719967966 0.3414543972441682
 2.9743589743589745 26 0 1 3 54 0]
[2.1937539401677446 'Conceptual' 0 0.035350436719967966 0.3414543972441682
 2.051282051282051 26 0 1 4 9 0]
[0.7606513437178103 'Conceptual' 0 0.035350436719967966 0.3414543972441682
 0.10256410256410256 26 0 1 5 56 0]
[0.000629801633309997 'Conceptual' 0 0.035350436719967966
 0.3414543972441682 0.10256410256410256 26 0 1 6 56 0]
[3.3313117233190157 'Conceptual' 0 0.035350436719967966 0.3414543972441682
 4.102564102564102 26 0 1 7 57 0]
[2.517553271239803 'Conceptual' 0 0.035350436719967966 0.3414543972441682
 4.102564102564102 26 0 1 8 48 0]
[1.8972181199707179 'Conceptual' 0 0.035350436719967966 0.3414543972441682
 4.102564102564102 26 0 1 9 40 0]
[0.04184150140245448 'Conceptual' 0 0.035350436719967966
 0.3414543972441682 0.717948717948718 26 0 1 10 49 0]
[0.000629801633309997 'Conceptual' 0 0.035350436719967966
 0.3414543972441682 0.5128205128205128 26 0 1 11 56 0]
[0.000629801633309997 'Conceptual' 0 0.035350436719967966
 0.3414543972441682 0.10256410256410256 26 0 1 12 57 0]
[0.000629801633309997 'Conceptual' 0 0.035350436719967966
 0.3414543972441682 0.10256410256410256 26 0 1 13 56 0]
[0.000629801633309997 'Conceptual' 0 0.035350436719967966
 0.3414543972441682 0.10256410256410256 26 0 1 14 56 0]
[0.000629801633309997 'Conceptual' 0 0.035350436719967966
 0.3414543972441682 0.10256410256410256 26 0 1 15 56 0]
[0.000629801633309997 'Conceptual' 0 0.035350436719967966
 0.3414543972441682 0.10256410256410256 26 0 1 16 10 0]
[2.7339202539195053 'Conceptual' 0 0.035350436719967966 0.3414543972441682
 4.102564102564102 26 0 1 17 56 0]
[0.0 'Conceptual' 0 0.035350436719967966 0.3414543972441682 0.0 26 0 2 0
 56 0]
[3.808157976059213 'Conceptual' 0 0.035350436719967966 0.3414543972441682
 4.102564102564102 26 0 2 1 56 0]
[3.981827011290907 'Conceptual' 0 0.035350436719967966 0.3414543972441682
 2.6666666666666665 26 0 2 2 56 0]
[3.1503204528458673 'Conceptual' 0 0.035350436719967966 0.3414543972441682
 2.9743589743589745 26 0 2 3 0 0]
[2.1937539401677446 'Conceptual' 0 0.035350436719967966 0.3414543972441682
 2.051282051282051 26 0 2 4 63 0]
[0.7606513437178103 'Conceptual' 0 0.035350436719967966 0.3414543972441682
 0.10256410256410256 26 0 2 5 63 0]
[0.000629801633309997 'Conceptual' 0 0.035350436719967966
 0.3414543972441682 0.10256410256410256 26 0 2 6 63 0]
[3.3313117233190157 'Conceptual' 0 0.035350436719967966 0.3414543972441682
 4.102564102564102 26 0 2 7 63 0]
[2.517553271239803 'Conceptual' 0 0.035350436719967966 0.3414543972441682
 4.102564102564102 26 0 2 8 63 0]
[1.8972181199707179 'Conceptual' 0 0.035350436719967966 0.3414543972441682
 4.102564102564102 26 0 2 9 63 0]
[0.04184150140245448 'Conceptual' 0 0.035350436719967966
 0.3414543972441682 0.717948717948718 26 0 2 10 63 0]
[0.000629801633309997 'Conceptual' 0 0.035350436719967966
 0.3414543972441682 0.5128205128205128 26 0 2 11 63 0]
[0.000629801633309997 'Conceptual' 0 0.035350436719967966
 0.3414543972441682 0.10256410256410256 26 0 2 12 63 0]
[0.000629801633309997 'Conceptual' 0 0.035350436719967966
 0.3414543972441682 0.10256410256410256 26 0 2 13 63 0]
[0.000629801633309997 'Conceptual' 0 0.035350436719967966
 0.3414543972441682 0.10256410256410256 26 0 2 14 63 0]
[0.000629801633309997 'Conceptual' 0 0.035350436719967966
 0.3414543972441682 0.10256410256410256 26 0 2 15 63 0]
[0.000629801633309997 'Conceptual' 0 0.035350436719967966
 0.3414543972441682 0.10256410256410256 26 0 2 16 63 0]
[2.7339202539195053 'Conceptual' 0 0.035350436719967966 0.3414543972441682
 4.102564102564102 26 0 2 17 63 0]
[0.0 'Conceptual' 0 0.035350436719967966 0.3414543972441682 0.0 26 0 3 0
 63 0]
[3.808157976059213 'Conceptual' 0 0.035350436719967966 0.3414543972441682
 4.102564102564102 26 0 3 1 63 0]
[3.981827011290907 'Conceptual' 0 0.035350436719967966 0.3414543972441682
 2.6666666666666665 26 0 3 2 63 0]
[3.1503204528458673 'Conceptual' 0 0.035350436719967966 0.3414543972441682
 2.9743589743589745 26 0 3 3 63 0]
[2.1937539401677446 'Conceptual' 0 0.035350436719967966 0.3414543972441682
 2.051282051282051 26 0 3 4 7 0]
[0.7606513437178103 'Conceptual' 0 0.035350436719967966 0.3414543972441682
 0.10256410256410256 26 0 3 5 0 0]
[0.000629801633309997 'Conceptual' 0 0.035350436719967966
 0.3414543972441682 0.10256410256410256 26 0 3 6 56 0]
[3.3313117233190157 'Conceptual' 0 0.035350436719967966 0.3414543972441682
 4.102564102564102 26 0 3 7 63 0]
[2.517553271239803 'Conceptual' 0 0.035350436719967966 0.3414543972441682
 4.102564102564102 26 0 3 8 18 0]
[1.8972181199707179 'Conceptual' 0 0.035350436719967966 0.3414543972441682
 4.102564102564102 26 0 3 9 18 0]
[0.04184150140245448 'Conceptual' 0 0.035350436719967966
 0.3414543972441682 0.717948717948718 26 0 3 10 18 0]
[0.000629801633309997 'Conceptual' 0 0.035350436719967966
 0.3414543972441682 0.5128205128205128 26 0 3 11 9 0]
[0.000629801633309997 'Conceptual' 0 0.035350436719967966
 0.3414543972441682 0.10256410256410256 26 0 3 12 10 0]
[0.000629801633309997 'Conceptual' 0 0.035350436719967966
 0.3414543972441682 0.10256410256410256 26 0 3 13 17 0]
[0.000629801633309997 'Conceptual' 0 0.035350436719967966
 0.3414543972441682 0.10256410256410256 26 0 3 14 19 0]
[0.000629801633309997 'Conceptual' 0 0.035350436719967966
 0.3414543972441682 0.10256410256410256 26 0 3 15 2 0]
[0.000629801633309997 'Conceptual' 0 0.035350436719967966
 0.3414543972441682 0.10256410256410256 26 0 3 16 1 0]
[2.7339202539195053 'Conceptual' 0 0.035350436719967966 0.3414543972441682
 4.102564102564102 26 0 3 17 1 0]
[0.0 'Conceptual' 0 0.035350436719967966 0.3414543972441682 0.0 26 0 4 0 8
 0]
[3.808157976059213 'Conceptual' 0 0.035350436719967966 0.3414543972441682
 4.102564102564102 26 0 4 1 0 0]
[3.981827011290907 'Conceptual' 0 0.035350436719967966 0.3414543972441682
 2.6666666666666665 26 0 4 2 17 0]
[3.1503204528458673 'Conceptual' 0 0.035350436719967966 0.3414543972441682
 2.9743589743589745 26 0 4 3 17 0]
[2.1937539401677446 'Conceptual' 0 0.035350436719967966 0.3414543972441682
 2.051282051282051 26 0 4 4 9 0]
[0.7606513437178103 'Conceptual' 0 0.035350436719967966 0.3414543972441682
 0.10256410256410256 26 0 4 5 9 0]
[0.000629801633309997 'Conceptual' 0 0.035350436719967966
 0.3414543972441682 0.10256410256410256 26 0 4 6 63 0]
[3.3313117233190157 'Conceptual' 0 0.035350436719967966 0.3414543972441682
 4.102564102564102 26 0 4 7 7 0]
[2.517553271239803 'Conceptual' 0 0.035350436719967966 0.3414543972441682
 4.102564102564102 26 0 4 8 34 0]
[1.8972181199707179 'Conceptual' 0 0.035350436719967966 0.3414543972441682
 4.102564102564102 26 0 4 9 52 0]
[0.04184150140245448 'Conceptual' 0 0.035350436719967966
 0.3414543972441682 0.717948717948718 26 0 4 10 56 0]
[0.000629801633309997 'Conceptual' 0 0.035350436719967966
 0.3414543972441682 0.5128205128205128 26 0 4 11 3 0]
[0.000629801633309997 'Conceptual' 0 0.035350436719967966
 0.3414543972441682 0.10256410256410256 26 0 4 12 0 0]
[0.000629801633309997 'Conceptual' 0 0.035350436719967966
 0.3414543972441682 0.10256410256410256 26 0 4 13 61 0]
[0.000629801633309997 'Conceptual' 0 0.035350436719967966
 0.3414543972441682 0.10256410256410256 26 0 4 14 52 0]
[0.000629801633309997 'Conceptual' 0 0.035350436719967966
 0.3414543972441682 0.10256410256410256 26 0 4 15 53 0]
[0.000629801633309997 'Conceptual' 0 0.035350436719967966
 0.3414543972441682 0.10256410256410256 26 0 4 16 36 0]
[2.7339202539195053 'Conceptual' 0 0.035350436719967966 0.3414543972441682
 4.102564102564102 26 0 4 17 36 0]
[0.0 'Conceptual' 0 0.035350436719967966 0.3414543972441682 0.0 26 0 5 0
 36 0]
[3.808157976059213 'Conceptual' 0 0.035350436719967966 0.3414543972441682
 4.102564102564102 26 0 5 1 36 0]
[3.981827011290907 'Conceptual' 0 0.035350436719967966 0.3414543972441682
 2.6666666666666665 26 0 5 2 36 0]
[3.1503204528458673 'Conceptual' 0 0.035350436719967966 0.3414543972441682
 2.9743589743589745 26 0 5 3 36 0]
[2.1937539401677446 'Conceptual' 0 0.035350436719967966 0.3414543972441682
 2.051282051282051 26 0 5 4 37 0]
[0.7606513437178103 'Conceptual' 0 0.035350436719967966 0.3414543972441682
 0.10256410256410256 26 0 5 5 35 0]
[0.000629801633309997 'Conceptual' 0 0.035350436719967966
 0.3414543972441682 0.10256410256410256 26 0 5 6 28 0]
[3.3313117233190157 'Conceptual' 0 0.035350436719967966 0.3414543972441682
 4.102564102564102 26 0 5 7 44 0]
[2.517553271239803 'Conceptual' 0 0.035350436719967966 0.3414543972441682
 4.102564102564102 26 0 5 8 53 0]
[1.8972181199707179 'Conceptual' 0 0.035350436719967966 0.3414543972441682
 4.102564102564102 26 0 5 9 7 0]
[0.04184150140245448 'Conceptual' 0 0.035350436719967966
 0.3414543972441682 0.717948717948718 26 0 5 10 57 0]
[0.000629801633309997 'Conceptual' 0 0.035350436719967966
 0.3414543972441682 0.5128205128205128 26 0 5 11 1 0]
[0.000629801633309997 'Conceptual' 0 0.035350436719967966
 0.3414543972441682 0.10256410256410256 26 0 5 12 32 0]
[0.000629801633309997 'Conceptual' 0 0.035350436719967966
 0.3414543972441682 0.10256410256410256 26 0 5 13 21 0]
[0.000629801633309997 'Conceptual' 0 0.035350436719967966
 0.3414543972441682 0.10256410256410256 26 0 5 14 10 0]
[0.000629801633309997 'Conceptual' 0 0.035350436719967966
 0.3414543972441682 0.10256410256410256 26 0 5 15 18 0]
[0.000629801633309997 'Conceptual' 0 0.035350436719967966
 0.3414543972441682 0.10256410256410256 26 0 5 16 16 0]
[2.7339202539195053 'Conceptual' 0 0.035350436719967966 0.3414543972441682
 4.102564102564102 26 0 5 17 58 0]
[0.0 'Conceptual' 0 0.035350436719967966 0.3414543972441682 0.0 26 0 6 0
 61 0]
[3.808157976059213 'Conceptual' 0 0.035350436719967966 0.3414543972441682
 4.102564102564102 26 0 6 1 26 0]
[3.981827011290907 'Conceptual' 0 0.035350436719967966 0.3414543972441682
 2.6666666666666665 26 0 6 2 25 0]
[3.1503204528458673 'Conceptual' 0 0.035350436719967966 0.3414543972441682
 2.9743589743589745 26 0 6 3 10 0]
[2.1937539401677446 'Conceptual' 0 0.035350436719967966 0.3414543972441682
 2.051282051282051 26 0 6 4 9 0]
[0.7606513437178103 'Conceptual' 0 0.035350436719967966 0.3414543972441682
 0.10256410256410256 26 0 6 5 3 0]
[0.000629801633309997 'Conceptual' 0 0.035350436719967966
 0.3414543972441682 0.10256410256410256 26 0 6 6 2 0]
[3.3313117233190157 'Conceptual' 0 0.035350436719967966 0.3414543972441682
 4.102564102564102 26 0 6 7 3 0]
[2.517553271239803 'Conceptual' 0 0.035350436719967966 0.3414543972441682
 4.102564102564102 26 0 6 8 3 0]
[1.8972181199707179 'Conceptual' 0 0.035350436719967966 0.3414543972441682
 4.102564102564102 26 0 6 9 4 0]
[0.04184150140245448 'Conceptual' 0 0.035350436719967966
 0.3414543972441682 0.717948717948718 26 0 6 10 56 0]
[0.000629801633309997 'Conceptual' 0 0.035350436719967966
 0.3414543972441682 0.5128205128205128 26 0 6 11 54 0]
[0.000629801633309997 'Conceptual' 0 0.035350436719967966
 0.3414543972441682 0.10256410256410256 26 0 6 12 37 0]
[0.000629801633309997 'Conceptual' 0 0.035350436719967966
 0.3414543972441682 0.10256410256410256 26 0 6 13 36 0]
[0.000629801633309997 'Conceptual' 0 0.035350436719967966
 0.3414543972441682 0.10256410256410256 26 0 6 14 53 0]
[0.000629801633309997 'Conceptual' 0 0.035350436719967966
 0.3414543972441682 0.10256410256410256 26 0 6 15 29 0]
[0.000629801633309997 'Conceptual' 0 0.035350436719967966
 0.3414543972441682 0.10256410256410256 26 0 6 16 45 0]
[2.7339202539195053 'Conceptual' 0 0.035350436719967966 0.3414543972441682
 4.102564102564102 26 0 6 17 29 0]
[0.0 'Conceptual' 0 0.035350436719967966 0.3414543972441682 0.0 26 0 7 0
 29 0]
[3.808157976059213 'Conceptual' 0 0.035350436719967966 0.3414543972441682
 4.102564102564102 26 0 7 1 20 0]
[3.981827011290907 'Conceptual' 0 0.035350436719967966 0.3414543972441682
 2.6666666666666665 26 0 7 2 37 0]
[3.1503204528458673 'Conceptual' 0 0.035350436719967966 0.3414543972441682
 2.9743589743589745 26 0 7 3 21 0]
[2.1937539401677446 'Conceptual' 0 0.035350436719967966 0.3414543972441682
 2.051282051282051 26 0 7 4 28 0]
[0.7606513437178103 'Conceptual' 0 0.035350436719967966 0.3414543972441682
 0.10256410256410256 26 0 7 5 37 0]
[0.000629801633309997 'Conceptual' 0 0.035350436719967966
 0.3414543972441682 0.10256410256410256 26 0 7 6 30 0]
[3.3313117233190157 'Conceptual' 0 0.035350436719967966 0.3414543972441682
 4.102564102564102 26 0 7 7 30 0]
[2.517553271239803 'Conceptual' 0 0.035350436719967966 0.3414543972441682
 4.102564102564102 26 0 7 8 30 0]
[1.8972181199707179 'Conceptual' 0 0.035350436719967966 0.3414543972441682
 4.102564102564102 26 0 7 9 30 0]
[0.04184150140245448 'Conceptual' 0 0.035350436719967966
 0.3414543972441682 0.717948717948718 26 0 7 10 30 0]
[0.000629801633309997 'Conceptual' 0 0.035350436719967966
 0.3414543972441682 0.5128205128205128 26 0 7 11 30 0]
[0.000629801633309997 'Conceptual' 0 0.035350436719967966
 0.3414543972441682 0.10256410256410256 26 0 7 12 49 0]
[0.000629801633309997 'Conceptual' 0 0.035350436719967966
 0.3414543972441682 0.10256410256410256 26 0 7 13 8 0]
[0.000629801633309997 'Conceptual' 0 0.035350436719967966
 0.3414543972441682 0.10256410256410256 26 0 7 14 13 0]
[0.000629801633309997 'Conceptual' 0 0.035350436719967966
 0.3414543972441682 0.10256410256410256 26 0 7 15 54 0]
[0.000629801633309997 'Conceptual' 0 0.035350436719967966
 0.3414543972441682 0.10256410256410256 26 0 7 16 18 0]
[2.7339202539195053 'Conceptual' 0 0.035350436719967966 0.3414543972441682
 4.102564102564102 26 0 7 17 50 0]
[0.0 'Conceptual' 0 0.035350436719967966 0.3414543972441682 0.0 26 0 8 0
 58 0]
[3.808157976059213 'Conceptual' 0 0.035350436719967966 0.3414543972441682
 4.102564102564102 26 0 8 1 57 0]
[3.981827011290907 'Conceptual' 0 0.035350436719967966 0.3414543972441682
 2.6666666666666665 26 0 8 2 59 0]
[3.1503204528458673 'Conceptual' 0 0.035350436719967966 0.3414543972441682
 2.9743589743589745 26 0 8 3 59 0]
[2.1937539401677446 'Conceptual' 0 0.035350436719967966 0.3414543972441682
 2.051282051282051 26 0 8 4 59 0]
[0.7606513437178103 'Conceptual' 0 0.035350436719967966 0.3414543972441682
 0.10256410256410256 26 0 8 5 60 0]
[0.000629801633309997 'Conceptual' 0 0.035350436719967966
 0.3414543972441682 0.10256410256410256 26 0 8 6 51 0]
[3.3313117233190157 'Conceptual' 0 0.035350436719967966 0.3414543972441682
 4.102564102564102 26 0 8 7 49 0]
[2.517553271239803 'Conceptual' 0 0.035350436719967966 0.3414543972441682
 4.102564102564102 26 0 8 8 59 0]
[1.8972181199707179 'Conceptual' 0 0.035350436719967966 0.3414543972441682
 4.102564102564102 26 0 8 9 59 0]
[0.04184150140245448 'Conceptual' 0 0.035350436719967966
 0.3414543972441682 0.717948717948718 26 0 8 10 59 0]
[0.000629801633309997 'Conceptual' 0 0.035350436719967966
 0.3414543972441682 0.5128205128205128 26 0 8 11 59 0]
[0.000629801633309997 'Conceptual' 0 0.035350436719967966
 0.3414543972441682 0.10256410256410256 26 0 8 12 59 0]
[0.000629801633309997 'Conceptual' 0 0.035350436719967966
 0.3414543972441682 0.10256410256410256 26 0 8 13 59 0]
[0.000629801633309997 'Conceptual' 0 0.035350436719967966
 0.3414543972441682 0.10256410256410256 26 0 8 14 50 0]
[0.000629801633309997 'Conceptual' 0 0.035350436719967966
 0.3414543972441682 0.10256410256410256 26 0 8 15 49 0]
[0.000629801633309997 'Conceptual' 0 0.035350436719967966
 0.3414543972441682 0.10256410256410256 26 0 8 16 48 0]
[2.7339202539195053 'Conceptual' 0 0.035350436719967966 0.3414543972441682
 4.102564102564102 26 0 8 17 48 0]
