[0.0 'Spatial' 1 0.12955948055521563 0.043695928752680815 0.0 98 8 0 0 30
 0]
[4.134105856224308 'Spatial' 1 0.12955948055521563 0.043695928752680815
 3.8735042735042735 98 8 0 1 62 0]
[2.4717936459370646 'Spatial' 1 0.12955948055521563 0.043695928752680815
 1.6170940170940171 98 8 0 2 63 0]
[0.7470334698053586 'Spatial' 1 0.12955948055521563 0.043695928752680815
 1.0017094017094017 98 8 0 3 63 0]
[1.2958778287536095 'Spatial' 1 0.12955948055521563 0.043695928752680815
 2.0273504273504273 98 8 0 4 62 0]
[0.44522200112329235 'Spatial' 1 0.12955948055521563 0.043695928752680815
 0.8991452991452991 98 8 0 5 63 0]
[0.05738169396185493 'Spatial' 1 0.12955948055521563 0.043695928752680815
 0.6940170940170939 98 8 0 6 63 0]
[0.005156565972050334 'Spatial' 1 0.12955948055521563 0.043695928752680815
 0.6153846153846153 98 8 0 7 63 0]
[0.000942831862955591 'Spatial' 1 0.12955948055521563 0.043695928752680815
 0.5914529914529914 98 8 0 8 63 0]
[0.0006416373308935998 'Spatial' 1 0.12955948055521563
 0.043695928752680815 0.5572649572649572 98 8 0 9 63 0]
[0.0006298016333097749 'Spatial' 1 0.12955948055521563
 0.043695928752680815 0.10256410256410256 98 8 0 10 63 0]
[0.0006298016333097749 'Spatial' 1 0.12955948055521563
 0.043695928752680815 0.10256410256410256 98 8 0 11 63 0]
[0.0006298016333097749 'Spatial' 1 0.12955948055521563
 0.043695928752680815 0.10256410256410256 98 8 0 12 63 0]
[0.0006298016333097749 'Spatial' 1 0.12955948055521563
 0.043695928752680815 0.10256410256410256 98 8 0 13 63 0]
[0.0006298016333097749 'Spatial' 1 0.12955948055521563
 0.043695928752680815 0.10256410256410256 98 8 0 14 63 0]
[0.0006298016333097749 'Spatial' 1 0.12955948055521563
 0.043695928752680815 0.10256410256410256 98 8 0 15 63 0]
[0.0006298016333097749 'Spatial' 1 0.12955948055521563
 0.043695928752680815 0.10256410256410256 98 8 0 16 63 0]
[0.0006298016333097749 'Spatial' 1 0.12955948055521563
 0.043695928752680815 0.10256410256410256 98 8 0 17 63 0]
[0.0006298016333097749 'Spatial' 1 0.12955948055521563
 0.043695928752680815 0.10256410256410256 98 8 0 18 63 0]
[0.0006298016333097749 'Spatial' 1 0.12955948055521563
 0.043695928752680815 0.10256410256410256 98 8 0 19 63 0]
[0.0 'Spatial' 1 0.12955948055521563 0.043695928752680815 0.0 98 8 1 0 62
 0]
[4.134105856224308 'Spatial' 1 0.12955948055521563 0.043695928752680815
 3.8735042735042735 98 8 1 1 63 0]
[2.4717936459370646 'Spatial' 1 0.12955948055521563 0.043695928752680815
 1.6170940170940171 98 8 1 2 59 0]
[0.7470334698053586 'Spatial' 1 0.12955948055521563 0.043695928752680815
 1.0017094017094017 98 8 1 3 56 0]
[1.2958778287536095 'Spatial' 1 0.12955948055521563 0.043695928752680815
 2.0273504273504273 98 8 1 4 58 0]
[0.44522200112329235 'Spatial' 1 0.12955948055521563 0.043695928752680815
 0.8991452991452991 98 8 1 5 57 0]
[0.05738169396185493 'Spatial' 1 0.12955948055521563 0.043695928752680815
 0.6940170940170939 98 8 1 6 56 0]
[0.005156565972050334 'Spatial' 1 0.12955948055521563 0.043695928752680815
 0.6153846153846153 98 8 1 7 58 0]
[0.000942831862955591 'Spatial' 1 0.12955948055521563 0.043695928752680815
 0.5914529914529914 98 8 1 8 59 0]
[0.0006416373308935998 'Spatial' 1 0.12955948055521563
 0.043695928752680815 0.5572649572649572 98 8 1 9 58 0]
[0.0006298016333097749 'Spatial' 1 0.12955948055521563
 0.043695928752680815 0.10256410256410256 98 8 1 10 60 0]
[0.0006298016333097749 'Spatial' 1 0.12955948055521563
 0.043695928752680815 0.10256410256410256 98 8 1 11 61 0]
[0.0006298016333097749 'Spatial' 1 0.12955948055521563
 0.043695928752680815 0.10256410256410256 98 8 1 12 62 0]
[0.0006298016333097749 'Spatial' 1 0.12955948055521563
 0.043695928752680815 0.10256410256410256 98 8 1 13 61 0]
[0.0006298016333097749 'Spatial' 1 0.12955948055521563
 0.043695928752680815 0.10256410256410256 98 8 1 14 59 0]
[0.0006298016333097749 'Spatial' 1 0.12955948055521563
 0.043695928752680815 0.10256410256410256 98 8 1 15 60 0]
[0.0006298016333097749 'Spatial' 1 0.12955948055521563
 0.043695928752680815 0.10256410256410256 98 8 1 16 59 0]
[0.0006298016333097749 'Spatial' 1 0.12955948055521563
 0.043695928752680815 0.10256410256410256 98 8 1 17 59 0]
[0.0006298016333097749 'Spatial' 1 0.12955948055521563
 0.043695928752680815 0.10256410256410256 98 8 1 18 61 0]
[0.0006298016333097749 'Spatial' 1 0.12955948055521563
 0.043695928752680815 0.10256410256410256 98 8 1 19 58 0]
[0.0 'Spatial' 1 0.12955948055521563 0.043695928752680815 0.0 98 8 2 0 59
 0]
[4.134105856224308 'Spatial' 1 0.12955948055521563 0.043695928752680815
 3.8735042735042735 98 8 2 1 0 0]
[2.4717936459370646 'Spatial' 1 0.12955948055521563 0.043695928752680815
 1.6170940170940171 98 8 2 2 6 0]
[0.7470334698053586 'Spatial' 1 0.12955948055521563 0.043695928752680815
 1.0017094017094017 98 8 2 3 62 0]
[1.2958778287536095 'Spatial' 1 0.12955948055521563 0.043695928752680815
 2.0273504273504273 98 8 2 4 63 0]
[0.44522200112329235 'Spatial' 1 0.12955948055521563 0.043695928752680815
 0.8991452991452991 98 8 2 5 63 0]
[0.05738169396185493 'Spatial' 1 0.12955948055521563 0.043695928752680815
 0.6940170940170939 98 8 2 6 62 0]
[0.005156565972050334 'Spatial' 1 0.12955948055521563 0.043695928752680815
 0.6153846153846153 98 8 2 7 61 0]
[0.000942831862955591 'Spatial' 1 0.12955948055521563 0.043695928752680815
 0.5914529914529914 98 8 2 8 62 0]
[0.0006416373308935998 'Spatial' 1 0.12955948055521563
 0.043695928752680815 0.5572649572649572 98 8 2 9 53 0]
[0.0006298016333097749 'Spatial' 1 0.12955948055521563
 0.043695928752680815 0.10256410256410256 98 8 2 10 61 0]
[0.0006298016333097749 'Spatial' 1 0.12955948055521563
 0.043695928752680815 0.10256410256410256 98 8 2 11 61 0]
[0.0006298016333097749 'Spatial' 1 0.12955948055521563
 0.043695928752680815 0.10256410256410256 98 8 2 12 61 0]
[0.0006298016333097749 'Spatial' 1 0.12955948055521563
 0.043695928752680815 0.10256410256410256 98 8 2 13 53 0]
[0.0006298016333097749 'Spatial' 1 0.12955948055521563
 0.043695928752680815 0.10256410256410256 98 8 2 14 54 0]
[0.0006298016333097749 'Spatial' 1 0.12955948055521563
 0.043695928752680815 0.10256410256410256 98 8 2 15 53 0]
[0.0006298016333097749 'Spatial' 1 0.12955948055521563
 0.043695928752680815 0.10256410256410256 98 8 2 16 53 0]
[0.0006298016333097749 'Spatial' 1 0.12955948055521563
 0.043695928752680815 0.10256410256410256 98 8 2 17 53 0]
[0.0006298016333097749 'Spatial' 1 0.12955948055521563
 0.043695928752680815 0.10256410256410256 98 8 2 18 53 0]
[0.0006298016333097749 'Spatial' 1 0.12955948055521563
 0.043695928752680815 0.10256410256410256 98 8 2 19 53 0]
[0.0 'Spatial' 1 0.12955948055521563 0.043695928752680815 0.0 98 8 3 0 9 0]
[4.134105856224308 'Spatial' 1 0.12955948055521563 0.043695928752680815
 3.8735042735042735 98 8 3 1 1 0]
[2.4717936459370646 'Spatial' 1 0.12955948055521563 0.043695928752680815
 1.6170940170940171 98 8 3 2 16 0]
[0.7470334698053586 'Spatial' 1 0.12955948055521563 0.043695928752680815
 1.0017094017094017 98 8 3 3 2 0]
[1.2958778287536095 'Spatial' 1 0.12955948055521563 0.043695928752680815
 2.0273504273504273 98 8 3 4 3 0]
[0.44522200112329235 'Spatial' 1 0.12955948055521563 0.043695928752680815
 0.8991452991452991 98 8 3 5 1 0]
[0.05738169396185493 'Spatial' 1 0.12955948055521563 0.043695928752680815
 0.6940170940170939 98 8 3 6 1 0]
[0.005156565972050334 'Spatial' 1 0.12955948055521563 0.043695928752680815
 0.6153846153846153 98 8 3 7 1 0]
[0.000942831862955591 'Spatial' 1 0.12955948055521563 0.043695928752680815
 0.5914529914529914 98 8 3 8 9 0]
[0.0006416373308935998 'Spatial' 1 0.12955948055521563
 0.043695928752680815 0.5572649572649572 98 8 3 9 1 0]
[0.0006298016333097749 'Spatial' 1 0.12955948055521563
 0.043695928752680815 0.10256410256410256 98 8 3 10 9 0]
[0.0006298016333097749 'Spatial' 1 0.12955948055521563
 0.043695928752680815 0.10256410256410256 98 8 3 11 17 0]
[0.0006298016333097749 'Spatial' 1 0.12955948055521563
 0.043695928752680815 0.10256410256410256 98 8 3 12 1 0]
[0.0006298016333097749 'Spatial' 1 0.12955948055521563
 0.043695928752680815 0.10256410256410256 98 8 3 13 9 0]
[0.0006298016333097749 'Spatial' 1 0.12955948055521563
 0.043695928752680815 0.10256410256410256 98 8 3 14 1 0]
[0.0006298016333097749 'Spatial' 1 0.12955948055521563
 0.043695928752680815 0.10256410256410256 98 8 3 15 54 0]
[0.0006298016333097749 'Spatial' 1 0.12955948055521563
 0.043695928752680815 0.10256410256410256 98 8 3 16 10 0]
[0.0006298016333097749 'Spatial' 1 0.12955948055521563
 0.043695928752680815 0.10256410256410256 98 8 3 17 10 0]
[0.0006298016333097749 'Spatial' 1 0.12955948055521563
 0.043695928752680815 0.10256410256410256 98 8 3 18 14 0]
[0.0006298016333097749 'Spatial' 1 0.12955948055521563
 0.043695928752680815 0.10256410256410256 98 8 3 19 54 0]
[0.0 'Spatial' 1 0.12955948055521563 0.043695928752680815 0.0 98 8 4 0 9 0]
[4.134105856224308 'Spatial' 1 0.12955948055521563 0.043695928752680815
 3.8735042735042735 98 8 4 1 9 0]
[2.4717936459370646 'Spatial' 1 0.12955948055521563 0.043695928752680815
 1.6170940170940171 98 8 4 2 10 0]
[0.7470334698053586 'Spatial' 1 0.12955948055521563 0.043695928752680815
 1.0017094017094017 98 8 4 3 10 0]
[1.2958778287536095 'Spatial' 1 0.12955948055521563 0.043695928752680815
 2.0273504273504273 98 8 4 4 10 0]
[0.44522200112329235 'Spatial' 1 0.12955948055521563 0.043695928752680815
 0.8991452991452991 98 8 4 5 18 0]
[0.05738169396185493 'Spatial' 1 0.12955948055521563 0.043695928752680815
 0.6940170940170939 98 8 4 6 10 0]
[0.005156565972050334 'Spatial' 1 0.12955948055521563 0.043695928752680815
 0.6153846153846153 98 8 4 7 0 0]
[0.000942831862955591 'Spatial' 1 0.12955948055521563 0.043695928752680815
 0.5914529914529914 98 8 4 8 1 0]
[0.0006416373308935998 'Spatial' 1 0.12955948055521563
 0.043695928752680815 0.5572649572649572 98 8 4 9 9 0]
[0.0006298016333097749 'Spatial' 1 0.12955948055521563
 0.043695928752680815 0.10256410256410256 98 8 4 10 10 0]
[0.0006298016333097749 'Spatial' 1 0.12955948055521563
 0.043695928752680815 0.10256410256410256 98 8 4 11 9 0]
[0.0006298016333097749 'Spatial' 1 0.12955948055521563
 0.043695928752680815 0.10256410256410256 98 8 4 12 9 0]
[0.0006298016333097749 'Spatial' 1 0.12955948055521563
 0.043695928752680815 0.10256410256410256 98 8 4 13 1 0]
[0.0006298016333097749 'Spatial' 1 0.12955948055521563
 0.043695928752680815 0.10256410256410256 98 8 4 14 10 0]
[0.0006298016333097749 'Spatial' 1 0.12955948055521563
 0.043695928752680815 0.10256410256410256 98 8 4 15 10 0]
[0.0006298016333097749 'Spatial' 1 0.12955948055521563
 0.043695928752680815 0.10256410256410256 98 8 4 16 10 0]
[0.0006298016333097749 'Spatial' 1 0.12955948055521563
 0.043695928752680815 0.10256410256410256 98 8 4 17 9 0]
[0.0006298016333097749 'Spatial' 1 0.12955948055521563
 0.043695928752680815 0.10256410256410256 98 8 4 18 9 0]
[0.0006298016333097749 'Spatial' 1 0.12955948055521563
 0.043695928752680815 0.10256410256410256 98 8 4 19 10 0]
[0.0 'Spatial' 1 0.12955948055521563 0.043695928752680815 0.0 98 8 5 0 19
 0]
[4.134105856224308 'Spatial' 1 0.12955948055521563 0.043695928752680815
 3.8735042735042735 98 8 5 1 50 0]
[2.4717936459370646 'Spatial' 1 0.12955948055521563 0.043695928752680815
 1.6170940170940171 98 8 5 2 1 0]
[0.7470334698053586 'Spatial' 1 0.12955948055521563 0.043695928752680815
 1.0017094017094017 98 8 5 3 14 0]
[1.2958778287536095 'Spatial' 1 0.12955948055521563 0.043695928752680815
 2.0273504273504273 98 8 5 4 6 0]
[0.44522200112329235 'Spatial' 1 0.12955948055521563 0.043695928752680815
 0.8991452991452991 98 8 5 5 6 0]
[0.05738169396185493 'Spatial' 1 0.12955948055521563 0.043695928752680815
 0.6940170940170939 98 8 5 6 13 0]
[0.005156565972050334 'Spatial' 1 0.12955948055521563 0.043695928752680815
 0.6153846153846153 98 8 5 7 14 0]
[0.000942831862955591 'Spatial' 1 0.12955948055521563 0.043695928752680815
 0.5914529914529914 98 8 5 8 14 0]
[0.0006416373308935998 'Spatial' 1 0.12955948055521563
 0.043695928752680815 0.5572649572649572 98 8 5 9 14 0]
[0.0006298016333097749 'Spatial' 1 0.12955948055521563
 0.043695928752680815 0.10256410256410256 98 8 5 10 14 0]
[0.0006298016333097749 'Spatial' 1 0.12955948055521563
 0.043695928752680815 0.10256410256410256 98 8 5 11 14 0]
[0.0006298016333097749 'Spatial' 1 0.12955948055521563
 0.043695928752680815 0.10256410256410256 98 8 5 12 14 0]
[0.0006298016333097749 'Spatial' 1 0.12955948055521563
 0.043695928752680815 0.10256410256410256 98 8 5 13 14 0]
[0.0006298016333097749 'Spatial' 1 0.12955948055521563
 0.043695928752680815 0.10256410256410256 98 8 5 14 14 0]
[0.0006298016333097749 'Spatial' 1 0.12955948055521563
 0.043695928752680815 0.10256410256410256 98 8 5 15 22 0]
[0.0006298016333097749 'Spatial' 1 0.12955948055521563
 0.043695928752680815 0.10256410256410256 98 8 5 16 14 0]
[0.0006298016333097749 'Spatial' 1 0.12955948055521563
 0.043695928752680815 0.10256410256410256 98 8 5 17 14 0]
[0.0006298016333097749 'Spatial' 1 0.12955948055521563
 0.043695928752680815 0.10256410256410256 98 8 5 18 14 0]
[0.0006298016333097749 'Spatial' 1 0.12955948055521563
 0.043695928752680815 0.10256410256410256 98 8 5 19 13 0]
[0.0 'Spatial' 1 0.12955948055521563 0.043695928752680815 0.0 98 8 6 0 14
 0]
[4.134105856224308 'Spatial' 1 0.12955948055521563 0.043695928752680815
 3.8735042735042735 98 8 6 1 14 0]
[2.4717936459370646 'Spatial' 1 0.12955948055521563 0.043695928752680815
 1.6170940170940171 98 8 6 2 22 0]
[0.7470334698053586 'Spatial' 1 0.12955948055521563 0.043695928752680815
 1.0017094017094017 98 8 6 3 18 0]
[1.2958778287536095 'Spatial' 1 0.12955948055521563 0.043695928752680815
 2.0273504273504273 98 8 6 4 49 0]
[0.44522200112329235 'Spatial' 1 0.12955948055521563 0.043695928752680815
 0.8991452991452991 98 8 6 5 49 0]
[0.05738169396185493 'Spatial' 1 0.12955948055521563 0.043695928752680815
 0.6940170940170939 98 8 6 6 50 0]
[0.005156565972050334 'Spatial' 1 0.12955948055521563 0.043695928752680815
 0.6153846153846153 98 8 6 7 54 0]
[0.000942831862955591 'Spatial' 1 0.12955948055521563 0.043695928752680815
 0.5914529914529914 98 8 6 8 49 0]
[0.0006416373308935998 'Spatial' 1 0.12955948055521563
 0.043695928752680815 0.5572649572649572 98 8 6 9 57 0]
[0.0006298016333097749 'Spatial' 1 0.12955948055521563
 0.043695928752680815 0.10256410256410256 98 8 6 10 58 0]
[0.0006298016333097749 'Spatial' 1 0.12955948055521563
 0.043695928752680815 0.10256410256410256 98 8 6 11 58 0]
[0.0006298016333097749 'Spatial' 1 0.12955948055521563
 0.043695928752680815 0.10256410256410256 98 8 6 12 58 0]
[0.0006298016333097749 'Spatial' 1 0.12955948055521563
 0.043695928752680815 0.10256410256410256 98 8 6 13 58 0]
[0.0006298016333097749 'Spatial' 1 0.12955948055521563
 0.043695928752680815 0.10256410256410256 98 8 6 14 58 0]
[0.0006298016333097749 'Spatial' 1 0.12955948055521563
 0.043695928752680815 0.10256410256410256 98 8 6 15 58 0]
[0.0006298016333097749 'Spatial' 1 0.12955948055521563
 0.043695928752680815 0.10256410256410256 98 8 6 16 58 0]
[0.0006298016333097749 'Spatial' 1 0.12955948055521563
 0.043695928752680815 0.10256410256410256 98 8 6 17 58 0]
[0.0006298016333097749 'Spatial' 1 0.12955948055521563
 0.043695928752680815 0.10256410256410256 98 8 6 18 58 0]
[0.0006298016333097749 'Spatial' 1 0.12955948055521563
 0.043695928752680815 0.10256410256410256 98 8 6 19 57 0]
[0.0 'Spatial' 1 0.12955948055521563 0.043695928752680815 0.0 98 8 7 0 57
 0]
[4.134105856224308 'Spatial' 1 0.12955948055521563 0.043695928752680815
 3.8735042735042735 98 8 7 1 1 0]
[2.4717936459370646 'Spatial' 1 0.12955948055521563 0.043695928752680815
 1.6170940170940171 98 8 7 2 61 0]
[0.7470334698053586 'Spatial' 1 0.12955948055521563 0.043695928752680815
 1.0017094017094017 98 8 7 3 61 0]
[1.2958778287536095 'Spatial' 1 0.12955948055521563 0.043695928752680815
 2.0273504273504273 98 8 7 4 63 0]
[0.44522200112329235 'Spatial' 1 0.12955948055521563 0.043695928752680815
 0.8991452991452991 98 8 7 5 61 0]
[0.05738169396185493 'Spatial' 1 0.12955948055521563 0.043695928752680815
 0.6940170940170939 98 8 7 6 61 0]
[0.005156565972050334 'Spatial' 1 0.12955948055521563 0.043695928752680815
 0.6153846153846153 98 8 7 7 53 0]
[0.000942831862955591 'Spatial' 1 0.12955948055521563 0.043695928752680815
 0.5914529914529914 98 8 7 8 61 0]
[0.0006416373308935998 'Spatial' 1 0.12955948055521563
 0.043695928752680815 0.5572649572649572 98 8 7 9 61 0]
[0.0006298016333097749 'Spatial' 1 0.12955948055521563
 0.043695928752680815 0.10256410256410256 98 8 7 10 61 0]
[0.0006298016333097749 'Spatial' 1 0.12955948055521563
 0.043695928752680815 0.10256410256410256 98 8 7 11 61 0]
[0.0006298016333097749 'Spatial' 1 0.12955948055521563
 0.043695928752680815 0.10256410256410256 98 8 7 12 61 0]
[0.0006298016333097749 'Spatial' 1 0.12955948055521563
 0.043695928752680815 0.10256410256410256 98 8 7 13 61 0]
[0.0006298016333097749 'Spatial' 1 0.12955948055521563
 0.043695928752680815 0.10256410256410256 98 8 7 14 61 0]
[0.0006298016333097749 'Spatial' 1 0.12955948055521563
 0.043695928752680815 0.10256410256410256 98 8 7 15 53 0]
[0.0006298016333097749 'Spatial' 1 0.12955948055521563
 0.043695928752680815 0.10256410256410256 98 8 7 16 53 0]
[0.0006298016333097749 'Spatial' 1 0.12955948055521563
 0.043695928752680815 0.10256410256410256 98 8 7 17 53 0]
[0.0006298016333097749 'Spatial' 1 0.12955948055521563
 0.043695928752680815 0.10256410256410256 98 8 7 18 53 0]
[0.0006298016333097749 'Spatial' 1 0.12955948055521563
 0.043695928752680815 0.10256410256410256 98 8 7 19 53 0]
