[0.0 'Conceptual' 1 0.06894763160721919 0.09041995286297304 0.0 11 1 0 0
 58 0]
[3.927111353061267 'Conceptual' 1 0.06894763160721919 0.09041995286297304
 6.4646464646464645 11 1 0 1 1 0]
[3.3219671476031363 'Conceptual' 1 0.06894763160721919 0.09041995286297304
 6.4646464646464645 11 1 0 2 44 0]
[3.8857516450838623 'Conceptual' 1 0.06894763160721919 0.09041995286297304
 10.1010101010101 11 1 0 3 45 0]
[4.213397656870596 'Conceptual' 1 0.06894763160721919 0.09041995286297304
 10.1010101010101 11 1 0 4 45 0]
[3.3240987911165476 'Conceptual' 1 0.06894763160721919 0.09041995286297304
 8.383838383838382 11 1 0 5 45 0]
[1.9698874603300456 'Conceptual' 1 0.06894763160721919 0.09041995286297304
 1.1111111111111112 11 1 0 6 45 0]
[0.8916704826678472 'Conceptual' 1 0.06894763160721919 0.09041995286297304
 0.5050505050505051 11 1 0 7 45 0]
[0.0028800983913414772 'Conceptual' 1 0.06894763160721919
 0.09041995286297304 0.30303030303030304 11 1 0 8 44 0]
[0.0006298016333097749 'Conceptual' 1 0.06894763160721919
 0.09041995286297304 0.10101010101010101 11 1 0 9 45 0]
[0.0006298016333097749 'Conceptual' 1 0.06894763160721919
 0.09041995286297304 0.10101010101010101 11 1 0 10 46 0]
[0.0006298016333097749 'Conceptual' 1 0.06894763160721919
 0.09041995286297304 0.10101010101010101 11 1 0 11 46 0]
[0.0006298016333097749 'Conceptual' 1 0.06894763160721919
 0.09041995286297304 0.10101010101010101 11 1 0 12 46 0]
[0.0006298016333097749 'Conceptual' 1 0.06894763160721919
 0.09041995286297304 0.10101010101010101 11 1 0 13 46 0]
[0.0006298016333097749 'Conceptual' 1 0.06894763160721919
 0.09041995286297304 0.10101010101010101 11 1 0 14 46 0]
[0.0006298016333097749 'Conceptual' 1 0.06894763160721919
 0.09041995286297304 0.10101010101010101 11 1 0 15 46 0]
[0.0006298016333097749 'Conceptual' 1 0.06894763160721919
 0.09041995286297304 0.10101010101010101 11 1 0 16 46 0]
[0.0006298016333097749 'Conceptual' 1 0.06894763160721919
 0.09041995286297304 0.10101010101010101 11 1 0 17 46 0]
[1.8241740961796076 'Conceptual' 1 0.06894763160721919 0.09041995286297304
 3.478114478114478 11 1 0 18 46 0]
[1.5264761334148635 'Conceptual' 1 0.06894763160721919 0.09041995286297304
 3.3097643097643097 11 1 0 19 46 0]
[0.0 'Conceptual' 1 0.06894763160721919 0.09041995286297304 0.0 11 1 2 0
 58 0]
[3.927111353061267 'Conceptual' 1 0.06894763160721919 0.09041995286297304
 6.4646464646464645 11 1 2 1 1 0]
[3.3219671476031363 'Conceptual' 1 0.06894763160721919 0.09041995286297304
 6.4646464646464645 11 1 2 2 44 0]
[3.8857516450838623 'Conceptual' 1 0.06894763160721919 0.09041995286297304
 10.1010101010101 11 1 2 3 45 0]
[4.213397656870596 'Conceptual' 1 0.06894763160721919 0.09041995286297304
 10.1010101010101 11 1 2 4 45 0]
[3.3240987911165476 'Conceptual' 1 0.06894763160721919 0.09041995286297304
 8.383838383838382 11 1 2 5 45 0]
[1.9698874603300456 'Conceptual' 1 0.06894763160721919 0.09041995286297304
 1.1111111111111112 11 1 2 6 45 0]
[0.8916704826678472 'Conceptual' 1 0.06894763160721919 0.09041995286297304
 0.5050505050505051 11 1 2 7 45 0]
[0.0028800983913414772 'Conceptual' 1 0.06894763160721919
 0.09041995286297304 0.30303030303030304 11 1 2 8 44 0]
[0.0006298016333097749 'Conceptual' 1 0.06894763160721919
 0.09041995286297304 0.10101010101010101 11 1 2 9 45 0]
[0.0006298016333097749 'Conceptual' 1 0.06894763160721919
 0.09041995286297304 0.10101010101010101 11 1 2 10 46 0]
[0.0006298016333097749 'Conceptual' 1 0.06894763160721919
 0.09041995286297304 0.10101010101010101 11 1 2 11 46 0]
[0.0006298016333097749 'Conceptual' 1 0.06894763160721919
 0.09041995286297304 0.10101010101010101 11 1 2 12 46 0]
[0.0006298016333097749 'Conceptual' 1 0.06894763160721919
 0.09041995286297304 0.10101010101010101 11 1 2 13 46 0]
[0.0006298016333097749 'Conceptual' 1 0.06894763160721919
 0.09041995286297304 0.10101010101010101 11 1 2 14 46 0]
[0.0006298016333097749 'Conceptual' 1 0.06894763160721919
 0.09041995286297304 0.10101010101010101 11 1 2 15 46 0]
[0.0006298016333097749 'Conceptual' 1 0.06894763160721919
 0.09041995286297304 0.10101010101010101 11 1 2 16 46 0]
[0.0006298016333097749 'Conceptual' 1 0.06894763160721919
 0.09041995286297304 0.10101010101010101 11 1 2 17 46 0]
[1.8241740961796076 'Conceptual' 1 0.06894763160721919 0.09041995286297304
 3.478114478114478 11 1 2 18 46 0]
[1.5264761334148635 'Conceptual' 1 0.06894763160721919 0.09041995286297304
 3.3097643097643097 11 1 2 19 46 0]
[0.0 'Conceptual' 1 0.06894763160721919 0.09041995286297304 0.0 11 1 3 0
 58 0]
[3.927111353061267 'Conceptual' 1 0.06894763160721919 0.09041995286297304
 6.4646464646464645 11 1 3 1 1 0]
[3.3219671476031363 'Conceptual' 1 0.06894763160721919 0.09041995286297304
 6.4646464646464645 11 1 3 2 44 0]
[3.8857516450838623 'Conceptual' 1 0.06894763160721919 0.09041995286297304
 10.1010101010101 11 1 3 3 45 0]
[4.213397656870596 'Conceptual' 1 0.06894763160721919 0.09041995286297304
 10.1010101010101 11 1 3 4 45 0]
[3.3240987911165476 'Conceptual' 1 0.06894763160721919 0.09041995286297304
 8.383838383838382 11 1 3 5 45 0]
[1.9698874603300456 'Conceptual' 1 0.06894763160721919 0.09041995286297304
 1.1111111111111112 11 1 3 6 45 0]
[0.8916704826678472 'Conceptual' 1 0.06894763160721919 0.09041995286297304
 0.5050505050505051 11 1 3 7 45 0]
[0.0028800983913414772 'Conceptual' 1 0.06894763160721919
 0.09041995286297304 0.30303030303030304 11 1 3 8 44 0]
[0.0006298016333097749 'Conceptual' 1 0.06894763160721919
 0.09041995286297304 0.10101010101010101 11 1 3 9 45 0]
[0.0006298016333097749 'Conceptual' 1 0.06894763160721919
 0.09041995286297304 0.10101010101010101 11 1 3 10 46 0]
[0.0006298016333097749 'Conceptual' 1 0.06894763160721919
 0.09041995286297304 0.10101010101010101 11 1 3 11 46 0]
[0.0006298016333097749 'Conceptual' 1 0.06894763160721919
 0.09041995286297304 0.10101010101010101 11 1 3 12 46 0]
[0.0006298016333097749 'Conceptual' 1 0.06894763160721919
 0.09041995286297304 0.10101010101010101 11 1 3 13 46 0]
[0.0006298016333097749 'Conceptual' 1 0.06894763160721919
 0.09041995286297304 0.10101010101010101 11 1 3 14 46 0]
[0.0006298016333097749 'Conceptual' 1 0.06894763160721919
 0.09041995286297304 0.10101010101010101 11 1 3 15 46 0]
[0.0006298016333097749 'Conceptual' 1 0.06894763160721919
 0.09041995286297304 0.10101010101010101 11 1 3 16 46 0]
[0.0006298016333097749 'Conceptual' 1 0.06894763160721919
 0.09041995286297304 0.10101010101010101 11 1 3 17 46 0]
[1.8241740961796076 'Conceptual' 1 0.06894763160721919 0.09041995286297304
 3.478114478114478 11 1 3 18 46 0]
[1.5264761334148635 'Conceptual' 1 0.06894763160721919 0.09041995286297304
 3.3097643097643097 11 1 3 19 46 0]
[0.0 'Conceptual' 1 0.06894763160721919 0.09041995286297304 0.0 11 1 4 0
 58 0]
[3.927111353061267 'Conceptual' 1 0.06894763160721919 0.09041995286297304
 6.4646464646464645 11 1 4 1 1 0]
[3.3219671476031363 'Conceptual' 1 0.06894763160721919 0.09041995286297304
 6.4646464646464645 11 1 4 2 44 0]
[3.8857516450838623 'Conceptual' 1 0.06894763160721919 0.09041995286297304
 10.1010101010101 11 1 4 3 45 0]
[4.213397656870596 'Conceptual' 1 0.06894763160721919 0.09041995286297304
 10.1010101010101 11 1 4 4 45 0]
[3.3240987911165476 'Conceptual' 1 0.06894763160721919 0.09041995286297304
 8.383838383838382 11 1 4 5 45 0]
[1.9698874603300456 'Conceptual' 1 0.06894763160721919 0.09041995286297304
 1.1111111111111112 11 1 4 6 45 0]
[0.8916704826678472 'Conceptual' 1 0.06894763160721919 0.09041995286297304
 0.5050505050505051 11 1 4 7 45 0]
[0.0028800983913414772 'Conceptual' 1 0.06894763160721919
 0.09041995286297304 0.30303030303030304 11 1 4 8 44 0]
[0.0006298016333097749 'Conceptual' 1 0.06894763160721919
 0.09041995286297304 0.10101010101010101 11 1 4 9 45 0]
[0.0006298016333097749 'Conceptual' 1 0.06894763160721919
 0.09041995286297304 0.10101010101010101 11 1 4 10 46 0]
[0.0006298016333097749 'Conceptual' 1 0.06894763160721919
 0.09041995286297304 0.10101010101010101 11 1 4 11 46 0]
[0.0006298016333097749 'Conceptual' 1 0.06894763160721919
 0.09041995286297304 0.10101010101010101 11 1 4 12 46 0]
[0.0006298016333097749 'Conceptual' 1 0.06894763160721919
 0.09041995286297304 0.10101010101010101 11 1 4 13 46 0]
[0.0006298016333097749 'Conceptual' 1 0.06894763160721919
 0.09041995286297304 0.10101010101010101 11 1 4 14 46 0]
[0.0006298016333097749 'Conceptual' 1 0.06894763160721919
 0.09041995286297304 0.10101010101010101 11 1 4 15 46 0]
[0.0006298016333097749 'Conceptual' 1 0.06894763160721919
 0.09041995286297304 0.10101010101010101 11 1 4 16 46 0]
[0.0006298016333097749 'Conceptual' 1 0.06894763160721919
 0.09041995286297304 0.10101010101010101 11 1 4 17 46 0]
[1.8241740961796076 'Conceptual' 1 0.06894763160721919 0.09041995286297304
 3.478114478114478 11 1 4 18 46 0]
[1.5264761334148635 'Conceptual' 1 0.06894763160721919 0.09041995286297304
 3.3097643097643097 11 1 4 19 46 0]
[0.0 'Conceptual' 1 0.06894763160721919 0.09041995286297304 0.0 11 1 5 0
 58 0]
[3.927111353061267 'Conceptual' 1 0.06894763160721919 0.09041995286297304
 6.4646464646464645 11 1 5 1 1 0]
[3.3219671476031363 'Conceptual' 1 0.06894763160721919 0.09041995286297304
 6.4646464646464645 11 1 5 2 44 0]
[3.8857516450838623 'Conceptual' 1 0.06894763160721919 0.09041995286297304
 10.1010101010101 11 1 5 3 45 0]
[4.213397656870596 'Conceptual' 1 0.06894763160721919 0.09041995286297304
 10.1010101010101 11 1 5 4 45 0]
[3.3240987911165476 'Conceptual' 1 0.06894763160721919 0.09041995286297304
 8.383838383838382 11 1 5 5 45 0]
[1.9698874603300456 'Conceptual' 1 0.06894763160721919 0.09041995286297304
 1.1111111111111112 11 1 5 6 45 0]
[0.8916704826678472 'Conceptual' 1 0.06894763160721919 0.09041995286297304
 0.5050505050505051 11 1 5 7 45 0]
[0.0028800983913414772 'Conceptual' 1 0.06894763160721919
 0.09041995286297304 0.30303030303030304 11 1 5 8 44 0]
[0.0006298016333097749 'Conceptual' 1 0.06894763160721919
 0.09041995286297304 0.10101010101010101 11 1 5 9 45 0]
[0.0006298016333097749 'Conceptual' 1 0.06894763160721919
 0.09041995286297304 0.10101010101010101 11 1 5 10 46 0]
[0.0006298016333097749 'Conceptual' 1 0.06894763160721919
 0.09041995286297304 0.10101010101010101 11 1 5 11 46 0]
[0.0006298016333097749 'Conceptual' 1 0.06894763160721919
 0.09041995286297304 0.10101010101010101 11 1 5 12 46 0]
[0.0006298016333097749 'Conceptual' 1 0.06894763160721919
 0.09041995286297304 0.10101010101010101 11 1 5 13 46 0]
[0.0006298016333097749 'Conceptual' 1 0.06894763160721919
 0.09041995286297304 0.10101010101010101 11 1 5 14 46 0]
[0.0006298016333097749 'Conceptual' 1 0.06894763160721919
 0.09041995286297304 0.10101010101010101 11 1 5 15 46 0]
[0.0006298016333097749 'Conceptual' 1 0.06894763160721919
 0.09041995286297304 0.10101010101010101 11 1 5 16 46 0]
[0.0006298016333097749 'Conceptual' 1 0.06894763160721919
 0.09041995286297304 0.10101010101010101 11 1 5 17 46 0]
[1.8241740961796076 'Conceptual' 1 0.06894763160721919 0.09041995286297304
 3.478114478114478 11 1 5 18 46 0]
[1.5264761334148635 'Conceptual' 1 0.06894763160721919 0.09041995286297304
 3.3097643097643097 11 1 5 19 46 0]
[0.0 'Conceptual' 1 0.06894763160721919 0.09041995286297304 0.0 11 1 6 0
 58 0]
[3.927111353061267 'Conceptual' 1 0.06894763160721919 0.09041995286297304
 6.4646464646464645 11 1 6 1 1 0]
[3.3219671476031363 'Conceptual' 1 0.06894763160721919 0.09041995286297304
 6.4646464646464645 11 1 6 2 44 0]
[3.8857516450838623 'Conceptual' 1 0.06894763160721919 0.09041995286297304
 10.1010101010101 11 1 6 3 45 0]
[4.213397656870596 'Conceptual' 1 0.06894763160721919 0.09041995286297304
 10.1010101010101 11 1 6 4 45 0]
[3.3240987911165476 'Conceptual' 1 0.06894763160721919 0.09041995286297304
 8.383838383838382 11 1 6 5 45 0]
[1.9698874603300456 'Conceptual' 1 0.06894763160721919 0.09041995286297304
 1.1111111111111112 11 1 6 6 45 0]
[0.8916704826678472 'Conceptual' 1 0.06894763160721919 0.09041995286297304
 0.5050505050505051 11 1 6 7 45 0]
[0.0028800983913414772 'Conceptual' 1 0.06894763160721919
 0.09041995286297304 0.30303030303030304 11 1 6 8 44 0]
[0.0006298016333097749 'Conceptual' 1 0.06894763160721919
 0.09041995286297304 0.10101010101010101 11 1 6 9 45 0]
[0.0006298016333097749 'Conceptual' 1 0.06894763160721919
 0.09041995286297304 0.10101010101010101 11 1 6 10 46 0]
[0.0006298016333097749 'Conceptual' 1 0.06894763160721919
 0.09041995286297304 0.10101010101010101 11 1 6 11 46 0]
[0.0006298016333097749 'Conceptual' 1 0.06894763160721919
 0.09041995286297304 0.10101010101010101 11 1 6 12 46 0]
[0.0006298016333097749 'Conceptual' 1 0.06894763160721919
 0.09041995286297304 0.10101010101010101 11 1 6 13 46 0]
[0.0006298016333097749 'Conceptual' 1 0.06894763160721919
 0.09041995286297304 0.10101010101010101 11 1 6 14 46 0]
[0.0006298016333097749 'Conceptual' 1 0.06894763160721919
 0.09041995286297304 0.10101010101010101 11 1 6 15 46 0]
[0.0006298016333097749 'Conceptual' 1 0.06894763160721919
 0.09041995286297304 0.10101010101010101 11 1 6 16 46 0]
[0.0006298016333097749 'Conceptual' 1 0.06894763160721919
 0.09041995286297304 0.10101010101010101 11 1 6 17 46 0]
[1.8241740961796076 'Conceptual' 1 0.06894763160721919 0.09041995286297304
 3.478114478114478 11 1 6 18 46 0]
[1.5264761334148635 'Conceptual' 1 0.06894763160721919 0.09041995286297304
 3.3097643097643097 11 1 6 19 46 0]
[0.0 'Conceptual' 1 0.06894763160721919 0.09041995286297304 0.0 11 1 7 0
 58 0]
[3.927111353061267 'Conceptual' 1 0.06894763160721919 0.09041995286297304
 6.4646464646464645 11 1 7 1 1 0]
[3.3219671476031363 'Conceptual' 1 0.06894763160721919 0.09041995286297304
 6.4646464646464645 11 1 7 2 44 0]
[3.8857516450838623 'Conceptual' 1 0.06894763160721919 0.09041995286297304
 10.1010101010101 11 1 7 3 45 0]
[4.213397656870596 'Conceptual' 1 0.06894763160721919 0.09041995286297304
 10.1010101010101 11 1 7 4 45 0]
[3.3240987911165476 'Conceptual' 1 0.06894763160721919 0.09041995286297304
 8.383838383838382 11 1 7 5 45 0]
[1.9698874603300456 'Conceptual' 1 0.06894763160721919 0.09041995286297304
 1.1111111111111112 11 1 7 6 45 0]
[0.8916704826678472 'Conceptual' 1 0.06894763160721919 0.09041995286297304
 0.5050505050505051 11 1 7 7 45 0]
[0.0028800983913414772 'Conceptual' 1 0.06894763160721919
 0.09041995286297304 0.30303030303030304 11 1 7 8 44 0]
[0.0006298016333097749 'Conceptual' 1 0.06894763160721919
 0.09041995286297304 0.10101010101010101 11 1 7 9 45 0]
[0.0006298016333097749 'Conceptual' 1 0.06894763160721919
 0.09041995286297304 0.10101010101010101 11 1 7 10 46 0]
[0.0006298016333097749 'Conceptual' 1 0.06894763160721919
 0.09041995286297304 0.10101010101010101 11 1 7 11 46 0]
[0.0006298016333097749 'Conceptual' 1 0.06894763160721919
 0.09041995286297304 0.10101010101010101 11 1 7 12 46 0]
[0.0006298016333097749 'Conceptual' 1 0.06894763160721919
 0.09041995286297304 0.10101010101010101 11 1 7 13 46 0]
[0.0006298016333097749 'Conceptual' 1 0.06894763160721919
 0.09041995286297304 0.10101010101010101 11 1 7 14 46 0]
[0.0006298016333097749 'Conceptual' 1 0.06894763160721919
 0.09041995286297304 0.10101010101010101 11 1 7 15 46 0]
[0.0006298016333097749 'Conceptual' 1 0.06894763160721919
 0.09041995286297304 0.10101010101010101 11 1 7 16 46 0]
[0.0006298016333097749 'Conceptual' 1 0.06894763160721919
 0.09041995286297304 0.10101010101010101 11 1 7 17 46 0]
[1.8241740961796076 'Conceptual' 1 0.06894763160721919 0.09041995286297304
 3.478114478114478 11 1 7 18 46 0]
[1.5264761334148635 'Conceptual' 1 0.06894763160721919 0.09041995286297304
 3.3097643097643097 11 1 7 19 46 0]
[0.0 'Conceptual' 1 0.06894763160721919 0.09041995286297304 0.0 11 1 8 0
 58 0]
[3.927111353061267 'Conceptual' 1 0.06894763160721919 0.09041995286297304
 6.4646464646464645 11 1 8 1 1 0]
[3.3219671476031363 'Conceptual' 1 0.06894763160721919 0.09041995286297304
 6.4646464646464645 11 1 8 2 44 0]
[3.8857516450838623 'Conceptual' 1 0.06894763160721919 0.09041995286297304
 10.1010101010101 11 1 8 3 45 0]
[4.213397656870596 'Conceptual' 1 0.06894763160721919 0.09041995286297304
 10.1010101010101 11 1 8 4 45 0]
[3.3240987911165476 'Conceptual' 1 0.06894763160721919 0.09041995286297304
 8.383838383838382 11 1 8 5 45 0]
[1.9698874603300456 'Conceptual' 1 0.06894763160721919 0.09041995286297304
 1.1111111111111112 11 1 8 6 45 0]
[0.8916704826678472 'Conceptual' 1 0.06894763160721919 0.09041995286297304
 0.5050505050505051 11 1 8 7 45 0]
[0.0028800983913414772 'Conceptual' 1 0.06894763160721919
 0.09041995286297304 0.30303030303030304 11 1 8 8 44 0]
[0.0006298016333097749 'Conceptual' 1 0.06894763160721919
 0.09041995286297304 0.10101010101010101 11 1 8 9 45 0]
[0.0006298016333097749 'Conceptual' 1 0.06894763160721919
 0.09041995286297304 0.10101010101010101 11 1 8 10 46 0]
[0.0006298016333097749 'Conceptual' 1 0.06894763160721919
 0.09041995286297304 0.10101010101010101 11 1 8 11 46 0]
[0.0006298016333097749 'Conceptual' 1 0.06894763160721919
 0.09041995286297304 0.10101010101010101 11 1 8 12 46 0]
[0.0006298016333097749 'Conceptual' 1 0.06894763160721919
 0.09041995286297304 0.10101010101010101 11 1 8 13 46 0]
[0.0006298016333097749 'Conceptual' 1 0.06894763160721919
 0.09041995286297304 0.10101010101010101 11 1 8 14 46 0]
[0.0006298016333097749 'Conceptual' 1 0.06894763160721919
 0.09041995286297304 0.10101010101010101 11 1 8 15 46 0]
[0.0006298016333097749 'Conceptual' 1 0.06894763160721919
 0.09041995286297304 0.10101010101010101 11 1 8 16 46 0]
[0.0006298016333097749 'Conceptual' 1 0.06894763160721919
 0.09041995286297304 0.10101010101010101 11 1 8 17 46 0]
[1.8241740961796076 'Conceptual' 1 0.06894763160721919 0.09041995286297304
 3.478114478114478 11 1 8 18 46 0]
[1.5264761334148635 'Conceptual' 1 0.06894763160721919 0.09041995286297304
 3.3097643097643097 11 1 8 19 46 0]
