[0.0 'Spatial' 1 0.13663289846748491 0.4114784523275534 0.0 39 1 0 0 54 1]
[3.652285751587799 'Spatial' 1 0.13663289846748491 0.4114784523275534
 4.102564102564102 39 1 0 1 9 1]
[3.4619138174686337 'Spatial' 1 0.13663289846748491 0.4114784523275534
 2.4615384615384617 39 1 0 2 49 1]
[2.8601635999878408 'Spatial' 1 0.13663289846748491 0.4114784523275534
 2.437606837606838 39 1 0 3 14 1]
[2.6101674021811103 'Spatial' 1 0.13663289846748491 0.4114784523275534
 2.54017094017094 39 1 0 4 15 1]
[2.165991950710975 'Spatial' 1 0.13663289846748491 0.4114784523275534
 2.847863247863248 39 1 0 5 7 1]
[2.058087854296042 'Spatial' 1 0.13663289846748491 0.4114784523275534
 2.7452991452991453 39 1 0 6 6 1]
[1.5951820710580564 'Spatial' 1 0.13663289846748491 0.4114784523275534
 2.0273504273504273 39 1 0 7 14 1]
[1.461892117351225 'Spatial' 1 0.13663289846748491 0.4114784523275534
 2.847863247863248 39 1 0 8 7 1]
[0.041002964001946876 'Spatial' 1 0.13663289846748491 0.4114784523275534
 0.6153846153846153 39 1 0 9 7 1]
[1.6997533032769312 'Spatial' 1 0.13663289846748491 0.4114784523275534
 2.769230769230769 39 1 0 10 6 1]
[0.0027713071542684545 'Spatial' 1 0.13663289846748491 0.4114784523275534
 0.10256410256410256 39 1 0 11 7 1]
[0.00063180613007554 'Spatial' 1 0.13663289846748491 0.4114784523275534
 0.10256410256410256 39 1 0 12 7 1]
[0.0006298016333102192 'Spatial' 1 0.13663289846748491 0.4114784523275534
 0.10256410256410256 39 1 0 13 7 1]
[0.0006298016333102192 'Spatial' 1 0.13663289846748491 0.4114784523275534
 0.10256410256410256 39 1 0 14 7 1]
[0.0006298016333102192 'Spatial' 1 0.13663289846748491 0.4114784523275534
 0.10256410256410256 39 1 0 15 7 1]
[1.7583143155298322 'Spatial' 1 0.13663289846748491 0.4114784523275534
 4.102564102564102 39 1 0 16 6 1]
[1.478788252537434 'Spatial' 1 0.13663289846748491 0.4114784523275534
 4.102564102564102 39 1 0 17 15 1]
[0.0 'Spatial' 1 0.13663289846748491 0.4114784523275534 0.0 39 1 2 0 7 1]
[3.652285751587799 'Spatial' 1 0.13663289846748491 0.4114784523275534
 4.102564102564102 39 1 2 1 14 1]
[3.4619138174686337 'Spatial' 1 0.13663289846748491 0.4114784523275534
 2.4615384615384617 39 1 2 2 49 1]
[2.8601635999878408 'Spatial' 1 0.13663289846748491 0.4114784523275534
 2.437606837606838 39 1 2 3 56 1]
[2.6101674021811103 'Spatial' 1 0.13663289846748491 0.4114784523275534
 2.54017094017094 39 1 2 4 48 1]
[2.165991950710975 'Spatial' 1 0.13663289846748491 0.4114784523275534
 2.847863247863248 39 1 2 5 56 1]
[2.058087854296042 'Spatial' 1 0.13663289846748491 0.4114784523275534
 2.7452991452991453 39 1 2 6 57 1]
[1.5951820710580564 'Spatial' 1 0.13663289846748491 0.4114784523275534
 2.0273504273504273 39 1 2 7 58 1]
[1.461892117351225 'Spatial' 1 0.13663289846748491 0.4114784523275534
 2.847863247863248 39 1 2 8 49 1]
[0.041002964001946876 'Spatial' 1 0.13663289846748491 0.4114784523275534
 0.6153846153846153 39 1 2 9 57 1]
[1.6997533032769312 'Spatial' 1 0.13663289846748491 0.4114784523275534
 2.769230769230769 39 1 2 10 56 1]
[0.0027713071542684545 'Spatial' 1 0.13663289846748491 0.4114784523275534
 0.10256410256410256 39 1 2 11 56 1]
[0.00063180613007554 'Spatial' 1 0.13663289846748491 0.4114784523275534
 0.10256410256410256 39 1 2 12 57 1]
[0.0006298016333102192 'Spatial' 1 0.13663289846748491 0.4114784523275534
 0.10256410256410256 39 1 2 13 57 1]
[0.0006298016333102192 'Spatial' 1 0.13663289846748491 0.4114784523275534
 0.10256410256410256 39 1 2 14 56 1]
[0.0006298016333102192 'Spatial' 1 0.13663289846748491 0.4114784523275534
 0.10256410256410256 39 1 2 15 56 1]
[1.7583143155298322 'Spatial' 1 0.13663289846748491 0.4114784523275534
 4.102564102564102 39 1 2 16 56 1]
[1.478788252537434 'Spatial' 1 0.13663289846748491 0.4114784523275534
 4.102564102564102 39 1 2 17 48 1]
[0.0 'Spatial' 1 0.13663289846748491 0.4114784523275534 0.0 39 1 3 0 57 1]
[3.652285751587799 'Spatial' 1 0.13663289846748491 0.4114784523275534
 4.102564102564102 39 1 3 1 56 1]
[3.4619138174686337 'Spatial' 1 0.13663289846748491 0.4114784523275534
 2.4615384615384617 39 1 3 2 57 1]
[2.8601635999878408 'Spatial' 1 0.13663289846748491 0.4114784523275534
 2.437606837606838 39 1 3 3 56 1]
[2.6101674021811103 'Spatial' 1 0.13663289846748491 0.4114784523275534
 2.54017094017094 39 1 3 4 9 1]
[2.165991950710975 'Spatial' 1 0.13663289846748491 0.4114784523275534
 2.847863247863248 39 1 3 5 14 1]
[2.058087854296042 'Spatial' 1 0.13663289846748491 0.4114784523275534
 2.7452991452991453 39 1 3 6 5 1]
[1.5951820710580564 'Spatial' 1 0.13663289846748491 0.4114784523275534
 2.0273504273504273 39 1 3 7 7 1]
[1.461892117351225 'Spatial' 1 0.13663289846748491 0.4114784523275534
 2.847863247863248 39 1 3 8 15 1]
[0.041002964001946876 'Spatial' 1 0.13663289846748491 0.4114784523275534
 0.6153846153846153 39 1 3 9 7 1]
[1.6997533032769312 'Spatial' 1 0.13663289846748491 0.4114784523275534
 2.769230769230769 39 1 3 10 7 1]
[0.0027713071542684545 'Spatial' 1 0.13663289846748491 0.4114784523275534
 0.10256410256410256 39 1 3 11 7 1]
[0.00063180613007554 'Spatial' 1 0.13663289846748491 0.4114784523275534
 0.10256410256410256 39 1 3 12 7 1]
[0.0006298016333102192 'Spatial' 1 0.13663289846748491 0.4114784523275534
 0.10256410256410256 39 1 3 13 6 1]
[0.0006298016333102192 'Spatial' 1 0.13663289846748491 0.4114784523275534
 0.10256410256410256 39 1 3 14 7 1]
[0.0006298016333102192 'Spatial' 1 0.13663289846748491 0.4114784523275534
 0.10256410256410256 39 1 3 15 7 1]
[1.7583143155298322 'Spatial' 1 0.13663289846748491 0.4114784523275534
 4.102564102564102 39 1 3 16 7 1]
[1.478788252537434 'Spatial' 1 0.13663289846748491 0.4114784523275534
 4.102564102564102 39 1 3 17 7 1]
[0.0 'Spatial' 1 0.13663289846748491 0.4114784523275534 0.0 39 1 4 0 7 1]
[3.652285751587799 'Spatial' 1 0.13663289846748491 0.4114784523275534
 4.102564102564102 39 1 4 1 7 1]
[3.4619138174686337 'Spatial' 1 0.13663289846748491 0.4114784523275534
 2.4615384615384617 39 1 4 2 7 1]
[2.8601635999878408 'Spatial' 1 0.13663289846748491 0.4114784523275534
 2.437606837606838 39 1 4 3 7 1]
[2.6101674021811103 'Spatial' 1 0.13663289846748491 0.4114784523275534
 2.54017094017094 39 1 4 4 7 1]
[2.165991950710975 'Spatial' 1 0.13663289846748491 0.4114784523275534
 2.847863247863248 39 1 4 5 7 1]
[2.058087854296042 'Spatial' 1 0.13663289846748491 0.4114784523275534
 2.7452991452991453 39 1 4 6 49 1]
[1.5951820710580564 'Spatial' 1 0.13663289846748491 0.4114784523275534
 2.0273504273504273 39 1 4 7 54 1]
[1.461892117351225 'Spatial' 1 0.13663289846748491 0.4114784523275534
 2.847863247863248 39 1 4 8 14 1]
[0.041002964001946876 'Spatial' 1 0.13663289846748491 0.4114784523275534
 0.6153846153846153 39 1 4 9 9 1]
[1.6997533032769312 'Spatial' 1 0.13663289846748491 0.4114784523275534
 2.769230769230769 39 1 4 10 0 1]
[0.0027713071542684545 'Spatial' 1 0.13663289846748491 0.4114784523275534
 0.10256410256410256 39 1 4 11 1 1]
[0.00063180613007554 'Spatial' 1 0.13663289846748491 0.4114784523275534
 0.10256410256410256 39 1 4 12 2 1]
[0.0006298016333102192 'Spatial' 1 0.13663289846748491 0.4114784523275534
 0.10256410256410256 39 1 4 13 4 1]
[0.0006298016333102192 'Spatial' 1 0.13663289846748491 0.4114784523275534
 0.10256410256410256 39 1 4 14 10 1]
[0.0006298016333102192 'Spatial' 1 0.13663289846748491 0.4114784523275534
 0.10256410256410256 39 1 4 15 9 1]
[1.7583143155298322 'Spatial' 1 0.13663289846748491 0.4114784523275534
 4.102564102564102 39 1 4 16 2 1]
[1.478788252537434 'Spatial' 1 0.13663289846748491 0.4114784523275534
 4.102564102564102 39 1 4 17 1 1]
[0.0 'Spatial' 1 0.13663289846748491 0.4114784523275534 0.0 39 1 5 0 0 1]
[3.652285751587799 'Spatial' 1 0.13663289846748491 0.4114784523275534
 4.102564102564102 39 1 5 1 1 1]
[3.4619138174686337 'Spatial' 1 0.13663289846748491 0.4114784523275534
 2.4615384615384617 39 1 5 2 1 1]
[2.8601635999878408 'Spatial' 1 0.13663289846748491 0.4114784523275534
 2.437606837606838 39 1 5 3 1 1]
[2.6101674021811103 'Spatial' 1 0.13663289846748491 0.4114784523275534
 2.54017094017094 39 1 5 4 1 1]
[2.165991950710975 'Spatial' 1 0.13663289846748491 0.4114784523275534
 2.847863247863248 39 1 5 5 9 1]
[2.058087854296042 'Spatial' 1 0.13663289846748491 0.4114784523275534
 2.7452991452991453 39 1 5 6 9 1]
[1.5951820710580564 'Spatial' 1 0.13663289846748491 0.4114784523275534
 2.0273504273504273 39 1 5 7 9 1]
[1.461892117351225 'Spatial' 1 0.13663289846748491 0.4114784523275534
 2.847863247863248 39 1 5 8 14 1]
[0.041002964001946876 'Spatial' 1 0.13663289846748491 0.4114784523275534
 0.6153846153846153 39 1 5 9 9 1]
[1.6997533032769312 'Spatial' 1 0.13663289846748491 0.4114784523275534
 2.769230769230769 39 1 5 10 0 1]
[0.0027713071542684545 'Spatial' 1 0.13663289846748491 0.4114784523275534
 0.10256410256410256 39 1 5 11 1 1]
[0.00063180613007554 'Spatial' 1 0.13663289846748491 0.4114784523275534
 0.10256410256410256 39 1 5 12 3 1]
[0.0006298016333102192 'Spatial' 1 0.13663289846748491 0.4114784523275534
 0.10256410256410256 39 1 5 13 10 1]
[0.0006298016333102192 'Spatial' 1 0.13663289846748491 0.4114784523275534
 0.10256410256410256 39 1 5 14 8 1]
[0.0006298016333102192 'Spatial' 1 0.13663289846748491 0.4114784523275534
 0.10256410256410256 39 1 5 15 0 1]
[1.7583143155298322 'Spatial' 1 0.13663289846748491 0.4114784523275534
 4.102564102564102 39 1 5 16 0 1]
[1.478788252537434 'Spatial' 1 0.13663289846748491 0.4114784523275534
 4.102564102564102 39 1 5 17 1 1]
[0.0 'Spatial' 1 0.13663289846748491 0.4114784523275534 0.0 39 1 6 0 1 1]
[3.652285751587799 'Spatial' 1 0.13663289846748491 0.4114784523275534
 4.102564102564102 39 1 6 1 9 1]
[3.4619138174686337 'Spatial' 1 0.13663289846748491 0.4114784523275534
 2.4615384615384617 39 1 6 2 1 1]
[2.8601635999878408 'Spatial' 1 0.13663289846748491 0.4114784523275534
 2.437606837606838 39 1 6 3 1 1]
[2.6101674021811103 'Spatial' 1 0.13663289846748491 0.4114784523275534
 2.54017094017094 39 1 6 4 0 1]
[2.165991950710975 'Spatial' 1 0.13663289846748491 0.4114784523275534
 2.847863247863248 39 1 6 5 1 1]
[2.058087854296042 'Spatial' 1 0.13663289846748491 0.4114784523275534
 2.7452991452991453 39 1 6 6 9 1]
[1.5951820710580564 'Spatial' 1 0.13663289846748491 0.4114784523275534
 2.0273504273504273 39 1 6 7 9 1]
[1.461892117351225 'Spatial' 1 0.13663289846748491 0.4114784523275534
 2.847863247863248 39 1 6 8 0 1]
[0.041002964001946876 'Spatial' 1 0.13663289846748491 0.4114784523275534
 0.6153846153846153 39 1 6 9 0 1]
[1.6997533032769312 'Spatial' 1 0.13663289846748491 0.4114784523275534
 2.769230769230769 39 1 6 10 49 1]
[0.0027713071542684545 'Spatial' 1 0.13663289846748491 0.4114784523275534
 0.10256410256410256 39 1 6 11 54 1]
[0.00063180613007554 'Spatial' 1 0.13663289846748491 0.4114784523275534
 0.10256410256410256 39 1 6 12 63 1]
[0.0006298016333102192 'Spatial' 1 0.13663289846748491 0.4114784523275534
 0.10256410256410256 39 1 6 13 47 1]
[0.0006298016333102192 'Spatial' 1 0.13663289846748491 0.4114784523275534
 0.10256410256410256 39 1 6 14 61 1]
[0.0006298016333102192 'Spatial' 1 0.13663289846748491 0.4114784523275534
 0.10256410256410256 39 1 6 15 62 1]
[1.7583143155298322 'Spatial' 1 0.13663289846748491 0.4114784523275534
 4.102564102564102 39 1 6 16 53 1]
[1.478788252537434 'Spatial' 1 0.13663289846748491 0.4114784523275534
 4.102564102564102 39 1 6 17 61 1]
[0.0 'Spatial' 1 0.13663289846748491 0.4114784523275534 0.0 39 1 7 0 62 1]
[3.652285751587799 'Spatial' 1 0.13663289846748491 0.4114784523275534
 4.102564102564102 39 1 7 1 63 1]
[3.4619138174686337 'Spatial' 1 0.13663289846748491 0.4114784523275534
 2.4615384615384617 39 1 7 2 60 1]
[2.8601635999878408 'Spatial' 1 0.13663289846748491 0.4114784523275534
 2.437606837606838 39 1 7 3 62 1]
[2.6101674021811103 'Spatial' 1 0.13663289846748491 0.4114784523275534
 2.54017094017094 39 1 7 4 61 1]
[2.165991950710975 'Spatial' 1 0.13663289846748491 0.4114784523275534
 2.847863247863248 39 1 7 5 62 1]
[2.058087854296042 'Spatial' 1 0.13663289846748491 0.4114784523275534
 2.7452991452991453 39 1 7 6 54 1]
[1.5951820710580564 'Spatial' 1 0.13663289846748491 0.4114784523275534
 2.0273504273504273 39 1 7 7 53 1]
[1.461892117351225 'Spatial' 1 0.13663289846748491 0.4114784523275534
 2.847863247863248 39 1 7 8 62 1]
[0.041002964001946876 'Spatial' 1 0.13663289846748491 0.4114784523275534
 0.6153846153846153 39 1 7 9 62 1]
[1.6997533032769312 'Spatial' 1 0.13663289846748491 0.4114784523275534
 2.769230769230769 39 1 7 10 61 1]
[0.0027713071542684545 'Spatial' 1 0.13663289846748491 0.4114784523275534
 0.10256410256410256 39 1 7 11 61 1]
[0.00063180613007554 'Spatial' 1 0.13663289846748491 0.4114784523275534
 0.10256410256410256 39 1 7 12 9 1]
[0.0006298016333102192 'Spatial' 1 0.13663289846748491 0.4114784523275534
 0.10256410256410256 39 1 7 13 14 1]
[0.0006298016333102192 'Spatial' 1 0.13663289846748491 0.4114784523275534
 0.10256410256410256 39 1 7 14 53 1]
[0.0006298016333102192 'Spatial' 1 0.13663289846748491 0.4114784523275534
 0.10256410256410256 39 1 7 15 47 1]
[1.7583143155298322 'Spatial' 1 0.13663289846748491 0.4114784523275534
 4.102564102564102 39 1 7 16 63 1]
[1.478788252537434 'Spatial' 1 0.13663289846748491 0.4114784523275534
 4.102564102564102 39 1 7 17 61 1]
[0.0 'Spatial' 1 0.13663289846748491 0.4114784523275534 0.0 39 1 8 0 61 1]
[3.652285751587799 'Spatial' 1 0.13663289846748491 0.4114784523275534
 4.102564102564102 39 1 8 1 60 1]
[3.4619138174686337 'Spatial' 1 0.13663289846748491 0.4114784523275534
 2.4615384615384617 39 1 8 2 61 1]
[2.8601635999878408 'Spatial' 1 0.13663289846748491 0.4114784523275534
 2.437606837606838 39 1 8 3 60 1]
[2.6101674021811103 'Spatial' 1 0.13663289846748491 0.4114784523275534
 2.54017094017094 39 1 8 4 61 1]
[2.165991950710975 'Spatial' 1 0.13663289846748491 0.4114784523275534
 2.847863247863248 39 1 8 5 61 1]
[2.058087854296042 'Spatial' 1 0.13663289846748491 0.4114784523275534
 2.7452991452991453 39 1 8 6 61 1]
[1.5951820710580564 'Spatial' 1 0.13663289846748491 0.4114784523275534
 2.0273504273504273 39 1 8 7 61 1]
[1.461892117351225 'Spatial' 1 0.13663289846748491 0.4114784523275534
 2.847863247863248 39 1 8 8 61 1]
[0.041002964001946876 'Spatial' 1 0.13663289846748491 0.4114784523275534
 0.6153846153846153 39 1 8 9 60 1]
[1.6997533032769312 'Spatial' 1 0.13663289846748491 0.4114784523275534
 2.769230769230769 39 1 8 10 61 1]
[0.0027713071542684545 'Spatial' 1 0.13663289846748491 0.4114784523275534
 0.10256410256410256 39 1 8 11 61 1]
[0.00063180613007554 'Spatial' 1 0.13663289846748491 0.4114784523275534
 0.10256410256410256 39 1 8 12 60 1]
[0.0006298016333102192 'Spatial' 1 0.13663289846748491 0.4114784523275534
 0.10256410256410256 39 1 8 13 61 1]
[0.0006298016333102192 'Spatial' 1 0.13663289846748491 0.4114784523275534
 0.10256410256410256 39 1 8 14 49 1]
[0.0006298016333102192 'Spatial' 1 0.13663289846748491 0.4114784523275534
 0.10256410256410256 39 1 8 15 54 1]
[1.7583143155298322 'Spatial' 1 0.13663289846748491 0.4114784523275534
 4.102564102564102 39 1 8 16 9 1]
[1.478788252537434 'Spatial' 1 0.13663289846748491 0.4114784523275534
 4.102564102564102 39 1 8 17 1 1]
