[0.0 'Conceptual' 1 0.5338681532330335 2.0903793118635665 0.0 94 8 0 0 14
 1]
[4.143451021118503 'Conceptual' 1 0.5338681532330335 2.0903793118635665
 0.10256410256410256 94 8 0 1 6 1]
[3.9434989694947284 'Conceptual' 1 0.5338681532330335 2.0903793118635665
 2.54017094017094 94 8 0 2 31 1]
[3.3833785962497345 'Conceptual' 1 0.5338681532330335 2.0903793118635665
 3.1794871794871793 94 8 0 3 3 1]
[2.584836074842633 'Conceptual' 1 0.5338681532330335 2.0903793118635665
 3.3606837606837607 94 8 0 4 14 1]
[4.093277786536022 'Conceptual' 1 0.5338681532330335 2.0903793118635665
 0.5914529914529914 94 8 0 5 57 1]
[4.083915425837001 'Conceptual' 1 0.5338681532330335 2.0903793118635665
 3.223931623931624 94 8 0 6 56 1]
[3.3028443300253603 'Conceptual' 1 0.5338681532330335 2.0903793118635665
 3.3606837606837607 94 8 0 7 56 1]
[2.906823984223242 'Conceptual' 1 0.5338681532330335 2.0903793118635665
 2.9504273504273506 94 8 0 8 57 1]
[2.5324587404655015 'Conceptual' 1 0.5338681532330335 2.0903793118635665
 2.5641025641025643 94 8 0 9 49 1]
[1.9847719687996823 'Conceptual' 1 0.5338681532330335 2.0903793118635665
 1.3777777777777778 94 8 0 10 56 1]
[1.2027487166543047 'Conceptual' 1 0.5338681532330335 2.0903793118635665
 1.07008547008547 94 8 0 11 56 1]
[0.646949869224855 'Conceptual' 1 0.5338681532330335 2.0903793118635665
 0.9675213675213674 94 8 0 12 56 1]
[0.3275845533918752 'Conceptual' 1 0.5338681532330335 2.0903793118635665
 0.8991452991452991 94 8 0 13 56 1]
[0.16352628367933117 'Conceptual' 1 0.5338681532330335 2.0903793118635665
 0.8205128205128205 94 8 0 14 56 1]
[0.08238797698956875 'Conceptual' 1 0.5338681532330335 2.0903793118635665
 0.7965811965811965 94 8 0 15 56 1]
[0.042633240207503253 'Conceptual' 1 0.5338681532330335 2.0903793118635665
 0.7623931623931623 94 8 0 16 56 1]
[0.022740375718839616 'Conceptual' 1 0.5338681532330335 2.0903793118635665
 0.717948717948718 94 8 0 17 56 1]
[0.01242975395728749 'Conceptual' 1 0.5338681532330335 2.0903793118635665
 0.717948717948718 94 8 0 18 56 1]
[0.006935472496473857 'Conceptual' 1 0.5338681532330335 2.0903793118635665
 0.38632478632478634 94 8 0 19 56 1]
[0.0 'Conceptual' 1 0.5338681532330335 2.0903793118635665 0.0 94 8 1 0 63
 1]
[4.143451021118503 'Conceptual' 1 0.5338681532330335 2.0903793118635665
 0.10256410256410256 94 8 1 1 59 1]
[3.9434989694947284 'Conceptual' 1 0.5338681532330335 2.0903793118635665
 2.54017094017094 94 8 1 2 0 1]
[3.3833785962497345 'Conceptual' 1 0.5338681532330335 2.0903793118635665
 3.1794871794871793 94 8 1 3 7 1]
[2.584836074842633 'Conceptual' 1 0.5338681532330335 2.0903793118635665
 3.3606837606837607 94 8 1 4 56 1]
[4.093277786536022 'Conceptual' 1 0.5338681532330335 2.0903793118635665
 0.5914529914529914 94 8 1 5 36 1]
[4.083915425837001 'Conceptual' 1 0.5338681532330335 2.0903793118635665
 3.223931623931624 94 8 1 6 25 1]
[3.3028443300253603 'Conceptual' 1 0.5338681532330335 2.0903793118635665
 3.3606837606837607 94 8 1 7 7 1]
[2.906823984223242 'Conceptual' 1 0.5338681532330335 2.0903793118635665
 2.9504273504273506 94 8 1 8 7 1]
[2.5324587404655015 'Conceptual' 1 0.5338681532330335 2.0903793118635665
 2.5641025641025643 94 8 1 9 63 1]
[1.9847719687996823 'Conceptual' 1 0.5338681532330335 2.0903793118635665
 1.3777777777777778 94 8 1 10 61 1]
[1.2027487166543047 'Conceptual' 1 0.5338681532330335 2.0903793118635665
 1.07008547008547 94 8 1 11 63 1]
[0.646949869224855 'Conceptual' 1 0.5338681532330335 2.0903793118635665
 0.9675213675213674 94 8 1 12 47 1]
[0.3275845533918752 'Conceptual' 1 0.5338681532330335 2.0903793118635665
 0.8991452991452991 94 8 1 13 63 1]
[0.16352628367933117 'Conceptual' 1 0.5338681532330335 2.0903793118635665
 0.8205128205128205 94 8 1 14 63 1]
[0.08238797698956875 'Conceptual' 1 0.5338681532330335 2.0903793118635665
 0.7965811965811965 94 8 1 15 63 1]
[0.042633240207503253 'Conceptual' 1 0.5338681532330335 2.0903793118635665
 0.7623931623931623 94 8 1 16 63 1]
[0.022740375718839616 'Conceptual' 1 0.5338681532330335 2.0903793118635665
 0.717948717948718 94 8 1 17 63 1]
[0.01242975395728749 'Conceptual' 1 0.5338681532330335 2.0903793118635665
 0.717948717948718 94 8 1 18 63 1]
[0.006935472496473857 'Conceptual' 1 0.5338681532330335 2.0903793118635665
 0.38632478632478634 94 8 1 19 63 1]
[0.0 'Conceptual' 1 0.5338681532330335 2.0903793118635665 0.0 94 8 2 0 0 1]
[4.143451021118503 'Conceptual' 1 0.5338681532330335 2.0903793118635665
 0.10256410256410256 94 8 2 1 63 1]
[3.9434989694947284 'Conceptual' 1 0.5338681532330335 2.0903793118635665
 2.54017094017094 94 8 2 2 56 1]
[3.3833785962497345 'Conceptual' 1 0.5338681532330335 2.0903793118635665
 3.1794871794871793 94 8 2 3 27 1]
[2.584836074842633 'Conceptual' 1 0.5338681532330335 2.0903793118635665
 3.3606837606837607 94 8 2 4 14 1]
[4.093277786536022 'Conceptual' 1 0.5338681532330335 2.0903793118635665
 0.5914529914529914 94 8 2 5 6 1]
[4.083915425837001 'Conceptual' 1 0.5338681532330335 2.0903793118635665
 3.223931623931624 94 8 2 6 7 1]
[3.3028443300253603 'Conceptual' 1 0.5338681532330335 2.0903793118635665
 3.3606837606837607 94 8 2 7 7 1]
[2.906823984223242 'Conceptual' 1 0.5338681532330335 2.0903793118635665
 2.9504273504273506 94 8 2 8 7 1]
[2.5324587404655015 'Conceptual' 1 0.5338681532330335 2.0903793118635665
 2.5641025641025643 94 8 2 9 7 1]
[1.9847719687996823 'Conceptual' 1 0.5338681532330335 2.0903793118635665
 1.3777777777777778 94 8 2 10 7 1]
[1.2027487166543047 'Conceptual' 1 0.5338681532330335 2.0903793118635665
 1.07008547008547 94 8 2 11 7 1]
[0.646949869224855 'Conceptual' 1 0.5338681532330335 2.0903793118635665
 0.9675213675213674 94 8 2 12 7 1]
[0.3275845533918752 'Conceptual' 1 0.5338681532330335 2.0903793118635665
 0.8991452991452991 94 8 2 13 7 1]
[0.16352628367933117 'Conceptual' 1 0.5338681532330335 2.0903793118635665
 0.8205128205128205 94 8 2 14 7 1]
[0.08238797698956875 'Conceptual' 1 0.5338681532330335 2.0903793118635665
 0.7965811965811965 94 8 2 15 7 1]
[0.042633240207503253 'Conceptual' 1 0.5338681532330335 2.0903793118635665
 0.7623931623931623 94 8 2 16 7 1]
[0.022740375718839616 'Conceptual' 1 0.5338681532330335 2.0903793118635665
 0.717948717948718 94 8 2 17 7 1]
[0.01242975395728749 'Conceptual' 1 0.5338681532330335 2.0903793118635665
 0.717948717948718 94 8 2 18 7 1]
[0.006935472496473857 'Conceptual' 1 0.5338681532330335 2.0903793118635665
 0.38632478632478634 94 8 2 19 7 1]
[0.0 'Conceptual' 1 0.5338681532330335 2.0903793118635665 0.0 94 8 3 0 0 1]
[4.143451021118503 'Conceptual' 1 0.5338681532330335 2.0903793118635665
 0.10256410256410256 94 8 3 1 63 1]
[3.9434989694947284 'Conceptual' 1 0.5338681532330335 2.0903793118635665
 2.54017094017094 94 8 3 2 56 1]
[3.3833785962497345 'Conceptual' 1 0.5338681532330335 2.0903793118635665
 3.1794871794871793 94 8 3 3 7 1]
[2.584836074842633 'Conceptual' 1 0.5338681532330335 2.0903793118635665
 3.3606837606837607 94 8 3 4 7 1]
[4.093277786536022 'Conceptual' 1 0.5338681532330335 2.0903793118635665
 0.5914529914529914 94 8 3 5 7 1]
[4.083915425837001 'Conceptual' 1 0.5338681532330335 2.0903793118635665
 3.223931623931624 94 8 3 6 7 1]
[3.3028443300253603 'Conceptual' 1 0.5338681532330335 2.0903793118635665
 3.3606837606837607 94 8 3 7 7 1]
[2.906823984223242 'Conceptual' 1 0.5338681532330335 2.0903793118635665
 2.9504273504273506 94 8 3 8 7 1]
[2.5324587404655015 'Conceptual' 1 0.5338681532330335 2.0903793118635665
 2.5641025641025643 94 8 3 9 7 1]
[1.9847719687996823 'Conceptual' 1 0.5338681532330335 2.0903793118635665
 1.3777777777777778 94 8 3 10 7 1]
[1.2027487166543047 'Conceptual' 1 0.5338681532330335 2.0903793118635665
 1.07008547008547 94 8 3 11 7 1]
[0.646949869224855 'Conceptual' 1 0.5338681532330335 2.0903793118635665
 0.9675213675213674 94 8 3 12 7 1]
[0.3275845533918752 'Conceptual' 1 0.5338681532330335 2.0903793118635665
 0.8991452991452991 94 8 3 13 7 1]
[0.16352628367933117 'Conceptual' 1 0.5338681532330335 2.0903793118635665
 0.8205128205128205 94 8 3 14 7 1]
[0.08238797698956875 'Conceptual' 1 0.5338681532330335 2.0903793118635665
 0.7965811965811965 94 8 3 15 7 1]
[0.042633240207503253 'Conceptual' 1 0.5338681532330335 2.0903793118635665
 0.7623931623931623 94 8 3 16 7 1]
[0.022740375718839616 'Conceptual' 1 0.5338681532330335 2.0903793118635665
 0.717948717948718 94 8 3 17 7 1]
[0.01242975395728749 'Conceptual' 1 0.5338681532330335 2.0903793118635665
 0.717948717948718 94 8 3 18 7 1]
[0.006935472496473857 'Conceptual' 1 0.5338681532330335 2.0903793118635665
 0.38632478632478634 94 8 3 19 7 1]
[0.0 'Conceptual' 1 0.5338681532330335 2.0903793118635665 0.0 94 8 4 0 7 1]
[4.143451021118503 'Conceptual' 1 0.5338681532330335 2.0903793118635665
 0.10256410256410256 94 8 4 1 63 1]
[3.9434989694947284 'Conceptual' 1 0.5338681532330335 2.0903793118635665
 2.54017094017094 94 8 4 2 0 1]
[3.3833785962497345 'Conceptual' 1 0.5338681532330335 2.0903793118635665
 3.1794871794871793 94 8 4 3 0 1]
[2.584836074842633 'Conceptual' 1 0.5338681532330335 2.0903793118635665
 3.3606837606837607 94 8 4 4 2 1]
[4.093277786536022 'Conceptual' 1 0.5338681532330335 2.0903793118635665
 0.5914529914529914 94 8 4 5 8 1]
[4.083915425837001 'Conceptual' 1 0.5338681532330335 2.0903793118635665
 3.223931623931624 94 8 4 6 9 1]
[3.3028443300253603 'Conceptual' 1 0.5338681532330335 2.0903793118635665
 3.3606837606837607 94 8 4 7 0 1]
[2.906823984223242 'Conceptual' 1 0.5338681532330335 2.0903793118635665
 2.9504273504273506 94 8 4 8 0 1]
[2.5324587404655015 'Conceptual' 1 0.5338681532330335 2.0903793118635665
 2.5641025641025643 94 8 4 9 9 1]
[1.9847719687996823 'Conceptual' 1 0.5338681532330335 2.0903793118635665
 1.3777777777777778 94 8 4 10 0 1]
[1.2027487166543047 'Conceptual' 1 0.5338681532330335 2.0903793118635665
 1.07008547008547 94 8 4 11 9 1]
[0.646949869224855 'Conceptual' 1 0.5338681532330335 2.0903793118635665
 0.9675213675213674 94 8 4 12 9 1]
[0.3275845533918752 'Conceptual' 1 0.5338681532330335 2.0903793118635665
 0.8991452991452991 94 8 4 13 0 1]
[0.16352628367933117 'Conceptual' 1 0.5338681532330335 2.0903793118635665
 0.8205128205128205 94 8 4 14 9 1]
[0.08238797698956875 'Conceptual' 1 0.5338681532330335 2.0903793118635665
 0.7965811965811965 94 8 4 15 9 1]
[0.042633240207503253 'Conceptual' 1 0.5338681532330335 2.0903793118635665
 0.7623931623931623 94 8 4 16 9 1]
[0.022740375718839616 'Conceptual' 1 0.5338681532330335 2.0903793118635665
 0.717948717948718 94 8 4 17 0 1]
[0.01242975395728749 'Conceptual' 1 0.5338681532330335 2.0903793118635665
 0.717948717948718 94 8 4 18 0 1]
[0.006935472496473857 'Conceptual' 1 0.5338681532330335 2.0903793118635665
 0.38632478632478634 94 8 4 19 8 1]
[0.0 'Conceptual' 1 0.5338681532330335 2.0903793118635665 0.0 94 8 5 0 8 1]
[4.143451021118503 'Conceptual' 1 0.5338681532330335 2.0903793118635665
 0.10256410256410256 94 8 5 1 7 1]
[3.9434989694947284 'Conceptual' 1 0.5338681532330335 2.0903793118635665
 2.54017094017094 94 8 5 2 56 1]
[3.3833785962497345 'Conceptual' 1 0.5338681532330335 2.0903793118635665
 3.1794871794871793 94 8 5 3 63 1]
[2.584836074842633 'Conceptual' 1 0.5338681532330335 2.0903793118635665
 3.3606837606837607 94 8 5 4 7 1]
[4.093277786536022 'Conceptual' 1 0.5338681532330335 2.0903793118635665
 0.5914529914529914 94 8 5 5 21 1]
[4.083915425837001 'Conceptual' 1 0.5338681532330335 2.0903793118635665
 3.223931623931624 94 8 5 6 6 1]
[3.3028443300253603 'Conceptual' 1 0.5338681532330335 2.0903793118635665
 3.3606837606837607 94 8 5 7 31 1]
[2.906823984223242 'Conceptual' 1 0.5338681532330335 2.0903793118635665
 2.9504273504273506 94 8 5 8 20 1]
[2.5324587404655015 'Conceptual' 1 0.5338681532330335 2.0903793118635665
 2.5641025641025643 94 8 5 9 7 1]
[1.9847719687996823 'Conceptual' 1 0.5338681532330335 2.0903793118635665
 1.3777777777777778 94 8 5 10 0 1]
[1.2027487166543047 'Conceptual' 1 0.5338681532330335 2.0903793118635665
 1.07008547008547 94 8 5 11 56 1]
[0.646949869224855 'Conceptual' 1 0.5338681532330335 2.0903793118635665
 0.9675213675213674 94 8 5 12 63 1]
[0.3275845533918752 'Conceptual' 1 0.5338681532330335 2.0903793118635665
 0.8991452991452991 94 8 5 13 63 1]
[0.16352628367933117 'Conceptual' 1 0.5338681532330335 2.0903793118635665
 0.8205128205128205 94 8 5 14 63 1]
[0.08238797698956875 'Conceptual' 1 0.5338681532330335 2.0903793118635665
 0.7965811965811965 94 8 5 15 63 1]
[0.042633240207503253 'Conceptual' 1 0.5338681532330335 2.0903793118635665
 0.7623931623931623 94 8 5 16 63 1]
[0.022740375718839616 'Conceptual' 1 0.5338681532330335 2.0903793118635665
 0.717948717948718 94 8 5 17 63 1]
[0.01242975395728749 'Conceptual' 1 0.5338681532330335 2.0903793118635665
 0.717948717948718 94 8 5 18 63 1]
[0.006935472496473857 'Conceptual' 1 0.5338681532330335 2.0903793118635665
 0.38632478632478634 94 8 5 19 53 1]
[0.0 'Conceptual' 1 0.5338681532330335 2.0903793118635665 0.0 94 8 6 0 7 1]
[4.143451021118503 'Conceptual' 1 0.5338681532330335 2.0903793118635665
 0.10256410256410256 94 8 6 1 12 1]
[3.9434989694947284 'Conceptual' 1 0.5338681532330335 2.0903793118635665
 2.54017094017094 94 8 6 2 6 1]
[3.3833785962497345 'Conceptual' 1 0.5338681532330335 2.0903793118635665
 3.1794871794871793 94 8 6 3 31 1]
[2.584836074842633 'Conceptual' 1 0.5338681532330335 2.0903793118635665
 3.3606837606837607 94 8 6 4 39 1]
[4.093277786536022 'Conceptual' 1 0.5338681532330335 2.0903793118635665
 0.5914529914529914 94 8 6 5 39 1]
[4.083915425837001 'Conceptual' 1 0.5338681532330335 2.0903793118635665
 3.223931623931624 94 8 6 6 30 1]
[3.3028443300253603 'Conceptual' 1 0.5338681532330335 2.0903793118635665
 3.3606837606837607 94 8 6 7 38 1]
[2.906823984223242 'Conceptual' 1 0.5338681532330335 2.0903793118635665
 2.9504273504273506 94 8 6 8 31 1]
[2.5324587404655015 'Conceptual' 1 0.5338681532330335 2.0903793118635665
 2.5641025641025643 94 8 6 9 31 1]
[1.9847719687996823 'Conceptual' 1 0.5338681532330335 2.0903793118635665
 1.3777777777777778 94 8 6 10 23 1]
[1.2027487166543047 'Conceptual' 1 0.5338681532330335 2.0903793118635665
 1.07008547008547 94 8 6 11 31 1]
[0.646949869224855 'Conceptual' 1 0.5338681532330335 2.0903793118635665
 0.9675213675213674 94 8 6 12 38 1]
[0.3275845533918752 'Conceptual' 1 0.5338681532330335 2.0903793118635665
 0.8991452991452991 94 8 6 13 31 1]
[0.16352628367933117 'Conceptual' 1 0.5338681532330335 2.0903793118635665
 0.8205128205128205 94 8 6 14 23 1]
[0.08238797698956875 'Conceptual' 1 0.5338681532330335 2.0903793118635665
 0.7965811965811965 94 8 6 15 31 1]
[0.042633240207503253 'Conceptual' 1 0.5338681532330335 2.0903793118635665
 0.7623931623931623 94 8 6 16 31 1]
[0.022740375718839616 'Conceptual' 1 0.5338681532330335 2.0903793118635665
 0.717948717948718 94 8 6 17 31 1]
[0.01242975395728749 'Conceptual' 1 0.5338681532330335 2.0903793118635665
 0.717948717948718 94 8 6 18 31 1]
[0.006935472496473857 'Conceptual' 1 0.5338681532330335 2.0903793118635665
 0.38632478632478634 94 8 6 19 31 1]
[0.0 'Conceptual' 1 0.5338681532330335 2.0903793118635665 0.0 94 8 7 0 37
 1]
[4.143451021118503 'Conceptual' 1 0.5338681532330335 2.0903793118635665
 0.10256410256410256 94 8 7 1 45 1]
[3.9434989694947284 'Conceptual' 1 0.5338681532330335 2.0903793118635665
 2.54017094017094 94 8 7 2 22 1]
[3.3833785962497345 'Conceptual' 1 0.5338681532330335 2.0903793118635665
 3.1794871794871793 94 8 7 3 39 1]
[2.584836074842633 'Conceptual' 1 0.5338681532330335 2.0903793118635665
 3.3606837606837607 94 8 7 4 28 1]
[4.093277786536022 'Conceptual' 1 0.5338681532330335 2.0903793118635665
 0.5914529914529914 94 8 7 5 7 1]
[4.083915425837001 'Conceptual' 1 0.5338681532330335 2.0903793118635665
 3.223931623931624 94 8 7 6 28 1]
[3.3028443300253603 'Conceptual' 1 0.5338681532330335 2.0903793118635665
 3.3606837606837607 94 8 7 7 37 1]
[2.906823984223242 'Conceptual' 1 0.5338681532330335 2.0903793118635665
 2.9504273504273506 94 8 7 8 55 1]
[2.5324587404655015 'Conceptual' 1 0.5338681532330335 2.0903793118635665
 2.5641025641025643 94 8 7 9 0 1]
[1.9847719687996823 'Conceptual' 1 0.5338681532330335 2.0903793118635665
 1.3777777777777778 94 8 7 10 35 1]
[1.2027487166543047 'Conceptual' 1 0.5338681532330335 2.0903793118635665
 1.07008547008547 94 8 7 11 56 1]
[0.646949869224855 'Conceptual' 1 0.5338681532330335 2.0903793118635665
 0.9675213675213674 94 8 7 12 6 1]
[0.3275845533918752 'Conceptual' 1 0.5338681532330335 2.0903793118635665
 0.8991452991452991 94 8 7 13 31 1]
[0.16352628367933117 'Conceptual' 1 0.5338681532330335 2.0903793118635665
 0.8205128205128205 94 8 7 14 7 1]
[0.08238797698956875 'Conceptual' 1 0.5338681532330335 2.0903793118635665
 0.7965811965811965 94 8 7 15 18 1]
[0.042633240207503253 'Conceptual' 1 0.5338681532330335 2.0903793118635665
 0.7623931623931623 94 8 7 16 12 1]
[0.022740375718839616 'Conceptual' 1 0.5338681532330335 2.0903793118635665
 0.717948717948718 94 8 7 17 20 1]
[0.01242975395728749 'Conceptual' 1 0.5338681532330335 2.0903793118635665
 0.717948717948718 94 8 7 18 12 1]
[0.006935472496473857 'Conceptual' 1 0.5338681532330335 2.0903793118635665
 0.38632478632478634 94 8 7 19 13 1]
