[0.0 'Spatial' 1 0.00015259316852362243 69.93728310610487 0.0 32 6 0 0 59
 0]
[2.3434798349607324 'Spatial' 1 0.00015259316852362243 69.93728310610487
 1.9487179487179487 32 6 0 1 4 0]
[0.6934571325198736 'Spatial' 1 0.00015259316852362243 69.93728310610487
 1.5384615384615385 32 6 0 2 39 0]
[1.1907701138441151 'Spatial' 1 0.00015259316852362243 69.93728310610487
 1.1726495726495727 32 6 0 3 32 0]
[1.4219292552449054 'Spatial' 1 0.00015259316852362243 69.93728310610487
 0.3076923076923077 32 6 0 4 47 0]
[1.4853572191556255 'Spatial' 1 0.00015259316852362243 69.93728310610487
 0.5914529914529914 32 6 0 5 63 0]
[3.6769599880614385 'Spatial' 1 0.00015259316852362243 69.93728310610487
 0.4888888888888889 32 6 0 6 7 0]
[1.9166354055337853 'Spatial' 1 0.00015259316852362243 69.93728310610487
 0.5572649572649572 32 6 0 7 61 0]
[0.0006298016333097749 'Spatial' 1 0.00015259316852362243
 69.93728310610487 0.41025641025641024 32 6 0 8 54 0]
[1.609555905472648 'Spatial' 1 0.00015259316852362243 69.93728310610487
 1.7435897435897436 32 6 0 9 62 0]
[1.609555905472648 'Spatial' 1 0.00015259316852362243 69.93728310610487
 1.411965811965812 32 6 0 10 63 0]
[1.3864443498710157 'Spatial' 1 0.00015259316852362243 69.93728310610487
 1.2307692307692308 32 6 0 11 55 0]
[0.6934571325198734 'Spatial' 1 0.00015259316852362243 69.93728310610487
 0.923076923076923 32 6 0 12 55 0]
[0.0006298016333097749 'Spatial' 1 0.00015259316852362243
 69.93728310610487 0.10256410256410256 32 6 0 13 55 0]
[0.0006298016333097749 'Spatial' 1 0.00015259316852362243
 69.93728310610487 0.10256410256410256 32 6 0 14 55 0]
[0.0006298016333097749 'Spatial' 1 0.00015259316852362243
 69.93728310610487 0.10256410256410256 32 6 0 15 55 0]
[0.0006298016333097749 'Spatial' 1 0.00015259316852362243
 69.93728310610487 0.10256410256410256 32 6 0 16 55 0]
[0.0006298016333097749 'Spatial' 1 0.00015259316852362243
 69.93728310610487 0.10256410256410256 32 6 0 17 55 0]
[0.0 'Spatial' 1 0.00015259316852362243 69.93728310610487 0.0 32 6 1 0 55
 0]
[2.3434798349607324 'Spatial' 1 0.00015259316852362243 69.93728310610487
 1.9487179487179487 32 6 1 1 55 0]
[0.6934571325198736 'Spatial' 1 0.00015259316852362243 69.93728310610487
 1.5384615384615385 32 6 1 2 60 0]
[1.1907701138441151 'Spatial' 1 0.00015259316852362243 69.93728310610487
 1.1726495726495727 32 6 1 3 4 0]
[1.4219292552449054 'Spatial' 1 0.00015259316852362243 69.93728310610487
 0.3076923076923077 32 6 1 4 32 0]
[1.4853572191556255 'Spatial' 1 0.00015259316852362243 69.93728310610487
 0.5914529914529914 32 6 1 5 39 0]
[3.6769599880614385 'Spatial' 1 0.00015259316852362243 69.93728310610487
 0.4888888888888889 32 6 1 6 36 0]
[1.9166354055337853 'Spatial' 1 0.00015259316852362243 69.93728310610487
 0.5572649572649572 32 6 1 7 0 0]
[0.0006298016333097749 'Spatial' 1 0.00015259316852362243
 69.93728310610487 0.41025641025641024 32 6 1 8 56 0]
[1.609555905472648 'Spatial' 1 0.00015259316852362243 69.93728310610487
 1.7435897435897436 32 6 1 9 8 0]
[1.609555905472648 'Spatial' 1 0.00015259316852362243 69.93728310610487
 1.411965811965812 32 6 1 10 1 0]
[1.3864443498710157 'Spatial' 1 0.00015259316852362243 69.93728310610487
 1.2307692307692308 32 6 1 11 2 0]
[0.6934571325198734 'Spatial' 1 0.00015259316852362243 69.93728310610487
 0.923076923076923 32 6 1 12 9 0]
[0.0006298016333097749 'Spatial' 1 0.00015259316852362243
 69.93728310610487 0.10256410256410256 32 6 1 13 1 0]
[0.0006298016333097749 'Spatial' 1 0.00015259316852362243
 69.93728310610487 0.10256410256410256 32 6 1 14 1 0]
[0.0006298016333097749 'Spatial' 1 0.00015259316852362243
 69.93728310610487 0.10256410256410256 32 6 1 15 1 0]
[0.0006298016333097749 'Spatial' 1 0.00015259316852362243
 69.93728310610487 0.10256410256410256 32 6 1 16 1 0]
[0.0006298016333097749 'Spatial' 1 0.00015259316852362243
 69.93728310610487 0.10256410256410256 32 6 1 17 1 0]
[0.0 'Spatial' 1 0.00015259316852362243 69.93728310610487 0.0 32 6 2 0 1 0]
[2.3434798349607324 'Spatial' 1 0.00015259316852362243 69.93728310610487
 1.9487179487179487 32 6 2 1 1 0]
[0.6934571325198736 'Spatial' 1 0.00015259316852362243 69.93728310610487
 1.5384615384615385 32 6 2 2 1 0]
[1.1907701138441151 'Spatial' 1 0.00015259316852362243 69.93728310610487
 1.1726495726495727 32 6 2 3 1 0]
[1.4219292552449054 'Spatial' 1 0.00015259316852362243 69.93728310610487
 0.3076923076923077 32 6 2 4 60 0]
[1.4853572191556255 'Spatial' 1 0.00015259316852362243 69.93728310610487
 0.5914529914529914 32 6 2 5 24 0]
[3.6769599880614385 'Spatial' 1 0.00015259316852362243 69.93728310610487
 0.4888888888888889 32 6 2 6 3 0]
[1.9166354055337853 'Spatial' 1 0.00015259316852362243 69.93728310610487
 0.5572649572649572 32 6 2 7 39 0]
[0.0006298016333097749 'Spatial' 1 0.00015259316852362243
 69.93728310610487 0.41025641025641024 32 6 2 8 17 0]
[1.609555905472648 'Spatial' 1 0.00015259316852362243 69.93728310610487
 1.7435897435897436 32 6 2 9 42 0]
[1.609555905472648 'Spatial' 1 0.00015259316852362243 69.93728310610487
 1.411965811965812 32 6 2 10 10 0]
[1.3864443498710157 'Spatial' 1 0.00015259316852362243 69.93728310610487
 1.2307692307692308 32 6 2 11 2 0]
[0.6934571325198734 'Spatial' 1 0.00015259316852362243 69.93728310610487
 0.923076923076923 32 6 2 12 1 0]
[0.0006298016333097749 'Spatial' 1 0.00015259316852362243
 69.93728310610487 0.10256410256410256 32 6 2 13 8 0]
[0.0006298016333097749 'Spatial' 1 0.00015259316852362243
 69.93728310610487 0.10256410256410256 32 6 2 14 16 0]
[0.0006298016333097749 'Spatial' 1 0.00015259316852362243
 69.93728310610487 0.10256410256410256 32 6 2 15 8 0]
[0.0006298016333097749 'Spatial' 1 0.00015259316852362243
 69.93728310610487 0.10256410256410256 32 6 2 16 8 0]
[0.0006298016333097749 'Spatial' 1 0.00015259316852362243
 69.93728310610487 0.10256410256410256 32 6 2 17 8 0]
[0.0 'Spatial' 1 0.00015259316852362243 69.93728310610487 0.0 32 6 3 0 8 0]
[2.3434798349607324 'Spatial' 1 0.00015259316852362243 69.93728310610487
 1.9487179487179487 32 6 3 1 8 0]
[0.6934571325198736 'Spatial' 1 0.00015259316852362243 69.93728310610487
 1.5384615384615385 32 6 3 2 8 0]
[1.1907701138441151 'Spatial' 1 0.00015259316852362243 69.93728310610487
 1.1726495726495727 32 6 3 3 8 0]
[1.4219292552449054 'Spatial' 1 0.00015259316852362243 69.93728310610487
 0.3076923076923077 32 6 3 4 8 0]
[1.4853572191556255 'Spatial' 1 0.00015259316852362243 69.93728310610487
 0.5914529914529914 32 6 3 5 8 0]
[3.6769599880614385 'Spatial' 1 0.00015259316852362243 69.93728310610487
 0.4888888888888889 32 6 3 6 59 0]
[1.9166354055337853 'Spatial' 1 0.00015259316852362243 69.93728310610487
 0.5572649572649572 32 6 3 7 4 0]
[0.0006298016333097749 'Spatial' 1 0.00015259316852362243
 69.93728310610487 0.41025641025641024 32 6 3 8 24 0]
[1.609555905472648 'Spatial' 1 0.00015259316852362243 69.93728310610487
 1.7435897435897436 32 6 3 9 39 0]
[1.609555905472648 'Spatial' 1 0.00015259316852362243 69.93728310610487
 1.411965811965812 32 6 3 10 56 0]
[1.3864443498710157 'Spatial' 1 0.00015259316852362243 69.93728310610487
 1.2307692307692308 32 6 3 11 49 0]
[0.6934571325198734 'Spatial' 1 0.00015259316852362243 69.93728310610487
 0.923076923076923 32 6 3 12 58 0]
[0.0006298016333097749 'Spatial' 1 0.00015259316852362243
 69.93728310610487 0.10256410256410256 32 6 3 13 50 0]
[0.0006298016333097749 'Spatial' 1 0.00015259316852362243
 69.93728310610487 0.10256410256410256 32 6 3 14 57 0]
[0.0006298016333097749 'Spatial' 1 0.00015259316852362243
 69.93728310610487 0.10256410256410256 32 6 3 15 51 0]
[0.0006298016333097749 'Spatial' 1 0.00015259316852362243
 69.93728310610487 0.10256410256410256 32 6 3 16 50 0]
[0.0006298016333097749 'Spatial' 1 0.00015259316852362243
 69.93728310610487 0.10256410256410256 32 6 3 17 49 0]
[0.0 'Spatial' 1 0.00015259316852362243 69.93728310610487 0.0 32 6 4 0 57
 0]
[2.3434798349607324 'Spatial' 1 0.00015259316852362243 69.93728310610487
 1.9487179487179487 32 6 4 1 49 0]
[0.6934571325198736 'Spatial' 1 0.00015259316852362243 69.93728310610487
 1.5384615384615385 32 6 4 2 49 0]
[1.1907701138441151 'Spatial' 1 0.00015259316852362243 69.93728310610487
 1.1726495726495727 32 6 4 3 49 0]
[1.4219292552449054 'Spatial' 1 0.00015259316852362243 69.93728310610487
 0.3076923076923077 32 6 4 4 49 0]
[1.4853572191556255 'Spatial' 1 0.00015259316852362243 69.93728310610487
 0.5914529914529914 32 6 4 5 49 0]
[3.6769599880614385 'Spatial' 1 0.00015259316852362243 69.93728310610487
 0.4888888888888889 32 6 4 6 49 0]
[1.9166354055337853 'Spatial' 1 0.00015259316852362243 69.93728310610487
 0.5572649572649572 32 6 4 7 49 0]
[0.0006298016333097749 'Spatial' 1 0.00015259316852362243
 69.93728310610487 0.41025641025641024 32 6 4 8 59 0]
[1.609555905472648 'Spatial' 1 0.00015259316852362243 69.93728310610487
 1.7435897435897436 32 6 4 9 32 0]
[1.609555905472648 'Spatial' 1 0.00015259316852362243 69.93728310610487
 1.411965811965812 32 6 4 10 39 0]
[1.3864443498710157 'Spatial' 1 0.00015259316852362243 69.93728310610487
 1.2307692307692308 32 6 4 11 3 0]
[0.6934571325198734 'Spatial' 1 0.00015259316852362243 69.93728310610487
 0.923076923076923 32 6 4 12 56 0]
[0.0006298016333097749 'Spatial' 1 0.00015259316852362243
 69.93728310610487 0.10256410256410256 32 6 4 13 63 0]
[0.0006298016333097749 'Spatial' 1 0.00015259316852362243
 69.93728310610487 0.10256410256410256 32 6 4 14 50 0]
[0.0006298016333097749 'Spatial' 1 0.00015259316852362243
 69.93728310610487 0.10256410256410256 32 6 4 15 58 0]
[0.0006298016333097749 'Spatial' 1 0.00015259316852362243
 69.93728310610487 0.10256410256410256 32 6 4 16 58 0]
[0.0006298016333097749 'Spatial' 1 0.00015259316852362243
 69.93728310610487 0.10256410256410256 32 6 4 17 59 0]
[0.0 'Spatial' 1 0.00015259316852362243 69.93728310610487 0.0 32 6 5 0 58
 0]
[2.3434798349607324 'Spatial' 1 0.00015259316852362243 69.93728310610487
 1.9487179487179487 32 6 5 1 57 0]
[0.6934571325198736 'Spatial' 1 0.00015259316852362243 69.93728310610487
 1.5384615384615385 32 6 5 2 58 0]
[1.1907701138441151 'Spatial' 1 0.00015259316852362243 69.93728310610487
 1.1726495726495727 32 6 5 3 58 0]
[1.4219292552449054 'Spatial' 1 0.00015259316852362243 69.93728310610487
 0.3076923076923077 32 6 5 4 59 0]
[1.4853572191556255 'Spatial' 1 0.00015259316852362243 69.93728310610487
 0.5914529914529914 32 6 5 5 58 0]
[3.6769599880614385 'Spatial' 1 0.00015259316852362243 69.93728310610487
 0.4888888888888889 32 6 5 6 58 0]
[1.9166354055337853 'Spatial' 1 0.00015259316852362243 69.93728310610487
 0.5572649572649572 32 6 5 7 58 0]
[0.0006298016333097749 'Spatial' 1 0.00015259316852362243
 69.93728310610487 0.41025641025641024 32 6 5 8 58 0]
[1.609555905472648 'Spatial' 1 0.00015259316852362243 69.93728310610487
 1.7435897435897436 32 6 5 9 58 0]
[1.609555905472648 'Spatial' 1 0.00015259316852362243 69.93728310610487
 1.411965811965812 32 6 5 10 59 0]
[1.3864443498710157 'Spatial' 1 0.00015259316852362243 69.93728310610487
 1.2307692307692308 32 6 5 11 24 0]
[0.6934571325198734 'Spatial' 1 0.00015259316852362243 69.93728310610487
 0.923076923076923 32 6 5 12 4 0]
[0.0006298016333097749 'Spatial' 1 0.00015259316852362243
 69.93728310610487 0.10256410256410256 32 6 5 13 3 0]
[0.0006298016333097749 'Spatial' 1 0.00015259316852362243
 69.93728310610487 0.10256410256410256 32 6 5 14 4 0]
[0.0006298016333097749 'Spatial' 1 0.00015259316852362243
 69.93728310610487 0.10256410256410256 32 6 5 15 4 0]
[0.0006298016333097749 'Spatial' 1 0.00015259316852362243
 69.93728310610487 0.10256410256410256 32 6 5 16 4 0]
[0.0006298016333097749 'Spatial' 1 0.00015259316852362243
 69.93728310610487 0.10256410256410256 32 6 5 17 3 0]
[0.0 'Spatial' 1 0.00015259316852362243 69.93728310610487 0.0 32 6 7 0 4 0]
[2.3434798349607324 'Spatial' 1 0.00015259316852362243 69.93728310610487
 1.9487179487179487 32 6 7 1 5 0]
[0.6934571325198736 'Spatial' 1 0.00015259316852362243 69.93728310610487
 1.5384615384615385 32 6 7 2 4 0]
[1.1907701138441151 'Spatial' 1 0.00015259316852362243 69.93728310610487
 1.1726495726495727 32 6 7 3 4 0]
[1.4219292552449054 'Spatial' 1 0.00015259316852362243 69.93728310610487
 0.3076923076923077 32 6 7 4 4 0]
[1.4853572191556255 'Spatial' 1 0.00015259316852362243 69.93728310610487
 0.5914529914529914 32 6 7 5 3 0]
[3.6769599880614385 'Spatial' 1 0.00015259316852362243 69.93728310610487
 0.4888888888888889 32 6 7 6 4 0]
[1.9166354055337853 'Spatial' 1 0.00015259316852362243 69.93728310610487
 0.5572649572649572 32 6 7 7 4 0]
[0.0006298016333097749 'Spatial' 1 0.00015259316852362243
 69.93728310610487 0.41025641025641024 32 6 7 8 4 0]
[1.609555905472648 'Spatial' 1 0.00015259316852362243 69.93728310610487
 1.7435897435897436 32 6 7 9 5 0]
[1.609555905472648 'Spatial' 1 0.00015259316852362243 69.93728310610487
 1.411965811965812 32 6 7 10 4 0]
[1.3864443498710157 'Spatial' 1 0.00015259316852362243 69.93728310610487
 1.2307692307692308 32 6 7 11 4 0]
[0.6934571325198734 'Spatial' 1 0.00015259316852362243 69.93728310610487
 0.923076923076923 32 6 7 12 4 0]
[0.0006298016333097749 'Spatial' 1 0.00015259316852362243
 69.93728310610487 0.10256410256410256 32 6 7 13 32 0]
[0.0006298016333097749 'Spatial' 1 0.00015259316852362243
 69.93728310610487 0.10256410256410256 32 6 7 14 39 0]
[0.0006298016333097749 'Spatial' 1 0.00015259316852362243
 69.93728310610487 0.10256410256410256 32 6 7 15 60 0]
[0.0006298016333097749 'Spatial' 1 0.00015259316852362243
 69.93728310610487 0.10256410256410256 32 6 7 16 36 0]
[0.0006298016333097749 'Spatial' 1 0.00015259316852362243
 69.93728310610487 0.10256410256410256 32 6 7 17 7 0]
[0.0 'Spatial' 1 0.00015259316852362243 69.93728310610487 0.0 32 6 8 0 6 0]
[2.3434798349607324 'Spatial' 1 0.00015259316852362243 69.93728310610487
 1.9487179487179487 32 6 8 1 15 0]
[0.6934571325198736 'Spatial' 1 0.00015259316852362243 69.93728310610487
 1.5384615384615385 32 6 8 2 7 0]
[1.1907701138441151 'Spatial' 1 0.00015259316852362243 69.93728310610487
 1.1726495726495727 32 6 8 3 7 0]
[1.4219292552449054 'Spatial' 1 0.00015259316852362243 69.93728310610487
 0.3076923076923077 32 6 8 4 7 0]
[1.4853572191556255 'Spatial' 1 0.00015259316852362243 69.93728310610487
 0.5914529914529914 32 6 8 5 7 0]
[3.6769599880614385 'Spatial' 1 0.00015259316852362243 69.93728310610487
 0.4888888888888889 32 6 8 6 7 0]
[1.9166354055337853 'Spatial' 1 0.00015259316852362243 69.93728310610487
 0.5572649572649572 32 6 8 7 7 0]
[0.0006298016333097749 'Spatial' 1 0.00015259316852362243
 69.93728310610487 0.41025641025641024 32 6 8 8 7 0]
[1.609555905472648 'Spatial' 1 0.00015259316852362243 69.93728310610487
 1.7435897435897436 32 6 8 9 7 0]
[1.609555905472648 'Spatial' 1 0.00015259316852362243 69.93728310610487
 1.411965811965812 32 6 8 10 7 0]
[1.3864443498710157 'Spatial' 1 0.00015259316852362243 69.93728310610487
 1.2307692307692308 32 6 8 11 7 0]
[0.6934571325198734 'Spatial' 1 0.00015259316852362243 69.93728310610487
 0.923076923076923 32 6 8 12 7 0]
[0.0006298016333097749 'Spatial' 1 0.00015259316852362243
 69.93728310610487 0.10256410256410256 32 6 8 13 7 0]
[0.0006298016333097749 'Spatial' 1 0.00015259316852362243
 69.93728310610487 0.10256410256410256 32 6 8 14 24 0]
[0.0006298016333097749 'Spatial' 1 0.00015259316852362243
 69.93728310610487 0.10256410256410256 32 6 8 15 4 0]
[0.0006298016333097749 'Spatial' 1 0.00015259316852362243
 69.93728310610487 0.10256410256410256 32 6 8 16 60 0]
[0.0006298016333097749 'Spatial' 1 0.00015259316852362243
 69.93728310610487 0.10256410256410256 32 6 8 17 31 0]
