[0.0 'Spatial' 1 0.05832750664308089 0.2793997550021617 0.0 11 8 0 0 58 0]
[3.0933445750813604 'Spatial' 1 0.05832750664308089 0.2793997550021617
 3.58974358974359 11 8 0 1 1 0]
[3.9118428754165233 'Spatial' 1 0.05832750664308089 0.2793997550021617
 0.923076923076923 11 8 0 2 44 0]
[4.11128311602629 'Spatial' 1 0.05832750664308089 0.2793997550021617
 0.10256410256410256 11 8 0 3 45 0]
[4.1588830833596715 'Spatial' 1 0.05832750664308089 0.2793997550021617
 3.1794871794871793 11 8 0 4 45 0]
[4.1588830833596715 'Spatial' 1 0.05832750664308089 0.2793997550021617
 2.9743589743589745 11 8 0 5 45 0]
[4.1588830833596715 'Spatial' 1 0.05832750664308089 0.2793997550021617
 2.769230769230769 11 8 0 6 45 0]
[4.1588830833596715 'Spatial' 1 0.05832750664308089 0.2793997550021617
 2.6666666666666665 11 8 0 7 45 0]
[4.1588830833596715 'Spatial' 1 0.05832750664308089 0.2793997550021617
 2.6666666666666665 11 8 0 8 44 0]
[4.1588830833596715 'Spatial' 1 0.05832750664308089 0.2793997550021617
 2.5641025641025643 11 8 0 9 45 0]
[4.099509532425501 'Spatial' 1 0.05832750664308089 0.2793997550021617
 0.10256410256410256 11 8 0 10 46 0]
[4.1588830833596715 'Spatial' 1 0.05832750664308089 0.2793997550021617
 2.4615384615384617 11 8 0 11 46 0]
[0.5030396599152503 'Spatial' 1 0.05832750664308089 0.2793997550021617
 0.10256410256410256 11 8 0 12 46 0]
[0.00917029970556268 'Spatial' 1 0.05832750664308089 0.2793997550021617
 0.10256410256410256 11 8 0 13 46 0]
[0.000629801633309997 'Spatial' 1 0.05832750664308089 0.2793997550021617
 0.10256410256410256 11 8 0 14 46 0]
[0.000629801633309997 'Spatial' 1 0.05832750664308089 0.2793997550021617
 0.10256410256410256 11 8 0 15 46 0]
[0.000629801633309997 'Spatial' 1 0.05832750664308089 0.2793997550021617
 0.10256410256410256 11 8 0 16 46 0]
[0.000629801633309997 'Spatial' 1 0.05832750664308089 0.2793997550021617
 0.10256410256410256 11 8 0 17 46 0]
[0.0 'Spatial' 1 0.05832750664308089 0.2793997550021617 0.0 11 8 1 0 46 0]
[3.0933445750813604 'Spatial' 1 0.05832750664308089 0.2793997550021617
 3.58974358974359 11 8 1 1 46 0]
[3.9118428754165233 'Spatial' 1 0.05832750664308089 0.2793997550021617
 0.923076923076923 11 8 1 2 12 0]
[4.11128311602629 'Spatial' 1 0.05832750664308089 0.2793997550021617
 0.10256410256410256 11 8 1 3 43 0]
[4.1588830833596715 'Spatial' 1 0.05832750664308089 0.2793997550021617
 3.1794871794871793 11 8 1 4 47 0]
[4.1588830833596715 'Spatial' 1 0.05832750664308089 0.2793997550021617
 2.9743589743589745 11 8 1 5 39 0]
[4.1588830833596715 'Spatial' 1 0.05832750664308089 0.2793997550021617
 2.769230769230769 11 8 1 6 47 0]
[4.1588830833596715 'Spatial' 1 0.05832750664308089 0.2793997550021617
 2.6666666666666665 11 8 1 7 39 0]
[4.1588830833596715 'Spatial' 1 0.05832750664308089 0.2793997550021617
 2.6666666666666665 11 8 1 8 46 0]
[4.1588830833596715 'Spatial' 1 0.05832750664308089 0.2793997550021617
 2.5641025641025643 11 8 1 9 55 0]
[4.099509532425501 'Spatial' 1 0.05832750664308089 0.2793997550021617
 0.10256410256410256 11 8 1 10 55 0]
[4.1588830833596715 'Spatial' 1 0.05832750664308089 0.2793997550021617
 2.4615384615384617 11 8 1 11 63 0]
[0.5030396599152503 'Spatial' 1 0.05832750664308089 0.2793997550021617
 0.10256410256410256 11 8 1 12 62 0]
[0.00917029970556268 'Spatial' 1 0.05832750664308089 0.2793997550021617
 0.10256410256410256 11 8 1 13 63 0]
[0.000629801633309997 'Spatial' 1 0.05832750664308089 0.2793997550021617
 0.10256410256410256 11 8 1 14 63 0]
[0.000629801633309997 'Spatial' 1 0.05832750664308089 0.2793997550021617
 0.10256410256410256 11 8 1 15 63 0]
[0.000629801633309997 'Spatial' 1 0.05832750664308089 0.2793997550021617
 0.10256410256410256 11 8 1 16 63 0]
[0.000629801633309997 'Spatial' 1 0.05832750664308089 0.2793997550021617
 0.10256410256410256 11 8 1 17 63 0]
[0.0 'Spatial' 1 0.05832750664308089 0.2793997550021617 0.0 11 8 2 0 63 0]
[3.0933445750813604 'Spatial' 1 0.05832750664308089 0.2793997550021617
 3.58974358974359 11 8 2 1 63 0]
[3.9118428754165233 'Spatial' 1 0.05832750664308089 0.2793997550021617
 0.923076923076923 11 8 2 2 63 0]
[4.11128311602629 'Spatial' 1 0.05832750664308089 0.2793997550021617
 0.10256410256410256 11 8 2 3 63 0]
[4.1588830833596715 'Spatial' 1 0.05832750664308089 0.2793997550021617
 3.1794871794871793 11 8 2 4 0 0]
[4.1588830833596715 'Spatial' 1 0.05832750664308089 0.2793997550021617
 2.9743589743589745 11 8 2 5 1 0]
[4.1588830833596715 'Spatial' 1 0.05832750664308089 0.2793997550021617
 2.769230769230769 11 8 2 6 2 0]
[4.1588830833596715 'Spatial' 1 0.05832750664308089 0.2793997550021617
 2.6666666666666665 11 8 2 7 1 0]
[4.1588830833596715 'Spatial' 1 0.05832750664308089 0.2793997550021617
 2.6666666666666665 11 8 2 8 9 0]
[4.1588830833596715 'Spatial' 1 0.05832750664308089 0.2793997550021617
 2.5641025641025643 11 8 2 9 1 0]
[4.099509532425501 'Spatial' 1 0.05832750664308089 0.2793997550021617
 0.10256410256410256 11 8 2 10 1 0]
[4.1588830833596715 'Spatial' 1 0.05832750664308089 0.2793997550021617
 2.4615384615384617 11 8 2 11 1 0]
[0.5030396599152503 'Spatial' 1 0.05832750664308089 0.2793997550021617
 0.10256410256410256 11 8 2 12 1 0]
[0.00917029970556268 'Spatial' 1 0.05832750664308089 0.2793997550021617
 0.10256410256410256 11 8 2 13 1 0]
[0.000629801633309997 'Spatial' 1 0.05832750664308089 0.2793997550021617
 0.10256410256410256 11 8 2 14 1 0]
[0.000629801633309997 'Spatial' 1 0.05832750664308089 0.2793997550021617
 0.10256410256410256 11 8 2 15 1 0]
[0.000629801633309997 'Spatial' 1 0.05832750664308089 0.2793997550021617
 0.10256410256410256 11 8 2 16 1 0]
[0.000629801633309997 'Spatial' 1 0.05832750664308089 0.2793997550021617
 0.10256410256410256 11 8 2 17 1 0]
[0.0 'Spatial' 1 0.05832750664308089 0.2793997550021617 0.0 11 8 3 0 1 0]
[3.0933445750813604 'Spatial' 1 0.05832750664308089 0.2793997550021617
 3.58974358974359 11 8 3 1 1 0]
[3.9118428754165233 'Spatial' 1 0.05832750664308089 0.2793997550021617
 0.923076923076923 11 8 3 2 1 0]
[4.11128311602629 'Spatial' 1 0.05832750664308089 0.2793997550021617
 0.10256410256410256 11 8 3 3 1 0]
[4.1588830833596715 'Spatial' 1 0.05832750664308089 0.2793997550021617
 3.1794871794871793 11 8 3 4 1 0]
[4.1588830833596715 'Spatial' 1 0.05832750664308089 0.2793997550021617
 2.9743589743589745 11 8 3 5 1 0]
[4.1588830833596715 'Spatial' 1 0.05832750664308089 0.2793997550021617
 2.769230769230769 11 8 3 6 7 0]
[4.1588830833596715 'Spatial' 1 0.05832750664308089 0.2793997550021617
 2.6666666666666665 11 8 3 7 63 0]
[4.1588830833596715 'Spatial' 1 0.05832750664308089 0.2793997550021617
 2.6666666666666665 11 8 3 8 55 0]
[4.1588830833596715 'Spatial' 1 0.05832750664308089 0.2793997550021617
 2.5641025641025643 11 8 3 9 61 0]
[4.099509532425501 'Spatial' 1 0.05832750664308089 0.2793997550021617
 0.10256410256410256 11 8 3 10 61 0]
[4.1588830833596715 'Spatial' 1 0.05832750664308089 0.2793997550021617
 2.4615384615384617 11 8 3 11 61 0]
[0.5030396599152503 'Spatial' 1 0.05832750664308089 0.2793997550021617
 0.10256410256410256 11 8 3 12 61 0]
[0.00917029970556268 'Spatial' 1 0.05832750664308089 0.2793997550021617
 0.10256410256410256 11 8 3 13 61 0]
[0.000629801633309997 'Spatial' 1 0.05832750664308089 0.2793997550021617
 0.10256410256410256 11 8 3 14 61 0]
[0.000629801633309997 'Spatial' 1 0.05832750664308089 0.2793997550021617
 0.10256410256410256 11 8 3 15 61 0]
[0.000629801633309997 'Spatial' 1 0.05832750664308089 0.2793997550021617
 0.10256410256410256 11 8 3 16 61 0]
[0.000629801633309997 'Spatial' 1 0.05832750664308089 0.2793997550021617
 0.10256410256410256 11 8 3 17 61 0]
[0.0 'Spatial' 1 0.05832750664308089 0.2793997550021617 0.0 11 8 4 0 61 0]
[3.0933445750813604 'Spatial' 1 0.05832750664308089 0.2793997550021617
 3.58974358974359 11 8 4 1 61 0]
[3.9118428754165233 'Spatial' 1 0.05832750664308089 0.2793997550021617
 0.923076923076923 11 8 4 2 61 0]
[4.11128311602629 'Spatial' 1 0.05832750664308089 0.2793997550021617
 0.10256410256410256 11 8 4 3 61 0]
[4.1588830833596715 'Spatial' 1 0.05832750664308089 0.2793997550021617
 3.1794871794871793 11 8 4 4 61 0]
[4.1588830833596715 'Spatial' 1 0.05832750664308089 0.2793997550021617
 2.9743589743589745 11 8 4 5 61 0]
[4.1588830833596715 'Spatial' 1 0.05832750664308089 0.2793997550021617
 2.769230769230769 11 8 4 6 61 0]
[4.1588830833596715 'Spatial' 1 0.05832750664308089 0.2793997550021617
 2.6666666666666665 11 8 4 7 61 0]
[4.1588830833596715 'Spatial' 1 0.05832750664308089 0.2793997550021617
 2.6666666666666665 11 8 4 8 56 0]
[4.1588830833596715 'Spatial' 1 0.05832750664308089 0.2793997550021617
 2.5641025641025643 11 8 4 9 0 0]
[4.099509532425501 'Spatial' 1 0.05832750664308089 0.2793997550021617
 0.10256410256410256 11 8 4 10 27 0]
[4.1588830833596715 'Spatial' 1 0.05832750664308089 0.2793997550021617
 2.4615384615384617 11 8 4 11 47 0]
[0.5030396599152503 'Spatial' 1 0.05832750664308089 0.2793997550021617
 0.10256410256410256 11 8 4 12 55 0]
[0.00917029970556268 'Spatial' 1 0.05832750664308089 0.2793997550021617
 0.10256410256410256 11 8 4 13 47 0]
[0.000629801633309997 'Spatial' 1 0.05832750664308089 0.2793997550021617
 0.10256410256410256 11 8 4 14 46 0]
[0.000629801633309997 'Spatial' 1 0.05832750664308089 0.2793997550021617
 0.10256410256410256 11 8 4 15 39 0]
[0.000629801633309997 'Spatial' 1 0.05832750664308089 0.2793997550021617
 0.10256410256410256 11 8 4 16 39 0]
[0.000629801633309997 'Spatial' 1 0.05832750664308089 0.2793997550021617
 0.10256410256410256 11 8 4 17 39 0]
[0.0 'Spatial' 1 0.05832750664308089 0.2793997550021617 0.0 11 8 5 0 39 0]
[3.0933445750813604 'Spatial' 1 0.05832750664308089 0.2793997550021617
 3.58974358974359 11 8 5 1 47 0]
[3.9118428754165233 'Spatial' 1 0.05832750664308089 0.2793997550021617
 0.923076923076923 11 8 5 2 39 0]
[4.11128311602629 'Spatial' 1 0.05832750664308089 0.2793997550021617
 0.10256410256410256 11 8 5 3 39 0]
[4.1588830833596715 'Spatial' 1 0.05832750664308089 0.2793997550021617
 3.1794871794871793 11 8 5 4 39 0]
[4.1588830833596715 'Spatial' 1 0.05832750664308089 0.2793997550021617
 2.9743589743589745 11 8 5 5 39 0]
[4.1588830833596715 'Spatial' 1 0.05832750664308089 0.2793997550021617
 2.769230769230769 11 8 5 6 39 0]
[4.1588830833596715 'Spatial' 1 0.05832750664308089 0.2793997550021617
 2.6666666666666665 11 8 5 7 39 0]
[4.1588830833596715 'Spatial' 1 0.05832750664308089 0.2793997550021617
 2.6666666666666665 11 8 5 8 39 0]
[4.1588830833596715 'Spatial' 1 0.05832750664308089 0.2793997550021617
 2.5641025641025643 11 8 5 9 39 0]
[4.099509532425501 'Spatial' 1 0.05832750664308089 0.2793997550021617
 0.10256410256410256 11 8 5 10 0 0]
[4.1588830833596715 'Spatial' 1 0.05832750664308089 0.2793997550021617
 2.4615384615384617 11 8 5 11 36 0]
[0.5030396599152503 'Spatial' 1 0.05832750664308089 0.2793997550021617
 0.10256410256410256 11 8 5 12 50 0]
[0.00917029970556268 'Spatial' 1 0.05832750664308089 0.2793997550021617
 0.10256410256410256 11 8 5 13 32 0]
[0.000629801633309997 'Spatial' 1 0.05832750664308089 0.2793997550021617
 0.10256410256410256 11 8 5 14 60 0]
[0.000629801633309997 'Spatial' 1 0.05832750664308089 0.2793997550021617
 0.10256410256410256 11 8 5 15 5 0]
[0.000629801633309997 'Spatial' 1 0.05832750664308089 0.2793997550021617
 0.10256410256410256 11 8 5 16 7 0]
[0.000629801633309997 'Spatial' 1 0.05832750664308089 0.2793997550021617
 0.10256410256410256 11 8 5 17 7 0]
[0.0 'Spatial' 1 0.05832750664308089 0.2793997550021617 0.0 11 8 6 0 7 0]
[3.0933445750813604 'Spatial' 1 0.05832750664308089 0.2793997550021617
 3.58974358974359 11 8 6 1 7 0]
[3.9118428754165233 'Spatial' 1 0.05832750664308089 0.2793997550021617
 0.923076923076923 11 8 6 2 7 0]
[4.11128311602629 'Spatial' 1 0.05832750664308089 0.2793997550021617
 0.10256410256410256 11 8 6 3 7 0]
[4.1588830833596715 'Spatial' 1 0.05832750664308089 0.2793997550021617
 3.1794871794871793 11 8 6 4 7 0]
[4.1588830833596715 'Spatial' 1 0.05832750664308089 0.2793997550021617
 2.9743589743589745 11 8 6 5 7 0]
[4.1588830833596715 'Spatial' 1 0.05832750664308089 0.2793997550021617
 2.769230769230769 11 8 6 6 7 0]
[4.1588830833596715 'Spatial' 1 0.05832750664308089 0.2793997550021617
 2.6666666666666665 11 8 6 7 7 0]
[4.1588830833596715 'Spatial' 1 0.05832750664308089 0.2793997550021617
 2.6666666666666665 11 8 6 8 7 0]
[4.1588830833596715 'Spatial' 1 0.05832750664308089 0.2793997550021617
 2.5641025641025643 11 8 6 9 7 0]
[4.099509532425501 'Spatial' 1 0.05832750664308089 0.2793997550021617
 0.10256410256410256 11 8 6 10 7 0]
[4.1588830833596715 'Spatial' 1 0.05832750664308089 0.2793997550021617
 2.4615384615384617 11 8 6 11 7 0]
[0.5030396599152503 'Spatial' 1 0.05832750664308089 0.2793997550021617
 0.10256410256410256 11 8 6 12 0 0]
[0.00917029970556268 'Spatial' 1 0.05832750664308089 0.2793997550021617
 0.10256410256410256 11 8 6 13 56 0]
[0.000629801633309997 'Spatial' 1 0.05832750664308089 0.2793997550021617
 0.10256410256410256 11 8 6 14 39 0]
[0.000629801633309997 'Spatial' 1 0.05832750664308089 0.2793997550021617
 0.10256410256410256 11 8 6 15 55 0]
[0.000629801633309997 'Spatial' 1 0.05832750664308089 0.2793997550021617
 0.10256410256410256 11 8 6 16 37 0]
[0.000629801633309997 'Spatial' 1 0.05832750664308089 0.2793997550021617
 0.10256410256410256 11 8 6 17 31 0]
[0.0 'Spatial' 1 0.05832750664308089 0.2793997550021617 0.0 11 8 7 0 23 0]
[3.0933445750813604 'Spatial' 1 0.05832750664308089 0.2793997550021617
 3.58974358974359 11 8 7 1 15 0]
[3.9118428754165233 'Spatial' 1 0.05832750664308089 0.2793997550021617
 0.923076923076923 11 8 7 2 23 0]
[4.11128311602629 'Spatial' 1 0.05832750664308089 0.2793997550021617
 0.10256410256410256 11 8 7 3 23 0]
[4.1588830833596715 'Spatial' 1 0.05832750664308089 0.2793997550021617
 3.1794871794871793 11 8 7 4 15 0]
[4.1588830833596715 'Spatial' 1 0.05832750664308089 0.2793997550021617
 2.9743589743589745 11 8 7 5 23 0]
[4.1588830833596715 'Spatial' 1 0.05832750664308089 0.2793997550021617
 2.769230769230769 11 8 7 6 23 0]
[4.1588830833596715 'Spatial' 1 0.05832750664308089 0.2793997550021617
 2.6666666666666665 11 8 7 7 23 0]
[4.1588830833596715 'Spatial' 1 0.05832750664308089 0.2793997550021617
 2.6666666666666665 11 8 7 8 23 0]
[4.1588830833596715 'Spatial' 1 0.05832750664308089 0.2793997550021617
 2.5641025641025643 11 8 7 9 23 0]
[4.099509532425501 'Spatial' 1 0.05832750664308089 0.2793997550021617
 0.10256410256410256 11 8 7 10 23 0]
[4.1588830833596715 'Spatial' 1 0.05832750664308089 0.2793997550021617
 2.4615384615384617 11 8 7 11 23 0]
[0.5030396599152503 'Spatial' 1 0.05832750664308089 0.2793997550021617
 0.10256410256410256 11 8 7 12 23 0]
[0.00917029970556268 'Spatial' 1 0.05832750664308089 0.2793997550021617
 0.10256410256410256 11 8 7 13 23 0]
[0.000629801633309997 'Spatial' 1 0.05832750664308089 0.2793997550021617
 0.10256410256410256 11 8 7 14 62 0]
[0.000629801633309997 'Spatial' 1 0.05832750664308089 0.2793997550021617
 0.10256410256410256 11 8 7 15 58 0]
[0.000629801633309997 'Spatial' 1 0.05832750664308089 0.2793997550021617
 0.10256410256410256 11 8 7 16 54 0]
[0.000629801633309997 'Spatial' 1 0.05832750664308089 0.2793997550021617
 0.10256410256410256 11 8 7 17 37 0]
