[0.0 'Conceptual' 0 0.1285939362271852 1.191319844411495e-06 0.0 30 7 0 0
 0 1]
[3.367643434311497 'Conceptual' 0 0.1285939362271852 1.191319844411495e-06
 2.7452991452991453 30 7 0 1 4 1]
[4.663259853197848 'Conceptual' 0 0.1285939362271852 1.191319844411495e-06
 0.10256410256410256 30 7 0 2 24 1]
[1.397773540807498 'Conceptual' 0 0.1285939362271852 1.191319844411495e-06
 0.10256410256410256 30 7 0 3 32 1]
[0.1052589683769685 'Conceptual' 0 0.1285939362271852
 1.191319844411495e-06 0.10256410256410256 30 7 0 4 17 1]
[0.003946373135502498 'Conceptual' 0 0.1285939362271852
 1.191319844411495e-06 0.10256410256410256 30 7 0 5 19 1]
[0.0006508490928248034 'Conceptual' 0 0.1285939362271852
 1.191319844411495e-06 0.45470085470085464 30 7 0 6 16 1]
[0.0006298016333097749 'Conceptual' 0 0.1285939362271852
 1.191319844411495e-06 0.10256410256410256 30 7 0 7 25 1]
[0.0006298016333097749 'Conceptual' 0 0.1285939362271852
 1.191319844411495e-06 0.10256410256410256 30 7 0 8 25 1]
[0.0006298016333097749 'Conceptual' 0 0.1285939362271852
 1.191319844411495e-06 0.10256410256410256 30 7 0 9 25 1]
[0.0006298016333097749 'Conceptual' 0 0.1285939362271852
 1.191319844411495e-06 0.10256410256410256 30 7 0 10 25 1]
[0.0006298016333097749 'Conceptual' 0 0.1285939362271852
 1.191319844411495e-06 0.10256410256410256 30 7 0 11 25 1]
[2.406412173731966 'Conceptual' 0 0.1285939362271852 1.191319844411495e-06
 4.102564102564102 30 7 0 12 25 1]
[2.169036847993303 'Conceptual' 0 0.1285939362271852 1.191319844411495e-06
 4.102564102564102 30 7 0 13 25 1]
[0.0006298016333097749 'Conceptual' 0 0.1285939362271852
 1.191319844411495e-06 0.10256410256410256 30 7 0 14 25 1]
[2.256492003471641 'Conceptual' 0 0.1285939362271852 1.191319844411495e-06
 4.102564102564102 30 7 0 15 25 1]
[2.1080696101676315 'Conceptual' 0 0.1285939362271852
 1.191319844411495e-06 4.102564102564102 30 7 0 16 25 1]
[0.0006298016333097749 'Conceptual' 0 0.1285939362271852
 1.191319844411495e-06 0.10256410256410256 30 7 0 17 25 1]
[0.0 'Conceptual' 0 0.1285939362271852 1.191319844411495e-06 0.0 30 7 1 0
 25 1]
[3.367643434311497 'Conceptual' 0 0.1285939362271852 1.191319844411495e-06
 2.7452991452991453 30 7 1 1 25 1]
[4.663259853197848 'Conceptual' 0 0.1285939362271852 1.191319844411495e-06
 0.10256410256410256 30 7 1 2 27 1]
[1.397773540807498 'Conceptual' 0 0.1285939362271852 1.191319844411495e-06
 0.10256410256410256 30 7 1 3 27 1]
[0.1052589683769685 'Conceptual' 0 0.1285939362271852
 1.191319844411495e-06 0.10256410256410256 30 7 1 4 27 1]
[0.003946373135502498 'Conceptual' 0 0.1285939362271852
 1.191319844411495e-06 0.10256410256410256 30 7 1 5 27 1]
[0.0006508490928248034 'Conceptual' 0 0.1285939362271852
 1.191319844411495e-06 0.45470085470085464 30 7 1 6 27 1]
[0.0006298016333097749 'Conceptual' 0 0.1285939362271852
 1.191319844411495e-06 0.10256410256410256 30 7 1 7 19 1]
[0.0006298016333097749 'Conceptual' 0 0.1285939362271852
 1.191319844411495e-06 0.10256410256410256 30 7 1 8 27 1]
[0.0006298016333097749 'Conceptual' 0 0.1285939362271852
 1.191319844411495e-06 0.10256410256410256 30 7 1 9 28 1]
[0.0006298016333097749 'Conceptual' 0 0.1285939362271852
 1.191319844411495e-06 0.10256410256410256 30 7 1 10 29 1]
[0.0006298016333097749 'Conceptual' 0 0.1285939362271852
 1.191319844411495e-06 0.10256410256410256 30 7 1 11 35 1]
[2.406412173731966 'Conceptual' 0 0.1285939362271852 1.191319844411495e-06
 4.102564102564102 30 7 1 12 44 1]
[2.169036847993303 'Conceptual' 0 0.1285939362271852 1.191319844411495e-06
 4.102564102564102 30 7 1 13 44 1]
[0.0006298016333097749 'Conceptual' 0 0.1285939362271852
 1.191319844411495e-06 0.10256410256410256 30 7 1 14 44 1]
[2.256492003471641 'Conceptual' 0 0.1285939362271852 1.191319844411495e-06
 4.102564102564102 30 7 1 15 43 1]
[2.1080696101676315 'Conceptual' 0 0.1285939362271852
 1.191319844411495e-06 4.102564102564102 30 7 1 16 45 1]
[0.0006298016333097749 'Conceptual' 0 0.1285939362271852
 1.191319844411495e-06 0.10256410256410256 30 7 1 17 51 1]
[0.0 'Conceptual' 0 0.1285939362271852 1.191319844411495e-06 0.0 30 7 2 0
 46 1]
[3.367643434311497 'Conceptual' 0 0.1285939362271852 1.191319844411495e-06
 2.7452991452991453 30 7 2 1 44 1]
[4.663259853197848 'Conceptual' 0 0.1285939362271852 1.191319844411495e-06
 0.10256410256410256 30 7 2 2 44 1]
[1.397773540807498 'Conceptual' 0 0.1285939362271852 1.191319844411495e-06
 0.10256410256410256 30 7 2 3 44 1]
[0.1052589683769685 'Conceptual' 0 0.1285939362271852
 1.191319844411495e-06 0.10256410256410256 30 7 2 4 52 1]
[0.003946373135502498 'Conceptual' 0 0.1285939362271852
 1.191319844411495e-06 0.10256410256410256 30 7 2 5 12 1]
[0.0006508490928248034 'Conceptual' 0 0.1285939362271852
 1.191319844411495e-06 0.45470085470085464 30 7 2 6 35 1]
[0.0006298016333097749 'Conceptual' 0 0.1285939362271852
 1.191319844411495e-06 0.10256410256410256 30 7 2 7 7 1]
[0.0006298016333097749 'Conceptual' 0 0.1285939362271852
 1.191319844411495e-06 0.10256410256410256 30 7 2 8 7 1]
[0.0006298016333097749 'Conceptual' 0 0.1285939362271852
 1.191319844411495e-06 0.10256410256410256 30 7 2 9 7 1]
[0.0006298016333097749 'Conceptual' 0 0.1285939362271852
 1.191319844411495e-06 0.10256410256410256 30 7 2 10 7 1]
[0.0006298016333097749 'Conceptual' 0 0.1285939362271852
 1.191319844411495e-06 0.10256410256410256 30 7 2 11 7 1]
[2.406412173731966 'Conceptual' 0 0.1285939362271852 1.191319844411495e-06
 4.102564102564102 30 7 2 12 7 1]
[2.169036847993303 'Conceptual' 0 0.1285939362271852 1.191319844411495e-06
 4.102564102564102 30 7 2 13 6 1]
[0.0006298016333097749 'Conceptual' 0 0.1285939362271852
 1.191319844411495e-06 0.10256410256410256 30 7 2 14 15 1]
[2.256492003471641 'Conceptual' 0 0.1285939362271852 1.191319844411495e-06
 4.102564102564102 30 7 2 15 6 1]
[2.1080696101676315 'Conceptual' 0 0.1285939362271852
 1.191319844411495e-06 4.102564102564102 30 7 2 16 7 1]
[0.0006298016333097749 'Conceptual' 0 0.1285939362271852
 1.191319844411495e-06 0.10256410256410256 30 7 2 17 7 1]
[0.0 'Conceptual' 0 0.1285939362271852 1.191319844411495e-06 0.0 30 7 3 0
 7 1]
[3.367643434311497 'Conceptual' 0 0.1285939362271852 1.191319844411495e-06
 2.7452991452991453 30 7 3 1 7 1]
[4.663259853197848 'Conceptual' 0 0.1285939362271852 1.191319844411495e-06
 0.10256410256410256 30 7 3 2 7 1]
[1.397773540807498 'Conceptual' 0 0.1285939362271852 1.191319844411495e-06
 0.10256410256410256 30 7 3 3 7 1]
[0.1052589683769685 'Conceptual' 0 0.1285939362271852
 1.191319844411495e-06 0.10256410256410256 30 7 3 4 7 1]
[0.003946373135502498 'Conceptual' 0 0.1285939362271852
 1.191319844411495e-06 0.10256410256410256 30 7 3 5 7 1]
[0.0006508490928248034 'Conceptual' 0 0.1285939362271852
 1.191319844411495e-06 0.45470085470085464 30 7 3 6 30 1]
[0.0006298016333097749 'Conceptual' 0 0.1285939362271852
 1.191319844411495e-06 0.10256410256410256 30 7 3 7 59 1]
[0.0006298016333097749 'Conceptual' 0 0.1285939362271852
 1.191319844411495e-06 0.10256410256410256 30 7 3 8 57 1]
[0.0006298016333097749 'Conceptual' 0 0.1285939362271852
 1.191319844411495e-06 0.10256410256410256 30 7 3 9 60 1]
[0.0006298016333097749 'Conceptual' 0 0.1285939362271852
 1.191319844411495e-06 0.10256410256410256 30 7 3 10 43 1]
[0.0006298016333097749 'Conceptual' 0 0.1285939362271852
 1.191319844411495e-06 0.10256410256410256 30 7 3 11 43 1]
[2.406412173731966 'Conceptual' 0 0.1285939362271852 1.191319844411495e-06
 4.102564102564102 30 7 3 12 42 1]
[2.169036847993303 'Conceptual' 0 0.1285939362271852 1.191319844411495e-06
 4.102564102564102 30 7 3 13 42 1]
[0.0006298016333097749 'Conceptual' 0 0.1285939362271852
 1.191319844411495e-06 0.10256410256410256 30 7 3 14 50 1]
[2.256492003471641 'Conceptual' 0 0.1285939362271852 1.191319844411495e-06
 4.102564102564102 30 7 3 15 50 1]
[2.1080696101676315 'Conceptual' 0 0.1285939362271852
 1.191319844411495e-06 4.102564102564102 30 7 3 16 50 1]
[0.0006298016333097749 'Conceptual' 0 0.1285939362271852
 1.191319844411495e-06 0.10256410256410256 30 7 3 17 49 1]
[0.0 'Conceptual' 0 0.1285939362271852 1.191319844411495e-06 0.0 30 7 4 0
 51 1]
[3.367643434311497 'Conceptual' 0 0.1285939362271852 1.191319844411495e-06
 2.7452991452991453 30 7 4 1 50 1]
[4.663259853197848 'Conceptual' 0 0.1285939362271852 1.191319844411495e-06
 0.10256410256410256 30 7 4 2 50 1]
[1.397773540807498 'Conceptual' 0 0.1285939362271852 1.191319844411495e-06
 0.10256410256410256 30 7 4 3 51 1]
[0.1052589683769685 'Conceptual' 0 0.1285939362271852
 1.191319844411495e-06 0.10256410256410256 30 7 4 4 50 1]
[0.003946373135502498 'Conceptual' 0 0.1285939362271852
 1.191319844411495e-06 0.10256410256410256 30 7 4 5 50 1]
[0.0006508490928248034 'Conceptual' 0 0.1285939362271852
 1.191319844411495e-06 0.45470085470085464 30 7 4 6 50 1]
[0.0006298016333097749 'Conceptual' 0 0.1285939362271852
 1.191319844411495e-06 0.10256410256410256 30 7 4 7 50 1]
[0.0006298016333097749 'Conceptual' 0 0.1285939362271852
 1.191319844411495e-06 0.10256410256410256 30 7 4 8 2 1]
[0.0006298016333097749 'Conceptual' 0 0.1285939362271852
 1.191319844411495e-06 0.10256410256410256 30 7 4 9 36 1]
[0.0006298016333097749 'Conceptual' 0 0.1285939362271852
 1.191319844411495e-06 0.10256410256410256 30 7 4 10 20 1]
[0.0006298016333097749 'Conceptual' 0 0.1285939362271852
 1.191319844411495e-06 0.10256410256410256 30 7 4 11 32 1]
[2.406412173731966 'Conceptual' 0 0.1285939362271852 1.191319844411495e-06
 4.102564102564102 30 7 4 12 32 1]
[2.169036847993303 'Conceptual' 0 0.1285939362271852 1.191319844411495e-06
 4.102564102564102 30 7 4 13 40 1]
[0.0006298016333097749 'Conceptual' 0 0.1285939362271852
 1.191319844411495e-06 0.10256410256410256 30 7 4 14 32 1]
[2.256492003471641 'Conceptual' 0 0.1285939362271852 1.191319844411495e-06
 4.102564102564102 30 7 4 15 32 1]
[2.1080696101676315 'Conceptual' 0 0.1285939362271852
 1.191319844411495e-06 4.102564102564102 30 7 4 16 40 1]
[0.0006298016333097749 'Conceptual' 0 0.1285939362271852
 1.191319844411495e-06 0.10256410256410256 30 7 4 17 40 1]
[0.0 'Conceptual' 0 0.1285939362271852 1.191319844411495e-06 0.0 30 7 5 0
 48 1]
[3.367643434311497 'Conceptual' 0 0.1285939362271852 1.191319844411495e-06
 2.7452991452991453 30 7 5 1 32 1]
[4.663259853197848 'Conceptual' 0 0.1285939362271852 1.191319844411495e-06
 0.10256410256410256 30 7 5 2 32 1]
[1.397773540807498 'Conceptual' 0 0.1285939362271852 1.191319844411495e-06
 0.10256410256410256 30 7 5 3 40 1]
[0.1052589683769685 'Conceptual' 0 0.1285939362271852
 1.191319844411495e-06 0.10256410256410256 30 7 5 4 40 1]
[0.003946373135502498 'Conceptual' 0 0.1285939362271852
 1.191319844411495e-06 0.10256410256410256 30 7 5 5 32 1]
[0.0006508490928248034 'Conceptual' 0 0.1285939362271852
 1.191319844411495e-06 0.45470085470085464 30 7 5 6 32 1]
[0.0006298016333097749 'Conceptual' 0 0.1285939362271852
 1.191319844411495e-06 0.10256410256410256 30 7 5 7 32 1]
[0.0006298016333097749 'Conceptual' 0 0.1285939362271852
 1.191319844411495e-06 0.10256410256410256 30 7 5 8 40 1]
[0.0006298016333097749 'Conceptual' 0 0.1285939362271852
 1.191319844411495e-06 0.10256410256410256 30 7 5 9 32 1]
[0.0006298016333097749 'Conceptual' 0 0.1285939362271852
 1.191319844411495e-06 0.10256410256410256 30 7 5 10 42 1]
[0.0006298016333097749 'Conceptual' 0 0.1285939362271852
 1.191319844411495e-06 0.10256410256410256 30 7 5 11 56 1]
[2.406412173731966 'Conceptual' 0 0.1285939362271852 1.191319844411495e-06
 4.102564102564102 30 7 5 12 56 1]
[2.169036847993303 'Conceptual' 0 0.1285939362271852 1.191319844411495e-06
 4.102564102564102 30 7 5 13 57 1]
[0.0006298016333097749 'Conceptual' 0 0.1285939362271852
 1.191319844411495e-06 0.10256410256410256 30 7 5 14 48 1]
[2.256492003471641 'Conceptual' 0 0.1285939362271852 1.191319844411495e-06
 4.102564102564102 30 7 5 15 48 1]
[2.1080696101676315 'Conceptual' 0 0.1285939362271852
 1.191319844411495e-06 4.102564102564102 30 7 5 16 48 1]
[0.0006298016333097749 'Conceptual' 0 0.1285939362271852
 1.191319844411495e-06 0.10256410256410256 30 7 5 17 48 1]
[0.0 'Conceptual' 0 0.1285939362271852 1.191319844411495e-06 0.0 30 7 6 0
 49 1]
[3.367643434311497 'Conceptual' 0 0.1285939362271852 1.191319844411495e-06
 2.7452991452991453 30 7 6 1 40 1]
[4.663259853197848 'Conceptual' 0 0.1285939362271852 1.191319844411495e-06
 0.10256410256410256 30 7 6 2 48 1]
[1.397773540807498 'Conceptual' 0 0.1285939362271852 1.191319844411495e-06
 0.10256410256410256 30 7 6 3 48 1]
[0.1052589683769685 'Conceptual' 0 0.1285939362271852
 1.191319844411495e-06 0.10256410256410256 30 7 6 4 48 1]
[0.003946373135502498 'Conceptual' 0 0.1285939362271852
 1.191319844411495e-06 0.10256410256410256 30 7 6 5 48 1]
[0.0006508490928248034 'Conceptual' 0 0.1285939362271852
 1.191319844411495e-06 0.45470085470085464 30 7 6 6 48 1]
[0.0006298016333097749 'Conceptual' 0 0.1285939362271852
 1.191319844411495e-06 0.10256410256410256 30 7 6 7 48 1]
[0.0006298016333097749 'Conceptual' 0 0.1285939362271852
 1.191319844411495e-06 0.10256410256410256 30 7 6 8 48 1]
[0.0006298016333097749 'Conceptual' 0 0.1285939362271852
 1.191319844411495e-06 0.10256410256410256 30 7 6 9 48 1]
[0.0006298016333097749 'Conceptual' 0 0.1285939362271852
 1.191319844411495e-06 0.10256410256410256 30 7 6 10 56 1]
[0.0006298016333097749 'Conceptual' 0 0.1285939362271852
 1.191319844411495e-06 0.10256410256410256 30 7 6 11 48 1]
[2.406412173731966 'Conceptual' 0 0.1285939362271852 1.191319844411495e-06
 4.102564102564102 30 7 6 12 46 1]
[2.169036847993303 'Conceptual' 0 0.1285939362271852 1.191319844411495e-06
 4.102564102564102 30 7 6 13 48 1]
[0.0006298016333097749 'Conceptual' 0 0.1285939362271852
 1.191319844411495e-06 0.10256410256410256 30 7 6 14 29 1]
[2.256492003471641 'Conceptual' 0 0.1285939362271852 1.191319844411495e-06
 4.102564102564102 30 7 6 15 7 1]
[2.1080696101676315 'Conceptual' 0 0.1285939362271852
 1.191319844411495e-06 4.102564102564102 30 7 6 16 7 1]
[0.0006298016333097749 'Conceptual' 0 0.1285939362271852
 1.191319844411495e-06 0.10256410256410256 30 7 6 17 7 1]
[0.0 'Conceptual' 0 0.1285939362271852 1.191319844411495e-06 0.0 30 7 8 0
 7 1]
[3.367643434311497 'Conceptual' 0 0.1285939362271852 1.191319844411495e-06
 2.7452991452991453 30 7 8 1 7 1]
[4.663259853197848 'Conceptual' 0 0.1285939362271852 1.191319844411495e-06
 0.10256410256410256 30 7 8 2 7 1]
[1.397773540807498 'Conceptual' 0 0.1285939362271852 1.191319844411495e-06
 0.10256410256410256 30 7 8 3 7 1]
[0.1052589683769685 'Conceptual' 0 0.1285939362271852
 1.191319844411495e-06 0.10256410256410256 30 7 8 4 7 1]
[0.003946373135502498 'Conceptual' 0 0.1285939362271852
 1.191319844411495e-06 0.10256410256410256 30 7 8 5 7 1]
[0.0006508490928248034 'Conceptual' 0 0.1285939362271852
 1.191319844411495e-06 0.45470085470085464 30 7 8 6 6 1]
[0.0006298016333097749 'Conceptual' 0 0.1285939362271852
 1.191319844411495e-06 0.10256410256410256 30 7 8 7 6 1]
[0.0006298016333097749 'Conceptual' 0 0.1285939362271852
 1.191319844411495e-06 0.10256410256410256 30 7 8 8 6 1]
[0.0006298016333097749 'Conceptual' 0 0.1285939362271852
 1.191319844411495e-06 0.10256410256410256 30 7 8 9 6 1]
[0.0006298016333097749 'Conceptual' 0 0.1285939362271852
 1.191319844411495e-06 0.10256410256410256 30 7 8 10 6 1]
[0.0006298016333097749 'Conceptual' 0 0.1285939362271852
 1.191319844411495e-06 0.10256410256410256 30 7 8 11 6 1]
[2.406412173731966 'Conceptual' 0 0.1285939362271852 1.191319844411495e-06
 4.102564102564102 30 7 8 12 6 1]
[2.169036847993303 'Conceptual' 0 0.1285939362271852 1.191319844411495e-06
 4.102564102564102 30 7 8 13 6 1]
[0.0006298016333097749 'Conceptual' 0 0.1285939362271852
 1.191319844411495e-06 0.10256410256410256 30 7 8 14 0 1]
[2.256492003471641 'Conceptual' 0 0.1285939362271852 1.191319844411495e-06
 4.102564102564102 30 7 8 15 32 1]
[2.1080696101676315 'Conceptual' 0 0.1285939362271852
 1.191319844411495e-06 4.102564102564102 30 7 8 16 2 1]
[0.0006298016333097749 'Conceptual' 0 0.1285939362271852
 1.191319844411495e-06 0.10256410256410256 30 7 8 17 12 1]
