[0.0 'Conceptual' 0 0.7031077949857789 97.04101503965114 0.0 16 7 0 0 44 1]
[4.143134885121679 'Conceptual' 0 0.7031077949857789 97.04101503965114
 0.10256410256410256 16 7 0 1 35 1]
[4.083156657685094 'Conceptual' 0 0.7031077949857789 97.04101503965114
 0.4888888888888889 16 7 0 2 60 1]
[3.6471489466971367 'Conceptual' 0 0.7031077949857789 97.04101503965114
 1.07008547008547 16 7 0 3 55 1]
[3.1468705536451216 'Conceptual' 0 0.7031077949857789 97.04101503965114
 3.1555555555555554 16 7 0 4 7 1]
[3.1665904777934184 'Conceptual' 0 0.7031077949857789 97.04101503965114
 1.07008547008547 16 7 0 5 16 1]
[3.4995655407039226 'Conceptual' 0 0.7031077949857789 97.04101503965114
 2.9743589743589745 16 7 0 6 4 1]
[3.1427777005565876 'Conceptual' 0 0.7031077949857789 97.04101503965114
 0.923076923076923 16 7 0 7 56 1]
[3.527261623971466 'Conceptual' 0 0.7031077949857789 97.04101503965114
 2.6427350427350427 16 7 0 8 61 1]
[2.8930851017962347 'Conceptual' 0 0.7031077949857789 97.04101503965114
 1.8222222222222222 16 7 0 9 59 1]
[3.3325471913836124 'Conceptual' 0 0.7031077949857789 97.04101503965114
 2.051282051282051 16 7 0 10 63 1]
[3.0134813147000465 'Conceptual' 0 0.7031077949857789 97.04101503965114
 0.8205128205128205 16 7 0 11 8 1]
[2.603151795396952 'Conceptual' 0 0.7031077949857789 97.04101503965114
 0.8649572649572649 16 7 0 12 28 1]
[3.931806692144512 'Conceptual' 0 0.7031077949857789 97.04101503965114
 0.24957264957264963 16 7 0 13 61 1]
[2.740624905523442 'Conceptual' 0 0.7031077949857789 97.04101503965114
 1.5384615384615385 16 7 0 14 58 1]
[3.8913684683406045 'Conceptual' 0 0.7031077949857789 97.04101503965114
 0.3076923076923077 16 7 0 15 59 1]
[3.0750551534748665 'Conceptual' 0 0.7031077949857789 97.04101503965114
 1.5145299145299145 16 7 0 16 61 1]
[2.302928889394757 'Conceptual' 0 0.7031077949857789 97.04101503965114
 1.2068376068376068 16 7 0 17 62 1]
[0.0 'Conceptual' 0 0.7031077949857789 97.04101503965114 0.0 16 7 1 0 58 1]
[4.143134885121679 'Conceptual' 0 0.7031077949857789 97.04101503965114
 0.10256410256410256 16 7 1 1 48 1]
[4.083156657685094 'Conceptual' 0 0.7031077949857789 97.04101503965114
 0.4888888888888889 16 7 1 2 7 1]
[3.6471489466971367 'Conceptual' 0 0.7031077949857789 97.04101503965114
 1.07008547008547 16 7 1 3 0 1]
[3.1468705536451216 'Conceptual' 0 0.7031077949857789 97.04101503965114
 3.1555555555555554 16 7 1 4 4 1]
[3.1665904777934184 'Conceptual' 0 0.7031077949857789 97.04101503965114
 1.07008547008547 16 7 1 5 56 1]
[3.4995655407039226 'Conceptual' 0 0.7031077949857789 97.04101503965114
 2.9743589743589745 16 7 1 6 62 1]
[3.1427777005565876 'Conceptual' 0 0.7031077949857789 97.04101503965114
 0.923076923076923 16 7 1 7 36 1]
[3.527261623971466 'Conceptual' 0 0.7031077949857789 97.04101503965114
 2.6427350427350427 16 7 1 8 27 1]
[2.8930851017962347 'Conceptual' 0 0.7031077949857789 97.04101503965114
 1.8222222222222222 16 7 1 9 25 1]
[3.3325471913836124 'Conceptual' 0 0.7031077949857789 97.04101503965114
 2.051282051282051 16 7 1 10 28 1]
[3.0134813147000465 'Conceptual' 0 0.7031077949857789 97.04101503965114
 0.8205128205128205 16 7 1 11 32 1]
[2.603151795396952 'Conceptual' 0 0.7031077949857789 97.04101503965114
 0.8649572649572649 16 7 1 12 16 1]
[3.931806692144512 'Conceptual' 0 0.7031077949857789 97.04101503965114
 0.24957264957264963 16 7 1 13 8 1]
[2.740624905523442 'Conceptual' 0 0.7031077949857789 97.04101503965114
 1.5384615384615385 16 7 1 14 40 1]
[3.8913684683406045 'Conceptual' 0 0.7031077949857789 97.04101503965114
 0.3076923076923077 16 7 1 15 0 1]
[3.0750551534748665 'Conceptual' 0 0.7031077949857789 97.04101503965114
 1.5145299145299145 16 7 1 16 8 1]
[2.302928889394757 'Conceptual' 0 0.7031077949857789 97.04101503965114
 1.2068376068376068 16 7 1 17 40 1]
[0.0 'Conceptual' 0 0.7031077949857789 97.04101503965114 0.0 16 7 2 0 24 1]
[4.143134885121679 'Conceptual' 0 0.7031077949857789 97.04101503965114
 0.10256410256410256 16 7 2 1 8 1]
[4.083156657685094 'Conceptual' 0 0.7031077949857789 97.04101503965114
 0.4888888888888889 16 7 2 2 40 1]
[3.6471489466971367 'Conceptual' 0 0.7031077949857789 97.04101503965114
 1.07008547008547 16 7 2 3 16 1]
[3.1468705536451216 'Conceptual' 0 0.7031077949857789 97.04101503965114
 3.1555555555555554 16 7 2 4 32 1]
[3.1665904777934184 'Conceptual' 0 0.7031077949857789 97.04101503965114
 1.07008547008547 16 7 2 5 23 1]
[3.4995655407039226 'Conceptual' 0 0.7031077949857789 97.04101503965114
 2.9743589743589745 16 7 2 6 13 1]
[3.1427777005565876 'Conceptual' 0 0.7031077949857789 97.04101503965114
 0.923076923076923 16 7 2 7 24 1]
[3.527261623971466 'Conceptual' 0 0.7031077949857789 97.04101503965114
 2.6427350427350427 16 7 2 8 8 1]
[2.8930851017962347 'Conceptual' 0 0.7031077949857789 97.04101503965114
 1.8222222222222222 16 7 2 9 0 1]
[3.3325471913836124 'Conceptual' 0 0.7031077949857789 97.04101503965114
 2.051282051282051 16 7 2 10 24 1]
[3.0134813147000465 'Conceptual' 0 0.7031077949857789 97.04101503965114
 0.8205128205128205 16 7 2 11 40 1]
[2.603151795396952 'Conceptual' 0 0.7031077949857789 97.04101503965114
 0.8649572649572649 16 7 2 12 48 1]
[3.931806692144512 'Conceptual' 0 0.7031077949857789 97.04101503965114
 0.24957264957264963 16 7 2 13 16 1]
[2.740624905523442 'Conceptual' 0 0.7031077949857789 97.04101503965114
 1.5384615384615385 16 7 2 14 48 1]
[3.8913684683406045 'Conceptual' 0 0.7031077949857789 97.04101503965114
 0.3076923076923077 16 7 2 15 8 1]
[3.0750551534748665 'Conceptual' 0 0.7031077949857789 97.04101503965114
 1.5145299145299145 16 7 2 16 8 1]
[2.302928889394757 'Conceptual' 0 0.7031077949857789 97.04101503965114
 1.2068376068376068 16 7 2 17 40 1]
[0.0 'Conceptual' 0 0.7031077949857789 97.04101503965114 0.0 16 7 3 0 39 1]
[4.143134885121679 'Conceptual' 0 0.7031077949857789 97.04101503965114
 0.10256410256410256 16 7 3 1 16 1]
[4.083156657685094 'Conceptual' 0 0.7031077949857789 97.04101503965114
 0.4888888888888889 16 7 3 2 8 1]
[3.6471489466971367 'Conceptual' 0 0.7031077949857789 97.04101503965114
 1.07008547008547 16 7 3 3 32 1]
[3.1468705536451216 'Conceptual' 0 0.7031077949857789 97.04101503965114
 3.1555555555555554 16 7 3 4 40 1]
[3.1665904777934184 'Conceptual' 0 0.7031077949857789 97.04101503965114
 1.07008547008547 16 7 3 5 24 1]
[3.4995655407039226 'Conceptual' 0 0.7031077949857789 97.04101503965114
 2.9743589743589745 16 7 3 6 8 1]
[3.1427777005565876 'Conceptual' 0 0.7031077949857789 97.04101503965114
 0.923076923076923 16 7 3 7 61 1]
[3.527261623971466 'Conceptual' 0 0.7031077949857789 97.04101503965114
 2.6427350427350427 16 7 3 8 63 1]
[2.8930851017962347 'Conceptual' 0 0.7031077949857789 97.04101503965114
 1.8222222222222222 16 7 3 9 59 1]
[3.3325471913836124 'Conceptual' 0 0.7031077949857789 97.04101503965114
 2.051282051282051 16 7 3 10 57 1]
[3.0134813147000465 'Conceptual' 0 0.7031077949857789 97.04101503965114
 0.8205128205128205 16 7 3 11 15 1]
[2.603151795396952 'Conceptual' 0 0.7031077949857789 97.04101503965114
 0.8649572649572649 16 7 3 12 32 1]
[3.931806692144512 'Conceptual' 0 0.7031077949857789 97.04101503965114
 0.24957264957264963 16 7 3 13 2 1]
[2.740624905523442 'Conceptual' 0 0.7031077949857789 97.04101503965114
 1.5384615384615385 16 7 3 14 6 1]
[3.8913684683406045 'Conceptual' 0 0.7031077949857789 97.04101503965114
 0.3076923076923077 16 7 3 15 3 1]
[3.0750551534748665 'Conceptual' 0 0.7031077949857789 97.04101503965114
 1.5145299145299145 16 7 3 16 1 1]
[2.302928889394757 'Conceptual' 0 0.7031077949857789 97.04101503965114
 1.2068376068376068 16 7 3 17 7 1]
[0.0 'Conceptual' 0 0.7031077949857789 97.04101503965114 0.0 16 7 4 0 5 1]
[4.143134885121679 'Conceptual' 0 0.7031077949857789 97.04101503965114
 0.10256410256410256 16 7 4 1 1 1]
[4.083156657685094 'Conceptual' 0 0.7031077949857789 97.04101503965114
 0.4888888888888889 16 7 4 2 5 1]
[3.6471489466971367 'Conceptual' 0 0.7031077949857789 97.04101503965114
 1.07008547008547 16 7 4 3 1 1]
[3.1468705536451216 'Conceptual' 0 0.7031077949857789 97.04101503965114
 3.1555555555555554 16 7 4 4 6 1]
[3.1665904777934184 'Conceptual' 0 0.7031077949857789 97.04101503965114
 1.07008547008547 16 7 4 5 2 1]
[3.4995655407039226 'Conceptual' 0 0.7031077949857789 97.04101503965114
 2.9743589743589745 16 7 4 6 1 1]
[3.1427777005565876 'Conceptual' 0 0.7031077949857789 97.04101503965114
 0.923076923076923 16 7 4 7 6 1]
[3.527261623971466 'Conceptual' 0 0.7031077949857789 97.04101503965114
 2.6427350427350427 16 7 4 8 4 1]
[2.8930851017962347 'Conceptual' 0 0.7031077949857789 97.04101503965114
 1.8222222222222222 16 7 4 9 2 1]
[3.3325471913836124 'Conceptual' 0 0.7031077949857789 97.04101503965114
 2.051282051282051 16 7 4 10 57 1]
[3.0134813147000465 'Conceptual' 0 0.7031077949857789 97.04101503965114
 0.8205128205128205 16 7 4 11 62 1]
[2.603151795396952 'Conceptual' 0 0.7031077949857789 97.04101503965114
 0.8649572649572649 16 7 4 12 56 1]
[3.931806692144512 'Conceptual' 0 0.7031077949857789 97.04101503965114
 0.24957264957264963 16 7 4 13 57 1]
[2.740624905523442 'Conceptual' 0 0.7031077949857789 97.04101503965114
 1.5384615384615385 16 7 4 14 58 1]
[3.8913684683406045 'Conceptual' 0 0.7031077949857789 97.04101503965114
 0.3076923076923077 16 7 4 15 62 1]
[3.0750551534748665 'Conceptual' 0 0.7031077949857789 97.04101503965114
 1.5145299145299145 16 7 4 16 61 1]
[2.302928889394757 'Conceptual' 0 0.7031077949857789 97.04101503965114
 1.2068376068376068 16 7 4 17 33 1]
[0.0 'Conceptual' 0 0.7031077949857789 97.04101503965114 0.0 16 7 5 0 34 1]
[4.143134885121679 'Conceptual' 0 0.7031077949857789 97.04101503965114
 0.10256410256410256 16 7 5 1 43 1]
[4.083156657685094 'Conceptual' 0 0.7031077949857789 97.04101503965114
 0.4888888888888889 16 7 5 2 45 1]
[3.6471489466971367 'Conceptual' 0 0.7031077949857789 97.04101503965114
 1.07008547008547 16 7 5 3 47 1]
[3.1468705536451216 'Conceptual' 0 0.7031077949857789 97.04101503965114
 3.1555555555555554 16 7 5 4 31 1]
[3.1665904777934184 'Conceptual' 0 0.7031077949857789 97.04101503965114
 1.07008547008547 16 7 5 5 31 1]
[3.4995655407039226 'Conceptual' 0 0.7031077949857789 97.04101503965114
 2.9743589743589745 16 7 5 6 23 1]
[3.1427777005565876 'Conceptual' 0 0.7031077949857789 97.04101503965114
 0.923076923076923 16 7 5 7 55 1]
[3.527261623971466 'Conceptual' 0 0.7031077949857789 97.04101503965114
 2.6427350427350427 16 7 5 8 39 1]
[2.8930851017962347 'Conceptual' 0 0.7031077949857789 97.04101503965114
 1.8222222222222222 16 7 5 9 39 1]
[3.3325471913836124 'Conceptual' 0 0.7031077949857789 97.04101503965114
 2.051282051282051 16 7 5 10 23 1]
[3.0134813147000465 'Conceptual' 0 0.7031077949857789 97.04101503965114
 0.8205128205128205 16 7 5 11 5 1]
[2.603151795396952 'Conceptual' 0 0.7031077949857789 97.04101503965114
 0.8649572649572649 16 7 5 12 32 1]
[3.931806692144512 'Conceptual' 0 0.7031077949857789 97.04101503965114
 0.24957264957264963 16 7 5 13 56 1]
[2.740624905523442 'Conceptual' 0 0.7031077949857789 97.04101503965114
 1.5384615384615385 16 7 5 14 24 1]
[3.8913684683406045 'Conceptual' 0 0.7031077949857789 97.04101503965114
 0.3076923076923077 16 7 5 15 48 1]
[3.0750551534748665 'Conceptual' 0 0.7031077949857789 97.04101503965114
 1.5145299145299145 16 7 5 16 48 1]
[2.302928889394757 'Conceptual' 0 0.7031077949857789 97.04101503965114
 1.2068376068376068 16 7 5 17 16 1]
[0.0 'Conceptual' 0 0.7031077949857789 97.04101503965114 0.0 16 7 6 0 40 1]
[4.143134885121679 'Conceptual' 0 0.7031077949857789 97.04101503965114
 0.10256410256410256 16 7 6 1 32 1]
[4.083156657685094 'Conceptual' 0 0.7031077949857789 97.04101503965114
 0.4888888888888889 16 7 6 2 32 1]
[3.6471489466971367 'Conceptual' 0 0.7031077949857789 97.04101503965114
 1.07008547008547 16 7 6 3 24 1]
[3.1468705536451216 'Conceptual' 0 0.7031077949857789 97.04101503965114
 3.1555555555555554 16 7 6 4 40 1]
[3.1665904777934184 'Conceptual' 0 0.7031077949857789 97.04101503965114
 1.07008547008547 16 7 6 5 40 1]
[3.4995655407039226 'Conceptual' 0 0.7031077949857789 97.04101503965114
 2.9743589743589745 16 7 6 6 40 1]
[3.1427777005565876 'Conceptual' 0 0.7031077949857789 97.04101503965114
 0.923076923076923 16 7 6 7 40 1]
[3.527261623971466 'Conceptual' 0 0.7031077949857789 97.04101503965114
 2.6427350427350427 16 7 6 8 40 1]
[2.8930851017962347 'Conceptual' 0 0.7031077949857789 97.04101503965114
 1.8222222222222222 16 7 6 9 40 1]
[3.3325471913836124 'Conceptual' 0 0.7031077949857789 97.04101503965114
 2.051282051282051 16 7 6 10 48 1]
[3.0134813147000465 'Conceptual' 0 0.7031077949857789 97.04101503965114
 0.8205128205128205 16 7 6 11 40 1]
[2.603151795396952 'Conceptual' 0 0.7031077949857789 97.04101503965114
 0.8649572649572649 16 7 6 12 56 1]
[3.931806692144512 'Conceptual' 0 0.7031077949857789 97.04101503965114
 0.24957264957264963 16 7 6 13 57 1]
[2.740624905523442 'Conceptual' 0 0.7031077949857789 97.04101503965114
 1.5384615384615385 16 7 6 14 58 1]
[3.8913684683406045 'Conceptual' 0 0.7031077949857789 97.04101503965114
 0.3076923076923077 16 7 6 15 59 1]
[3.0750551534748665 'Conceptual' 0 0.7031077949857789 97.04101503965114
 1.5145299145299145 16 7 6 16 59 1]
[2.302928889394757 'Conceptual' 0 0.7031077949857789 97.04101503965114
 1.2068376068376068 16 7 6 17 59 1]
[0.0 'Conceptual' 0 0.7031077949857789 97.04101503965114 0.0 16 7 8 0 59 1]
[4.143134885121679 'Conceptual' 0 0.7031077949857789 97.04101503965114
 0.10256410256410256 16 7 8 1 59 1]
[4.083156657685094 'Conceptual' 0 0.7031077949857789 97.04101503965114
 0.4888888888888889 16 7 8 2 59 1]
[3.6471489466971367 'Conceptual' 0 0.7031077949857789 97.04101503965114
 1.07008547008547 16 7 8 3 59 1]
[3.1468705536451216 'Conceptual' 0 0.7031077949857789 97.04101503965114
 3.1555555555555554 16 7 8 4 59 1]
[3.1665904777934184 'Conceptual' 0 0.7031077949857789 97.04101503965114
 1.07008547008547 16 7 8 5 59 1]
[3.4995655407039226 'Conceptual' 0 0.7031077949857789 97.04101503965114
 2.9743589743589745 16 7 8 6 59 1]
[3.1427777005565876 'Conceptual' 0 0.7031077949857789 97.04101503965114
 0.923076923076923 16 7 8 7 59 1]
[3.527261623971466 'Conceptual' 0 0.7031077949857789 97.04101503965114
 2.6427350427350427 16 7 8 8 59 1]
[2.8930851017962347 'Conceptual' 0 0.7031077949857789 97.04101503965114
 1.8222222222222222 16 7 8 9 59 1]
[3.3325471913836124 'Conceptual' 0 0.7031077949857789 97.04101503965114
 2.051282051282051 16 7 8 10 59 1]
[3.0134813147000465 'Conceptual' 0 0.7031077949857789 97.04101503965114
 0.8205128205128205 16 7 8 11 59 1]
[2.603151795396952 'Conceptual' 0 0.7031077949857789 97.04101503965114
 0.8649572649572649 16 7 8 12 59 1]
[3.931806692144512 'Conceptual' 0 0.7031077949857789 97.04101503965114
 0.24957264957264963 16 7 8 13 59 1]
[2.740624905523442 'Conceptual' 0 0.7031077949857789 97.04101503965114
 1.5384615384615385 16 7 8 14 0 1]
[3.8913684683406045 'Conceptual' 0 0.7031077949857789 97.04101503965114
 0.3076923076923077 16 7 8 15 1 1]
[3.0750551534748665 'Conceptual' 0 0.7031077949857789 97.04101503965114
 1.5145299145299145 16 7 8 16 3 1]
[2.302928889394757 'Conceptual' 0 0.7031077949857789 97.04101503965114
 1.2068376068376068 16 7 8 17 31 1]
