[0.0 'Spatial' 1 0.13541337389512992 100.27346029131186 0.0 12 8 0 0 47 1]
[3.0004680183530863 'Spatial' 1 0.13541337389512992 100.27346029131186
 2.67003367003367 12 8 0 1 49 1]
[1.1838170114707773 'Spatial' 1 0.13541337389512992 100.27346029131186
 6.946127946127946 12 8 0 2 52 1]
[3.465745902749727 'Spatial' 1 0.13541337389512992 100.27346029131186
 4.9259259259259265 12 8 0 3 33 1]
[2.9962752163112008 'Spatial' 1 0.13541337389512992 100.27346029131186
 3.0303030303030303 12 8 0 4 36 1]
[3.0910615440851776 'Spatial' 1 0.13541337389512992 100.27346029131186
 2.5016835016835017 12 8 0 5 60 1]
[3.131501595307814 'Spatial' 1 0.13541337389512992 100.27346029131186
 0.952861952861953 12 8 0 6 19 1]
[3.0573577885201795 'Spatial' 1 0.13541337389512992 100.27346029131186
 0.8518518518518517 12 8 0 7 31 1]
[3.2189141980267078 'Spatial' 1 0.13541337389512992 100.27346029131186
 1.9966329966329968 12 8 0 8 26 1]
[2.8904137080813173 'Spatial' 1 0.13541337389512992 100.27346029131186
 1.6936026936026936 12 8 0 9 53 1]
[3.302601033678692 'Spatial' 1 0.13541337389512992 100.27346029131186
 1.7272727272727273 12 8 0 10 18 1]
[2.7900768630044386 'Spatial' 1 0.13541337389512992 100.27346029131186
 1.4915824915824916 12 8 0 11 36 1]
[2.247973476910205 'Spatial' 1 0.13541337389512992 100.27346029131186
 1.0538720538720538 12 8 0 12 7 1]
[2.7734302539415414 'Spatial' 1 0.13541337389512992 100.27346029131186
 1.3905723905723906 12 8 0 13 33 1]
[2.944684372936583 'Spatial' 1 0.13541337389512992 100.27346029131186
 1.4141414141414141 12 8 0 14 42 1]
[3.1780720898338024 'Spatial' 1 0.13541337389512992 100.27346029131186
 0.5488215488215488 12 8 0 15 38 1]
[2.180270902060501 'Spatial' 1 0.13541337389512992 100.27346029131186
 0.9090909090909091 12 8 0 16 4 1]
[3.4148081366795524 'Spatial' 1 0.13541337389512992 100.27346029131186
 1.4915824915824916 12 8 0 17 32 1]
[3.3323275764032068 'Spatial' 1 0.13541337389512992 100.27346029131186
 1.4141414141414141 12 8 0 18 50 1]
[3.332335029314686 'Spatial' 1 0.13541337389512992 100.27346029131186
 1.4141414141414141 12 8 0 19 47 1]
[0.0 'Spatial' 1 0.13541337389512992 100.27346029131186 0.0 12 8 1 0 47 1]
[3.0004680183530863 'Spatial' 1 0.13541337389512992 100.27346029131186
 2.67003367003367 12 8 1 1 49 1]
[1.1838170114707773 'Spatial' 1 0.13541337389512992 100.27346029131186
 6.946127946127946 12 8 1 2 52 1]
[3.465745902749727 'Spatial' 1 0.13541337389512992 100.27346029131186
 4.9259259259259265 12 8 1 3 33 1]
[2.9962752163112008 'Spatial' 1 0.13541337389512992 100.27346029131186
 3.0303030303030303 12 8 1 4 36 1]
[3.0910615440851776 'Spatial' 1 0.13541337389512992 100.27346029131186
 2.5016835016835017 12 8 1 5 60 1]
[3.131501595307814 'Spatial' 1 0.13541337389512992 100.27346029131186
 0.952861952861953 12 8 1 6 19 1]
[3.0573577885201795 'Spatial' 1 0.13541337389512992 100.27346029131186
 0.8518518518518517 12 8 1 7 31 1]
[3.2189141980267078 'Spatial' 1 0.13541337389512992 100.27346029131186
 1.9966329966329968 12 8 1 8 26 1]
[2.8904137080813173 'Spatial' 1 0.13541337389512992 100.27346029131186
 1.6936026936026936 12 8 1 9 53 1]
[3.302601033678692 'Spatial' 1 0.13541337389512992 100.27346029131186
 1.7272727272727273 12 8 1 10 18 1]
[2.7900768630044386 'Spatial' 1 0.13541337389512992 100.27346029131186
 1.4915824915824916 12 8 1 11 36 1]
[2.247973476910205 'Spatial' 1 0.13541337389512992 100.27346029131186
 1.0538720538720538 12 8 1 12 7 1]
[2.7734302539415414 'Spatial' 1 0.13541337389512992 100.27346029131186
 1.3905723905723906 12 8 1 13 33 1]
[2.944684372936583 'Spatial' 1 0.13541337389512992 100.27346029131186
 1.4141414141414141 12 8 1 14 42 1]
[3.1780720898338024 'Spatial' 1 0.13541337389512992 100.27346029131186
 0.5488215488215488 12 8 1 15 38 1]
[2.180270902060501 'Spatial' 1 0.13541337389512992 100.27346029131186
 0.9090909090909091 12 8 1 16 4 1]
[3.4148081366795524 'Spatial' 1 0.13541337389512992 100.27346029131186
 1.4915824915824916 12 8 1 17 32 1]
[3.3323275764032068 'Spatial' 1 0.13541337389512992 100.27346029131186
 1.4141414141414141 12 8 1 18 50 1]
[3.332335029314686 'Spatial' 1 0.13541337389512992 100.27346029131186
 1.4141414141414141 12 8 1 19 47 1]
[0.0 'Spatial' 1 0.13541337389512992 100.27346029131186 0.0 12 8 2 0 47 1]
[3.0004680183530863 'Spatial' 1 0.13541337389512992 100.27346029131186
 2.67003367003367 12 8 2 1 49 1]
[1.1838170114707773 'Spatial' 1 0.13541337389512992 100.27346029131186
 6.946127946127946 12 8 2 2 52 1]
[3.465745902749727 'Spatial' 1 0.13541337389512992 100.27346029131186
 4.9259259259259265 12 8 2 3 33 1]
[2.9962752163112008 'Spatial' 1 0.13541337389512992 100.27346029131186
 3.0303030303030303 12 8 2 4 36 1]
[3.0910615440851776 'Spatial' 1 0.13541337389512992 100.27346029131186
 2.5016835016835017 12 8 2 5 60 1]
[3.131501595307814 'Spatial' 1 0.13541337389512992 100.27346029131186
 0.952861952861953 12 8 2 6 19 1]
[3.0573577885201795 'Spatial' 1 0.13541337389512992 100.27346029131186
 0.8518518518518517 12 8 2 7 31 1]
[3.2189141980267078 'Spatial' 1 0.13541337389512992 100.27346029131186
 1.9966329966329968 12 8 2 8 26 1]
[2.8904137080813173 'Spatial' 1 0.13541337389512992 100.27346029131186
 1.6936026936026936 12 8 2 9 53 1]
[3.302601033678692 'Spatial' 1 0.13541337389512992 100.27346029131186
 1.7272727272727273 12 8 2 10 18 1]
[2.7900768630044386 'Spatial' 1 0.13541337389512992 100.27346029131186
 1.4915824915824916 12 8 2 11 36 1]
[2.247973476910205 'Spatial' 1 0.13541337389512992 100.27346029131186
 1.0538720538720538 12 8 2 12 7 1]
[2.7734302539415414 'Spatial' 1 0.13541337389512992 100.27346029131186
 1.3905723905723906 12 8 2 13 33 1]
[2.944684372936583 'Spatial' 1 0.13541337389512992 100.27346029131186
 1.4141414141414141 12 8 2 14 42 1]
[3.1780720898338024 'Spatial' 1 0.13541337389512992 100.27346029131186
 0.5488215488215488 12 8 2 15 38 1]
[2.180270902060501 'Spatial' 1 0.13541337389512992 100.27346029131186
 0.9090909090909091 12 8 2 16 4 1]
[3.4148081366795524 'Spatial' 1 0.13541337389512992 100.27346029131186
 1.4915824915824916 12 8 2 17 32 1]
[3.3323275764032068 'Spatial' 1 0.13541337389512992 100.27346029131186
 1.4141414141414141 12 8 2 18 50 1]
[3.332335029314686 'Spatial' 1 0.13541337389512992 100.27346029131186
 1.4141414141414141 12 8 2 19 47 1]
[0.0 'Spatial' 1 0.13541337389512992 100.27346029131186 0.0 12 8 3 0 47 1]
[3.0004680183530863 'Spatial' 1 0.13541337389512992 100.27346029131186
 2.67003367003367 12 8 3 1 49 1]
[1.1838170114707773 'Spatial' 1 0.13541337389512992 100.27346029131186
 6.946127946127946 12 8 3 2 52 1]
[3.465745902749727 'Spatial' 1 0.13541337389512992 100.27346029131186
 4.9259259259259265 12 8 3 3 33 1]
[2.9962752163112008 'Spatial' 1 0.13541337389512992 100.27346029131186
 3.0303030303030303 12 8 3 4 36 1]
[3.0910615440851776 'Spatial' 1 0.13541337389512992 100.27346029131186
 2.5016835016835017 12 8 3 5 60 1]
[3.131501595307814 'Spatial' 1 0.13541337389512992 100.27346029131186
 0.952861952861953 12 8 3 6 19 1]
[3.0573577885201795 'Spatial' 1 0.13541337389512992 100.27346029131186
 0.8518518518518517 12 8 3 7 31 1]
[3.2189141980267078 'Spatial' 1 0.13541337389512992 100.27346029131186
 1.9966329966329968 12 8 3 8 26 1]
[2.8904137080813173 'Spatial' 1 0.13541337389512992 100.27346029131186
 1.6936026936026936 12 8 3 9 53 1]
[3.302601033678692 'Spatial' 1 0.13541337389512992 100.27346029131186
 1.7272727272727273 12 8 3 10 18 1]
[2.7900768630044386 'Spatial' 1 0.13541337389512992 100.27346029131186
 1.4915824915824916 12 8 3 11 36 1]
[2.247973476910205 'Spatial' 1 0.13541337389512992 100.27346029131186
 1.0538720538720538 12 8 3 12 7 1]
[2.7734302539415414 'Spatial' 1 0.13541337389512992 100.27346029131186
 1.3905723905723906 12 8 3 13 33 1]
[2.944684372936583 'Spatial' 1 0.13541337389512992 100.27346029131186
 1.4141414141414141 12 8 3 14 42 1]
[3.1780720898338024 'Spatial' 1 0.13541337389512992 100.27346029131186
 0.5488215488215488 12 8 3 15 38 1]
[2.180270902060501 'Spatial' 1 0.13541337389512992 100.27346029131186
 0.9090909090909091 12 8 3 16 4 1]
[3.4148081366795524 'Spatial' 1 0.13541337389512992 100.27346029131186
 1.4915824915824916 12 8 3 17 32 1]
[3.3323275764032068 'Spatial' 1 0.13541337389512992 100.27346029131186
 1.4141414141414141 12 8 3 18 50 1]
[3.332335029314686 'Spatial' 1 0.13541337389512992 100.27346029131186
 1.4141414141414141 12 8 3 19 47 1]
[0.0 'Spatial' 1 0.13541337389512992 100.27346029131186 0.0 12 8 4 0 47 1]
[3.0004680183530863 'Spatial' 1 0.13541337389512992 100.27346029131186
 2.67003367003367 12 8 4 1 49 1]
[1.1838170114707773 'Spatial' 1 0.13541337389512992 100.27346029131186
 6.946127946127946 12 8 4 2 52 1]
[3.465745902749727 'Spatial' 1 0.13541337389512992 100.27346029131186
 4.9259259259259265 12 8 4 3 33 1]
[2.9962752163112008 'Spatial' 1 0.13541337389512992 100.27346029131186
 3.0303030303030303 12 8 4 4 36 1]
[3.0910615440851776 'Spatial' 1 0.13541337389512992 100.27346029131186
 2.5016835016835017 12 8 4 5 60 1]
[3.131501595307814 'Spatial' 1 0.13541337389512992 100.27346029131186
 0.952861952861953 12 8 4 6 19 1]
[3.0573577885201795 'Spatial' 1 0.13541337389512992 100.27346029131186
 0.8518518518518517 12 8 4 7 31 1]
[3.2189141980267078 'Spatial' 1 0.13541337389512992 100.27346029131186
 1.9966329966329968 12 8 4 8 26 1]
[2.8904137080813173 'Spatial' 1 0.13541337389512992 100.27346029131186
 1.6936026936026936 12 8 4 9 53 1]
[3.302601033678692 'Spatial' 1 0.13541337389512992 100.27346029131186
 1.7272727272727273 12 8 4 10 18 1]
[2.7900768630044386 'Spatial' 1 0.13541337389512992 100.27346029131186
 1.4915824915824916 12 8 4 11 36 1]
[2.247973476910205 'Spatial' 1 0.13541337389512992 100.27346029131186
 1.0538720538720538 12 8 4 12 7 1]
[2.7734302539415414 'Spatial' 1 0.13541337389512992 100.27346029131186
 1.3905723905723906 12 8 4 13 33 1]
[2.944684372936583 'Spatial' 1 0.13541337389512992 100.27346029131186
 1.4141414141414141 12 8 4 14 42 1]
[3.1780720898338024 'Spatial' 1 0.13541337389512992 100.27346029131186
 0.5488215488215488 12 8 4 15 38 1]
[2.180270902060501 'Spatial' 1 0.13541337389512992 100.27346029131186
 0.9090909090909091 12 8 4 16 4 1]
[3.4148081366795524 'Spatial' 1 0.13541337389512992 100.27346029131186
 1.4915824915824916 12 8 4 17 32 1]
[3.3323275764032068 'Spatial' 1 0.13541337389512992 100.27346029131186
 1.4141414141414141 12 8 4 18 50 1]
[3.332335029314686 'Spatial' 1 0.13541337389512992 100.27346029131186
 1.4141414141414141 12 8 4 19 47 1]
[0.0 'Spatial' 1 0.13541337389512992 100.27346029131186 0.0 12 8 5 0 47 1]
[3.0004680183530863 'Spatial' 1 0.13541337389512992 100.27346029131186
 2.67003367003367 12 8 5 1 49 1]
[1.1838170114707773 'Spatial' 1 0.13541337389512992 100.27346029131186
 6.946127946127946 12 8 5 2 52 1]
[3.465745902749727 'Spatial' 1 0.13541337389512992 100.27346029131186
 4.9259259259259265 12 8 5 3 33 1]
[2.9962752163112008 'Spatial' 1 0.13541337389512992 100.27346029131186
 3.0303030303030303 12 8 5 4 36 1]
[3.0910615440851776 'Spatial' 1 0.13541337389512992 100.27346029131186
 2.5016835016835017 12 8 5 5 60 1]
[3.131501595307814 'Spatial' 1 0.13541337389512992 100.27346029131186
 0.952861952861953 12 8 5 6 19 1]
[3.0573577885201795 'Spatial' 1 0.13541337389512992 100.27346029131186
 0.8518518518518517 12 8 5 7 31 1]
[3.2189141980267078 'Spatial' 1 0.13541337389512992 100.27346029131186
 1.9966329966329968 12 8 5 8 26 1]
[2.8904137080813173 'Spatial' 1 0.13541337389512992 100.27346029131186
 1.6936026936026936 12 8 5 9 53 1]
[3.302601033678692 'Spatial' 1 0.13541337389512992 100.27346029131186
 1.7272727272727273 12 8 5 10 18 1]
[2.7900768630044386 'Spatial' 1 0.13541337389512992 100.27346029131186
 1.4915824915824916 12 8 5 11 36 1]
[2.247973476910205 'Spatial' 1 0.13541337389512992 100.27346029131186
 1.0538720538720538 12 8 5 12 7 1]
[2.7734302539415414 'Spatial' 1 0.13541337389512992 100.27346029131186
 1.3905723905723906 12 8 5 13 33 1]
[2.944684372936583 'Spatial' 1 0.13541337389512992 100.27346029131186
 1.4141414141414141 12 8 5 14 42 1]
[3.1780720898338024 'Spatial' 1 0.13541337389512992 100.27346029131186
 0.5488215488215488 12 8 5 15 38 1]
[2.180270902060501 'Spatial' 1 0.13541337389512992 100.27346029131186
 0.9090909090909091 12 8 5 16 4 1]
[3.4148081366795524 'Spatial' 1 0.13541337389512992 100.27346029131186
 1.4915824915824916 12 8 5 17 32 1]
[3.3323275764032068 'Spatial' 1 0.13541337389512992 100.27346029131186
 1.4141414141414141 12 8 5 18 50 1]
[3.332335029314686 'Spatial' 1 0.13541337389512992 100.27346029131186
 1.4141414141414141 12 8 5 19 47 1]
[0.0 'Spatial' 1 0.13541337389512992 100.27346029131186 0.0 12 8 6 0 47 1]
[3.0004680183530863 'Spatial' 1 0.13541337389512992 100.27346029131186
 2.67003367003367 12 8 6 1 49 1]
[1.1838170114707773 'Spatial' 1 0.13541337389512992 100.27346029131186
 6.946127946127946 12 8 6 2 52 1]
[3.465745902749727 'Spatial' 1 0.13541337389512992 100.27346029131186
 4.9259259259259265 12 8 6 3 33 1]
[2.9962752163112008 'Spatial' 1 0.13541337389512992 100.27346029131186
 3.0303030303030303 12 8 6 4 36 1]
[3.0910615440851776 'Spatial' 1 0.13541337389512992 100.27346029131186
 2.5016835016835017 12 8 6 5 60 1]
[3.131501595307814 'Spatial' 1 0.13541337389512992 100.27346029131186
 0.952861952861953 12 8 6 6 19 1]
[3.0573577885201795 'Spatial' 1 0.13541337389512992 100.27346029131186
 0.8518518518518517 12 8 6 7 31 1]
[3.2189141980267078 'Spatial' 1 0.13541337389512992 100.27346029131186
 1.9966329966329968 12 8 6 8 26 1]
[2.8904137080813173 'Spatial' 1 0.13541337389512992 100.27346029131186
 1.6936026936026936 12 8 6 9 53 1]
[3.302601033678692 'Spatial' 1 0.13541337389512992 100.27346029131186
 1.7272727272727273 12 8 6 10 18 1]
[2.7900768630044386 'Spatial' 1 0.13541337389512992 100.27346029131186
 1.4915824915824916 12 8 6 11 36 1]
[2.247973476910205 'Spatial' 1 0.13541337389512992 100.27346029131186
 1.0538720538720538 12 8 6 12 7 1]
[2.7734302539415414 'Spatial' 1 0.13541337389512992 100.27346029131186
 1.3905723905723906 12 8 6 13 33 1]
[2.944684372936583 'Spatial' 1 0.13541337389512992 100.27346029131186
 1.4141414141414141 12 8 6 14 42 1]
[3.1780720898338024 'Spatial' 1 0.13541337389512992 100.27346029131186
 0.5488215488215488 12 8 6 15 38 1]
[2.180270902060501 'Spatial' 1 0.13541337389512992 100.27346029131186
 0.9090909090909091 12 8 6 16 4 1]
[3.4148081366795524 'Spatial' 1 0.13541337389512992 100.27346029131186
 1.4915824915824916 12 8 6 17 32 1]
[3.3323275764032068 'Spatial' 1 0.13541337389512992 100.27346029131186
 1.4141414141414141 12 8 6 18 50 1]
[3.332335029314686 'Spatial' 1 0.13541337389512992 100.27346029131186
 1.4141414141414141 12 8 6 19 47 1]
[0.0 'Spatial' 1 0.13541337389512992 100.27346029131186 0.0 12 8 7 0 47 1]
[3.0004680183530863 'Spatial' 1 0.13541337389512992 100.27346029131186
 2.67003367003367 12 8 7 1 49 1]
[1.1838170114707773 'Spatial' 1 0.13541337389512992 100.27346029131186
 6.946127946127946 12 8 7 2 52 1]
[3.465745902749727 'Spatial' 1 0.13541337389512992 100.27346029131186
 4.9259259259259265 12 8 7 3 33 1]
[2.9962752163112008 'Spatial' 1 0.13541337389512992 100.27346029131186
 3.0303030303030303 12 8 7 4 36 1]
[3.0910615440851776 'Spatial' 1 0.13541337389512992 100.27346029131186
 2.5016835016835017 12 8 7 5 60 1]
[3.131501595307814 'Spatial' 1 0.13541337389512992 100.27346029131186
 0.952861952861953 12 8 7 6 19 1]
[3.0573577885201795 'Spatial' 1 0.13541337389512992 100.27346029131186
 0.8518518518518517 12 8 7 7 31 1]
[3.2189141980267078 'Spatial' 1 0.13541337389512992 100.27346029131186
 1.9966329966329968 12 8 7 8 26 1]
[2.8904137080813173 'Spatial' 1 0.13541337389512992 100.27346029131186
 1.6936026936026936 12 8 7 9 53 1]
[3.302601033678692 'Spatial' 1 0.13541337389512992 100.27346029131186
 1.7272727272727273 12 8 7 10 18 1]
[2.7900768630044386 'Spatial' 1 0.13541337389512992 100.27346029131186
 1.4915824915824916 12 8 7 11 36 1]
[2.247973476910205 'Spatial' 1 0.13541337389512992 100.27346029131186
 1.0538720538720538 12 8 7 12 7 1]
[2.7734302539415414 'Spatial' 1 0.13541337389512992 100.27346029131186
 1.3905723905723906 12 8 7 13 33 1]
[2.944684372936583 'Spatial' 1 0.13541337389512992 100.27346029131186
 1.4141414141414141 12 8 7 14 42 1]
[3.1780720898338024 'Spatial' 1 0.13541337389512992 100.27346029131186
 0.5488215488215488 12 8 7 15 38 1]
[2.180270902060501 'Spatial' 1 0.13541337389512992 100.27346029131186
 0.9090909090909091 12 8 7 16 4 1]
[3.4148081366795524 'Spatial' 1 0.13541337389512992 100.27346029131186
 1.4915824915824916 12 8 7 17 32 1]
[3.3323275764032068 'Spatial' 1 0.13541337389512992 100.27346029131186
 1.4141414141414141 12 8 7 18 50 1]
[3.332335029314686 'Spatial' 1 0.13541337389512992 100.27346029131186
 1.4141414141414141 12 8 7 19 47 1]
