[0.0 'Spatial' 0 0.2183997480381654 0.8705057317396303 0.0 87 4 0 0 0 0]
[3.213670090747448 'Spatial' 0 0.2183997480381654 0.8705057317396303
 4.102564102564102 87 4 0 1 63 0]
[3.865882093570125 'Spatial' 0 0.2183997480381654 0.8705057317396303
 2.0957264957264954 87 4 0 2 35 0]
[3.7062896980935434 'Spatial' 0 0.2183997480381654 0.8705057317396303
 1.8461538461538463 87 4 0 3 59 0]
[2.171592886312501 'Spatial' 0 0.2183997480381654 0.8705057317396303
 2.871794871794872 87 4 0 4 7 0]
[3.0102810100490953 'Spatial' 0 0.2183997480381654 0.8705057317396303
 2.9504273504273506 87 4 0 5 7 0]
[0.3927840049928709 'Spatial' 0 0.2183997480381654 0.8705057317396303
 1.2068376068376068 87 4 0 6 7 0]
[1.5801667303627238 'Spatial' 0 0.2183997480381654 0.8705057317396303
 3.1555555555555554 87 4 0 7 15 0]
[3.2007753797523715 'Spatial' 0 0.2183997480381654 0.8705057317396303
 4.102564102564102 87 4 0 8 5 0]
[0.005934869146222131 'Spatial' 0 0.2183997480381654 0.8705057317396303
 0.6940170940170939 87 4 0 9 7 0]
[2.0511384865732927 'Spatial' 0 0.2183997480381654 0.8705057317396303 4.0
 87 4 0 10 14 0]
[1.5362441190856202 'Spatial' 0 0.2183997480381654 0.8705057317396303
 3.429059829059829 87 4 0 11 15 0]
[0.0007672728943293059 'Spatial' 0 0.2183997480381654 0.8705057317396303
 0.10256410256410256 87 4 0 12 7 0]
[0.0006298016333102192 'Spatial' 0 0.2183997480381654 0.8705057317396303
 0.10256410256410256 87 4 0 13 7 0]
[0.0006298016333102192 'Spatial' 0 0.2183997480381654 0.8705057317396303
 0.10256410256410256 87 4 0 14 7 0]
[0.0006298016333102192 'Spatial' 0 0.2183997480381654 0.8705057317396303
 0.10256410256410256 87 4 0 15 7 0]
[0.0006298016333102192 'Spatial' 0 0.2183997480381654 0.8705057317396303
 0.10256410256410256 87 4 0 16 7 0]
[1.6556553701153085 'Spatial' 0 0.2183997480381654 0.8705057317396303
 4.102564102564102 87 4 0 17 6 0]
[7.671799342210923 'Spatial' 0 0.2183997480381654 0.8705057317396303
 4.102564102564102 87 4 0 18 4 0]
[1.4850508258320998 'Spatial' 0 0.2183997480381654 0.8705057317396303
 3.5658119658119656 87 4 0 19 6 0]
[0.0 'Spatial' 0 0.2183997480381654 0.8705057317396303 0.0 87 4 1 0 6 0]
[3.213670090747448 'Spatial' 0 0.2183997480381654 0.8705057317396303
 4.102564102564102 87 4 1 1 56 0]
[3.865882093570125 'Spatial' 0 0.2183997480381654 0.8705057317396303
 2.0957264957264954 87 4 1 2 63 0]
[3.7062896980935434 'Spatial' 0 0.2183997480381654 0.8705057317396303
 1.8461538461538463 87 4 1 3 47 0]
[2.171592886312501 'Spatial' 0 0.2183997480381654 0.8705057317396303
 2.871794871794872 87 4 1 4 62 0]
[3.0102810100490953 'Spatial' 0 0.2183997480381654 0.8705057317396303
 2.9504273504273506 87 4 1 5 63 0]
[0.3927840049928709 'Spatial' 0 0.2183997480381654 0.8705057317396303
 1.2068376068376068 87 4 1 6 56 0]
[1.5801667303627238 'Spatial' 0 0.2183997480381654 0.8705057317396303
 3.1555555555555554 87 4 1 7 54 0]
[3.2007753797523715 'Spatial' 0 0.2183997480381654 0.8705057317396303
 4.102564102564102 87 4 1 8 0 0]
[0.005934869146222131 'Spatial' 0 0.2183997480381654 0.8705057317396303
 0.6940170940170939 87 4 1 9 7 0]
[2.0511384865732927 'Spatial' 0 0.2183997480381654 0.8705057317396303 4.0
 87 4 1 10 63 0]
[1.5362441190856202 'Spatial' 0 0.2183997480381654 0.8705057317396303
 3.429059829059829 87 4 1 11 63 0]
[0.0007672728943293059 'Spatial' 0 0.2183997480381654 0.8705057317396303
 0.10256410256410256 87 4 1 12 55 0]
[0.0006298016333102192 'Spatial' 0 0.2183997480381654 0.8705057317396303
 0.10256410256410256 87 4 1 13 63 0]
[0.0006298016333102192 'Spatial' 0 0.2183997480381654 0.8705057317396303
 0.10256410256410256 87 4 1 14 63 0]
[0.0006298016333102192 'Spatial' 0 0.2183997480381654 0.8705057317396303
 0.10256410256410256 87 4 1 15 63 0]
[0.0006298016333102192 'Spatial' 0 0.2183997480381654 0.8705057317396303
 0.10256410256410256 87 4 1 16 63 0]
[1.6556553701153085 'Spatial' 0 0.2183997480381654 0.8705057317396303
 4.102564102564102 87 4 1 17 63 0]
[7.671799342210923 'Spatial' 0 0.2183997480381654 0.8705057317396303
 4.102564102564102 87 4 1 18 54 0]
[1.4850508258320998 'Spatial' 0 0.2183997480381654 0.8705057317396303
 3.5658119658119656 87 4 1 19 63 0]
[0.0 'Spatial' 0 0.2183997480381654 0.8705057317396303 0.0 87 4 2 0 56 0]
[3.213670090747448 'Spatial' 0 0.2183997480381654 0.8705057317396303
 4.102564102564102 87 4 2 1 0 0]
[3.865882093570125 'Spatial' 0 0.2183997480381654 0.8705057317396303
 2.0957264957264954 87 4 2 2 7 0]
[3.7062896980935434 'Spatial' 0 0.2183997480381654 0.8705057317396303
 1.8461538461538463 87 4 2 3 7 0]
[2.171592886312501 'Spatial' 0 0.2183997480381654 0.8705057317396303
 2.871794871794872 87 4 2 4 7 0]
[3.0102810100490953 'Spatial' 0 0.2183997480381654 0.8705057317396303
 2.9504273504273506 87 4 2 5 7 0]
[0.3927840049928709 'Spatial' 0 0.2183997480381654 0.8705057317396303
 1.2068376068376068 87 4 2 6 7 0]
[1.5801667303627238 'Spatial' 0 0.2183997480381654 0.8705057317396303
 3.1555555555555554 87 4 2 7 7 0]
[3.2007753797523715 'Spatial' 0 0.2183997480381654 0.8705057317396303
 4.102564102564102 87 4 2 8 7 0]
[0.005934869146222131 'Spatial' 0 0.2183997480381654 0.8705057317396303
 0.6940170940170939 87 4 2 9 7 0]
[2.0511384865732927 'Spatial' 0 0.2183997480381654 0.8705057317396303 4.0
 87 4 2 10 7 0]
[1.5362441190856202 'Spatial' 0 0.2183997480381654 0.8705057317396303
 3.429059829059829 87 4 2 11 7 0]
[0.0007672728943293059 'Spatial' 0 0.2183997480381654 0.8705057317396303
 0.10256410256410256 87 4 2 12 7 0]
[0.0006298016333102192 'Spatial' 0 0.2183997480381654 0.8705057317396303
 0.10256410256410256 87 4 2 13 7 0]
[0.0006298016333102192 'Spatial' 0 0.2183997480381654 0.8705057317396303
 0.10256410256410256 87 4 2 14 7 0]
[0.0006298016333102192 'Spatial' 0 0.2183997480381654 0.8705057317396303
 0.10256410256410256 87 4 2 15 6 0]
[0.0006298016333102192 'Spatial' 0 0.2183997480381654 0.8705057317396303
 0.10256410256410256 87 4 2 16 7 0]
[1.6556553701153085 'Spatial' 0 0.2183997480381654 0.8705057317396303
 4.102564102564102 87 4 2 17 7 0]
[7.671799342210923 'Spatial' 0 0.2183997480381654 0.8705057317396303
 4.102564102564102 87 4 2 18 7 0]
[1.4850508258320998 'Spatial' 0 0.2183997480381654 0.8705057317396303
 3.5658119658119656 87 4 2 19 7 0]
[0.0 'Spatial' 0 0.2183997480381654 0.8705057317396303 0.0 87 4 3 0 63 0]
[3.213670090747448 'Spatial' 0 0.2183997480381654 0.8705057317396303
 4.102564102564102 87 4 3 1 0 0]
[3.865882093570125 'Spatial' 0 0.2183997480381654 0.8705057317396303
 2.0957264957264954 87 4 3 2 56 0]
[3.7062896980935434 'Spatial' 0 0.2183997480381654 0.8705057317396303
 1.8461538461538463 87 4 3 3 7 0]
[2.171592886312501 'Spatial' 0 0.2183997480381654 0.8705057317396303
 2.871794871794872 87 4 3 4 28 0]
[3.0102810100490953 'Spatial' 0 0.2183997480381654 0.8705057317396303
 2.9504273504273506 87 4 3 5 0 0]
[0.3927840049928709 'Spatial' 0 0.2183997480381654 0.8705057317396303
 1.2068376068376068 87 4 3 6 7 0]
[1.5801667303627238 'Spatial' 0 0.2183997480381654 0.8705057317396303
 3.1555555555555554 87 4 3 7 15 0]
[3.2007753797523715 'Spatial' 0 0.2183997480381654 0.8705057317396303
 4.102564102564102 87 4 3 8 23 0]
[0.005934869146222131 'Spatial' 0 0.2183997480381654 0.8705057317396303
 0.6940170940170939 87 4 3 9 55 0]
[2.0511384865732927 'Spatial' 0 0.2183997480381654 0.8705057317396303 4.0
 87 4 3 10 22 0]
[1.5362441190856202 'Spatial' 0 0.2183997480381654 0.8705057317396303
 3.429059829059829 87 4 3 11 9 0]
[0.0007672728943293059 'Spatial' 0 0.2183997480381654 0.8705057317396303
 0.10256410256410256 87 4 3 12 23 0]
[0.0006298016333102192 'Spatial' 0 0.2183997480381654 0.8705057317396303
 0.10256410256410256 87 4 3 13 20 0]
[0.0006298016333102192 'Spatial' 0 0.2183997480381654 0.8705057317396303
 0.10256410256410256 87 4 3 14 56 0]
[0.0006298016333102192 'Spatial' 0 0.2183997480381654 0.8705057317396303
 0.10256410256410256 87 4 3 15 59 0]
[0.0006298016333102192 'Spatial' 0 0.2183997480381654 0.8705057317396303
 0.10256410256410256 87 4 3 16 31 0]
[1.6556553701153085 'Spatial' 0 0.2183997480381654 0.8705057317396303
 4.102564102564102 87 4 3 17 23 0]
[7.671799342210923 'Spatial' 0 0.2183997480381654 0.8705057317396303
 4.102564102564102 87 4 3 18 15 0]
[1.4850508258320998 'Spatial' 0 0.2183997480381654 0.8705057317396303
 3.5658119658119656 87 4 3 19 15 0]
[0.0 'Spatial' 0 0.2183997480381654 0.8705057317396303 0.0 87 4 5 0 7 0]
[3.213670090747448 'Spatial' 0 0.2183997480381654 0.8705057317396303
 4.102564102564102 87 4 5 1 56 0]
[3.865882093570125 'Spatial' 0 0.2183997480381654 0.8705057317396303
 2.0957264957264954 87 4 5 2 63 0]
[3.7062896980935434 'Spatial' 0 0.2183997480381654 0.8705057317396303
 1.8461538461538463 87 4 5 3 0 0]
[2.171592886312501 'Spatial' 0 0.2183997480381654 0.8705057317396303
 2.871794871794872 87 4 5 4 63 0]
[3.0102810100490953 'Spatial' 0 0.2183997480381654 0.8705057317396303
 2.9504273504273506 87 4 5 5 15 0]
[0.3927840049928709 'Spatial' 0 0.2183997480381654 0.8705057317396303
 1.2068376068376068 87 4 5 6 14 0]
[1.5801667303627238 'Spatial' 0 0.2183997480381654 0.8705057317396303
 3.1555555555555554 87 4 5 7 14 0]
[3.2007753797523715 'Spatial' 0 0.2183997480381654 0.8705057317396303
 4.102564102564102 87 4 5 8 14 0]
[0.005934869146222131 'Spatial' 0 0.2183997480381654 0.8705057317396303
 0.6940170940170939 87 4 5 9 55 0]
[2.0511384865732927 'Spatial' 0 0.2183997480381654 0.8705057317396303 4.0
 87 4 5 10 55 0]
[1.5362441190856202 'Spatial' 0 0.2183997480381654 0.8705057317396303
 3.429059829059829 87 4 5 11 55 0]
[0.0007672728943293059 'Spatial' 0 0.2183997480381654 0.8705057317396303
 0.10256410256410256 87 4 5 12 55 0]
[0.0006298016333102192 'Spatial' 0 0.2183997480381654 0.8705057317396303
 0.10256410256410256 87 4 5 13 55 0]
[0.0006298016333102192 'Spatial' 0 0.2183997480381654 0.8705057317396303
 0.10256410256410256 87 4 5 14 55 0]
[0.0006298016333102192 'Spatial' 0 0.2183997480381654 0.8705057317396303
 0.10256410256410256 87 4 5 15 55 0]
[0.0006298016333102192 'Spatial' 0 0.2183997480381654 0.8705057317396303
 0.10256410256410256 87 4 5 16 47 0]
[1.6556553701153085 'Spatial' 0 0.2183997480381654 0.8705057317396303
 4.102564102564102 87 4 5 17 55 0]
[7.671799342210923 'Spatial' 0 0.2183997480381654 0.8705057317396303
 4.102564102564102 87 4 5 18 55 0]
[1.4850508258320998 'Spatial' 0 0.2183997480381654 0.8705057317396303
 3.5658119658119656 87 4 5 19 55 0]
[0.0 'Spatial' 0 0.2183997480381654 0.8705057317396303 0.0 87 4 6 0 55 0]
[3.213670090747448 'Spatial' 0 0.2183997480381654 0.8705057317396303
 4.102564102564102 87 4 6 1 7 0]
[3.865882093570125 'Spatial' 0 0.2183997480381654 0.8705057317396303
 2.0957264957264954 87 4 6 2 55 0]
[3.7062896980935434 'Spatial' 0 0.2183997480381654 0.8705057317396303
 1.8461538461538463 87 4 6 3 56 0]
[2.171592886312501 'Spatial' 0 0.2183997480381654 0.8705057317396303
 2.871794871794872 87 4 6 4 48 0]
[3.0102810100490953 'Spatial' 0 0.2183997480381654 0.8705057317396303
 2.9504273504273506 87 4 6 5 57 0]
[0.3927840049928709 'Spatial' 0 0.2183997480381654 0.8705057317396303
 1.2068376068376068 87 4 6 6 58 0]
[1.5801667303627238 'Spatial' 0 0.2183997480381654 0.8705057317396303
 3.1555555555555554 87 4 6 7 58 0]
[3.2007753797523715 'Spatial' 0 0.2183997480381654 0.8705057317396303
 4.102564102564102 87 4 6 8 58 0]
[0.005934869146222131 'Spatial' 0 0.2183997480381654 0.8705057317396303
 0.6940170940170939 87 4 6 9 58 0]
[2.0511384865732927 'Spatial' 0 0.2183997480381654 0.8705057317396303 4.0
 87 4 6 10 58 0]
[1.5362441190856202 'Spatial' 0 0.2183997480381654 0.8705057317396303
 3.429059829059829 87 4 6 11 58 0]
[0.0007672728943293059 'Spatial' 0 0.2183997480381654 0.8705057317396303
 0.10256410256410256 87 4 6 12 58 0]
[0.0006298016333102192 'Spatial' 0 0.2183997480381654 0.8705057317396303
 0.10256410256410256 87 4 6 13 58 0]
[0.0006298016333102192 'Spatial' 0 0.2183997480381654 0.8705057317396303
 0.10256410256410256 87 4 6 14 57 0]
[0.0006298016333102192 'Spatial' 0 0.2183997480381654 0.8705057317396303
 0.10256410256410256 87 4 6 15 57 0]
[0.0006298016333102192 'Spatial' 0 0.2183997480381654 0.8705057317396303
 0.10256410256410256 87 4 6 16 58 0]
[1.6556553701153085 'Spatial' 0 0.2183997480381654 0.8705057317396303
 4.102564102564102 87 4 6 17 57 0]
[7.671799342210923 'Spatial' 0 0.2183997480381654 0.8705057317396303
 4.102564102564102 87 4 6 18 57 0]
[1.4850508258320998 'Spatial' 0 0.2183997480381654 0.8705057317396303
 3.5658119658119656 87 4 6 19 58 0]
[0.0 'Spatial' 0 0.2183997480381654 0.8705057317396303 0.0 87 4 7 0 58 0]
[3.213670090747448 'Spatial' 0 0.2183997480381654 0.8705057317396303
 4.102564102564102 87 4 7 1 7 0]
[3.865882093570125 'Spatial' 0 0.2183997480381654 0.8705057317396303
 2.0957264957264954 87 4 7 2 63 0]
[3.7062896980935434 'Spatial' 0 0.2183997480381654 0.8705057317396303
 1.8461538461538463 87 4 7 3 0 0]
[2.171592886312501 'Spatial' 0 0.2183997480381654 0.8705057317396303
 2.871794871794872 87 4 7 4 24 0]
[3.0102810100490953 'Spatial' 0 0.2183997480381654 0.8705057317396303
 2.9504273504273506 87 4 7 5 60 0]
[0.3927840049928709 'Spatial' 0 0.2183997480381654 0.8705057317396303
 1.2068376068376068 87 4 7 6 31 0]
[1.5801667303627238 'Spatial' 0 0.2183997480381654 0.8705057317396303
 3.1555555555555554 87 4 7 7 55 0]
[3.2007753797523715 'Spatial' 0 0.2183997480381654 0.8705057317396303
 4.102564102564102 87 4 7 8 4 0]
[0.005934869146222131 'Spatial' 0 0.2183997480381654 0.8705057317396303
 0.6940170940170939 87 4 7 9 5 0]
[2.0511384865732927 'Spatial' 0 0.2183997480381654 0.8705057317396303 4.0
 87 4 7 10 3 0]
[1.5362441190856202 'Spatial' 0 0.2183997480381654 0.8705057317396303
 3.429059829059829 87 4 7 11 5 0]
[0.0007672728943293059 'Spatial' 0 0.2183997480381654 0.8705057317396303
 0.10256410256410256 87 4 7 12 5 0]
[0.0006298016333102192 'Spatial' 0 0.2183997480381654 0.8705057317396303
 0.10256410256410256 87 4 7 13 6 0]
[0.0006298016333102192 'Spatial' 0 0.2183997480381654 0.8705057317396303
 0.10256410256410256 87 4 7 14 11 0]
[0.0006298016333102192 'Spatial' 0 0.2183997480381654 0.8705057317396303
 0.10256410256410256 87 4 7 15 23 0]
[0.0006298016333102192 'Spatial' 0 0.2183997480381654 0.8705057317396303
 0.10256410256410256 87 4 7 16 5 0]
[1.6556553701153085 'Spatial' 0 0.2183997480381654 0.8705057317396303
 4.102564102564102 87 4 7 17 6 0]
[7.671799342210923 'Spatial' 0 0.2183997480381654 0.8705057317396303
 4.102564102564102 87 4 7 18 4 0]
[1.4850508258320998 'Spatial' 0 0.2183997480381654 0.8705057317396303
 3.5658119658119656 87 4 7 19 3 0]
[0.0 'Spatial' 0 0.2183997480381654 0.8705057317396303 0.0 87 4 8 0 4 0]
[3.213670090747448 'Spatial' 0 0.2183997480381654 0.8705057317396303
 4.102564102564102 87 4 8 1 63 0]
[3.865882093570125 'Spatial' 0 0.2183997480381654 0.8705057317396303
 2.0957264957264954 87 4 8 2 7 0]
[3.7062896980935434 'Spatial' 0 0.2183997480381654 0.8705057317396303
 1.8461538461538463 87 4 8 3 56 0]
[2.171592886312501 'Spatial' 0 0.2183997480381654 0.8705057317396303
 2.871794871794872 87 4 8 4 0 0]
[3.0102810100490953 'Spatial' 0 0.2183997480381654 0.8705057317396303
 2.9504273504273506 87 4 8 5 3 0]
[0.3927840049928709 'Spatial' 0 0.2183997480381654 0.8705057317396303
 1.2068376068376068 87 4 8 6 16 0]
[1.5801667303627238 'Spatial' 0 0.2183997480381654 0.8705057317396303
 3.1555555555555554 87 4 8 7 62 0]
[3.2007753797523715 'Spatial' 0 0.2183997480381654 0.8705057317396303
 4.102564102564102 87 4 8 8 15 0]
[0.005934869146222131 'Spatial' 0 0.2183997480381654 0.8705057317396303
 0.6940170940170939 87 4 8 9 5 0]
[2.0511384865732927 'Spatial' 0 0.2183997480381654 0.8705057317396303 4.0
 87 4 8 10 61 0]
[1.5362441190856202 'Spatial' 0 0.2183997480381654 0.8705057317396303
 3.429059829059829 87 4 8 11 31 0]
[0.0007672728943293059 'Spatial' 0 0.2183997480381654 0.8705057317396303
 0.10256410256410256 87 4 8 12 47 0]
[0.0006298016333102192 'Spatial' 0 0.2183997480381654 0.8705057317396303
 0.10256410256410256 87 4 8 13 54 0]
[0.0006298016333102192 'Spatial' 0 0.2183997480381654 0.8705057317396303
 0.10256410256410256 87 4 8 14 55 0]
[0.0006298016333102192 'Spatial' 0 0.2183997480381654 0.8705057317396303
 0.10256410256410256 87 4 8 15 47 0]
[0.0006298016333102192 'Spatial' 0 0.2183997480381654 0.8705057317396303
 0.10256410256410256 87 4 8 16 55 0]
[1.6556553701153085 'Spatial' 0 0.2183997480381654 0.8705057317396303
 4.102564102564102 87 4 8 17 62 0]
[7.671799342210923 'Spatial' 0 0.2183997480381654 0.8705057317396303
 4.102564102564102 87 4 8 18 47 0]
[1.4850508258320998 'Spatial' 0 0.2183997480381654 0.8705057317396303
 3.5658119658119656 87 4 8 19 47 0]
