[0.0 'Conceptual' 0 0.12095146241720796 0.09774803345834501 0.0 73 0 1 0
 28 0]
[3.954672071211647 'Conceptual' 0 0.12095146241720796 0.09774803345834501
 1.8905982905982905 73 0 1 1 35 0]
[4.162881453918461 'Conceptual' 0 0.12095146241720796 0.09774803345834501
 0.10256410256410256 73 0 1 2 43 0]
[3.5613989410425777 'Conceptual' 0 0.12095146241720796 0.09774803345834501
 4.102564102564102 73 0 1 3 24 0]
[2.8900064594462305 'Conceptual' 0 0.12095146241720796 0.09774803345834501
 2.051282051282051 73 0 1 4 24 0]
[2.4087232835079653 'Conceptual' 0 0.12095146241720796 0.09774803345834501
 1.4803418803418804 73 0 1 5 24 0]
[1.5068491845707708 'Conceptual' 0 0.12095146241720796 0.09774803345834501
 1.1282051282051282 73 0 1 6 8 0]
[0.8010473735274781 'Conceptual' 0 0.12095146241720796 0.09774803345834501
 0.8991452991452991 73 0 1 7 32 0]
[0.3402824761275956 'Conceptual' 0 0.12095146241720796 0.09774803345834501
 0.717948717948718 73 0 1 8 48 0]
[0.10915624203641572 'Conceptual' 0 0.12095146241720796
 0.09774803345834501 0.10256410256410256 73 0 1 9 24 0]
[0.03107197298997385 'Conceptual' 0 0.12095146241720796
 0.09774803345834501 0.10256410256410256 73 0 1 10 25 0]
[0.008751227806521902 'Conceptual' 0 0.12095146241720796
 0.09774803345834501 0.10256410256410256 73 0 1 11 16 0]
[0.0024739485005902443 'Conceptual' 0 0.12095146241720796
 0.09774803345834501 0.10256410256410256 73 0 1 12 24 0]
[0.0007152651304294446 'Conceptual' 0 0.12095146241720796
 0.09774803345834501 0.10256410256410256 73 0 1 13 24 0]
[0.000629801633309997 'Conceptual' 0 0.12095146241720796
 0.09774803345834501 0.10256410256410256 73 0 1 14 24 0]
[0.000629801633309997 'Conceptual' 0 0.12095146241720796
 0.09774803345834501 0.10256410256410256 73 0 1 15 32 0]
[0.000629801633309997 'Conceptual' 0 0.12095146241720796
 0.09774803345834501 0.10256410256410256 73 0 1 16 24 0]
[0.000629801633309997 'Conceptual' 0 0.12095146241720796
 0.09774803345834501 0.10256410256410256 73 0 1 17 24 0]
[0.0 'Conceptual' 0 0.12095146241720796 0.09774803345834501 0.0 73 0 2 0
 24 0]
[3.954672071211647 'Conceptual' 0 0.12095146241720796 0.09774803345834501
 1.8905982905982905 73 0 2 1 16 0]
[4.162881453918461 'Conceptual' 0 0.12095146241720796 0.09774803345834501
 0.10256410256410256 73 0 2 2 27 0]
[3.5613989410425777 'Conceptual' 0 0.12095146241720796 0.09774803345834501
 4.102564102564102 73 0 2 3 26 0]
[2.8900064594462305 'Conceptual' 0 0.12095146241720796 0.09774803345834501
 2.051282051282051 73 0 2 4 26 0]
[2.4087232835079653 'Conceptual' 0 0.12095146241720796 0.09774803345834501
 1.4803418803418804 73 0 2 5 35 0]
[1.5068491845707708 'Conceptual' 0 0.12095146241720796 0.09774803345834501
 1.1282051282051282 73 0 2 6 27 0]
[0.8010473735274781 'Conceptual' 0 0.12095146241720796 0.09774803345834501
 0.8991452991452991 73 0 2 7 27 0]
[0.3402824761275956 'Conceptual' 0 0.12095146241720796 0.09774803345834501
 0.717948717948718 73 0 2 8 27 0]
[0.10915624203641572 'Conceptual' 0 0.12095146241720796
 0.09774803345834501 0.10256410256410256 73 0 2 9 35 0]
[0.03107197298997385 'Conceptual' 0 0.12095146241720796
 0.09774803345834501 0.10256410256410256 73 0 2 10 27 0]
[0.008751227806521902 'Conceptual' 0 0.12095146241720796
 0.09774803345834501 0.10256410256410256 73 0 2 11 35 0]
[0.0024739485005902443 'Conceptual' 0 0.12095146241720796
 0.09774803345834501 0.10256410256410256 73 0 2 12 43 0]
[0.0007152651304294446 'Conceptual' 0 0.12095146241720796
 0.09774803345834501 0.10256410256410256 73 0 2 13 35 0]
[0.000629801633309997 'Conceptual' 0 0.12095146241720796
 0.09774803345834501 0.10256410256410256 73 0 2 14 35 0]
[0.000629801633309997 'Conceptual' 0 0.12095146241720796
 0.09774803345834501 0.10256410256410256 73 0 2 15 35 0]
[0.000629801633309997 'Conceptual' 0 0.12095146241720796
 0.09774803345834501 0.10256410256410256 73 0 2 16 34 0]
[0.000629801633309997 'Conceptual' 0 0.12095146241720796
 0.09774803345834501 0.10256410256410256 73 0 2 17 34 0]
[0.0 'Conceptual' 0 0.12095146241720796 0.09774803345834501 0.0 73 0 3 0
 34 0]
[3.954672071211647 'Conceptual' 0 0.12095146241720796 0.09774803345834501
 1.8905982905982905 73 0 3 1 42 0]
[4.162881453918461 'Conceptual' 0 0.12095146241720796 0.09774803345834501
 0.10256410256410256 73 0 3 2 34 0]
[3.5613989410425777 'Conceptual' 0 0.12095146241720796 0.09774803345834501
 4.102564102564102 73 0 3 3 34 0]
[2.8900064594462305 'Conceptual' 0 0.12095146241720796 0.09774803345834501
 2.051282051282051 73 0 3 4 36 0]
[2.4087232835079653 'Conceptual' 0 0.12095146241720796 0.09774803345834501
 1.4803418803418804 73 0 3 5 36 0]
[1.5068491845707708 'Conceptual' 0 0.12095146241720796 0.09774803345834501
 1.1282051282051282 73 0 3 6 45 0]
[0.8010473735274781 'Conceptual' 0 0.12095146241720796 0.09774803345834501
 0.8991452991452991 73 0 3 7 42 0]
[0.3402824761275956 'Conceptual' 0 0.12095146241720796 0.09774803345834501
 0.717948717948718 73 0 3 8 36 0]
[0.10915624203641572 'Conceptual' 0 0.12095146241720796
 0.09774803345834501 0.10256410256410256 73 0 3 9 28 0]
[0.03107197298997385 'Conceptual' 0 0.12095146241720796
 0.09774803345834501 0.10256410256410256 73 0 3 10 29 0]
[0.008751227806521902 'Conceptual' 0 0.12095146241720796
 0.09774803345834501 0.10256410256410256 73 0 3 11 35 0]
[0.0024739485005902443 'Conceptual' 0 0.12095146241720796
 0.09774803345834501 0.10256410256410256 73 0 3 12 36 0]
[0.0007152651304294446 'Conceptual' 0 0.12095146241720796
 0.09774803345834501 0.10256410256410256 73 0 3 13 45 0]
[0.000629801633309997 'Conceptual' 0 0.12095146241720796
 0.09774803345834501 0.10256410256410256 73 0 3 14 36 0]
[0.000629801633309997 'Conceptual' 0 0.12095146241720796
 0.09774803345834501 0.10256410256410256 73 0 3 15 44 0]
[0.000629801633309997 'Conceptual' 0 0.12095146241720796
 0.09774803345834501 0.10256410256410256 73 0 3 16 44 0]
[0.000629801633309997 'Conceptual' 0 0.12095146241720796
 0.09774803345834501 0.10256410256410256 73 0 3 17 44 0]
[0.0 'Conceptual' 0 0.12095146241720796 0.09774803345834501 0.0 73 0 4 0
 36 0]
[3.954672071211647 'Conceptual' 0 0.12095146241720796 0.09774803345834501
 1.8905982905982905 73 0 4 1 44 0]
[4.162881453918461 'Conceptual' 0 0.12095146241720796 0.09774803345834501
 0.10256410256410256 73 0 4 2 44 0]
[3.5613989410425777 'Conceptual' 0 0.12095146241720796 0.09774803345834501
 4.102564102564102 73 0 4 3 44 0]
[2.8900064594462305 'Conceptual' 0 0.12095146241720796 0.09774803345834501
 2.051282051282051 73 0 4 4 52 0]
[2.4087232835079653 'Conceptual' 0 0.12095146241720796 0.09774803345834501
 1.4803418803418804 73 0 4 5 44 0]
[1.5068491845707708 'Conceptual' 0 0.12095146241720796 0.09774803345834501
 1.1282051282051282 73 0 4 6 20 0]
[0.8010473735274781 'Conceptual' 0 0.12095146241720796 0.09774803345834501
 0.8991452991452991 73 0 4 7 26 0]
[0.3402824761275956 'Conceptual' 0 0.12095146241720796 0.09774803345834501
 0.717948717948718 73 0 4 8 4 0]
[0.10915624203641572 'Conceptual' 0 0.12095146241720796
 0.09774803345834501 0.10256410256410256 73 0 4 9 20 0]
[0.03107197298997385 'Conceptual' 0 0.12095146241720796
 0.09774803345834501 0.10256410256410256 73 0 4 10 19 0]
[0.008751227806521902 'Conceptual' 0 0.12095146241720796
 0.09774803345834501 0.10256410256410256 73 0 4 11 36 0]
[0.0024739485005902443 'Conceptual' 0 0.12095146241720796
 0.09774803345834501 0.10256410256410256 73 0 4 12 36 0]
[0.0007152651304294446 'Conceptual' 0 0.12095146241720796
 0.09774803345834501 0.10256410256410256 73 0 4 13 37 0]
[0.000629801633309997 'Conceptual' 0 0.12095146241720796
 0.09774803345834501 0.10256410256410256 73 0 4 14 45 0]
[0.000629801633309997 'Conceptual' 0 0.12095146241720796
 0.09774803345834501 0.10256410256410256 73 0 4 15 45 0]
[0.000629801633309997 'Conceptual' 0 0.12095146241720796
 0.09774803345834501 0.10256410256410256 73 0 4 16 37 0]
[0.000629801633309997 'Conceptual' 0 0.12095146241720796
 0.09774803345834501 0.10256410256410256 73 0 4 17 37 0]
[0.0 'Conceptual' 0 0.12095146241720796 0.09774803345834501 0.0 73 0 5 0
 46 0]
[3.954672071211647 'Conceptual' 0 0.12095146241720796 0.09774803345834501
 1.8905982905982905 73 0 5 1 37 0]
[4.162881453918461 'Conceptual' 0 0.12095146241720796 0.09774803345834501
 0.10256410256410256 73 0 5 2 36 0]
[3.5613989410425777 'Conceptual' 0 0.12095146241720796 0.09774803345834501
 4.102564102564102 73 0 5 3 45 0]
[2.8900064594462305 'Conceptual' 0 0.12095146241720796 0.09774803345834501
 2.051282051282051 73 0 5 4 37 0]
[2.4087232835079653 'Conceptual' 0 0.12095146241720796 0.09774803345834501
 1.4803418803418804 73 0 5 5 37 0]
[1.5068491845707708 'Conceptual' 0 0.12095146241720796 0.09774803345834501
 1.1282051282051282 73 0 5 6 37 0]
[0.8010473735274781 'Conceptual' 0 0.12095146241720796 0.09774803345834501
 0.8991452991452991 73 0 5 7 37 0]
[0.3402824761275956 'Conceptual' 0 0.12095146241720796 0.09774803345834501
 0.717948717948718 73 0 5 8 35 0]
[0.10915624203641572 'Conceptual' 0 0.12095146241720796
 0.09774803345834501 0.10256410256410256 73 0 5 9 51 0]
[0.03107197298997385 'Conceptual' 0 0.12095146241720796
 0.09774803345834501 0.10256410256410256 73 0 5 10 17 0]
[0.008751227806521902 'Conceptual' 0 0.12095146241720796
 0.09774803345834501 0.10256410256410256 73 0 5 11 32 0]
[0.0024739485005902443 'Conceptual' 0 0.12095146241720796
 0.09774803345834501 0.10256410256410256 73 0 5 12 40 0]
[0.0007152651304294446 'Conceptual' 0 0.12095146241720796
 0.09774803345834501 0.10256410256410256 73 0 5 13 33 0]
[0.000629801633309997 'Conceptual' 0 0.12095146241720796
 0.09774803345834501 0.10256410256410256 73 0 5 14 40 0]
[0.000629801633309997 'Conceptual' 0 0.12095146241720796
 0.09774803345834501 0.10256410256410256 73 0 5 15 32 0]
[0.000629801633309997 'Conceptual' 0 0.12095146241720796
 0.09774803345834501 0.10256410256410256 73 0 5 16 32 0]
[0.000629801633309997 'Conceptual' 0 0.12095146241720796
 0.09774803345834501 0.10256410256410256 73 0 5 17 40 0]
[0.0 'Conceptual' 0 0.12095146241720796 0.09774803345834501 0.0 73 0 6 0
 32 0]
[3.954672071211647 'Conceptual' 0 0.12095146241720796 0.09774803345834501
 1.8905982905982905 73 0 6 1 33 0]
[4.162881453918461 'Conceptual' 0 0.12095146241720796 0.09774803345834501
 0.10256410256410256 73 0 6 2 32 0]
[3.5613989410425777 'Conceptual' 0 0.12095146241720796 0.09774803345834501
 4.102564102564102 73 0 6 3 32 0]
[2.8900064594462305 'Conceptual' 0 0.12095146241720796 0.09774803345834501
 2.051282051282051 73 0 6 4 40 0]
[2.4087232835079653 'Conceptual' 0 0.12095146241720796 0.09774803345834501
 1.4803418803418804 73 0 6 5 32 0]
[1.5068491845707708 'Conceptual' 0 0.12095146241720796 0.09774803345834501
 1.1282051282051282 73 0 6 6 40 0]
[0.8010473735274781 'Conceptual' 0 0.12095146241720796 0.09774803345834501
 0.8991452991452991 73 0 6 7 40 0]
[0.3402824761275956 'Conceptual' 0 0.12095146241720796 0.09774803345834501
 0.717948717948718 73 0 6 8 40 0]
[0.10915624203641572 'Conceptual' 0 0.12095146241720796
 0.09774803345834501 0.10256410256410256 73 0 6 9 40 0]
[0.03107197298997385 'Conceptual' 0 0.12095146241720796
 0.09774803345834501 0.10256410256410256 73 0 6 10 35 0]
[0.008751227806521902 'Conceptual' 0 0.12095146241720796
 0.09774803345834501 0.10256410256410256 73 0 6 11 8 0]
[0.0024739485005902443 'Conceptual' 0 0.12095146241720796
 0.09774803345834501 0.10256410256410256 73 0 6 12 32 0]
[0.0007152651304294446 'Conceptual' 0 0.12095146241720796
 0.09774803345834501 0.10256410256410256 73 0 6 13 0 0]
[0.000629801633309997 'Conceptual' 0 0.12095146241720796
 0.09774803345834501 0.10256410256410256 73 0 6 14 18 0]
[0.000629801633309997 'Conceptual' 0 0.12095146241720796
 0.09774803345834501 0.10256410256410256 73 0 6 15 16 0]
[0.000629801633309997 'Conceptual' 0 0.12095146241720796
 0.09774803345834501 0.10256410256410256 73 0 6 16 16 0]
[0.000629801633309997 'Conceptual' 0 0.12095146241720796
 0.09774803345834501 0.10256410256410256 73 0 6 17 16 0]
[0.0 'Conceptual' 0 0.12095146241720796 0.09774803345834501 0.0 73 0 7 0
 16 0]
[3.954672071211647 'Conceptual' 0 0.12095146241720796 0.09774803345834501
 1.8905982905982905 73 0 7 1 16 0]
[4.162881453918461 'Conceptual' 0 0.12095146241720796 0.09774803345834501
 0.10256410256410256 73 0 7 2 24 0]
[3.5613989410425777 'Conceptual' 0 0.12095146241720796 0.09774803345834501
 4.102564102564102 73 0 7 3 16 0]
[2.8900064594462305 'Conceptual' 0 0.12095146241720796 0.09774803345834501
 2.051282051282051 73 0 7 4 23 0]
[2.4087232835079653 'Conceptual' 0 0.12095146241720796 0.09774803345834501
 1.4803418803418804 73 0 7 5 20 0]
[1.5068491845707708 'Conceptual' 0 0.12095146241720796 0.09774803345834501
 1.1282051282051282 73 0 7 6 16 0]
[0.8010473735274781 'Conceptual' 0 0.12095146241720796 0.09774803345834501
 0.8991452991452991 73 0 7 7 23 0]
[0.3402824761275956 'Conceptual' 0 0.12095146241720796 0.09774803345834501
 0.717948717948718 73 0 7 8 24 0]
[0.10915624203641572 'Conceptual' 0 0.12095146241720796
 0.09774803345834501 0.10256410256410256 73 0 7 9 16 0]
[0.03107197298997385 'Conceptual' 0 0.12095146241720796
 0.09774803345834501 0.10256410256410256 73 0 7 10 32 0]
[0.008751227806521902 'Conceptual' 0 0.12095146241720796
 0.09774803345834501 0.10256410256410256 73 0 7 11 16 0]
[0.0024739485005902443 'Conceptual' 0 0.12095146241720796
 0.09774803345834501 0.10256410256410256 73 0 7 12 36 0]
[0.0007152651304294446 'Conceptual' 0 0.12095146241720796
 0.09774803345834501 0.10256410256410256 73 0 7 13 36 0]
[0.000629801633309997 'Conceptual' 0 0.12095146241720796
 0.09774803345834501 0.10256410256410256 73 0 7 14 37 0]
[0.000629801633309997 'Conceptual' 0 0.12095146241720796
 0.09774803345834501 0.10256410256410256 73 0 7 15 45 0]
[0.000629801633309997 'Conceptual' 0 0.12095146241720796
 0.09774803345834501 0.10256410256410256 73 0 7 16 37 0]
[0.000629801633309997 'Conceptual' 0 0.12095146241720796
 0.09774803345834501 0.10256410256410256 73 0 7 17 36 0]
[0.0 'Conceptual' 0 0.12095146241720796 0.09774803345834501 0.0 73 0 8 0
 44 0]
[3.954672071211647 'Conceptual' 0 0.12095146241720796 0.09774803345834501
 1.8905982905982905 73 0 8 1 45 0]
[4.162881453918461 'Conceptual' 0 0.12095146241720796 0.09774803345834501
 0.10256410256410256 73 0 8 2 37 0]
[3.5613989410425777 'Conceptual' 0 0.12095146241720796 0.09774803345834501
 4.102564102564102 73 0 8 3 28 0]
[2.8900064594462305 'Conceptual' 0 0.12095146241720796 0.09774803345834501
 2.051282051282051 73 0 8 4 27 0]
[2.4087232835079653 'Conceptual' 0 0.12095146241720796 0.09774803345834501
 1.4803418803418804 73 0 8 5 28 0]
[1.5068491845707708 'Conceptual' 0 0.12095146241720796 0.09774803345834501
 1.1282051282051282 73 0 8 6 20 0]
[0.8010473735274781 'Conceptual' 0 0.12095146241720796 0.09774803345834501
 0.8991452991452991 73 0 8 7 28 0]
[0.3402824761275956 'Conceptual' 0 0.12095146241720796 0.09774803345834501
 0.717948717948718 73 0 8 8 28 0]
[0.10915624203641572 'Conceptual' 0 0.12095146241720796
 0.09774803345834501 0.10256410256410256 73 0 8 9 28 0]
[0.03107197298997385 'Conceptual' 0 0.12095146241720796
 0.09774803345834501 0.10256410256410256 73 0 8 10 28 0]
[0.008751227806521902 'Conceptual' 0 0.12095146241720796
 0.09774803345834501 0.10256410256410256 73 0 8 11 28 0]
[0.0024739485005902443 'Conceptual' 0 0.12095146241720796
 0.09774803345834501 0.10256410256410256 73 0 8 12 28 0]
[0.0007152651304294446 'Conceptual' 0 0.12095146241720796
 0.09774803345834501 0.10256410256410256 73 0 8 13 28 0]
[0.000629801633309997 'Conceptual' 0 0.12095146241720796
 0.09774803345834501 0.10256410256410256 73 0 8 14 28 0]
[0.000629801633309997 'Conceptual' 0 0.12095146241720796
 0.09774803345834501 0.10256410256410256 73 0 8 15 45 0]
[0.000629801633309997 'Conceptual' 0 0.12095146241720796
 0.09774803345834501 0.10256410256410256 73 0 8 16 8 0]
[0.000629801633309997 'Conceptual' 0 0.12095146241720796
 0.09774803345834501 0.10256410256410256 73 0 8 17 48 0]
