[0.0 'Conceptual' 1 0.3097755584662011 0.509795616626318 0.0 79 1 0 0 16 0]
[4.0151219194444225 'Conceptual' 1 0.3097755584662011 0.509795616626318
 1.0256410256410255 79 1 0 1 27 0]
[3.778118845979104 'Conceptual' 1 0.3097755584662011 0.509795616626318
 4.102564102564102 79 1 0 2 30 0]
[2.909295226552854 'Conceptual' 1 0.3097755584662011 0.509795616626318
 2.7452991452991453 79 1 0 3 7 0]
[2.3935977448237633 'Conceptual' 1 0.3097755584662011 0.509795616626318
 2.0957264957264954 79 1 0 4 63 0]
[1.8230826675483283 'Conceptual' 1 0.3097755584662011 0.509795616626318
 1.5145299145299145 79 1 0 5 60 0]
[4.404899328231125 'Conceptual' 1 0.3097755584662011 0.509795616626318
 0.10256410256410256 79 1 0 6 30 0]
[2.3779032633520365 'Conceptual' 1 0.3097755584662011 0.509795616626318
 2.2564102564102564 79 1 0 7 38 0]
[4.020073845048549 'Conceptual' 1 0.3097755584662011 0.509795616626318
 4.102564102564102 79 1 0 8 22 0]
[3.155092875549774 'Conceptual' 1 0.3097755584662011 0.509795616626318
 3.8974358974358974 79 1 0 9 22 0]
[3.899458811582966 'Conceptual' 1 0.3097755584662011 0.509795616626318
 4.102564102564102 79 1 0 10 21 0]
[3.8610884020470695 'Conceptual' 1 0.3097755584662011 0.509795616626318
 4.102564102564102 79 1 0 11 30 0]
[4.359034597888004 'Conceptual' 1 0.3097755584662011 0.509795616626318
 0.10256410256410256 79 1 0 12 40 0]
[2.5090062591101794 'Conceptual' 1 0.3097755584662011 0.509795616626318
 2.9504273504273506 79 1 0 13 22 0]
[2.6138677848646195 'Conceptual' 1 0.3097755584662011 0.509795616626318
 3.1794871794871793 79 1 0 14 21 0]
[4.2915257583243305 'Conceptual' 1 0.3097755584662011 0.509795616626318
 0.4888888888888889 79 1 0 15 14 0]
[4.333811407871113 'Conceptual' 1 0.3097755584662011 0.509795616626318
 0.717948717948718 79 1 0 16 23 0]
[3.660931645806053 'Conceptual' 1 0.3097755584662011 0.509795616626318
 4.102564102564102 79 1 0 17 23 0]
[0.0 'Conceptual' 1 0.3097755584662011 0.509795616626318 0.0 79 1 2 0 23 0]
[4.0151219194444225 'Conceptual' 1 0.3097755584662011 0.509795616626318
 1.0256410256410255 79 1 2 1 23 0]
[3.778118845979104 'Conceptual' 1 0.3097755584662011 0.509795616626318
 4.102564102564102 79 1 2 2 56 0]
[2.909295226552854 'Conceptual' 1 0.3097755584662011 0.509795616626318
 2.7452991452991453 79 1 2 3 57 0]
[2.3935977448237633 'Conceptual' 1 0.3097755584662011 0.509795616626318
 2.0957264957264954 79 1 2 4 59 0]
[1.8230826675483283 'Conceptual' 1 0.3097755584662011 0.509795616626318
 1.5145299145299145 79 1 2 5 58 0]
[4.404899328231125 'Conceptual' 1 0.3097755584662011 0.509795616626318
 0.10256410256410256 79 1 2 6 56 0]
[2.3779032633520365 'Conceptual' 1 0.3097755584662011 0.509795616626318
 2.2564102564102564 79 1 2 7 48 0]
[4.020073845048549 'Conceptual' 1 0.3097755584662011 0.509795616626318
 4.102564102564102 79 1 2 8 56 0]
[3.155092875549774 'Conceptual' 1 0.3097755584662011 0.509795616626318
 3.8974358974358974 79 1 2 9 63 0]
[3.899458811582966 'Conceptual' 1 0.3097755584662011 0.509795616626318
 4.102564102564102 79 1 2 10 0 0]
[3.8610884020470695 'Conceptual' 1 0.3097755584662011 0.509795616626318
 4.102564102564102 79 1 2 11 56 0]
[4.359034597888004 'Conceptual' 1 0.3097755584662011 0.509795616626318
 0.10256410256410256 79 1 2 12 48 0]
[2.5090062591101794 'Conceptual' 1 0.3097755584662011 0.509795616626318
 2.9504273504273506 79 1 2 13 57 0]
[2.6138677848646195 'Conceptual' 1 0.3097755584662011 0.509795616626318
 3.1794871794871793 79 1 2 14 59 0]
[4.2915257583243305 'Conceptual' 1 0.3097755584662011 0.509795616626318
 0.4888888888888889 79 1 2 15 57 0]
[4.333811407871113 'Conceptual' 1 0.3097755584662011 0.509795616626318
 0.717948717948718 79 1 2 16 56 0]
[3.660931645806053 'Conceptual' 1 0.3097755584662011 0.509795616626318
 4.102564102564102 79 1 2 17 58 0]
[0.0 'Conceptual' 1 0.3097755584662011 0.509795616626318 0.0 79 1 3 0 57 0]
[4.0151219194444225 'Conceptual' 1 0.3097755584662011 0.509795616626318
 1.0256410256410255 79 1 3 1 57 0]
[3.778118845979104 'Conceptual' 1 0.3097755584662011 0.509795616626318
 4.102564102564102 79 1 3 2 42 0]
[2.909295226552854 'Conceptual' 1 0.3097755584662011 0.509795616626318
 2.7452991452991453 79 1 3 3 57 0]
[2.3935977448237633 'Conceptual' 1 0.3097755584662011 0.509795616626318
 2.0957264957264954 79 1 3 4 3 0]
[1.8230826675483283 'Conceptual' 1 0.3097755584662011 0.509795616626318
 1.5145299145299145 79 1 3 5 62 0]
[4.404899328231125 'Conceptual' 1 0.3097755584662011 0.509795616626318
 0.10256410256410256 79 1 3 6 63 0]
[2.3779032633520365 'Conceptual' 1 0.3097755584662011 0.509795616626318
 2.2564102564102564 79 1 3 7 60 0]
[4.020073845048549 'Conceptual' 1 0.3097755584662011 0.509795616626318
 4.102564102564102 79 1 3 8 56 0]
[3.155092875549774 'Conceptual' 1 0.3097755584662011 0.509795616626318
 3.8974358974358974 79 1 3 9 53 0]
[3.899458811582966 'Conceptual' 1 0.3097755584662011 0.509795616626318
 4.102564102564102 79 1 3 10 55 0]
[3.8610884020470695 'Conceptual' 1 0.3097755584662011 0.509795616626318
 4.102564102564102 79 1 3 11 62 0]
[4.359034597888004 'Conceptual' 1 0.3097755584662011 0.509795616626318
 0.10256410256410256 79 1 3 12 63 0]
[2.5090062591101794 'Conceptual' 1 0.3097755584662011 0.509795616626318
 2.9504273504273506 79 1 3 13 61 0]
[2.6138677848646195 'Conceptual' 1 0.3097755584662011 0.509795616626318
 3.1794871794871793 79 1 3 14 60 0]
[4.2915257583243305 'Conceptual' 1 0.3097755584662011 0.509795616626318
 0.4888888888888889 79 1 3 15 62 0]
[4.333811407871113 'Conceptual' 1 0.3097755584662011 0.509795616626318
 0.717948717948718 79 1 3 16 54 0]
[3.660931645806053 'Conceptual' 1 0.3097755584662011 0.509795616626318
 4.102564102564102 79 1 3 17 62 0]
[0.0 'Conceptual' 1 0.3097755584662011 0.509795616626318 0.0 79 1 4 0 59 0]
[4.0151219194444225 'Conceptual' 1 0.3097755584662011 0.509795616626318
 1.0256410256410255 79 1 4 1 56 0]
[3.778118845979104 'Conceptual' 1 0.3097755584662011 0.509795616626318
 4.102564102564102 79 1 4 2 59 0]
[2.909295226552854 'Conceptual' 1 0.3097755584662011 0.509795616626318
 2.7452991452991453 79 1 4 3 53 0]
[2.3935977448237633 'Conceptual' 1 0.3097755584662011 0.509795616626318
 2.0957264957264954 79 1 4 4 62 0]
[1.8230826675483283 'Conceptual' 1 0.3097755584662011 0.509795616626318
 1.5145299145299145 79 1 4 5 62 0]
[4.404899328231125 'Conceptual' 1 0.3097755584662011 0.509795616626318
 0.10256410256410256 79 1 4 6 7 0]
[2.3779032633520365 'Conceptual' 1 0.3097755584662011 0.509795616626318
 2.2564102564102564 79 1 4 7 56 0]
[4.020073845048549 'Conceptual' 1 0.3097755584662011 0.509795616626318
 4.102564102564102 79 1 4 8 27 0]
[3.155092875549774 'Conceptual' 1 0.3097755584662011 0.509795616626318
 3.8974358974358974 79 1 4 9 27 0]
[3.899458811582966 'Conceptual' 1 0.3097755584662011 0.509795616626318
 4.102564102564102 79 1 4 10 36 0]
[3.8610884020470695 'Conceptual' 1 0.3097755584662011 0.509795616626318
 4.102564102564102 79 1 4 11 5 0]
[4.359034597888004 'Conceptual' 1 0.3097755584662011 0.509795616626318
 0.10256410256410256 79 1 4 12 49 0]
[2.5090062591101794 'Conceptual' 1 0.3097755584662011 0.509795616626318
 2.9504273504273506 79 1 4 13 59 0]
[2.6138677848646195 'Conceptual' 1 0.3097755584662011 0.509795616626318
 3.1794871794871793 79 1 4 14 60 0]
[4.2915257583243305 'Conceptual' 1 0.3097755584662011 0.509795616626318
 0.4888888888888889 79 1 4 15 35 0]
[4.333811407871113 'Conceptual' 1 0.3097755584662011 0.509795616626318
 0.717948717948718 79 1 4 16 43 0]
[3.660931645806053 'Conceptual' 1 0.3097755584662011 0.509795616626318
 4.102564102564102 79 1 4 17 57 0]
[0.0 'Conceptual' 1 0.3097755584662011 0.509795616626318 0.0 79 1 5 0 47 0]
[4.0151219194444225 'Conceptual' 1 0.3097755584662011 0.509795616626318
 1.0256410256410255 79 1 5 1 52 0]
[3.778118845979104 'Conceptual' 1 0.3097755584662011 0.509795616626318
 4.102564102564102 79 1 5 2 61 0]
[2.909295226552854 'Conceptual' 1 0.3097755584662011 0.509795616626318
 2.7452991452991453 79 1 5 3 50 0]
[2.3935977448237633 'Conceptual' 1 0.3097755584662011 0.509795616626318
 2.0957264957264954 79 1 5 4 27 0]
[1.8230826675483283 'Conceptual' 1 0.3097755584662011 0.509795616626318
 1.5145299145299145 79 1 5 5 28 0]
[4.404899328231125 'Conceptual' 1 0.3097755584662011 0.509795616626318
 0.10256410256410256 79 1 5 6 36 0]
[2.3779032633520365 'Conceptual' 1 0.3097755584662011 0.509795616626318
 2.2564102564102564 79 1 5 7 35 0]
[4.020073845048549 'Conceptual' 1 0.3097755584662011 0.509795616626318
 4.102564102564102 79 1 5 8 36 0]
[3.155092875549774 'Conceptual' 1 0.3097755584662011 0.509795616626318
 3.8974358974358974 79 1 5 9 39 0]
[3.899458811582966 'Conceptual' 1 0.3097755584662011 0.509795616626318
 4.102564102564102 79 1 5 10 45 0]
[3.8610884020470695 'Conceptual' 1 0.3097755584662011 0.509795616626318
 4.102564102564102 79 1 5 11 59 0]
[4.359034597888004 'Conceptual' 1 0.3097755584662011 0.509795616626318
 0.10256410256410256 79 1 5 12 56 0]
[2.5090062591101794 'Conceptual' 1 0.3097755584662011 0.509795616626318
 2.9504273504273506 79 1 5 13 59 0]
[2.6138677848646195 'Conceptual' 1 0.3097755584662011 0.509795616626318
 3.1794871794871793 79 1 5 14 62 0]
[4.2915257583243305 'Conceptual' 1 0.3097755584662011 0.509795616626318
 0.4888888888888889 79 1 5 15 61 0]
[4.333811407871113 'Conceptual' 1 0.3097755584662011 0.509795616626318
 0.717948717948718 79 1 5 16 51 0]
[3.660931645806053 'Conceptual' 1 0.3097755584662011 0.509795616626318
 4.102564102564102 79 1 5 17 57 0]
[0.0 'Conceptual' 1 0.3097755584662011 0.509795616626318 0.0 79 1 6 0 58 0]
[4.0151219194444225 'Conceptual' 1 0.3097755584662011 0.509795616626318
 1.0256410256410255 79 1 6 1 59 0]
[3.778118845979104 'Conceptual' 1 0.3097755584662011 0.509795616626318
 4.102564102564102 79 1 6 2 57 0]
[2.909295226552854 'Conceptual' 1 0.3097755584662011 0.509795616626318
 2.7452991452991453 79 1 6 3 58 0]
[2.3935977448237633 'Conceptual' 1 0.3097755584662011 0.509795616626318
 2.0957264957264954 79 1 6 4 51 0]
[1.8230826675483283 'Conceptual' 1 0.3097755584662011 0.509795616626318
 1.5145299145299145 79 1 6 5 58 0]
[4.404899328231125 'Conceptual' 1 0.3097755584662011 0.509795616626318
 0.10256410256410256 79 1 6 6 59 0]
[2.3779032633520365 'Conceptual' 1 0.3097755584662011 0.509795616626318
 2.2564102564102564 79 1 6 7 58 0]
[4.020073845048549 'Conceptual' 1 0.3097755584662011 0.509795616626318
 4.102564102564102 79 1 6 8 57 0]
[3.155092875549774 'Conceptual' 1 0.3097755584662011 0.509795616626318
 3.8974358974358974 79 1 6 9 57 0]
[3.899458811582966 'Conceptual' 1 0.3097755584662011 0.509795616626318
 4.102564102564102 79 1 6 10 35 0]
[3.8610884020470695 'Conceptual' 1 0.3097755584662011 0.509795616626318
 4.102564102564102 79 1 6 11 7 0]
[4.359034597888004 'Conceptual' 1 0.3097755584662011 0.509795616626318
 0.10256410256410256 79 1 6 12 24 0]
[2.5090062591101794 'Conceptual' 1 0.3097755584662011 0.509795616626318
 2.9504273504273506 79 1 6 13 62 0]
[2.6138677848646195 'Conceptual' 1 0.3097755584662011 0.509795616626318
 3.1794871794871793 79 1 6 14 52 0]
[4.2915257583243305 'Conceptual' 1 0.3097755584662011 0.509795616626318
 0.4888888888888889 79 1 6 15 63 0]
[4.333811407871113 'Conceptual' 1 0.3097755584662011 0.509795616626318
 0.717948717948718 79 1 6 16 55 0]
[3.660931645806053 'Conceptual' 1 0.3097755584662011 0.509795616626318
 4.102564102564102 79 1 6 17 47 0]
[0.0 'Conceptual' 1 0.3097755584662011 0.509795616626318 0.0 79 1 7 0 60 0]
[4.0151219194444225 'Conceptual' 1 0.3097755584662011 0.509795616626318
 1.0256410256410255 79 1 7 1 46 0]
[3.778118845979104 'Conceptual' 1 0.3097755584662011 0.509795616626318
 4.102564102564102 79 1 7 2 54 0]
[2.909295226552854 'Conceptual' 1 0.3097755584662011 0.509795616626318
 2.7452991452991453 79 1 7 3 60 0]
[2.3935977448237633 'Conceptual' 1 0.3097755584662011 0.509795616626318
 2.0957264957264954 79 1 7 4 63 0]
[1.8230826675483283 'Conceptual' 1 0.3097755584662011 0.509795616626318
 1.5145299145299145 79 1 7 5 54 0]
[4.404899328231125 'Conceptual' 1 0.3097755584662011 0.509795616626318
 0.10256410256410256 79 1 7 6 55 0]
[2.3779032633520365 'Conceptual' 1 0.3097755584662011 0.509795616626318
 2.2564102564102564 79 1 7 7 47 0]
[4.020073845048549 'Conceptual' 1 0.3097755584662011 0.509795616626318
 4.102564102564102 79 1 7 8 62 0]
[3.155092875549774 'Conceptual' 1 0.3097755584662011 0.509795616626318
 3.8974358974358974 79 1 7 9 63 0]
[3.899458811582966 'Conceptual' 1 0.3097755584662011 0.509795616626318
 4.102564102564102 79 1 7 10 63 0]
[3.8610884020470695 'Conceptual' 1 0.3097755584662011 0.509795616626318
 4.102564102564102 79 1 7 11 63 0]
[4.359034597888004 'Conceptual' 1 0.3097755584662011 0.509795616626318
 0.10256410256410256 79 1 7 12 35 0]
[2.5090062591101794 'Conceptual' 1 0.3097755584662011 0.509795616626318
 2.9504273504273506 79 1 7 13 3 0]
[2.6138677848646195 'Conceptual' 1 0.3097755584662011 0.509795616626318
 3.1794871794871793 79 1 7 14 7 0]
[4.2915257583243305 'Conceptual' 1 0.3097755584662011 0.509795616626318
 0.4888888888888889 79 1 7 15 29 0]
[4.333811407871113 'Conceptual' 1 0.3097755584662011 0.509795616626318
 0.717948717948718 79 1 7 16 62 0]
[3.660931645806053 'Conceptual' 1 0.3097755584662011 0.509795616626318
 4.102564102564102 79 1 7 17 12 0]
[0.0 'Conceptual' 1 0.3097755584662011 0.509795616626318 0.0 79 1 8 0 0 0]
[4.0151219194444225 'Conceptual' 1 0.3097755584662011 0.509795616626318
 1.0256410256410255 79 1 8 1 14 0]
[3.778118845979104 'Conceptual' 1 0.3097755584662011 0.509795616626318
 4.102564102564102 79 1 8 2 7 0]
[2.909295226552854 'Conceptual' 1 0.3097755584662011 0.509795616626318
 2.7452991452991453 79 1 8 3 6 0]
[2.3935977448237633 'Conceptual' 1 0.3097755584662011 0.509795616626318
 2.0957264957264954 79 1 8 4 14 0]
[1.8230826675483283 'Conceptual' 1 0.3097755584662011 0.509795616626318
 1.5145299145299145 79 1 8 5 2 0]
[4.404899328231125 'Conceptual' 1 0.3097755584662011 0.509795616626318
 0.10256410256410256 79 1 8 6 7 0]
[2.3779032633520365 'Conceptual' 1 0.3097755584662011 0.509795616626318
 2.2564102564102564 79 1 8 7 6 0]
[4.020073845048549 'Conceptual' 1 0.3097755584662011 0.509795616626318
 4.102564102564102 79 1 8 8 7 0]
[3.155092875549774 'Conceptual' 1 0.3097755584662011 0.509795616626318
 3.8974358974358974 79 1 8 9 7 0]
[3.899458811582966 'Conceptual' 1 0.3097755584662011 0.509795616626318
 4.102564102564102 79 1 8 10 7 0]
[3.8610884020470695 'Conceptual' 1 0.3097755584662011 0.509795616626318
 4.102564102564102 79 1 8 11 23 0]
[4.359034597888004 'Conceptual' 1 0.3097755584662011 0.509795616626318
 0.10256410256410256 79 1 8 12 15 0]
[2.5090062591101794 'Conceptual' 1 0.3097755584662011 0.509795616626318
 2.9504273504273506 79 1 8 13 7 0]
[2.6138677848646195 'Conceptual' 1 0.3097755584662011 0.509795616626318
 3.1794871794871793 79 1 8 14 36 0]
[4.2915257583243305 'Conceptual' 1 0.3097755584662011 0.509795616626318
 0.4888888888888889 79 1 8 15 28 0]
[4.333811407871113 'Conceptual' 1 0.3097755584662011 0.509795616626318
 0.717948717948718 79 1 8 16 59 0]
[3.660931645806053 'Conceptual' 1 0.3097755584662011 0.509795616626318
 4.102564102564102 79 1 8 17 62 0]
