[0.0 'Conceptual' 1 0.031790077807009744 0.29190526477668166 0.0 68 6 0 0
 49 0]
[3.386407336863882 'Conceptual' 1 0.031790077807009744 0.29190526477668166
 2.5641025641025643 68 6 0 1 9 0]
[4.129621249329957 'Conceptual' 1 0.031790077807009744 0.29190526477668166
 0.10256410256410256 68 6 0 2 14 0]
[0.845413416645444 'Conceptual' 1 0.031790077807009744 0.29190526477668166
 2.2564102564102564 68 6 0 3 54 0]
[4.105782056875201 'Conceptual' 1 0.031790077807009744 0.29190526477668166
 0.10256410256410256 68 6 0 4 45 0]
[3.4690015923152226 'Conceptual' 1 0.031790077807009744
 0.29190526477668166 0.5128205128205128 68 6 0 5 61 0]
[4.072338643533271 'Conceptual' 1 0.031790077807009744 0.29190526477668166
 0.10256410256410256 68 6 0 6 60 0]
[0.13595183433250058 'Conceptual' 1 0.031790077807009744
 0.29190526477668166 0.10256410256410256 68 6 0 7 60 0]
[0.0006298016333102192 'Conceptual' 1 0.031790077807009744
 0.29190526477668166 0.10256410256410256 68 6 0 8 59 0]
[0.0006298016333102192 'Conceptual' 1 0.031790077807009744
 0.29190526477668166 0.10256410256410256 68 6 0 9 51 0]
[0.0006298016333102192 'Conceptual' 1 0.031790077807009744
 0.29190526477668166 0.10256410256410256 68 6 0 10 52 0]
[0.0006298016333102192 'Conceptual' 1 0.031790077807009744
 0.29190526477668166 0.10256410256410256 68 6 0 11 60 0]
[0.0006298016333102192 'Conceptual' 1 0.031790077807009744
 0.29190526477668166 0.10256410256410256 68 6 0 12 60 0]
[0.0006298016333102192 'Conceptual' 1 0.031790077807009744
 0.29190526477668166 0.10256410256410256 68 6 0 13 60 0]
[0.0006298016333102192 'Conceptual' 1 0.031790077807009744
 0.29190526477668166 0.10256410256410256 68 6 0 14 60 0]
[0.0006298016333102192 'Conceptual' 1 0.031790077807009744
 0.29190526477668166 0.10256410256410256 68 6 0 15 60 0]
[0.0006298016333102192 'Conceptual' 1 0.031790077807009744
 0.29190526477668166 0.10256410256410256 68 6 0 16 60 0]
[0.0006298016333102192 'Conceptual' 1 0.031790077807009744
 0.29190526477668166 0.10256410256410256 68 6 0 17 60 0]
[0.0 'Conceptual' 1 0.031790077807009744 0.29190526477668166 0.0 68 6 1 0
 60 0]
[3.386407336863882 'Conceptual' 1 0.031790077807009744 0.29190526477668166
 2.5641025641025643 68 6 1 1 60 0]
[4.129621249329957 'Conceptual' 1 0.031790077807009744 0.29190526477668166
 0.10256410256410256 68 6 1 2 49 0]
[0.845413416645444 'Conceptual' 1 0.031790077807009744 0.29190526477668166
 2.2564102564102564 68 6 1 3 9 0]
[4.105782056875201 'Conceptual' 1 0.031790077807009744 0.29190526477668166
 0.10256410256410256 68 6 1 4 14 0]
[3.4690015923152226 'Conceptual' 1 0.031790077807009744
 0.29190526477668166 0.5128205128205128 68 6 1 5 54 0]
[4.072338643533271 'Conceptual' 1 0.031790077807009744 0.29190526477668166
 0.10256410256410256 68 6 1 6 49 0]
[0.13595183433250058 'Conceptual' 1 0.031790077807009744
 0.29190526477668166 0.10256410256410256 68 6 1 7 56 0]
[0.0006298016333102192 'Conceptual' 1 0.031790077807009744
 0.29190526477668166 0.10256410256410256 68 6 1 8 48 0]
[0.0006298016333102192 'Conceptual' 1 0.031790077807009744
 0.29190526477668166 0.10256410256410256 68 6 1 9 57 0]
[0.0006298016333102192 'Conceptual' 1 0.031790077807009744
 0.29190526477668166 0.10256410256410256 68 6 1 10 58 0]
[0.0006298016333102192 'Conceptual' 1 0.031790077807009744
 0.29190526477668166 0.10256410256410256 68 6 1 11 58 0]
[0.0006298016333102192 'Conceptual' 1 0.031790077807009744
 0.29190526477668166 0.10256410256410256 68 6 1 12 59 0]
[0.0006298016333102192 'Conceptual' 1 0.031790077807009744
 0.29190526477668166 0.10256410256410256 68 6 1 13 50 0]
[0.0006298016333102192 'Conceptual' 1 0.031790077807009744
 0.29190526477668166 0.10256410256410256 68 6 1 14 58 0]
[0.0006298016333102192 'Conceptual' 1 0.031790077807009744
 0.29190526477668166 0.10256410256410256 68 6 1 15 58 0]
[0.0006298016333102192 'Conceptual' 1 0.031790077807009744
 0.29190526477668166 0.10256410256410256 68 6 1 16 58 0]
[0.0006298016333102192 'Conceptual' 1 0.031790077807009744
 0.29190526477668166 0.10256410256410256 68 6 1 17 58 0]
[0.0 'Conceptual' 1 0.031790077807009744 0.29190526477668166 0.0 68 6 2 0
 58 0]
[3.386407336863882 'Conceptual' 1 0.031790077807009744 0.29190526477668166
 2.5641025641025643 68 6 2 1 58 0]
[4.129621249329957 'Conceptual' 1 0.031790077807009744 0.29190526477668166
 0.10256410256410256 68 6 2 2 58 0]
[0.845413416645444 'Conceptual' 1 0.031790077807009744 0.29190526477668166
 2.2564102564102564 68 6 2 3 58 0]
[4.105782056875201 'Conceptual' 1 0.031790077807009744 0.29190526477668166
 0.10256410256410256 68 6 2 4 49 0]
[3.4690015923152226 'Conceptual' 1 0.031790077807009744
 0.29190526477668166 0.5128205128205128 68 6 2 5 9 0]
[4.072338643533271 'Conceptual' 1 0.031790077807009744 0.29190526477668166
 0.10256410256410256 68 6 2 6 14 0]
[0.13595183433250058 'Conceptual' 1 0.031790077807009744
 0.29190526477668166 0.10256410256410256 68 6 2 7 54 0]
[0.0006298016333102192 'Conceptual' 1 0.031790077807009744
 0.29190526477668166 0.10256410256410256 68 6 2 8 62 0]
[0.0006298016333102192 'Conceptual' 1 0.031790077807009744
 0.29190526477668166 0.10256410256410256 68 6 2 9 63 0]
[0.0006298016333102192 'Conceptual' 1 0.031790077807009744
 0.29190526477668166 0.10256410256410256 68 6 2 10 61 0]
[0.0006298016333102192 'Conceptual' 1 0.031790077807009744
 0.29190526477668166 0.10256410256410256 68 6 2 11 53 0]
[0.0006298016333102192 'Conceptual' 1 0.031790077807009744
 0.29190526477668166 0.10256410256410256 68 6 2 12 60 0]
[0.0006298016333102192 'Conceptual' 1 0.031790077807009744
 0.29190526477668166 0.10256410256410256 68 6 2 13 61 0]
[0.0006298016333102192 'Conceptual' 1 0.031790077807009744
 0.29190526477668166 0.10256410256410256 68 6 2 14 62 0]
[0.0006298016333102192 'Conceptual' 1 0.031790077807009744
 0.29190526477668166 0.10256410256410256 68 6 2 15 62 0]
[0.0006298016333102192 'Conceptual' 1 0.031790077807009744
 0.29190526477668166 0.10256410256410256 68 6 2 16 62 0]
[0.0006298016333102192 'Conceptual' 1 0.031790077807009744
 0.29190526477668166 0.10256410256410256 68 6 2 17 62 0]
[0.0 'Conceptual' 1 0.031790077807009744 0.29190526477668166 0.0 68 6 3 0
 62 0]
[3.386407336863882 'Conceptual' 1 0.031790077807009744 0.29190526477668166
 2.5641025641025643 68 6 3 1 62 0]
[4.129621249329957 'Conceptual' 1 0.031790077807009744 0.29190526477668166
 0.10256410256410256 68 6 3 2 62 0]
[0.845413416645444 'Conceptual' 1 0.031790077807009744 0.29190526477668166
 2.2564102564102564 68 6 3 3 61 0]
[4.105782056875201 'Conceptual' 1 0.031790077807009744 0.29190526477668166
 0.10256410256410256 68 6 3 4 62 0]
[3.4690015923152226 'Conceptual' 1 0.031790077807009744
 0.29190526477668166 0.5128205128205128 68 6 3 5 62 0]
[4.072338643533271 'Conceptual' 1 0.031790077807009744 0.29190526477668166
 0.10256410256410256 68 6 3 6 49 0]
[0.13595183433250058 'Conceptual' 1 0.031790077807009744
 0.29190526477668166 0.10256410256410256 68 6 3 7 9 0]
[0.0006298016333102192 'Conceptual' 1 0.031790077807009744
 0.29190526477668166 0.10256410256410256 68 6 3 8 14 0]
[0.0006298016333102192 'Conceptual' 1 0.031790077807009744
 0.29190526477668166 0.10256410256410256 68 6 3 9 15 0]
[0.0006298016333102192 'Conceptual' 1 0.031790077807009744
 0.29190526477668166 0.10256410256410256 68 6 3 10 23 0]
[0.0006298016333102192 'Conceptual' 1 0.031790077807009744
 0.29190526477668166 0.10256410256410256 68 6 3 11 23 0]
[0.0006298016333102192 'Conceptual' 1 0.031790077807009744
 0.29190526477668166 0.10256410256410256 68 6 3 12 23 0]
[0.0006298016333102192 'Conceptual' 1 0.031790077807009744
 0.29190526477668166 0.10256410256410256 68 6 3 13 23 0]
[0.0006298016333102192 'Conceptual' 1 0.031790077807009744
 0.29190526477668166 0.10256410256410256 68 6 3 14 23 0]
[0.0006298016333102192 'Conceptual' 1 0.031790077807009744
 0.29190526477668166 0.10256410256410256 68 6 3 15 23 0]
[0.0006298016333102192 'Conceptual' 1 0.031790077807009744
 0.29190526477668166 0.10256410256410256 68 6 3 16 23 0]
[0.0006298016333102192 'Conceptual' 1 0.031790077807009744
 0.29190526477668166 0.10256410256410256 68 6 3 17 23 0]
[0.0 'Conceptual' 1 0.031790077807009744 0.29190526477668166 0.0 68 6 4 0
 23 0]
[3.386407336863882 'Conceptual' 1 0.031790077807009744 0.29190526477668166
 2.5641025641025643 68 6 4 1 23 0]
[4.129621249329957 'Conceptual' 1 0.031790077807009744 0.29190526477668166
 0.10256410256410256 68 6 4 2 23 0]
[0.845413416645444 'Conceptual' 1 0.031790077807009744 0.29190526477668166
 2.2564102564102564 68 6 4 3 23 0]
[4.105782056875201 'Conceptual' 1 0.031790077807009744 0.29190526477668166
 0.10256410256410256 68 6 4 4 23 0]
[3.4690015923152226 'Conceptual' 1 0.031790077807009744
 0.29190526477668166 0.5128205128205128 68 6 4 5 23 0]
[4.072338643533271 'Conceptual' 1 0.031790077807009744 0.29190526477668166
 0.10256410256410256 68 6 4 6 23 0]
[0.13595183433250058 'Conceptual' 1 0.031790077807009744
 0.29190526477668166 0.10256410256410256 68 6 4 7 23 0]
[0.0006298016333102192 'Conceptual' 1 0.031790077807009744
 0.29190526477668166 0.10256410256410256 68 6 4 8 54 0]
[0.0006298016333102192 'Conceptual' 1 0.031790077807009744
 0.29190526477668166 0.10256410256410256 68 6 4 9 49 0]
[0.0006298016333102192 'Conceptual' 1 0.031790077807009744
 0.29190526477668166 0.10256410256410256 68 6 4 10 14 0]
[0.0006298016333102192 'Conceptual' 1 0.031790077807009744
 0.29190526477668166 0.10256410256410256 68 6 4 11 9 0]
[0.0006298016333102192 'Conceptual' 1 0.031790077807009744
 0.29190526477668166 0.10256410256410256 68 6 4 12 62 0]
[0.0006298016333102192 'Conceptual' 1 0.031790077807009744
 0.29190526477668166 0.10256410256410256 68 6 4 13 63 0]
[0.0006298016333102192 'Conceptual' 1 0.031790077807009744
 0.29190526477668166 0.10256410256410256 68 6 4 14 63 0]
[0.0006298016333102192 'Conceptual' 1 0.031790077807009744
 0.29190526477668166 0.10256410256410256 68 6 4 15 63 0]
[0.0006298016333102192 'Conceptual' 1 0.031790077807009744
 0.29190526477668166 0.10256410256410256 68 6 4 16 63 0]
[0.0006298016333102192 'Conceptual' 1 0.031790077807009744
 0.29190526477668166 0.10256410256410256 68 6 4 17 63 0]
[0.0 'Conceptual' 1 0.031790077807009744 0.29190526477668166 0.0 68 6 5 0
 63 0]
[3.386407336863882 'Conceptual' 1 0.031790077807009744 0.29190526477668166
 2.5641025641025643 68 6 5 1 63 0]
[4.129621249329957 'Conceptual' 1 0.031790077807009744 0.29190526477668166
 0.10256410256410256 68 6 5 2 63 0]
[0.845413416645444 'Conceptual' 1 0.031790077807009744 0.29190526477668166
 2.2564102564102564 68 6 5 3 63 0]
[4.105782056875201 'Conceptual' 1 0.031790077807009744 0.29190526477668166
 0.10256410256410256 68 6 5 4 63 0]
[3.4690015923152226 'Conceptual' 1 0.031790077807009744
 0.29190526477668166 0.5128205128205128 68 6 5 5 63 0]
[4.072338643533271 'Conceptual' 1 0.031790077807009744 0.29190526477668166
 0.10256410256410256 68 6 5 6 63 0]
[0.13595183433250058 'Conceptual' 1 0.031790077807009744
 0.29190526477668166 0.10256410256410256 68 6 5 7 63 0]
[0.0006298016333102192 'Conceptual' 1 0.031790077807009744
 0.29190526477668166 0.10256410256410256 68 6 5 8 63 0]
[0.0006298016333102192 'Conceptual' 1 0.031790077807009744
 0.29190526477668166 0.10256410256410256 68 6 5 9 63 0]
[0.0006298016333102192 'Conceptual' 1 0.031790077807009744
 0.29190526477668166 0.10256410256410256 68 6 5 10 49 0]
[0.0006298016333102192 'Conceptual' 1 0.031790077807009744
 0.29190526477668166 0.10256410256410256 68 6 5 11 9 0]
[0.0006298016333102192 'Conceptual' 1 0.031790077807009744
 0.29190526477668166 0.10256410256410256 68 6 5 12 14 0]
[0.0006298016333102192 'Conceptual' 1 0.031790077807009744
 0.29190526477668166 0.10256410256410256 68 6 5 13 54 0]
[0.0006298016333102192 'Conceptual' 1 0.031790077807009744
 0.29190526477668166 0.10256410256410256 68 6 5 14 7 0]
[0.0006298016333102192 'Conceptual' 1 0.031790077807009744
 0.29190526477668166 0.10256410256410256 68 6 5 15 6 0]
[0.0006298016333102192 'Conceptual' 1 0.031790077807009744
 0.29190526477668166 0.10256410256410256 68 6 5 16 5 0]
[0.0006298016333102192 'Conceptual' 1 0.031790077807009744
 0.29190526477668166 0.10256410256410256 68 6 5 17 13 0]
[0.0 'Conceptual' 1 0.031790077807009744 0.29190526477668166 0.0 68 6 7 0
 6 0]
[3.386407336863882 'Conceptual' 1 0.031790077807009744 0.29190526477668166
 2.5641025641025643 68 6 7 1 6 0]
[4.129621249329957 'Conceptual' 1 0.031790077807009744 0.29190526477668166
 0.10256410256410256 68 6 7 2 6 0]
[0.845413416645444 'Conceptual' 1 0.031790077807009744 0.29190526477668166
 2.2564102564102564 68 6 7 3 6 0]
[4.105782056875201 'Conceptual' 1 0.031790077807009744 0.29190526477668166
 0.10256410256410256 68 6 7 4 6 0]
[3.4690015923152226 'Conceptual' 1 0.031790077807009744
 0.29190526477668166 0.5128205128205128 68 6 7 5 6 0]
[4.072338643533271 'Conceptual' 1 0.031790077807009744 0.29190526477668166
 0.10256410256410256 68 6 7 6 6 0]
[0.13595183433250058 'Conceptual' 1 0.031790077807009744
 0.29190526477668166 0.10256410256410256 68 6 7 7 6 0]
[0.0006298016333102192 'Conceptual' 1 0.031790077807009744
 0.29190526477668166 0.10256410256410256 68 6 7 8 6 0]
[0.0006298016333102192 'Conceptual' 1 0.031790077807009744
 0.29190526477668166 0.10256410256410256 68 6 7 9 6 0]
[0.0006298016333102192 'Conceptual' 1 0.031790077807009744
 0.29190526477668166 0.10256410256410256 68 6 7 10 6 0]
[0.0006298016333102192 'Conceptual' 1 0.031790077807009744
 0.29190526477668166 0.10256410256410256 68 6 7 11 6 0]
[0.0006298016333102192 'Conceptual' 1 0.031790077807009744
 0.29190526477668166 0.10256410256410256 68 6 7 12 49 0]
[0.0006298016333102192 'Conceptual' 1 0.031790077807009744
 0.29190526477668166 0.10256410256410256 68 6 7 13 9 0]
[0.0006298016333102192 'Conceptual' 1 0.031790077807009744
 0.29190526477668166 0.10256410256410256 68 6 7 14 54 0]
[0.0006298016333102192 'Conceptual' 1 0.031790077807009744
 0.29190526477668166 0.10256410256410256 68 6 7 15 63 0]
[0.0006298016333102192 'Conceptual' 1 0.031790077807009744
 0.29190526477668166 0.10256410256410256 68 6 7 16 62 0]
[0.0006298016333102192 'Conceptual' 1 0.031790077807009744
 0.29190526477668166 0.10256410256410256 68 6 7 17 61 0]
[0.0 'Conceptual' 1 0.031790077807009744 0.29190526477668166 0.0 68 6 8 0
 60 0]
[3.386407336863882 'Conceptual' 1 0.031790077807009744 0.29190526477668166
 2.5641025641025643 68 6 8 1 53 0]
[4.129621249329957 'Conceptual' 1 0.031790077807009744 0.29190526477668166
 0.10256410256410256 68 6 8 2 61 0]
[0.845413416645444 'Conceptual' 1 0.031790077807009744 0.29190526477668166
 2.2564102564102564 68 6 8 3 61 0]
[4.105782056875201 'Conceptual' 1 0.031790077807009744 0.29190526477668166
 0.10256410256410256 68 6 8 4 61 0]
[3.4690015923152226 'Conceptual' 1 0.031790077807009744
 0.29190526477668166 0.5128205128205128 68 6 8 5 61 0]
[4.072338643533271 'Conceptual' 1 0.031790077807009744 0.29190526477668166
 0.10256410256410256 68 6 8 6 61 0]
[0.13595183433250058 'Conceptual' 1 0.031790077807009744
 0.29190526477668166 0.10256410256410256 68 6 8 7 61 0]
[0.0006298016333102192 'Conceptual' 1 0.031790077807009744
 0.29190526477668166 0.10256410256410256 68 6 8 8 61 0]
[0.0006298016333102192 'Conceptual' 1 0.031790077807009744
 0.29190526477668166 0.10256410256410256 68 6 8 9 61 0]
[0.0006298016333102192 'Conceptual' 1 0.031790077807009744
 0.29190526477668166 0.10256410256410256 68 6 8 10 61 0]
[0.0006298016333102192 'Conceptual' 1 0.031790077807009744
 0.29190526477668166 0.10256410256410256 68 6 8 11 61 0]
[0.0006298016333102192 'Conceptual' 1 0.031790077807009744
 0.29190526477668166 0.10256410256410256 68 6 8 12 61 0]
[0.0006298016333102192 'Conceptual' 1 0.031790077807009744
 0.29190526477668166 0.10256410256410256 68 6 8 13 61 0]
[0.0006298016333102192 'Conceptual' 1 0.031790077807009744
 0.29190526477668166 0.10256410256410256 68 6 8 14 54 0]
[0.0006298016333102192 'Conceptual' 1 0.031790077807009744
 0.29190526477668166 0.10256410256410256 68 6 8 15 49 0]
[0.0006298016333102192 'Conceptual' 1 0.031790077807009744
 0.29190526477668166 0.10256410256410256 68 6 8 16 14 0]
[0.0006298016333102192 'Conceptual' 1 0.031790077807009744
 0.29190526477668166 0.10256410256410256 68 6 8 17 7 0]
