[0.0 'Conceptual' 0 0.034277948587294625 0.25450982561963903 0.0 10 2 0 0
 21 1]
[7.021129961367701 'Conceptual' 0 0.034277948587294625 0.25450982561963903
 10.1010101010101 10 2 0 1 28 1]
[0.2611745511834257 'Conceptual' 0 0.034277948587294625
 0.25450982561963903 0.10101010101010101 10 2 0 2 35 1]
[0.0008934297453340835 'Conceptual' 0 0.034277948587294625
 0.25450982561963903 0.10101010101010101 10 2 0 3 35 1]
[3.3229990097126265 'Conceptual' 0 0.034277948587294625
 0.25450982561963903 8.585858585858585 10 2 0 4 35 1]
[4.346556700768023 'Conceptual' 0 0.034277948587294625 0.25450982561963903
 10.1010101010101 10 2 0 5 28 1]
[0.000629801633309997 'Conceptual' 0 0.034277948587294625
 0.25450982561963903 0.10101010101010101 10 2 0 6 28 1]
[0.000629801633309997 'Conceptual' 0 0.034277948587294625
 0.25450982561963903 0.10101010101010101 10 2 0 7 27 1]
[0.000629801633309997 'Conceptual' 0 0.034277948587294625
 0.25450982561963903 0.10101010101010101 10 2 0 8 27 1]
[0.000629801633309997 'Conceptual' 0 0.034277948587294625
 0.25450982561963903 0.10101010101010101 10 2 0 9 36 1]
[2.2268519980543657 'Conceptual' 0 0.034277948587294625
 0.25450982561963903 5.050505050505051 10 2 0 10 27 1]
[0.000629801633309997 'Conceptual' 0 0.034277948587294625
 0.25450982561963903 0.10101010101010101 10 2 0 11 27 1]
[2.0666313699361556 'Conceptual' 0 0.034277948587294625
 0.25450982561963903 4.9259259259259265 10 2 0 12 27 1]
[0.000629801633309997 'Conceptual' 0 0.034277948587294625
 0.25450982561963903 0.10101010101010101 10 2 0 13 27 1]
[0.000629801633309997 'Conceptual' 0 0.034277948587294625
 0.25450982561963903 0.10101010101010101 10 2 0 14 18 1]
[2.261177733856439 'Conceptual' 0 0.034277948587294625 0.25450982561963903
 6.4646464646464645 10 2 0 15 35 1]
[0.000629801633309997 'Conceptual' 0 0.034277948587294625
 0.25450982561963903 0.10101010101010101 10 2 0 16 27 1]
[0.000629801633309997 'Conceptual' 0 0.034277948587294625
 0.25450982561963903 0.10101010101010101 10 2 0 17 27 1]
[0.000629801633309997 'Conceptual' 0 0.034277948587294625
 0.25450982561963903 0.10101010101010101 10 2 0 18 27 1]
[2.1446539630377126 'Conceptual' 0 0.034277948587294625
 0.25450982561963903 6.643097643097644 10 2 0 19 27 1]
[0.0 'Conceptual' 0 0.034277948587294625 0.25450982561963903 0.0 10 2 1 0
 21 1]
[7.021129961367701 'Conceptual' 0 0.034277948587294625 0.25450982561963903
 10.1010101010101 10 2 1 1 28 1]
[0.2611745511834257 'Conceptual' 0 0.034277948587294625
 0.25450982561963903 0.10101010101010101 10 2 1 2 35 1]
[0.0008934297453340835 'Conceptual' 0 0.034277948587294625
 0.25450982561963903 0.10101010101010101 10 2 1 3 35 1]
[3.3229990097126265 'Conceptual' 0 0.034277948587294625
 0.25450982561963903 8.585858585858585 10 2 1 4 35 1]
[4.346556700768023 'Conceptual' 0 0.034277948587294625 0.25450982561963903
 10.1010101010101 10 2 1 5 28 1]
[0.000629801633309997 'Conceptual' 0 0.034277948587294625
 0.25450982561963903 0.10101010101010101 10 2 1 6 28 1]
[0.000629801633309997 'Conceptual' 0 0.034277948587294625
 0.25450982561963903 0.10101010101010101 10 2 1 7 27 1]
[0.000629801633309997 'Conceptual' 0 0.034277948587294625
 0.25450982561963903 0.10101010101010101 10 2 1 8 27 1]
[0.000629801633309997 'Conceptual' 0 0.034277948587294625
 0.25450982561963903 0.10101010101010101 10 2 1 9 36 1]
[2.2268519980543657 'Conceptual' 0 0.034277948587294625
 0.25450982561963903 5.050505050505051 10 2 1 10 27 1]
[0.000629801633309997 'Conceptual' 0 0.034277948587294625
 0.25450982561963903 0.10101010101010101 10 2 1 11 27 1]
[2.0666313699361556 'Conceptual' 0 0.034277948587294625
 0.25450982561963903 4.9259259259259265 10 2 1 12 27 1]
[0.000629801633309997 'Conceptual' 0 0.034277948587294625
 0.25450982561963903 0.10101010101010101 10 2 1 13 27 1]
[0.000629801633309997 'Conceptual' 0 0.034277948587294625
 0.25450982561963903 0.10101010101010101 10 2 1 14 18 1]
[2.261177733856439 'Conceptual' 0 0.034277948587294625 0.25450982561963903
 6.4646464646464645 10 2 1 15 35 1]
[0.000629801633309997 'Conceptual' 0 0.034277948587294625
 0.25450982561963903 0.10101010101010101 10 2 1 16 27 1]
[0.000629801633309997 'Conceptual' 0 0.034277948587294625
 0.25450982561963903 0.10101010101010101 10 2 1 17 27 1]
[0.000629801633309997 'Conceptual' 0 0.034277948587294625
 0.25450982561963903 0.10101010101010101 10 2 1 18 27 1]
[2.1446539630377126 'Conceptual' 0 0.034277948587294625
 0.25450982561963903 6.643097643097644 10 2 1 19 27 1]
[0.0 'Conceptual' 0 0.034277948587294625 0.25450982561963903 0.0 10 2 3 0
 21 1]
[7.021129961367701 'Conceptual' 0 0.034277948587294625 0.25450982561963903
 10.1010101010101 10 2 3 1 28 1]
[0.2611745511834257 'Conceptual' 0 0.034277948587294625
 0.25450982561963903 0.10101010101010101 10 2 3 2 35 1]
[0.0008934297453340835 'Conceptual' 0 0.034277948587294625
 0.25450982561963903 0.10101010101010101 10 2 3 3 35 1]
[3.3229990097126265 'Conceptual' 0 0.034277948587294625
 0.25450982561963903 8.585858585858585 10 2 3 4 35 1]
[4.346556700768023 'Conceptual' 0 0.034277948587294625 0.25450982561963903
 10.1010101010101 10 2 3 5 28 1]
[0.000629801633309997 'Conceptual' 0 0.034277948587294625
 0.25450982561963903 0.10101010101010101 10 2 3 6 28 1]
[0.000629801633309997 'Conceptual' 0 0.034277948587294625
 0.25450982561963903 0.10101010101010101 10 2 3 7 27 1]
[0.000629801633309997 'Conceptual' 0 0.034277948587294625
 0.25450982561963903 0.10101010101010101 10 2 3 8 27 1]
[0.000629801633309997 'Conceptual' 0 0.034277948587294625
 0.25450982561963903 0.10101010101010101 10 2 3 9 36 1]
[2.2268519980543657 'Conceptual' 0 0.034277948587294625
 0.25450982561963903 5.050505050505051 10 2 3 10 27 1]
[0.000629801633309997 'Conceptual' 0 0.034277948587294625
 0.25450982561963903 0.10101010101010101 10 2 3 11 27 1]
[2.0666313699361556 'Conceptual' 0 0.034277948587294625
 0.25450982561963903 4.9259259259259265 10 2 3 12 27 1]
[0.000629801633309997 'Conceptual' 0 0.034277948587294625
 0.25450982561963903 0.10101010101010101 10 2 3 13 27 1]
[0.000629801633309997 'Conceptual' 0 0.034277948587294625
 0.25450982561963903 0.10101010101010101 10 2 3 14 18 1]
[2.261177733856439 'Conceptual' 0 0.034277948587294625 0.25450982561963903
 6.4646464646464645 10 2 3 15 35 1]
[0.000629801633309997 'Conceptual' 0 0.034277948587294625
 0.25450982561963903 0.10101010101010101 10 2 3 16 27 1]
[0.000629801633309997 'Conceptual' 0 0.034277948587294625
 0.25450982561963903 0.10101010101010101 10 2 3 17 27 1]
[0.000629801633309997 'Conceptual' 0 0.034277948587294625
 0.25450982561963903 0.10101010101010101 10 2 3 18 27 1]
[2.1446539630377126 'Conceptual' 0 0.034277948587294625
 0.25450982561963903 6.643097643097644 10 2 3 19 27 1]
[0.0 'Conceptual' 0 0.034277948587294625 0.25450982561963903 0.0 10 2 4 0
 21 1]
[7.021129961367701 'Conceptual' 0 0.034277948587294625 0.25450982561963903
 10.1010101010101 10 2 4 1 28 1]
[0.2611745511834257 'Conceptual' 0 0.034277948587294625
 0.25450982561963903 0.10101010101010101 10 2 4 2 35 1]
[0.0008934297453340835 'Conceptual' 0 0.034277948587294625
 0.25450982561963903 0.10101010101010101 10 2 4 3 35 1]
[3.3229990097126265 'Conceptual' 0 0.034277948587294625
 0.25450982561963903 8.585858585858585 10 2 4 4 35 1]
[4.346556700768023 'Conceptual' 0 0.034277948587294625 0.25450982561963903
 10.1010101010101 10 2 4 5 28 1]
[0.000629801633309997 'Conceptual' 0 0.034277948587294625
 0.25450982561963903 0.10101010101010101 10 2 4 6 28 1]
[0.000629801633309997 'Conceptual' 0 0.034277948587294625
 0.25450982561963903 0.10101010101010101 10 2 4 7 27 1]
[0.000629801633309997 'Conceptual' 0 0.034277948587294625
 0.25450982561963903 0.10101010101010101 10 2 4 8 27 1]
[0.000629801633309997 'Conceptual' 0 0.034277948587294625
 0.25450982561963903 0.10101010101010101 10 2 4 9 36 1]
[2.2268519980543657 'Conceptual' 0 0.034277948587294625
 0.25450982561963903 5.050505050505051 10 2 4 10 27 1]
[0.000629801633309997 'Conceptual' 0 0.034277948587294625
 0.25450982561963903 0.10101010101010101 10 2 4 11 27 1]
[2.0666313699361556 'Conceptual' 0 0.034277948587294625
 0.25450982561963903 4.9259259259259265 10 2 4 12 27 1]
[0.000629801633309997 'Conceptual' 0 0.034277948587294625
 0.25450982561963903 0.10101010101010101 10 2 4 13 27 1]
[0.000629801633309997 'Conceptual' 0 0.034277948587294625
 0.25450982561963903 0.10101010101010101 10 2 4 14 18 1]
[2.261177733856439 'Conceptual' 0 0.034277948587294625 0.25450982561963903
 6.4646464646464645 10 2 4 15 35 1]
[0.000629801633309997 'Conceptual' 0 0.034277948587294625
 0.25450982561963903 0.10101010101010101 10 2 4 16 27 1]
[0.000629801633309997 'Conceptual' 0 0.034277948587294625
 0.25450982561963903 0.10101010101010101 10 2 4 17 27 1]
[0.000629801633309997 'Conceptual' 0 0.034277948587294625
 0.25450982561963903 0.10101010101010101 10 2 4 18 27 1]
[2.1446539630377126 'Conceptual' 0 0.034277948587294625
 0.25450982561963903 6.643097643097644 10 2 4 19 27 1]
[0.0 'Conceptual' 0 0.034277948587294625 0.25450982561963903 0.0 10 2 5 0
 21 1]
[7.021129961367701 'Conceptual' 0 0.034277948587294625 0.25450982561963903
 10.1010101010101 10 2 5 1 28 1]
[0.2611745511834257 'Conceptual' 0 0.034277948587294625
 0.25450982561963903 0.10101010101010101 10 2 5 2 35 1]
[0.0008934297453340835 'Conceptual' 0 0.034277948587294625
 0.25450982561963903 0.10101010101010101 10 2 5 3 35 1]
[3.3229990097126265 'Conceptual' 0 0.034277948587294625
 0.25450982561963903 8.585858585858585 10 2 5 4 35 1]
[4.346556700768023 'Conceptual' 0 0.034277948587294625 0.25450982561963903
 10.1010101010101 10 2 5 5 28 1]
[0.000629801633309997 'Conceptual' 0 0.034277948587294625
 0.25450982561963903 0.10101010101010101 10 2 5 6 28 1]
[0.000629801633309997 'Conceptual' 0 0.034277948587294625
 0.25450982561963903 0.10101010101010101 10 2 5 7 27 1]
[0.000629801633309997 'Conceptual' 0 0.034277948587294625
 0.25450982561963903 0.10101010101010101 10 2 5 8 27 1]
[0.000629801633309997 'Conceptual' 0 0.034277948587294625
 0.25450982561963903 0.10101010101010101 10 2 5 9 36 1]
[2.2268519980543657 'Conceptual' 0 0.034277948587294625
 0.25450982561963903 5.050505050505051 10 2 5 10 27 1]
[0.000629801633309997 'Conceptual' 0 0.034277948587294625
 0.25450982561963903 0.10101010101010101 10 2 5 11 27 1]
[2.0666313699361556 'Conceptual' 0 0.034277948587294625
 0.25450982561963903 4.9259259259259265 10 2 5 12 27 1]
[0.000629801633309997 'Conceptual' 0 0.034277948587294625
 0.25450982561963903 0.10101010101010101 10 2 5 13 27 1]
[0.000629801633309997 'Conceptual' 0 0.034277948587294625
 0.25450982561963903 0.10101010101010101 10 2 5 14 18 1]
[2.261177733856439 'Conceptual' 0 0.034277948587294625 0.25450982561963903
 6.4646464646464645 10 2 5 15 35 1]
[0.000629801633309997 'Conceptual' 0 0.034277948587294625
 0.25450982561963903 0.10101010101010101 10 2 5 16 27 1]
[0.000629801633309997 'Conceptual' 0 0.034277948587294625
 0.25450982561963903 0.10101010101010101 10 2 5 17 27 1]
[0.000629801633309997 'Conceptual' 0 0.034277948587294625
 0.25450982561963903 0.10101010101010101 10 2 5 18 27 1]
[2.1446539630377126 'Conceptual' 0 0.034277948587294625
 0.25450982561963903 6.643097643097644 10 2 5 19 27 1]
[0.0 'Conceptual' 0 0.034277948587294625 0.25450982561963903 0.0 10 2 6 0
 21 1]
[7.021129961367701 'Conceptual' 0 0.034277948587294625 0.25450982561963903
 10.1010101010101 10 2 6 1 28 1]
[0.2611745511834257 'Conceptual' 0 0.034277948587294625
 0.25450982561963903 0.10101010101010101 10 2 6 2 35 1]
[0.0008934297453340835 'Conceptual' 0 0.034277948587294625
 0.25450982561963903 0.10101010101010101 10 2 6 3 35 1]
[3.3229990097126265 'Conceptual' 0 0.034277948587294625
 0.25450982561963903 8.585858585858585 10 2 6 4 35 1]
[4.346556700768023 'Conceptual' 0 0.034277948587294625 0.25450982561963903
 10.1010101010101 10 2 6 5 28 1]
[0.000629801633309997 'Conceptual' 0 0.034277948587294625
 0.25450982561963903 0.10101010101010101 10 2 6 6 28 1]
[0.000629801633309997 'Conceptual' 0 0.034277948587294625
 0.25450982561963903 0.10101010101010101 10 2 6 7 27 1]
[0.000629801633309997 'Conceptual' 0 0.034277948587294625
 0.25450982561963903 0.10101010101010101 10 2 6 8 27 1]
[0.000629801633309997 'Conceptual' 0 0.034277948587294625
 0.25450982561963903 0.10101010101010101 10 2 6 9 36 1]
[2.2268519980543657 'Conceptual' 0 0.034277948587294625
 0.25450982561963903 5.050505050505051 10 2 6 10 27 1]
[0.000629801633309997 'Conceptual' 0 0.034277948587294625
 0.25450982561963903 0.10101010101010101 10 2 6 11 27 1]
[2.0666313699361556 'Conceptual' 0 0.034277948587294625
 0.25450982561963903 4.9259259259259265 10 2 6 12 27 1]
[0.000629801633309997 'Conceptual' 0 0.034277948587294625
 0.25450982561963903 0.10101010101010101 10 2 6 13 27 1]
[0.000629801633309997 'Conceptual' 0 0.034277948587294625
 0.25450982561963903 0.10101010101010101 10 2 6 14 18 1]
[2.261177733856439 'Conceptual' 0 0.034277948587294625 0.25450982561963903
 6.4646464646464645 10 2 6 15 35 1]
[0.000629801633309997 'Conceptual' 0 0.034277948587294625
 0.25450982561963903 0.10101010101010101 10 2 6 16 27 1]
[0.000629801633309997 'Conceptual' 0 0.034277948587294625
 0.25450982561963903 0.10101010101010101 10 2 6 17 27 1]
[0.000629801633309997 'Conceptual' 0 0.034277948587294625
 0.25450982561963903 0.10101010101010101 10 2 6 18 27 1]
[2.1446539630377126 'Conceptual' 0 0.034277948587294625
 0.25450982561963903 6.643097643097644 10 2 6 19 27 1]
[0.0 'Conceptual' 0 0.034277948587294625 0.25450982561963903 0.0 10 2 7 0
 21 1]
[7.021129961367701 'Conceptual' 0 0.034277948587294625 0.25450982561963903
 10.1010101010101 10 2 7 1 28 1]
[0.2611745511834257 'Conceptual' 0 0.034277948587294625
 0.25450982561963903 0.10101010101010101 10 2 7 2 35 1]
[0.0008934297453340835 'Conceptual' 0 0.034277948587294625
 0.25450982561963903 0.10101010101010101 10 2 7 3 35 1]
[3.3229990097126265 'Conceptual' 0 0.034277948587294625
 0.25450982561963903 8.585858585858585 10 2 7 4 35 1]
[4.346556700768023 'Conceptual' 0 0.034277948587294625 0.25450982561963903
 10.1010101010101 10 2 7 5 28 1]
[0.000629801633309997 'Conceptual' 0 0.034277948587294625
 0.25450982561963903 0.10101010101010101 10 2 7 6 28 1]
[0.000629801633309997 'Conceptual' 0 0.034277948587294625
 0.25450982561963903 0.10101010101010101 10 2 7 7 27 1]
[0.000629801633309997 'Conceptual' 0 0.034277948587294625
 0.25450982561963903 0.10101010101010101 10 2 7 8 27 1]
[0.000629801633309997 'Conceptual' 0 0.034277948587294625
 0.25450982561963903 0.10101010101010101 10 2 7 9 36 1]
[2.2268519980543657 'Conceptual' 0 0.034277948587294625
 0.25450982561963903 5.050505050505051 10 2 7 10 27 1]
[0.000629801633309997 'Conceptual' 0 0.034277948587294625
 0.25450982561963903 0.10101010101010101 10 2 7 11 27 1]
[2.0666313699361556 'Conceptual' 0 0.034277948587294625
 0.25450982561963903 4.9259259259259265 10 2 7 12 27 1]
[0.000629801633309997 'Conceptual' 0 0.034277948587294625
 0.25450982561963903 0.10101010101010101 10 2 7 13 27 1]
[0.000629801633309997 'Conceptual' 0 0.034277948587294625
 0.25450982561963903 0.10101010101010101 10 2 7 14 18 1]
[2.261177733856439 'Conceptual' 0 0.034277948587294625 0.25450982561963903
 6.4646464646464645 10 2 7 15 35 1]
[0.000629801633309997 'Conceptual' 0 0.034277948587294625
 0.25450982561963903 0.10101010101010101 10 2 7 16 27 1]
[0.000629801633309997 'Conceptual' 0 0.034277948587294625
 0.25450982561963903 0.10101010101010101 10 2 7 17 27 1]
[0.000629801633309997 'Conceptual' 0 0.034277948587294625
 0.25450982561963903 0.10101010101010101 10 2 7 18 27 1]
[2.1446539630377126 'Conceptual' 0 0.034277948587294625
 0.25450982561963903 6.643097643097644 10 2 7 19 27 1]
[0.0 'Conceptual' 0 0.034277948587294625 0.25450982561963903 0.0 10 2 8 0
 21 1]
[7.021129961367701 'Conceptual' 0 0.034277948587294625 0.25450982561963903
 10.1010101010101 10 2 8 1 28 1]
[0.2611745511834257 'Conceptual' 0 0.034277948587294625
 0.25450982561963903 0.10101010101010101 10 2 8 2 35 1]
[0.0008934297453340835 'Conceptual' 0 0.034277948587294625
 0.25450982561963903 0.10101010101010101 10 2 8 3 35 1]
[3.3229990097126265 'Conceptual' 0 0.034277948587294625
 0.25450982561963903 8.585858585858585 10 2 8 4 35 1]
[4.346556700768023 'Conceptual' 0 0.034277948587294625 0.25450982561963903
 10.1010101010101 10 2 8 5 28 1]
[0.000629801633309997 'Conceptual' 0 0.034277948587294625
 0.25450982561963903 0.10101010101010101 10 2 8 6 28 1]
[0.000629801633309997 'Conceptual' 0 0.034277948587294625
 0.25450982561963903 0.10101010101010101 10 2 8 7 27 1]
[0.000629801633309997 'Conceptual' 0 0.034277948587294625
 0.25450982561963903 0.10101010101010101 10 2 8 8 27 1]
[0.000629801633309997 'Conceptual' 0 0.034277948587294625
 0.25450982561963903 0.10101010101010101 10 2 8 9 36 1]
[2.2268519980543657 'Conceptual' 0 0.034277948587294625
 0.25450982561963903 5.050505050505051 10 2 8 10 27 1]
[0.000629801633309997 'Conceptual' 0 0.034277948587294625
 0.25450982561963903 0.10101010101010101 10 2 8 11 27 1]
[2.0666313699361556 'Conceptual' 0 0.034277948587294625
 0.25450982561963903 4.9259259259259265 10 2 8 12 27 1]
[0.000629801633309997 'Conceptual' 0 0.034277948587294625
 0.25450982561963903 0.10101010101010101 10 2 8 13 27 1]
[0.000629801633309997 'Conceptual' 0 0.034277948587294625
 0.25450982561963903 0.10101010101010101 10 2 8 14 18 1]
[2.261177733856439 'Conceptual' 0 0.034277948587294625 0.25450982561963903
 6.4646464646464645 10 2 8 15 35 1]
[0.000629801633309997 'Conceptual' 0 0.034277948587294625
 0.25450982561963903 0.10101010101010101 10 2 8 16 27 1]
[0.000629801633309997 'Conceptual' 0 0.034277948587294625
 0.25450982561963903 0.10101010101010101 10 2 8 17 27 1]
[0.000629801633309997 'Conceptual' 0 0.034277948587294625
 0.25450982561963903 0.10101010101010101 10 2 8 18 27 1]
[2.1446539630377126 'Conceptual' 0 0.034277948587294625
 0.25450982561963903 6.643097643097644 10 2 8 19 27 1]
