[0.0 'Spatial' 0 0.05477845904889139 0.2148131330554119 0.0 67 7 0 0 21 1]
[3.143694875579569 'Spatial' 0 0.05477845904889139 0.2148131330554119
 3.3606837606837607 67 7 0 1 49 1]
[3.4363842252055385 'Spatial' 0 0.05477845904889139 0.2148131330554119
 1.6854700854700855 67 7 0 2 33 1]
[3.714036496293227 'Spatial' 0 0.05477845904889139 0.2148131330554119
 1.2068376068376068 67 7 0 3 9 1]
[4.0272200409507946 'Spatial' 0 0.05477845904889139 0.2148131330554119
 0.6153846153846153 67 7 0 4 35 1]
[3.8697801572188304 'Spatial' 0 0.05477845904889139 0.2148131330554119
 0.7623931623931623 67 7 0 5 52 1]
[3.97881424670969 'Spatial' 0 0.05477845904889139 0.2148131330554119
 0.4888888888888889 67 7 0 6 12 1]
[4.009744882993257 'Spatial' 0 0.05477845904889139 0.2148131330554119
 0.41025641025641024 67 7 0 7 26 1]
[2.1562088441082476 'Spatial' 0 0.05477845904889139 0.2148131330554119
 1.411965811965812 67 7 0 8 56 1]
[0.035766128423918735 'Spatial' 0 0.05477845904889139 0.2148131330554119
 1.1042735042735041 67 7 0 9 56 1]
[2.14690254056208 'Spatial' 0 0.05477845904889139 0.2148131330554119
 3.770940170940171 67 7 0 10 57 1]
[2.4388674616502852 'Spatial' 0 0.05477845904889139 0.2148131330554119
 4.041025641025641 67 7 0 11 48 1]
[0.0006298016333097749 'Spatial' 0 0.05477845904889139 0.2148131330554119
 0.10256410256410256 67 7 0 12 56 1]
[0.0006298016333097749 'Spatial' 0 0.05477845904889139 0.2148131330554119
 0.10256410256410256 67 7 0 13 56 1]
[0.0006298016333097749 'Spatial' 0 0.05477845904889139 0.2148131330554119
 0.10256410256410256 67 7 0 14 56 1]
[0.0006298016333097749 'Spatial' 0 0.05477845904889139 0.2148131330554119
 0.10256410256410256 67 7 0 15 56 1]
[0.0006298016333097749 'Spatial' 0 0.05477845904889139 0.2148131330554119
 0.10256410256410256 67 7 0 16 56 1]
[0.0006298016333097749 'Spatial' 0 0.05477845904889139 0.2148131330554119
 0.10256410256410256 67 7 0 17 56 1]
[0.0 'Spatial' 0 0.05477845904889139 0.2148131330554119 0.0 67 7 1 0 56 1]
[3.143694875579569 'Spatial' 0 0.05477845904889139 0.2148131330554119
 3.3606837606837607 67 7 1 1 56 1]
[3.4363842252055385 'Spatial' 0 0.05477845904889139 0.2148131330554119
 1.6854700854700855 67 7 1 2 9 1]
[3.714036496293227 'Spatial' 0 0.05477845904889139 0.2148131330554119
 1.2068376068376068 67 7 1 3 48 1]
[4.0272200409507946 'Spatial' 0 0.05477845904889139 0.2148131330554119
 0.6153846153846153 67 7 1 4 48 1]
[3.8697801572188304 'Spatial' 0 0.05477845904889139 0.2148131330554119
 0.7623931623931623 67 7 1 5 48 1]
[3.97881424670969 'Spatial' 0 0.05477845904889139 0.2148131330554119
 0.4888888888888889 67 7 1 6 56 1]
[4.009744882993257 'Spatial' 0 0.05477845904889139 0.2148131330554119
 0.41025641025641024 67 7 1 7 56 1]
[2.1562088441082476 'Spatial' 0 0.05477845904889139 0.2148131330554119
 1.411965811965812 67 7 1 8 56 1]
[0.035766128423918735 'Spatial' 0 0.05477845904889139 0.2148131330554119
 1.1042735042735041 67 7 1 9 56 1]
[2.14690254056208 'Spatial' 0 0.05477845904889139 0.2148131330554119
 3.770940170940171 67 7 1 10 56 1]
[2.4388674616502852 'Spatial' 0 0.05477845904889139 0.2148131330554119
 4.041025641025641 67 7 1 11 56 1]
[0.0006298016333097749 'Spatial' 0 0.05477845904889139 0.2148131330554119
 0.10256410256410256 67 7 1 12 56 1]
[0.0006298016333097749 'Spatial' 0 0.05477845904889139 0.2148131330554119
 0.10256410256410256 67 7 1 13 56 1]
[0.0006298016333097749 'Spatial' 0 0.05477845904889139 0.2148131330554119
 0.10256410256410256 67 7 1 14 56 1]
[0.0006298016333097749 'Spatial' 0 0.05477845904889139 0.2148131330554119
 0.10256410256410256 67 7 1 15 56 1]
[0.0006298016333097749 'Spatial' 0 0.05477845904889139 0.2148131330554119
 0.10256410256410256 67 7 1 16 56 1]
[0.0006298016333097749 'Spatial' 0 0.05477845904889139 0.2148131330554119
 0.10256410256410256 67 7 1 17 56 1]
[0.0 'Spatial' 0 0.05477845904889139 0.2148131330554119 0.0 67 7 2 0 56 1]
[3.143694875579569 'Spatial' 0 0.05477845904889139 0.2148131330554119
 3.3606837606837607 67 7 2 1 56 1]
[3.4363842252055385 'Spatial' 0 0.05477845904889139 0.2148131330554119
 1.6854700854700855 67 7 2 2 56 1]
[3.714036496293227 'Spatial' 0 0.05477845904889139 0.2148131330554119
 1.2068376068376068 67 7 2 3 56 1]
[4.0272200409507946 'Spatial' 0 0.05477845904889139 0.2148131330554119
 0.6153846153846153 67 7 2 4 60 1]
[3.8697801572188304 'Spatial' 0 0.05477845904889139 0.2148131330554119
 0.7623931623931623 67 7 2 5 62 1]
[3.97881424670969 'Spatial' 0 0.05477845904889139 0.2148131330554119
 0.4888888888888889 67 7 2 6 60 1]
[4.009744882993257 'Spatial' 0 0.05477845904889139 0.2148131330554119
 0.41025641025641024 67 7 2 7 59 1]
[2.1562088441082476 'Spatial' 0 0.05477845904889139 0.2148131330554119
 1.411965811965812 67 7 2 8 61 1]
[0.035766128423918735 'Spatial' 0 0.05477845904889139 0.2148131330554119
 1.1042735042735041 67 7 2 9 61 1]
[2.14690254056208 'Spatial' 0 0.05477845904889139 0.2148131330554119
 3.770940170940171 67 7 2 10 61 1]
[2.4388674616502852 'Spatial' 0 0.05477845904889139 0.2148131330554119
 4.041025641025641 67 7 2 11 61 1]
[0.0006298016333097749 'Spatial' 0 0.05477845904889139 0.2148131330554119
 0.10256410256410256 67 7 2 12 61 1]
[0.0006298016333097749 'Spatial' 0 0.05477845904889139 0.2148131330554119
 0.10256410256410256 67 7 2 13 61 1]
[0.0006298016333097749 'Spatial' 0 0.05477845904889139 0.2148131330554119
 0.10256410256410256 67 7 2 14 61 1]
[0.0006298016333097749 'Spatial' 0 0.05477845904889139 0.2148131330554119
 0.10256410256410256 67 7 2 15 61 1]
[0.0006298016333097749 'Spatial' 0 0.05477845904889139 0.2148131330554119
 0.10256410256410256 67 7 2 16 61 1]
[0.0006298016333097749 'Spatial' 0 0.05477845904889139 0.2148131330554119
 0.10256410256410256 67 7 2 17 61 1]
[0.0 'Spatial' 0 0.05477845904889139 0.2148131330554119 0.0 67 7 3 0 61 1]
[3.143694875579569 'Spatial' 0 0.05477845904889139 0.2148131330554119
 3.3606837606837607 67 7 3 1 61 1]
[3.4363842252055385 'Spatial' 0 0.05477845904889139 0.2148131330554119
 1.6854700854700855 67 7 3 2 61 1]
[3.714036496293227 'Spatial' 0 0.05477845904889139 0.2148131330554119
 1.2068376068376068 67 7 3 3 61 1]
[4.0272200409507946 'Spatial' 0 0.05477845904889139 0.2148131330554119
 0.6153846153846153 67 7 3 4 61 1]
[3.8697801572188304 'Spatial' 0 0.05477845904889139 0.2148131330554119
 0.7623931623931623 67 7 3 5 61 1]
[3.97881424670969 'Spatial' 0 0.05477845904889139 0.2148131330554119
 0.4888888888888889 67 7 3 6 29 1]
[4.009744882993257 'Spatial' 0 0.05477845904889139 0.2148131330554119
 0.41025641025641024 67 7 3 7 25 1]
[2.1562088441082476 'Spatial' 0 0.05477845904889139 0.2148131330554119
 1.411965811965812 67 7 3 8 14 1]
[0.035766128423918735 'Spatial' 0 0.05477845904889139 0.2148131330554119
 1.1042735042735041 67 7 3 9 11 1]
[2.14690254056208 'Spatial' 0 0.05477845904889139 0.2148131330554119
 3.770940170940171 67 7 3 10 57 1]
[2.4388674616502852 'Spatial' 0 0.05477845904889139 0.2148131330554119
 4.041025641025641 67 7 3 11 12 1]
[0.0006298016333097749 'Spatial' 0 0.05477845904889139 0.2148131330554119
 0.10256410256410256 67 7 3 12 10 1]
[0.0006298016333097749 'Spatial' 0 0.05477845904889139 0.2148131330554119
 0.10256410256410256 67 7 3 13 28 1]
[0.0006298016333097749 'Spatial' 0 0.05477845904889139 0.2148131330554119
 0.10256410256410256 67 7 3 14 30 1]
[0.0006298016333097749 'Spatial' 0 0.05477845904889139 0.2148131330554119
 0.10256410256410256 67 7 3 15 61 1]
[0.0006298016333097749 'Spatial' 0 0.05477845904889139 0.2148131330554119
 0.10256410256410256 67 7 3 16 45 1]
[0.0006298016333097749 'Spatial' 0 0.05477845904889139 0.2148131330554119
 0.10256410256410256 67 7 3 17 50 1]
[0.0 'Spatial' 0 0.05477845904889139 0.2148131330554119 0.0 67 7 4 0 13 1]
[3.143694875579569 'Spatial' 0 0.05477845904889139 0.2148131330554119
 3.3606837606837607 67 7 4 1 13 1]
[3.4363842252055385 'Spatial' 0 0.05477845904889139 0.2148131330554119
 1.6854700854700855 67 7 4 2 12 1]
[3.714036496293227 'Spatial' 0 0.05477845904889139 0.2148131330554119
 1.2068376068376068 67 7 4 3 14 1]
[4.0272200409507946 'Spatial' 0 0.05477845904889139 0.2148131330554119
 0.6153846153846153 67 7 4 4 7 1]
[3.8697801572188304 'Spatial' 0 0.05477845904889139 0.2148131330554119
 0.7623931623931623 67 7 4 5 5 1]
[3.97881424670969 'Spatial' 0 0.05477845904889139 0.2148131330554119
 0.4888888888888889 67 7 4 6 5 1]
[4.009744882993257 'Spatial' 0 0.05477845904889139 0.2148131330554119
 0.41025641025641024 67 7 4 7 5 1]
[2.1562088441082476 'Spatial' 0 0.05477845904889139 0.2148131330554119
 1.411965811965812 67 7 4 8 2 1]
[0.035766128423918735 'Spatial' 0 0.05477845904889139 0.2148131330554119
 1.1042735042735041 67 7 4 9 61 1]
[2.14690254056208 'Spatial' 0 0.05477845904889139 0.2148131330554119
 3.770940170940171 67 7 4 10 57 1]
[2.4388674616502852 'Spatial' 0 0.05477845904889139 0.2148131330554119
 4.041025641025641 67 7 4 11 25 1]
[0.0006298016333097749 'Spatial' 0 0.05477845904889139 0.2148131330554119
 0.10256410256410256 67 7 4 12 22 1]
[0.0006298016333097749 'Spatial' 0 0.05477845904889139 0.2148131330554119
 0.10256410256410256 67 7 4 13 22 1]
[0.0006298016333097749 'Spatial' 0 0.05477845904889139 0.2148131330554119
 0.10256410256410256 67 7 4 14 14 1]
[0.0006298016333097749 'Spatial' 0 0.05477845904889139 0.2148131330554119
 0.10256410256410256 67 7 4 15 22 1]
[0.0006298016333097749 'Spatial' 0 0.05477845904889139 0.2148131330554119
 0.10256410256410256 67 7 4 16 22 1]
[0.0006298016333097749 'Spatial' 0 0.05477845904889139 0.2148131330554119
 0.10256410256410256 67 7 4 17 22 1]
[0.0 'Spatial' 0 0.05477845904889139 0.2148131330554119 0.0 67 7 5 0 22 1]
[3.143694875579569 'Spatial' 0 0.05477845904889139 0.2148131330554119
 3.3606837606837607 67 7 5 1 22 1]
[3.4363842252055385 'Spatial' 0 0.05477845904889139 0.2148131330554119
 1.6854700854700855 67 7 5 2 22 1]
[3.714036496293227 'Spatial' 0 0.05477845904889139 0.2148131330554119
 1.2068376068376068 67 7 5 3 22 1]
[4.0272200409507946 'Spatial' 0 0.05477845904889139 0.2148131330554119
 0.6153846153846153 67 7 5 4 22 1]
[3.8697801572188304 'Spatial' 0 0.05477845904889139 0.2148131330554119
 0.7623931623931623 67 7 5 5 22 1]
[3.97881424670969 'Spatial' 0 0.05477845904889139 0.2148131330554119
 0.4888888888888889 67 7 5 6 22 1]
[4.009744882993257 'Spatial' 0 0.05477845904889139 0.2148131330554119
 0.41025641025641024 67 7 5 7 22 1]
[2.1562088441082476 'Spatial' 0 0.05477845904889139 0.2148131330554119
 1.411965811965812 67 7 5 8 22 1]
[0.035766128423918735 'Spatial' 0 0.05477845904889139 0.2148131330554119
 1.1042735042735041 67 7 5 9 22 1]
[2.14690254056208 'Spatial' 0 0.05477845904889139 0.2148131330554119
 3.770940170940171 67 7 5 10 53 1]
[2.4388674616502852 'Spatial' 0 0.05477845904889139 0.2148131330554119
 4.041025641025641 67 7 5 11 14 1]
[0.0006298016333097749 'Spatial' 0 0.05477845904889139 0.2148131330554119
 0.10256410256410256 67 7 5 12 49 1]
[0.0006298016333097749 'Spatial' 0 0.05477845904889139 0.2148131330554119
 0.10256410256410256 67 7 5 13 9 1]
[0.0006298016333097749 'Spatial' 0 0.05477845904889139 0.2148131330554119
 0.10256410256410256 67 7 5 14 10 1]
[0.0006298016333097749 'Spatial' 0 0.05477845904889139 0.2148131330554119
 0.10256410256410256 67 7 5 15 17 1]
[0.0006298016333097749 'Spatial' 0 0.05477845904889139 0.2148131330554119
 0.10256410256410256 67 7 5 16 18 1]
[0.0006298016333097749 'Spatial' 0 0.05477845904889139 0.2148131330554119
 0.10256410256410256 67 7 5 17 0 1]
[0.0 'Spatial' 0 0.05477845904889139 0.2148131330554119 0.0 67 7 6 0 0 1]
[3.143694875579569 'Spatial' 0 0.05477845904889139 0.2148131330554119
 3.3606837606837607 67 7 6 1 0 1]
[3.4363842252055385 'Spatial' 0 0.05477845904889139 0.2148131330554119
 1.6854700854700855 67 7 6 2 0 1]
[3.714036496293227 'Spatial' 0 0.05477845904889139 0.2148131330554119
 1.2068376068376068 67 7 6 3 0 1]
[4.0272200409507946 'Spatial' 0 0.05477845904889139 0.2148131330554119
 0.6153846153846153 67 7 6 4 0 1]
[3.8697801572188304 'Spatial' 0 0.05477845904889139 0.2148131330554119
 0.7623931623931623 67 7 6 5 0 1]
[3.97881424670969 'Spatial' 0 0.05477845904889139 0.2148131330554119
 0.4888888888888889 67 7 6 6 0 1]
[4.009744882993257 'Spatial' 0 0.05477845904889139 0.2148131330554119
 0.41025641025641024 67 7 6 7 0 1]
[2.1562088441082476 'Spatial' 0 0.05477845904889139 0.2148131330554119
 1.411965811965812 67 7 6 8 0 1]
[0.035766128423918735 'Spatial' 0 0.05477845904889139 0.2148131330554119
 1.1042735042735041 67 7 6 9 0 1]
[2.14690254056208 'Spatial' 0 0.05477845904889139 0.2148131330554119
 3.770940170940171 67 7 6 10 0 1]
[2.4388674616502852 'Spatial' 0 0.05477845904889139 0.2148131330554119
 4.041025641025641 67 7 6 11 0 1]
[0.0006298016333097749 'Spatial' 0 0.05477845904889139 0.2148131330554119
 0.10256410256410256 67 7 6 12 11 1]
[0.0006298016333097749 'Spatial' 0 0.05477845904889139 0.2148131330554119
 0.10256410256410256 67 7 6 13 49 1]
[0.0006298016333097749 'Spatial' 0 0.05477845904889139 0.2148131330554119
 0.10256410256410256 67 7 6 14 44 1]
[0.0006298016333097749 'Spatial' 0 0.05477845904889139 0.2148131330554119
 0.10256410256410256 67 7 6 15 46 1]
[0.0006298016333097749 'Spatial' 0 0.05477845904889139 0.2148131330554119
 0.10256410256410256 67 7 6 16 17 1]
[0.0006298016333097749 'Spatial' 0 0.05477845904889139 0.2148131330554119
 0.10256410256410256 67 7 6 17 30 1]
[0.0 'Spatial' 0 0.05477845904889139 0.2148131330554119 0.0 67 7 8 0 54 1]
[3.143694875579569 'Spatial' 0 0.05477845904889139 0.2148131330554119
 3.3606837606837607 67 7 8 1 59 1]
[3.4363842252055385 'Spatial' 0 0.05477845904889139 0.2148131330554119
 1.6854700854700855 67 7 8 2 58 1]
[3.714036496293227 'Spatial' 0 0.05477845904889139 0.2148131330554119
 1.2068376068376068 67 7 8 3 58 1]
[4.0272200409507946 'Spatial' 0 0.05477845904889139 0.2148131330554119
 0.6153846153846153 67 7 8 4 58 1]
[3.8697801572188304 'Spatial' 0 0.05477845904889139 0.2148131330554119
 0.7623931623931623 67 7 8 5 58 1]
[3.97881424670969 'Spatial' 0 0.05477845904889139 0.2148131330554119
 0.4888888888888889 67 7 8 6 58 1]
[4.009744882993257 'Spatial' 0 0.05477845904889139 0.2148131330554119
 0.41025641025641024 67 7 8 7 58 1]
[2.1562088441082476 'Spatial' 0 0.05477845904889139 0.2148131330554119
 1.411965811965812 67 7 8 8 58 1]
[0.035766128423918735 'Spatial' 0 0.05477845904889139 0.2148131330554119
 1.1042735042735041 67 7 8 9 58 1]
[2.14690254056208 'Spatial' 0 0.05477845904889139 0.2148131330554119
 3.770940170940171 67 7 8 10 58 1]
[2.4388674616502852 'Spatial' 0 0.05477845904889139 0.2148131330554119
 4.041025641025641 67 7 8 11 58 1]
[0.0006298016333097749 'Spatial' 0 0.05477845904889139 0.2148131330554119
 0.10256410256410256 67 7 8 12 58 1]
[0.0006298016333097749 'Spatial' 0 0.05477845904889139 0.2148131330554119
 0.10256410256410256 67 7 8 13 58 1]
[0.0006298016333097749 'Spatial' 0 0.05477845904889139 0.2148131330554119
 0.10256410256410256 67 7 8 14 21 1]
[0.0006298016333097749 'Spatial' 0 0.05477845904889139 0.2148131330554119
 0.10256410256410256 67 7 8 15 35 1]
[0.0006298016333097749 'Spatial' 0 0.05477845904889139 0.2148131330554119
 0.10256410256410256 67 7 8 16 53 1]
[0.0006298016333097749 'Spatial' 0 0.05477845904889139 0.2148131330554119
 0.10256410256410256 67 7 8 17 58 1]
