[0.0 'Conceptual' 1 2.085265702183252 82.83376246061412 0.0 98 2 0 0 30 0]
[4.143134885121679 'Conceptual' 1 2.085265702183252 82.83376246061412
 0.10256410256410256 98 2 0 1 62 0]
[3.754197797195288 'Conceptual' 1 2.085265702183252 82.83376246061412
 3.3846153846153846 98 2 0 2 63 0]
[3.7446920799065024 'Conceptual' 1 2.085265702183252 82.83376246061412
 1.3333333333333335 98 2 0 3 63 0]
[3.8296691602321564 'Conceptual' 1 2.085265702183252 82.83376246061412
 0.8205128205128205 98 2 0 4 62 0]
[3.9606510860679958 'Conceptual' 1 2.085265702183252 82.83376246061412
 0.5914529914529914 98 2 0 5 63 0]
[2.9874407438824724 'Conceptual' 1 2.085265702183252 82.83376246061412
 3.076923076923077 98 2 0 6 63 0]
[3.633415846406394 'Conceptual' 1 2.085265702183252 82.83376246061412
 0.7965811965811965 98 2 0 7 63 0]
[3.70416532886512 'Conceptual' 1 2.085265702183252 82.83376246061412
 3.052991452991453 98 2 0 8 63 0]
[3.342235115602548 'Conceptual' 1 2.085265702183252 82.83376246061412
 0.8991452991452991 98 2 0 9 63 0]
[2.7948784024118067 'Conceptual' 1 2.085265702183252 82.83376246061412
 1.8222222222222222 98 2 0 10 63 0]
[3.311553933971583 'Conceptual' 1 2.085265702183252 82.83376246061412
 2.051282051282051 98 2 0 11 63 0]
[2.1634847885282307 'Conceptual' 1 2.085265702183252 82.83376246061412
 1.411965811965812 98 2 0 12 63 0]
[3.0635999270902854 'Conceptual' 1 2.085265702183252 82.83376246061412
 1.7196581196581195 98 2 0 13 63 0]
[2.411398569846666 'Conceptual' 1 2.085265702183252 82.83376246061412
 1.3094017094017094 98 2 0 14 63 0]
[1.5008513701677186 'Conceptual' 1 2.085265702183252 82.83376246061412
 1.0017094017094017 98 2 0 15 63 0]
[3.858359686971916 'Conceptual' 1 2.085265702183252 82.83376246061412
 0.4888888888888889 98 2 0 16 63 0]
[3.186240065170971 'Conceptual' 1 2.085265702183252 82.83376246061412
 1.5145299145299145 98 2 0 17 63 0]
[2.6686732748604367 'Conceptual' 1 2.085265702183252 82.83376246061412
 1.2068376068376068 98 2 0 18 63 0]
[3.3848292146583714 'Conceptual' 1 2.085265702183252 82.83376246061412
 1.641025641025641 98 2 0 19 63 0]
[0.0 'Conceptual' 1 2.085265702183252 82.83376246061412 0.0 98 2 1 0 62 0]
[4.143134885121679 'Conceptual' 1 2.085265702183252 82.83376246061412
 0.10256410256410256 98 2 1 1 63 0]
[3.754197797195288 'Conceptual' 1 2.085265702183252 82.83376246061412
 3.3846153846153846 98 2 1 2 59 0]
[3.7446920799065024 'Conceptual' 1 2.085265702183252 82.83376246061412
 1.3333333333333335 98 2 1 3 56 0]
[3.8296691602321564 'Conceptual' 1 2.085265702183252 82.83376246061412
 0.8205128205128205 98 2 1 4 58 0]
[3.9606510860679958 'Conceptual' 1 2.085265702183252 82.83376246061412
 0.5914529914529914 98 2 1 5 57 0]
[2.9874407438824724 'Conceptual' 1 2.085265702183252 82.83376246061412
 3.076923076923077 98 2 1 6 56 0]
[3.633415846406394 'Conceptual' 1 2.085265702183252 82.83376246061412
 0.7965811965811965 98 2 1 7 58 0]
[3.70416532886512 'Conceptual' 1 2.085265702183252 82.83376246061412
 3.052991452991453 98 2 1 8 59 0]
[3.342235115602548 'Conceptual' 1 2.085265702183252 82.83376246061412
 0.8991452991452991 98 2 1 9 58 0]
[2.7948784024118067 'Conceptual' 1 2.085265702183252 82.83376246061412
 1.8222222222222222 98 2 1 10 60 0]
[3.311553933971583 'Conceptual' 1 2.085265702183252 82.83376246061412
 2.051282051282051 98 2 1 11 61 0]
[2.1634847885282307 'Conceptual' 1 2.085265702183252 82.83376246061412
 1.411965811965812 98 2 1 12 62 0]
[3.0635999270902854 'Conceptual' 1 2.085265702183252 82.83376246061412
 1.7196581196581195 98 2 1 13 61 0]
[2.411398569846666 'Conceptual' 1 2.085265702183252 82.83376246061412
 1.3094017094017094 98 2 1 14 59 0]
[1.5008513701677186 'Conceptual' 1 2.085265702183252 82.83376246061412
 1.0017094017094017 98 2 1 15 60 0]
[3.858359686971916 'Conceptual' 1 2.085265702183252 82.83376246061412
 0.4888888888888889 98 2 1 16 59 0]
[3.186240065170971 'Conceptual' 1 2.085265702183252 82.83376246061412
 1.5145299145299145 98 2 1 17 59 0]
[2.6686732748604367 'Conceptual' 1 2.085265702183252 82.83376246061412
 1.2068376068376068 98 2 1 18 61 0]
[3.3848292146583714 'Conceptual' 1 2.085265702183252 82.83376246061412
 1.641025641025641 98 2 1 19 58 0]
[0.0 'Conceptual' 1 2.085265702183252 82.83376246061412 0.0 98 2 3 0 59 0]
[4.143134885121679 'Conceptual' 1 2.085265702183252 82.83376246061412
 0.10256410256410256 98 2 3 1 0 0]
[3.754197797195288 'Conceptual' 1 2.085265702183252 82.83376246061412
 3.3846153846153846 98 2 3 2 6 0]
[3.7446920799065024 'Conceptual' 1 2.085265702183252 82.83376246061412
 1.3333333333333335 98 2 3 3 62 0]
[3.8296691602321564 'Conceptual' 1 2.085265702183252 82.83376246061412
 0.8205128205128205 98 2 3 4 63 0]
[3.9606510860679958 'Conceptual' 1 2.085265702183252 82.83376246061412
 0.5914529914529914 98 2 3 5 63 0]
[2.9874407438824724 'Conceptual' 1 2.085265702183252 82.83376246061412
 3.076923076923077 98 2 3 6 62 0]
[3.633415846406394 'Conceptual' 1 2.085265702183252 82.83376246061412
 0.7965811965811965 98 2 3 7 61 0]
[3.70416532886512 'Conceptual' 1 2.085265702183252 82.83376246061412
 3.052991452991453 98 2 3 8 62 0]
[3.342235115602548 'Conceptual' 1 2.085265702183252 82.83376246061412
 0.8991452991452991 98 2 3 9 53 0]
[2.7948784024118067 'Conceptual' 1 2.085265702183252 82.83376246061412
 1.8222222222222222 98 2 3 10 61 0]
[3.311553933971583 'Conceptual' 1 2.085265702183252 82.83376246061412
 2.051282051282051 98 2 3 11 61 0]
[2.1634847885282307 'Conceptual' 1 2.085265702183252 82.83376246061412
 1.411965811965812 98 2 3 12 61 0]
[3.0635999270902854 'Conceptual' 1 2.085265702183252 82.83376246061412
 1.7196581196581195 98 2 3 13 53 0]
[2.411398569846666 'Conceptual' 1 2.085265702183252 82.83376246061412
 1.3094017094017094 98 2 3 14 54 0]
[1.5008513701677186 'Conceptual' 1 2.085265702183252 82.83376246061412
 1.0017094017094017 98 2 3 15 53 0]
[3.858359686971916 'Conceptual' 1 2.085265702183252 82.83376246061412
 0.4888888888888889 98 2 3 16 53 0]
[3.186240065170971 'Conceptual' 1 2.085265702183252 82.83376246061412
 1.5145299145299145 98 2 3 17 53 0]
[2.6686732748604367 'Conceptual' 1 2.085265702183252 82.83376246061412
 1.2068376068376068 98 2 3 18 53 0]
[3.3848292146583714 'Conceptual' 1 2.085265702183252 82.83376246061412
 1.641025641025641 98 2 3 19 53 0]
[0.0 'Conceptual' 1 2.085265702183252 82.83376246061412 0.0 98 2 4 0 9 0]
[4.143134885121679 'Conceptual' 1 2.085265702183252 82.83376246061412
 0.10256410256410256 98 2 4 1 1 0]
[3.754197797195288 'Conceptual' 1 2.085265702183252 82.83376246061412
 3.3846153846153846 98 2 4 2 16 0]
[3.7446920799065024 'Conceptual' 1 2.085265702183252 82.83376246061412
 1.3333333333333335 98 2 4 3 2 0]
[3.8296691602321564 'Conceptual' 1 2.085265702183252 82.83376246061412
 0.8205128205128205 98 2 4 4 3 0]
[3.9606510860679958 'Conceptual' 1 2.085265702183252 82.83376246061412
 0.5914529914529914 98 2 4 5 1 0]
[2.9874407438824724 'Conceptual' 1 2.085265702183252 82.83376246061412
 3.076923076923077 98 2 4 6 1 0]
[3.633415846406394 'Conceptual' 1 2.085265702183252 82.83376246061412
 0.7965811965811965 98 2 4 7 1 0]
[3.70416532886512 'Conceptual' 1 2.085265702183252 82.83376246061412
 3.052991452991453 98 2 4 8 9 0]
[3.342235115602548 'Conceptual' 1 2.085265702183252 82.83376246061412
 0.8991452991452991 98 2 4 9 1 0]
[2.7948784024118067 'Conceptual' 1 2.085265702183252 82.83376246061412
 1.8222222222222222 98 2 4 10 9 0]
[3.311553933971583 'Conceptual' 1 2.085265702183252 82.83376246061412
 2.051282051282051 98 2 4 11 17 0]
[2.1634847885282307 'Conceptual' 1 2.085265702183252 82.83376246061412
 1.411965811965812 98 2 4 12 1 0]
[3.0635999270902854 'Conceptual' 1 2.085265702183252 82.83376246061412
 1.7196581196581195 98 2 4 13 9 0]
[2.411398569846666 'Conceptual' 1 2.085265702183252 82.83376246061412
 1.3094017094017094 98 2 4 14 1 0]
[1.5008513701677186 'Conceptual' 1 2.085265702183252 82.83376246061412
 1.0017094017094017 98 2 4 15 54 0]
[3.858359686971916 'Conceptual' 1 2.085265702183252 82.83376246061412
 0.4888888888888889 98 2 4 16 10 0]
[3.186240065170971 'Conceptual' 1 2.085265702183252 82.83376246061412
 1.5145299145299145 98 2 4 17 10 0]
[2.6686732748604367 'Conceptual' 1 2.085265702183252 82.83376246061412
 1.2068376068376068 98 2 4 18 14 0]
[3.3848292146583714 'Conceptual' 1 2.085265702183252 82.83376246061412
 1.641025641025641 98 2 4 19 54 0]
[0.0 'Conceptual' 1 2.085265702183252 82.83376246061412 0.0 98 2 5 0 9 0]
[4.143134885121679 'Conceptual' 1 2.085265702183252 82.83376246061412
 0.10256410256410256 98 2 5 1 9 0]
[3.754197797195288 'Conceptual' 1 2.085265702183252 82.83376246061412
 3.3846153846153846 98 2 5 2 10 0]
[3.7446920799065024 'Conceptual' 1 2.085265702183252 82.83376246061412
 1.3333333333333335 98 2 5 3 10 0]
[3.8296691602321564 'Conceptual' 1 2.085265702183252 82.83376246061412
 0.8205128205128205 98 2 5 4 10 0]
[3.9606510860679958 'Conceptual' 1 2.085265702183252 82.83376246061412
 0.5914529914529914 98 2 5 5 18 0]
[2.9874407438824724 'Conceptual' 1 2.085265702183252 82.83376246061412
 3.076923076923077 98 2 5 6 10 0]
[3.633415846406394 'Conceptual' 1 2.085265702183252 82.83376246061412
 0.7965811965811965 98 2 5 7 0 0]
[3.70416532886512 'Conceptual' 1 2.085265702183252 82.83376246061412
 3.052991452991453 98 2 5 8 1 0]
[3.342235115602548 'Conceptual' 1 2.085265702183252 82.83376246061412
 0.8991452991452991 98 2 5 9 9 0]
[2.7948784024118067 'Conceptual' 1 2.085265702183252 82.83376246061412
 1.8222222222222222 98 2 5 10 10 0]
[3.311553933971583 'Conceptual' 1 2.085265702183252 82.83376246061412
 2.051282051282051 98 2 5 11 9 0]
[2.1634847885282307 'Conceptual' 1 2.085265702183252 82.83376246061412
 1.411965811965812 98 2 5 12 9 0]
[3.0635999270902854 'Conceptual' 1 2.085265702183252 82.83376246061412
 1.7196581196581195 98 2 5 13 1 0]
[2.411398569846666 'Conceptual' 1 2.085265702183252 82.83376246061412
 1.3094017094017094 98 2 5 14 10 0]
[1.5008513701677186 'Conceptual' 1 2.085265702183252 82.83376246061412
 1.0017094017094017 98 2 5 15 10 0]
[3.858359686971916 'Conceptual' 1 2.085265702183252 82.83376246061412
 0.4888888888888889 98 2 5 16 10 0]
[3.186240065170971 'Conceptual' 1 2.085265702183252 82.83376246061412
 1.5145299145299145 98 2 5 17 9 0]
[2.6686732748604367 'Conceptual' 1 2.085265702183252 82.83376246061412
 1.2068376068376068 98 2 5 18 9 0]
[3.3848292146583714 'Conceptual' 1 2.085265702183252 82.83376246061412
 1.641025641025641 98 2 5 19 10 0]
[0.0 'Conceptual' 1 2.085265702183252 82.83376246061412 0.0 98 2 6 0 19 0]
[4.143134885121679 'Conceptual' 1 2.085265702183252 82.83376246061412
 0.10256410256410256 98 2 6 1 50 0]
[3.754197797195288 'Conceptual' 1 2.085265702183252 82.83376246061412
 3.3846153846153846 98 2 6 2 1 0]
[3.7446920799065024 'Conceptual' 1 2.085265702183252 82.83376246061412
 1.3333333333333335 98 2 6 3 14 0]
[3.8296691602321564 'Conceptual' 1 2.085265702183252 82.83376246061412
 0.8205128205128205 98 2 6 4 6 0]
[3.9606510860679958 'Conceptual' 1 2.085265702183252 82.83376246061412
 0.5914529914529914 98 2 6 5 6 0]
[2.9874407438824724 'Conceptual' 1 2.085265702183252 82.83376246061412
 3.076923076923077 98 2 6 6 13 0]
[3.633415846406394 'Conceptual' 1 2.085265702183252 82.83376246061412
 0.7965811965811965 98 2 6 7 14 0]
[3.70416532886512 'Conceptual' 1 2.085265702183252 82.83376246061412
 3.052991452991453 98 2 6 8 14 0]
[3.342235115602548 'Conceptual' 1 2.085265702183252 82.83376246061412
 0.8991452991452991 98 2 6 9 14 0]
[2.7948784024118067 'Conceptual' 1 2.085265702183252 82.83376246061412
 1.8222222222222222 98 2 6 10 14 0]
[3.311553933971583 'Conceptual' 1 2.085265702183252 82.83376246061412
 2.051282051282051 98 2 6 11 14 0]
[2.1634847885282307 'Conceptual' 1 2.085265702183252 82.83376246061412
 1.411965811965812 98 2 6 12 14 0]
[3.0635999270902854 'Conceptual' 1 2.085265702183252 82.83376246061412
 1.7196581196581195 98 2 6 13 14 0]
[2.411398569846666 'Conceptual' 1 2.085265702183252 82.83376246061412
 1.3094017094017094 98 2 6 14 14 0]
[1.5008513701677186 'Conceptual' 1 2.085265702183252 82.83376246061412
 1.0017094017094017 98 2 6 15 22 0]
[3.858359686971916 'Conceptual' 1 2.085265702183252 82.83376246061412
 0.4888888888888889 98 2 6 16 14 0]
[3.186240065170971 'Conceptual' 1 2.085265702183252 82.83376246061412
 1.5145299145299145 98 2 6 17 14 0]
[2.6686732748604367 'Conceptual' 1 2.085265702183252 82.83376246061412
 1.2068376068376068 98 2 6 18 14 0]
[3.3848292146583714 'Conceptual' 1 2.085265702183252 82.83376246061412
 1.641025641025641 98 2 6 19 13 0]
[0.0 'Conceptual' 1 2.085265702183252 82.83376246061412 0.0 98 2 7 0 14 0]
[4.143134885121679 'Conceptual' 1 2.085265702183252 82.83376246061412
 0.10256410256410256 98 2 7 1 14 0]
[3.754197797195288 'Conceptual' 1 2.085265702183252 82.83376246061412
 3.3846153846153846 98 2 7 2 22 0]
[3.7446920799065024 'Conceptual' 1 2.085265702183252 82.83376246061412
 1.3333333333333335 98 2 7 3 18 0]
[3.8296691602321564 'Conceptual' 1 2.085265702183252 82.83376246061412
 0.8205128205128205 98 2 7 4 49 0]
[3.9606510860679958 'Conceptual' 1 2.085265702183252 82.83376246061412
 0.5914529914529914 98 2 7 5 49 0]
[2.9874407438824724 'Conceptual' 1 2.085265702183252 82.83376246061412
 3.076923076923077 98 2 7 6 50 0]
[3.633415846406394 'Conceptual' 1 2.085265702183252 82.83376246061412
 0.7965811965811965 98 2 7 7 54 0]
[3.70416532886512 'Conceptual' 1 2.085265702183252 82.83376246061412
 3.052991452991453 98 2 7 8 49 0]
[3.342235115602548 'Conceptual' 1 2.085265702183252 82.83376246061412
 0.8991452991452991 98 2 7 9 57 0]
[2.7948784024118067 'Conceptual' 1 2.085265702183252 82.83376246061412
 1.8222222222222222 98 2 7 10 58 0]
[3.311553933971583 'Conceptual' 1 2.085265702183252 82.83376246061412
 2.051282051282051 98 2 7 11 58 0]
[2.1634847885282307 'Conceptual' 1 2.085265702183252 82.83376246061412
 1.411965811965812 98 2 7 12 58 0]
[3.0635999270902854 'Conceptual' 1 2.085265702183252 82.83376246061412
 1.7196581196581195 98 2 7 13 58 0]
[2.411398569846666 'Conceptual' 1 2.085265702183252 82.83376246061412
 1.3094017094017094 98 2 7 14 58 0]
[1.5008513701677186 'Conceptual' 1 2.085265702183252 82.83376246061412
 1.0017094017094017 98 2 7 15 58 0]
[3.858359686971916 'Conceptual' 1 2.085265702183252 82.83376246061412
 0.4888888888888889 98 2 7 16 58 0]
[3.186240065170971 'Conceptual' 1 2.085265702183252 82.83376246061412
 1.5145299145299145 98 2 7 17 58 0]
[2.6686732748604367 'Conceptual' 1 2.085265702183252 82.83376246061412
 1.2068376068376068 98 2 7 18 58 0]
[3.3848292146583714 'Conceptual' 1 2.085265702183252 82.83376246061412
 1.641025641025641 98 2 7 19 57 0]
[0.0 'Conceptual' 1 2.085265702183252 82.83376246061412 0.0 98 2 8 0 57 0]
[4.143134885121679 'Conceptual' 1 2.085265702183252 82.83376246061412
 0.10256410256410256 98 2 8 1 1 0]
[3.754197797195288 'Conceptual' 1 2.085265702183252 82.83376246061412
 3.3846153846153846 98 2 8 2 61 0]
[3.7446920799065024 'Conceptual' 1 2.085265702183252 82.83376246061412
 1.3333333333333335 98 2 8 3 61 0]
[3.8296691602321564 'Conceptual' 1 2.085265702183252 82.83376246061412
 0.8205128205128205 98 2 8 4 63 0]
[3.9606510860679958 'Conceptual' 1 2.085265702183252 82.83376246061412
 0.5914529914529914 98 2 8 5 61 0]
[2.9874407438824724 'Conceptual' 1 2.085265702183252 82.83376246061412
 3.076923076923077 98 2 8 6 61 0]
[3.633415846406394 'Conceptual' 1 2.085265702183252 82.83376246061412
 0.7965811965811965 98 2 8 7 53 0]
[3.70416532886512 'Conceptual' 1 2.085265702183252 82.83376246061412
 3.052991452991453 98 2 8 8 61 0]
[3.342235115602548 'Conceptual' 1 2.085265702183252 82.83376246061412
 0.8991452991452991 98 2 8 9 61 0]
[2.7948784024118067 'Conceptual' 1 2.085265702183252 82.83376246061412
 1.8222222222222222 98 2 8 10 61 0]
[3.311553933971583 'Conceptual' 1 2.085265702183252 82.83376246061412
 2.051282051282051 98 2 8 11 61 0]
[2.1634847885282307 'Conceptual' 1 2.085265702183252 82.83376246061412
 1.411965811965812 98 2 8 12 61 0]
[3.0635999270902854 'Conceptual' 1 2.085265702183252 82.83376246061412
 1.7196581196581195 98 2 8 13 61 0]
[2.411398569846666 'Conceptual' 1 2.085265702183252 82.83376246061412
 1.3094017094017094 98 2 8 14 61 0]
[1.5008513701677186 'Conceptual' 1 2.085265702183252 82.83376246061412
 1.0017094017094017 98 2 8 15 53 0]
[3.858359686971916 'Conceptual' 1 2.085265702183252 82.83376246061412
 0.4888888888888889 98 2 8 16 53 0]
[3.186240065170971 'Conceptual' 1 2.085265702183252 82.83376246061412
 1.5145299145299145 98 2 8 17 53 0]
[2.6686732748604367 'Conceptual' 1 2.085265702183252 82.83376246061412
 1.2068376068376068 98 2 8 18 53 0]
[3.3848292146583714 'Conceptual' 1 2.085265702183252 82.83376246061412
 1.641025641025641 98 2 8 19 53 0]
