[0.0 'Spatial' 1.2928016522453087 0.2059907090199387 0.0 54 4 0 0 0.0]
[4.1588830833596715 'Spatial' 1.2928016522453087 0.2059907090199387
 9.491525423728813 54 4 0 1 4.1588830833596715]
[8.244934344851217 'Spatial' 1.2928016522453087 0.2059907090199387
 4.406779661016948 54 4 0 2 8.244934344851217]
[12.384599378136238 'Spatial' 1.2928016522453087 0.2059907090199387
 4.016949152542373 54 4 0 3 12.384599378136238]
[15.993261250322893 'Spatial' 1.2928016522453087 0.2059907090199387
 1.3389830508474576 54 4 0 4 15.993261250322893]
[19.31306235311997 'Spatial' 1.2928016522453087 0.2059907090199387
 2.016949152542373 54 4 0 5 19.31306235311997]
[22.749379626863874 'Spatial' 1.2928016522453087 0.2059907090199387
 1.9152542372881354 54 4 0 6 22.749379626863874]
[25.88343280153862 'Spatial' 1.2928016522453087 0.2059907090199387
 1.7796610169491525 54 4 0 7 25.88343280153862]
[28.194862189714904 'Spatial' 1.2928016522453087 0.2059907090199387
 1.6101694915254237 54 4 0 8 28.194862189714904]
[30.03096924488288 'Spatial' 1.2928016522453087 0.2059907090199387
 1.5084745762711864 54 4 0 9 30.03096924488288]
[32.006850544310616 'Spatial' 1.2928016522453087 0.2059907090199387
 1.3559322033898304 54 4 0 10 32.006850544310616]
[33.53269552336914 'Spatial' 1.2928016522453087 0.2059907090199387
 1.2372881355932202 54 4 0 11 33.53269552336914]
[38.482503496563524 'Spatial' 1.2928016522453087 0.2059907090199387
 1.1694915254237288 54 4 0 12 38.482503496563524]
[39.671259661032266 'Spatial' 1.2928016522453087 0.2059907090199387
 1.1016949152542372 54 4 0 13 39.671259661032266]
[40.924943377268626 'Spatial' 1.2928016522453087 0.2059907090199387
 1.0169491525423728 54 4 0 14 40.924943377268626]
[41.96732257665301 'Spatial' 1.2928016522453087 0.2059907090199387
 0.9999999999999999 54 4 0 15 41.96732257665301]
[42.896760080995975 'Spatial' 1.2928016522453087 0.2059907090199387
 0.8983050847457626 54 4 0 16 42.896760080995975]
[44.27629020607977 'Spatial' 1.2928016522453087 0.2059907090199387
 0.8983050847457626 54 4 0 17 44.27629020607977]
[45.391356771046205 'Spatial' 1.2928016522453087 0.2059907090199387
 0.8305084745762711 54 4 0 18 45.391356771046205]
[46.86276894341528 'Spatial' 1.2928016522453087 0.2059907090199387
 0.7627118644067796 54 4 0 19 46.86276894341528]
[0.0 'Spatial' 1.2928016522453087 0.2059907090199387 0.0 54 4 1 0 0.0]
[4.1588830833596715 'Spatial' 1.2928016522453087 0.2059907090199387
 9.491525423728813 54 4 1 1 4.1588830833596715]
[8.244934344851217 'Spatial' 1.2928016522453087 0.2059907090199387
 4.406779661016948 54 4 1 2 8.244934344851217]
[12.384599378136238 'Spatial' 1.2928016522453087 0.2059907090199387
 4.016949152542373 54 4 1 3 12.384599378136238]
[15.993261250322893 'Spatial' 1.2928016522453087 0.2059907090199387
 1.3389830508474576 54 4 1 4 15.993261250322893]
[19.31306235311997 'Spatial' 1.2928016522453087 0.2059907090199387
 2.016949152542373 54 4 1 5 19.31306235311997]
[22.749379626863874 'Spatial' 1.2928016522453087 0.2059907090199387
 1.9152542372881354 54 4 1 6 22.749379626863874]
[25.88343280153862 'Spatial' 1.2928016522453087 0.2059907090199387
 1.7796610169491525 54 4 1 7 25.88343280153862]
[28.194862189714904 'Spatial' 1.2928016522453087 0.2059907090199387
 1.6101694915254237 54 4 1 8 28.194862189714904]
[30.03096924488288 'Spatial' 1.2928016522453087 0.2059907090199387
 1.5084745762711864 54 4 1 9 30.03096924488288]
[32.006850544310616 'Spatial' 1.2928016522453087 0.2059907090199387
 1.3559322033898304 54 4 1 10 32.006850544310616]
[33.53269552336914 'Spatial' 1.2928016522453087 0.2059907090199387
 1.2372881355932202 54 4 1 11 33.53269552336914]
[38.482503496563524 'Spatial' 1.2928016522453087 0.2059907090199387
 1.1694915254237288 54 4 1 12 38.482503496563524]
[39.671259661032266 'Spatial' 1.2928016522453087 0.2059907090199387
 1.1016949152542372 54 4 1 13 39.671259661032266]
[40.924943377268626 'Spatial' 1.2928016522453087 0.2059907090199387
 1.0169491525423728 54 4 1 14 40.924943377268626]
[41.96732257665301 'Spatial' 1.2928016522453087 0.2059907090199387
 0.9999999999999999 54 4 1 15 41.96732257665301]
[42.896760080995975 'Spatial' 1.2928016522453087 0.2059907090199387
 0.8983050847457626 54 4 1 16 42.896760080995975]
[44.27629020607977 'Spatial' 1.2928016522453087 0.2059907090199387
 0.8983050847457626 54 4 1 17 44.27629020607977]
[45.391356771046205 'Spatial' 1.2928016522453087 0.2059907090199387
 0.8305084745762711 54 4 1 18 45.391356771046205]
[46.86276894341528 'Spatial' 1.2928016522453087 0.2059907090199387
 0.7627118644067796 54 4 1 19 46.86276894341528]
[0.0 'Spatial' 1.2928016522453087 0.2059907090199387 0.0 54 4 2 0 0.0]
[4.1588830833596715 'Spatial' 1.2928016522453087 0.2059907090199387
 9.491525423728813 54 4 2 1 4.1588830833596715]
[8.244934344851217 'Spatial' 1.2928016522453087 0.2059907090199387
 4.406779661016948 54 4 2 2 8.244934344851217]
[12.384599378136238 'Spatial' 1.2928016522453087 0.2059907090199387
 4.016949152542373 54 4 2 3 12.384599378136238]
[15.993261250322893 'Spatial' 1.2928016522453087 0.2059907090199387
 1.3389830508474576 54 4 2 4 15.993261250322893]
[19.31306235311997 'Spatial' 1.2928016522453087 0.2059907090199387
 2.016949152542373 54 4 2 5 19.31306235311997]
[22.749379626863874 'Spatial' 1.2928016522453087 0.2059907090199387
 1.9152542372881354 54 4 2 6 22.749379626863874]
[25.88343280153862 'Spatial' 1.2928016522453087 0.2059907090199387
 1.7796610169491525 54 4 2 7 25.88343280153862]
[28.194862189714904 'Spatial' 1.2928016522453087 0.2059907090199387
 1.6101694915254237 54 4 2 8 28.194862189714904]
[30.03096924488288 'Spatial' 1.2928016522453087 0.2059907090199387
 1.5084745762711864 54 4 2 9 30.03096924488288]
[32.006850544310616 'Spatial' 1.2928016522453087 0.2059907090199387
 1.3559322033898304 54 4 2 10 32.006850544310616]
[33.53269552336914 'Spatial' 1.2928016522453087 0.2059907090199387
 1.2372881355932202 54 4 2 11 33.53269552336914]
[38.482503496563524 'Spatial' 1.2928016522453087 0.2059907090199387
 1.1694915254237288 54 4 2 12 38.482503496563524]
[39.671259661032266 'Spatial' 1.2928016522453087 0.2059907090199387
 1.1016949152542372 54 4 2 13 39.671259661032266]
[40.924943377268626 'Spatial' 1.2928016522453087 0.2059907090199387
 1.0169491525423728 54 4 2 14 40.924943377268626]
[41.96732257665301 'Spatial' 1.2928016522453087 0.2059907090199387
 0.9999999999999999 54 4 2 15 41.96732257665301]
[42.896760080995975 'Spatial' 1.2928016522453087 0.2059907090199387
 0.8983050847457626 54 4 2 16 42.896760080995975]
[44.27629020607977 'Spatial' 1.2928016522453087 0.2059907090199387
 0.8983050847457626 54 4 2 17 44.27629020607977]
[45.391356771046205 'Spatial' 1.2928016522453087 0.2059907090199387
 0.8305084745762711 54 4 2 18 45.391356771046205]
[46.86276894341528 'Spatial' 1.2928016522453087 0.2059907090199387
 0.7627118644067796 54 4 2 19 46.86276894341528]
[0.0 'Spatial' 1.2928016522453087 0.2059907090199387 0.0 54 4 3 0 0.0]
[4.1588830833596715 'Spatial' 1.2928016522453087 0.2059907090199387
 9.491525423728813 54 4 3 1 4.1588830833596715]
[8.244934344851217 'Spatial' 1.2928016522453087 0.2059907090199387
 4.406779661016948 54 4 3 2 8.244934344851217]
[12.384599378136238 'Spatial' 1.2928016522453087 0.2059907090199387
 4.016949152542373 54 4 3 3 12.384599378136238]
[15.993261250322893 'Spatial' 1.2928016522453087 0.2059907090199387
 1.3389830508474576 54 4 3 4 15.993261250322893]
[19.31306235311997 'Spatial' 1.2928016522453087 0.2059907090199387
 2.016949152542373 54 4 3 5 19.31306235311997]
[22.749379626863874 'Spatial' 1.2928016522453087 0.2059907090199387
 1.9152542372881354 54 4 3 6 22.749379626863874]
[25.88343280153862 'Spatial' 1.2928016522453087 0.2059907090199387
 1.7796610169491525 54 4 3 7 25.88343280153862]
[28.194862189714904 'Spatial' 1.2928016522453087 0.2059907090199387
 1.6101694915254237 54 4 3 8 28.194862189714904]
[30.03096924488288 'Spatial' 1.2928016522453087 0.2059907090199387
 1.5084745762711864 54 4 3 9 30.03096924488288]
[32.006850544310616 'Spatial' 1.2928016522453087 0.2059907090199387
 1.3559322033898304 54 4 3 10 32.006850544310616]
[33.53269552336914 'Spatial' 1.2928016522453087 0.2059907090199387
 1.2372881355932202 54 4 3 11 33.53269552336914]
[38.482503496563524 'Spatial' 1.2928016522453087 0.2059907090199387
 1.1694915254237288 54 4 3 12 38.482503496563524]
[39.671259661032266 'Spatial' 1.2928016522453087 0.2059907090199387
 1.1016949152542372 54 4 3 13 39.671259661032266]
[40.924943377268626 'Spatial' 1.2928016522453087 0.2059907090199387
 1.0169491525423728 54 4 3 14 40.924943377268626]
[41.96732257665301 'Spatial' 1.2928016522453087 0.2059907090199387
 0.9999999999999999 54 4 3 15 41.96732257665301]
[42.896760080995975 'Spatial' 1.2928016522453087 0.2059907090199387
 0.8983050847457626 54 4 3 16 42.896760080995975]
[44.27629020607977 'Spatial' 1.2928016522453087 0.2059907090199387
 0.8983050847457626 54 4 3 17 44.27629020607977]
[45.391356771046205 'Spatial' 1.2928016522453087 0.2059907090199387
 0.8305084745762711 54 4 3 18 45.391356771046205]
[46.86276894341528 'Spatial' 1.2928016522453087 0.2059907090199387
 0.7627118644067796 54 4 3 19 46.86276894341528]
[0.0 'Spatial' 1.2928016522453087 0.2059907090199387 0.0 54 4 5 0 0.0]
[4.1588830833596715 'Spatial' 1.2928016522453087 0.2059907090199387
 9.491525423728813 54 4 5 1 4.1588830833596715]
[8.244934344851217 'Spatial' 1.2928016522453087 0.2059907090199387
 4.406779661016948 54 4 5 2 8.244934344851217]
[12.384599378136238 'Spatial' 1.2928016522453087 0.2059907090199387
 4.016949152542373 54 4 5 3 12.384599378136238]
[15.993261250322893 'Spatial' 1.2928016522453087 0.2059907090199387
 1.3389830508474576 54 4 5 4 15.993261250322893]
[19.31306235311997 'Spatial' 1.2928016522453087 0.2059907090199387
 2.016949152542373 54 4 5 5 19.31306235311997]
[22.749379626863874 'Spatial' 1.2928016522453087 0.2059907090199387
 1.9152542372881354 54 4 5 6 22.749379626863874]
[25.88343280153862 'Spatial' 1.2928016522453087 0.2059907090199387
 1.7796610169491525 54 4 5 7 25.88343280153862]
[28.194862189714904 'Spatial' 1.2928016522453087 0.2059907090199387
 1.6101694915254237 54 4 5 8 28.194862189714904]
[30.03096924488288 'Spatial' 1.2928016522453087 0.2059907090199387
 1.5084745762711864 54 4 5 9 30.03096924488288]
[32.006850544310616 'Spatial' 1.2928016522453087 0.2059907090199387
 1.3559322033898304 54 4 5 10 32.006850544310616]
[33.53269552336914 'Spatial' 1.2928016522453087 0.2059907090199387
 1.2372881355932202 54 4 5 11 33.53269552336914]
[38.482503496563524 'Spatial' 1.2928016522453087 0.2059907090199387
 1.1694915254237288 54 4 5 12 38.482503496563524]
[39.671259661032266 'Spatial' 1.2928016522453087 0.2059907090199387
 1.1016949152542372 54 4 5 13 39.671259661032266]
[40.924943377268626 'Spatial' 1.2928016522453087 0.2059907090199387
 1.0169491525423728 54 4 5 14 40.924943377268626]
[41.96732257665301 'Spatial' 1.2928016522453087 0.2059907090199387
 0.9999999999999999 54 4 5 15 41.96732257665301]
[42.896760080995975 'Spatial' 1.2928016522453087 0.2059907090199387
 0.8983050847457626 54 4 5 16 42.896760080995975]
[44.27629020607977 'Spatial' 1.2928016522453087 0.2059907090199387
 0.8983050847457626 54 4 5 17 44.27629020607977]
[45.391356771046205 'Spatial' 1.2928016522453087 0.2059907090199387
 0.8305084745762711 54 4 5 18 45.391356771046205]
[46.86276894341528 'Spatial' 1.2928016522453087 0.2059907090199387
 0.7627118644067796 54 4 5 19 46.86276894341528]
[0.0 'Spatial' 1.2928016522453087 0.2059907090199387 0.0 54 4 6 0 0.0]
[4.1588830833596715 'Spatial' 1.2928016522453087 0.2059907090199387
 9.491525423728813 54 4 6 1 4.1588830833596715]
[8.244934344851217 'Spatial' 1.2928016522453087 0.2059907090199387
 4.406779661016948 54 4 6 2 8.244934344851217]
[12.384599378136238 'Spatial' 1.2928016522453087 0.2059907090199387
 4.016949152542373 54 4 6 3 12.384599378136238]
[15.993261250322893 'Spatial' 1.2928016522453087 0.2059907090199387
 1.3389830508474576 54 4 6 4 15.993261250322893]
[19.31306235311997 'Spatial' 1.2928016522453087 0.2059907090199387
 2.016949152542373 54 4 6 5 19.31306235311997]
[22.749379626863874 'Spatial' 1.2928016522453087 0.2059907090199387
 1.9152542372881354 54 4 6 6 22.749379626863874]
[25.88343280153862 'Spatial' 1.2928016522453087 0.2059907090199387
 1.7796610169491525 54 4 6 7 25.88343280153862]
[28.194862189714904 'Spatial' 1.2928016522453087 0.2059907090199387
 1.6101694915254237 54 4 6 8 28.194862189714904]
[30.03096924488288 'Spatial' 1.2928016522453087 0.2059907090199387
 1.5084745762711864 54 4 6 9 30.03096924488288]
[32.006850544310616 'Spatial' 1.2928016522453087 0.2059907090199387
 1.3559322033898304 54 4 6 10 32.006850544310616]
[33.53269552336914 'Spatial' 1.2928016522453087 0.2059907090199387
 1.2372881355932202 54 4 6 11 33.53269552336914]
[38.482503496563524 'Spatial' 1.2928016522453087 0.2059907090199387
 1.1694915254237288 54 4 6 12 38.482503496563524]
[39.671259661032266 'Spatial' 1.2928016522453087 0.2059907090199387
 1.1016949152542372 54 4 6 13 39.671259661032266]
[40.924943377268626 'Spatial' 1.2928016522453087 0.2059907090199387
 1.0169491525423728 54 4 6 14 40.924943377268626]
[41.96732257665301 'Spatial' 1.2928016522453087 0.2059907090199387
 0.9999999999999999 54 4 6 15 41.96732257665301]
[42.896760080995975 'Spatial' 1.2928016522453087 0.2059907090199387
 0.8983050847457626 54 4 6 16 42.896760080995975]
[44.27629020607977 'Spatial' 1.2928016522453087 0.2059907090199387
 0.8983050847457626 54 4 6 17 44.27629020607977]
[45.391356771046205 'Spatial' 1.2928016522453087 0.2059907090199387
 0.8305084745762711 54 4 6 18 45.391356771046205]
[46.86276894341528 'Spatial' 1.2928016522453087 0.2059907090199387
 0.7627118644067796 54 4 6 19 46.86276894341528]
[0.0 'Spatial' 1.2928016522453087 0.2059907090199387 0.0 54 4 7 0 0.0]
[4.1588830833596715 'Spatial' 1.2928016522453087 0.2059907090199387
 9.491525423728813 54 4 7 1 4.1588830833596715]
[8.244934344851217 'Spatial' 1.2928016522453087 0.2059907090199387
 4.406779661016948 54 4 7 2 8.244934344851217]
[12.384599378136238 'Spatial' 1.2928016522453087 0.2059907090199387
 4.016949152542373 54 4 7 3 12.384599378136238]
[15.993261250322893 'Spatial' 1.2928016522453087 0.2059907090199387
 1.3389830508474576 54 4 7 4 15.993261250322893]
[19.31306235311997 'Spatial' 1.2928016522453087 0.2059907090199387
 2.016949152542373 54 4 7 5 19.31306235311997]
[22.749379626863874 'Spatial' 1.2928016522453087 0.2059907090199387
 1.9152542372881354 54 4 7 6 22.749379626863874]
[25.88343280153862 'Spatial' 1.2928016522453087 0.2059907090199387
 1.7796610169491525 54 4 7 7 25.88343280153862]
[28.194862189714904 'Spatial' 1.2928016522453087 0.2059907090199387
 1.6101694915254237 54 4 7 8 28.194862189714904]
[30.03096924488288 'Spatial' 1.2928016522453087 0.2059907090199387
 1.5084745762711864 54 4 7 9 30.03096924488288]
[32.006850544310616 'Spatial' 1.2928016522453087 0.2059907090199387
 1.3559322033898304 54 4 7 10 32.006850544310616]
[33.53269552336914 'Spatial' 1.2928016522453087 0.2059907090199387
 1.2372881355932202 54 4 7 11 33.53269552336914]
[38.482503496563524 'Spatial' 1.2928016522453087 0.2059907090199387
 1.1694915254237288 54 4 7 12 38.482503496563524]
[39.671259661032266 'Spatial' 1.2928016522453087 0.2059907090199387
 1.1016949152542372 54 4 7 13 39.671259661032266]
[40.924943377268626 'Spatial' 1.2928016522453087 0.2059907090199387
 1.0169491525423728 54 4 7 14 40.924943377268626]
[41.96732257665301 'Spatial' 1.2928016522453087 0.2059907090199387
 0.9999999999999999 54 4 7 15 41.96732257665301]
[42.896760080995975 'Spatial' 1.2928016522453087 0.2059907090199387
 0.8983050847457626 54 4 7 16 42.896760080995975]
[44.27629020607977 'Spatial' 1.2928016522453087 0.2059907090199387
 0.8983050847457626 54 4 7 17 44.27629020607977]
[45.391356771046205 'Spatial' 1.2928016522453087 0.2059907090199387
 0.8305084745762711 54 4 7 18 45.391356771046205]
[46.86276894341528 'Spatial' 1.2928016522453087 0.2059907090199387
 0.7627118644067796 54 4 7 19 46.86276894341528]
[0.0 'Spatial' 1.2928016522453087 0.2059907090199387 0.0 54 4 8 0 0.0]
[4.1588830833596715 'Spatial' 1.2928016522453087 0.2059907090199387
 9.491525423728813 54 4 8 1 4.1588830833596715]
[8.244934344851217 'Spatial' 1.2928016522453087 0.2059907090199387
 4.406779661016948 54 4 8 2 8.244934344851217]
[12.384599378136238 'Spatial' 1.2928016522453087 0.2059907090199387
 4.016949152542373 54 4 8 3 12.384599378136238]
[15.993261250322893 'Spatial' 1.2928016522453087 0.2059907090199387
 1.3389830508474576 54 4 8 4 15.993261250322893]
[19.31306235311997 'Spatial' 1.2928016522453087 0.2059907090199387
 2.016949152542373 54 4 8 5 19.31306235311997]
[22.749379626863874 'Spatial' 1.2928016522453087 0.2059907090199387
 1.9152542372881354 54 4 8 6 22.749379626863874]
[25.88343280153862 'Spatial' 1.2928016522453087 0.2059907090199387
 1.7796610169491525 54 4 8 7 25.88343280153862]
[28.194862189714904 'Spatial' 1.2928016522453087 0.2059907090199387
 1.6101694915254237 54 4 8 8 28.194862189714904]
[30.03096924488288 'Spatial' 1.2928016522453087 0.2059907090199387
 1.5084745762711864 54 4 8 9 30.03096924488288]
[32.006850544310616 'Spatial' 1.2928016522453087 0.2059907090199387
 1.3559322033898304 54 4 8 10 32.006850544310616]
[33.53269552336914 'Spatial' 1.2928016522453087 0.2059907090199387
 1.2372881355932202 54 4 8 11 33.53269552336914]
[38.482503496563524 'Spatial' 1.2928016522453087 0.2059907090199387
 1.1694915254237288 54 4 8 12 38.482503496563524]
[39.671259661032266 'Spatial' 1.2928016522453087 0.2059907090199387
 1.1016949152542372 54 4 8 13 39.671259661032266]
[40.924943377268626 'Spatial' 1.2928016522453087 0.2059907090199387
 1.0169491525423728 54 4 8 14 40.924943377268626]
[41.96732257665301 'Spatial' 1.2928016522453087 0.2059907090199387
 0.9999999999999999 54 4 8 15 41.96732257665301]
[42.896760080995975 'Spatial' 1.2928016522453087 0.2059907090199387
 0.8983050847457626 54 4 8 16 42.896760080995975]
[44.27629020607977 'Spatial' 1.2928016522453087 0.2059907090199387
 0.8983050847457626 54 4 8 17 44.27629020607977]
[45.391356771046205 'Spatial' 1.2928016522453087 0.2059907090199387
 0.8305084745762711 54 4 8 18 45.391356771046205]
[46.86276894341528 'Spatial' 1.2928016522453087 0.2059907090199387
 0.7627118644067796 54 4 8 19 46.86276894341528]
