[0.0 'Spatial' 1.4314763463148021 0.03378805661173134 0.0 106 2 0 0 0.0]
[4.147447171638939 'Spatial' 1.4314763463148021 0.03378805661173134
 0.1694915254237288 106 2 0 1 4.147447171638939]
[8.1430085422745 'Spatial' 1.4314763463148021 0.03378805661173134
 1.1694915254237288 106 2 0 2 8.1430085422745]
[11.992751366376993 'Spatial' 1.4314763463148021 0.03378805661173134
 1.271186440677966 106 2 0 3 11.992751366376993]
[15.700227104148697 'Spatial' 1.4314763463148021 0.03378805661173134
 1.5254237288135593 106 2 0 4 15.700227104148697]
[18.97375806296783 'Spatial' 1.4314763463148021 0.03378805661173134
 1.5254237288135593 106 2 0 5 18.97375806296783]
[21.84613944718572 'Spatial' 1.4314763463148021 0.03378805661173134
 1.4406779661016949 106 2 0 6 21.84613944718572]
[24.65072092352463 'Spatial' 1.4314763463148021 0.03378805661173134
 1.6779661016949152 106 2 0 7 24.65072092352463]
[26.80475811374109 'Spatial' 1.4314763463148021 0.03378805661173134
 1.6779661016949152 106 2 0 8 26.80475811374109]
[28.71465941929558 'Spatial' 1.4314763463148021 0.03378805661173134
 1.5762711864406778 106 2 0 9 28.71465941929558]
[30.244520074728847 'Spatial' 1.4314763463148021 0.03378805661173134
 1.5254237288135593 106 2 0 10 30.244520074728847]
[31.546163376262676 'Spatial' 1.4314763463148021 0.03378805661173134
 1.5762711864406778 106 2 0 11 31.546163376262676]
[32.54397038117558 'Spatial' 1.4314763463148021 0.03378805661173134
 1.5762711864406778 106 2 0 12 32.54397038117558]
[37.64383905714428 'Spatial' 1.4314763463148021 0.03378805661173134
 1.5254237288135593 106 2 0 13 37.64383905714428]
[38.65626382289029 'Spatial' 1.4314763463148021 0.03378805661173134
 1.5084745762711864 106 2 0 14 38.65626382289029]
[39.60689547273634 'Spatial' 1.4314763463148021 0.03378805661173134
 1.5084745762711864 106 2 0 15 39.60689547273634]
[40.560938930246444 'Spatial' 1.4314763463148021 0.03378805661173134
 1.4406779661016949 106 2 0 16 40.560938930246444]
[41.58980871975116 'Spatial' 1.4314763463148021 0.03378805661173134
 1.406779661016949 106 2 0 17 41.58980871975116]
[42.723471098396274 'Spatial' 1.4314763463148021 0.03378805661173134
 1.3389830508474576 106 2 0 18 42.723471098396274]
[43.92205414413794 'Spatial' 1.4314763463148021 0.03378805661173134
 1.0677966101694913 106 2 0 19 43.92205414413794]
[0.0 'Spatial' 1.4314763463148021 0.03378805661173134 0.0 106 2 1 0 0.0]
[4.147447171638939 'Spatial' 1.4314763463148021 0.03378805661173134
 0.1694915254237288 106 2 1 1 4.147447171638939]
[8.1430085422745 'Spatial' 1.4314763463148021 0.03378805661173134
 1.1694915254237288 106 2 1 2 8.1430085422745]
[11.992751366376993 'Spatial' 1.4314763463148021 0.03378805661173134
 1.271186440677966 106 2 1 3 11.992751366376993]
[15.700227104148697 'Spatial' 1.4314763463148021 0.03378805661173134
 1.5254237288135593 106 2 1 4 15.700227104148697]
[18.97375806296783 'Spatial' 1.4314763463148021 0.03378805661173134
 1.5254237288135593 106 2 1 5 18.97375806296783]
[21.84613944718572 'Spatial' 1.4314763463148021 0.03378805661173134
 1.4406779661016949 106 2 1 6 21.84613944718572]
[24.65072092352463 'Spatial' 1.4314763463148021 0.03378805661173134
 1.6779661016949152 106 2 1 7 24.65072092352463]
[26.80475811374109 'Spatial' 1.4314763463148021 0.03378805661173134
 1.6779661016949152 106 2 1 8 26.80475811374109]
[28.71465941929558 'Spatial' 1.4314763463148021 0.03378805661173134
 1.5762711864406778 106 2 1 9 28.71465941929558]
[30.244520074728847 'Spatial' 1.4314763463148021 0.03378805661173134
 1.5254237288135593 106 2 1 10 30.244520074728847]
[31.546163376262676 'Spatial' 1.4314763463148021 0.03378805661173134
 1.5762711864406778 106 2 1 11 31.546163376262676]
[32.54397038117558 'Spatial' 1.4314763463148021 0.03378805661173134
 1.5762711864406778 106 2 1 12 32.54397038117558]
[37.64383905714428 'Spatial' 1.4314763463148021 0.03378805661173134
 1.5254237288135593 106 2 1 13 37.64383905714428]
[38.65626382289029 'Spatial' 1.4314763463148021 0.03378805661173134
 1.5084745762711864 106 2 1 14 38.65626382289029]
[39.60689547273634 'Spatial' 1.4314763463148021 0.03378805661173134
 1.5084745762711864 106 2 1 15 39.60689547273634]
[40.560938930246444 'Spatial' 1.4314763463148021 0.03378805661173134
 1.4406779661016949 106 2 1 16 40.560938930246444]
[41.58980871975116 'Spatial' 1.4314763463148021 0.03378805661173134
 1.406779661016949 106 2 1 17 41.58980871975116]
[42.723471098396274 'Spatial' 1.4314763463148021 0.03378805661173134
 1.3389830508474576 106 2 1 18 42.723471098396274]
[43.92205414413794 'Spatial' 1.4314763463148021 0.03378805661173134
 1.0677966101694913 106 2 1 19 43.92205414413794]
[0.0 'Spatial' 1.4314763463148021 0.03378805661173134 0.0 106 2 3 0 0.0]
[4.147447171638939 'Spatial' 1.4314763463148021 0.03378805661173134
 0.1694915254237288 106 2 3 1 4.147447171638939]
[8.1430085422745 'Spatial' 1.4314763463148021 0.03378805661173134
 1.1694915254237288 106 2 3 2 8.1430085422745]
[11.992751366376993 'Spatial' 1.4314763463148021 0.03378805661173134
 1.271186440677966 106 2 3 3 11.992751366376993]
[15.700227104148697 'Spatial' 1.4314763463148021 0.03378805661173134
 1.5254237288135593 106 2 3 4 15.700227104148697]
[18.97375806296783 'Spatial' 1.4314763463148021 0.03378805661173134
 1.5254237288135593 106 2 3 5 18.97375806296783]
[21.84613944718572 'Spatial' 1.4314763463148021 0.03378805661173134
 1.4406779661016949 106 2 3 6 21.84613944718572]
[24.65072092352463 'Spatial' 1.4314763463148021 0.03378805661173134
 1.6779661016949152 106 2 3 7 24.65072092352463]
[26.80475811374109 'Spatial' 1.4314763463148021 0.03378805661173134
 1.6779661016949152 106 2 3 8 26.80475811374109]
[28.71465941929558 'Spatial' 1.4314763463148021 0.03378805661173134
 1.5762711864406778 106 2 3 9 28.71465941929558]
[30.244520074728847 'Spatial' 1.4314763463148021 0.03378805661173134
 1.5254237288135593 106 2 3 10 30.244520074728847]
[31.546163376262676 'Spatial' 1.4314763463148021 0.03378805661173134
 1.5762711864406778 106 2 3 11 31.546163376262676]
[32.54397038117558 'Spatial' 1.4314763463148021 0.03378805661173134
 1.5762711864406778 106 2 3 12 32.54397038117558]
[37.64383905714428 'Spatial' 1.4314763463148021 0.03378805661173134
 1.5254237288135593 106 2 3 13 37.64383905714428]
[38.65626382289029 'Spatial' 1.4314763463148021 0.03378805661173134
 1.5084745762711864 106 2 3 14 38.65626382289029]
[39.60689547273634 'Spatial' 1.4314763463148021 0.03378805661173134
 1.5084745762711864 106 2 3 15 39.60689547273634]
[40.560938930246444 'Spatial' 1.4314763463148021 0.03378805661173134
 1.4406779661016949 106 2 3 16 40.560938930246444]
[41.58980871975116 'Spatial' 1.4314763463148021 0.03378805661173134
 1.406779661016949 106 2 3 17 41.58980871975116]
[42.723471098396274 'Spatial' 1.4314763463148021 0.03378805661173134
 1.3389830508474576 106 2 3 18 42.723471098396274]
[43.92205414413794 'Spatial' 1.4314763463148021 0.03378805661173134
 1.0677966101694913 106 2 3 19 43.92205414413794]
[0.0 'Spatial' 1.4314763463148021 0.03378805661173134 0.0 106 2 4 0 0.0]
[4.147447171638939 'Spatial' 1.4314763463148021 0.03378805661173134
 0.1694915254237288 106 2 4 1 4.147447171638939]
[8.1430085422745 'Spatial' 1.4314763463148021 0.03378805661173134
 1.1694915254237288 106 2 4 2 8.1430085422745]
[11.992751366376993 'Spatial' 1.4314763463148021 0.03378805661173134
 1.271186440677966 106 2 4 3 11.992751366376993]
[15.700227104148697 'Spatial' 1.4314763463148021 0.03378805661173134
 1.5254237288135593 106 2 4 4 15.700227104148697]
[18.97375806296783 'Spatial' 1.4314763463148021 0.03378805661173134
 1.5254237288135593 106 2 4 5 18.97375806296783]
[21.84613944718572 'Spatial' 1.4314763463148021 0.03378805661173134
 1.4406779661016949 106 2 4 6 21.84613944718572]
[24.65072092352463 'Spatial' 1.4314763463148021 0.03378805661173134
 1.6779661016949152 106 2 4 7 24.65072092352463]
[26.80475811374109 'Spatial' 1.4314763463148021 0.03378805661173134
 1.6779661016949152 106 2 4 8 26.80475811374109]
[28.71465941929558 'Spatial' 1.4314763463148021 0.03378805661173134
 1.5762711864406778 106 2 4 9 28.71465941929558]
[30.244520074728847 'Spatial' 1.4314763463148021 0.03378805661173134
 1.5254237288135593 106 2 4 10 30.244520074728847]
[31.546163376262676 'Spatial' 1.4314763463148021 0.03378805661173134
 1.5762711864406778 106 2 4 11 31.546163376262676]
[32.54397038117558 'Spatial' 1.4314763463148021 0.03378805661173134
 1.5762711864406778 106 2 4 12 32.54397038117558]
[37.64383905714428 'Spatial' 1.4314763463148021 0.03378805661173134
 1.5254237288135593 106 2 4 13 37.64383905714428]
[38.65626382289029 'Spatial' 1.4314763463148021 0.03378805661173134
 1.5084745762711864 106 2 4 14 38.65626382289029]
[39.60689547273634 'Spatial' 1.4314763463148021 0.03378805661173134
 1.5084745762711864 106 2 4 15 39.60689547273634]
[40.560938930246444 'Spatial' 1.4314763463148021 0.03378805661173134
 1.4406779661016949 106 2 4 16 40.560938930246444]
[41.58980871975116 'Spatial' 1.4314763463148021 0.03378805661173134
 1.406779661016949 106 2 4 17 41.58980871975116]
[42.723471098396274 'Spatial' 1.4314763463148021 0.03378805661173134
 1.3389830508474576 106 2 4 18 42.723471098396274]
[43.92205414413794 'Spatial' 1.4314763463148021 0.03378805661173134
 1.0677966101694913 106 2 4 19 43.92205414413794]
[0.0 'Spatial' 1.4314763463148021 0.03378805661173134 0.0 106 2 5 0 0.0]
[4.147447171638939 'Spatial' 1.4314763463148021 0.03378805661173134
 0.1694915254237288 106 2 5 1 4.147447171638939]
[8.1430085422745 'Spatial' 1.4314763463148021 0.03378805661173134
 1.1694915254237288 106 2 5 2 8.1430085422745]
[11.992751366376993 'Spatial' 1.4314763463148021 0.03378805661173134
 1.271186440677966 106 2 5 3 11.992751366376993]
[15.700227104148697 'Spatial' 1.4314763463148021 0.03378805661173134
 1.5254237288135593 106 2 5 4 15.700227104148697]
[18.97375806296783 'Spatial' 1.4314763463148021 0.03378805661173134
 1.5254237288135593 106 2 5 5 18.97375806296783]
[21.84613944718572 'Spatial' 1.4314763463148021 0.03378805661173134
 1.4406779661016949 106 2 5 6 21.84613944718572]
[24.65072092352463 'Spatial' 1.4314763463148021 0.03378805661173134
 1.6779661016949152 106 2 5 7 24.65072092352463]
[26.80475811374109 'Spatial' 1.4314763463148021 0.03378805661173134
 1.6779661016949152 106 2 5 8 26.80475811374109]
[28.71465941929558 'Spatial' 1.4314763463148021 0.03378805661173134
 1.5762711864406778 106 2 5 9 28.71465941929558]
[30.244520074728847 'Spatial' 1.4314763463148021 0.03378805661173134
 1.5254237288135593 106 2 5 10 30.244520074728847]
[31.546163376262676 'Spatial' 1.4314763463148021 0.03378805661173134
 1.5762711864406778 106 2 5 11 31.546163376262676]
[32.54397038117558 'Spatial' 1.4314763463148021 0.03378805661173134
 1.5762711864406778 106 2 5 12 32.54397038117558]
[37.64383905714428 'Spatial' 1.4314763463148021 0.03378805661173134
 1.5254237288135593 106 2 5 13 37.64383905714428]
[38.65626382289029 'Spatial' 1.4314763463148021 0.03378805661173134
 1.5084745762711864 106 2 5 14 38.65626382289029]
[39.60689547273634 'Spatial' 1.4314763463148021 0.03378805661173134
 1.5084745762711864 106 2 5 15 39.60689547273634]
[40.560938930246444 'Spatial' 1.4314763463148021 0.03378805661173134
 1.4406779661016949 106 2 5 16 40.560938930246444]
[41.58980871975116 'Spatial' 1.4314763463148021 0.03378805661173134
 1.406779661016949 106 2 5 17 41.58980871975116]
[42.723471098396274 'Spatial' 1.4314763463148021 0.03378805661173134
 1.3389830508474576 106 2 5 18 42.723471098396274]
[43.92205414413794 'Spatial' 1.4314763463148021 0.03378805661173134
 1.0677966101694913 106 2 5 19 43.92205414413794]
[0.0 'Spatial' 1.4314763463148021 0.03378805661173134 0.0 106 2 6 0 0.0]
[4.147447171638939 'Spatial' 1.4314763463148021 0.03378805661173134
 0.1694915254237288 106 2 6 1 4.147447171638939]
[8.1430085422745 'Spatial' 1.4314763463148021 0.03378805661173134
 1.1694915254237288 106 2 6 2 8.1430085422745]
[11.992751366376993 'Spatial' 1.4314763463148021 0.03378805661173134
 1.271186440677966 106 2 6 3 11.992751366376993]
[15.700227104148697 'Spatial' 1.4314763463148021 0.03378805661173134
 1.5254237288135593 106 2 6 4 15.700227104148697]
[18.97375806296783 'Spatial' 1.4314763463148021 0.03378805661173134
 1.5254237288135593 106 2 6 5 18.97375806296783]
[21.84613944718572 'Spatial' 1.4314763463148021 0.03378805661173134
 1.4406779661016949 106 2 6 6 21.84613944718572]
[24.65072092352463 'Spatial' 1.4314763463148021 0.03378805661173134
 1.6779661016949152 106 2 6 7 24.65072092352463]
[26.80475811374109 'Spatial' 1.4314763463148021 0.03378805661173134
 1.6779661016949152 106 2 6 8 26.80475811374109]
[28.71465941929558 'Spatial' 1.4314763463148021 0.03378805661173134
 1.5762711864406778 106 2 6 9 28.71465941929558]
[30.244520074728847 'Spatial' 1.4314763463148021 0.03378805661173134
 1.5254237288135593 106 2 6 10 30.244520074728847]
[31.546163376262676 'Spatial' 1.4314763463148021 0.03378805661173134
 1.5762711864406778 106 2 6 11 31.546163376262676]
[32.54397038117558 'Spatial' 1.4314763463148021 0.03378805661173134
 1.5762711864406778 106 2 6 12 32.54397038117558]
[37.64383905714428 'Spatial' 1.4314763463148021 0.03378805661173134
 1.5254237288135593 106 2 6 13 37.64383905714428]
[38.65626382289029 'Spatial' 1.4314763463148021 0.03378805661173134
 1.5084745762711864 106 2 6 14 38.65626382289029]
[39.60689547273634 'Spatial' 1.4314763463148021 0.03378805661173134
 1.5084745762711864 106 2 6 15 39.60689547273634]
[40.560938930246444 'Spatial' 1.4314763463148021 0.03378805661173134
 1.4406779661016949 106 2 6 16 40.560938930246444]
[41.58980871975116 'Spatial' 1.4314763463148021 0.03378805661173134
 1.406779661016949 106 2 6 17 41.58980871975116]
[42.723471098396274 'Spatial' 1.4314763463148021 0.03378805661173134
 1.3389830508474576 106 2 6 18 42.723471098396274]
[43.92205414413794 'Spatial' 1.4314763463148021 0.03378805661173134
 1.0677966101694913 106 2 6 19 43.92205414413794]
[0.0 'Spatial' 1.4314763463148021 0.03378805661173134 0.0 106 2 7 0 0.0]
[4.147447171638939 'Spatial' 1.4314763463148021 0.03378805661173134
 0.1694915254237288 106 2 7 1 4.147447171638939]
[8.1430085422745 'Spatial' 1.4314763463148021 0.03378805661173134
 1.1694915254237288 106 2 7 2 8.1430085422745]
[11.992751366376993 'Spatial' 1.4314763463148021 0.03378805661173134
 1.271186440677966 106 2 7 3 11.992751366376993]
[15.700227104148697 'Spatial' 1.4314763463148021 0.03378805661173134
 1.5254237288135593 106 2 7 4 15.700227104148697]
[18.97375806296783 'Spatial' 1.4314763463148021 0.03378805661173134
 1.5254237288135593 106 2 7 5 18.97375806296783]
[21.84613944718572 'Spatial' 1.4314763463148021 0.03378805661173134
 1.4406779661016949 106 2 7 6 21.84613944718572]
[24.65072092352463 'Spatial' 1.4314763463148021 0.03378805661173134
 1.6779661016949152 106 2 7 7 24.65072092352463]
[26.80475811374109 'Spatial' 1.4314763463148021 0.03378805661173134
 1.6779661016949152 106 2 7 8 26.80475811374109]
[28.71465941929558 'Spatial' 1.4314763463148021 0.03378805661173134
 1.5762711864406778 106 2 7 9 28.71465941929558]
[30.244520074728847 'Spatial' 1.4314763463148021 0.03378805661173134
 1.5254237288135593 106 2 7 10 30.244520074728847]
[31.546163376262676 'Spatial' 1.4314763463148021 0.03378805661173134
 1.5762711864406778 106 2 7 11 31.546163376262676]
[32.54397038117558 'Spatial' 1.4314763463148021 0.03378805661173134
 1.5762711864406778 106 2 7 12 32.54397038117558]
[37.64383905714428 'Spatial' 1.4314763463148021 0.03378805661173134
 1.5254237288135593 106 2 7 13 37.64383905714428]
[38.65626382289029 'Spatial' 1.4314763463148021 0.03378805661173134
 1.5084745762711864 106 2 7 14 38.65626382289029]
[39.60689547273634 'Spatial' 1.4314763463148021 0.03378805661173134
 1.5084745762711864 106 2 7 15 39.60689547273634]
[40.560938930246444 'Spatial' 1.4314763463148021 0.03378805661173134
 1.4406779661016949 106 2 7 16 40.560938930246444]
[41.58980871975116 'Spatial' 1.4314763463148021 0.03378805661173134
 1.406779661016949 106 2 7 17 41.58980871975116]
[42.723471098396274 'Spatial' 1.4314763463148021 0.03378805661173134
 1.3389830508474576 106 2 7 18 42.723471098396274]
[43.92205414413794 'Spatial' 1.4314763463148021 0.03378805661173134
 1.0677966101694913 106 2 7 19 43.92205414413794]
[0.0 'Spatial' 1.4314763463148021 0.03378805661173134 0.0 106 2 8 0 0.0]
[4.147447171638939 'Spatial' 1.4314763463148021 0.03378805661173134
 0.1694915254237288 106 2 8 1 4.147447171638939]
[8.1430085422745 'Spatial' 1.4314763463148021 0.03378805661173134
 1.1694915254237288 106 2 8 2 8.1430085422745]
[11.992751366376993 'Spatial' 1.4314763463148021 0.03378805661173134
 1.271186440677966 106 2 8 3 11.992751366376993]
[15.700227104148697 'Spatial' 1.4314763463148021 0.03378805661173134
 1.5254237288135593 106 2 8 4 15.700227104148697]
[18.97375806296783 'Spatial' 1.4314763463148021 0.03378805661173134
 1.5254237288135593 106 2 8 5 18.97375806296783]
[21.84613944718572 'Spatial' 1.4314763463148021 0.03378805661173134
 1.4406779661016949 106 2 8 6 21.84613944718572]
[24.65072092352463 'Spatial' 1.4314763463148021 0.03378805661173134
 1.6779661016949152 106 2 8 7 24.65072092352463]
[26.80475811374109 'Spatial' 1.4314763463148021 0.03378805661173134
 1.6779661016949152 106 2 8 8 26.80475811374109]
[28.71465941929558 'Spatial' 1.4314763463148021 0.03378805661173134
 1.5762711864406778 106 2 8 9 28.71465941929558]
[30.244520074728847 'Spatial' 1.4314763463148021 0.03378805661173134
 1.5254237288135593 106 2 8 10 30.244520074728847]
[31.546163376262676 'Spatial' 1.4314763463148021 0.03378805661173134
 1.5762711864406778 106 2 8 11 31.546163376262676]
[32.54397038117558 'Spatial' 1.4314763463148021 0.03378805661173134
 1.5762711864406778 106 2 8 12 32.54397038117558]
[37.64383905714428 'Spatial' 1.4314763463148021 0.03378805661173134
 1.5254237288135593 106 2 8 13 37.64383905714428]
[38.65626382289029 'Spatial' 1.4314763463148021 0.03378805661173134
 1.5084745762711864 106 2 8 14 38.65626382289029]
[39.60689547273634 'Spatial' 1.4314763463148021 0.03378805661173134
 1.5084745762711864 106 2 8 15 39.60689547273634]
[40.560938930246444 'Spatial' 1.4314763463148021 0.03378805661173134
 1.4406779661016949 106 2 8 16 40.560938930246444]
[41.58980871975116 'Spatial' 1.4314763463148021 0.03378805661173134
 1.406779661016949 106 2 8 17 41.58980871975116]
[42.723471098396274 'Spatial' 1.4314763463148021 0.03378805661173134
 1.3389830508474576 106 2 8 18 42.723471098396274]
[43.92205414413794 'Spatial' 1.4314763463148021 0.03378805661173134
 1.0677966101694913 106 2 8 19 43.92205414413794]
