[0.0 'Conceptual' 6.804374860166532 13.988926734015651 0.0 50 6 0 0 0.0]
[4.932488816463875 'Conceptual' 6.804374860166532 13.988926734015651
 10.169491525423728 50 6 0 1 4.932488816463875]
[6.933365146383685 'Conceptual' 6.804374860166532 13.988926734015651
 5.983050847457626 50 6 0 2 6.933365146383685]
[9.48151321335168 'Conceptual' 6.804374860166532 13.988926734015651
 4.1525423728813555 50 6 0 3 9.48151321335168]
[14.58850088545272 'Conceptual' 6.804374860166532 13.988926734015651
 3.542372881355932 50 6 0 4 14.58850088545272]
[19.535417985729794 'Conceptual' 6.804374860166532 13.988926734015651
 3.0508474576271185 50 6 0 5 19.535417985729794]
[22.30841839026532 'Conceptual' 6.804374860166532 13.988926734015651
 2.7627118644067794 50 6 0 6 22.30841839026532]
[26.31340452614629 'Conceptual' 6.804374860166532 13.988926734015651
 2.5932203389830506 50 6 0 7 26.31340452614629]
[30.491626518960476 'Conceptual' 6.804374860166532 13.988926734015651
 2.3728813559322033 50 6 0 8 30.491626518960476]
[33.39200417979435 'Conceptual' 6.804374860166532 13.988926734015651
 2.11864406779661 50 6 0 9 33.39200417979435]
[36.314590727511586 'Conceptual' 6.804374860166532 13.988926734015651
 2.0338983050847457 50 6 0 10 36.314590727511586]
[40.45274924728318 'Conceptual' 6.804374860166532 13.988926734015651
 1.9152542372881354 50 6 0 11 40.45274924728318]
[42.609381104262575 'Conceptual' 6.804374860166532 13.988926734015651
 1.8644067796610169 50 6 0 12 42.609381104262575]
[46.54126823900038 'Conceptual' 6.804374860166532 13.988926734015651
 1.7796610169491525 50 6 0 13 46.54126823900038]
[50.05959258873565 'Conceptual' 6.804374860166532 13.988926734015651
 1.7457627118644066 50 6 0 14 50.05959258873565]
[54.40076301096523 'Conceptual' 6.804374860166532 13.988926734015651
 1.694915254237288 50 6 0 15 54.40076301096523]
[57.29581721493557 'Conceptual' 6.804374860166532 13.988926734015651
 1.6101694915254237 50 6 0 16 57.29581721493557]
[60.44237287243042 'Conceptual' 6.804374860166532 13.988926734015651
 1.5254237288135593 50 6 0 17 60.44237287243042]
[63.78651572456765 'Conceptual' 6.804374860166532 13.988926734015651
 1.5084745762711864 50 6 0 18 63.78651572456765]
[66.98314792306114 'Conceptual' 6.804374860166532 13.988926734015651
 1.4406779661016949 50 6 0 19 66.98314792306114]
[0.0 'Conceptual' 6.804374860166532 13.988926734015651 0.0 50 6 1 0 0.0]
[4.932488816463875 'Conceptual' 6.804374860166532 13.988926734015651
 10.169491525423728 50 6 1 1 4.932488816463875]
[6.933365146383685 'Conceptual' 6.804374860166532 13.988926734015651
 5.983050847457626 50 6 1 2 6.933365146383685]
[9.48151321335168 'Conceptual' 6.804374860166532 13.988926734015651
 4.1525423728813555 50 6 1 3 9.48151321335168]
[14.58850088545272 'Conceptual' 6.804374860166532 13.988926734015651
 3.542372881355932 50 6 1 4 14.58850088545272]
[19.535417985729794 'Conceptual' 6.804374860166532 13.988926734015651
 3.0508474576271185 50 6 1 5 19.535417985729794]
[22.30841839026532 'Conceptual' 6.804374860166532 13.988926734015651
 2.7627118644067794 50 6 1 6 22.30841839026532]
[26.31340452614629 'Conceptual' 6.804374860166532 13.988926734015651
 2.5932203389830506 50 6 1 7 26.31340452614629]
[30.491626518960476 'Conceptual' 6.804374860166532 13.988926734015651
 2.3728813559322033 50 6 1 8 30.491626518960476]
[33.39200417979435 'Conceptual' 6.804374860166532 13.988926734015651
 2.11864406779661 50 6 1 9 33.39200417979435]
[36.314590727511586 'Conceptual' 6.804374860166532 13.988926734015651
 2.0338983050847457 50 6 1 10 36.314590727511586]
[40.45274924728318 'Conceptual' 6.804374860166532 13.988926734015651
 1.9152542372881354 50 6 1 11 40.45274924728318]
[42.609381104262575 'Conceptual' 6.804374860166532 13.988926734015651
 1.8644067796610169 50 6 1 12 42.609381104262575]
[46.54126823900038 'Conceptual' 6.804374860166532 13.988926734015651
 1.7796610169491525 50 6 1 13 46.54126823900038]
[50.05959258873565 'Conceptual' 6.804374860166532 13.988926734015651
 1.7457627118644066 50 6 1 14 50.05959258873565]
[54.40076301096523 'Conceptual' 6.804374860166532 13.988926734015651
 1.694915254237288 50 6 1 15 54.40076301096523]
[57.29581721493557 'Conceptual' 6.804374860166532 13.988926734015651
 1.6101694915254237 50 6 1 16 57.29581721493557]
[60.44237287243042 'Conceptual' 6.804374860166532 13.988926734015651
 1.5254237288135593 50 6 1 17 60.44237287243042]
[63.78651572456765 'Conceptual' 6.804374860166532 13.988926734015651
 1.5084745762711864 50 6 1 18 63.78651572456765]
[66.98314792306114 'Conceptual' 6.804374860166532 13.988926734015651
 1.4406779661016949 50 6 1 19 66.98314792306114]
[0.0 'Conceptual' 6.804374860166532 13.988926734015651 0.0 50 6 2 0 0.0]
[4.932488816463875 'Conceptual' 6.804374860166532 13.988926734015651
 10.169491525423728 50 6 2 1 4.932488816463875]
[6.933365146383685 'Conceptual' 6.804374860166532 13.988926734015651
 5.983050847457626 50 6 2 2 6.933365146383685]
[9.48151321335168 'Conceptual' 6.804374860166532 13.988926734015651
 4.1525423728813555 50 6 2 3 9.48151321335168]
[14.58850088545272 'Conceptual' 6.804374860166532 13.988926734015651
 3.542372881355932 50 6 2 4 14.58850088545272]
[19.535417985729794 'Conceptual' 6.804374860166532 13.988926734015651
 3.0508474576271185 50 6 2 5 19.535417985729794]
[22.30841839026532 'Conceptual' 6.804374860166532 13.988926734015651
 2.7627118644067794 50 6 2 6 22.30841839026532]
[26.31340452614629 'Conceptual' 6.804374860166532 13.988926734015651
 2.5932203389830506 50 6 2 7 26.31340452614629]
[30.491626518960476 'Conceptual' 6.804374860166532 13.988926734015651
 2.3728813559322033 50 6 2 8 30.491626518960476]
[33.39200417979435 'Conceptual' 6.804374860166532 13.988926734015651
 2.11864406779661 50 6 2 9 33.39200417979435]
[36.314590727511586 'Conceptual' 6.804374860166532 13.988926734015651
 2.0338983050847457 50 6 2 10 36.314590727511586]
[40.45274924728318 'Conceptual' 6.804374860166532 13.988926734015651
 1.9152542372881354 50 6 2 11 40.45274924728318]
[42.609381104262575 'Conceptual' 6.804374860166532 13.988926734015651
 1.8644067796610169 50 6 2 12 42.609381104262575]
[46.54126823900038 'Conceptual' 6.804374860166532 13.988926734015651
 1.7796610169491525 50 6 2 13 46.54126823900038]
[50.05959258873565 'Conceptual' 6.804374860166532 13.988926734015651
 1.7457627118644066 50 6 2 14 50.05959258873565]
[54.40076301096523 'Conceptual' 6.804374860166532 13.988926734015651
 1.694915254237288 50 6 2 15 54.40076301096523]
[57.29581721493557 'Conceptual' 6.804374860166532 13.988926734015651
 1.6101694915254237 50 6 2 16 57.29581721493557]
[60.44237287243042 'Conceptual' 6.804374860166532 13.988926734015651
 1.5254237288135593 50 6 2 17 60.44237287243042]
[63.78651572456765 'Conceptual' 6.804374860166532 13.988926734015651
 1.5084745762711864 50 6 2 18 63.78651572456765]
[66.98314792306114 'Conceptual' 6.804374860166532 13.988926734015651
 1.4406779661016949 50 6 2 19 66.98314792306114]
[0.0 'Conceptual' 6.804374860166532 13.988926734015651 0.0 50 6 3 0 0.0]
[4.932488816463875 'Conceptual' 6.804374860166532 13.988926734015651
 10.169491525423728 50 6 3 1 4.932488816463875]
[6.933365146383685 'Conceptual' 6.804374860166532 13.988926734015651
 5.983050847457626 50 6 3 2 6.933365146383685]
[9.48151321335168 'Conceptual' 6.804374860166532 13.988926734015651
 4.1525423728813555 50 6 3 3 9.48151321335168]
[14.58850088545272 'Conceptual' 6.804374860166532 13.988926734015651
 3.542372881355932 50 6 3 4 14.58850088545272]
[19.535417985729794 'Conceptual' 6.804374860166532 13.988926734015651
 3.0508474576271185 50 6 3 5 19.535417985729794]
[22.30841839026532 'Conceptual' 6.804374860166532 13.988926734015651
 2.7627118644067794 50 6 3 6 22.30841839026532]
[26.31340452614629 'Conceptual' 6.804374860166532 13.988926734015651
 2.5932203389830506 50 6 3 7 26.31340452614629]
[30.491626518960476 'Conceptual' 6.804374860166532 13.988926734015651
 2.3728813559322033 50 6 3 8 30.491626518960476]
[33.39200417979435 'Conceptual' 6.804374860166532 13.988926734015651
 2.11864406779661 50 6 3 9 33.39200417979435]
[36.314590727511586 'Conceptual' 6.804374860166532 13.988926734015651
 2.0338983050847457 50 6 3 10 36.314590727511586]
[40.45274924728318 'Conceptual' 6.804374860166532 13.988926734015651
 1.9152542372881354 50 6 3 11 40.45274924728318]
[42.609381104262575 'Conceptual' 6.804374860166532 13.988926734015651
 1.8644067796610169 50 6 3 12 42.609381104262575]
[46.54126823900038 'Conceptual' 6.804374860166532 13.988926734015651
 1.7796610169491525 50 6 3 13 46.54126823900038]
[50.05959258873565 'Conceptual' 6.804374860166532 13.988926734015651
 1.7457627118644066 50 6 3 14 50.05959258873565]
[54.40076301096523 'Conceptual' 6.804374860166532 13.988926734015651
 1.694915254237288 50 6 3 15 54.40076301096523]
[57.29581721493557 'Conceptual' 6.804374860166532 13.988926734015651
 1.6101694915254237 50 6 3 16 57.29581721493557]
[60.44237287243042 'Conceptual' 6.804374860166532 13.988926734015651
 1.5254237288135593 50 6 3 17 60.44237287243042]
[63.78651572456765 'Conceptual' 6.804374860166532 13.988926734015651
 1.5084745762711864 50 6 3 18 63.78651572456765]
[66.98314792306114 'Conceptual' 6.804374860166532 13.988926734015651
 1.4406779661016949 50 6 3 19 66.98314792306114]
[0.0 'Conceptual' 6.804374860166532 13.988926734015651 0.0 50 6 4 0 0.0]
[4.932488816463875 'Conceptual' 6.804374860166532 13.988926734015651
 10.169491525423728 50 6 4 1 4.932488816463875]
[6.933365146383685 'Conceptual' 6.804374860166532 13.988926734015651
 5.983050847457626 50 6 4 2 6.933365146383685]
[9.48151321335168 'Conceptual' 6.804374860166532 13.988926734015651
 4.1525423728813555 50 6 4 3 9.48151321335168]
[14.58850088545272 'Conceptual' 6.804374860166532 13.988926734015651
 3.542372881355932 50 6 4 4 14.58850088545272]
[19.535417985729794 'Conceptual' 6.804374860166532 13.988926734015651
 3.0508474576271185 50 6 4 5 19.535417985729794]
[22.30841839026532 'Conceptual' 6.804374860166532 13.988926734015651
 2.7627118644067794 50 6 4 6 22.30841839026532]
[26.31340452614629 'Conceptual' 6.804374860166532 13.988926734015651
 2.5932203389830506 50 6 4 7 26.31340452614629]
[30.491626518960476 'Conceptual' 6.804374860166532 13.988926734015651
 2.3728813559322033 50 6 4 8 30.491626518960476]
[33.39200417979435 'Conceptual' 6.804374860166532 13.988926734015651
 2.11864406779661 50 6 4 9 33.39200417979435]
[36.314590727511586 'Conceptual' 6.804374860166532 13.988926734015651
 2.0338983050847457 50 6 4 10 36.314590727511586]
[40.45274924728318 'Conceptual' 6.804374860166532 13.988926734015651
 1.9152542372881354 50 6 4 11 40.45274924728318]
[42.609381104262575 'Conceptual' 6.804374860166532 13.988926734015651
 1.8644067796610169 50 6 4 12 42.609381104262575]
[46.54126823900038 'Conceptual' 6.804374860166532 13.988926734015651
 1.7796610169491525 50 6 4 13 46.54126823900038]
[50.05959258873565 'Conceptual' 6.804374860166532 13.988926734015651
 1.7457627118644066 50 6 4 14 50.05959258873565]
[54.40076301096523 'Conceptual' 6.804374860166532 13.988926734015651
 1.694915254237288 50 6 4 15 54.40076301096523]
[57.29581721493557 'Conceptual' 6.804374860166532 13.988926734015651
 1.6101694915254237 50 6 4 16 57.29581721493557]
[60.44237287243042 'Conceptual' 6.804374860166532 13.988926734015651
 1.5254237288135593 50 6 4 17 60.44237287243042]
[63.78651572456765 'Conceptual' 6.804374860166532 13.988926734015651
 1.5084745762711864 50 6 4 18 63.78651572456765]
[66.98314792306114 'Conceptual' 6.804374860166532 13.988926734015651
 1.4406779661016949 50 6 4 19 66.98314792306114]
[0.0 'Conceptual' 6.804374860166532 13.988926734015651 0.0 50 6 5 0 0.0]
[4.932488816463875 'Conceptual' 6.804374860166532 13.988926734015651
 10.169491525423728 50 6 5 1 4.932488816463875]
[6.933365146383685 'Conceptual' 6.804374860166532 13.988926734015651
 5.983050847457626 50 6 5 2 6.933365146383685]
[9.48151321335168 'Conceptual' 6.804374860166532 13.988926734015651
 4.1525423728813555 50 6 5 3 9.48151321335168]
[14.58850088545272 'Conceptual' 6.804374860166532 13.988926734015651
 3.542372881355932 50 6 5 4 14.58850088545272]
[19.535417985729794 'Conceptual' 6.804374860166532 13.988926734015651
 3.0508474576271185 50 6 5 5 19.535417985729794]
[22.30841839026532 'Conceptual' 6.804374860166532 13.988926734015651
 2.7627118644067794 50 6 5 6 22.30841839026532]
[26.31340452614629 'Conceptual' 6.804374860166532 13.988926734015651
 2.5932203389830506 50 6 5 7 26.31340452614629]
[30.491626518960476 'Conceptual' 6.804374860166532 13.988926734015651
 2.3728813559322033 50 6 5 8 30.491626518960476]
[33.39200417979435 'Conceptual' 6.804374860166532 13.988926734015651
 2.11864406779661 50 6 5 9 33.39200417979435]
[36.314590727511586 'Conceptual' 6.804374860166532 13.988926734015651
 2.0338983050847457 50 6 5 10 36.314590727511586]
[40.45274924728318 'Conceptual' 6.804374860166532 13.988926734015651
 1.9152542372881354 50 6 5 11 40.45274924728318]
[42.609381104262575 'Conceptual' 6.804374860166532 13.988926734015651
 1.8644067796610169 50 6 5 12 42.609381104262575]
[46.54126823900038 'Conceptual' 6.804374860166532 13.988926734015651
 1.7796610169491525 50 6 5 13 46.54126823900038]
[50.05959258873565 'Conceptual' 6.804374860166532 13.988926734015651
 1.7457627118644066 50 6 5 14 50.05959258873565]
[54.40076301096523 'Conceptual' 6.804374860166532 13.988926734015651
 1.694915254237288 50 6 5 15 54.40076301096523]
[57.29581721493557 'Conceptual' 6.804374860166532 13.988926734015651
 1.6101694915254237 50 6 5 16 57.29581721493557]
[60.44237287243042 'Conceptual' 6.804374860166532 13.988926734015651
 1.5254237288135593 50 6 5 17 60.44237287243042]
[63.78651572456765 'Conceptual' 6.804374860166532 13.988926734015651
 1.5084745762711864 50 6 5 18 63.78651572456765]
[66.98314792306114 'Conceptual' 6.804374860166532 13.988926734015651
 1.4406779661016949 50 6 5 19 66.98314792306114]
[0.0 'Conceptual' 6.804374860166532 13.988926734015651 0.0 50 6 7 0 0.0]
[4.932488816463875 'Conceptual' 6.804374860166532 13.988926734015651
 10.169491525423728 50 6 7 1 4.932488816463875]
[6.933365146383685 'Conceptual' 6.804374860166532 13.988926734015651
 5.983050847457626 50 6 7 2 6.933365146383685]
[9.48151321335168 'Conceptual' 6.804374860166532 13.988926734015651
 4.1525423728813555 50 6 7 3 9.48151321335168]
[14.58850088545272 'Conceptual' 6.804374860166532 13.988926734015651
 3.542372881355932 50 6 7 4 14.58850088545272]
[19.535417985729794 'Conceptual' 6.804374860166532 13.988926734015651
 3.0508474576271185 50 6 7 5 19.535417985729794]
[22.30841839026532 'Conceptual' 6.804374860166532 13.988926734015651
 2.7627118644067794 50 6 7 6 22.30841839026532]
[26.31340452614629 'Conceptual' 6.804374860166532 13.988926734015651
 2.5932203389830506 50 6 7 7 26.31340452614629]
[30.491626518960476 'Conceptual' 6.804374860166532 13.988926734015651
 2.3728813559322033 50 6 7 8 30.491626518960476]
[33.39200417979435 'Conceptual' 6.804374860166532 13.988926734015651
 2.11864406779661 50 6 7 9 33.39200417979435]
[36.314590727511586 'Conceptual' 6.804374860166532 13.988926734015651
 2.0338983050847457 50 6 7 10 36.314590727511586]
[40.45274924728318 'Conceptual' 6.804374860166532 13.988926734015651
 1.9152542372881354 50 6 7 11 40.45274924728318]
[42.609381104262575 'Conceptual' 6.804374860166532 13.988926734015651
 1.8644067796610169 50 6 7 12 42.609381104262575]
[46.54126823900038 'Conceptual' 6.804374860166532 13.988926734015651
 1.7796610169491525 50 6 7 13 46.54126823900038]
[50.05959258873565 'Conceptual' 6.804374860166532 13.988926734015651
 1.7457627118644066 50 6 7 14 50.05959258873565]
[54.40076301096523 'Conceptual' 6.804374860166532 13.988926734015651
 1.694915254237288 50 6 7 15 54.40076301096523]
[57.29581721493557 'Conceptual' 6.804374860166532 13.988926734015651
 1.6101694915254237 50 6 7 16 57.29581721493557]
[60.44237287243042 'Conceptual' 6.804374860166532 13.988926734015651
 1.5254237288135593 50 6 7 17 60.44237287243042]
[63.78651572456765 'Conceptual' 6.804374860166532 13.988926734015651
 1.5084745762711864 50 6 7 18 63.78651572456765]
[66.98314792306114 'Conceptual' 6.804374860166532 13.988926734015651
 1.4406779661016949 50 6 7 19 66.98314792306114]
[0.0 'Conceptual' 6.804374860166532 13.988926734015651 0.0 50 6 8 0 0.0]
[4.932488816463875 'Conceptual' 6.804374860166532 13.988926734015651
 10.169491525423728 50 6 8 1 4.932488816463875]
[6.933365146383685 'Conceptual' 6.804374860166532 13.988926734015651
 5.983050847457626 50 6 8 2 6.933365146383685]
[9.48151321335168 'Conceptual' 6.804374860166532 13.988926734015651
 4.1525423728813555 50 6 8 3 9.48151321335168]
[14.58850088545272 'Conceptual' 6.804374860166532 13.988926734015651
 3.542372881355932 50 6 8 4 14.58850088545272]
[19.535417985729794 'Conceptual' 6.804374860166532 13.988926734015651
 3.0508474576271185 50 6 8 5 19.535417985729794]
[22.30841839026532 'Conceptual' 6.804374860166532 13.988926734015651
 2.7627118644067794 50 6 8 6 22.30841839026532]
[26.31340452614629 'Conceptual' 6.804374860166532 13.988926734015651
 2.5932203389830506 50 6 8 7 26.31340452614629]
[30.491626518960476 'Conceptual' 6.804374860166532 13.988926734015651
 2.3728813559322033 50 6 8 8 30.491626518960476]
[33.39200417979435 'Conceptual' 6.804374860166532 13.988926734015651
 2.11864406779661 50 6 8 9 33.39200417979435]
[36.314590727511586 'Conceptual' 6.804374860166532 13.988926734015651
 2.0338983050847457 50 6 8 10 36.314590727511586]
[40.45274924728318 'Conceptual' 6.804374860166532 13.988926734015651
 1.9152542372881354 50 6 8 11 40.45274924728318]
[42.609381104262575 'Conceptual' 6.804374860166532 13.988926734015651
 1.8644067796610169 50 6 8 12 42.609381104262575]
[46.54126823900038 'Conceptual' 6.804374860166532 13.988926734015651
 1.7796610169491525 50 6 8 13 46.54126823900038]
[50.05959258873565 'Conceptual' 6.804374860166532 13.988926734015651
 1.7457627118644066 50 6 8 14 50.05959258873565]
[54.40076301096523 'Conceptual' 6.804374860166532 13.988926734015651
 1.694915254237288 50 6 8 15 54.40076301096523]
[57.29581721493557 'Conceptual' 6.804374860166532 13.988926734015651
 1.6101694915254237 50 6 8 16 57.29581721493557]
[60.44237287243042 'Conceptual' 6.804374860166532 13.988926734015651
 1.5254237288135593 50 6 8 17 60.44237287243042]
[63.78651572456765 'Conceptual' 6.804374860166532 13.988926734015651
 1.5084745762711864 50 6 8 18 63.78651572456765]
[66.98314792306114 'Conceptual' 6.804374860166532 13.988926734015651
 1.4406779661016949 50 6 8 19 66.98314792306114]
