[0.0 'Spatial' 1.2129184901143626 0.10643430320187576 0.0 83 2 0 0 0.0]
[4.025199213233832 'Spatial' 1.2129184901143626 0.10643430320187576
 0.1694915254237288 83 2 0 1 4.025199213233832]
[7.936862392401624 'Spatial' 1.2129184901143626 0.10643430320187576
 0.1694915254237288 83 2 0 2 7.936862392401624]
[11.329500362818846 'Spatial' 1.2129184901143626 0.10643430320187576
 1.1864406779661016 83 2 0 3 11.329500362818846]
[15.495459526123504 'Spatial' 1.2129184901143626 0.10643430320187576
 2.254237288135593 83 2 0 4 15.495459526123504]
[18.409273500320527 'Spatial' 1.2129184901143626 0.10643430320187576
 1.2372881355932202 83 2 0 5 18.409273500320527]
[20.617965971831556 'Spatial' 1.2129184901143626 0.10643430320187576
 1.0677966101694913 83 2 0 6 20.617965971831556]
[24.836830338404713 'Spatial' 1.2129184901143626 0.10643430320187576
 0.9999999999999999 83 2 0 7 24.836830338404713]
[29.225457366610215 'Spatial' 1.2129184901143626 0.10643430320187576
 0.8983050847457626 83 2 0 8 29.225457366610215]
[33.4280227878019 'Spatial' 1.2129184901143626 0.10643430320187576
 0.8983050847457626 83 2 0 9 33.4280227878019]
[37.6154469160884 'Spatial' 1.2129184901143626 0.10643430320187576
 0.8983050847457626 83 2 0 10 37.6154469160884]
[39.37687471568223 'Spatial' 1.2129184901143626 0.10643430320187576
 0.8305084745762711 83 2 0 11 39.37687471568223]
[40.57810169768861 'Spatial' 1.2129184901143626 0.10643430320187576
 0.7627118644067796 83 2 0 12 40.57810169768861]
[41.27303806505819 'Spatial' 1.2129184901143626 0.10643430320187576
 0.7288135593220338 83 2 0 13 41.27303806505819]
[41.5490724369827 'Spatial' 1.2129184901143626 0.10643430320187576
 0.6779661016949152 83 2 0 14 41.5490724369827]
[44.22663893087293 'Spatial' 1.2129184901143626 0.10643430320187576
 0.7627118644067796 83 2 0 15 44.22663893087293]
[44.28929891629057 'Spatial' 1.2129184901143626 0.10643430320187576
 0.7288135593220338 83 2 0 16 44.28929891629057]
[46.323037251047786 'Spatial' 1.2129184901143626 0.10643430320187576
 0.7627118644067796 83 2 0 17 46.323037251047786]
[47.93045297881056 'Spatial' 1.2129184901143626 0.10643430320187576
 0.7627118644067796 83 2 0 18 47.93045297881056]
[49.24868424880761 'Spatial' 1.2129184901143626 0.10643430320187576
 0.7627118644067796 83 2 0 19 49.24868424880761]
[0.0 'Spatial' 1.2129184901143626 0.10643430320187576 0.0 83 2 1 0 0.0]
[4.025199213233832 'Spatial' 1.2129184901143626 0.10643430320187576
 0.1694915254237288 83 2 1 1 4.025199213233832]
[7.936862392401624 'Spatial' 1.2129184901143626 0.10643430320187576
 0.1694915254237288 83 2 1 2 7.936862392401624]
[11.329500362818846 'Spatial' 1.2129184901143626 0.10643430320187576
 1.1864406779661016 83 2 1 3 11.329500362818846]
[15.495459526123504 'Spatial' 1.2129184901143626 0.10643430320187576
 2.254237288135593 83 2 1 4 15.495459526123504]
[18.409273500320527 'Spatial' 1.2129184901143626 0.10643430320187576
 1.2372881355932202 83 2 1 5 18.409273500320527]
[20.617965971831556 'Spatial' 1.2129184901143626 0.10643430320187576
 1.0677966101694913 83 2 1 6 20.617965971831556]
[24.836830338404713 'Spatial' 1.2129184901143626 0.10643430320187576
 0.9999999999999999 83 2 1 7 24.836830338404713]
[29.225457366610215 'Spatial' 1.2129184901143626 0.10643430320187576
 0.8983050847457626 83 2 1 8 29.225457366610215]
[33.4280227878019 'Spatial' 1.2129184901143626 0.10643430320187576
 0.8983050847457626 83 2 1 9 33.4280227878019]
[37.6154469160884 'Spatial' 1.2129184901143626 0.10643430320187576
 0.8983050847457626 83 2 1 10 37.6154469160884]
[39.37687471568223 'Spatial' 1.2129184901143626 0.10643430320187576
 0.8305084745762711 83 2 1 11 39.37687471568223]
[40.57810169768861 'Spatial' 1.2129184901143626 0.10643430320187576
 0.7627118644067796 83 2 1 12 40.57810169768861]
[41.27303806505819 'Spatial' 1.2129184901143626 0.10643430320187576
 0.7288135593220338 83 2 1 13 41.27303806505819]
[41.5490724369827 'Spatial' 1.2129184901143626 0.10643430320187576
 0.6779661016949152 83 2 1 14 41.5490724369827]
[44.22663893087293 'Spatial' 1.2129184901143626 0.10643430320187576
 0.7627118644067796 83 2 1 15 44.22663893087293]
[44.28929891629057 'Spatial' 1.2129184901143626 0.10643430320187576
 0.7288135593220338 83 2 1 16 44.28929891629057]
[46.323037251047786 'Spatial' 1.2129184901143626 0.10643430320187576
 0.7627118644067796 83 2 1 17 46.323037251047786]
[47.93045297881056 'Spatial' 1.2129184901143626 0.10643430320187576
 0.7627118644067796 83 2 1 18 47.93045297881056]
[49.24868424880761 'Spatial' 1.2129184901143626 0.10643430320187576
 0.7627118644067796 83 2 1 19 49.24868424880761]
[0.0 'Spatial' 1.2129184901143626 0.10643430320187576 0.0 83 2 3 0 0.0]
[4.025199213233832 'Spatial' 1.2129184901143626 0.10643430320187576
 0.1694915254237288 83 2 3 1 4.025199213233832]
[7.936862392401624 'Spatial' 1.2129184901143626 0.10643430320187576
 0.1694915254237288 83 2 3 2 7.936862392401624]
[11.329500362818846 'Spatial' 1.2129184901143626 0.10643430320187576
 1.1864406779661016 83 2 3 3 11.329500362818846]
[15.495459526123504 'Spatial' 1.2129184901143626 0.10643430320187576
 2.254237288135593 83 2 3 4 15.495459526123504]
[18.409273500320527 'Spatial' 1.2129184901143626 0.10643430320187576
 1.2372881355932202 83 2 3 5 18.409273500320527]
[20.617965971831556 'Spatial' 1.2129184901143626 0.10643430320187576
 1.0677966101694913 83 2 3 6 20.617965971831556]
[24.836830338404713 'Spatial' 1.2129184901143626 0.10643430320187576
 0.9999999999999999 83 2 3 7 24.836830338404713]
[29.225457366610215 'Spatial' 1.2129184901143626 0.10643430320187576
 0.8983050847457626 83 2 3 8 29.225457366610215]
[33.4280227878019 'Spatial' 1.2129184901143626 0.10643430320187576
 0.8983050847457626 83 2 3 9 33.4280227878019]
[37.6154469160884 'Spatial' 1.2129184901143626 0.10643430320187576
 0.8983050847457626 83 2 3 10 37.6154469160884]
[39.37687471568223 'Spatial' 1.2129184901143626 0.10643430320187576
 0.8305084745762711 83 2 3 11 39.37687471568223]
[40.57810169768861 'Spatial' 1.2129184901143626 0.10643430320187576
 0.7627118644067796 83 2 3 12 40.57810169768861]
[41.27303806505819 'Spatial' 1.2129184901143626 0.10643430320187576
 0.7288135593220338 83 2 3 13 41.27303806505819]
[41.5490724369827 'Spatial' 1.2129184901143626 0.10643430320187576
 0.6779661016949152 83 2 3 14 41.5490724369827]
[44.22663893087293 'Spatial' 1.2129184901143626 0.10643430320187576
 0.7627118644067796 83 2 3 15 44.22663893087293]
[44.28929891629057 'Spatial' 1.2129184901143626 0.10643430320187576
 0.7288135593220338 83 2 3 16 44.28929891629057]
[46.323037251047786 'Spatial' 1.2129184901143626 0.10643430320187576
 0.7627118644067796 83 2 3 17 46.323037251047786]
[47.93045297881056 'Spatial' 1.2129184901143626 0.10643430320187576
 0.7627118644067796 83 2 3 18 47.93045297881056]
[49.24868424880761 'Spatial' 1.2129184901143626 0.10643430320187576
 0.7627118644067796 83 2 3 19 49.24868424880761]
[0.0 'Spatial' 1.2129184901143626 0.10643430320187576 0.0 83 2 4 0 0.0]
[4.025199213233832 'Spatial' 1.2129184901143626 0.10643430320187576
 0.1694915254237288 83 2 4 1 4.025199213233832]
[7.936862392401624 'Spatial' 1.2129184901143626 0.10643430320187576
 0.1694915254237288 83 2 4 2 7.936862392401624]
[11.329500362818846 'Spatial' 1.2129184901143626 0.10643430320187576
 1.1864406779661016 83 2 4 3 11.329500362818846]
[15.495459526123504 'Spatial' 1.2129184901143626 0.10643430320187576
 2.254237288135593 83 2 4 4 15.495459526123504]
[18.409273500320527 'Spatial' 1.2129184901143626 0.10643430320187576
 1.2372881355932202 83 2 4 5 18.409273500320527]
[20.617965971831556 'Spatial' 1.2129184901143626 0.10643430320187576
 1.0677966101694913 83 2 4 6 20.617965971831556]
[24.836830338404713 'Spatial' 1.2129184901143626 0.10643430320187576
 0.9999999999999999 83 2 4 7 24.836830338404713]
[29.225457366610215 'Spatial' 1.2129184901143626 0.10643430320187576
 0.8983050847457626 83 2 4 8 29.225457366610215]
[33.4280227878019 'Spatial' 1.2129184901143626 0.10643430320187576
 0.8983050847457626 83 2 4 9 33.4280227878019]
[37.6154469160884 'Spatial' 1.2129184901143626 0.10643430320187576
 0.8983050847457626 83 2 4 10 37.6154469160884]
[39.37687471568223 'Spatial' 1.2129184901143626 0.10643430320187576
 0.8305084745762711 83 2 4 11 39.37687471568223]
[40.57810169768861 'Spatial' 1.2129184901143626 0.10643430320187576
 0.7627118644067796 83 2 4 12 40.57810169768861]
[41.27303806505819 'Spatial' 1.2129184901143626 0.10643430320187576
 0.7288135593220338 83 2 4 13 41.27303806505819]
[41.5490724369827 'Spatial' 1.2129184901143626 0.10643430320187576
 0.6779661016949152 83 2 4 14 41.5490724369827]
[44.22663893087293 'Spatial' 1.2129184901143626 0.10643430320187576
 0.7627118644067796 83 2 4 15 44.22663893087293]
[44.28929891629057 'Spatial' 1.2129184901143626 0.10643430320187576
 0.7288135593220338 83 2 4 16 44.28929891629057]
[46.323037251047786 'Spatial' 1.2129184901143626 0.10643430320187576
 0.7627118644067796 83 2 4 17 46.323037251047786]
[47.93045297881056 'Spatial' 1.2129184901143626 0.10643430320187576
 0.7627118644067796 83 2 4 18 47.93045297881056]
[49.24868424880761 'Spatial' 1.2129184901143626 0.10643430320187576
 0.7627118644067796 83 2 4 19 49.24868424880761]
[0.0 'Spatial' 1.2129184901143626 0.10643430320187576 0.0 83 2 5 0 0.0]
[4.025199213233832 'Spatial' 1.2129184901143626 0.10643430320187576
 0.1694915254237288 83 2 5 1 4.025199213233832]
[7.936862392401624 'Spatial' 1.2129184901143626 0.10643430320187576
 0.1694915254237288 83 2 5 2 7.936862392401624]
[11.329500362818846 'Spatial' 1.2129184901143626 0.10643430320187576
 1.1864406779661016 83 2 5 3 11.329500362818846]
[15.495459526123504 'Spatial' 1.2129184901143626 0.10643430320187576
 2.254237288135593 83 2 5 4 15.495459526123504]
[18.409273500320527 'Spatial' 1.2129184901143626 0.10643430320187576
 1.2372881355932202 83 2 5 5 18.409273500320527]
[20.617965971831556 'Spatial' 1.2129184901143626 0.10643430320187576
 1.0677966101694913 83 2 5 6 20.617965971831556]
[24.836830338404713 'Spatial' 1.2129184901143626 0.10643430320187576
 0.9999999999999999 83 2 5 7 24.836830338404713]
[29.225457366610215 'Spatial' 1.2129184901143626 0.10643430320187576
 0.8983050847457626 83 2 5 8 29.225457366610215]
[33.4280227878019 'Spatial' 1.2129184901143626 0.10643430320187576
 0.8983050847457626 83 2 5 9 33.4280227878019]
[37.6154469160884 'Spatial' 1.2129184901143626 0.10643430320187576
 0.8983050847457626 83 2 5 10 37.6154469160884]
[39.37687471568223 'Spatial' 1.2129184901143626 0.10643430320187576
 0.8305084745762711 83 2 5 11 39.37687471568223]
[40.57810169768861 'Spatial' 1.2129184901143626 0.10643430320187576
 0.7627118644067796 83 2 5 12 40.57810169768861]
[41.27303806505819 'Spatial' 1.2129184901143626 0.10643430320187576
 0.7288135593220338 83 2 5 13 41.27303806505819]
[41.5490724369827 'Spatial' 1.2129184901143626 0.10643430320187576
 0.6779661016949152 83 2 5 14 41.5490724369827]
[44.22663893087293 'Spatial' 1.2129184901143626 0.10643430320187576
 0.7627118644067796 83 2 5 15 44.22663893087293]
[44.28929891629057 'Spatial' 1.2129184901143626 0.10643430320187576
 0.7288135593220338 83 2 5 16 44.28929891629057]
[46.323037251047786 'Spatial' 1.2129184901143626 0.10643430320187576
 0.7627118644067796 83 2 5 17 46.323037251047786]
[47.93045297881056 'Spatial' 1.2129184901143626 0.10643430320187576
 0.7627118644067796 83 2 5 18 47.93045297881056]
[49.24868424880761 'Spatial' 1.2129184901143626 0.10643430320187576
 0.7627118644067796 83 2 5 19 49.24868424880761]
[0.0 'Spatial' 1.2129184901143626 0.10643430320187576 0.0 83 2 6 0 0.0]
[4.025199213233832 'Spatial' 1.2129184901143626 0.10643430320187576
 0.1694915254237288 83 2 6 1 4.025199213233832]
[7.936862392401624 'Spatial' 1.2129184901143626 0.10643430320187576
 0.1694915254237288 83 2 6 2 7.936862392401624]
[11.329500362818846 'Spatial' 1.2129184901143626 0.10643430320187576
 1.1864406779661016 83 2 6 3 11.329500362818846]
[15.495459526123504 'Spatial' 1.2129184901143626 0.10643430320187576
 2.254237288135593 83 2 6 4 15.495459526123504]
[18.409273500320527 'Spatial' 1.2129184901143626 0.10643430320187576
 1.2372881355932202 83 2 6 5 18.409273500320527]
[20.617965971831556 'Spatial' 1.2129184901143626 0.10643430320187576
 1.0677966101694913 83 2 6 6 20.617965971831556]
[24.836830338404713 'Spatial' 1.2129184901143626 0.10643430320187576
 0.9999999999999999 83 2 6 7 24.836830338404713]
[29.225457366610215 'Spatial' 1.2129184901143626 0.10643430320187576
 0.8983050847457626 83 2 6 8 29.225457366610215]
[33.4280227878019 'Spatial' 1.2129184901143626 0.10643430320187576
 0.8983050847457626 83 2 6 9 33.4280227878019]
[37.6154469160884 'Spatial' 1.2129184901143626 0.10643430320187576
 0.8983050847457626 83 2 6 10 37.6154469160884]
[39.37687471568223 'Spatial' 1.2129184901143626 0.10643430320187576
 0.8305084745762711 83 2 6 11 39.37687471568223]
[40.57810169768861 'Spatial' 1.2129184901143626 0.10643430320187576
 0.7627118644067796 83 2 6 12 40.57810169768861]
[41.27303806505819 'Spatial' 1.2129184901143626 0.10643430320187576
 0.7288135593220338 83 2 6 13 41.27303806505819]
[41.5490724369827 'Spatial' 1.2129184901143626 0.10643430320187576
 0.6779661016949152 83 2 6 14 41.5490724369827]
[44.22663893087293 'Spatial' 1.2129184901143626 0.10643430320187576
 0.7627118644067796 83 2 6 15 44.22663893087293]
[44.28929891629057 'Spatial' 1.2129184901143626 0.10643430320187576
 0.7288135593220338 83 2 6 16 44.28929891629057]
[46.323037251047786 'Spatial' 1.2129184901143626 0.10643430320187576
 0.7627118644067796 83 2 6 17 46.323037251047786]
[47.93045297881056 'Spatial' 1.2129184901143626 0.10643430320187576
 0.7627118644067796 83 2 6 18 47.93045297881056]
[49.24868424880761 'Spatial' 1.2129184901143626 0.10643430320187576
 0.7627118644067796 83 2 6 19 49.24868424880761]
[0.0 'Spatial' 1.2129184901143626 0.10643430320187576 0.0 83 2 7 0 0.0]
[4.025199213233832 'Spatial' 1.2129184901143626 0.10643430320187576
 0.1694915254237288 83 2 7 1 4.025199213233832]
[7.936862392401624 'Spatial' 1.2129184901143626 0.10643430320187576
 0.1694915254237288 83 2 7 2 7.936862392401624]
[11.329500362818846 'Spatial' 1.2129184901143626 0.10643430320187576
 1.1864406779661016 83 2 7 3 11.329500362818846]
[15.495459526123504 'Spatial' 1.2129184901143626 0.10643430320187576
 2.254237288135593 83 2 7 4 15.495459526123504]
[18.409273500320527 'Spatial' 1.2129184901143626 0.10643430320187576
 1.2372881355932202 83 2 7 5 18.409273500320527]
[20.617965971831556 'Spatial' 1.2129184901143626 0.10643430320187576
 1.0677966101694913 83 2 7 6 20.617965971831556]
[24.836830338404713 'Spatial' 1.2129184901143626 0.10643430320187576
 0.9999999999999999 83 2 7 7 24.836830338404713]
[29.225457366610215 'Spatial' 1.2129184901143626 0.10643430320187576
 0.8983050847457626 83 2 7 8 29.225457366610215]
[33.4280227878019 'Spatial' 1.2129184901143626 0.10643430320187576
 0.8983050847457626 83 2 7 9 33.4280227878019]
[37.6154469160884 'Spatial' 1.2129184901143626 0.10643430320187576
 0.8983050847457626 83 2 7 10 37.6154469160884]
[39.37687471568223 'Spatial' 1.2129184901143626 0.10643430320187576
 0.8305084745762711 83 2 7 11 39.37687471568223]
[40.57810169768861 'Spatial' 1.2129184901143626 0.10643430320187576
 0.7627118644067796 83 2 7 12 40.57810169768861]
[41.27303806505819 'Spatial' 1.2129184901143626 0.10643430320187576
 0.7288135593220338 83 2 7 13 41.27303806505819]
[41.5490724369827 'Spatial' 1.2129184901143626 0.10643430320187576
 0.6779661016949152 83 2 7 14 41.5490724369827]
[44.22663893087293 'Spatial' 1.2129184901143626 0.10643430320187576
 0.7627118644067796 83 2 7 15 44.22663893087293]
[44.28929891629057 'Spatial' 1.2129184901143626 0.10643430320187576
 0.7288135593220338 83 2 7 16 44.28929891629057]
[46.323037251047786 'Spatial' 1.2129184901143626 0.10643430320187576
 0.7627118644067796 83 2 7 17 46.323037251047786]
[47.93045297881056 'Spatial' 1.2129184901143626 0.10643430320187576
 0.7627118644067796 83 2 7 18 47.93045297881056]
[49.24868424880761 'Spatial' 1.2129184901143626 0.10643430320187576
 0.7627118644067796 83 2 7 19 49.24868424880761]
[0.0 'Spatial' 1.2129184901143626 0.10643430320187576 0.0 83 2 8 0 0.0]
[4.025199213233832 'Spatial' 1.2129184901143626 0.10643430320187576
 0.1694915254237288 83 2 8 1 4.025199213233832]
[7.936862392401624 'Spatial' 1.2129184901143626 0.10643430320187576
 0.1694915254237288 83 2 8 2 7.936862392401624]
[11.329500362818846 'Spatial' 1.2129184901143626 0.10643430320187576
 1.1864406779661016 83 2 8 3 11.329500362818846]
[15.495459526123504 'Spatial' 1.2129184901143626 0.10643430320187576
 2.254237288135593 83 2 8 4 15.495459526123504]
[18.409273500320527 'Spatial' 1.2129184901143626 0.10643430320187576
 1.2372881355932202 83 2 8 5 18.409273500320527]
[20.617965971831556 'Spatial' 1.2129184901143626 0.10643430320187576
 1.0677966101694913 83 2 8 6 20.617965971831556]
[24.836830338404713 'Spatial' 1.2129184901143626 0.10643430320187576
 0.9999999999999999 83 2 8 7 24.836830338404713]
[29.225457366610215 'Spatial' 1.2129184901143626 0.10643430320187576
 0.8983050847457626 83 2 8 8 29.225457366610215]
[33.4280227878019 'Spatial' 1.2129184901143626 0.10643430320187576
 0.8983050847457626 83 2 8 9 33.4280227878019]
[37.6154469160884 'Spatial' 1.2129184901143626 0.10643430320187576
 0.8983050847457626 83 2 8 10 37.6154469160884]
[39.37687471568223 'Spatial' 1.2129184901143626 0.10643430320187576
 0.8305084745762711 83 2 8 11 39.37687471568223]
[40.57810169768861 'Spatial' 1.2129184901143626 0.10643430320187576
 0.7627118644067796 83 2 8 12 40.57810169768861]
[41.27303806505819 'Spatial' 1.2129184901143626 0.10643430320187576
 0.7288135593220338 83 2 8 13 41.27303806505819]
[41.5490724369827 'Spatial' 1.2129184901143626 0.10643430320187576
 0.6779661016949152 83 2 8 14 41.5490724369827]
[44.22663893087293 'Spatial' 1.2129184901143626 0.10643430320187576
 0.7627118644067796 83 2 8 15 44.22663893087293]
[44.28929891629057 'Spatial' 1.2129184901143626 0.10643430320187576
 0.7288135593220338 83 2 8 16 44.28929891629057]
[46.323037251047786 'Spatial' 1.2129184901143626 0.10643430320187576
 0.7627118644067796 83 2 8 17 46.323037251047786]
[47.93045297881056 'Spatial' 1.2129184901143626 0.10643430320187576
 0.7627118644067796 83 2 8 18 47.93045297881056]
[49.24868424880761 'Spatial' 1.2129184901143626 0.10643430320187576
 0.7627118644067796 83 2 8 19 49.24868424880761]
