[0.0 'Conceptual' 4.16562481220508 10.320882422137409 0.0 104 2 0 0 0.0]
[5.276807014412121 'Conceptual' 4.16562481220508 10.320882422137409
 10.169491525423728 104 2 0 1 5.276807014412121]
[7.689803176217932 'Conceptual' 4.16562481220508 10.320882422137409
 7.203389830508473 104 2 0 2 7.689803176217932]
[12.739010103558009 'Conceptual' 4.16562481220508 10.320882422137409
 4.322033898305084 104 2 0 3 12.739010103558009]
[16.3200454291361 'Conceptual' 4.16562481220508 10.320882422137409
 3.7288135593220337 104 2 0 4 16.3200454291361]
[19.77399504414096 'Conceptual' 4.16562481220508 10.320882422137409
 3.2033898305084745 104 2 0 5 19.77399504414096]
[23.7189626382587 'Conceptual' 4.16562481220508 10.320882422137409
 2.7627118644067794 104 2 0 6 23.7189626382587]
[28.045329297933545 'Conceptual' 4.16562481220508 10.320882422137409
 2.5254237288135593 104 2 0 7 28.045329297933545]
[30.18137346221708 'Conceptual' 4.16562481220508 10.320882422137409
 2.3559322033898304 104 2 0 8 30.18137346221708]
[33.421540550644934 'Conceptual' 4.16562481220508 10.320882422137409
 2.152542372881356 104 2 0 9 33.421540550644934]
[37.65449536541712 'Conceptual' 4.16562481220508 10.320882422137409
 1.9152542372881354 104 2 0 10 37.65449536541712]
[40.60023349524135 'Conceptual' 4.16562481220508 10.320882422137409
 1.847457627118644 104 2 0 11 40.60023349524135]
[43.63703411122525 'Conceptual' 4.16562481220508 10.320882422137409
 1.8644067796610169 104 2 0 12 43.63703411122525]
[47.10282005345561 'Conceptual' 4.16562481220508 10.320882422137409
 1.7796610169491525 104 2 0 13 47.10282005345561]
[50.99309955659655 'Conceptual' 4.16562481220508 10.320882422137409
 1.694915254237288 104 2 0 14 50.99309955659655]
[53.87529944565319 'Conceptual' 4.16562481220508 10.320882422137409
 1.6101694915254237 104 2 0 15 53.87529944565319]
[58.38315271217013 'Conceptual' 4.16562481220508 10.320882422137409
 1.5762711864406778 104 2 0 16 58.38315271217013]
[61.12974809853468 'Conceptual' 4.16562481220508 10.320882422137409
 1.5084745762711864 104 2 0 17 61.12974809853468]
[64.8881143345356 'Conceptual' 4.16562481220508 10.320882422137409
 1.5762711864406778 104 2 0 18 64.8881143345356]
[69.47919963184037 'Conceptual' 4.16562481220508 10.320882422137409
 1.4406779661016949 104 2 0 19 69.47919963184037]
[0.0 'Conceptual' 4.16562481220508 10.320882422137409 0.0 104 2 1 0 0.0]
[5.276807014412121 'Conceptual' 4.16562481220508 10.320882422137409
 10.169491525423728 104 2 1 1 5.276807014412121]
[7.689803176217932 'Conceptual' 4.16562481220508 10.320882422137409
 7.203389830508473 104 2 1 2 7.689803176217932]
[12.739010103558009 'Conceptual' 4.16562481220508 10.320882422137409
 4.322033898305084 104 2 1 3 12.739010103558009]
[16.3200454291361 'Conceptual' 4.16562481220508 10.320882422137409
 3.7288135593220337 104 2 1 4 16.3200454291361]
[19.77399504414096 'Conceptual' 4.16562481220508 10.320882422137409
 3.2033898305084745 104 2 1 5 19.77399504414096]
[23.7189626382587 'Conceptual' 4.16562481220508 10.320882422137409
 2.7627118644067794 104 2 1 6 23.7189626382587]
[28.045329297933545 'Conceptual' 4.16562481220508 10.320882422137409
 2.5254237288135593 104 2 1 7 28.045329297933545]
[30.18137346221708 'Conceptual' 4.16562481220508 10.320882422137409
 2.3559322033898304 104 2 1 8 30.18137346221708]
[33.421540550644934 'Conceptual' 4.16562481220508 10.320882422137409
 2.152542372881356 104 2 1 9 33.421540550644934]
[37.65449536541712 'Conceptual' 4.16562481220508 10.320882422137409
 1.9152542372881354 104 2 1 10 37.65449536541712]
[40.60023349524135 'Conceptual' 4.16562481220508 10.320882422137409
 1.847457627118644 104 2 1 11 40.60023349524135]
[43.63703411122525 'Conceptual' 4.16562481220508 10.320882422137409
 1.8644067796610169 104 2 1 12 43.63703411122525]
[47.10282005345561 'Conceptual' 4.16562481220508 10.320882422137409
 1.7796610169491525 104 2 1 13 47.10282005345561]
[50.99309955659655 'Conceptual' 4.16562481220508 10.320882422137409
 1.694915254237288 104 2 1 14 50.99309955659655]
[53.87529944565319 'Conceptual' 4.16562481220508 10.320882422137409
 1.6101694915254237 104 2 1 15 53.87529944565319]
[58.38315271217013 'Conceptual' 4.16562481220508 10.320882422137409
 1.5762711864406778 104 2 1 16 58.38315271217013]
[61.12974809853468 'Conceptual' 4.16562481220508 10.320882422137409
 1.5084745762711864 104 2 1 17 61.12974809853468]
[64.8881143345356 'Conceptual' 4.16562481220508 10.320882422137409
 1.5762711864406778 104 2 1 18 64.8881143345356]
[69.47919963184037 'Conceptual' 4.16562481220508 10.320882422137409
 1.4406779661016949 104 2 1 19 69.47919963184037]
[0.0 'Conceptual' 4.16562481220508 10.320882422137409 0.0 104 2 3 0 0.0]
[5.276807014412121 'Conceptual' 4.16562481220508 10.320882422137409
 10.169491525423728 104 2 3 1 5.276807014412121]
[7.689803176217932 'Conceptual' 4.16562481220508 10.320882422137409
 7.203389830508473 104 2 3 2 7.689803176217932]
[12.739010103558009 'Conceptual' 4.16562481220508 10.320882422137409
 4.322033898305084 104 2 3 3 12.739010103558009]
[16.3200454291361 'Conceptual' 4.16562481220508 10.320882422137409
 3.7288135593220337 104 2 3 4 16.3200454291361]
[19.77399504414096 'Conceptual' 4.16562481220508 10.320882422137409
 3.2033898305084745 104 2 3 5 19.77399504414096]
[23.7189626382587 'Conceptual' 4.16562481220508 10.320882422137409
 2.7627118644067794 104 2 3 6 23.7189626382587]
[28.045329297933545 'Conceptual' 4.16562481220508 10.320882422137409
 2.5254237288135593 104 2 3 7 28.045329297933545]
[30.18137346221708 'Conceptual' 4.16562481220508 10.320882422137409
 2.3559322033898304 104 2 3 8 30.18137346221708]
[33.421540550644934 'Conceptual' 4.16562481220508 10.320882422137409
 2.152542372881356 104 2 3 9 33.421540550644934]
[37.65449536541712 'Conceptual' 4.16562481220508 10.320882422137409
 1.9152542372881354 104 2 3 10 37.65449536541712]
[40.60023349524135 'Conceptual' 4.16562481220508 10.320882422137409
 1.847457627118644 104 2 3 11 40.60023349524135]
[43.63703411122525 'Conceptual' 4.16562481220508 10.320882422137409
 1.8644067796610169 104 2 3 12 43.63703411122525]
[47.10282005345561 'Conceptual' 4.16562481220508 10.320882422137409
 1.7796610169491525 104 2 3 13 47.10282005345561]
[50.99309955659655 'Conceptual' 4.16562481220508 10.320882422137409
 1.694915254237288 104 2 3 14 50.99309955659655]
[53.87529944565319 'Conceptual' 4.16562481220508 10.320882422137409
 1.6101694915254237 104 2 3 15 53.87529944565319]
[58.38315271217013 'Conceptual' 4.16562481220508 10.320882422137409
 1.5762711864406778 104 2 3 16 58.38315271217013]
[61.12974809853468 'Conceptual' 4.16562481220508 10.320882422137409
 1.5084745762711864 104 2 3 17 61.12974809853468]
[64.8881143345356 'Conceptual' 4.16562481220508 10.320882422137409
 1.5762711864406778 104 2 3 18 64.8881143345356]
[69.47919963184037 'Conceptual' 4.16562481220508 10.320882422137409
 1.4406779661016949 104 2 3 19 69.47919963184037]
[0.0 'Conceptual' 4.16562481220508 10.320882422137409 0.0 104 2 4 0 0.0]
[5.276807014412121 'Conceptual' 4.16562481220508 10.320882422137409
 10.169491525423728 104 2 4 1 5.276807014412121]
[7.689803176217932 'Conceptual' 4.16562481220508 10.320882422137409
 7.203389830508473 104 2 4 2 7.689803176217932]
[12.739010103558009 'Conceptual' 4.16562481220508 10.320882422137409
 4.322033898305084 104 2 4 3 12.739010103558009]
[16.3200454291361 'Conceptual' 4.16562481220508 10.320882422137409
 3.7288135593220337 104 2 4 4 16.3200454291361]
[19.77399504414096 'Conceptual' 4.16562481220508 10.320882422137409
 3.2033898305084745 104 2 4 5 19.77399504414096]
[23.7189626382587 'Conceptual' 4.16562481220508 10.320882422137409
 2.7627118644067794 104 2 4 6 23.7189626382587]
[28.045329297933545 'Conceptual' 4.16562481220508 10.320882422137409
 2.5254237288135593 104 2 4 7 28.045329297933545]
[30.18137346221708 'Conceptual' 4.16562481220508 10.320882422137409
 2.3559322033898304 104 2 4 8 30.18137346221708]
[33.421540550644934 'Conceptual' 4.16562481220508 10.320882422137409
 2.152542372881356 104 2 4 9 33.421540550644934]
[37.65449536541712 'Conceptual' 4.16562481220508 10.320882422137409
 1.9152542372881354 104 2 4 10 37.65449536541712]
[40.60023349524135 'Conceptual' 4.16562481220508 10.320882422137409
 1.847457627118644 104 2 4 11 40.60023349524135]
[43.63703411122525 'Conceptual' 4.16562481220508 10.320882422137409
 1.8644067796610169 104 2 4 12 43.63703411122525]
[47.10282005345561 'Conceptual' 4.16562481220508 10.320882422137409
 1.7796610169491525 104 2 4 13 47.10282005345561]
[50.99309955659655 'Conceptual' 4.16562481220508 10.320882422137409
 1.694915254237288 104 2 4 14 50.99309955659655]
[53.87529944565319 'Conceptual' 4.16562481220508 10.320882422137409
 1.6101694915254237 104 2 4 15 53.87529944565319]
[58.38315271217013 'Conceptual' 4.16562481220508 10.320882422137409
 1.5762711864406778 104 2 4 16 58.38315271217013]
[61.12974809853468 'Conceptual' 4.16562481220508 10.320882422137409
 1.5084745762711864 104 2 4 17 61.12974809853468]
[64.8881143345356 'Conceptual' 4.16562481220508 10.320882422137409
 1.5762711864406778 104 2 4 18 64.8881143345356]
[69.47919963184037 'Conceptual' 4.16562481220508 10.320882422137409
 1.4406779661016949 104 2 4 19 69.47919963184037]
[0.0 'Conceptual' 4.16562481220508 10.320882422137409 0.0 104 2 5 0 0.0]
[5.276807014412121 'Conceptual' 4.16562481220508 10.320882422137409
 10.169491525423728 104 2 5 1 5.276807014412121]
[7.689803176217932 'Conceptual' 4.16562481220508 10.320882422137409
 7.203389830508473 104 2 5 2 7.689803176217932]
[12.739010103558009 'Conceptual' 4.16562481220508 10.320882422137409
 4.322033898305084 104 2 5 3 12.739010103558009]
[16.3200454291361 'Conceptual' 4.16562481220508 10.320882422137409
 3.7288135593220337 104 2 5 4 16.3200454291361]
[19.77399504414096 'Conceptual' 4.16562481220508 10.320882422137409
 3.2033898305084745 104 2 5 5 19.77399504414096]
[23.7189626382587 'Conceptual' 4.16562481220508 10.320882422137409
 2.7627118644067794 104 2 5 6 23.7189626382587]
[28.045329297933545 'Conceptual' 4.16562481220508 10.320882422137409
 2.5254237288135593 104 2 5 7 28.045329297933545]
[30.18137346221708 'Conceptual' 4.16562481220508 10.320882422137409
 2.3559322033898304 104 2 5 8 30.18137346221708]
[33.421540550644934 'Conceptual' 4.16562481220508 10.320882422137409
 2.152542372881356 104 2 5 9 33.421540550644934]
[37.65449536541712 'Conceptual' 4.16562481220508 10.320882422137409
 1.9152542372881354 104 2 5 10 37.65449536541712]
[40.60023349524135 'Conceptual' 4.16562481220508 10.320882422137409
 1.847457627118644 104 2 5 11 40.60023349524135]
[43.63703411122525 'Conceptual' 4.16562481220508 10.320882422137409
 1.8644067796610169 104 2 5 12 43.63703411122525]
[47.10282005345561 'Conceptual' 4.16562481220508 10.320882422137409
 1.7796610169491525 104 2 5 13 47.10282005345561]
[50.99309955659655 'Conceptual' 4.16562481220508 10.320882422137409
 1.694915254237288 104 2 5 14 50.99309955659655]
[53.87529944565319 'Conceptual' 4.16562481220508 10.320882422137409
 1.6101694915254237 104 2 5 15 53.87529944565319]
[58.38315271217013 'Conceptual' 4.16562481220508 10.320882422137409
 1.5762711864406778 104 2 5 16 58.38315271217013]
[61.12974809853468 'Conceptual' 4.16562481220508 10.320882422137409
 1.5084745762711864 104 2 5 17 61.12974809853468]
[64.8881143345356 'Conceptual' 4.16562481220508 10.320882422137409
 1.5762711864406778 104 2 5 18 64.8881143345356]
[69.47919963184037 'Conceptual' 4.16562481220508 10.320882422137409
 1.4406779661016949 104 2 5 19 69.47919963184037]
[0.0 'Conceptual' 4.16562481220508 10.320882422137409 0.0 104 2 6 0 0.0]
[5.276807014412121 'Conceptual' 4.16562481220508 10.320882422137409
 10.169491525423728 104 2 6 1 5.276807014412121]
[7.689803176217932 'Conceptual' 4.16562481220508 10.320882422137409
 7.203389830508473 104 2 6 2 7.689803176217932]
[12.739010103558009 'Conceptual' 4.16562481220508 10.320882422137409
 4.322033898305084 104 2 6 3 12.739010103558009]
[16.3200454291361 'Conceptual' 4.16562481220508 10.320882422137409
 3.7288135593220337 104 2 6 4 16.3200454291361]
[19.77399504414096 'Conceptual' 4.16562481220508 10.320882422137409
 3.2033898305084745 104 2 6 5 19.77399504414096]
[23.7189626382587 'Conceptual' 4.16562481220508 10.320882422137409
 2.7627118644067794 104 2 6 6 23.7189626382587]
[28.045329297933545 'Conceptual' 4.16562481220508 10.320882422137409
 2.5254237288135593 104 2 6 7 28.045329297933545]
[30.18137346221708 'Conceptual' 4.16562481220508 10.320882422137409
 2.3559322033898304 104 2 6 8 30.18137346221708]
[33.421540550644934 'Conceptual' 4.16562481220508 10.320882422137409
 2.152542372881356 104 2 6 9 33.421540550644934]
[37.65449536541712 'Conceptual' 4.16562481220508 10.320882422137409
 1.9152542372881354 104 2 6 10 37.65449536541712]
[40.60023349524135 'Conceptual' 4.16562481220508 10.320882422137409
 1.847457627118644 104 2 6 11 40.60023349524135]
[43.63703411122525 'Conceptual' 4.16562481220508 10.320882422137409
 1.8644067796610169 104 2 6 12 43.63703411122525]
[47.10282005345561 'Conceptual' 4.16562481220508 10.320882422137409
 1.7796610169491525 104 2 6 13 47.10282005345561]
[50.99309955659655 'Conceptual' 4.16562481220508 10.320882422137409
 1.694915254237288 104 2 6 14 50.99309955659655]
[53.87529944565319 'Conceptual' 4.16562481220508 10.320882422137409
 1.6101694915254237 104 2 6 15 53.87529944565319]
[58.38315271217013 'Conceptual' 4.16562481220508 10.320882422137409
 1.5762711864406778 104 2 6 16 58.38315271217013]
[61.12974809853468 'Conceptual' 4.16562481220508 10.320882422137409
 1.5084745762711864 104 2 6 17 61.12974809853468]
[64.8881143345356 'Conceptual' 4.16562481220508 10.320882422137409
 1.5762711864406778 104 2 6 18 64.8881143345356]
[69.47919963184037 'Conceptual' 4.16562481220508 10.320882422137409
 1.4406779661016949 104 2 6 19 69.47919963184037]
[0.0 'Conceptual' 4.16562481220508 10.320882422137409 0.0 104 2 7 0 0.0]
[5.276807014412121 'Conceptual' 4.16562481220508 10.320882422137409
 10.169491525423728 104 2 7 1 5.276807014412121]
[7.689803176217932 'Conceptual' 4.16562481220508 10.320882422137409
 7.203389830508473 104 2 7 2 7.689803176217932]
[12.739010103558009 'Conceptual' 4.16562481220508 10.320882422137409
 4.322033898305084 104 2 7 3 12.739010103558009]
[16.3200454291361 'Conceptual' 4.16562481220508 10.320882422137409
 3.7288135593220337 104 2 7 4 16.3200454291361]
[19.77399504414096 'Conceptual' 4.16562481220508 10.320882422137409
 3.2033898305084745 104 2 7 5 19.77399504414096]
[23.7189626382587 'Conceptual' 4.16562481220508 10.320882422137409
 2.7627118644067794 104 2 7 6 23.7189626382587]
[28.045329297933545 'Conceptual' 4.16562481220508 10.320882422137409
 2.5254237288135593 104 2 7 7 28.045329297933545]
[30.18137346221708 'Conceptual' 4.16562481220508 10.320882422137409
 2.3559322033898304 104 2 7 8 30.18137346221708]
[33.421540550644934 'Conceptual' 4.16562481220508 10.320882422137409
 2.152542372881356 104 2 7 9 33.421540550644934]
[37.65449536541712 'Conceptual' 4.16562481220508 10.320882422137409
 1.9152542372881354 104 2 7 10 37.65449536541712]
[40.60023349524135 'Conceptual' 4.16562481220508 10.320882422137409
 1.847457627118644 104 2 7 11 40.60023349524135]
[43.63703411122525 'Conceptual' 4.16562481220508 10.320882422137409
 1.8644067796610169 104 2 7 12 43.63703411122525]
[47.10282005345561 'Conceptual' 4.16562481220508 10.320882422137409
 1.7796610169491525 104 2 7 13 47.10282005345561]
[50.99309955659655 'Conceptual' 4.16562481220508 10.320882422137409
 1.694915254237288 104 2 7 14 50.99309955659655]
[53.87529944565319 'Conceptual' 4.16562481220508 10.320882422137409
 1.6101694915254237 104 2 7 15 53.87529944565319]
[58.38315271217013 'Conceptual' 4.16562481220508 10.320882422137409
 1.5762711864406778 104 2 7 16 58.38315271217013]
[61.12974809853468 'Conceptual' 4.16562481220508 10.320882422137409
 1.5084745762711864 104 2 7 17 61.12974809853468]
[64.8881143345356 'Conceptual' 4.16562481220508 10.320882422137409
 1.5762711864406778 104 2 7 18 64.8881143345356]
[69.47919963184037 'Conceptual' 4.16562481220508 10.320882422137409
 1.4406779661016949 104 2 7 19 69.47919963184037]
[0.0 'Conceptual' 4.16562481220508 10.320882422137409 0.0 104 2 8 0 0.0]
[5.276807014412121 'Conceptual' 4.16562481220508 10.320882422137409
 10.169491525423728 104 2 8 1 5.276807014412121]
[7.689803176217932 'Conceptual' 4.16562481220508 10.320882422137409
 7.203389830508473 104 2 8 2 7.689803176217932]
[12.739010103558009 'Conceptual' 4.16562481220508 10.320882422137409
 4.322033898305084 104 2 8 3 12.739010103558009]
[16.3200454291361 'Conceptual' 4.16562481220508 10.320882422137409
 3.7288135593220337 104 2 8 4 16.3200454291361]
[19.77399504414096 'Conceptual' 4.16562481220508 10.320882422137409
 3.2033898305084745 104 2 8 5 19.77399504414096]
[23.7189626382587 'Conceptual' 4.16562481220508 10.320882422137409
 2.7627118644067794 104 2 8 6 23.7189626382587]
[28.045329297933545 'Conceptual' 4.16562481220508 10.320882422137409
 2.5254237288135593 104 2 8 7 28.045329297933545]
[30.18137346221708 'Conceptual' 4.16562481220508 10.320882422137409
 2.3559322033898304 104 2 8 8 30.18137346221708]
[33.421540550644934 'Conceptual' 4.16562481220508 10.320882422137409
 2.152542372881356 104 2 8 9 33.421540550644934]
[37.65449536541712 'Conceptual' 4.16562481220508 10.320882422137409
 1.9152542372881354 104 2 8 10 37.65449536541712]
[40.60023349524135 'Conceptual' 4.16562481220508 10.320882422137409
 1.847457627118644 104 2 8 11 40.60023349524135]
[43.63703411122525 'Conceptual' 4.16562481220508 10.320882422137409
 1.8644067796610169 104 2 8 12 43.63703411122525]
[47.10282005345561 'Conceptual' 4.16562481220508 10.320882422137409
 1.7796610169491525 104 2 8 13 47.10282005345561]
[50.99309955659655 'Conceptual' 4.16562481220508 10.320882422137409
 1.694915254237288 104 2 8 14 50.99309955659655]
[53.87529944565319 'Conceptual' 4.16562481220508 10.320882422137409
 1.6101694915254237 104 2 8 15 53.87529944565319]
[58.38315271217013 'Conceptual' 4.16562481220508 10.320882422137409
 1.5762711864406778 104 2 8 16 58.38315271217013]
[61.12974809853468 'Conceptual' 4.16562481220508 10.320882422137409
 1.5084745762711864 104 2 8 17 61.12974809853468]
[64.8881143345356 'Conceptual' 4.16562481220508 10.320882422137409
 1.5762711864406778 104 2 8 18 64.8881143345356]
[69.47919963184037 'Conceptual' 4.16562481220508 10.320882422137409
 1.4406779661016949 104 2 8 19 69.47919963184037]
