[0.0 'Conceptual' 1.258479283792564 0.006309786420288407 0.0 0 8 0 0 0.0]
[4.148113053213568 'Conceptual' 1.258479283792564 0.006309786420288407
 0.1694915254237288 0 8 0 1 4.148113053213568]
[8.13547413974447 'Conceptual' 1.258479283792564 0.006309786420288407
 0.1694915254237288 0 8 0 2 8.13547413974447]
[11.92445262192339 'Conceptual' 1.258479283792564 0.006309786420288407
 2.2881355932203387 0 8 0 3 11.92445262192339]
[16.048338359572767 'Conceptual' 1.258479283792564 0.006309786420288407
 2.694915254237288 0 8 0 4 16.048338359572767]
[20.36569048246945 'Conceptual' 1.258479283792564 0.006309786420288407
 2.2881355932203387 0 8 0 5 20.36569048246945]
[24.192064486205044 'Conceptual' 1.258479283792564 0.006309786420288407
 3.0338983050847457 0 8 0 6 24.192064486205044]
[28.51593342104269 'Conceptual' 1.258479283792564 0.006309786420288407
 3.2033898305084745 0 8 0 7 28.51593342104269]
[32.7369832016157 'Conceptual' 1.258479283792564 0.006309786420288407
 0.3389830508474576 0 8 0 8 32.7369832016157]
[36.91119083337017 'Conceptual' 1.258479283792564 0.006309786420288407
 0.3389830508474576 0 8 0 9 36.91119083337017]
[41.045075255599926 'Conceptual' 1.258479283792564 0.006309786420288407
 0.1694915254237288 0 8 0 10 41.045075255599926]
[45.04531345532531 'Conceptual' 1.258479283792564 0.006309786420288407
 0.4915254237288135 0 8 0 11 45.04531345532531]
[49.22397455296055 'Conceptual' 1.258479283792564 0.006309786420288407
 0.423728813559322 0 8 0 12 49.22397455296055]
[52.89314446268903 'Conceptual' 1.258479283792564 0.006309786420288407
 0.38983050847457623 0 8 0 13 52.89314446268903]
[56.118539390974746 'Conceptual' 1.258479283792564 0.006309786420288407
 3.559322033898305 0 8 0 14 56.118539390974746]
[59.57341628483321 'Conceptual' 1.258479283792564 0.006309786420288407
 3.4406779661016946 0 8 0 15 59.57341628483321]
[64.06879651562541 'Conceptual' 1.258479283792564 0.006309786420288407
 3.6101694915254234 0 8 0 16 64.06879651562541]
[68.13546507187439 'Conceptual' 1.258479283792564 0.006309786420288407
 0.38983050847457623 0 8 0 17 68.13546507187439]
[72.33011783811607 'Conceptual' 1.258479283792564 0.006309786420288407
 0.3389830508474576 0 8 0 18 72.33011783811607]
[76.52179491381847 'Conceptual' 1.258479283792564 0.006309786420288407
 0.3389830508474576 0 8 0 19 76.52179491381847]
[0.0 'Conceptual' 1.258479283792564 0.006309786420288407 0.0 0 8 1 0 0.0]
[4.148113053213568 'Conceptual' 1.258479283792564 0.006309786420288407
 0.1694915254237288 0 8 1 1 4.148113053213568]
[8.13547413974447 'Conceptual' 1.258479283792564 0.006309786420288407
 0.1694915254237288 0 8 1 2 8.13547413974447]
[11.92445262192339 'Conceptual' 1.258479283792564 0.006309786420288407
 2.2881355932203387 0 8 1 3 11.92445262192339]
[16.048338359572767 'Conceptual' 1.258479283792564 0.006309786420288407
 2.694915254237288 0 8 1 4 16.048338359572767]
[20.36569048246945 'Conceptual' 1.258479283792564 0.006309786420288407
 2.2881355932203387 0 8 1 5 20.36569048246945]
[24.192064486205044 'Conceptual' 1.258479283792564 0.006309786420288407
 3.0338983050847457 0 8 1 6 24.192064486205044]
[28.51593342104269 'Conceptual' 1.258479283792564 0.006309786420288407
 3.2033898305084745 0 8 1 7 28.51593342104269]
[32.7369832016157 'Conceptual' 1.258479283792564 0.006309786420288407
 0.3389830508474576 0 8 1 8 32.7369832016157]
[36.91119083337017 'Conceptual' 1.258479283792564 0.006309786420288407
 0.3389830508474576 0 8 1 9 36.91119083337017]
[41.045075255599926 'Conceptual' 1.258479283792564 0.006309786420288407
 0.1694915254237288 0 8 1 10 41.045075255599926]
[45.04531345532531 'Conceptual' 1.258479283792564 0.006309786420288407
 0.4915254237288135 0 8 1 11 45.04531345532531]
[49.22397455296055 'Conceptual' 1.258479283792564 0.006309786420288407
 0.423728813559322 0 8 1 12 49.22397455296055]
[52.89314446268903 'Conceptual' 1.258479283792564 0.006309786420288407
 0.38983050847457623 0 8 1 13 52.89314446268903]
[56.118539390974746 'Conceptual' 1.258479283792564 0.006309786420288407
 3.559322033898305 0 8 1 14 56.118539390974746]
[59.57341628483321 'Conceptual' 1.258479283792564 0.006309786420288407
 3.4406779661016946 0 8 1 15 59.57341628483321]
[64.06879651562541 'Conceptual' 1.258479283792564 0.006309786420288407
 3.6101694915254234 0 8 1 16 64.06879651562541]
[68.13546507187439 'Conceptual' 1.258479283792564 0.006309786420288407
 0.38983050847457623 0 8 1 17 68.13546507187439]
[72.33011783811607 'Conceptual' 1.258479283792564 0.006309786420288407
 0.3389830508474576 0 8 1 18 72.33011783811607]
[76.52179491381847 'Conceptual' 1.258479283792564 0.006309786420288407
 0.3389830508474576 0 8 1 19 76.52179491381847]
[0.0 'Conceptual' 1.258479283792564 0.006309786420288407 0.0 0 8 2 0 0.0]
[4.148113053213568 'Conceptual' 1.258479283792564 0.006309786420288407
 0.1694915254237288 0 8 2 1 4.148113053213568]
[8.13547413974447 'Conceptual' 1.258479283792564 0.006309786420288407
 0.1694915254237288 0 8 2 2 8.13547413974447]
[11.92445262192339 'Conceptual' 1.258479283792564 0.006309786420288407
 2.2881355932203387 0 8 2 3 11.92445262192339]
[16.048338359572767 'Conceptual' 1.258479283792564 0.006309786420288407
 2.694915254237288 0 8 2 4 16.048338359572767]
[20.36569048246945 'Conceptual' 1.258479283792564 0.006309786420288407
 2.2881355932203387 0 8 2 5 20.36569048246945]
[24.192064486205044 'Conceptual' 1.258479283792564 0.006309786420288407
 3.0338983050847457 0 8 2 6 24.192064486205044]
[28.51593342104269 'Conceptual' 1.258479283792564 0.006309786420288407
 3.2033898305084745 0 8 2 7 28.51593342104269]
[32.7369832016157 'Conceptual' 1.258479283792564 0.006309786420288407
 0.3389830508474576 0 8 2 8 32.7369832016157]
[36.91119083337017 'Conceptual' 1.258479283792564 0.006309786420288407
 0.3389830508474576 0 8 2 9 36.91119083337017]
[41.045075255599926 'Conceptual' 1.258479283792564 0.006309786420288407
 0.1694915254237288 0 8 2 10 41.045075255599926]
[45.04531345532531 'Conceptual' 1.258479283792564 0.006309786420288407
 0.4915254237288135 0 8 2 11 45.04531345532531]
[49.22397455296055 'Conceptual' 1.258479283792564 0.006309786420288407
 0.423728813559322 0 8 2 12 49.22397455296055]
[52.89314446268903 'Conceptual' 1.258479283792564 0.006309786420288407
 0.38983050847457623 0 8 2 13 52.89314446268903]
[56.118539390974746 'Conceptual' 1.258479283792564 0.006309786420288407
 3.559322033898305 0 8 2 14 56.118539390974746]
[59.57341628483321 'Conceptual' 1.258479283792564 0.006309786420288407
 3.4406779661016946 0 8 2 15 59.57341628483321]
[64.06879651562541 'Conceptual' 1.258479283792564 0.006309786420288407
 3.6101694915254234 0 8 2 16 64.06879651562541]
[68.13546507187439 'Conceptual' 1.258479283792564 0.006309786420288407
 0.38983050847457623 0 8 2 17 68.13546507187439]
[72.33011783811607 'Conceptual' 1.258479283792564 0.006309786420288407
 0.3389830508474576 0 8 2 18 72.33011783811607]
[76.52179491381847 'Conceptual' 1.258479283792564 0.006309786420288407
 0.3389830508474576 0 8 2 19 76.52179491381847]
[0.0 'Conceptual' 1.258479283792564 0.006309786420288407 0.0 0 8 3 0 0.0]
[4.148113053213568 'Conceptual' 1.258479283792564 0.006309786420288407
 0.1694915254237288 0 8 3 1 4.148113053213568]
[8.13547413974447 'Conceptual' 1.258479283792564 0.006309786420288407
 0.1694915254237288 0 8 3 2 8.13547413974447]
[11.92445262192339 'Conceptual' 1.258479283792564 0.006309786420288407
 2.2881355932203387 0 8 3 3 11.92445262192339]
[16.048338359572767 'Conceptual' 1.258479283792564 0.006309786420288407
 2.694915254237288 0 8 3 4 16.048338359572767]
[20.36569048246945 'Conceptual' 1.258479283792564 0.006309786420288407
 2.2881355932203387 0 8 3 5 20.36569048246945]
[24.192064486205044 'Conceptual' 1.258479283792564 0.006309786420288407
 3.0338983050847457 0 8 3 6 24.192064486205044]
[28.51593342104269 'Conceptual' 1.258479283792564 0.006309786420288407
 3.2033898305084745 0 8 3 7 28.51593342104269]
[32.7369832016157 'Conceptual' 1.258479283792564 0.006309786420288407
 0.3389830508474576 0 8 3 8 32.7369832016157]
[36.91119083337017 'Conceptual' 1.258479283792564 0.006309786420288407
 0.3389830508474576 0 8 3 9 36.91119083337017]
[41.045075255599926 'Conceptual' 1.258479283792564 0.006309786420288407
 0.1694915254237288 0 8 3 10 41.045075255599926]
[45.04531345532531 'Conceptual' 1.258479283792564 0.006309786420288407
 0.4915254237288135 0 8 3 11 45.04531345532531]
[49.22397455296055 'Conceptual' 1.258479283792564 0.006309786420288407
 0.423728813559322 0 8 3 12 49.22397455296055]
[52.89314446268903 'Conceptual' 1.258479283792564 0.006309786420288407
 0.38983050847457623 0 8 3 13 52.89314446268903]
[56.118539390974746 'Conceptual' 1.258479283792564 0.006309786420288407
 3.559322033898305 0 8 3 14 56.118539390974746]
[59.57341628483321 'Conceptual' 1.258479283792564 0.006309786420288407
 3.4406779661016946 0 8 3 15 59.57341628483321]
[64.06879651562541 'Conceptual' 1.258479283792564 0.006309786420288407
 3.6101694915254234 0 8 3 16 64.06879651562541]
[68.13546507187439 'Conceptual' 1.258479283792564 0.006309786420288407
 0.38983050847457623 0 8 3 17 68.13546507187439]
[72.33011783811607 'Conceptual' 1.258479283792564 0.006309786420288407
 0.3389830508474576 0 8 3 18 72.33011783811607]
[76.52179491381847 'Conceptual' 1.258479283792564 0.006309786420288407
 0.3389830508474576 0 8 3 19 76.52179491381847]
[0.0 'Conceptual' 1.258479283792564 0.006309786420288407 0.0 0 8 4 0 0.0]
[4.148113053213568 'Conceptual' 1.258479283792564 0.006309786420288407
 0.1694915254237288 0 8 4 1 4.148113053213568]
[8.13547413974447 'Conceptual' 1.258479283792564 0.006309786420288407
 0.1694915254237288 0 8 4 2 8.13547413974447]
[11.92445262192339 'Conceptual' 1.258479283792564 0.006309786420288407
 2.2881355932203387 0 8 4 3 11.92445262192339]
[16.048338359572767 'Conceptual' 1.258479283792564 0.006309786420288407
 2.694915254237288 0 8 4 4 16.048338359572767]
[20.36569048246945 'Conceptual' 1.258479283792564 0.006309786420288407
 2.2881355932203387 0 8 4 5 20.36569048246945]
[24.192064486205044 'Conceptual' 1.258479283792564 0.006309786420288407
 3.0338983050847457 0 8 4 6 24.192064486205044]
[28.51593342104269 'Conceptual' 1.258479283792564 0.006309786420288407
 3.2033898305084745 0 8 4 7 28.51593342104269]
[32.7369832016157 'Conceptual' 1.258479283792564 0.006309786420288407
 0.3389830508474576 0 8 4 8 32.7369832016157]
[36.91119083337017 'Conceptual' 1.258479283792564 0.006309786420288407
 0.3389830508474576 0 8 4 9 36.91119083337017]
[41.045075255599926 'Conceptual' 1.258479283792564 0.006309786420288407
 0.1694915254237288 0 8 4 10 41.045075255599926]
[45.04531345532531 'Conceptual' 1.258479283792564 0.006309786420288407
 0.4915254237288135 0 8 4 11 45.04531345532531]
[49.22397455296055 'Conceptual' 1.258479283792564 0.006309786420288407
 0.423728813559322 0 8 4 12 49.22397455296055]
[52.89314446268903 'Conceptual' 1.258479283792564 0.006309786420288407
 0.38983050847457623 0 8 4 13 52.89314446268903]
[56.118539390974746 'Conceptual' 1.258479283792564 0.006309786420288407
 3.559322033898305 0 8 4 14 56.118539390974746]
[59.57341628483321 'Conceptual' 1.258479283792564 0.006309786420288407
 3.4406779661016946 0 8 4 15 59.57341628483321]
[64.06879651562541 'Conceptual' 1.258479283792564 0.006309786420288407
 3.6101694915254234 0 8 4 16 64.06879651562541]
[68.13546507187439 'Conceptual' 1.258479283792564 0.006309786420288407
 0.38983050847457623 0 8 4 17 68.13546507187439]
[72.33011783811607 'Conceptual' 1.258479283792564 0.006309786420288407
 0.3389830508474576 0 8 4 18 72.33011783811607]
[76.52179491381847 'Conceptual' 1.258479283792564 0.006309786420288407
 0.3389830508474576 0 8 4 19 76.52179491381847]
[0.0 'Conceptual' 1.258479283792564 0.006309786420288407 0.0 0 8 5 0 0.0]
[4.148113053213568 'Conceptual' 1.258479283792564 0.006309786420288407
 0.1694915254237288 0 8 5 1 4.148113053213568]
[8.13547413974447 'Conceptual' 1.258479283792564 0.006309786420288407
 0.1694915254237288 0 8 5 2 8.13547413974447]
[11.92445262192339 'Conceptual' 1.258479283792564 0.006309786420288407
 2.2881355932203387 0 8 5 3 11.92445262192339]
[16.048338359572767 'Conceptual' 1.258479283792564 0.006309786420288407
 2.694915254237288 0 8 5 4 16.048338359572767]
[20.36569048246945 'Conceptual' 1.258479283792564 0.006309786420288407
 2.2881355932203387 0 8 5 5 20.36569048246945]
[24.192064486205044 'Conceptual' 1.258479283792564 0.006309786420288407
 3.0338983050847457 0 8 5 6 24.192064486205044]
[28.51593342104269 'Conceptual' 1.258479283792564 0.006309786420288407
 3.2033898305084745 0 8 5 7 28.51593342104269]
[32.7369832016157 'Conceptual' 1.258479283792564 0.006309786420288407
 0.3389830508474576 0 8 5 8 32.7369832016157]
[36.91119083337017 'Conceptual' 1.258479283792564 0.006309786420288407
 0.3389830508474576 0 8 5 9 36.91119083337017]
[41.045075255599926 'Conceptual' 1.258479283792564 0.006309786420288407
 0.1694915254237288 0 8 5 10 41.045075255599926]
[45.04531345532531 'Conceptual' 1.258479283792564 0.006309786420288407
 0.4915254237288135 0 8 5 11 45.04531345532531]
[49.22397455296055 'Conceptual' 1.258479283792564 0.006309786420288407
 0.423728813559322 0 8 5 12 49.22397455296055]
[52.89314446268903 'Conceptual' 1.258479283792564 0.006309786420288407
 0.38983050847457623 0 8 5 13 52.89314446268903]
[56.118539390974746 'Conceptual' 1.258479283792564 0.006309786420288407
 3.559322033898305 0 8 5 14 56.118539390974746]
[59.57341628483321 'Conceptual' 1.258479283792564 0.006309786420288407
 3.4406779661016946 0 8 5 15 59.57341628483321]
[64.06879651562541 'Conceptual' 1.258479283792564 0.006309786420288407
 3.6101694915254234 0 8 5 16 64.06879651562541]
[68.13546507187439 'Conceptual' 1.258479283792564 0.006309786420288407
 0.38983050847457623 0 8 5 17 68.13546507187439]
[72.33011783811607 'Conceptual' 1.258479283792564 0.006309786420288407
 0.3389830508474576 0 8 5 18 72.33011783811607]
[76.52179491381847 'Conceptual' 1.258479283792564 0.006309786420288407
 0.3389830508474576 0 8 5 19 76.52179491381847]
[0.0 'Conceptual' 1.258479283792564 0.006309786420288407 0.0 0 8 6 0 0.0]
[4.148113053213568 'Conceptual' 1.258479283792564 0.006309786420288407
 0.1694915254237288 0 8 6 1 4.148113053213568]
[8.13547413974447 'Conceptual' 1.258479283792564 0.006309786420288407
 0.1694915254237288 0 8 6 2 8.13547413974447]
[11.92445262192339 'Conceptual' 1.258479283792564 0.006309786420288407
 2.2881355932203387 0 8 6 3 11.92445262192339]
[16.048338359572767 'Conceptual' 1.258479283792564 0.006309786420288407
 2.694915254237288 0 8 6 4 16.048338359572767]
[20.36569048246945 'Conceptual' 1.258479283792564 0.006309786420288407
 2.2881355932203387 0 8 6 5 20.36569048246945]
[24.192064486205044 'Conceptual' 1.258479283792564 0.006309786420288407
 3.0338983050847457 0 8 6 6 24.192064486205044]
[28.51593342104269 'Conceptual' 1.258479283792564 0.006309786420288407
 3.2033898305084745 0 8 6 7 28.51593342104269]
[32.7369832016157 'Conceptual' 1.258479283792564 0.006309786420288407
 0.3389830508474576 0 8 6 8 32.7369832016157]
[36.91119083337017 'Conceptual' 1.258479283792564 0.006309786420288407
 0.3389830508474576 0 8 6 9 36.91119083337017]
[41.045075255599926 'Conceptual' 1.258479283792564 0.006309786420288407
 0.1694915254237288 0 8 6 10 41.045075255599926]
[45.04531345532531 'Conceptual' 1.258479283792564 0.006309786420288407
 0.4915254237288135 0 8 6 11 45.04531345532531]
[49.22397455296055 'Conceptual' 1.258479283792564 0.006309786420288407
 0.423728813559322 0 8 6 12 49.22397455296055]
[52.89314446268903 'Conceptual' 1.258479283792564 0.006309786420288407
 0.38983050847457623 0 8 6 13 52.89314446268903]
[56.118539390974746 'Conceptual' 1.258479283792564 0.006309786420288407
 3.559322033898305 0 8 6 14 56.118539390974746]
[59.57341628483321 'Conceptual' 1.258479283792564 0.006309786420288407
 3.4406779661016946 0 8 6 15 59.57341628483321]
[64.06879651562541 'Conceptual' 1.258479283792564 0.006309786420288407
 3.6101694915254234 0 8 6 16 64.06879651562541]
[68.13546507187439 'Conceptual' 1.258479283792564 0.006309786420288407
 0.38983050847457623 0 8 6 17 68.13546507187439]
[72.33011783811607 'Conceptual' 1.258479283792564 0.006309786420288407
 0.3389830508474576 0 8 6 18 72.33011783811607]
[76.52179491381847 'Conceptual' 1.258479283792564 0.006309786420288407
 0.3389830508474576 0 8 6 19 76.52179491381847]
[0.0 'Conceptual' 1.258479283792564 0.006309786420288407 0.0 0 8 7 0 0.0]
[4.148113053213568 'Conceptual' 1.258479283792564 0.006309786420288407
 0.1694915254237288 0 8 7 1 4.148113053213568]
[8.13547413974447 'Conceptual' 1.258479283792564 0.006309786420288407
 0.1694915254237288 0 8 7 2 8.13547413974447]
[11.92445262192339 'Conceptual' 1.258479283792564 0.006309786420288407
 2.2881355932203387 0 8 7 3 11.92445262192339]
[16.048338359572767 'Conceptual' 1.258479283792564 0.006309786420288407
 2.694915254237288 0 8 7 4 16.048338359572767]
[20.36569048246945 'Conceptual' 1.258479283792564 0.006309786420288407
 2.2881355932203387 0 8 7 5 20.36569048246945]
[24.192064486205044 'Conceptual' 1.258479283792564 0.006309786420288407
 3.0338983050847457 0 8 7 6 24.192064486205044]
[28.51593342104269 'Conceptual' 1.258479283792564 0.006309786420288407
 3.2033898305084745 0 8 7 7 28.51593342104269]
[32.7369832016157 'Conceptual' 1.258479283792564 0.006309786420288407
 0.3389830508474576 0 8 7 8 32.7369832016157]
[36.91119083337017 'Conceptual' 1.258479283792564 0.006309786420288407
 0.3389830508474576 0 8 7 9 36.91119083337017]
[41.045075255599926 'Conceptual' 1.258479283792564 0.006309786420288407
 0.1694915254237288 0 8 7 10 41.045075255599926]
[45.04531345532531 'Conceptual' 1.258479283792564 0.006309786420288407
 0.4915254237288135 0 8 7 11 45.04531345532531]
[49.22397455296055 'Conceptual' 1.258479283792564 0.006309786420288407
 0.423728813559322 0 8 7 12 49.22397455296055]
[52.89314446268903 'Conceptual' 1.258479283792564 0.006309786420288407
 0.38983050847457623 0 8 7 13 52.89314446268903]
[56.118539390974746 'Conceptual' 1.258479283792564 0.006309786420288407
 3.559322033898305 0 8 7 14 56.118539390974746]
[59.57341628483321 'Conceptual' 1.258479283792564 0.006309786420288407
 3.4406779661016946 0 8 7 15 59.57341628483321]
[64.06879651562541 'Conceptual' 1.258479283792564 0.006309786420288407
 3.6101694915254234 0 8 7 16 64.06879651562541]
[68.13546507187439 'Conceptual' 1.258479283792564 0.006309786420288407
 0.38983050847457623 0 8 7 17 68.13546507187439]
[72.33011783811607 'Conceptual' 1.258479283792564 0.006309786420288407
 0.3389830508474576 0 8 7 18 72.33011783811607]
[76.52179491381847 'Conceptual' 1.258479283792564 0.006309786420288407
 0.3389830508474576 0 8 7 19 76.52179491381847]
