[0.0 'Spatial' 1.2759852325361112 0.0004158080597328766 0.0 50 1 0 0 0.0]
[4.158881929000915 'Spatial' 1.2759852325361112 0.0004158080597328766
 2.8813559322033897 50 1 0 1 4.158881929000915]
[8.242490016638895 'Spatial' 1.2759852325361112 0.0004158080597328766
 0.1694915254237288 50 1 0 2 8.242490016638895]
[12.088104771144172 'Spatial' 1.2759852325361112 0.0004158080597328766
 1.0169491525423728 50 1 0 3 12.088104771144172]
[15.452887815393783 'Spatial' 1.2759852325361112 0.0004158080597328766
 1.1864406779661016 50 1 0 4 15.452887815393783]
[18.541486785108113 'Spatial' 1.2759852325361112 0.0004158080597328766
 1.3559322033898304 50 1 0 5 18.541486785108113]
[21.562863485355905 'Spatial' 1.2759852325361112 0.0004158080597328766
 1.5084745762711864 50 1 0 6 21.562863485355905]
[23.81062306060626 'Spatial' 1.2759852325361112 0.0004158080597328766
 1.406779661016949 50 1 0 7 23.81062306060626]
[25.418798125245274 'Spatial' 1.2759852325361112 0.0004158080597328766
 1.271186440677966 50 1 0 8 25.418798125245274]
[26.649909949478683 'Spatial' 1.2759852325361112 0.0004158080597328766
 1.2372881355932202 50 1 0 9 26.649909949478683]
[29.284763795095117 'Spatial' 1.2759852325361112 0.0004158080597328766
 1.271186440677966 50 1 0 10 29.284763795095117]
[30.402390482629972 'Spatial' 1.2759852325361112 0.0004158080597328766
 1.2372881355932202 50 1 0 11 30.402390482629972]
[32.93004508815793 'Spatial' 1.2759852325361112 0.0004158080597328766
 1.2372881355932202 50 1 0 12 32.93004508815793]
[34.15166231193333 'Spatial' 1.2759852325361112 0.0004158080597328766
 1.1694915254237288 50 1 0 13 34.15166231193333]
[35.30304893114697 'Spatial' 1.2759852325361112 0.0004158080597328766
 1.0169491525423728 50 1 0 14 35.30304893114697]
[36.4091584594799 'Spatial' 1.2759852325361112 0.0004158080597328766
 0.9322033898305084 50 1 0 15 36.4091584594799]
[37.581673029662106 'Spatial' 1.2759852325361112 0.0004158080597328766
 0.847457627118644 50 1 0 16 37.581673029662106]
[38.93166605386638 'Spatial' 1.2759852325361112 0.0004158080597328766
 0.8305084745762711 50 1 0 17 38.93166605386638]
[40.506518937312464 'Spatial' 1.2759852325361112 0.0004158080597328766
 0.7288135593220338 50 1 0 18 40.506518937312464]
[42.389859441590865 'Spatial' 1.2759852325361112 0.0004158080597328766
 0.6779661016949152 50 1 0 19 42.389859441590865]
[0.0 'Spatial' 1.2759852325361112 0.0004158080597328766 0.0 50 1 2 0 0.0]
[4.158881929000915 'Spatial' 1.2759852325361112 0.0004158080597328766
 2.8813559322033897 50 1 2 1 4.158881929000915]
[8.242490016638895 'Spatial' 1.2759852325361112 0.0004158080597328766
 0.1694915254237288 50 1 2 2 8.242490016638895]
[12.088104771144172 'Spatial' 1.2759852325361112 0.0004158080597328766
 1.0169491525423728 50 1 2 3 12.088104771144172]
[15.452887815393783 'Spatial' 1.2759852325361112 0.0004158080597328766
 1.1864406779661016 50 1 2 4 15.452887815393783]
[18.541486785108113 'Spatial' 1.2759852325361112 0.0004158080597328766
 1.3559322033898304 50 1 2 5 18.541486785108113]
[21.562863485355905 'Spatial' 1.2759852325361112 0.0004158080597328766
 1.5084745762711864 50 1 2 6 21.562863485355905]
[23.81062306060626 'Spatial' 1.2759852325361112 0.0004158080597328766
 1.406779661016949 50 1 2 7 23.81062306060626]
[25.418798125245274 'Spatial' 1.2759852325361112 0.0004158080597328766
 1.271186440677966 50 1 2 8 25.418798125245274]
[26.649909949478683 'Spatial' 1.2759852325361112 0.0004158080597328766
 1.2372881355932202 50 1 2 9 26.649909949478683]
[29.284763795095117 'Spatial' 1.2759852325361112 0.0004158080597328766
 1.271186440677966 50 1 2 10 29.284763795095117]
[30.402390482629972 'Spatial' 1.2759852325361112 0.0004158080597328766
 1.2372881355932202 50 1 2 11 30.402390482629972]
[32.93004508815793 'Spatial' 1.2759852325361112 0.0004158080597328766
 1.2372881355932202 50 1 2 12 32.93004508815793]
[34.15166231193333 'Spatial' 1.2759852325361112 0.0004158080597328766
 1.1694915254237288 50 1 2 13 34.15166231193333]
[35.30304893114697 'Spatial' 1.2759852325361112 0.0004158080597328766
 1.0169491525423728 50 1 2 14 35.30304893114697]
[36.4091584594799 'Spatial' 1.2759852325361112 0.0004158080597328766
 0.9322033898305084 50 1 2 15 36.4091584594799]
[37.581673029662106 'Spatial' 1.2759852325361112 0.0004158080597328766
 0.847457627118644 50 1 2 16 37.581673029662106]
[38.93166605386638 'Spatial' 1.2759852325361112 0.0004158080597328766
 0.8305084745762711 50 1 2 17 38.93166605386638]
[40.506518937312464 'Spatial' 1.2759852325361112 0.0004158080597328766
 0.7288135593220338 50 1 2 18 40.506518937312464]
[42.389859441590865 'Spatial' 1.2759852325361112 0.0004158080597328766
 0.6779661016949152 50 1 2 19 42.389859441590865]
[0.0 'Spatial' 1.2759852325361112 0.0004158080597328766 0.0 50 1 3 0 0.0]
[4.158881929000915 'Spatial' 1.2759852325361112 0.0004158080597328766
 2.8813559322033897 50 1 3 1 4.158881929000915]
[8.242490016638895 'Spatial' 1.2759852325361112 0.0004158080597328766
 0.1694915254237288 50 1 3 2 8.242490016638895]
[12.088104771144172 'Spatial' 1.2759852325361112 0.0004158080597328766
 1.0169491525423728 50 1 3 3 12.088104771144172]
[15.452887815393783 'Spatial' 1.2759852325361112 0.0004158080597328766
 1.1864406779661016 50 1 3 4 15.452887815393783]
[18.541486785108113 'Spatial' 1.2759852325361112 0.0004158080597328766
 1.3559322033898304 50 1 3 5 18.541486785108113]
[21.562863485355905 'Spatial' 1.2759852325361112 0.0004158080597328766
 1.5084745762711864 50 1 3 6 21.562863485355905]
[23.81062306060626 'Spatial' 1.2759852325361112 0.0004158080597328766
 1.406779661016949 50 1 3 7 23.81062306060626]
[25.418798125245274 'Spatial' 1.2759852325361112 0.0004158080597328766
 1.271186440677966 50 1 3 8 25.418798125245274]
[26.649909949478683 'Spatial' 1.2759852325361112 0.0004158080597328766
 1.2372881355932202 50 1 3 9 26.649909949478683]
[29.284763795095117 'Spatial' 1.2759852325361112 0.0004158080597328766
 1.271186440677966 50 1 3 10 29.284763795095117]
[30.402390482629972 'Spatial' 1.2759852325361112 0.0004158080597328766
 1.2372881355932202 50 1 3 11 30.402390482629972]
[32.93004508815793 'Spatial' 1.2759852325361112 0.0004158080597328766
 1.2372881355932202 50 1 3 12 32.93004508815793]
[34.15166231193333 'Spatial' 1.2759852325361112 0.0004158080597328766
 1.1694915254237288 50 1 3 13 34.15166231193333]
[35.30304893114697 'Spatial' 1.2759852325361112 0.0004158080597328766
 1.0169491525423728 50 1 3 14 35.30304893114697]
[36.4091584594799 'Spatial' 1.2759852325361112 0.0004158080597328766
 0.9322033898305084 50 1 3 15 36.4091584594799]
[37.581673029662106 'Spatial' 1.2759852325361112 0.0004158080597328766
 0.847457627118644 50 1 3 16 37.581673029662106]
[38.93166605386638 'Spatial' 1.2759852325361112 0.0004158080597328766
 0.8305084745762711 50 1 3 17 38.93166605386638]
[40.506518937312464 'Spatial' 1.2759852325361112 0.0004158080597328766
 0.7288135593220338 50 1 3 18 40.506518937312464]
[42.389859441590865 'Spatial' 1.2759852325361112 0.0004158080597328766
 0.6779661016949152 50 1 3 19 42.389859441590865]
[0.0 'Spatial' 1.2759852325361112 0.0004158080597328766 0.0 50 1 4 0 0.0]
[4.158881929000915 'Spatial' 1.2759852325361112 0.0004158080597328766
 2.8813559322033897 50 1 4 1 4.158881929000915]
[8.242490016638895 'Spatial' 1.2759852325361112 0.0004158080597328766
 0.1694915254237288 50 1 4 2 8.242490016638895]
[12.088104771144172 'Spatial' 1.2759852325361112 0.0004158080597328766
 1.0169491525423728 50 1 4 3 12.088104771144172]
[15.452887815393783 'Spatial' 1.2759852325361112 0.0004158080597328766
 1.1864406779661016 50 1 4 4 15.452887815393783]
[18.541486785108113 'Spatial' 1.2759852325361112 0.0004158080597328766
 1.3559322033898304 50 1 4 5 18.541486785108113]
[21.562863485355905 'Spatial' 1.2759852325361112 0.0004158080597328766
 1.5084745762711864 50 1 4 6 21.562863485355905]
[23.81062306060626 'Spatial' 1.2759852325361112 0.0004158080597328766
 1.406779661016949 50 1 4 7 23.81062306060626]
[25.418798125245274 'Spatial' 1.2759852325361112 0.0004158080597328766
 1.271186440677966 50 1 4 8 25.418798125245274]
[26.649909949478683 'Spatial' 1.2759852325361112 0.0004158080597328766
 1.2372881355932202 50 1 4 9 26.649909949478683]
[29.284763795095117 'Spatial' 1.2759852325361112 0.0004158080597328766
 1.271186440677966 50 1 4 10 29.284763795095117]
[30.402390482629972 'Spatial' 1.2759852325361112 0.0004158080597328766
 1.2372881355932202 50 1 4 11 30.402390482629972]
[32.93004508815793 'Spatial' 1.2759852325361112 0.0004158080597328766
 1.2372881355932202 50 1 4 12 32.93004508815793]
[34.15166231193333 'Spatial' 1.2759852325361112 0.0004158080597328766
 1.1694915254237288 50 1 4 13 34.15166231193333]
[35.30304893114697 'Spatial' 1.2759852325361112 0.0004158080597328766
 1.0169491525423728 50 1 4 14 35.30304893114697]
[36.4091584594799 'Spatial' 1.2759852325361112 0.0004158080597328766
 0.9322033898305084 50 1 4 15 36.4091584594799]
[37.581673029662106 'Spatial' 1.2759852325361112 0.0004158080597328766
 0.847457627118644 50 1 4 16 37.581673029662106]
[38.93166605386638 'Spatial' 1.2759852325361112 0.0004158080597328766
 0.8305084745762711 50 1 4 17 38.93166605386638]
[40.506518937312464 'Spatial' 1.2759852325361112 0.0004158080597328766
 0.7288135593220338 50 1 4 18 40.506518937312464]
[42.389859441590865 'Spatial' 1.2759852325361112 0.0004158080597328766
 0.6779661016949152 50 1 4 19 42.389859441590865]
[0.0 'Spatial' 1.2759852325361112 0.0004158080597328766 0.0 50 1 5 0 0.0]
[4.158881929000915 'Spatial' 1.2759852325361112 0.0004158080597328766
 2.8813559322033897 50 1 5 1 4.158881929000915]
[8.242490016638895 'Spatial' 1.2759852325361112 0.0004158080597328766
 0.1694915254237288 50 1 5 2 8.242490016638895]
[12.088104771144172 'Spatial' 1.2759852325361112 0.0004158080597328766
 1.0169491525423728 50 1 5 3 12.088104771144172]
[15.452887815393783 'Spatial' 1.2759852325361112 0.0004158080597328766
 1.1864406779661016 50 1 5 4 15.452887815393783]
[18.541486785108113 'Spatial' 1.2759852325361112 0.0004158080597328766
 1.3559322033898304 50 1 5 5 18.541486785108113]
[21.562863485355905 'Spatial' 1.2759852325361112 0.0004158080597328766
 1.5084745762711864 50 1 5 6 21.562863485355905]
[23.81062306060626 'Spatial' 1.2759852325361112 0.0004158080597328766
 1.406779661016949 50 1 5 7 23.81062306060626]
[25.418798125245274 'Spatial' 1.2759852325361112 0.0004158080597328766
 1.271186440677966 50 1 5 8 25.418798125245274]
[26.649909949478683 'Spatial' 1.2759852325361112 0.0004158080597328766
 1.2372881355932202 50 1 5 9 26.649909949478683]
[29.284763795095117 'Spatial' 1.2759852325361112 0.0004158080597328766
 1.271186440677966 50 1 5 10 29.284763795095117]
[30.402390482629972 'Spatial' 1.2759852325361112 0.0004158080597328766
 1.2372881355932202 50 1 5 11 30.402390482629972]
[32.93004508815793 'Spatial' 1.2759852325361112 0.0004158080597328766
 1.2372881355932202 50 1 5 12 32.93004508815793]
[34.15166231193333 'Spatial' 1.2759852325361112 0.0004158080597328766
 1.1694915254237288 50 1 5 13 34.15166231193333]
[35.30304893114697 'Spatial' 1.2759852325361112 0.0004158080597328766
 1.0169491525423728 50 1 5 14 35.30304893114697]
[36.4091584594799 'Spatial' 1.2759852325361112 0.0004158080597328766
 0.9322033898305084 50 1 5 15 36.4091584594799]
[37.581673029662106 'Spatial' 1.2759852325361112 0.0004158080597328766
 0.847457627118644 50 1 5 16 37.581673029662106]
[38.93166605386638 'Spatial' 1.2759852325361112 0.0004158080597328766
 0.8305084745762711 50 1 5 17 38.93166605386638]
[40.506518937312464 'Spatial' 1.2759852325361112 0.0004158080597328766
 0.7288135593220338 50 1 5 18 40.506518937312464]
[42.389859441590865 'Spatial' 1.2759852325361112 0.0004158080597328766
 0.6779661016949152 50 1 5 19 42.389859441590865]
[0.0 'Spatial' 1.2759852325361112 0.0004158080597328766 0.0 50 1 6 0 0.0]
[4.158881929000915 'Spatial' 1.2759852325361112 0.0004158080597328766
 2.8813559322033897 50 1 6 1 4.158881929000915]
[8.242490016638895 'Spatial' 1.2759852325361112 0.0004158080597328766
 0.1694915254237288 50 1 6 2 8.242490016638895]
[12.088104771144172 'Spatial' 1.2759852325361112 0.0004158080597328766
 1.0169491525423728 50 1 6 3 12.088104771144172]
[15.452887815393783 'Spatial' 1.2759852325361112 0.0004158080597328766
 1.1864406779661016 50 1 6 4 15.452887815393783]
[18.541486785108113 'Spatial' 1.2759852325361112 0.0004158080597328766
 1.3559322033898304 50 1 6 5 18.541486785108113]
[21.562863485355905 'Spatial' 1.2759852325361112 0.0004158080597328766
 1.5084745762711864 50 1 6 6 21.562863485355905]
[23.81062306060626 'Spatial' 1.2759852325361112 0.0004158080597328766
 1.406779661016949 50 1 6 7 23.81062306060626]
[25.418798125245274 'Spatial' 1.2759852325361112 0.0004158080597328766
 1.271186440677966 50 1 6 8 25.418798125245274]
[26.649909949478683 'Spatial' 1.2759852325361112 0.0004158080597328766
 1.2372881355932202 50 1 6 9 26.649909949478683]
[29.284763795095117 'Spatial' 1.2759852325361112 0.0004158080597328766
 1.271186440677966 50 1 6 10 29.284763795095117]
[30.402390482629972 'Spatial' 1.2759852325361112 0.0004158080597328766
 1.2372881355932202 50 1 6 11 30.402390482629972]
[32.93004508815793 'Spatial' 1.2759852325361112 0.0004158080597328766
 1.2372881355932202 50 1 6 12 32.93004508815793]
[34.15166231193333 'Spatial' 1.2759852325361112 0.0004158080597328766
 1.1694915254237288 50 1 6 13 34.15166231193333]
[35.30304893114697 'Spatial' 1.2759852325361112 0.0004158080597328766
 1.0169491525423728 50 1 6 14 35.30304893114697]
[36.4091584594799 'Spatial' 1.2759852325361112 0.0004158080597328766
 0.9322033898305084 50 1 6 15 36.4091584594799]
[37.581673029662106 'Spatial' 1.2759852325361112 0.0004158080597328766
 0.847457627118644 50 1 6 16 37.581673029662106]
[38.93166605386638 'Spatial' 1.2759852325361112 0.0004158080597328766
 0.8305084745762711 50 1 6 17 38.93166605386638]
[40.506518937312464 'Spatial' 1.2759852325361112 0.0004158080597328766
 0.7288135593220338 50 1 6 18 40.506518937312464]
[42.389859441590865 'Spatial' 1.2759852325361112 0.0004158080597328766
 0.6779661016949152 50 1 6 19 42.389859441590865]
[0.0 'Spatial' 1.2759852325361112 0.0004158080597328766 0.0 50 1 7 0 0.0]
[4.158881929000915 'Spatial' 1.2759852325361112 0.0004158080597328766
 2.8813559322033897 50 1 7 1 4.158881929000915]
[8.242490016638895 'Spatial' 1.2759852325361112 0.0004158080597328766
 0.1694915254237288 50 1 7 2 8.242490016638895]
[12.088104771144172 'Spatial' 1.2759852325361112 0.0004158080597328766
 1.0169491525423728 50 1 7 3 12.088104771144172]
[15.452887815393783 'Spatial' 1.2759852325361112 0.0004158080597328766
 1.1864406779661016 50 1 7 4 15.452887815393783]
[18.541486785108113 'Spatial' 1.2759852325361112 0.0004158080597328766
 1.3559322033898304 50 1 7 5 18.541486785108113]
[21.562863485355905 'Spatial' 1.2759852325361112 0.0004158080597328766
 1.5084745762711864 50 1 7 6 21.562863485355905]
[23.81062306060626 'Spatial' 1.2759852325361112 0.0004158080597328766
 1.406779661016949 50 1 7 7 23.81062306060626]
[25.418798125245274 'Spatial' 1.2759852325361112 0.0004158080597328766
 1.271186440677966 50 1 7 8 25.418798125245274]
[26.649909949478683 'Spatial' 1.2759852325361112 0.0004158080597328766
 1.2372881355932202 50 1 7 9 26.649909949478683]
[29.284763795095117 'Spatial' 1.2759852325361112 0.0004158080597328766
 1.271186440677966 50 1 7 10 29.284763795095117]
[30.402390482629972 'Spatial' 1.2759852325361112 0.0004158080597328766
 1.2372881355932202 50 1 7 11 30.402390482629972]
[32.93004508815793 'Spatial' 1.2759852325361112 0.0004158080597328766
 1.2372881355932202 50 1 7 12 32.93004508815793]
[34.15166231193333 'Spatial' 1.2759852325361112 0.0004158080597328766
 1.1694915254237288 50 1 7 13 34.15166231193333]
[35.30304893114697 'Spatial' 1.2759852325361112 0.0004158080597328766
 1.0169491525423728 50 1 7 14 35.30304893114697]
[36.4091584594799 'Spatial' 1.2759852325361112 0.0004158080597328766
 0.9322033898305084 50 1 7 15 36.4091584594799]
[37.581673029662106 'Spatial' 1.2759852325361112 0.0004158080597328766
 0.847457627118644 50 1 7 16 37.581673029662106]
[38.93166605386638 'Spatial' 1.2759852325361112 0.0004158080597328766
 0.8305084745762711 50 1 7 17 38.93166605386638]
[40.506518937312464 'Spatial' 1.2759852325361112 0.0004158080597328766
 0.7288135593220338 50 1 7 18 40.506518937312464]
[42.389859441590865 'Spatial' 1.2759852325361112 0.0004158080597328766
 0.6779661016949152 50 1 7 19 42.389859441590865]
[0.0 'Spatial' 1.2759852325361112 0.0004158080597328766 0.0 50 1 8 0 0.0]
[4.158881929000915 'Spatial' 1.2759852325361112 0.0004158080597328766
 2.8813559322033897 50 1 8 1 4.158881929000915]
[8.242490016638895 'Spatial' 1.2759852325361112 0.0004158080597328766
 0.1694915254237288 50 1 8 2 8.242490016638895]
[12.088104771144172 'Spatial' 1.2759852325361112 0.0004158080597328766
 1.0169491525423728 50 1 8 3 12.088104771144172]
[15.452887815393783 'Spatial' 1.2759852325361112 0.0004158080597328766
 1.1864406779661016 50 1 8 4 15.452887815393783]
[18.541486785108113 'Spatial' 1.2759852325361112 0.0004158080597328766
 1.3559322033898304 50 1 8 5 18.541486785108113]
[21.562863485355905 'Spatial' 1.2759852325361112 0.0004158080597328766
 1.5084745762711864 50 1 8 6 21.562863485355905]
[23.81062306060626 'Spatial' 1.2759852325361112 0.0004158080597328766
 1.406779661016949 50 1 8 7 23.81062306060626]
[25.418798125245274 'Spatial' 1.2759852325361112 0.0004158080597328766
 1.271186440677966 50 1 8 8 25.418798125245274]
[26.649909949478683 'Spatial' 1.2759852325361112 0.0004158080597328766
 1.2372881355932202 50 1 8 9 26.649909949478683]
[29.284763795095117 'Spatial' 1.2759852325361112 0.0004158080597328766
 1.271186440677966 50 1 8 10 29.284763795095117]
[30.402390482629972 'Spatial' 1.2759852325361112 0.0004158080597328766
 1.2372881355932202 50 1 8 11 30.402390482629972]
[32.93004508815793 'Spatial' 1.2759852325361112 0.0004158080597328766
 1.2372881355932202 50 1 8 12 32.93004508815793]
[34.15166231193333 'Spatial' 1.2759852325361112 0.0004158080597328766
 1.1694915254237288 50 1 8 13 34.15166231193333]
[35.30304893114697 'Spatial' 1.2759852325361112 0.0004158080597328766
 1.0169491525423728 50 1 8 14 35.30304893114697]
[36.4091584594799 'Spatial' 1.2759852325361112 0.0004158080597328766
 0.9322033898305084 50 1 8 15 36.4091584594799]
[37.581673029662106 'Spatial' 1.2759852325361112 0.0004158080597328766
 0.847457627118644 50 1 8 16 37.581673029662106]
[38.93166605386638 'Spatial' 1.2759852325361112 0.0004158080597328766
 0.8305084745762711 50 1 8 17 38.93166605386638]
[40.506518937312464 'Spatial' 1.2759852325361112 0.0004158080597328766
 0.7288135593220338 50 1 8 18 40.506518937312464]
[42.389859441590865 'Spatial' 1.2759852325361112 0.0004158080597328766
 0.6779661016949152 50 1 8 19 42.389859441590865]
