[0.0 'Conceptual' 1.1605882563170236 0.05761654050933386 0.0 106 0 1 0 0.0]
[4.1588830833596715 'Conceptual' 1.1605882563170236 0.05761654050933386
 4.915254237288135 106 0 1 1 4.1588830833596715]
[8.317766166719343 'Conceptual' 1.1605882563170236 0.05761654050933386
 4.23728813559322 106 0 1 2 8.317766166719343]
[12.476649250079014 'Conceptual' 1.1605882563170236 0.05761654050933386
 3.559322033898305 106 0 1 3 12.476649250079014]
[16.40588408678523 'Conceptual' 1.1605882563170236 0.05761654050933386
 0.4915254237288135 106 0 1 4 16.40588408678523]
[19.55754163033587 'Conceptual' 1.1605882563170236 0.05761654050933386
 1.1864406779661016 106 0 1 5 19.55754163033587]
[23.809024897115837 'Conceptual' 1.1605882563170236 0.05761654050933386
 1.1016949152542372 106 0 1 6 23.809024897115837]
[25.970708749856296 'Conceptual' 1.1605882563170236 0.05761654050933386
 1.0677966101694913 106 0 1 7 25.970708749856296]
[28.13492129338792 'Conceptual' 1.1605882563170236 0.05761654050933386
 1.0677966101694913 106 0 1 8 28.13492129338792]
[29.181437302935045 'Conceptual' 1.1605882563170236 0.05761654050933386
 1.0169491525423728 106 0 1 9 29.181437302935045]
[29.711611621146897 'Conceptual' 1.1605882563170236 0.05761654050933386
 0.9999999999999999 106 0 1 10 29.711611621146897]
[29.944866225532746 'Conceptual' 1.1605882563170236 0.05761654050933386
 0.8983050847457626 106 0 1 11 29.944866225532746]
[31.410428054094726 'Conceptual' 1.1605882563170236 0.05761654050933386
 0.8983050847457626 106 0 1 12 31.410428054094726]
[31.77656916433481 'Conceptual' 1.1605882563170236 0.05761654050933386
 0.8305084745762711 106 0 1 13 31.77656916433481]
[33.15219000266176 'Conceptual' 1.1605882563170236 0.05761654050933386
 0.8305084745762711 106 0 1 14 33.15219000266176]
[34.20454979095497 'Conceptual' 1.1605882563170236 0.05761654050933386
 0.7627118644067796 106 0 1 15 34.20454979095497]
[35.02351782607455 'Conceptual' 1.1605882563170236 0.05761654050933386
 0.7288135593220338 106 0 1 16 35.02351782607455]
[35.663052044024035 'Conceptual' 1.1605882563170236 0.05761654050933386
 0.6779661016949152 106 0 1 17 35.663052044024035]
[36.32523784569939 'Conceptual' 1.1605882563170236 0.05761654050933386
 0.6610169491525423 106 0 1 18 36.32523784569939]
[37.23208628739293 'Conceptual' 1.1605882563170236 0.05761654050933386
 0.5932203389830508 106 0 1 19 37.23208628739293]
[0.0 'Conceptual' 1.1605882563170236 0.05761654050933386 0.0 106 0 2 0 0.0]
[4.1588830833596715 'Conceptual' 1.1605882563170236 0.05761654050933386
 4.915254237288135 106 0 2 1 4.1588830833596715]
[8.317766166719343 'Conceptual' 1.1605882563170236 0.05761654050933386
 4.23728813559322 106 0 2 2 8.317766166719343]
[12.476649250079014 'Conceptual' 1.1605882563170236 0.05761654050933386
 3.559322033898305 106 0 2 3 12.476649250079014]
[16.40588408678523 'Conceptual' 1.1605882563170236 0.05761654050933386
 0.4915254237288135 106 0 2 4 16.40588408678523]
[19.55754163033587 'Conceptual' 1.1605882563170236 0.05761654050933386
 1.1864406779661016 106 0 2 5 19.55754163033587]
[23.809024897115837 'Conceptual' 1.1605882563170236 0.05761654050933386
 1.1016949152542372 106 0 2 6 23.809024897115837]
[25.970708749856296 'Conceptual' 1.1605882563170236 0.05761654050933386
 1.0677966101694913 106 0 2 7 25.970708749856296]
[28.13492129338792 'Conceptual' 1.1605882563170236 0.05761654050933386
 1.0677966101694913 106 0 2 8 28.13492129338792]
[29.181437302935045 'Conceptual' 1.1605882563170236 0.05761654050933386
 1.0169491525423728 106 0 2 9 29.181437302935045]
[29.711611621146897 'Conceptual' 1.1605882563170236 0.05761654050933386
 0.9999999999999999 106 0 2 10 29.711611621146897]
[29.944866225532746 'Conceptual' 1.1605882563170236 0.05761654050933386
 0.8983050847457626 106 0 2 11 29.944866225532746]
[31.410428054094726 'Conceptual' 1.1605882563170236 0.05761654050933386
 0.8983050847457626 106 0 2 12 31.410428054094726]
[31.77656916433481 'Conceptual' 1.1605882563170236 0.05761654050933386
 0.8305084745762711 106 0 2 13 31.77656916433481]
[33.15219000266176 'Conceptual' 1.1605882563170236 0.05761654050933386
 0.8305084745762711 106 0 2 14 33.15219000266176]
[34.20454979095497 'Conceptual' 1.1605882563170236 0.05761654050933386
 0.7627118644067796 106 0 2 15 34.20454979095497]
[35.02351782607455 'Conceptual' 1.1605882563170236 0.05761654050933386
 0.7288135593220338 106 0 2 16 35.02351782607455]
[35.663052044024035 'Conceptual' 1.1605882563170236 0.05761654050933386
 0.6779661016949152 106 0 2 17 35.663052044024035]
[36.32523784569939 'Conceptual' 1.1605882563170236 0.05761654050933386
 0.6610169491525423 106 0 2 18 36.32523784569939]
[37.23208628739293 'Conceptual' 1.1605882563170236 0.05761654050933386
 0.5932203389830508 106 0 2 19 37.23208628739293]
[0.0 'Conceptual' 1.1605882563170236 0.05761654050933386 0.0 106 0 3 0 0.0]
[4.1588830833596715 'Conceptual' 1.1605882563170236 0.05761654050933386
 4.915254237288135 106 0 3 1 4.1588830833596715]
[8.317766166719343 'Conceptual' 1.1605882563170236 0.05761654050933386
 4.23728813559322 106 0 3 2 8.317766166719343]
[12.476649250079014 'Conceptual' 1.1605882563170236 0.05761654050933386
 3.559322033898305 106 0 3 3 12.476649250079014]
[16.40588408678523 'Conceptual' 1.1605882563170236 0.05761654050933386
 0.4915254237288135 106 0 3 4 16.40588408678523]
[19.55754163033587 'Conceptual' 1.1605882563170236 0.05761654050933386
 1.1864406779661016 106 0 3 5 19.55754163033587]
[23.809024897115837 'Conceptual' 1.1605882563170236 0.05761654050933386
 1.1016949152542372 106 0 3 6 23.809024897115837]
[25.970708749856296 'Conceptual' 1.1605882563170236 0.05761654050933386
 1.0677966101694913 106 0 3 7 25.970708749856296]
[28.13492129338792 'Conceptual' 1.1605882563170236 0.05761654050933386
 1.0677966101694913 106 0 3 8 28.13492129338792]
[29.181437302935045 'Conceptual' 1.1605882563170236 0.05761654050933386
 1.0169491525423728 106 0 3 9 29.181437302935045]
[29.711611621146897 'Conceptual' 1.1605882563170236 0.05761654050933386
 0.9999999999999999 106 0 3 10 29.711611621146897]
[29.944866225532746 'Conceptual' 1.1605882563170236 0.05761654050933386
 0.8983050847457626 106 0 3 11 29.944866225532746]
[31.410428054094726 'Conceptual' 1.1605882563170236 0.05761654050933386
 0.8983050847457626 106 0 3 12 31.410428054094726]
[31.77656916433481 'Conceptual' 1.1605882563170236 0.05761654050933386
 0.8305084745762711 106 0 3 13 31.77656916433481]
[33.15219000266176 'Conceptual' 1.1605882563170236 0.05761654050933386
 0.8305084745762711 106 0 3 14 33.15219000266176]
[34.20454979095497 'Conceptual' 1.1605882563170236 0.05761654050933386
 0.7627118644067796 106 0 3 15 34.20454979095497]
[35.02351782607455 'Conceptual' 1.1605882563170236 0.05761654050933386
 0.7288135593220338 106 0 3 16 35.02351782607455]
[35.663052044024035 'Conceptual' 1.1605882563170236 0.05761654050933386
 0.6779661016949152 106 0 3 17 35.663052044024035]
[36.32523784569939 'Conceptual' 1.1605882563170236 0.05761654050933386
 0.6610169491525423 106 0 3 18 36.32523784569939]
[37.23208628739293 'Conceptual' 1.1605882563170236 0.05761654050933386
 0.5932203389830508 106 0 3 19 37.23208628739293]
[0.0 'Conceptual' 1.1605882563170236 0.05761654050933386 0.0 106 0 4 0 0.0]
[4.1588830833596715 'Conceptual' 1.1605882563170236 0.05761654050933386
 4.915254237288135 106 0 4 1 4.1588830833596715]
[8.317766166719343 'Conceptual' 1.1605882563170236 0.05761654050933386
 4.23728813559322 106 0 4 2 8.317766166719343]
[12.476649250079014 'Conceptual' 1.1605882563170236 0.05761654050933386
 3.559322033898305 106 0 4 3 12.476649250079014]
[16.40588408678523 'Conceptual' 1.1605882563170236 0.05761654050933386
 0.4915254237288135 106 0 4 4 16.40588408678523]
[19.55754163033587 'Conceptual' 1.1605882563170236 0.05761654050933386
 1.1864406779661016 106 0 4 5 19.55754163033587]
[23.809024897115837 'Conceptual' 1.1605882563170236 0.05761654050933386
 1.1016949152542372 106 0 4 6 23.809024897115837]
[25.970708749856296 'Conceptual' 1.1605882563170236 0.05761654050933386
 1.0677966101694913 106 0 4 7 25.970708749856296]
[28.13492129338792 'Conceptual' 1.1605882563170236 0.05761654050933386
 1.0677966101694913 106 0 4 8 28.13492129338792]
[29.181437302935045 'Conceptual' 1.1605882563170236 0.05761654050933386
 1.0169491525423728 106 0 4 9 29.181437302935045]
[29.711611621146897 'Conceptual' 1.1605882563170236 0.05761654050933386
 0.9999999999999999 106 0 4 10 29.711611621146897]
[29.944866225532746 'Conceptual' 1.1605882563170236 0.05761654050933386
 0.8983050847457626 106 0 4 11 29.944866225532746]
[31.410428054094726 'Conceptual' 1.1605882563170236 0.05761654050933386
 0.8983050847457626 106 0 4 12 31.410428054094726]
[31.77656916433481 'Conceptual' 1.1605882563170236 0.05761654050933386
 0.8305084745762711 106 0 4 13 31.77656916433481]
[33.15219000266176 'Conceptual' 1.1605882563170236 0.05761654050933386
 0.8305084745762711 106 0 4 14 33.15219000266176]
[34.20454979095497 'Conceptual' 1.1605882563170236 0.05761654050933386
 0.7627118644067796 106 0 4 15 34.20454979095497]
[35.02351782607455 'Conceptual' 1.1605882563170236 0.05761654050933386
 0.7288135593220338 106 0 4 16 35.02351782607455]
[35.663052044024035 'Conceptual' 1.1605882563170236 0.05761654050933386
 0.6779661016949152 106 0 4 17 35.663052044024035]
[36.32523784569939 'Conceptual' 1.1605882563170236 0.05761654050933386
 0.6610169491525423 106 0 4 18 36.32523784569939]
[37.23208628739293 'Conceptual' 1.1605882563170236 0.05761654050933386
 0.5932203389830508 106 0 4 19 37.23208628739293]
[0.0 'Conceptual' 1.1605882563170236 0.05761654050933386 0.0 106 0 5 0 0.0]
[4.1588830833596715 'Conceptual' 1.1605882563170236 0.05761654050933386
 4.915254237288135 106 0 5 1 4.1588830833596715]
[8.317766166719343 'Conceptual' 1.1605882563170236 0.05761654050933386
 4.23728813559322 106 0 5 2 8.317766166719343]
[12.476649250079014 'Conceptual' 1.1605882563170236 0.05761654050933386
 3.559322033898305 106 0 5 3 12.476649250079014]
[16.40588408678523 'Conceptual' 1.1605882563170236 0.05761654050933386
 0.4915254237288135 106 0 5 4 16.40588408678523]
[19.55754163033587 'Conceptual' 1.1605882563170236 0.05761654050933386
 1.1864406779661016 106 0 5 5 19.55754163033587]
[23.809024897115837 'Conceptual' 1.1605882563170236 0.05761654050933386
 1.1016949152542372 106 0 5 6 23.809024897115837]
[25.970708749856296 'Conceptual' 1.1605882563170236 0.05761654050933386
 1.0677966101694913 106 0 5 7 25.970708749856296]
[28.13492129338792 'Conceptual' 1.1605882563170236 0.05761654050933386
 1.0677966101694913 106 0 5 8 28.13492129338792]
[29.181437302935045 'Conceptual' 1.1605882563170236 0.05761654050933386
 1.0169491525423728 106 0 5 9 29.181437302935045]
[29.711611621146897 'Conceptual' 1.1605882563170236 0.05761654050933386
 0.9999999999999999 106 0 5 10 29.711611621146897]
[29.944866225532746 'Conceptual' 1.1605882563170236 0.05761654050933386
 0.8983050847457626 106 0 5 11 29.944866225532746]
[31.410428054094726 'Conceptual' 1.1605882563170236 0.05761654050933386
 0.8983050847457626 106 0 5 12 31.410428054094726]
[31.77656916433481 'Conceptual' 1.1605882563170236 0.05761654050933386
 0.8305084745762711 106 0 5 13 31.77656916433481]
[33.15219000266176 'Conceptual' 1.1605882563170236 0.05761654050933386
 0.8305084745762711 106 0 5 14 33.15219000266176]
[34.20454979095497 'Conceptual' 1.1605882563170236 0.05761654050933386
 0.7627118644067796 106 0 5 15 34.20454979095497]
[35.02351782607455 'Conceptual' 1.1605882563170236 0.05761654050933386
 0.7288135593220338 106 0 5 16 35.02351782607455]
[35.663052044024035 'Conceptual' 1.1605882563170236 0.05761654050933386
 0.6779661016949152 106 0 5 17 35.663052044024035]
[36.32523784569939 'Conceptual' 1.1605882563170236 0.05761654050933386
 0.6610169491525423 106 0 5 18 36.32523784569939]
[37.23208628739293 'Conceptual' 1.1605882563170236 0.05761654050933386
 0.5932203389830508 106 0 5 19 37.23208628739293]
[0.0 'Conceptual' 1.1605882563170236 0.05761654050933386 0.0 106 0 6 0 0.0]
[4.1588830833596715 'Conceptual' 1.1605882563170236 0.05761654050933386
 4.915254237288135 106 0 6 1 4.1588830833596715]
[8.317766166719343 'Conceptual' 1.1605882563170236 0.05761654050933386
 4.23728813559322 106 0 6 2 8.317766166719343]
[12.476649250079014 'Conceptual' 1.1605882563170236 0.05761654050933386
 3.559322033898305 106 0 6 3 12.476649250079014]
[16.40588408678523 'Conceptual' 1.1605882563170236 0.05761654050933386
 0.4915254237288135 106 0 6 4 16.40588408678523]
[19.55754163033587 'Conceptual' 1.1605882563170236 0.05761654050933386
 1.1864406779661016 106 0 6 5 19.55754163033587]
[23.809024897115837 'Conceptual' 1.1605882563170236 0.05761654050933386
 1.1016949152542372 106 0 6 6 23.809024897115837]
[25.970708749856296 'Conceptual' 1.1605882563170236 0.05761654050933386
 1.0677966101694913 106 0 6 7 25.970708749856296]
[28.13492129338792 'Conceptual' 1.1605882563170236 0.05761654050933386
 1.0677966101694913 106 0 6 8 28.13492129338792]
[29.181437302935045 'Conceptual' 1.1605882563170236 0.05761654050933386
 1.0169491525423728 106 0 6 9 29.181437302935045]
[29.711611621146897 'Conceptual' 1.1605882563170236 0.05761654050933386
 0.9999999999999999 106 0 6 10 29.711611621146897]
[29.944866225532746 'Conceptual' 1.1605882563170236 0.05761654050933386
 0.8983050847457626 106 0 6 11 29.944866225532746]
[31.410428054094726 'Conceptual' 1.1605882563170236 0.05761654050933386
 0.8983050847457626 106 0 6 12 31.410428054094726]
[31.77656916433481 'Conceptual' 1.1605882563170236 0.05761654050933386
 0.8305084745762711 106 0 6 13 31.77656916433481]
[33.15219000266176 'Conceptual' 1.1605882563170236 0.05761654050933386
 0.8305084745762711 106 0 6 14 33.15219000266176]
[34.20454979095497 'Conceptual' 1.1605882563170236 0.05761654050933386
 0.7627118644067796 106 0 6 15 34.20454979095497]
[35.02351782607455 'Conceptual' 1.1605882563170236 0.05761654050933386
 0.7288135593220338 106 0 6 16 35.02351782607455]
[35.663052044024035 'Conceptual' 1.1605882563170236 0.05761654050933386
 0.6779661016949152 106 0 6 17 35.663052044024035]
[36.32523784569939 'Conceptual' 1.1605882563170236 0.05761654050933386
 0.6610169491525423 106 0 6 18 36.32523784569939]
[37.23208628739293 'Conceptual' 1.1605882563170236 0.05761654050933386
 0.5932203389830508 106 0 6 19 37.23208628739293]
[0.0 'Conceptual' 1.1605882563170236 0.05761654050933386 0.0 106 0 7 0 0.0]
[4.1588830833596715 'Conceptual' 1.1605882563170236 0.05761654050933386
 4.915254237288135 106 0 7 1 4.1588830833596715]
[8.317766166719343 'Conceptual' 1.1605882563170236 0.05761654050933386
 4.23728813559322 106 0 7 2 8.317766166719343]
[12.476649250079014 'Conceptual' 1.1605882563170236 0.05761654050933386
 3.559322033898305 106 0 7 3 12.476649250079014]
[16.40588408678523 'Conceptual' 1.1605882563170236 0.05761654050933386
 0.4915254237288135 106 0 7 4 16.40588408678523]
[19.55754163033587 'Conceptual' 1.1605882563170236 0.05761654050933386
 1.1864406779661016 106 0 7 5 19.55754163033587]
[23.809024897115837 'Conceptual' 1.1605882563170236 0.05761654050933386
 1.1016949152542372 106 0 7 6 23.809024897115837]
[25.970708749856296 'Conceptual' 1.1605882563170236 0.05761654050933386
 1.0677966101694913 106 0 7 7 25.970708749856296]
[28.13492129338792 'Conceptual' 1.1605882563170236 0.05761654050933386
 1.0677966101694913 106 0 7 8 28.13492129338792]
[29.181437302935045 'Conceptual' 1.1605882563170236 0.05761654050933386
 1.0169491525423728 106 0 7 9 29.181437302935045]
[29.711611621146897 'Conceptual' 1.1605882563170236 0.05761654050933386
 0.9999999999999999 106 0 7 10 29.711611621146897]
[29.944866225532746 'Conceptual' 1.1605882563170236 0.05761654050933386
 0.8983050847457626 106 0 7 11 29.944866225532746]
[31.410428054094726 'Conceptual' 1.1605882563170236 0.05761654050933386
 0.8983050847457626 106 0 7 12 31.410428054094726]
[31.77656916433481 'Conceptual' 1.1605882563170236 0.05761654050933386
 0.8305084745762711 106 0 7 13 31.77656916433481]
[33.15219000266176 'Conceptual' 1.1605882563170236 0.05761654050933386
 0.8305084745762711 106 0 7 14 33.15219000266176]
[34.20454979095497 'Conceptual' 1.1605882563170236 0.05761654050933386
 0.7627118644067796 106 0 7 15 34.20454979095497]
[35.02351782607455 'Conceptual' 1.1605882563170236 0.05761654050933386
 0.7288135593220338 106 0 7 16 35.02351782607455]
[35.663052044024035 'Conceptual' 1.1605882563170236 0.05761654050933386
 0.6779661016949152 106 0 7 17 35.663052044024035]
[36.32523784569939 'Conceptual' 1.1605882563170236 0.05761654050933386
 0.6610169491525423 106 0 7 18 36.32523784569939]
[37.23208628739293 'Conceptual' 1.1605882563170236 0.05761654050933386
 0.5932203389830508 106 0 7 19 37.23208628739293]
[0.0 'Conceptual' 1.1605882563170236 0.05761654050933386 0.0 106 0 8 0 0.0]
[4.1588830833596715 'Conceptual' 1.1605882563170236 0.05761654050933386
 4.915254237288135 106 0 8 1 4.1588830833596715]
[8.317766166719343 'Conceptual' 1.1605882563170236 0.05761654050933386
 4.23728813559322 106 0 8 2 8.317766166719343]
[12.476649250079014 'Conceptual' 1.1605882563170236 0.05761654050933386
 3.559322033898305 106 0 8 3 12.476649250079014]
[16.40588408678523 'Conceptual' 1.1605882563170236 0.05761654050933386
 0.4915254237288135 106 0 8 4 16.40588408678523]
[19.55754163033587 'Conceptual' 1.1605882563170236 0.05761654050933386
 1.1864406779661016 106 0 8 5 19.55754163033587]
[23.809024897115837 'Conceptual' 1.1605882563170236 0.05761654050933386
 1.1016949152542372 106 0 8 6 23.809024897115837]
[25.970708749856296 'Conceptual' 1.1605882563170236 0.05761654050933386
 1.0677966101694913 106 0 8 7 25.970708749856296]
[28.13492129338792 'Conceptual' 1.1605882563170236 0.05761654050933386
 1.0677966101694913 106 0 8 8 28.13492129338792]
[29.181437302935045 'Conceptual' 1.1605882563170236 0.05761654050933386
 1.0169491525423728 106 0 8 9 29.181437302935045]
[29.711611621146897 'Conceptual' 1.1605882563170236 0.05761654050933386
 0.9999999999999999 106 0 8 10 29.711611621146897]
[29.944866225532746 'Conceptual' 1.1605882563170236 0.05761654050933386
 0.8983050847457626 106 0 8 11 29.944866225532746]
[31.410428054094726 'Conceptual' 1.1605882563170236 0.05761654050933386
 0.8983050847457626 106 0 8 12 31.410428054094726]
[31.77656916433481 'Conceptual' 1.1605882563170236 0.05761654050933386
 0.8305084745762711 106 0 8 13 31.77656916433481]
[33.15219000266176 'Conceptual' 1.1605882563170236 0.05761654050933386
 0.8305084745762711 106 0 8 14 33.15219000266176]
[34.20454979095497 'Conceptual' 1.1605882563170236 0.05761654050933386
 0.7627118644067796 106 0 8 15 34.20454979095497]
[35.02351782607455 'Conceptual' 1.1605882563170236 0.05761654050933386
 0.7288135593220338 106 0 8 16 35.02351782607455]
[35.663052044024035 'Conceptual' 1.1605882563170236 0.05761654050933386
 0.6779661016949152 106 0 8 17 35.663052044024035]
[36.32523784569939 'Conceptual' 1.1605882563170236 0.05761654050933386
 0.6610169491525423 106 0 8 18 36.32523784569939]
[37.23208628739293 'Conceptual' 1.1605882563170236 0.05761654050933386
 0.5932203389830508 106 0 8 19 37.23208628739293]
