[0.0 'Spatial' 15.516525145033839 26.651093555752844 0.0 63 7 0 0 0.0]
[4.866148614014817 'Spatial' 15.516525145033839 26.651093555752844
 10.169491525423728 63 7 0 1 4.866148614014817]
[7.147466608986996 'Spatial' 15.516525145033839 26.651093555752844
 6.101694915254237 63 7 0 2 7.147466608986996]
[9.831155114174823 'Spatial' 15.516525145033839 26.651093555752844
 4.745762711864407 63 7 0 3 9.831155114174823]
[11.650898903841615 'Spatial' 15.516525145033839 26.651093555752844
 1.1864406779661016 63 7 0 4 11.650898903841615]
[12.516138429032381 'Spatial' 15.516525145033839 26.651093555752844
 0.8305084745762711 63 7 0 5 12.516138429032381]
[18.16908463590851 'Spatial' 15.516525145033839 26.651093555752844
 1.0677966101694913 63 7 0 6 18.16908463590851]
[20.480041498496156 'Spatial' 15.516525145033839 26.651093555752844
 1.1016949152542372 63 7 0 7 20.480041498496156]
[25.478426303142104 'Spatial' 15.516525145033839 26.651093555752844
 1.6779661016949152 63 7 0 8 25.478426303142104]
[29.637759873343267 'Spatial' 15.516525145033839 26.651093555752844
 1.6779661016949152 63 7 0 9 29.637759873343267]
[32.996623460007115 'Spatial' 15.516525145033839 26.651093555752844
 1.6779661016949152 63 7 0 10 32.996623460007115]
[36.36261517456764 'Spatial' 15.516525145033839 26.651093555752844
 1.6101694915254237 63 7 0 11 36.36261517456764]
[39.680282414041315 'Spatial' 15.516525145033839 26.651093555752844
 1.5762711864406778 63 7 0 12 39.680282414041315]
[42.671452100658726 'Spatial' 15.516525145033839 26.651093555752844
 1.4406779661016949 63 7 0 13 42.671452100658726]
[45.67402422649007 'Spatial' 15.516525145033839 26.651093555752844
 1.406779661016949 63 7 0 14 45.67402422649007]
[48.72368027768121 'Spatial' 15.516525145033839 26.651093555752844
 1.3389830508474576 63 7 0 15 48.72368027768121]
[51.427845219278666 'Spatial' 15.516525145033839 26.651093555752844
 1.2372881355932202 63 7 0 16 51.427845219278666]
[55.7796573193468 'Spatial' 15.516525145033839 26.651093555752844
 1.2372881355932202 63 7 0 17 55.7796573193468]
[58.88630987850673 'Spatial' 15.516525145033839 26.651093555752844
 1.2372881355932202 63 7 0 18 58.88630987850673]
[63.13290553809966 'Spatial' 15.516525145033839 26.651093555752844
 1.1864406779661016 63 7 0 19 63.13290553809966]
[0.0 'Spatial' 15.516525145033839 26.651093555752844 0.0 63 7 1 0 0.0]
[4.866148614014817 'Spatial' 15.516525145033839 26.651093555752844
 10.169491525423728 63 7 1 1 4.866148614014817]
[7.147466608986996 'Spatial' 15.516525145033839 26.651093555752844
 6.101694915254237 63 7 1 2 7.147466608986996]
[9.831155114174823 'Spatial' 15.516525145033839 26.651093555752844
 4.745762711864407 63 7 1 3 9.831155114174823]
[11.650898903841615 'Spatial' 15.516525145033839 26.651093555752844
 1.1864406779661016 63 7 1 4 11.650898903841615]
[12.516138429032381 'Spatial' 15.516525145033839 26.651093555752844
 0.8305084745762711 63 7 1 5 12.516138429032381]
[18.16908463590851 'Spatial' 15.516525145033839 26.651093555752844
 1.0677966101694913 63 7 1 6 18.16908463590851]
[20.480041498496156 'Spatial' 15.516525145033839 26.651093555752844
 1.1016949152542372 63 7 1 7 20.480041498496156]
[25.478426303142104 'Spatial' 15.516525145033839 26.651093555752844
 1.6779661016949152 63 7 1 8 25.478426303142104]
[29.637759873343267 'Spatial' 15.516525145033839 26.651093555752844
 1.6779661016949152 63 7 1 9 29.637759873343267]
[32.996623460007115 'Spatial' 15.516525145033839 26.651093555752844
 1.6779661016949152 63 7 1 10 32.996623460007115]
[36.36261517456764 'Spatial' 15.516525145033839 26.651093555752844
 1.6101694915254237 63 7 1 11 36.36261517456764]
[39.680282414041315 'Spatial' 15.516525145033839 26.651093555752844
 1.5762711864406778 63 7 1 12 39.680282414041315]
[42.671452100658726 'Spatial' 15.516525145033839 26.651093555752844
 1.4406779661016949 63 7 1 13 42.671452100658726]
[45.67402422649007 'Spatial' 15.516525145033839 26.651093555752844
 1.406779661016949 63 7 1 14 45.67402422649007]
[48.72368027768121 'Spatial' 15.516525145033839 26.651093555752844
 1.3389830508474576 63 7 1 15 48.72368027768121]
[51.427845219278666 'Spatial' 15.516525145033839 26.651093555752844
 1.2372881355932202 63 7 1 16 51.427845219278666]
[55.7796573193468 'Spatial' 15.516525145033839 26.651093555752844
 1.2372881355932202 63 7 1 17 55.7796573193468]
[58.88630987850673 'Spatial' 15.516525145033839 26.651093555752844
 1.2372881355932202 63 7 1 18 58.88630987850673]
[63.13290553809966 'Spatial' 15.516525145033839 26.651093555752844
 1.1864406779661016 63 7 1 19 63.13290553809966]
[0.0 'Spatial' 15.516525145033839 26.651093555752844 0.0 63 7 2 0 0.0]
[4.866148614014817 'Spatial' 15.516525145033839 26.651093555752844
 10.169491525423728 63 7 2 1 4.866148614014817]
[7.147466608986996 'Spatial' 15.516525145033839 26.651093555752844
 6.101694915254237 63 7 2 2 7.147466608986996]
[9.831155114174823 'Spatial' 15.516525145033839 26.651093555752844
 4.745762711864407 63 7 2 3 9.831155114174823]
[11.650898903841615 'Spatial' 15.516525145033839 26.651093555752844
 1.1864406779661016 63 7 2 4 11.650898903841615]
[12.516138429032381 'Spatial' 15.516525145033839 26.651093555752844
 0.8305084745762711 63 7 2 5 12.516138429032381]
[18.16908463590851 'Spatial' 15.516525145033839 26.651093555752844
 1.0677966101694913 63 7 2 6 18.16908463590851]
[20.480041498496156 'Spatial' 15.516525145033839 26.651093555752844
 1.1016949152542372 63 7 2 7 20.480041498496156]
[25.478426303142104 'Spatial' 15.516525145033839 26.651093555752844
 1.6779661016949152 63 7 2 8 25.478426303142104]
[29.637759873343267 'Spatial' 15.516525145033839 26.651093555752844
 1.6779661016949152 63 7 2 9 29.637759873343267]
[32.996623460007115 'Spatial' 15.516525145033839 26.651093555752844
 1.6779661016949152 63 7 2 10 32.996623460007115]
[36.36261517456764 'Spatial' 15.516525145033839 26.651093555752844
 1.6101694915254237 63 7 2 11 36.36261517456764]
[39.680282414041315 'Spatial' 15.516525145033839 26.651093555752844
 1.5762711864406778 63 7 2 12 39.680282414041315]
[42.671452100658726 'Spatial' 15.516525145033839 26.651093555752844
 1.4406779661016949 63 7 2 13 42.671452100658726]
[45.67402422649007 'Spatial' 15.516525145033839 26.651093555752844
 1.406779661016949 63 7 2 14 45.67402422649007]
[48.72368027768121 'Spatial' 15.516525145033839 26.651093555752844
 1.3389830508474576 63 7 2 15 48.72368027768121]
[51.427845219278666 'Spatial' 15.516525145033839 26.651093555752844
 1.2372881355932202 63 7 2 16 51.427845219278666]
[55.7796573193468 'Spatial' 15.516525145033839 26.651093555752844
 1.2372881355932202 63 7 2 17 55.7796573193468]
[58.88630987850673 'Spatial' 15.516525145033839 26.651093555752844
 1.2372881355932202 63 7 2 18 58.88630987850673]
[63.13290553809966 'Spatial' 15.516525145033839 26.651093555752844
 1.1864406779661016 63 7 2 19 63.13290553809966]
[0.0 'Spatial' 15.516525145033839 26.651093555752844 0.0 63 7 3 0 0.0]
[4.866148614014817 'Spatial' 15.516525145033839 26.651093555752844
 10.169491525423728 63 7 3 1 4.866148614014817]
[7.147466608986996 'Spatial' 15.516525145033839 26.651093555752844
 6.101694915254237 63 7 3 2 7.147466608986996]
[9.831155114174823 'Spatial' 15.516525145033839 26.651093555752844
 4.745762711864407 63 7 3 3 9.831155114174823]
[11.650898903841615 'Spatial' 15.516525145033839 26.651093555752844
 1.1864406779661016 63 7 3 4 11.650898903841615]
[12.516138429032381 'Spatial' 15.516525145033839 26.651093555752844
 0.8305084745762711 63 7 3 5 12.516138429032381]
[18.16908463590851 'Spatial' 15.516525145033839 26.651093555752844
 1.0677966101694913 63 7 3 6 18.16908463590851]
[20.480041498496156 'Spatial' 15.516525145033839 26.651093555752844
 1.1016949152542372 63 7 3 7 20.480041498496156]
[25.478426303142104 'Spatial' 15.516525145033839 26.651093555752844
 1.6779661016949152 63 7 3 8 25.478426303142104]
[29.637759873343267 'Spatial' 15.516525145033839 26.651093555752844
 1.6779661016949152 63 7 3 9 29.637759873343267]
[32.996623460007115 'Spatial' 15.516525145033839 26.651093555752844
 1.6779661016949152 63 7 3 10 32.996623460007115]
[36.36261517456764 'Spatial' 15.516525145033839 26.651093555752844
 1.6101694915254237 63 7 3 11 36.36261517456764]
[39.680282414041315 'Spatial' 15.516525145033839 26.651093555752844
 1.5762711864406778 63 7 3 12 39.680282414041315]
[42.671452100658726 'Spatial' 15.516525145033839 26.651093555752844
 1.4406779661016949 63 7 3 13 42.671452100658726]
[45.67402422649007 'Spatial' 15.516525145033839 26.651093555752844
 1.406779661016949 63 7 3 14 45.67402422649007]
[48.72368027768121 'Spatial' 15.516525145033839 26.651093555752844
 1.3389830508474576 63 7 3 15 48.72368027768121]
[51.427845219278666 'Spatial' 15.516525145033839 26.651093555752844
 1.2372881355932202 63 7 3 16 51.427845219278666]
[55.7796573193468 'Spatial' 15.516525145033839 26.651093555752844
 1.2372881355932202 63 7 3 17 55.7796573193468]
[58.88630987850673 'Spatial' 15.516525145033839 26.651093555752844
 1.2372881355932202 63 7 3 18 58.88630987850673]
[63.13290553809966 'Spatial' 15.516525145033839 26.651093555752844
 1.1864406779661016 63 7 3 19 63.13290553809966]
[0.0 'Spatial' 15.516525145033839 26.651093555752844 0.0 63 7 4 0 0.0]
[4.866148614014817 'Spatial' 15.516525145033839 26.651093555752844
 10.169491525423728 63 7 4 1 4.866148614014817]
[7.147466608986996 'Spatial' 15.516525145033839 26.651093555752844
 6.101694915254237 63 7 4 2 7.147466608986996]
[9.831155114174823 'Spatial' 15.516525145033839 26.651093555752844
 4.745762711864407 63 7 4 3 9.831155114174823]
[11.650898903841615 'Spatial' 15.516525145033839 26.651093555752844
 1.1864406779661016 63 7 4 4 11.650898903841615]
[12.516138429032381 'Spatial' 15.516525145033839 26.651093555752844
 0.8305084745762711 63 7 4 5 12.516138429032381]
[18.16908463590851 'Spatial' 15.516525145033839 26.651093555752844
 1.0677966101694913 63 7 4 6 18.16908463590851]
[20.480041498496156 'Spatial' 15.516525145033839 26.651093555752844
 1.1016949152542372 63 7 4 7 20.480041498496156]
[25.478426303142104 'Spatial' 15.516525145033839 26.651093555752844
 1.6779661016949152 63 7 4 8 25.478426303142104]
[29.637759873343267 'Spatial' 15.516525145033839 26.651093555752844
 1.6779661016949152 63 7 4 9 29.637759873343267]
[32.996623460007115 'Spatial' 15.516525145033839 26.651093555752844
 1.6779661016949152 63 7 4 10 32.996623460007115]
[36.36261517456764 'Spatial' 15.516525145033839 26.651093555752844
 1.6101694915254237 63 7 4 11 36.36261517456764]
[39.680282414041315 'Spatial' 15.516525145033839 26.651093555752844
 1.5762711864406778 63 7 4 12 39.680282414041315]
[42.671452100658726 'Spatial' 15.516525145033839 26.651093555752844
 1.4406779661016949 63 7 4 13 42.671452100658726]
[45.67402422649007 'Spatial' 15.516525145033839 26.651093555752844
 1.406779661016949 63 7 4 14 45.67402422649007]
[48.72368027768121 'Spatial' 15.516525145033839 26.651093555752844
 1.3389830508474576 63 7 4 15 48.72368027768121]
[51.427845219278666 'Spatial' 15.516525145033839 26.651093555752844
 1.2372881355932202 63 7 4 16 51.427845219278666]
[55.7796573193468 'Spatial' 15.516525145033839 26.651093555752844
 1.2372881355932202 63 7 4 17 55.7796573193468]
[58.88630987850673 'Spatial' 15.516525145033839 26.651093555752844
 1.2372881355932202 63 7 4 18 58.88630987850673]
[63.13290553809966 'Spatial' 15.516525145033839 26.651093555752844
 1.1864406779661016 63 7 4 19 63.13290553809966]
[0.0 'Spatial' 15.516525145033839 26.651093555752844 0.0 63 7 5 0 0.0]
[4.866148614014817 'Spatial' 15.516525145033839 26.651093555752844
 10.169491525423728 63 7 5 1 4.866148614014817]
[7.147466608986996 'Spatial' 15.516525145033839 26.651093555752844
 6.101694915254237 63 7 5 2 7.147466608986996]
[9.831155114174823 'Spatial' 15.516525145033839 26.651093555752844
 4.745762711864407 63 7 5 3 9.831155114174823]
[11.650898903841615 'Spatial' 15.516525145033839 26.651093555752844
 1.1864406779661016 63 7 5 4 11.650898903841615]
[12.516138429032381 'Spatial' 15.516525145033839 26.651093555752844
 0.8305084745762711 63 7 5 5 12.516138429032381]
[18.16908463590851 'Spatial' 15.516525145033839 26.651093555752844
 1.0677966101694913 63 7 5 6 18.16908463590851]
[20.480041498496156 'Spatial' 15.516525145033839 26.651093555752844
 1.1016949152542372 63 7 5 7 20.480041498496156]
[25.478426303142104 'Spatial' 15.516525145033839 26.651093555752844
 1.6779661016949152 63 7 5 8 25.478426303142104]
[29.637759873343267 'Spatial' 15.516525145033839 26.651093555752844
 1.6779661016949152 63 7 5 9 29.637759873343267]
[32.996623460007115 'Spatial' 15.516525145033839 26.651093555752844
 1.6779661016949152 63 7 5 10 32.996623460007115]
[36.36261517456764 'Spatial' 15.516525145033839 26.651093555752844
 1.6101694915254237 63 7 5 11 36.36261517456764]
[39.680282414041315 'Spatial' 15.516525145033839 26.651093555752844
 1.5762711864406778 63 7 5 12 39.680282414041315]
[42.671452100658726 'Spatial' 15.516525145033839 26.651093555752844
 1.4406779661016949 63 7 5 13 42.671452100658726]
[45.67402422649007 'Spatial' 15.516525145033839 26.651093555752844
 1.406779661016949 63 7 5 14 45.67402422649007]
[48.72368027768121 'Spatial' 15.516525145033839 26.651093555752844
 1.3389830508474576 63 7 5 15 48.72368027768121]
[51.427845219278666 'Spatial' 15.516525145033839 26.651093555752844
 1.2372881355932202 63 7 5 16 51.427845219278666]
[55.7796573193468 'Spatial' 15.516525145033839 26.651093555752844
 1.2372881355932202 63 7 5 17 55.7796573193468]
[58.88630987850673 'Spatial' 15.516525145033839 26.651093555752844
 1.2372881355932202 63 7 5 18 58.88630987850673]
[63.13290553809966 'Spatial' 15.516525145033839 26.651093555752844
 1.1864406779661016 63 7 5 19 63.13290553809966]
[0.0 'Spatial' 15.516525145033839 26.651093555752844 0.0 63 7 6 0 0.0]
[4.866148614014817 'Spatial' 15.516525145033839 26.651093555752844
 10.169491525423728 63 7 6 1 4.866148614014817]
[7.147466608986996 'Spatial' 15.516525145033839 26.651093555752844
 6.101694915254237 63 7 6 2 7.147466608986996]
[9.831155114174823 'Spatial' 15.516525145033839 26.651093555752844
 4.745762711864407 63 7 6 3 9.831155114174823]
[11.650898903841615 'Spatial' 15.516525145033839 26.651093555752844
 1.1864406779661016 63 7 6 4 11.650898903841615]
[12.516138429032381 'Spatial' 15.516525145033839 26.651093555752844
 0.8305084745762711 63 7 6 5 12.516138429032381]
[18.16908463590851 'Spatial' 15.516525145033839 26.651093555752844
 1.0677966101694913 63 7 6 6 18.16908463590851]
[20.480041498496156 'Spatial' 15.516525145033839 26.651093555752844
 1.1016949152542372 63 7 6 7 20.480041498496156]
[25.478426303142104 'Spatial' 15.516525145033839 26.651093555752844
 1.6779661016949152 63 7 6 8 25.478426303142104]
[29.637759873343267 'Spatial' 15.516525145033839 26.651093555752844
 1.6779661016949152 63 7 6 9 29.637759873343267]
[32.996623460007115 'Spatial' 15.516525145033839 26.651093555752844
 1.6779661016949152 63 7 6 10 32.996623460007115]
[36.36261517456764 'Spatial' 15.516525145033839 26.651093555752844
 1.6101694915254237 63 7 6 11 36.36261517456764]
[39.680282414041315 'Spatial' 15.516525145033839 26.651093555752844
 1.5762711864406778 63 7 6 12 39.680282414041315]
[42.671452100658726 'Spatial' 15.516525145033839 26.651093555752844
 1.4406779661016949 63 7 6 13 42.671452100658726]
[45.67402422649007 'Spatial' 15.516525145033839 26.651093555752844
 1.406779661016949 63 7 6 14 45.67402422649007]
[48.72368027768121 'Spatial' 15.516525145033839 26.651093555752844
 1.3389830508474576 63 7 6 15 48.72368027768121]
[51.427845219278666 'Spatial' 15.516525145033839 26.651093555752844
 1.2372881355932202 63 7 6 16 51.427845219278666]
[55.7796573193468 'Spatial' 15.516525145033839 26.651093555752844
 1.2372881355932202 63 7 6 17 55.7796573193468]
[58.88630987850673 'Spatial' 15.516525145033839 26.651093555752844
 1.2372881355932202 63 7 6 18 58.88630987850673]
[63.13290553809966 'Spatial' 15.516525145033839 26.651093555752844
 1.1864406779661016 63 7 6 19 63.13290553809966]
[0.0 'Spatial' 15.516525145033839 26.651093555752844 0.0 63 7 8 0 0.0]
[4.866148614014817 'Spatial' 15.516525145033839 26.651093555752844
 10.169491525423728 63 7 8 1 4.866148614014817]
[7.147466608986996 'Spatial' 15.516525145033839 26.651093555752844
 6.101694915254237 63 7 8 2 7.147466608986996]
[9.831155114174823 'Spatial' 15.516525145033839 26.651093555752844
 4.745762711864407 63 7 8 3 9.831155114174823]
[11.650898903841615 'Spatial' 15.516525145033839 26.651093555752844
 1.1864406779661016 63 7 8 4 11.650898903841615]
[12.516138429032381 'Spatial' 15.516525145033839 26.651093555752844
 0.8305084745762711 63 7 8 5 12.516138429032381]
[18.16908463590851 'Spatial' 15.516525145033839 26.651093555752844
 1.0677966101694913 63 7 8 6 18.16908463590851]
[20.480041498496156 'Spatial' 15.516525145033839 26.651093555752844
 1.1016949152542372 63 7 8 7 20.480041498496156]
[25.478426303142104 'Spatial' 15.516525145033839 26.651093555752844
 1.6779661016949152 63 7 8 8 25.478426303142104]
[29.637759873343267 'Spatial' 15.516525145033839 26.651093555752844
 1.6779661016949152 63 7 8 9 29.637759873343267]
[32.996623460007115 'Spatial' 15.516525145033839 26.651093555752844
 1.6779661016949152 63 7 8 10 32.996623460007115]
[36.36261517456764 'Spatial' 15.516525145033839 26.651093555752844
 1.6101694915254237 63 7 8 11 36.36261517456764]
[39.680282414041315 'Spatial' 15.516525145033839 26.651093555752844
 1.5762711864406778 63 7 8 12 39.680282414041315]
[42.671452100658726 'Spatial' 15.516525145033839 26.651093555752844
 1.4406779661016949 63 7 8 13 42.671452100658726]
[45.67402422649007 'Spatial' 15.516525145033839 26.651093555752844
 1.406779661016949 63 7 8 14 45.67402422649007]
[48.72368027768121 'Spatial' 15.516525145033839 26.651093555752844
 1.3389830508474576 63 7 8 15 48.72368027768121]
[51.427845219278666 'Spatial' 15.516525145033839 26.651093555752844
 1.2372881355932202 63 7 8 16 51.427845219278666]
[55.7796573193468 'Spatial' 15.516525145033839 26.651093555752844
 1.2372881355932202 63 7 8 17 55.7796573193468]
[58.88630987850673 'Spatial' 15.516525145033839 26.651093555752844
 1.2372881355932202 63 7 8 18 58.88630987850673]
[63.13290553809966 'Spatial' 15.516525145033839 26.651093555752844
 1.1864406779661016 63 7 8 19 63.13290553809966]
