[0.0 'Spatial' 1.1706596741430262 0.002060129506622112 0.0 53 4 0 0 0.0]
[4.059755192894812 'Spatial' 1.1706596741430262 0.002060129506622112
 0.1694915254237288 53 4 0 1 4.059755192894812]
[7.901412331984675 'Spatial' 1.1706596741430262 0.002060129506622112
 1.3389830508474576 53 4 0 2 7.901412331984675]
[11.331546887126759 'Spatial' 1.1706596741430262 0.002060129506622112
 1.1864406779661016 53 4 0 3 11.331546887126759]
[14.41087280973847 'Spatial' 1.1706596741430262 0.002060129506622112
 1.3389830508474576 53 4 0 4 14.41087280973847]
[16.873936250346848 'Spatial' 1.1706596741430262 0.002060129506622112
 1.4406779661016949 53 4 0 5 16.873936250346848]
[20.28219784208525 'Spatial' 1.1706596741430262 0.002060129506622112
 1.7796610169491525 53 4 0 6 20.28219784208525]
[22.735566213582956 'Spatial' 1.1706596741430262 0.002060129506622112
 1.9491525423728813 53 4 0 7 22.735566213582956]
[24.60079031124011 'Spatial' 1.1706596741430262 0.002060129506622112
 2.016949152542373 53 4 0 8 24.60079031124011]
[26.087301442917667 'Spatial' 1.1706596741430262 0.002060129506622112
 1.9491525423728813 53 4 0 9 26.087301442917667]
[27.333869946005876 'Spatial' 1.1706596741430262 0.002060129506622112
 1.8644067796610169 53 4 0 10 27.333869946005876]
[28.42659205238808 'Spatial' 1.1706596741430262 0.002060129506622112
 1.6779661016949152 53 4 0 11 28.42659205238808]
[29.24527043458651 'Spatial' 1.1706596741430262 0.002060129506622112
 1.3559322033898304 53 4 0 12 29.24527043458651]
[29.709416531990318 'Spatial' 1.1706596741430262 0.002060129506622112
 1.1694915254237288 53 4 0 13 29.709416531990318]
[29.906971533928147 'Spatial' 1.1706596741430262 0.002060129506622112
 1.0677966101694913 53 4 0 14 29.906971533928147]
[29.889538405363844 'Spatial' 1.1706596741430262 0.002060129506622112
 0.8983050847457626 53 4 0 15 29.889538405363844]
[29.710474037365934 'Spatial' 1.1706596741430262 0.002060129506622112
 0.7288135593220338 53 4 0 16 29.710474037365934]
[29.532787534335935 'Spatial' 1.1706596741430262 0.002060129506622112
 0.5932203389830508 53 4 0 17 29.532787534335935]
[32.44373804569651 'Spatial' 1.1706596741430262 0.002060129506622112
 0.7627118644067796 53 4 0 18 32.44373804569651]
[33.00820758471141 'Spatial' 1.1706596741430262 0.002060129506622112
 0.7288135593220338 53 4 0 19 33.00820758471141]
[0.0 'Spatial' 1.1706596741430262 0.002060129506622112 0.0 53 4 1 0 0.0]
[4.059755192894812 'Spatial' 1.1706596741430262 0.002060129506622112
 0.1694915254237288 53 4 1 1 4.059755192894812]
[7.901412331984675 'Spatial' 1.1706596741430262 0.002060129506622112
 1.3389830508474576 53 4 1 2 7.901412331984675]
[11.331546887126759 'Spatial' 1.1706596741430262 0.002060129506622112
 1.1864406779661016 53 4 1 3 11.331546887126759]
[14.41087280973847 'Spatial' 1.1706596741430262 0.002060129506622112
 1.3389830508474576 53 4 1 4 14.41087280973847]
[16.873936250346848 'Spatial' 1.1706596741430262 0.002060129506622112
 1.4406779661016949 53 4 1 5 16.873936250346848]
[20.28219784208525 'Spatial' 1.1706596741430262 0.002060129506622112
 1.7796610169491525 53 4 1 6 20.28219784208525]
[22.735566213582956 'Spatial' 1.1706596741430262 0.002060129506622112
 1.9491525423728813 53 4 1 7 22.735566213582956]
[24.60079031124011 'Spatial' 1.1706596741430262 0.002060129506622112
 2.016949152542373 53 4 1 8 24.60079031124011]
[26.087301442917667 'Spatial' 1.1706596741430262 0.002060129506622112
 1.9491525423728813 53 4 1 9 26.087301442917667]
[27.333869946005876 'Spatial' 1.1706596741430262 0.002060129506622112
 1.8644067796610169 53 4 1 10 27.333869946005876]
[28.42659205238808 'Spatial' 1.1706596741430262 0.002060129506622112
 1.6779661016949152 53 4 1 11 28.42659205238808]
[29.24527043458651 'Spatial' 1.1706596741430262 0.002060129506622112
 1.3559322033898304 53 4 1 12 29.24527043458651]
[29.709416531990318 'Spatial' 1.1706596741430262 0.002060129506622112
 1.1694915254237288 53 4 1 13 29.709416531990318]
[29.906971533928147 'Spatial' 1.1706596741430262 0.002060129506622112
 1.0677966101694913 53 4 1 14 29.906971533928147]
[29.889538405363844 'Spatial' 1.1706596741430262 0.002060129506622112
 0.8983050847457626 53 4 1 15 29.889538405363844]
[29.710474037365934 'Spatial' 1.1706596741430262 0.002060129506622112
 0.7288135593220338 53 4 1 16 29.710474037365934]
[29.532787534335935 'Spatial' 1.1706596741430262 0.002060129506622112
 0.5932203389830508 53 4 1 17 29.532787534335935]
[32.44373804569651 'Spatial' 1.1706596741430262 0.002060129506622112
 0.7627118644067796 53 4 1 18 32.44373804569651]
[33.00820758471141 'Spatial' 1.1706596741430262 0.002060129506622112
 0.7288135593220338 53 4 1 19 33.00820758471141]
[0.0 'Spatial' 1.1706596741430262 0.002060129506622112 0.0 53 4 2 0 0.0]
[4.059755192894812 'Spatial' 1.1706596741430262 0.002060129506622112
 0.1694915254237288 53 4 2 1 4.059755192894812]
[7.901412331984675 'Spatial' 1.1706596741430262 0.002060129506622112
 1.3389830508474576 53 4 2 2 7.901412331984675]
[11.331546887126759 'Spatial' 1.1706596741430262 0.002060129506622112
 1.1864406779661016 53 4 2 3 11.331546887126759]
[14.41087280973847 'Spatial' 1.1706596741430262 0.002060129506622112
 1.3389830508474576 53 4 2 4 14.41087280973847]
[16.873936250346848 'Spatial' 1.1706596741430262 0.002060129506622112
 1.4406779661016949 53 4 2 5 16.873936250346848]
[20.28219784208525 'Spatial' 1.1706596741430262 0.002060129506622112
 1.7796610169491525 53 4 2 6 20.28219784208525]
[22.735566213582956 'Spatial' 1.1706596741430262 0.002060129506622112
 1.9491525423728813 53 4 2 7 22.735566213582956]
[24.60079031124011 'Spatial' 1.1706596741430262 0.002060129506622112
 2.016949152542373 53 4 2 8 24.60079031124011]
[26.087301442917667 'Spatial' 1.1706596741430262 0.002060129506622112
 1.9491525423728813 53 4 2 9 26.087301442917667]
[27.333869946005876 'Spatial' 1.1706596741430262 0.002060129506622112
 1.8644067796610169 53 4 2 10 27.333869946005876]
[28.42659205238808 'Spatial' 1.1706596741430262 0.002060129506622112
 1.6779661016949152 53 4 2 11 28.42659205238808]
[29.24527043458651 'Spatial' 1.1706596741430262 0.002060129506622112
 1.3559322033898304 53 4 2 12 29.24527043458651]
[29.709416531990318 'Spatial' 1.1706596741430262 0.002060129506622112
 1.1694915254237288 53 4 2 13 29.709416531990318]
[29.906971533928147 'Spatial' 1.1706596741430262 0.002060129506622112
 1.0677966101694913 53 4 2 14 29.906971533928147]
[29.889538405363844 'Spatial' 1.1706596741430262 0.002060129506622112
 0.8983050847457626 53 4 2 15 29.889538405363844]
[29.710474037365934 'Spatial' 1.1706596741430262 0.002060129506622112
 0.7288135593220338 53 4 2 16 29.710474037365934]
[29.532787534335935 'Spatial' 1.1706596741430262 0.002060129506622112
 0.5932203389830508 53 4 2 17 29.532787534335935]
[32.44373804569651 'Spatial' 1.1706596741430262 0.002060129506622112
 0.7627118644067796 53 4 2 18 32.44373804569651]
[33.00820758471141 'Spatial' 1.1706596741430262 0.002060129506622112
 0.7288135593220338 53 4 2 19 33.00820758471141]
[0.0 'Spatial' 1.1706596741430262 0.002060129506622112 0.0 53 4 3 0 0.0]
[4.059755192894812 'Spatial' 1.1706596741430262 0.002060129506622112
 0.1694915254237288 53 4 3 1 4.059755192894812]
[7.901412331984675 'Spatial' 1.1706596741430262 0.002060129506622112
 1.3389830508474576 53 4 3 2 7.901412331984675]
[11.331546887126759 'Spatial' 1.1706596741430262 0.002060129506622112
 1.1864406779661016 53 4 3 3 11.331546887126759]
[14.41087280973847 'Spatial' 1.1706596741430262 0.002060129506622112
 1.3389830508474576 53 4 3 4 14.41087280973847]
[16.873936250346848 'Spatial' 1.1706596741430262 0.002060129506622112
 1.4406779661016949 53 4 3 5 16.873936250346848]
[20.28219784208525 'Spatial' 1.1706596741430262 0.002060129506622112
 1.7796610169491525 53 4 3 6 20.28219784208525]
[22.735566213582956 'Spatial' 1.1706596741430262 0.002060129506622112
 1.9491525423728813 53 4 3 7 22.735566213582956]
[24.60079031124011 'Spatial' 1.1706596741430262 0.002060129506622112
 2.016949152542373 53 4 3 8 24.60079031124011]
[26.087301442917667 'Spatial' 1.1706596741430262 0.002060129506622112
 1.9491525423728813 53 4 3 9 26.087301442917667]
[27.333869946005876 'Spatial' 1.1706596741430262 0.002060129506622112
 1.8644067796610169 53 4 3 10 27.333869946005876]
[28.42659205238808 'Spatial' 1.1706596741430262 0.002060129506622112
 1.6779661016949152 53 4 3 11 28.42659205238808]
[29.24527043458651 'Spatial' 1.1706596741430262 0.002060129506622112
 1.3559322033898304 53 4 3 12 29.24527043458651]
[29.709416531990318 'Spatial' 1.1706596741430262 0.002060129506622112
 1.1694915254237288 53 4 3 13 29.709416531990318]
[29.906971533928147 'Spatial' 1.1706596741430262 0.002060129506622112
 1.0677966101694913 53 4 3 14 29.906971533928147]
[29.889538405363844 'Spatial' 1.1706596741430262 0.002060129506622112
 0.8983050847457626 53 4 3 15 29.889538405363844]
[29.710474037365934 'Spatial' 1.1706596741430262 0.002060129506622112
 0.7288135593220338 53 4 3 16 29.710474037365934]
[29.532787534335935 'Spatial' 1.1706596741430262 0.002060129506622112
 0.5932203389830508 53 4 3 17 29.532787534335935]
[32.44373804569651 'Spatial' 1.1706596741430262 0.002060129506622112
 0.7627118644067796 53 4 3 18 32.44373804569651]
[33.00820758471141 'Spatial' 1.1706596741430262 0.002060129506622112
 0.7288135593220338 53 4 3 19 33.00820758471141]
[0.0 'Spatial' 1.1706596741430262 0.002060129506622112 0.0 53 4 5 0 0.0]
[4.059755192894812 'Spatial' 1.1706596741430262 0.002060129506622112
 0.1694915254237288 53 4 5 1 4.059755192894812]
[7.901412331984675 'Spatial' 1.1706596741430262 0.002060129506622112
 1.3389830508474576 53 4 5 2 7.901412331984675]
[11.331546887126759 'Spatial' 1.1706596741430262 0.002060129506622112
 1.1864406779661016 53 4 5 3 11.331546887126759]
[14.41087280973847 'Spatial' 1.1706596741430262 0.002060129506622112
 1.3389830508474576 53 4 5 4 14.41087280973847]
[16.873936250346848 'Spatial' 1.1706596741430262 0.002060129506622112
 1.4406779661016949 53 4 5 5 16.873936250346848]
[20.28219784208525 'Spatial' 1.1706596741430262 0.002060129506622112
 1.7796610169491525 53 4 5 6 20.28219784208525]
[22.735566213582956 'Spatial' 1.1706596741430262 0.002060129506622112
 1.9491525423728813 53 4 5 7 22.735566213582956]
[24.60079031124011 'Spatial' 1.1706596741430262 0.002060129506622112
 2.016949152542373 53 4 5 8 24.60079031124011]
[26.087301442917667 'Spatial' 1.1706596741430262 0.002060129506622112
 1.9491525423728813 53 4 5 9 26.087301442917667]
[27.333869946005876 'Spatial' 1.1706596741430262 0.002060129506622112
 1.8644067796610169 53 4 5 10 27.333869946005876]
[28.42659205238808 'Spatial' 1.1706596741430262 0.002060129506622112
 1.6779661016949152 53 4 5 11 28.42659205238808]
[29.24527043458651 'Spatial' 1.1706596741430262 0.002060129506622112
 1.3559322033898304 53 4 5 12 29.24527043458651]
[29.709416531990318 'Spatial' 1.1706596741430262 0.002060129506622112
 1.1694915254237288 53 4 5 13 29.709416531990318]
[29.906971533928147 'Spatial' 1.1706596741430262 0.002060129506622112
 1.0677966101694913 53 4 5 14 29.906971533928147]
[29.889538405363844 'Spatial' 1.1706596741430262 0.002060129506622112
 0.8983050847457626 53 4 5 15 29.889538405363844]
[29.710474037365934 'Spatial' 1.1706596741430262 0.002060129506622112
 0.7288135593220338 53 4 5 16 29.710474037365934]
[29.532787534335935 'Spatial' 1.1706596741430262 0.002060129506622112
 0.5932203389830508 53 4 5 17 29.532787534335935]
[32.44373804569651 'Spatial' 1.1706596741430262 0.002060129506622112
 0.7627118644067796 53 4 5 18 32.44373804569651]
[33.00820758471141 'Spatial' 1.1706596741430262 0.002060129506622112
 0.7288135593220338 53 4 5 19 33.00820758471141]
[0.0 'Spatial' 1.1706596741430262 0.002060129506622112 0.0 53 4 6 0 0.0]
[4.059755192894812 'Spatial' 1.1706596741430262 0.002060129506622112
 0.1694915254237288 53 4 6 1 4.059755192894812]
[7.901412331984675 'Spatial' 1.1706596741430262 0.002060129506622112
 1.3389830508474576 53 4 6 2 7.901412331984675]
[11.331546887126759 'Spatial' 1.1706596741430262 0.002060129506622112
 1.1864406779661016 53 4 6 3 11.331546887126759]
[14.41087280973847 'Spatial' 1.1706596741430262 0.002060129506622112
 1.3389830508474576 53 4 6 4 14.41087280973847]
[16.873936250346848 'Spatial' 1.1706596741430262 0.002060129506622112
 1.4406779661016949 53 4 6 5 16.873936250346848]
[20.28219784208525 'Spatial' 1.1706596741430262 0.002060129506622112
 1.7796610169491525 53 4 6 6 20.28219784208525]
[22.735566213582956 'Spatial' 1.1706596741430262 0.002060129506622112
 1.9491525423728813 53 4 6 7 22.735566213582956]
[24.60079031124011 'Spatial' 1.1706596741430262 0.002060129506622112
 2.016949152542373 53 4 6 8 24.60079031124011]
[26.087301442917667 'Spatial' 1.1706596741430262 0.002060129506622112
 1.9491525423728813 53 4 6 9 26.087301442917667]
[27.333869946005876 'Spatial' 1.1706596741430262 0.002060129506622112
 1.8644067796610169 53 4 6 10 27.333869946005876]
[28.42659205238808 'Spatial' 1.1706596741430262 0.002060129506622112
 1.6779661016949152 53 4 6 11 28.42659205238808]
[29.24527043458651 'Spatial' 1.1706596741430262 0.002060129506622112
 1.3559322033898304 53 4 6 12 29.24527043458651]
[29.709416531990318 'Spatial' 1.1706596741430262 0.002060129506622112
 1.1694915254237288 53 4 6 13 29.709416531990318]
[29.906971533928147 'Spatial' 1.1706596741430262 0.002060129506622112
 1.0677966101694913 53 4 6 14 29.906971533928147]
[29.889538405363844 'Spatial' 1.1706596741430262 0.002060129506622112
 0.8983050847457626 53 4 6 15 29.889538405363844]
[29.710474037365934 'Spatial' 1.1706596741430262 0.002060129506622112
 0.7288135593220338 53 4 6 16 29.710474037365934]
[29.532787534335935 'Spatial' 1.1706596741430262 0.002060129506622112
 0.5932203389830508 53 4 6 17 29.532787534335935]
[32.44373804569651 'Spatial' 1.1706596741430262 0.002060129506622112
 0.7627118644067796 53 4 6 18 32.44373804569651]
[33.00820758471141 'Spatial' 1.1706596741430262 0.002060129506622112
 0.7288135593220338 53 4 6 19 33.00820758471141]
[0.0 'Spatial' 1.1706596741430262 0.002060129506622112 0.0 53 4 7 0 0.0]
[4.059755192894812 'Spatial' 1.1706596741430262 0.002060129506622112
 0.1694915254237288 53 4 7 1 4.059755192894812]
[7.901412331984675 'Spatial' 1.1706596741430262 0.002060129506622112
 1.3389830508474576 53 4 7 2 7.901412331984675]
[11.331546887126759 'Spatial' 1.1706596741430262 0.002060129506622112
 1.1864406779661016 53 4 7 3 11.331546887126759]
[14.41087280973847 'Spatial' 1.1706596741430262 0.002060129506622112
 1.3389830508474576 53 4 7 4 14.41087280973847]
[16.873936250346848 'Spatial' 1.1706596741430262 0.002060129506622112
 1.4406779661016949 53 4 7 5 16.873936250346848]
[20.28219784208525 'Spatial' 1.1706596741430262 0.002060129506622112
 1.7796610169491525 53 4 7 6 20.28219784208525]
[22.735566213582956 'Spatial' 1.1706596741430262 0.002060129506622112
 1.9491525423728813 53 4 7 7 22.735566213582956]
[24.60079031124011 'Spatial' 1.1706596741430262 0.002060129506622112
 2.016949152542373 53 4 7 8 24.60079031124011]
[26.087301442917667 'Spatial' 1.1706596741430262 0.002060129506622112
 1.9491525423728813 53 4 7 9 26.087301442917667]
[27.333869946005876 'Spatial' 1.1706596741430262 0.002060129506622112
 1.8644067796610169 53 4 7 10 27.333869946005876]
[28.42659205238808 'Spatial' 1.1706596741430262 0.002060129506622112
 1.6779661016949152 53 4 7 11 28.42659205238808]
[29.24527043458651 'Spatial' 1.1706596741430262 0.002060129506622112
 1.3559322033898304 53 4 7 12 29.24527043458651]
[29.709416531990318 'Spatial' 1.1706596741430262 0.002060129506622112
 1.1694915254237288 53 4 7 13 29.709416531990318]
[29.906971533928147 'Spatial' 1.1706596741430262 0.002060129506622112
 1.0677966101694913 53 4 7 14 29.906971533928147]
[29.889538405363844 'Spatial' 1.1706596741430262 0.002060129506622112
 0.8983050847457626 53 4 7 15 29.889538405363844]
[29.710474037365934 'Spatial' 1.1706596741430262 0.002060129506622112
 0.7288135593220338 53 4 7 16 29.710474037365934]
[29.532787534335935 'Spatial' 1.1706596741430262 0.002060129506622112
 0.5932203389830508 53 4 7 17 29.532787534335935]
[32.44373804569651 'Spatial' 1.1706596741430262 0.002060129506622112
 0.7627118644067796 53 4 7 18 32.44373804569651]
[33.00820758471141 'Spatial' 1.1706596741430262 0.002060129506622112
 0.7288135593220338 53 4 7 19 33.00820758471141]
[0.0 'Spatial' 1.1706596741430262 0.002060129506622112 0.0 53 4 8 0 0.0]
[4.059755192894812 'Spatial' 1.1706596741430262 0.002060129506622112
 0.1694915254237288 53 4 8 1 4.059755192894812]
[7.901412331984675 'Spatial' 1.1706596741430262 0.002060129506622112
 1.3389830508474576 53 4 8 2 7.901412331984675]
[11.331546887126759 'Spatial' 1.1706596741430262 0.002060129506622112
 1.1864406779661016 53 4 8 3 11.331546887126759]
[14.41087280973847 'Spatial' 1.1706596741430262 0.002060129506622112
 1.3389830508474576 53 4 8 4 14.41087280973847]
[16.873936250346848 'Spatial' 1.1706596741430262 0.002060129506622112
 1.4406779661016949 53 4 8 5 16.873936250346848]
[20.28219784208525 'Spatial' 1.1706596741430262 0.002060129506622112
 1.7796610169491525 53 4 8 6 20.28219784208525]
[22.735566213582956 'Spatial' 1.1706596741430262 0.002060129506622112
 1.9491525423728813 53 4 8 7 22.735566213582956]
[24.60079031124011 'Spatial' 1.1706596741430262 0.002060129506622112
 2.016949152542373 53 4 8 8 24.60079031124011]
[26.087301442917667 'Spatial' 1.1706596741430262 0.002060129506622112
 1.9491525423728813 53 4 8 9 26.087301442917667]
[27.333869946005876 'Spatial' 1.1706596741430262 0.002060129506622112
 1.8644067796610169 53 4 8 10 27.333869946005876]
[28.42659205238808 'Spatial' 1.1706596741430262 0.002060129506622112
 1.6779661016949152 53 4 8 11 28.42659205238808]
[29.24527043458651 'Spatial' 1.1706596741430262 0.002060129506622112
 1.3559322033898304 53 4 8 12 29.24527043458651]
[29.709416531990318 'Spatial' 1.1706596741430262 0.002060129506622112
 1.1694915254237288 53 4 8 13 29.709416531990318]
[29.906971533928147 'Spatial' 1.1706596741430262 0.002060129506622112
 1.0677966101694913 53 4 8 14 29.906971533928147]
[29.889538405363844 'Spatial' 1.1706596741430262 0.002060129506622112
 0.8983050847457626 53 4 8 15 29.889538405363844]
[29.710474037365934 'Spatial' 1.1706596741430262 0.002060129506622112
 0.7288135593220338 53 4 8 16 29.710474037365934]
[29.532787534335935 'Spatial' 1.1706596741430262 0.002060129506622112
 0.5932203389830508 53 4 8 17 29.532787534335935]
[32.44373804569651 'Spatial' 1.1706596741430262 0.002060129506622112
 0.7627118644067796 53 4 8 18 32.44373804569651]
[33.00820758471141 'Spatial' 1.1706596741430262 0.002060129506622112
 0.7288135593220338 53 4 8 19 33.00820758471141]
