[0.0 'Conceptual' 3.4531871039622883 4.623594760799216 0.0 121 0 1 0 0.0]
[4.604719206973085 'Conceptual' 3.4531871039622883 4.623594760799216
 10.169491525423728 121 0 1 1 4.604719206973085]
[7.893709808298929 'Conceptual' 3.4531871039622883 4.623594760799216
 6.762711864406779 121 0 1 2 7.893709808298929]
[11.234981018490567 'Conceptual' 3.4531871039622883 4.623594760799216
 4.5593220338983045 121 0 1 3 11.234981018490567]
[14.183620605006672 'Conceptual' 3.4531871039622883 4.623594760799216
 3.4406779661016946 121 0 1 4 14.183620605006672]
[16.756437685749006 'Conceptual' 3.4531871039622883 4.623594760799216
 3.0508474576271185 121 0 1 5 16.756437685749006]
[19.01884530712122 'Conceptual' 3.4531871039622883 4.623594760799216
 2.5254237288135593 121 0 1 6 19.01884530712122]
[20.980289883128282 'Conceptual' 3.4531871039622883 4.623594760799216
 2.254237288135593 121 0 1 7 20.980289883128282]
[22.63308941042968 'Conceptual' 3.4531871039622883 4.623594760799216
 1.983050847457627 121 0 1 8 22.63308941042968]
[24.05379238317472 'Conceptual' 3.4531871039622883 4.623594760799216
 1.6101694915254237 121 0 1 9 24.05379238317472]
[25.17388023140154 'Conceptual' 3.4531871039622883 4.623594760799216
 1.5762711864406778 121 0 1 10 25.17388023140154]
[26.94814187413138 'Conceptual' 3.4531871039622883 4.623594760799216
 1.5254237288135593 121 0 1 11 26.94814187413138]
[27.773500783529435 'Conceptual' 3.4531871039622883 4.623594760799216
 1.3559322033898304 121 0 1 12 27.773500783529435]
[30.383943090007023 'Conceptual' 3.4531871039622883 4.623594760799216
 1.406779661016949 121 0 1 13 30.383943090007023]
[32.67432878687728 'Conceptual' 3.4531871039622883 4.623594760799216
 1.3389830508474576 121 0 1 14 32.67432878687728]
[34.6980101883359 'Conceptual' 3.4531871039622883 4.623594760799216
 1.271186440677966 121 0 1 15 34.6980101883359]
[36.46428464720351 'Conceptual' 3.4531871039622883 4.623594760799216
 1.2372881355932202 121 0 1 16 36.46428464720351]
[38.02135459870701 'Conceptual' 3.4531871039622883 4.623594760799216
 1.1864406779661016 121 0 1 17 38.02135459870701]
[39.40773711808271 'Conceptual' 3.4531871039622883 4.623594760799216
 1.1694915254237288 121 0 1 18 39.40773711808271]
[40.651399960289666 'Conceptual' 3.4531871039622883 4.623594760799216
 1.0677966101694913 121 0 1 19 40.651399960289666]
[0.0 'Conceptual' 3.4531871039622883 4.623594760799216 0.0 121 0 2 0 0.0]
[4.604719206973085 'Conceptual' 3.4531871039622883 4.623594760799216
 10.169491525423728 121 0 2 1 4.604719206973085]
[7.893709808298929 'Conceptual' 3.4531871039622883 4.623594760799216
 6.762711864406779 121 0 2 2 7.893709808298929]
[11.234981018490567 'Conceptual' 3.4531871039622883 4.623594760799216
 4.5593220338983045 121 0 2 3 11.234981018490567]
[14.183620605006672 'Conceptual' 3.4531871039622883 4.623594760799216
 3.4406779661016946 121 0 2 4 14.183620605006672]
[16.756437685749006 'Conceptual' 3.4531871039622883 4.623594760799216
 3.0508474576271185 121 0 2 5 16.756437685749006]
[19.01884530712122 'Conceptual' 3.4531871039622883 4.623594760799216
 2.5254237288135593 121 0 2 6 19.01884530712122]
[20.980289883128282 'Conceptual' 3.4531871039622883 4.623594760799216
 2.254237288135593 121 0 2 7 20.980289883128282]
[22.63308941042968 'Conceptual' 3.4531871039622883 4.623594760799216
 1.983050847457627 121 0 2 8 22.63308941042968]
[24.05379238317472 'Conceptual' 3.4531871039622883 4.623594760799216
 1.6101694915254237 121 0 2 9 24.05379238317472]
[25.17388023140154 'Conceptual' 3.4531871039622883 4.623594760799216
 1.5762711864406778 121 0 2 10 25.17388023140154]
[26.94814187413138 'Conceptual' 3.4531871039622883 4.623594760799216
 1.5254237288135593 121 0 2 11 26.94814187413138]
[27.773500783529435 'Conceptual' 3.4531871039622883 4.623594760799216
 1.3559322033898304 121 0 2 12 27.773500783529435]
[30.383943090007023 'Conceptual' 3.4531871039622883 4.623594760799216
 1.406779661016949 121 0 2 13 30.383943090007023]
[32.67432878687728 'Conceptual' 3.4531871039622883 4.623594760799216
 1.3389830508474576 121 0 2 14 32.67432878687728]
[34.6980101883359 'Conceptual' 3.4531871039622883 4.623594760799216
 1.271186440677966 121 0 2 15 34.6980101883359]
[36.46428464720351 'Conceptual' 3.4531871039622883 4.623594760799216
 1.2372881355932202 121 0 2 16 36.46428464720351]
[38.02135459870701 'Conceptual' 3.4531871039622883 4.623594760799216
 1.1864406779661016 121 0 2 17 38.02135459870701]
[39.40773711808271 'Conceptual' 3.4531871039622883 4.623594760799216
 1.1694915254237288 121 0 2 18 39.40773711808271]
[40.651399960289666 'Conceptual' 3.4531871039622883 4.623594760799216
 1.0677966101694913 121 0 2 19 40.651399960289666]
[0.0 'Conceptual' 3.4531871039622883 4.623594760799216 0.0 121 0 3 0 0.0]
[4.604719206973085 'Conceptual' 3.4531871039622883 4.623594760799216
 10.169491525423728 121 0 3 1 4.604719206973085]
[7.893709808298929 'Conceptual' 3.4531871039622883 4.623594760799216
 6.762711864406779 121 0 3 2 7.893709808298929]
[11.234981018490567 'Conceptual' 3.4531871039622883 4.623594760799216
 4.5593220338983045 121 0 3 3 11.234981018490567]
[14.183620605006672 'Conceptual' 3.4531871039622883 4.623594760799216
 3.4406779661016946 121 0 3 4 14.183620605006672]
[16.756437685749006 'Conceptual' 3.4531871039622883 4.623594760799216
 3.0508474576271185 121 0 3 5 16.756437685749006]
[19.01884530712122 'Conceptual' 3.4531871039622883 4.623594760799216
 2.5254237288135593 121 0 3 6 19.01884530712122]
[20.980289883128282 'Conceptual' 3.4531871039622883 4.623594760799216
 2.254237288135593 121 0 3 7 20.980289883128282]
[22.63308941042968 'Conceptual' 3.4531871039622883 4.623594760799216
 1.983050847457627 121 0 3 8 22.63308941042968]
[24.05379238317472 'Conceptual' 3.4531871039622883 4.623594760799216
 1.6101694915254237 121 0 3 9 24.05379238317472]
[25.17388023140154 'Conceptual' 3.4531871039622883 4.623594760799216
 1.5762711864406778 121 0 3 10 25.17388023140154]
[26.94814187413138 'Conceptual' 3.4531871039622883 4.623594760799216
 1.5254237288135593 121 0 3 11 26.94814187413138]
[27.773500783529435 'Conceptual' 3.4531871039622883 4.623594760799216
 1.3559322033898304 121 0 3 12 27.773500783529435]
[30.383943090007023 'Conceptual' 3.4531871039622883 4.623594760799216
 1.406779661016949 121 0 3 13 30.383943090007023]
[32.67432878687728 'Conceptual' 3.4531871039622883 4.623594760799216
 1.3389830508474576 121 0 3 14 32.67432878687728]
[34.6980101883359 'Conceptual' 3.4531871039622883 4.623594760799216
 1.271186440677966 121 0 3 15 34.6980101883359]
[36.46428464720351 'Conceptual' 3.4531871039622883 4.623594760799216
 1.2372881355932202 121 0 3 16 36.46428464720351]
[38.02135459870701 'Conceptual' 3.4531871039622883 4.623594760799216
 1.1864406779661016 121 0 3 17 38.02135459870701]
[39.40773711808271 'Conceptual' 3.4531871039622883 4.623594760799216
 1.1694915254237288 121 0 3 18 39.40773711808271]
[40.651399960289666 'Conceptual' 3.4531871039622883 4.623594760799216
 1.0677966101694913 121 0 3 19 40.651399960289666]
[0.0 'Conceptual' 3.4531871039622883 4.623594760799216 0.0 121 0 4 0 0.0]
[4.604719206973085 'Conceptual' 3.4531871039622883 4.623594760799216
 10.169491525423728 121 0 4 1 4.604719206973085]
[7.893709808298929 'Conceptual' 3.4531871039622883 4.623594760799216
 6.762711864406779 121 0 4 2 7.893709808298929]
[11.234981018490567 'Conceptual' 3.4531871039622883 4.623594760799216
 4.5593220338983045 121 0 4 3 11.234981018490567]
[14.183620605006672 'Conceptual' 3.4531871039622883 4.623594760799216
 3.4406779661016946 121 0 4 4 14.183620605006672]
[16.756437685749006 'Conceptual' 3.4531871039622883 4.623594760799216
 3.0508474576271185 121 0 4 5 16.756437685749006]
[19.01884530712122 'Conceptual' 3.4531871039622883 4.623594760799216
 2.5254237288135593 121 0 4 6 19.01884530712122]
[20.980289883128282 'Conceptual' 3.4531871039622883 4.623594760799216
 2.254237288135593 121 0 4 7 20.980289883128282]
[22.63308941042968 'Conceptual' 3.4531871039622883 4.623594760799216
 1.983050847457627 121 0 4 8 22.63308941042968]
[24.05379238317472 'Conceptual' 3.4531871039622883 4.623594760799216
 1.6101694915254237 121 0 4 9 24.05379238317472]
[25.17388023140154 'Conceptual' 3.4531871039622883 4.623594760799216
 1.5762711864406778 121 0 4 10 25.17388023140154]
[26.94814187413138 'Conceptual' 3.4531871039622883 4.623594760799216
 1.5254237288135593 121 0 4 11 26.94814187413138]
[27.773500783529435 'Conceptual' 3.4531871039622883 4.623594760799216
 1.3559322033898304 121 0 4 12 27.773500783529435]
[30.383943090007023 'Conceptual' 3.4531871039622883 4.623594760799216
 1.406779661016949 121 0 4 13 30.383943090007023]
[32.67432878687728 'Conceptual' 3.4531871039622883 4.623594760799216
 1.3389830508474576 121 0 4 14 32.67432878687728]
[34.6980101883359 'Conceptual' 3.4531871039622883 4.623594760799216
 1.271186440677966 121 0 4 15 34.6980101883359]
[36.46428464720351 'Conceptual' 3.4531871039622883 4.623594760799216
 1.2372881355932202 121 0 4 16 36.46428464720351]
[38.02135459870701 'Conceptual' 3.4531871039622883 4.623594760799216
 1.1864406779661016 121 0 4 17 38.02135459870701]
[39.40773711808271 'Conceptual' 3.4531871039622883 4.623594760799216
 1.1694915254237288 121 0 4 18 39.40773711808271]
[40.651399960289666 'Conceptual' 3.4531871039622883 4.623594760799216
 1.0677966101694913 121 0 4 19 40.651399960289666]
[0.0 'Conceptual' 3.4531871039622883 4.623594760799216 0.0 121 0 5 0 0.0]
[4.604719206973085 'Conceptual' 3.4531871039622883 4.623594760799216
 10.169491525423728 121 0 5 1 4.604719206973085]
[7.893709808298929 'Conceptual' 3.4531871039622883 4.623594760799216
 6.762711864406779 121 0 5 2 7.893709808298929]
[11.234981018490567 'Conceptual' 3.4531871039622883 4.623594760799216
 4.5593220338983045 121 0 5 3 11.234981018490567]
[14.183620605006672 'Conceptual' 3.4531871039622883 4.623594760799216
 3.4406779661016946 121 0 5 4 14.183620605006672]
[16.756437685749006 'Conceptual' 3.4531871039622883 4.623594760799216
 3.0508474576271185 121 0 5 5 16.756437685749006]
[19.01884530712122 'Conceptual' 3.4531871039622883 4.623594760799216
 2.5254237288135593 121 0 5 6 19.01884530712122]
[20.980289883128282 'Conceptual' 3.4531871039622883 4.623594760799216
 2.254237288135593 121 0 5 7 20.980289883128282]
[22.63308941042968 'Conceptual' 3.4531871039622883 4.623594760799216
 1.983050847457627 121 0 5 8 22.63308941042968]
[24.05379238317472 'Conceptual' 3.4531871039622883 4.623594760799216
 1.6101694915254237 121 0 5 9 24.05379238317472]
[25.17388023140154 'Conceptual' 3.4531871039622883 4.623594760799216
 1.5762711864406778 121 0 5 10 25.17388023140154]
[26.94814187413138 'Conceptual' 3.4531871039622883 4.623594760799216
 1.5254237288135593 121 0 5 11 26.94814187413138]
[27.773500783529435 'Conceptual' 3.4531871039622883 4.623594760799216
 1.3559322033898304 121 0 5 12 27.773500783529435]
[30.383943090007023 'Conceptual' 3.4531871039622883 4.623594760799216
 1.406779661016949 121 0 5 13 30.383943090007023]
[32.67432878687728 'Conceptual' 3.4531871039622883 4.623594760799216
 1.3389830508474576 121 0 5 14 32.67432878687728]
[34.6980101883359 'Conceptual' 3.4531871039622883 4.623594760799216
 1.271186440677966 121 0 5 15 34.6980101883359]
[36.46428464720351 'Conceptual' 3.4531871039622883 4.623594760799216
 1.2372881355932202 121 0 5 16 36.46428464720351]
[38.02135459870701 'Conceptual' 3.4531871039622883 4.623594760799216
 1.1864406779661016 121 0 5 17 38.02135459870701]
[39.40773711808271 'Conceptual' 3.4531871039622883 4.623594760799216
 1.1694915254237288 121 0 5 18 39.40773711808271]
[40.651399960289666 'Conceptual' 3.4531871039622883 4.623594760799216
 1.0677966101694913 121 0 5 19 40.651399960289666]
[0.0 'Conceptual' 3.4531871039622883 4.623594760799216 0.0 121 0 6 0 0.0]
[4.604719206973085 'Conceptual' 3.4531871039622883 4.623594760799216
 10.169491525423728 121 0 6 1 4.604719206973085]
[7.893709808298929 'Conceptual' 3.4531871039622883 4.623594760799216
 6.762711864406779 121 0 6 2 7.893709808298929]
[11.234981018490567 'Conceptual' 3.4531871039622883 4.623594760799216
 4.5593220338983045 121 0 6 3 11.234981018490567]
[14.183620605006672 'Conceptual' 3.4531871039622883 4.623594760799216
 3.4406779661016946 121 0 6 4 14.183620605006672]
[16.756437685749006 'Conceptual' 3.4531871039622883 4.623594760799216
 3.0508474576271185 121 0 6 5 16.756437685749006]
[19.01884530712122 'Conceptual' 3.4531871039622883 4.623594760799216
 2.5254237288135593 121 0 6 6 19.01884530712122]
[20.980289883128282 'Conceptual' 3.4531871039622883 4.623594760799216
 2.254237288135593 121 0 6 7 20.980289883128282]
[22.63308941042968 'Conceptual' 3.4531871039622883 4.623594760799216
 1.983050847457627 121 0 6 8 22.63308941042968]
[24.05379238317472 'Conceptual' 3.4531871039622883 4.623594760799216
 1.6101694915254237 121 0 6 9 24.05379238317472]
[25.17388023140154 'Conceptual' 3.4531871039622883 4.623594760799216
 1.5762711864406778 121 0 6 10 25.17388023140154]
[26.94814187413138 'Conceptual' 3.4531871039622883 4.623594760799216
 1.5254237288135593 121 0 6 11 26.94814187413138]
[27.773500783529435 'Conceptual' 3.4531871039622883 4.623594760799216
 1.3559322033898304 121 0 6 12 27.773500783529435]
[30.383943090007023 'Conceptual' 3.4531871039622883 4.623594760799216
 1.406779661016949 121 0 6 13 30.383943090007023]
[32.67432878687728 'Conceptual' 3.4531871039622883 4.623594760799216
 1.3389830508474576 121 0 6 14 32.67432878687728]
[34.6980101883359 'Conceptual' 3.4531871039622883 4.623594760799216
 1.271186440677966 121 0 6 15 34.6980101883359]
[36.46428464720351 'Conceptual' 3.4531871039622883 4.623594760799216
 1.2372881355932202 121 0 6 16 36.46428464720351]
[38.02135459870701 'Conceptual' 3.4531871039622883 4.623594760799216
 1.1864406779661016 121 0 6 17 38.02135459870701]
[39.40773711808271 'Conceptual' 3.4531871039622883 4.623594760799216
 1.1694915254237288 121 0 6 18 39.40773711808271]
[40.651399960289666 'Conceptual' 3.4531871039622883 4.623594760799216
 1.0677966101694913 121 0 6 19 40.651399960289666]
[0.0 'Conceptual' 3.4531871039622883 4.623594760799216 0.0 121 0 7 0 0.0]
[4.604719206973085 'Conceptual' 3.4531871039622883 4.623594760799216
 10.169491525423728 121 0 7 1 4.604719206973085]
[7.893709808298929 'Conceptual' 3.4531871039622883 4.623594760799216
 6.762711864406779 121 0 7 2 7.893709808298929]
[11.234981018490567 'Conceptual' 3.4531871039622883 4.623594760799216
 4.5593220338983045 121 0 7 3 11.234981018490567]
[14.183620605006672 'Conceptual' 3.4531871039622883 4.623594760799216
 3.4406779661016946 121 0 7 4 14.183620605006672]
[16.756437685749006 'Conceptual' 3.4531871039622883 4.623594760799216
 3.0508474576271185 121 0 7 5 16.756437685749006]
[19.01884530712122 'Conceptual' 3.4531871039622883 4.623594760799216
 2.5254237288135593 121 0 7 6 19.01884530712122]
[20.980289883128282 'Conceptual' 3.4531871039622883 4.623594760799216
 2.254237288135593 121 0 7 7 20.980289883128282]
[22.63308941042968 'Conceptual' 3.4531871039622883 4.623594760799216
 1.983050847457627 121 0 7 8 22.63308941042968]
[24.05379238317472 'Conceptual' 3.4531871039622883 4.623594760799216
 1.6101694915254237 121 0 7 9 24.05379238317472]
[25.17388023140154 'Conceptual' 3.4531871039622883 4.623594760799216
 1.5762711864406778 121 0 7 10 25.17388023140154]
[26.94814187413138 'Conceptual' 3.4531871039622883 4.623594760799216
 1.5254237288135593 121 0 7 11 26.94814187413138]
[27.773500783529435 'Conceptual' 3.4531871039622883 4.623594760799216
 1.3559322033898304 121 0 7 12 27.773500783529435]
[30.383943090007023 'Conceptual' 3.4531871039622883 4.623594760799216
 1.406779661016949 121 0 7 13 30.383943090007023]
[32.67432878687728 'Conceptual' 3.4531871039622883 4.623594760799216
 1.3389830508474576 121 0 7 14 32.67432878687728]
[34.6980101883359 'Conceptual' 3.4531871039622883 4.623594760799216
 1.271186440677966 121 0 7 15 34.6980101883359]
[36.46428464720351 'Conceptual' 3.4531871039622883 4.623594760799216
 1.2372881355932202 121 0 7 16 36.46428464720351]
[38.02135459870701 'Conceptual' 3.4531871039622883 4.623594760799216
 1.1864406779661016 121 0 7 17 38.02135459870701]
[39.40773711808271 'Conceptual' 3.4531871039622883 4.623594760799216
 1.1694915254237288 121 0 7 18 39.40773711808271]
[40.651399960289666 'Conceptual' 3.4531871039622883 4.623594760799216
 1.0677966101694913 121 0 7 19 40.651399960289666]
[0.0 'Conceptual' 3.4531871039622883 4.623594760799216 0.0 121 0 8 0 0.0]
[4.604719206973085 'Conceptual' 3.4531871039622883 4.623594760799216
 10.169491525423728 121 0 8 1 4.604719206973085]
[7.893709808298929 'Conceptual' 3.4531871039622883 4.623594760799216
 6.762711864406779 121 0 8 2 7.893709808298929]
[11.234981018490567 'Conceptual' 3.4531871039622883 4.623594760799216
 4.5593220338983045 121 0 8 3 11.234981018490567]
[14.183620605006672 'Conceptual' 3.4531871039622883 4.623594760799216
 3.4406779661016946 121 0 8 4 14.183620605006672]
[16.756437685749006 'Conceptual' 3.4531871039622883 4.623594760799216
 3.0508474576271185 121 0 8 5 16.756437685749006]
[19.01884530712122 'Conceptual' 3.4531871039622883 4.623594760799216
 2.5254237288135593 121 0 8 6 19.01884530712122]
[20.980289883128282 'Conceptual' 3.4531871039622883 4.623594760799216
 2.254237288135593 121 0 8 7 20.980289883128282]
[22.63308941042968 'Conceptual' 3.4531871039622883 4.623594760799216
 1.983050847457627 121 0 8 8 22.63308941042968]
[24.05379238317472 'Conceptual' 3.4531871039622883 4.623594760799216
 1.6101694915254237 121 0 8 9 24.05379238317472]
[25.17388023140154 'Conceptual' 3.4531871039622883 4.623594760799216
 1.5762711864406778 121 0 8 10 25.17388023140154]
[26.94814187413138 'Conceptual' 3.4531871039622883 4.623594760799216
 1.5254237288135593 121 0 8 11 26.94814187413138]
[27.773500783529435 'Conceptual' 3.4531871039622883 4.623594760799216
 1.3559322033898304 121 0 8 12 27.773500783529435]
[30.383943090007023 'Conceptual' 3.4531871039622883 4.623594760799216
 1.406779661016949 121 0 8 13 30.383943090007023]
[32.67432878687728 'Conceptual' 3.4531871039622883 4.623594760799216
 1.3389830508474576 121 0 8 14 32.67432878687728]
[34.6980101883359 'Conceptual' 3.4531871039622883 4.623594760799216
 1.271186440677966 121 0 8 15 34.6980101883359]
[36.46428464720351 'Conceptual' 3.4531871039622883 4.623594760799216
 1.2372881355932202 121 0 8 16 36.46428464720351]
[38.02135459870701 'Conceptual' 3.4531871039622883 4.623594760799216
 1.1864406779661016 121 0 8 17 38.02135459870701]
[39.40773711808271 'Conceptual' 3.4531871039622883 4.623594760799216
 1.1694915254237288 121 0 8 18 39.40773711808271]
[40.651399960289666 'Conceptual' 3.4531871039622883 4.623594760799216
 1.0677966101694913 121 0 8 19 40.651399960289666]
