[0.0 'Conceptual' 4.7864272772228835 7.437274799455911 0.0 108 3 0 0 0.0]
[4.702165371861789 'Conceptual' 4.7864272772228835 7.437274799455911
 10.169491525423728 108 3 0 1 4.702165371861789]
[7.332596655894226 'Conceptual' 4.7864272772228835 7.437274799455911
 5.47457627118644 108 3 0 2 7.332596655894226]
[10.725773359414434 'Conceptual' 4.7864272772228835 7.437274799455911
 4.23728813559322 108 3 0 3 10.725773359414434]
[15.129257444992444 'Conceptual' 4.7864272772228835 7.437274799455911
 3.8813559322033897 108 3 0 4 15.129257444992444]
[18.515306767340604 'Conceptual' 4.7864272772228835 7.437274799455911
 3.6101694915254234 108 3 0 5 18.515306767340604]
[22.1656670528763 'Conceptual' 4.7864272772228835 7.437274799455911
 3.3728813559322033 108 3 0 6 22.1656670528763]
[25.107108439889604 'Conceptual' 4.7864272772228835 7.437274799455911
 2.711864406779661 108 3 0 7 25.107108439889604]
[27.629037517373845 'Conceptual' 4.7864272772228835 7.437274799455911
 2.5932203389830506 108 3 0 8 27.629037517373845]
[30.57754495551022 'Conceptual' 4.7864272772228835 7.437274799455911
 2.542372881355932 108 3 0 9 30.57754495551022]
[32.867807804914975 'Conceptual' 4.7864272772228835 7.437274799455911
 2.254237288135593 108 3 0 10 32.867807804914975]
[36.47619558559039 'Conceptual' 4.7864272772228835 7.437274799455911
 2.4576271186440675 108 3 0 11 36.47619558559039]
[39.68172367688824 'Conceptual' 4.7864272772228835 7.437274799455911
 2.4576271186440675 108 3 0 12 39.68172367688824]
[42.11169648352089 'Conceptual' 4.7864272772228835 7.437274799455911
 2.423728813559322 108 3 0 13 42.11169648352089]
[44.294680258650736 'Conceptual' 4.7864272772228835 7.437274799455911
 2.2033898305084745 108 3 0 14 44.294680258650736]
[46.5547033067605 'Conceptual' 4.7864272772228835 7.437274799455911
 2.11864406779661 108 3 0 15 46.5547033067605]
[48.60271448480371 'Conceptual' 4.7864272772228835 7.437274799455911
 2.016949152542373 108 3 0 16 48.60271448480371]
[53.79555183226649 'Conceptual' 4.7864272772228835 7.437274799455911
 1.9152542372881354 108 3 0 17 53.79555183226649]
[57.22094380544412 'Conceptual' 4.7864272772228835 7.437274799455911
 2.016949152542373 108 3 0 18 57.22094380544412]
[59.51327142485553 'Conceptual' 4.7864272772228835 7.437274799455911
 1.9491525423728813 108 3 0 19 59.51327142485553]
[0.0 'Conceptual' 4.7864272772228835 7.437274799455911 0.0 108 3 1 0 0.0]
[4.702165371861789 'Conceptual' 4.7864272772228835 7.437274799455911
 10.169491525423728 108 3 1 1 4.702165371861789]
[7.332596655894226 'Conceptual' 4.7864272772228835 7.437274799455911
 5.47457627118644 108 3 1 2 7.332596655894226]
[10.725773359414434 'Conceptual' 4.7864272772228835 7.437274799455911
 4.23728813559322 108 3 1 3 10.725773359414434]
[15.129257444992444 'Conceptual' 4.7864272772228835 7.437274799455911
 3.8813559322033897 108 3 1 4 15.129257444992444]
[18.515306767340604 'Conceptual' 4.7864272772228835 7.437274799455911
 3.6101694915254234 108 3 1 5 18.515306767340604]
[22.1656670528763 'Conceptual' 4.7864272772228835 7.437274799455911
 3.3728813559322033 108 3 1 6 22.1656670528763]
[25.107108439889604 'Conceptual' 4.7864272772228835 7.437274799455911
 2.711864406779661 108 3 1 7 25.107108439889604]
[27.629037517373845 'Conceptual' 4.7864272772228835 7.437274799455911
 2.5932203389830506 108 3 1 8 27.629037517373845]
[30.57754495551022 'Conceptual' 4.7864272772228835 7.437274799455911
 2.542372881355932 108 3 1 9 30.57754495551022]
[32.867807804914975 'Conceptual' 4.7864272772228835 7.437274799455911
 2.254237288135593 108 3 1 10 32.867807804914975]
[36.47619558559039 'Conceptual' 4.7864272772228835 7.437274799455911
 2.4576271186440675 108 3 1 11 36.47619558559039]
[39.68172367688824 'Conceptual' 4.7864272772228835 7.437274799455911
 2.4576271186440675 108 3 1 12 39.68172367688824]
[42.11169648352089 'Conceptual' 4.7864272772228835 7.437274799455911
 2.423728813559322 108 3 1 13 42.11169648352089]
[44.294680258650736 'Conceptual' 4.7864272772228835 7.437274799455911
 2.2033898305084745 108 3 1 14 44.294680258650736]
[46.5547033067605 'Conceptual' 4.7864272772228835 7.437274799455911
 2.11864406779661 108 3 1 15 46.5547033067605]
[48.60271448480371 'Conceptual' 4.7864272772228835 7.437274799455911
 2.016949152542373 108 3 1 16 48.60271448480371]
[53.79555183226649 'Conceptual' 4.7864272772228835 7.437274799455911
 1.9152542372881354 108 3 1 17 53.79555183226649]
[57.22094380544412 'Conceptual' 4.7864272772228835 7.437274799455911
 2.016949152542373 108 3 1 18 57.22094380544412]
[59.51327142485553 'Conceptual' 4.7864272772228835 7.437274799455911
 1.9491525423728813 108 3 1 19 59.51327142485553]
[0.0 'Conceptual' 4.7864272772228835 7.437274799455911 0.0 108 3 2 0 0.0]
[4.702165371861789 'Conceptual' 4.7864272772228835 7.437274799455911
 10.169491525423728 108 3 2 1 4.702165371861789]
[7.332596655894226 'Conceptual' 4.7864272772228835 7.437274799455911
 5.47457627118644 108 3 2 2 7.332596655894226]
[10.725773359414434 'Conceptual' 4.7864272772228835 7.437274799455911
 4.23728813559322 108 3 2 3 10.725773359414434]
[15.129257444992444 'Conceptual' 4.7864272772228835 7.437274799455911
 3.8813559322033897 108 3 2 4 15.129257444992444]
[18.515306767340604 'Conceptual' 4.7864272772228835 7.437274799455911
 3.6101694915254234 108 3 2 5 18.515306767340604]
[22.1656670528763 'Conceptual' 4.7864272772228835 7.437274799455911
 3.3728813559322033 108 3 2 6 22.1656670528763]
[25.107108439889604 'Conceptual' 4.7864272772228835 7.437274799455911
 2.711864406779661 108 3 2 7 25.107108439889604]
[27.629037517373845 'Conceptual' 4.7864272772228835 7.437274799455911
 2.5932203389830506 108 3 2 8 27.629037517373845]
[30.57754495551022 'Conceptual' 4.7864272772228835 7.437274799455911
 2.542372881355932 108 3 2 9 30.57754495551022]
[32.867807804914975 'Conceptual' 4.7864272772228835 7.437274799455911
 2.254237288135593 108 3 2 10 32.867807804914975]
[36.47619558559039 'Conceptual' 4.7864272772228835 7.437274799455911
 2.4576271186440675 108 3 2 11 36.47619558559039]
[39.68172367688824 'Conceptual' 4.7864272772228835 7.437274799455911
 2.4576271186440675 108 3 2 12 39.68172367688824]
[42.11169648352089 'Conceptual' 4.7864272772228835 7.437274799455911
 2.423728813559322 108 3 2 13 42.11169648352089]
[44.294680258650736 'Conceptual' 4.7864272772228835 7.437274799455911
 2.2033898305084745 108 3 2 14 44.294680258650736]
[46.5547033067605 'Conceptual' 4.7864272772228835 7.437274799455911
 2.11864406779661 108 3 2 15 46.5547033067605]
[48.60271448480371 'Conceptual' 4.7864272772228835 7.437274799455911
 2.016949152542373 108 3 2 16 48.60271448480371]
[53.79555183226649 'Conceptual' 4.7864272772228835 7.437274799455911
 1.9152542372881354 108 3 2 17 53.79555183226649]
[57.22094380544412 'Conceptual' 4.7864272772228835 7.437274799455911
 2.016949152542373 108 3 2 18 57.22094380544412]
[59.51327142485553 'Conceptual' 4.7864272772228835 7.437274799455911
 1.9491525423728813 108 3 2 19 59.51327142485553]
[0.0 'Conceptual' 4.7864272772228835 7.437274799455911 0.0 108 3 4 0 0.0]
[4.702165371861789 'Conceptual' 4.7864272772228835 7.437274799455911
 10.169491525423728 108 3 4 1 4.702165371861789]
[7.332596655894226 'Conceptual' 4.7864272772228835 7.437274799455911
 5.47457627118644 108 3 4 2 7.332596655894226]
[10.725773359414434 'Conceptual' 4.7864272772228835 7.437274799455911
 4.23728813559322 108 3 4 3 10.725773359414434]
[15.129257444992444 'Conceptual' 4.7864272772228835 7.437274799455911
 3.8813559322033897 108 3 4 4 15.129257444992444]
[18.515306767340604 'Conceptual' 4.7864272772228835 7.437274799455911
 3.6101694915254234 108 3 4 5 18.515306767340604]
[22.1656670528763 'Conceptual' 4.7864272772228835 7.437274799455911
 3.3728813559322033 108 3 4 6 22.1656670528763]
[25.107108439889604 'Conceptual' 4.7864272772228835 7.437274799455911
 2.711864406779661 108 3 4 7 25.107108439889604]
[27.629037517373845 'Conceptual' 4.7864272772228835 7.437274799455911
 2.5932203389830506 108 3 4 8 27.629037517373845]
[30.57754495551022 'Conceptual' 4.7864272772228835 7.437274799455911
 2.542372881355932 108 3 4 9 30.57754495551022]
[32.867807804914975 'Conceptual' 4.7864272772228835 7.437274799455911
 2.254237288135593 108 3 4 10 32.867807804914975]
[36.47619558559039 'Conceptual' 4.7864272772228835 7.437274799455911
 2.4576271186440675 108 3 4 11 36.47619558559039]
[39.68172367688824 'Conceptual' 4.7864272772228835 7.437274799455911
 2.4576271186440675 108 3 4 12 39.68172367688824]
[42.11169648352089 'Conceptual' 4.7864272772228835 7.437274799455911
 2.423728813559322 108 3 4 13 42.11169648352089]
[44.294680258650736 'Conceptual' 4.7864272772228835 7.437274799455911
 2.2033898305084745 108 3 4 14 44.294680258650736]
[46.5547033067605 'Conceptual' 4.7864272772228835 7.437274799455911
 2.11864406779661 108 3 4 15 46.5547033067605]
[48.60271448480371 'Conceptual' 4.7864272772228835 7.437274799455911
 2.016949152542373 108 3 4 16 48.60271448480371]
[53.79555183226649 'Conceptual' 4.7864272772228835 7.437274799455911
 1.9152542372881354 108 3 4 17 53.79555183226649]
[57.22094380544412 'Conceptual' 4.7864272772228835 7.437274799455911
 2.016949152542373 108 3 4 18 57.22094380544412]
[59.51327142485553 'Conceptual' 4.7864272772228835 7.437274799455911
 1.9491525423728813 108 3 4 19 59.51327142485553]
[0.0 'Conceptual' 4.7864272772228835 7.437274799455911 0.0 108 3 5 0 0.0]
[4.702165371861789 'Conceptual' 4.7864272772228835 7.437274799455911
 10.169491525423728 108 3 5 1 4.702165371861789]
[7.332596655894226 'Conceptual' 4.7864272772228835 7.437274799455911
 5.47457627118644 108 3 5 2 7.332596655894226]
[10.725773359414434 'Conceptual' 4.7864272772228835 7.437274799455911
 4.23728813559322 108 3 5 3 10.725773359414434]
[15.129257444992444 'Conceptual' 4.7864272772228835 7.437274799455911
 3.8813559322033897 108 3 5 4 15.129257444992444]
[18.515306767340604 'Conceptual' 4.7864272772228835 7.437274799455911
 3.6101694915254234 108 3 5 5 18.515306767340604]
[22.1656670528763 'Conceptual' 4.7864272772228835 7.437274799455911
 3.3728813559322033 108 3 5 6 22.1656670528763]
[25.107108439889604 'Conceptual' 4.7864272772228835 7.437274799455911
 2.711864406779661 108 3 5 7 25.107108439889604]
[27.629037517373845 'Conceptual' 4.7864272772228835 7.437274799455911
 2.5932203389830506 108 3 5 8 27.629037517373845]
[30.57754495551022 'Conceptual' 4.7864272772228835 7.437274799455911
 2.542372881355932 108 3 5 9 30.57754495551022]
[32.867807804914975 'Conceptual' 4.7864272772228835 7.437274799455911
 2.254237288135593 108 3 5 10 32.867807804914975]
[36.47619558559039 'Conceptual' 4.7864272772228835 7.437274799455911
 2.4576271186440675 108 3 5 11 36.47619558559039]
[39.68172367688824 'Conceptual' 4.7864272772228835 7.437274799455911
 2.4576271186440675 108 3 5 12 39.68172367688824]
[42.11169648352089 'Conceptual' 4.7864272772228835 7.437274799455911
 2.423728813559322 108 3 5 13 42.11169648352089]
[44.294680258650736 'Conceptual' 4.7864272772228835 7.437274799455911
 2.2033898305084745 108 3 5 14 44.294680258650736]
[46.5547033067605 'Conceptual' 4.7864272772228835 7.437274799455911
 2.11864406779661 108 3 5 15 46.5547033067605]
[48.60271448480371 'Conceptual' 4.7864272772228835 7.437274799455911
 2.016949152542373 108 3 5 16 48.60271448480371]
[53.79555183226649 'Conceptual' 4.7864272772228835 7.437274799455911
 1.9152542372881354 108 3 5 17 53.79555183226649]
[57.22094380544412 'Conceptual' 4.7864272772228835 7.437274799455911
 2.016949152542373 108 3 5 18 57.22094380544412]
[59.51327142485553 'Conceptual' 4.7864272772228835 7.437274799455911
 1.9491525423728813 108 3 5 19 59.51327142485553]
[0.0 'Conceptual' 4.7864272772228835 7.437274799455911 0.0 108 3 6 0 0.0]
[4.702165371861789 'Conceptual' 4.7864272772228835 7.437274799455911
 10.169491525423728 108 3 6 1 4.702165371861789]
[7.332596655894226 'Conceptual' 4.7864272772228835 7.437274799455911
 5.47457627118644 108 3 6 2 7.332596655894226]
[10.725773359414434 'Conceptual' 4.7864272772228835 7.437274799455911
 4.23728813559322 108 3 6 3 10.725773359414434]
[15.129257444992444 'Conceptual' 4.7864272772228835 7.437274799455911
 3.8813559322033897 108 3 6 4 15.129257444992444]
[18.515306767340604 'Conceptual' 4.7864272772228835 7.437274799455911
 3.6101694915254234 108 3 6 5 18.515306767340604]
[22.1656670528763 'Conceptual' 4.7864272772228835 7.437274799455911
 3.3728813559322033 108 3 6 6 22.1656670528763]
[25.107108439889604 'Conceptual' 4.7864272772228835 7.437274799455911
 2.711864406779661 108 3 6 7 25.107108439889604]
[27.629037517373845 'Conceptual' 4.7864272772228835 7.437274799455911
 2.5932203389830506 108 3 6 8 27.629037517373845]
[30.57754495551022 'Conceptual' 4.7864272772228835 7.437274799455911
 2.542372881355932 108 3 6 9 30.57754495551022]
[32.867807804914975 'Conceptual' 4.7864272772228835 7.437274799455911
 2.254237288135593 108 3 6 10 32.867807804914975]
[36.47619558559039 'Conceptual' 4.7864272772228835 7.437274799455911
 2.4576271186440675 108 3 6 11 36.47619558559039]
[39.68172367688824 'Conceptual' 4.7864272772228835 7.437274799455911
 2.4576271186440675 108 3 6 12 39.68172367688824]
[42.11169648352089 'Conceptual' 4.7864272772228835 7.437274799455911
 2.423728813559322 108 3 6 13 42.11169648352089]
[44.294680258650736 'Conceptual' 4.7864272772228835 7.437274799455911
 2.2033898305084745 108 3 6 14 44.294680258650736]
[46.5547033067605 'Conceptual' 4.7864272772228835 7.437274799455911
 2.11864406779661 108 3 6 15 46.5547033067605]
[48.60271448480371 'Conceptual' 4.7864272772228835 7.437274799455911
 2.016949152542373 108 3 6 16 48.60271448480371]
[53.79555183226649 'Conceptual' 4.7864272772228835 7.437274799455911
 1.9152542372881354 108 3 6 17 53.79555183226649]
[57.22094380544412 'Conceptual' 4.7864272772228835 7.437274799455911
 2.016949152542373 108 3 6 18 57.22094380544412]
[59.51327142485553 'Conceptual' 4.7864272772228835 7.437274799455911
 1.9491525423728813 108 3 6 19 59.51327142485553]
[0.0 'Conceptual' 4.7864272772228835 7.437274799455911 0.0 108 3 7 0 0.0]
[4.702165371861789 'Conceptual' 4.7864272772228835 7.437274799455911
 10.169491525423728 108 3 7 1 4.702165371861789]
[7.332596655894226 'Conceptual' 4.7864272772228835 7.437274799455911
 5.47457627118644 108 3 7 2 7.332596655894226]
[10.725773359414434 'Conceptual' 4.7864272772228835 7.437274799455911
 4.23728813559322 108 3 7 3 10.725773359414434]
[15.129257444992444 'Conceptual' 4.7864272772228835 7.437274799455911
 3.8813559322033897 108 3 7 4 15.129257444992444]
[18.515306767340604 'Conceptual' 4.7864272772228835 7.437274799455911
 3.6101694915254234 108 3 7 5 18.515306767340604]
[22.1656670528763 'Conceptual' 4.7864272772228835 7.437274799455911
 3.3728813559322033 108 3 7 6 22.1656670528763]
[25.107108439889604 'Conceptual' 4.7864272772228835 7.437274799455911
 2.711864406779661 108 3 7 7 25.107108439889604]
[27.629037517373845 'Conceptual' 4.7864272772228835 7.437274799455911
 2.5932203389830506 108 3 7 8 27.629037517373845]
[30.57754495551022 'Conceptual' 4.7864272772228835 7.437274799455911
 2.542372881355932 108 3 7 9 30.57754495551022]
[32.867807804914975 'Conceptual' 4.7864272772228835 7.437274799455911
 2.254237288135593 108 3 7 10 32.867807804914975]
[36.47619558559039 'Conceptual' 4.7864272772228835 7.437274799455911
 2.4576271186440675 108 3 7 11 36.47619558559039]
[39.68172367688824 'Conceptual' 4.7864272772228835 7.437274799455911
 2.4576271186440675 108 3 7 12 39.68172367688824]
[42.11169648352089 'Conceptual' 4.7864272772228835 7.437274799455911
 2.423728813559322 108 3 7 13 42.11169648352089]
[44.294680258650736 'Conceptual' 4.7864272772228835 7.437274799455911
 2.2033898305084745 108 3 7 14 44.294680258650736]
[46.5547033067605 'Conceptual' 4.7864272772228835 7.437274799455911
 2.11864406779661 108 3 7 15 46.5547033067605]
[48.60271448480371 'Conceptual' 4.7864272772228835 7.437274799455911
 2.016949152542373 108 3 7 16 48.60271448480371]
[53.79555183226649 'Conceptual' 4.7864272772228835 7.437274799455911
 1.9152542372881354 108 3 7 17 53.79555183226649]
[57.22094380544412 'Conceptual' 4.7864272772228835 7.437274799455911
 2.016949152542373 108 3 7 18 57.22094380544412]
[59.51327142485553 'Conceptual' 4.7864272772228835 7.437274799455911
 1.9491525423728813 108 3 7 19 59.51327142485553]
[0.0 'Conceptual' 4.7864272772228835 7.437274799455911 0.0 108 3 8 0 0.0]
[4.702165371861789 'Conceptual' 4.7864272772228835 7.437274799455911
 10.169491525423728 108 3 8 1 4.702165371861789]
[7.332596655894226 'Conceptual' 4.7864272772228835 7.437274799455911
 5.47457627118644 108 3 8 2 7.332596655894226]
[10.725773359414434 'Conceptual' 4.7864272772228835 7.437274799455911
 4.23728813559322 108 3 8 3 10.725773359414434]
[15.129257444992444 'Conceptual' 4.7864272772228835 7.437274799455911
 3.8813559322033897 108 3 8 4 15.129257444992444]
[18.515306767340604 'Conceptual' 4.7864272772228835 7.437274799455911
 3.6101694915254234 108 3 8 5 18.515306767340604]
[22.1656670528763 'Conceptual' 4.7864272772228835 7.437274799455911
 3.3728813559322033 108 3 8 6 22.1656670528763]
[25.107108439889604 'Conceptual' 4.7864272772228835 7.437274799455911
 2.711864406779661 108 3 8 7 25.107108439889604]
[27.629037517373845 'Conceptual' 4.7864272772228835 7.437274799455911
 2.5932203389830506 108 3 8 8 27.629037517373845]
[30.57754495551022 'Conceptual' 4.7864272772228835 7.437274799455911
 2.542372881355932 108 3 8 9 30.57754495551022]
[32.867807804914975 'Conceptual' 4.7864272772228835 7.437274799455911
 2.254237288135593 108 3 8 10 32.867807804914975]
[36.47619558559039 'Conceptual' 4.7864272772228835 7.437274799455911
 2.4576271186440675 108 3 8 11 36.47619558559039]
[39.68172367688824 'Conceptual' 4.7864272772228835 7.437274799455911
 2.4576271186440675 108 3 8 12 39.68172367688824]
[42.11169648352089 'Conceptual' 4.7864272772228835 7.437274799455911
 2.423728813559322 108 3 8 13 42.11169648352089]
[44.294680258650736 'Conceptual' 4.7864272772228835 7.437274799455911
 2.2033898305084745 108 3 8 14 44.294680258650736]
[46.5547033067605 'Conceptual' 4.7864272772228835 7.437274799455911
 2.11864406779661 108 3 8 15 46.5547033067605]
[48.60271448480371 'Conceptual' 4.7864272772228835 7.437274799455911
 2.016949152542373 108 3 8 16 48.60271448480371]
[53.79555183226649 'Conceptual' 4.7864272772228835 7.437274799455911
 1.9152542372881354 108 3 8 17 53.79555183226649]
[57.22094380544412 'Conceptual' 4.7864272772228835 7.437274799455911
 2.016949152542373 108 3 8 18 57.22094380544412]
[59.51327142485553 'Conceptual' 4.7864272772228835 7.437274799455911
 1.9491525423728813 108 3 8 19 59.51327142485553]
