[0.0 'Conceptual' 0.9600124248995684 0.00439266276397768 0.0 24 8 0 0 0.0]
[3.6936187840488275 'Conceptual' 0.9600124248995684 0.00439266276397768
 0.1694915254237288 24 8 0 1 3.6936187840488275]
[7.866351707369229 'Conceptual' 0.9600124248995684 0.00439266276397768
 0.1694915254237288 24 8 0 2 7.866351707369229]
[11.588047312330398 'Conceptual' 0.9600124248995684 0.00439266276397768
 0.1694915254237288 24 8 0 3 11.588047312330398]
[14.75829052617838 'Conceptual' 0.9600124248995684 0.00439266276397768
 1.0677966101694913 24 8 0 4 14.75829052617838]
[17.616455554435767 'Conceptual' 0.9600124248995684 0.00439266276397768
 1.3389830508474576 24 8 0 5 17.616455554435767]
[21.69174138458755 'Conceptual' 0.9600124248995684 0.00439266276397768
 1.271186440677966 24 8 0 6 21.69174138458755]
[24.84371549551138 'Conceptual' 0.9600124248995684 0.00439266276397768
 1.1864406779661016 24 8 0 7 24.84371549551138]
[27.309191973589726 'Conceptual' 0.9600124248995684 0.00439266276397768
 1.3050847457627117 24 8 0 8 27.309191973589726]
[29.614407051666458 'Conceptual' 0.9600124248995684 0.00439266276397768
 1.1694915254237288 24 8 0 9 29.614407051666458]
[31.497051018797723 'Conceptual' 0.9600124248995684 0.00439266276397768
 1.0677966101694913 24 8 0 10 31.497051018797723]
[32.828344789163545 'Conceptual' 0.9600124248995684 0.00439266276397768
 0.9999999999999999 24 8 0 11 32.828344789163545]
[34.68460278014009 'Conceptual' 0.9600124248995684 0.00439266276397768
 0.9322033898305084 24 8 0 12 34.68460278014009]
[35.89027231737943 'Conceptual' 0.9600124248995684 0.00439266276397768
 0.8983050847457626 24 8 0 13 35.89027231737943]
[38.60949979451297 'Conceptual' 0.9600124248995684 0.00439266276397768
 0.8983050847457626 24 8 0 14 38.60949979451297]
[39.433364630642885 'Conceptual' 0.9600124248995684 0.00439266276397768
 0.8983050847457626 24 8 0 15 39.433364630642885]
[41.97985161072919 'Conceptual' 0.9600124248995684 0.00439266276397768
 0.8305084745762711 24 8 0 16 41.97985161072919]
[44.242451974189926 'Conceptual' 0.9600124248995684 0.00439266276397768
 0.7288135593220338 24 8 0 17 44.242451974189926]
[44.71429607140288 'Conceptual' 0.9600124248995684 0.00439266276397768
 0.7288135593220338 24 8 0 18 44.71429607140288]
[48.794785287792116 'Conceptual' 0.9600124248995684 0.00439266276397768
 0.7288135593220338 24 8 0 19 48.794785287792116]
[0.0 'Conceptual' 0.9600124248995684 0.00439266276397768 0.0 24 8 1 0 0.0]
[3.6936187840488275 'Conceptual' 0.9600124248995684 0.00439266276397768
 0.1694915254237288 24 8 1 1 3.6936187840488275]
[7.866351707369229 'Conceptual' 0.9600124248995684 0.00439266276397768
 0.1694915254237288 24 8 1 2 7.866351707369229]
[11.588047312330398 'Conceptual' 0.9600124248995684 0.00439266276397768
 0.1694915254237288 24 8 1 3 11.588047312330398]
[14.75829052617838 'Conceptual' 0.9600124248995684 0.00439266276397768
 1.0677966101694913 24 8 1 4 14.75829052617838]
[17.616455554435767 'Conceptual' 0.9600124248995684 0.00439266276397768
 1.3389830508474576 24 8 1 5 17.616455554435767]
[21.69174138458755 'Conceptual' 0.9600124248995684 0.00439266276397768
 1.271186440677966 24 8 1 6 21.69174138458755]
[24.84371549551138 'Conceptual' 0.9600124248995684 0.00439266276397768
 1.1864406779661016 24 8 1 7 24.84371549551138]
[27.309191973589726 'Conceptual' 0.9600124248995684 0.00439266276397768
 1.3050847457627117 24 8 1 8 27.309191973589726]
[29.614407051666458 'Conceptual' 0.9600124248995684 0.00439266276397768
 1.1694915254237288 24 8 1 9 29.614407051666458]
[31.497051018797723 'Conceptual' 0.9600124248995684 0.00439266276397768
 1.0677966101694913 24 8 1 10 31.497051018797723]
[32.828344789163545 'Conceptual' 0.9600124248995684 0.00439266276397768
 0.9999999999999999 24 8 1 11 32.828344789163545]
[34.68460278014009 'Conceptual' 0.9600124248995684 0.00439266276397768
 0.9322033898305084 24 8 1 12 34.68460278014009]
[35.89027231737943 'Conceptual' 0.9600124248995684 0.00439266276397768
 0.8983050847457626 24 8 1 13 35.89027231737943]
[38.60949979451297 'Conceptual' 0.9600124248995684 0.00439266276397768
 0.8983050847457626 24 8 1 14 38.60949979451297]
[39.433364630642885 'Conceptual' 0.9600124248995684 0.00439266276397768
 0.8983050847457626 24 8 1 15 39.433364630642885]
[41.97985161072919 'Conceptual' 0.9600124248995684 0.00439266276397768
 0.8305084745762711 24 8 1 16 41.97985161072919]
[44.242451974189926 'Conceptual' 0.9600124248995684 0.00439266276397768
 0.7288135593220338 24 8 1 17 44.242451974189926]
[44.71429607140288 'Conceptual' 0.9600124248995684 0.00439266276397768
 0.7288135593220338 24 8 1 18 44.71429607140288]
[48.794785287792116 'Conceptual' 0.9600124248995684 0.00439266276397768
 0.7288135593220338 24 8 1 19 48.794785287792116]
[0.0 'Conceptual' 0.9600124248995684 0.00439266276397768 0.0 24 8 2 0 0.0]
[3.6936187840488275 'Conceptual' 0.9600124248995684 0.00439266276397768
 0.1694915254237288 24 8 2 1 3.6936187840488275]
[7.866351707369229 'Conceptual' 0.9600124248995684 0.00439266276397768
 0.1694915254237288 24 8 2 2 7.866351707369229]
[11.588047312330398 'Conceptual' 0.9600124248995684 0.00439266276397768
 0.1694915254237288 24 8 2 3 11.588047312330398]
[14.75829052617838 'Conceptual' 0.9600124248995684 0.00439266276397768
 1.0677966101694913 24 8 2 4 14.75829052617838]
[17.616455554435767 'Conceptual' 0.9600124248995684 0.00439266276397768
 1.3389830508474576 24 8 2 5 17.616455554435767]
[21.69174138458755 'Conceptual' 0.9600124248995684 0.00439266276397768
 1.271186440677966 24 8 2 6 21.69174138458755]
[24.84371549551138 'Conceptual' 0.9600124248995684 0.00439266276397768
 1.1864406779661016 24 8 2 7 24.84371549551138]
[27.309191973589726 'Conceptual' 0.9600124248995684 0.00439266276397768
 1.3050847457627117 24 8 2 8 27.309191973589726]
[29.614407051666458 'Conceptual' 0.9600124248995684 0.00439266276397768
 1.1694915254237288 24 8 2 9 29.614407051666458]
[31.497051018797723 'Conceptual' 0.9600124248995684 0.00439266276397768
 1.0677966101694913 24 8 2 10 31.497051018797723]
[32.828344789163545 'Conceptual' 0.9600124248995684 0.00439266276397768
 0.9999999999999999 24 8 2 11 32.828344789163545]
[34.68460278014009 'Conceptual' 0.9600124248995684 0.00439266276397768
 0.9322033898305084 24 8 2 12 34.68460278014009]
[35.89027231737943 'Conceptual' 0.9600124248995684 0.00439266276397768
 0.8983050847457626 24 8 2 13 35.89027231737943]
[38.60949979451297 'Conceptual' 0.9600124248995684 0.00439266276397768
 0.8983050847457626 24 8 2 14 38.60949979451297]
[39.433364630642885 'Conceptual' 0.9600124248995684 0.00439266276397768
 0.8983050847457626 24 8 2 15 39.433364630642885]
[41.97985161072919 'Conceptual' 0.9600124248995684 0.00439266276397768
 0.8305084745762711 24 8 2 16 41.97985161072919]
[44.242451974189926 'Conceptual' 0.9600124248995684 0.00439266276397768
 0.7288135593220338 24 8 2 17 44.242451974189926]
[44.71429607140288 'Conceptual' 0.9600124248995684 0.00439266276397768
 0.7288135593220338 24 8 2 18 44.71429607140288]
[48.794785287792116 'Conceptual' 0.9600124248995684 0.00439266276397768
 0.7288135593220338 24 8 2 19 48.794785287792116]
[0.0 'Conceptual' 0.9600124248995684 0.00439266276397768 0.0 24 8 3 0 0.0]
[3.6936187840488275 'Conceptual' 0.9600124248995684 0.00439266276397768
 0.1694915254237288 24 8 3 1 3.6936187840488275]
[7.866351707369229 'Conceptual' 0.9600124248995684 0.00439266276397768
 0.1694915254237288 24 8 3 2 7.866351707369229]
[11.588047312330398 'Conceptual' 0.9600124248995684 0.00439266276397768
 0.1694915254237288 24 8 3 3 11.588047312330398]
[14.75829052617838 'Conceptual' 0.9600124248995684 0.00439266276397768
 1.0677966101694913 24 8 3 4 14.75829052617838]
[17.616455554435767 'Conceptual' 0.9600124248995684 0.00439266276397768
 1.3389830508474576 24 8 3 5 17.616455554435767]
[21.69174138458755 'Conceptual' 0.9600124248995684 0.00439266276397768
 1.271186440677966 24 8 3 6 21.69174138458755]
[24.84371549551138 'Conceptual' 0.9600124248995684 0.00439266276397768
 1.1864406779661016 24 8 3 7 24.84371549551138]
[27.309191973589726 'Conceptual' 0.9600124248995684 0.00439266276397768
 1.3050847457627117 24 8 3 8 27.309191973589726]
[29.614407051666458 'Conceptual' 0.9600124248995684 0.00439266276397768
 1.1694915254237288 24 8 3 9 29.614407051666458]
[31.497051018797723 'Conceptual' 0.9600124248995684 0.00439266276397768
 1.0677966101694913 24 8 3 10 31.497051018797723]
[32.828344789163545 'Conceptual' 0.9600124248995684 0.00439266276397768
 0.9999999999999999 24 8 3 11 32.828344789163545]
[34.68460278014009 'Conceptual' 0.9600124248995684 0.00439266276397768
 0.9322033898305084 24 8 3 12 34.68460278014009]
[35.89027231737943 'Conceptual' 0.9600124248995684 0.00439266276397768
 0.8983050847457626 24 8 3 13 35.89027231737943]
[38.60949979451297 'Conceptual' 0.9600124248995684 0.00439266276397768
 0.8983050847457626 24 8 3 14 38.60949979451297]
[39.433364630642885 'Conceptual' 0.9600124248995684 0.00439266276397768
 0.8983050847457626 24 8 3 15 39.433364630642885]
[41.97985161072919 'Conceptual' 0.9600124248995684 0.00439266276397768
 0.8305084745762711 24 8 3 16 41.97985161072919]
[44.242451974189926 'Conceptual' 0.9600124248995684 0.00439266276397768
 0.7288135593220338 24 8 3 17 44.242451974189926]
[44.71429607140288 'Conceptual' 0.9600124248995684 0.00439266276397768
 0.7288135593220338 24 8 3 18 44.71429607140288]
[48.794785287792116 'Conceptual' 0.9600124248995684 0.00439266276397768
 0.7288135593220338 24 8 3 19 48.794785287792116]
[0.0 'Conceptual' 0.9600124248995684 0.00439266276397768 0.0 24 8 4 0 0.0]
[3.6936187840488275 'Conceptual' 0.9600124248995684 0.00439266276397768
 0.1694915254237288 24 8 4 1 3.6936187840488275]
[7.866351707369229 'Conceptual' 0.9600124248995684 0.00439266276397768
 0.1694915254237288 24 8 4 2 7.866351707369229]
[11.588047312330398 'Conceptual' 0.9600124248995684 0.00439266276397768
 0.1694915254237288 24 8 4 3 11.588047312330398]
[14.75829052617838 'Conceptual' 0.9600124248995684 0.00439266276397768
 1.0677966101694913 24 8 4 4 14.75829052617838]
[17.616455554435767 'Conceptual' 0.9600124248995684 0.00439266276397768
 1.3389830508474576 24 8 4 5 17.616455554435767]
[21.69174138458755 'Conceptual' 0.9600124248995684 0.00439266276397768
 1.271186440677966 24 8 4 6 21.69174138458755]
[24.84371549551138 'Conceptual' 0.9600124248995684 0.00439266276397768
 1.1864406779661016 24 8 4 7 24.84371549551138]
[27.309191973589726 'Conceptual' 0.9600124248995684 0.00439266276397768
 1.3050847457627117 24 8 4 8 27.309191973589726]
[29.614407051666458 'Conceptual' 0.9600124248995684 0.00439266276397768
 1.1694915254237288 24 8 4 9 29.614407051666458]
[31.497051018797723 'Conceptual' 0.9600124248995684 0.00439266276397768
 1.0677966101694913 24 8 4 10 31.497051018797723]
[32.828344789163545 'Conceptual' 0.9600124248995684 0.00439266276397768
 0.9999999999999999 24 8 4 11 32.828344789163545]
[34.68460278014009 'Conceptual' 0.9600124248995684 0.00439266276397768
 0.9322033898305084 24 8 4 12 34.68460278014009]
[35.89027231737943 'Conceptual' 0.9600124248995684 0.00439266276397768
 0.8983050847457626 24 8 4 13 35.89027231737943]
[38.60949979451297 'Conceptual' 0.9600124248995684 0.00439266276397768
 0.8983050847457626 24 8 4 14 38.60949979451297]
[39.433364630642885 'Conceptual' 0.9600124248995684 0.00439266276397768
 0.8983050847457626 24 8 4 15 39.433364630642885]
[41.97985161072919 'Conceptual' 0.9600124248995684 0.00439266276397768
 0.8305084745762711 24 8 4 16 41.97985161072919]
[44.242451974189926 'Conceptual' 0.9600124248995684 0.00439266276397768
 0.7288135593220338 24 8 4 17 44.242451974189926]
[44.71429607140288 'Conceptual' 0.9600124248995684 0.00439266276397768
 0.7288135593220338 24 8 4 18 44.71429607140288]
[48.794785287792116 'Conceptual' 0.9600124248995684 0.00439266276397768
 0.7288135593220338 24 8 4 19 48.794785287792116]
[0.0 'Conceptual' 0.9600124248995684 0.00439266276397768 0.0 24 8 5 0 0.0]
[3.6936187840488275 'Conceptual' 0.9600124248995684 0.00439266276397768
 0.1694915254237288 24 8 5 1 3.6936187840488275]
[7.866351707369229 'Conceptual' 0.9600124248995684 0.00439266276397768
 0.1694915254237288 24 8 5 2 7.866351707369229]
[11.588047312330398 'Conceptual' 0.9600124248995684 0.00439266276397768
 0.1694915254237288 24 8 5 3 11.588047312330398]
[14.75829052617838 'Conceptual' 0.9600124248995684 0.00439266276397768
 1.0677966101694913 24 8 5 4 14.75829052617838]
[17.616455554435767 'Conceptual' 0.9600124248995684 0.00439266276397768
 1.3389830508474576 24 8 5 5 17.616455554435767]
[21.69174138458755 'Conceptual' 0.9600124248995684 0.00439266276397768
 1.271186440677966 24 8 5 6 21.69174138458755]
[24.84371549551138 'Conceptual' 0.9600124248995684 0.00439266276397768
 1.1864406779661016 24 8 5 7 24.84371549551138]
[27.309191973589726 'Conceptual' 0.9600124248995684 0.00439266276397768
 1.3050847457627117 24 8 5 8 27.309191973589726]
[29.614407051666458 'Conceptual' 0.9600124248995684 0.00439266276397768
 1.1694915254237288 24 8 5 9 29.614407051666458]
[31.497051018797723 'Conceptual' 0.9600124248995684 0.00439266276397768
 1.0677966101694913 24 8 5 10 31.497051018797723]
[32.828344789163545 'Conceptual' 0.9600124248995684 0.00439266276397768
 0.9999999999999999 24 8 5 11 32.828344789163545]
[34.68460278014009 'Conceptual' 0.9600124248995684 0.00439266276397768
 0.9322033898305084 24 8 5 12 34.68460278014009]
[35.89027231737943 'Conceptual' 0.9600124248995684 0.00439266276397768
 0.8983050847457626 24 8 5 13 35.89027231737943]
[38.60949979451297 'Conceptual' 0.9600124248995684 0.00439266276397768
 0.8983050847457626 24 8 5 14 38.60949979451297]
[39.433364630642885 'Conceptual' 0.9600124248995684 0.00439266276397768
 0.8983050847457626 24 8 5 15 39.433364630642885]
[41.97985161072919 'Conceptual' 0.9600124248995684 0.00439266276397768
 0.8305084745762711 24 8 5 16 41.97985161072919]
[44.242451974189926 'Conceptual' 0.9600124248995684 0.00439266276397768
 0.7288135593220338 24 8 5 17 44.242451974189926]
[44.71429607140288 'Conceptual' 0.9600124248995684 0.00439266276397768
 0.7288135593220338 24 8 5 18 44.71429607140288]
[48.794785287792116 'Conceptual' 0.9600124248995684 0.00439266276397768
 0.7288135593220338 24 8 5 19 48.794785287792116]
[0.0 'Conceptual' 0.9600124248995684 0.00439266276397768 0.0 24 8 6 0 0.0]
[3.6936187840488275 'Conceptual' 0.9600124248995684 0.00439266276397768
 0.1694915254237288 24 8 6 1 3.6936187840488275]
[7.866351707369229 'Conceptual' 0.9600124248995684 0.00439266276397768
 0.1694915254237288 24 8 6 2 7.866351707369229]
[11.588047312330398 'Conceptual' 0.9600124248995684 0.00439266276397768
 0.1694915254237288 24 8 6 3 11.588047312330398]
[14.75829052617838 'Conceptual' 0.9600124248995684 0.00439266276397768
 1.0677966101694913 24 8 6 4 14.75829052617838]
[17.616455554435767 'Conceptual' 0.9600124248995684 0.00439266276397768
 1.3389830508474576 24 8 6 5 17.616455554435767]
[21.69174138458755 'Conceptual' 0.9600124248995684 0.00439266276397768
 1.271186440677966 24 8 6 6 21.69174138458755]
[24.84371549551138 'Conceptual' 0.9600124248995684 0.00439266276397768
 1.1864406779661016 24 8 6 7 24.84371549551138]
[27.309191973589726 'Conceptual' 0.9600124248995684 0.00439266276397768
 1.3050847457627117 24 8 6 8 27.309191973589726]
[29.614407051666458 'Conceptual' 0.9600124248995684 0.00439266276397768
 1.1694915254237288 24 8 6 9 29.614407051666458]
[31.497051018797723 'Conceptual' 0.9600124248995684 0.00439266276397768
 1.0677966101694913 24 8 6 10 31.497051018797723]
[32.828344789163545 'Conceptual' 0.9600124248995684 0.00439266276397768
 0.9999999999999999 24 8 6 11 32.828344789163545]
[34.68460278014009 'Conceptual' 0.9600124248995684 0.00439266276397768
 0.9322033898305084 24 8 6 12 34.68460278014009]
[35.89027231737943 'Conceptual' 0.9600124248995684 0.00439266276397768
 0.8983050847457626 24 8 6 13 35.89027231737943]
[38.60949979451297 'Conceptual' 0.9600124248995684 0.00439266276397768
 0.8983050847457626 24 8 6 14 38.60949979451297]
[39.433364630642885 'Conceptual' 0.9600124248995684 0.00439266276397768
 0.8983050847457626 24 8 6 15 39.433364630642885]
[41.97985161072919 'Conceptual' 0.9600124248995684 0.00439266276397768
 0.8305084745762711 24 8 6 16 41.97985161072919]
[44.242451974189926 'Conceptual' 0.9600124248995684 0.00439266276397768
 0.7288135593220338 24 8 6 17 44.242451974189926]
[44.71429607140288 'Conceptual' 0.9600124248995684 0.00439266276397768
 0.7288135593220338 24 8 6 18 44.71429607140288]
[48.794785287792116 'Conceptual' 0.9600124248995684 0.00439266276397768
 0.7288135593220338 24 8 6 19 48.794785287792116]
[0.0 'Conceptual' 0.9600124248995684 0.00439266276397768 0.0 24 8 7 0 0.0]
[3.6936187840488275 'Conceptual' 0.9600124248995684 0.00439266276397768
 0.1694915254237288 24 8 7 1 3.6936187840488275]
[7.866351707369229 'Conceptual' 0.9600124248995684 0.00439266276397768
 0.1694915254237288 24 8 7 2 7.866351707369229]
[11.588047312330398 'Conceptual' 0.9600124248995684 0.00439266276397768
 0.1694915254237288 24 8 7 3 11.588047312330398]
[14.75829052617838 'Conceptual' 0.9600124248995684 0.00439266276397768
 1.0677966101694913 24 8 7 4 14.75829052617838]
[17.616455554435767 'Conceptual' 0.9600124248995684 0.00439266276397768
 1.3389830508474576 24 8 7 5 17.616455554435767]
[21.69174138458755 'Conceptual' 0.9600124248995684 0.00439266276397768
 1.271186440677966 24 8 7 6 21.69174138458755]
[24.84371549551138 'Conceptual' 0.9600124248995684 0.00439266276397768
 1.1864406779661016 24 8 7 7 24.84371549551138]
[27.309191973589726 'Conceptual' 0.9600124248995684 0.00439266276397768
 1.3050847457627117 24 8 7 8 27.309191973589726]
[29.614407051666458 'Conceptual' 0.9600124248995684 0.00439266276397768
 1.1694915254237288 24 8 7 9 29.614407051666458]
[31.497051018797723 'Conceptual' 0.9600124248995684 0.00439266276397768
 1.0677966101694913 24 8 7 10 31.497051018797723]
[32.828344789163545 'Conceptual' 0.9600124248995684 0.00439266276397768
 0.9999999999999999 24 8 7 11 32.828344789163545]
[34.68460278014009 'Conceptual' 0.9600124248995684 0.00439266276397768
 0.9322033898305084 24 8 7 12 34.68460278014009]
[35.89027231737943 'Conceptual' 0.9600124248995684 0.00439266276397768
 0.8983050847457626 24 8 7 13 35.89027231737943]
[38.60949979451297 'Conceptual' 0.9600124248995684 0.00439266276397768
 0.8983050847457626 24 8 7 14 38.60949979451297]
[39.433364630642885 'Conceptual' 0.9600124248995684 0.00439266276397768
 0.8983050847457626 24 8 7 15 39.433364630642885]
[41.97985161072919 'Conceptual' 0.9600124248995684 0.00439266276397768
 0.8305084745762711 24 8 7 16 41.97985161072919]
[44.242451974189926 'Conceptual' 0.9600124248995684 0.00439266276397768
 0.7288135593220338 24 8 7 17 44.242451974189926]
[44.71429607140288 'Conceptual' 0.9600124248995684 0.00439266276397768
 0.7288135593220338 24 8 7 18 44.71429607140288]
[48.794785287792116 'Conceptual' 0.9600124248995684 0.00439266276397768
 0.7288135593220338 24 8 7 19 48.794785287792116]
