[0.0 'Spatial' 1.1367739567480293 0.024567729596260378 0.0 88 3 0 0 0.0]
[3.851627516558202 'Spatial' 1.1367739567480293 0.024567729596260378
 0.1694915254237288 88 3 0 1 3.851627516558202]
[7.00021842379861 'Spatial' 1.1367739567480293 0.024567729596260378
 0.1694915254237288 88 3 0 2 7.00021842379861]
[10.779506600611747 'Spatial' 1.1367739567480293 0.024567729596260378
 0.1694915254237288 88 3 0 3 10.779506600611747]
[14.981490262257275 'Spatial' 1.1367739567480293 0.024567729596260378
 0.1694915254237288 88 3 0 4 14.981490262257275]
[18.43102755788345 'Spatial' 1.1367739567480293 0.024567729596260378
 0.9999999999999999 88 3 0 5 18.43102755788345]
[21.899410355929362 'Spatial' 1.1367739567480293 0.024567729596260378
 1.0677966101694913 88 3 0 6 21.899410355929362]
[24.571390581364398 'Spatial' 1.1367739567480293 0.024567729596260378
 1.1016949152542372 88 3 0 7 24.571390581364398]
[28.85509150718695 'Spatial' 1.1367739567480293 0.024567729596260378
 0.9999999999999999 88 3 0 8 28.85509150718695]
[33.19832035524082 'Spatial' 1.1367739567480293 0.024567729596260378
 0.9322033898305084 88 3 0 9 33.19832035524082]
[37.56237407114758 'Spatial' 1.1367739567480293 0.024567729596260378
 0.8983050847457626 88 3 0 10 37.56237407114758]
[41.90163253423854 'Spatial' 1.1367739567480293 0.024567729596260378
 0.8305084745762711 88 3 0 11 41.90163253423854]
[43.996702852242194 'Spatial' 1.1367739567480293 0.024567729596260378
 0.8305084745762711 88 3 0 12 43.996702852242194]
[46.33516263138625 'Spatial' 1.1367739567480293 0.024567729596260378
 0.8983050847457626 88 3 0 13 46.33516263138625]
[48.99320640574482 'Spatial' 1.1367739567480293 0.024567729596260378
 0.9999999999999999 88 3 0 14 48.99320640574482]
[50.20058491468341 'Spatial' 1.1367739567480293 0.024567729596260378
 0.8983050847457626 88 3 0 15 50.20058491468341]
[52.27109483665053 'Spatial' 1.1367739567480293 0.024567729596260378
 0.8983050847457626 88 3 0 16 52.27109483665053]
[53.20898226386123 'Spatial' 1.1367739567480293 0.024567729596260378
 0.847457627118644 88 3 0 17 53.20898226386123]
[54.01260641982129 'Spatial' 1.1367739567480293 0.024567729596260378
 0.8305084745762711 88 3 0 18 54.01260641982129]
[54.79809033152394 'Spatial' 1.1367739567480293 0.024567729596260378
 0.7627118644067796 88 3 0 19 54.79809033152394]
[0.0 'Spatial' 1.1367739567480293 0.024567729596260378 0.0 88 3 1 0 0.0]
[3.851627516558202 'Spatial' 1.1367739567480293 0.024567729596260378
 0.1694915254237288 88 3 1 1 3.851627516558202]
[7.00021842379861 'Spatial' 1.1367739567480293 0.024567729596260378
 0.1694915254237288 88 3 1 2 7.00021842379861]
[10.779506600611747 'Spatial' 1.1367739567480293 0.024567729596260378
 0.1694915254237288 88 3 1 3 10.779506600611747]
[14.981490262257275 'Spatial' 1.1367739567480293 0.024567729596260378
 0.1694915254237288 88 3 1 4 14.981490262257275]
[18.43102755788345 'Spatial' 1.1367739567480293 0.024567729596260378
 0.9999999999999999 88 3 1 5 18.43102755788345]
[21.899410355929362 'Spatial' 1.1367739567480293 0.024567729596260378
 1.0677966101694913 88 3 1 6 21.899410355929362]
[24.571390581364398 'Spatial' 1.1367739567480293 0.024567729596260378
 1.1016949152542372 88 3 1 7 24.571390581364398]
[28.85509150718695 'Spatial' 1.1367739567480293 0.024567729596260378
 0.9999999999999999 88 3 1 8 28.85509150718695]
[33.19832035524082 'Spatial' 1.1367739567480293 0.024567729596260378
 0.9322033898305084 88 3 1 9 33.19832035524082]
[37.56237407114758 'Spatial' 1.1367739567480293 0.024567729596260378
 0.8983050847457626 88 3 1 10 37.56237407114758]
[41.90163253423854 'Spatial' 1.1367739567480293 0.024567729596260378
 0.8305084745762711 88 3 1 11 41.90163253423854]
[43.996702852242194 'Spatial' 1.1367739567480293 0.024567729596260378
 0.8305084745762711 88 3 1 12 43.996702852242194]
[46.33516263138625 'Spatial' 1.1367739567480293 0.024567729596260378
 0.8983050847457626 88 3 1 13 46.33516263138625]
[48.99320640574482 'Spatial' 1.1367739567480293 0.024567729596260378
 0.9999999999999999 88 3 1 14 48.99320640574482]
[50.20058491468341 'Spatial' 1.1367739567480293 0.024567729596260378
 0.8983050847457626 88 3 1 15 50.20058491468341]
[52.27109483665053 'Spatial' 1.1367739567480293 0.024567729596260378
 0.8983050847457626 88 3 1 16 52.27109483665053]
[53.20898226386123 'Spatial' 1.1367739567480293 0.024567729596260378
 0.847457627118644 88 3 1 17 53.20898226386123]
[54.01260641982129 'Spatial' 1.1367739567480293 0.024567729596260378
 0.8305084745762711 88 3 1 18 54.01260641982129]
[54.79809033152394 'Spatial' 1.1367739567480293 0.024567729596260378
 0.7627118644067796 88 3 1 19 54.79809033152394]
[0.0 'Spatial' 1.1367739567480293 0.024567729596260378 0.0 88 3 2 0 0.0]
[3.851627516558202 'Spatial' 1.1367739567480293 0.024567729596260378
 0.1694915254237288 88 3 2 1 3.851627516558202]
[7.00021842379861 'Spatial' 1.1367739567480293 0.024567729596260378
 0.1694915254237288 88 3 2 2 7.00021842379861]
[10.779506600611747 'Spatial' 1.1367739567480293 0.024567729596260378
 0.1694915254237288 88 3 2 3 10.779506600611747]
[14.981490262257275 'Spatial' 1.1367739567480293 0.024567729596260378
 0.1694915254237288 88 3 2 4 14.981490262257275]
[18.43102755788345 'Spatial' 1.1367739567480293 0.024567729596260378
 0.9999999999999999 88 3 2 5 18.43102755788345]
[21.899410355929362 'Spatial' 1.1367739567480293 0.024567729596260378
 1.0677966101694913 88 3 2 6 21.899410355929362]
[24.571390581364398 'Spatial' 1.1367739567480293 0.024567729596260378
 1.1016949152542372 88 3 2 7 24.571390581364398]
[28.85509150718695 'Spatial' 1.1367739567480293 0.024567729596260378
 0.9999999999999999 88 3 2 8 28.85509150718695]
[33.19832035524082 'Spatial' 1.1367739567480293 0.024567729596260378
 0.9322033898305084 88 3 2 9 33.19832035524082]
[37.56237407114758 'Spatial' 1.1367739567480293 0.024567729596260378
 0.8983050847457626 88 3 2 10 37.56237407114758]
[41.90163253423854 'Spatial' 1.1367739567480293 0.024567729596260378
 0.8305084745762711 88 3 2 11 41.90163253423854]
[43.996702852242194 'Spatial' 1.1367739567480293 0.024567729596260378
 0.8305084745762711 88 3 2 12 43.996702852242194]
[46.33516263138625 'Spatial' 1.1367739567480293 0.024567729596260378
 0.8983050847457626 88 3 2 13 46.33516263138625]
[48.99320640574482 'Spatial' 1.1367739567480293 0.024567729596260378
 0.9999999999999999 88 3 2 14 48.99320640574482]
[50.20058491468341 'Spatial' 1.1367739567480293 0.024567729596260378
 0.8983050847457626 88 3 2 15 50.20058491468341]
[52.27109483665053 'Spatial' 1.1367739567480293 0.024567729596260378
 0.8983050847457626 88 3 2 16 52.27109483665053]
[53.20898226386123 'Spatial' 1.1367739567480293 0.024567729596260378
 0.847457627118644 88 3 2 17 53.20898226386123]
[54.01260641982129 'Spatial' 1.1367739567480293 0.024567729596260378
 0.8305084745762711 88 3 2 18 54.01260641982129]
[54.79809033152394 'Spatial' 1.1367739567480293 0.024567729596260378
 0.7627118644067796 88 3 2 19 54.79809033152394]
[0.0 'Spatial' 1.1367739567480293 0.024567729596260378 0.0 88 3 4 0 0.0]
[3.851627516558202 'Spatial' 1.1367739567480293 0.024567729596260378
 0.1694915254237288 88 3 4 1 3.851627516558202]
[7.00021842379861 'Spatial' 1.1367739567480293 0.024567729596260378
 0.1694915254237288 88 3 4 2 7.00021842379861]
[10.779506600611747 'Spatial' 1.1367739567480293 0.024567729596260378
 0.1694915254237288 88 3 4 3 10.779506600611747]
[14.981490262257275 'Spatial' 1.1367739567480293 0.024567729596260378
 0.1694915254237288 88 3 4 4 14.981490262257275]
[18.43102755788345 'Spatial' 1.1367739567480293 0.024567729596260378
 0.9999999999999999 88 3 4 5 18.43102755788345]
[21.899410355929362 'Spatial' 1.1367739567480293 0.024567729596260378
 1.0677966101694913 88 3 4 6 21.899410355929362]
[24.571390581364398 'Spatial' 1.1367739567480293 0.024567729596260378
 1.1016949152542372 88 3 4 7 24.571390581364398]
[28.85509150718695 'Spatial' 1.1367739567480293 0.024567729596260378
 0.9999999999999999 88 3 4 8 28.85509150718695]
[33.19832035524082 'Spatial' 1.1367739567480293 0.024567729596260378
 0.9322033898305084 88 3 4 9 33.19832035524082]
[37.56237407114758 'Spatial' 1.1367739567480293 0.024567729596260378
 0.8983050847457626 88 3 4 10 37.56237407114758]
[41.90163253423854 'Spatial' 1.1367739567480293 0.024567729596260378
 0.8305084745762711 88 3 4 11 41.90163253423854]
[43.996702852242194 'Spatial' 1.1367739567480293 0.024567729596260378
 0.8305084745762711 88 3 4 12 43.996702852242194]
[46.33516263138625 'Spatial' 1.1367739567480293 0.024567729596260378
 0.8983050847457626 88 3 4 13 46.33516263138625]
[48.99320640574482 'Spatial' 1.1367739567480293 0.024567729596260378
 0.9999999999999999 88 3 4 14 48.99320640574482]
[50.20058491468341 'Spatial' 1.1367739567480293 0.024567729596260378
 0.8983050847457626 88 3 4 15 50.20058491468341]
[52.27109483665053 'Spatial' 1.1367739567480293 0.024567729596260378
 0.8983050847457626 88 3 4 16 52.27109483665053]
[53.20898226386123 'Spatial' 1.1367739567480293 0.024567729596260378
 0.847457627118644 88 3 4 17 53.20898226386123]
[54.01260641982129 'Spatial' 1.1367739567480293 0.024567729596260378
 0.8305084745762711 88 3 4 18 54.01260641982129]
[54.79809033152394 'Spatial' 1.1367739567480293 0.024567729596260378
 0.7627118644067796 88 3 4 19 54.79809033152394]
[0.0 'Spatial' 1.1367739567480293 0.024567729596260378 0.0 88 3 5 0 0.0]
[3.851627516558202 'Spatial' 1.1367739567480293 0.024567729596260378
 0.1694915254237288 88 3 5 1 3.851627516558202]
[7.00021842379861 'Spatial' 1.1367739567480293 0.024567729596260378
 0.1694915254237288 88 3 5 2 7.00021842379861]
[10.779506600611747 'Spatial' 1.1367739567480293 0.024567729596260378
 0.1694915254237288 88 3 5 3 10.779506600611747]
[14.981490262257275 'Spatial' 1.1367739567480293 0.024567729596260378
 0.1694915254237288 88 3 5 4 14.981490262257275]
[18.43102755788345 'Spatial' 1.1367739567480293 0.024567729596260378
 0.9999999999999999 88 3 5 5 18.43102755788345]
[21.899410355929362 'Spatial' 1.1367739567480293 0.024567729596260378
 1.0677966101694913 88 3 5 6 21.899410355929362]
[24.571390581364398 'Spatial' 1.1367739567480293 0.024567729596260378
 1.1016949152542372 88 3 5 7 24.571390581364398]
[28.85509150718695 'Spatial' 1.1367739567480293 0.024567729596260378
 0.9999999999999999 88 3 5 8 28.85509150718695]
[33.19832035524082 'Spatial' 1.1367739567480293 0.024567729596260378
 0.9322033898305084 88 3 5 9 33.19832035524082]
[37.56237407114758 'Spatial' 1.1367739567480293 0.024567729596260378
 0.8983050847457626 88 3 5 10 37.56237407114758]
[41.90163253423854 'Spatial' 1.1367739567480293 0.024567729596260378
 0.8305084745762711 88 3 5 11 41.90163253423854]
[43.996702852242194 'Spatial' 1.1367739567480293 0.024567729596260378
 0.8305084745762711 88 3 5 12 43.996702852242194]
[46.33516263138625 'Spatial' 1.1367739567480293 0.024567729596260378
 0.8983050847457626 88 3 5 13 46.33516263138625]
[48.99320640574482 'Spatial' 1.1367739567480293 0.024567729596260378
 0.9999999999999999 88 3 5 14 48.99320640574482]
[50.20058491468341 'Spatial' 1.1367739567480293 0.024567729596260378
 0.8983050847457626 88 3 5 15 50.20058491468341]
[52.27109483665053 'Spatial' 1.1367739567480293 0.024567729596260378
 0.8983050847457626 88 3 5 16 52.27109483665053]
[53.20898226386123 'Spatial' 1.1367739567480293 0.024567729596260378
 0.847457627118644 88 3 5 17 53.20898226386123]
[54.01260641982129 'Spatial' 1.1367739567480293 0.024567729596260378
 0.8305084745762711 88 3 5 18 54.01260641982129]
[54.79809033152394 'Spatial' 1.1367739567480293 0.024567729596260378
 0.7627118644067796 88 3 5 19 54.79809033152394]
[0.0 'Spatial' 1.1367739567480293 0.024567729596260378 0.0 88 3 6 0 0.0]
[3.851627516558202 'Spatial' 1.1367739567480293 0.024567729596260378
 0.1694915254237288 88 3 6 1 3.851627516558202]
[7.00021842379861 'Spatial' 1.1367739567480293 0.024567729596260378
 0.1694915254237288 88 3 6 2 7.00021842379861]
[10.779506600611747 'Spatial' 1.1367739567480293 0.024567729596260378
 0.1694915254237288 88 3 6 3 10.779506600611747]
[14.981490262257275 'Spatial' 1.1367739567480293 0.024567729596260378
 0.1694915254237288 88 3 6 4 14.981490262257275]
[18.43102755788345 'Spatial' 1.1367739567480293 0.024567729596260378
 0.9999999999999999 88 3 6 5 18.43102755788345]
[21.899410355929362 'Spatial' 1.1367739567480293 0.024567729596260378
 1.0677966101694913 88 3 6 6 21.899410355929362]
[24.571390581364398 'Spatial' 1.1367739567480293 0.024567729596260378
 1.1016949152542372 88 3 6 7 24.571390581364398]
[28.85509150718695 'Spatial' 1.1367739567480293 0.024567729596260378
 0.9999999999999999 88 3 6 8 28.85509150718695]
[33.19832035524082 'Spatial' 1.1367739567480293 0.024567729596260378
 0.9322033898305084 88 3 6 9 33.19832035524082]
[37.56237407114758 'Spatial' 1.1367739567480293 0.024567729596260378
 0.8983050847457626 88 3 6 10 37.56237407114758]
[41.90163253423854 'Spatial' 1.1367739567480293 0.024567729596260378
 0.8305084745762711 88 3 6 11 41.90163253423854]
[43.996702852242194 'Spatial' 1.1367739567480293 0.024567729596260378
 0.8305084745762711 88 3 6 12 43.996702852242194]
[46.33516263138625 'Spatial' 1.1367739567480293 0.024567729596260378
 0.8983050847457626 88 3 6 13 46.33516263138625]
[48.99320640574482 'Spatial' 1.1367739567480293 0.024567729596260378
 0.9999999999999999 88 3 6 14 48.99320640574482]
[50.20058491468341 'Spatial' 1.1367739567480293 0.024567729596260378
 0.8983050847457626 88 3 6 15 50.20058491468341]
[52.27109483665053 'Spatial' 1.1367739567480293 0.024567729596260378
 0.8983050847457626 88 3 6 16 52.27109483665053]
[53.20898226386123 'Spatial' 1.1367739567480293 0.024567729596260378
 0.847457627118644 88 3 6 17 53.20898226386123]
[54.01260641982129 'Spatial' 1.1367739567480293 0.024567729596260378
 0.8305084745762711 88 3 6 18 54.01260641982129]
[54.79809033152394 'Spatial' 1.1367739567480293 0.024567729596260378
 0.7627118644067796 88 3 6 19 54.79809033152394]
[0.0 'Spatial' 1.1367739567480293 0.024567729596260378 0.0 88 3 7 0 0.0]
[3.851627516558202 'Spatial' 1.1367739567480293 0.024567729596260378
 0.1694915254237288 88 3 7 1 3.851627516558202]
[7.00021842379861 'Spatial' 1.1367739567480293 0.024567729596260378
 0.1694915254237288 88 3 7 2 7.00021842379861]
[10.779506600611747 'Spatial' 1.1367739567480293 0.024567729596260378
 0.1694915254237288 88 3 7 3 10.779506600611747]
[14.981490262257275 'Spatial' 1.1367739567480293 0.024567729596260378
 0.1694915254237288 88 3 7 4 14.981490262257275]
[18.43102755788345 'Spatial' 1.1367739567480293 0.024567729596260378
 0.9999999999999999 88 3 7 5 18.43102755788345]
[21.899410355929362 'Spatial' 1.1367739567480293 0.024567729596260378
 1.0677966101694913 88 3 7 6 21.899410355929362]
[24.571390581364398 'Spatial' 1.1367739567480293 0.024567729596260378
 1.1016949152542372 88 3 7 7 24.571390581364398]
[28.85509150718695 'Spatial' 1.1367739567480293 0.024567729596260378
 0.9999999999999999 88 3 7 8 28.85509150718695]
[33.19832035524082 'Spatial' 1.1367739567480293 0.024567729596260378
 0.9322033898305084 88 3 7 9 33.19832035524082]
[37.56237407114758 'Spatial' 1.1367739567480293 0.024567729596260378
 0.8983050847457626 88 3 7 10 37.56237407114758]
[41.90163253423854 'Spatial' 1.1367739567480293 0.024567729596260378
 0.8305084745762711 88 3 7 11 41.90163253423854]
[43.996702852242194 'Spatial' 1.1367739567480293 0.024567729596260378
 0.8305084745762711 88 3 7 12 43.996702852242194]
[46.33516263138625 'Spatial' 1.1367739567480293 0.024567729596260378
 0.8983050847457626 88 3 7 13 46.33516263138625]
[48.99320640574482 'Spatial' 1.1367739567480293 0.024567729596260378
 0.9999999999999999 88 3 7 14 48.99320640574482]
[50.20058491468341 'Spatial' 1.1367739567480293 0.024567729596260378
 0.8983050847457626 88 3 7 15 50.20058491468341]
[52.27109483665053 'Spatial' 1.1367739567480293 0.024567729596260378
 0.8983050847457626 88 3 7 16 52.27109483665053]
[53.20898226386123 'Spatial' 1.1367739567480293 0.024567729596260378
 0.847457627118644 88 3 7 17 53.20898226386123]
[54.01260641982129 'Spatial' 1.1367739567480293 0.024567729596260378
 0.8305084745762711 88 3 7 18 54.01260641982129]
[54.79809033152394 'Spatial' 1.1367739567480293 0.024567729596260378
 0.7627118644067796 88 3 7 19 54.79809033152394]
[0.0 'Spatial' 1.1367739567480293 0.024567729596260378 0.0 88 3 8 0 0.0]
[3.851627516558202 'Spatial' 1.1367739567480293 0.024567729596260378
 0.1694915254237288 88 3 8 1 3.851627516558202]
[7.00021842379861 'Spatial' 1.1367739567480293 0.024567729596260378
 0.1694915254237288 88 3 8 2 7.00021842379861]
[10.779506600611747 'Spatial' 1.1367739567480293 0.024567729596260378
 0.1694915254237288 88 3 8 3 10.779506600611747]
[14.981490262257275 'Spatial' 1.1367739567480293 0.024567729596260378
 0.1694915254237288 88 3 8 4 14.981490262257275]
[18.43102755788345 'Spatial' 1.1367739567480293 0.024567729596260378
 0.9999999999999999 88 3 8 5 18.43102755788345]
[21.899410355929362 'Spatial' 1.1367739567480293 0.024567729596260378
 1.0677966101694913 88 3 8 6 21.899410355929362]
[24.571390581364398 'Spatial' 1.1367739567480293 0.024567729596260378
 1.1016949152542372 88 3 8 7 24.571390581364398]
[28.85509150718695 'Spatial' 1.1367739567480293 0.024567729596260378
 0.9999999999999999 88 3 8 8 28.85509150718695]
[33.19832035524082 'Spatial' 1.1367739567480293 0.024567729596260378
 0.9322033898305084 88 3 8 9 33.19832035524082]
[37.56237407114758 'Spatial' 1.1367739567480293 0.024567729596260378
 0.8983050847457626 88 3 8 10 37.56237407114758]
[41.90163253423854 'Spatial' 1.1367739567480293 0.024567729596260378
 0.8305084745762711 88 3 8 11 41.90163253423854]
[43.996702852242194 'Spatial' 1.1367739567480293 0.024567729596260378
 0.8305084745762711 88 3 8 12 43.996702852242194]
[46.33516263138625 'Spatial' 1.1367739567480293 0.024567729596260378
 0.8983050847457626 88 3 8 13 46.33516263138625]
[48.99320640574482 'Spatial' 1.1367739567480293 0.024567729596260378
 0.9999999999999999 88 3 8 14 48.99320640574482]
[50.20058491468341 'Spatial' 1.1367739567480293 0.024567729596260378
 0.8983050847457626 88 3 8 15 50.20058491468341]
[52.27109483665053 'Spatial' 1.1367739567480293 0.024567729596260378
 0.8983050847457626 88 3 8 16 52.27109483665053]
[53.20898226386123 'Spatial' 1.1367739567480293 0.024567729596260378
 0.847457627118644 88 3 8 17 53.20898226386123]
[54.01260641982129 'Spatial' 1.1367739567480293 0.024567729596260378
 0.8305084745762711 88 3 8 18 54.01260641982129]
[54.79809033152394 'Spatial' 1.1367739567480293 0.024567729596260378
 0.7627118644067796 88 3 8 19 54.79809033152394]
