[0.0 'Conceptual' 1.335901659405046 0.00339052497210489 0.0 54 6 0 0 0.0]
[4.158882938318047 'Conceptual' 1.335901659405046 0.00339052497210489
 2.3728813559322033 54 6 0 1 4.158882938318047]
[8.317766166719343 'Conceptual' 1.335901659405046 0.00339052497210489
 1.8644067796610169 54 6 0 2 8.317766166719343]
[12.476649250079014 'Conceptual' 1.335901659405046 0.00339052497210489
 1.5254237288135593 54 6 0 3 12.476649250079014]
[16.635532333438686 'Conceptual' 1.335901659405046 0.00339052497210489
 1.5254237288135593 54 6 0 4 16.635532333438686]
[20.592491991478724 'Conceptual' 1.335901659405046 0.00339052497210489
 0.3220338983050847 54 6 0 5 20.592491991478724]
[24.203618872345817 'Conceptual' 1.335901659405046 0.00339052497210489
 0.8983050847457626 54 6 0 6 24.203618872345817]
[26.98202248650913 'Conceptual' 1.335901659405046 0.00339052497210489
 0.8983050847457626 54 6 0 7 26.98202248650913]
[31.22197334824303 'Conceptual' 1.335901659405046 0.00339052497210489
 0.847457627118644 54 6 0 8 31.22197334824303]
[33.30219492931354 'Conceptual' 1.335901659405046 0.00339052497210489
 0.8305084745762711 54 6 0 9 33.30219492931354]
[34.70212841778263 'Conceptual' 1.335901659405046 0.00339052497210489
 0.7627118644067796 54 6 0 10 34.70212841778263]
[35.50098327885376 'Conceptual' 1.335901659405046 0.00339052497210489
 0.7288135593220338 54 6 0 11 35.50098327885376]
[37.71876895366686 'Conceptual' 1.335901659405046 0.00339052497210489
 0.8983050847457626 54 6 0 12 37.71876895366686]
[39.17250244850505 'Conceptual' 1.335901659405046 0.00339052497210489
 0.9322033898305084 54 6 0 13 39.17250244850505]
[40.272359694431984 'Conceptual' 1.335901659405046 0.00339052497210489
 0.8983050847457626 54 6 0 14 40.272359694431984]
[40.861520639243786 'Conceptual' 1.335901659405046 0.00339052497210489
 0.847457627118644 54 6 0 15 40.861520639243786]
[41.33049733169112 'Conceptual' 1.335901659405046 0.00339052497210489
 0.8305084745762711 54 6 0 16 41.33049733169112]
[41.83171654981413 'Conceptual' 1.335901659405046 0.00339052497210489
 0.7627118644067796 54 6 0 17 41.83171654981413]
[42.46816004484377 'Conceptual' 1.335901659405046 0.00339052497210489
 0.7288135593220338 54 6 0 18 42.46816004484377]
[43.36639929519487 'Conceptual' 1.335901659405046 0.00339052497210489
 0.7288135593220338 54 6 0 19 43.36639929519487]
[0.0 'Conceptual' 1.335901659405046 0.00339052497210489 0.0 54 6 1 0 0.0]
[4.158882938318047 'Conceptual' 1.335901659405046 0.00339052497210489
 2.3728813559322033 54 6 1 1 4.158882938318047]
[8.317766166719343 'Conceptual' 1.335901659405046 0.00339052497210489
 1.8644067796610169 54 6 1 2 8.317766166719343]
[12.476649250079014 'Conceptual' 1.335901659405046 0.00339052497210489
 1.5254237288135593 54 6 1 3 12.476649250079014]
[16.635532333438686 'Conceptual' 1.335901659405046 0.00339052497210489
 1.5254237288135593 54 6 1 4 16.635532333438686]
[20.592491991478724 'Conceptual' 1.335901659405046 0.00339052497210489
 0.3220338983050847 54 6 1 5 20.592491991478724]
[24.203618872345817 'Conceptual' 1.335901659405046 0.00339052497210489
 0.8983050847457626 54 6 1 6 24.203618872345817]
[26.98202248650913 'Conceptual' 1.335901659405046 0.00339052497210489
 0.8983050847457626 54 6 1 7 26.98202248650913]
[31.22197334824303 'Conceptual' 1.335901659405046 0.00339052497210489
 0.847457627118644 54 6 1 8 31.22197334824303]
[33.30219492931354 'Conceptual' 1.335901659405046 0.00339052497210489
 0.8305084745762711 54 6 1 9 33.30219492931354]
[34.70212841778263 'Conceptual' 1.335901659405046 0.00339052497210489
 0.7627118644067796 54 6 1 10 34.70212841778263]
[35.50098327885376 'Conceptual' 1.335901659405046 0.00339052497210489
 0.7288135593220338 54 6 1 11 35.50098327885376]
[37.71876895366686 'Conceptual' 1.335901659405046 0.00339052497210489
 0.8983050847457626 54 6 1 12 37.71876895366686]
[39.17250244850505 'Conceptual' 1.335901659405046 0.00339052497210489
 0.9322033898305084 54 6 1 13 39.17250244850505]
[40.272359694431984 'Conceptual' 1.335901659405046 0.00339052497210489
 0.8983050847457626 54 6 1 14 40.272359694431984]
[40.861520639243786 'Conceptual' 1.335901659405046 0.00339052497210489
 0.847457627118644 54 6 1 15 40.861520639243786]
[41.33049733169112 'Conceptual' 1.335901659405046 0.00339052497210489
 0.8305084745762711 54 6 1 16 41.33049733169112]
[41.83171654981413 'Conceptual' 1.335901659405046 0.00339052497210489
 0.7627118644067796 54 6 1 17 41.83171654981413]
[42.46816004484377 'Conceptual' 1.335901659405046 0.00339052497210489
 0.7288135593220338 54 6 1 18 42.46816004484377]
[43.36639929519487 'Conceptual' 1.335901659405046 0.00339052497210489
 0.7288135593220338 54 6 1 19 43.36639929519487]
[0.0 'Conceptual' 1.335901659405046 0.00339052497210489 0.0 54 6 2 0 0.0]
[4.158882938318047 'Conceptual' 1.335901659405046 0.00339052497210489
 2.3728813559322033 54 6 2 1 4.158882938318047]
[8.317766166719343 'Conceptual' 1.335901659405046 0.00339052497210489
 1.8644067796610169 54 6 2 2 8.317766166719343]
[12.476649250079014 'Conceptual' 1.335901659405046 0.00339052497210489
 1.5254237288135593 54 6 2 3 12.476649250079014]
[16.635532333438686 'Conceptual' 1.335901659405046 0.00339052497210489
 1.5254237288135593 54 6 2 4 16.635532333438686]
[20.592491991478724 'Conceptual' 1.335901659405046 0.00339052497210489
 0.3220338983050847 54 6 2 5 20.592491991478724]
[24.203618872345817 'Conceptual' 1.335901659405046 0.00339052497210489
 0.8983050847457626 54 6 2 6 24.203618872345817]
[26.98202248650913 'Conceptual' 1.335901659405046 0.00339052497210489
 0.8983050847457626 54 6 2 7 26.98202248650913]
[31.22197334824303 'Conceptual' 1.335901659405046 0.00339052497210489
 0.847457627118644 54 6 2 8 31.22197334824303]
[33.30219492931354 'Conceptual' 1.335901659405046 0.00339052497210489
 0.8305084745762711 54 6 2 9 33.30219492931354]
[34.70212841778263 'Conceptual' 1.335901659405046 0.00339052497210489
 0.7627118644067796 54 6 2 10 34.70212841778263]
[35.50098327885376 'Conceptual' 1.335901659405046 0.00339052497210489
 0.7288135593220338 54 6 2 11 35.50098327885376]
[37.71876895366686 'Conceptual' 1.335901659405046 0.00339052497210489
 0.8983050847457626 54 6 2 12 37.71876895366686]
[39.17250244850505 'Conceptual' 1.335901659405046 0.00339052497210489
 0.9322033898305084 54 6 2 13 39.17250244850505]
[40.272359694431984 'Conceptual' 1.335901659405046 0.00339052497210489
 0.8983050847457626 54 6 2 14 40.272359694431984]
[40.861520639243786 'Conceptual' 1.335901659405046 0.00339052497210489
 0.847457627118644 54 6 2 15 40.861520639243786]
[41.33049733169112 'Conceptual' 1.335901659405046 0.00339052497210489
 0.8305084745762711 54 6 2 16 41.33049733169112]
[41.83171654981413 'Conceptual' 1.335901659405046 0.00339052497210489
 0.7627118644067796 54 6 2 17 41.83171654981413]
[42.46816004484377 'Conceptual' 1.335901659405046 0.00339052497210489
 0.7288135593220338 54 6 2 18 42.46816004484377]
[43.36639929519487 'Conceptual' 1.335901659405046 0.00339052497210489
 0.7288135593220338 54 6 2 19 43.36639929519487]
[0.0 'Conceptual' 1.335901659405046 0.00339052497210489 0.0 54 6 3 0 0.0]
[4.158882938318047 'Conceptual' 1.335901659405046 0.00339052497210489
 2.3728813559322033 54 6 3 1 4.158882938318047]
[8.317766166719343 'Conceptual' 1.335901659405046 0.00339052497210489
 1.8644067796610169 54 6 3 2 8.317766166719343]
[12.476649250079014 'Conceptual' 1.335901659405046 0.00339052497210489
 1.5254237288135593 54 6 3 3 12.476649250079014]
[16.635532333438686 'Conceptual' 1.335901659405046 0.00339052497210489
 1.5254237288135593 54 6 3 4 16.635532333438686]
[20.592491991478724 'Conceptual' 1.335901659405046 0.00339052497210489
 0.3220338983050847 54 6 3 5 20.592491991478724]
[24.203618872345817 'Conceptual' 1.335901659405046 0.00339052497210489
 0.8983050847457626 54 6 3 6 24.203618872345817]
[26.98202248650913 'Conceptual' 1.335901659405046 0.00339052497210489
 0.8983050847457626 54 6 3 7 26.98202248650913]
[31.22197334824303 'Conceptual' 1.335901659405046 0.00339052497210489
 0.847457627118644 54 6 3 8 31.22197334824303]
[33.30219492931354 'Conceptual' 1.335901659405046 0.00339052497210489
 0.8305084745762711 54 6 3 9 33.30219492931354]
[34.70212841778263 'Conceptual' 1.335901659405046 0.00339052497210489
 0.7627118644067796 54 6 3 10 34.70212841778263]
[35.50098327885376 'Conceptual' 1.335901659405046 0.00339052497210489
 0.7288135593220338 54 6 3 11 35.50098327885376]
[37.71876895366686 'Conceptual' 1.335901659405046 0.00339052497210489
 0.8983050847457626 54 6 3 12 37.71876895366686]
[39.17250244850505 'Conceptual' 1.335901659405046 0.00339052497210489
 0.9322033898305084 54 6 3 13 39.17250244850505]
[40.272359694431984 'Conceptual' 1.335901659405046 0.00339052497210489
 0.8983050847457626 54 6 3 14 40.272359694431984]
[40.861520639243786 'Conceptual' 1.335901659405046 0.00339052497210489
 0.847457627118644 54 6 3 15 40.861520639243786]
[41.33049733169112 'Conceptual' 1.335901659405046 0.00339052497210489
 0.8305084745762711 54 6 3 16 41.33049733169112]
[41.83171654981413 'Conceptual' 1.335901659405046 0.00339052497210489
 0.7627118644067796 54 6 3 17 41.83171654981413]
[42.46816004484377 'Conceptual' 1.335901659405046 0.00339052497210489
 0.7288135593220338 54 6 3 18 42.46816004484377]
[43.36639929519487 'Conceptual' 1.335901659405046 0.00339052497210489
 0.7288135593220338 54 6 3 19 43.36639929519487]
[0.0 'Conceptual' 1.335901659405046 0.00339052497210489 0.0 54 6 4 0 0.0]
[4.158882938318047 'Conceptual' 1.335901659405046 0.00339052497210489
 2.3728813559322033 54 6 4 1 4.158882938318047]
[8.317766166719343 'Conceptual' 1.335901659405046 0.00339052497210489
 1.8644067796610169 54 6 4 2 8.317766166719343]
[12.476649250079014 'Conceptual' 1.335901659405046 0.00339052497210489
 1.5254237288135593 54 6 4 3 12.476649250079014]
[16.635532333438686 'Conceptual' 1.335901659405046 0.00339052497210489
 1.5254237288135593 54 6 4 4 16.635532333438686]
[20.592491991478724 'Conceptual' 1.335901659405046 0.00339052497210489
 0.3220338983050847 54 6 4 5 20.592491991478724]
[24.203618872345817 'Conceptual' 1.335901659405046 0.00339052497210489
 0.8983050847457626 54 6 4 6 24.203618872345817]
[26.98202248650913 'Conceptual' 1.335901659405046 0.00339052497210489
 0.8983050847457626 54 6 4 7 26.98202248650913]
[31.22197334824303 'Conceptual' 1.335901659405046 0.00339052497210489
 0.847457627118644 54 6 4 8 31.22197334824303]
[33.30219492931354 'Conceptual' 1.335901659405046 0.00339052497210489
 0.8305084745762711 54 6 4 9 33.30219492931354]
[34.70212841778263 'Conceptual' 1.335901659405046 0.00339052497210489
 0.7627118644067796 54 6 4 10 34.70212841778263]
[35.50098327885376 'Conceptual' 1.335901659405046 0.00339052497210489
 0.7288135593220338 54 6 4 11 35.50098327885376]
[37.71876895366686 'Conceptual' 1.335901659405046 0.00339052497210489
 0.8983050847457626 54 6 4 12 37.71876895366686]
[39.17250244850505 'Conceptual' 1.335901659405046 0.00339052497210489
 0.9322033898305084 54 6 4 13 39.17250244850505]
[40.272359694431984 'Conceptual' 1.335901659405046 0.00339052497210489
 0.8983050847457626 54 6 4 14 40.272359694431984]
[40.861520639243786 'Conceptual' 1.335901659405046 0.00339052497210489
 0.847457627118644 54 6 4 15 40.861520639243786]
[41.33049733169112 'Conceptual' 1.335901659405046 0.00339052497210489
 0.8305084745762711 54 6 4 16 41.33049733169112]
[41.83171654981413 'Conceptual' 1.335901659405046 0.00339052497210489
 0.7627118644067796 54 6 4 17 41.83171654981413]
[42.46816004484377 'Conceptual' 1.335901659405046 0.00339052497210489
 0.7288135593220338 54 6 4 18 42.46816004484377]
[43.36639929519487 'Conceptual' 1.335901659405046 0.00339052497210489
 0.7288135593220338 54 6 4 19 43.36639929519487]
[0.0 'Conceptual' 1.335901659405046 0.00339052497210489 0.0 54 6 5 0 0.0]
[4.158882938318047 'Conceptual' 1.335901659405046 0.00339052497210489
 2.3728813559322033 54 6 5 1 4.158882938318047]
[8.317766166719343 'Conceptual' 1.335901659405046 0.00339052497210489
 1.8644067796610169 54 6 5 2 8.317766166719343]
[12.476649250079014 'Conceptual' 1.335901659405046 0.00339052497210489
 1.5254237288135593 54 6 5 3 12.476649250079014]
[16.635532333438686 'Conceptual' 1.335901659405046 0.00339052497210489
 1.5254237288135593 54 6 5 4 16.635532333438686]
[20.592491991478724 'Conceptual' 1.335901659405046 0.00339052497210489
 0.3220338983050847 54 6 5 5 20.592491991478724]
[24.203618872345817 'Conceptual' 1.335901659405046 0.00339052497210489
 0.8983050847457626 54 6 5 6 24.203618872345817]
[26.98202248650913 'Conceptual' 1.335901659405046 0.00339052497210489
 0.8983050847457626 54 6 5 7 26.98202248650913]
[31.22197334824303 'Conceptual' 1.335901659405046 0.00339052497210489
 0.847457627118644 54 6 5 8 31.22197334824303]
[33.30219492931354 'Conceptual' 1.335901659405046 0.00339052497210489
 0.8305084745762711 54 6 5 9 33.30219492931354]
[34.70212841778263 'Conceptual' 1.335901659405046 0.00339052497210489
 0.7627118644067796 54 6 5 10 34.70212841778263]
[35.50098327885376 'Conceptual' 1.335901659405046 0.00339052497210489
 0.7288135593220338 54 6 5 11 35.50098327885376]
[37.71876895366686 'Conceptual' 1.335901659405046 0.00339052497210489
 0.8983050847457626 54 6 5 12 37.71876895366686]
[39.17250244850505 'Conceptual' 1.335901659405046 0.00339052497210489
 0.9322033898305084 54 6 5 13 39.17250244850505]
[40.272359694431984 'Conceptual' 1.335901659405046 0.00339052497210489
 0.8983050847457626 54 6 5 14 40.272359694431984]
[40.861520639243786 'Conceptual' 1.335901659405046 0.00339052497210489
 0.847457627118644 54 6 5 15 40.861520639243786]
[41.33049733169112 'Conceptual' 1.335901659405046 0.00339052497210489
 0.8305084745762711 54 6 5 16 41.33049733169112]
[41.83171654981413 'Conceptual' 1.335901659405046 0.00339052497210489
 0.7627118644067796 54 6 5 17 41.83171654981413]
[42.46816004484377 'Conceptual' 1.335901659405046 0.00339052497210489
 0.7288135593220338 54 6 5 18 42.46816004484377]
[43.36639929519487 'Conceptual' 1.335901659405046 0.00339052497210489
 0.7288135593220338 54 6 5 19 43.36639929519487]
[0.0 'Conceptual' 1.335901659405046 0.00339052497210489 0.0 54 6 7 0 0.0]
[4.158882938318047 'Conceptual' 1.335901659405046 0.00339052497210489
 2.3728813559322033 54 6 7 1 4.158882938318047]
[8.317766166719343 'Conceptual' 1.335901659405046 0.00339052497210489
 1.8644067796610169 54 6 7 2 8.317766166719343]
[12.476649250079014 'Conceptual' 1.335901659405046 0.00339052497210489
 1.5254237288135593 54 6 7 3 12.476649250079014]
[16.635532333438686 'Conceptual' 1.335901659405046 0.00339052497210489
 1.5254237288135593 54 6 7 4 16.635532333438686]
[20.592491991478724 'Conceptual' 1.335901659405046 0.00339052497210489
 0.3220338983050847 54 6 7 5 20.592491991478724]
[24.203618872345817 'Conceptual' 1.335901659405046 0.00339052497210489
 0.8983050847457626 54 6 7 6 24.203618872345817]
[26.98202248650913 'Conceptual' 1.335901659405046 0.00339052497210489
 0.8983050847457626 54 6 7 7 26.98202248650913]
[31.22197334824303 'Conceptual' 1.335901659405046 0.00339052497210489
 0.847457627118644 54 6 7 8 31.22197334824303]
[33.30219492931354 'Conceptual' 1.335901659405046 0.00339052497210489
 0.8305084745762711 54 6 7 9 33.30219492931354]
[34.70212841778263 'Conceptual' 1.335901659405046 0.00339052497210489
 0.7627118644067796 54 6 7 10 34.70212841778263]
[35.50098327885376 'Conceptual' 1.335901659405046 0.00339052497210489
 0.7288135593220338 54 6 7 11 35.50098327885376]
[37.71876895366686 'Conceptual' 1.335901659405046 0.00339052497210489
 0.8983050847457626 54 6 7 12 37.71876895366686]
[39.17250244850505 'Conceptual' 1.335901659405046 0.00339052497210489
 0.9322033898305084 54 6 7 13 39.17250244850505]
[40.272359694431984 'Conceptual' 1.335901659405046 0.00339052497210489
 0.8983050847457626 54 6 7 14 40.272359694431984]
[40.861520639243786 'Conceptual' 1.335901659405046 0.00339052497210489
 0.847457627118644 54 6 7 15 40.861520639243786]
[41.33049733169112 'Conceptual' 1.335901659405046 0.00339052497210489
 0.8305084745762711 54 6 7 16 41.33049733169112]
[41.83171654981413 'Conceptual' 1.335901659405046 0.00339052497210489
 0.7627118644067796 54 6 7 17 41.83171654981413]
[42.46816004484377 'Conceptual' 1.335901659405046 0.00339052497210489
 0.7288135593220338 54 6 7 18 42.46816004484377]
[43.36639929519487 'Conceptual' 1.335901659405046 0.00339052497210489
 0.7288135593220338 54 6 7 19 43.36639929519487]
[0.0 'Conceptual' 1.335901659405046 0.00339052497210489 0.0 54 6 8 0 0.0]
[4.158882938318047 'Conceptual' 1.335901659405046 0.00339052497210489
 2.3728813559322033 54 6 8 1 4.158882938318047]
[8.317766166719343 'Conceptual' 1.335901659405046 0.00339052497210489
 1.8644067796610169 54 6 8 2 8.317766166719343]
[12.476649250079014 'Conceptual' 1.335901659405046 0.00339052497210489
 1.5254237288135593 54 6 8 3 12.476649250079014]
[16.635532333438686 'Conceptual' 1.335901659405046 0.00339052497210489
 1.5254237288135593 54 6 8 4 16.635532333438686]
[20.592491991478724 'Conceptual' 1.335901659405046 0.00339052497210489
 0.3220338983050847 54 6 8 5 20.592491991478724]
[24.203618872345817 'Conceptual' 1.335901659405046 0.00339052497210489
 0.8983050847457626 54 6 8 6 24.203618872345817]
[26.98202248650913 'Conceptual' 1.335901659405046 0.00339052497210489
 0.8983050847457626 54 6 8 7 26.98202248650913]
[31.22197334824303 'Conceptual' 1.335901659405046 0.00339052497210489
 0.847457627118644 54 6 8 8 31.22197334824303]
[33.30219492931354 'Conceptual' 1.335901659405046 0.00339052497210489
 0.8305084745762711 54 6 8 9 33.30219492931354]
[34.70212841778263 'Conceptual' 1.335901659405046 0.00339052497210489
 0.7627118644067796 54 6 8 10 34.70212841778263]
[35.50098327885376 'Conceptual' 1.335901659405046 0.00339052497210489
 0.7288135593220338 54 6 8 11 35.50098327885376]
[37.71876895366686 'Conceptual' 1.335901659405046 0.00339052497210489
 0.8983050847457626 54 6 8 12 37.71876895366686]
[39.17250244850505 'Conceptual' 1.335901659405046 0.00339052497210489
 0.9322033898305084 54 6 8 13 39.17250244850505]
[40.272359694431984 'Conceptual' 1.335901659405046 0.00339052497210489
 0.8983050847457626 54 6 8 14 40.272359694431984]
[40.861520639243786 'Conceptual' 1.335901659405046 0.00339052497210489
 0.847457627118644 54 6 8 15 40.861520639243786]
[41.33049733169112 'Conceptual' 1.335901659405046 0.00339052497210489
 0.8305084745762711 54 6 8 16 41.33049733169112]
[41.83171654981413 'Conceptual' 1.335901659405046 0.00339052497210489
 0.7627118644067796 54 6 8 17 41.83171654981413]
[42.46816004484377 'Conceptual' 1.335901659405046 0.00339052497210489
 0.7288135593220338 54 6 8 18 42.46816004484377]
[43.36639929519487 'Conceptual' 1.335901659405046 0.00339052497210489
 0.7288135593220338 54 6 8 19 43.36639929519487]
