[0.0 'Spatial' 1.4403994551137371 0.0016078294835209612 0.0 92 4 0 0 0.0]
[3.8328324408849817 'Spatial' 1.4403994551137371 0.0016078294835209612
 0.1694915254237288 92 4 0 1 3.8328324408849817]
[7.711185685075142 'Spatial' 1.4403994551137371 0.0016078294835209612
 0.1694915254237288 92 4 0 2 7.711185685075142]
[11.822345769335326 'Spatial' 1.4403994551137371 0.0016078294835209612
 3.0508474576271185 92 4 0 3 11.822345769335326]
[15.859958030092578 'Spatial' 1.4403994551137371 0.0016078294835209612
 0.1694915254237288 92 4 0 4 15.859958030092578]
[20.034842549557567 'Spatial' 1.4403994551137371 0.0016078294835209612
 0.1694915254237288 92 4 0 5 20.034842549557567]
[23.25040456308049 'Spatial' 1.4403994551137371 0.0016078294835209612
 0.1694915254237288 92 4 0 6 23.25040456308049]
[26.572601672354395 'Spatial' 1.4403994551137371 0.0016078294835209612
 1.2372881355932202 92 4 0 7 26.572601672354395]
[29.2499527983083 'Spatial' 1.4403994551137371 0.0016078294835209612
 1.5084745762711864 92 4 0 8 29.2499527983083]
[32.09678815420201 'Spatial' 1.4403994551137371 0.0016078294835209612
 1.5084745762711864 92 4 0 9 32.09678815420201]
[35.12559376862552 'Spatial' 1.4403994551137371 0.0016078294835209612
 1.5254237288135593 92 4 0 10 35.12559376862552]
[37.0532872312482 'Spatial' 1.4403994551137371 0.0016078294835209612
 1.406779661016949 92 4 0 11 37.0532872312482]
[38.658135380286794 'Spatial' 1.4403994551137371 0.0016078294835209612
 1.2372881355932202 92 4 0 12 38.658135380286794]
[40.22465292335897 'Spatial' 1.4403994551137371 0.0016078294835209612
 1.1864406779661016 92 4 0 13 40.22465292335897]
[41.60825598920863 'Spatial' 1.4403994551137371 0.0016078294835209612
 1.0677966101694913 92 4 0 14 41.60825598920863]
[42.86997889344959 'Spatial' 1.4403994551137371 0.0016078294835209612
 0.9999999999999999 92 4 0 15 42.86997889344959]
[45.53504357315422 'Spatial' 1.4403994551137371 0.0016078294835209612
 0.9322033898305084 92 4 0 16 45.53504357315422]
[46.856107652169754 'Spatial' 1.4403994551137371 0.0016078294835209612
 0.847457627118644 92 4 0 17 46.856107652169754]
[48.16955455412605 'Spatial' 1.4403994551137371 0.0016078294835209612
 0.7627118644067796 92 4 0 18 48.16955455412605]
[49.476476336256226 'Spatial' 1.4403994551137371 0.0016078294835209612
 0.7288135593220338 92 4 0 19 49.476476336256226]
[0.0 'Spatial' 1.4403994551137371 0.0016078294835209612 0.0 92 4 1 0 0.0]
[3.8328324408849817 'Spatial' 1.4403994551137371 0.0016078294835209612
 0.1694915254237288 92 4 1 1 3.8328324408849817]
[7.711185685075142 'Spatial' 1.4403994551137371 0.0016078294835209612
 0.1694915254237288 92 4 1 2 7.711185685075142]
[11.822345769335326 'Spatial' 1.4403994551137371 0.0016078294835209612
 3.0508474576271185 92 4 1 3 11.822345769335326]
[15.859958030092578 'Spatial' 1.4403994551137371 0.0016078294835209612
 0.1694915254237288 92 4 1 4 15.859958030092578]
[20.034842549557567 'Spatial' 1.4403994551137371 0.0016078294835209612
 0.1694915254237288 92 4 1 5 20.034842549557567]
[23.25040456308049 'Spatial' 1.4403994551137371 0.0016078294835209612
 0.1694915254237288 92 4 1 6 23.25040456308049]
[26.572601672354395 'Spatial' 1.4403994551137371 0.0016078294835209612
 1.2372881355932202 92 4 1 7 26.572601672354395]
[29.2499527983083 'Spatial' 1.4403994551137371 0.0016078294835209612
 1.5084745762711864 92 4 1 8 29.2499527983083]
[32.09678815420201 'Spatial' 1.4403994551137371 0.0016078294835209612
 1.5084745762711864 92 4 1 9 32.09678815420201]
[35.12559376862552 'Spatial' 1.4403994551137371 0.0016078294835209612
 1.5254237288135593 92 4 1 10 35.12559376862552]
[37.0532872312482 'Spatial' 1.4403994551137371 0.0016078294835209612
 1.406779661016949 92 4 1 11 37.0532872312482]
[38.658135380286794 'Spatial' 1.4403994551137371 0.0016078294835209612
 1.2372881355932202 92 4 1 12 38.658135380286794]
[40.22465292335897 'Spatial' 1.4403994551137371 0.0016078294835209612
 1.1864406779661016 92 4 1 13 40.22465292335897]
[41.60825598920863 'Spatial' 1.4403994551137371 0.0016078294835209612
 1.0677966101694913 92 4 1 14 41.60825598920863]
[42.86997889344959 'Spatial' 1.4403994551137371 0.0016078294835209612
 0.9999999999999999 92 4 1 15 42.86997889344959]
[45.53504357315422 'Spatial' 1.4403994551137371 0.0016078294835209612
 0.9322033898305084 92 4 1 16 45.53504357315422]
[46.856107652169754 'Spatial' 1.4403994551137371 0.0016078294835209612
 0.847457627118644 92 4 1 17 46.856107652169754]
[48.16955455412605 'Spatial' 1.4403994551137371 0.0016078294835209612
 0.7627118644067796 92 4 1 18 48.16955455412605]
[49.476476336256226 'Spatial' 1.4403994551137371 0.0016078294835209612
 0.7288135593220338 92 4 1 19 49.476476336256226]
[0.0 'Spatial' 1.4403994551137371 0.0016078294835209612 0.0 92 4 2 0 0.0]
[3.8328324408849817 'Spatial' 1.4403994551137371 0.0016078294835209612
 0.1694915254237288 92 4 2 1 3.8328324408849817]
[7.711185685075142 'Spatial' 1.4403994551137371 0.0016078294835209612
 0.1694915254237288 92 4 2 2 7.711185685075142]
[11.822345769335326 'Spatial' 1.4403994551137371 0.0016078294835209612
 3.0508474576271185 92 4 2 3 11.822345769335326]
[15.859958030092578 'Spatial' 1.4403994551137371 0.0016078294835209612
 0.1694915254237288 92 4 2 4 15.859958030092578]
[20.034842549557567 'Spatial' 1.4403994551137371 0.0016078294835209612
 0.1694915254237288 92 4 2 5 20.034842549557567]
[23.25040456308049 'Spatial' 1.4403994551137371 0.0016078294835209612
 0.1694915254237288 92 4 2 6 23.25040456308049]
[26.572601672354395 'Spatial' 1.4403994551137371 0.0016078294835209612
 1.2372881355932202 92 4 2 7 26.572601672354395]
[29.2499527983083 'Spatial' 1.4403994551137371 0.0016078294835209612
 1.5084745762711864 92 4 2 8 29.2499527983083]
[32.09678815420201 'Spatial' 1.4403994551137371 0.0016078294835209612
 1.5084745762711864 92 4 2 9 32.09678815420201]
[35.12559376862552 'Spatial' 1.4403994551137371 0.0016078294835209612
 1.5254237288135593 92 4 2 10 35.12559376862552]
[37.0532872312482 'Spatial' 1.4403994551137371 0.0016078294835209612
 1.406779661016949 92 4 2 11 37.0532872312482]
[38.658135380286794 'Spatial' 1.4403994551137371 0.0016078294835209612
 1.2372881355932202 92 4 2 12 38.658135380286794]
[40.22465292335897 'Spatial' 1.4403994551137371 0.0016078294835209612
 1.1864406779661016 92 4 2 13 40.22465292335897]
[41.60825598920863 'Spatial' 1.4403994551137371 0.0016078294835209612
 1.0677966101694913 92 4 2 14 41.60825598920863]
[42.86997889344959 'Spatial' 1.4403994551137371 0.0016078294835209612
 0.9999999999999999 92 4 2 15 42.86997889344959]
[45.53504357315422 'Spatial' 1.4403994551137371 0.0016078294835209612
 0.9322033898305084 92 4 2 16 45.53504357315422]
[46.856107652169754 'Spatial' 1.4403994551137371 0.0016078294835209612
 0.847457627118644 92 4 2 17 46.856107652169754]
[48.16955455412605 'Spatial' 1.4403994551137371 0.0016078294835209612
 0.7627118644067796 92 4 2 18 48.16955455412605]
[49.476476336256226 'Spatial' 1.4403994551137371 0.0016078294835209612
 0.7288135593220338 92 4 2 19 49.476476336256226]
[0.0 'Spatial' 1.4403994551137371 0.0016078294835209612 0.0 92 4 3 0 0.0]
[3.8328324408849817 'Spatial' 1.4403994551137371 0.0016078294835209612
 0.1694915254237288 92 4 3 1 3.8328324408849817]
[7.711185685075142 'Spatial' 1.4403994551137371 0.0016078294835209612
 0.1694915254237288 92 4 3 2 7.711185685075142]
[11.822345769335326 'Spatial' 1.4403994551137371 0.0016078294835209612
 3.0508474576271185 92 4 3 3 11.822345769335326]
[15.859958030092578 'Spatial' 1.4403994551137371 0.0016078294835209612
 0.1694915254237288 92 4 3 4 15.859958030092578]
[20.034842549557567 'Spatial' 1.4403994551137371 0.0016078294835209612
 0.1694915254237288 92 4 3 5 20.034842549557567]
[23.25040456308049 'Spatial' 1.4403994551137371 0.0016078294835209612
 0.1694915254237288 92 4 3 6 23.25040456308049]
[26.572601672354395 'Spatial' 1.4403994551137371 0.0016078294835209612
 1.2372881355932202 92 4 3 7 26.572601672354395]
[29.2499527983083 'Spatial' 1.4403994551137371 0.0016078294835209612
 1.5084745762711864 92 4 3 8 29.2499527983083]
[32.09678815420201 'Spatial' 1.4403994551137371 0.0016078294835209612
 1.5084745762711864 92 4 3 9 32.09678815420201]
[35.12559376862552 'Spatial' 1.4403994551137371 0.0016078294835209612
 1.5254237288135593 92 4 3 10 35.12559376862552]
[37.0532872312482 'Spatial' 1.4403994551137371 0.0016078294835209612
 1.406779661016949 92 4 3 11 37.0532872312482]
[38.658135380286794 'Spatial' 1.4403994551137371 0.0016078294835209612
 1.2372881355932202 92 4 3 12 38.658135380286794]
[40.22465292335897 'Spatial' 1.4403994551137371 0.0016078294835209612
 1.1864406779661016 92 4 3 13 40.22465292335897]
[41.60825598920863 'Spatial' 1.4403994551137371 0.0016078294835209612
 1.0677966101694913 92 4 3 14 41.60825598920863]
[42.86997889344959 'Spatial' 1.4403994551137371 0.0016078294835209612
 0.9999999999999999 92 4 3 15 42.86997889344959]
[45.53504357315422 'Spatial' 1.4403994551137371 0.0016078294835209612
 0.9322033898305084 92 4 3 16 45.53504357315422]
[46.856107652169754 'Spatial' 1.4403994551137371 0.0016078294835209612
 0.847457627118644 92 4 3 17 46.856107652169754]
[48.16955455412605 'Spatial' 1.4403994551137371 0.0016078294835209612
 0.7627118644067796 92 4 3 18 48.16955455412605]
[49.476476336256226 'Spatial' 1.4403994551137371 0.0016078294835209612
 0.7288135593220338 92 4 3 19 49.476476336256226]
[0.0 'Spatial' 1.4403994551137371 0.0016078294835209612 0.0 92 4 5 0 0.0]
[3.8328324408849817 'Spatial' 1.4403994551137371 0.0016078294835209612
 0.1694915254237288 92 4 5 1 3.8328324408849817]
[7.711185685075142 'Spatial' 1.4403994551137371 0.0016078294835209612
 0.1694915254237288 92 4 5 2 7.711185685075142]
[11.822345769335326 'Spatial' 1.4403994551137371 0.0016078294835209612
 3.0508474576271185 92 4 5 3 11.822345769335326]
[15.859958030092578 'Spatial' 1.4403994551137371 0.0016078294835209612
 0.1694915254237288 92 4 5 4 15.859958030092578]
[20.034842549557567 'Spatial' 1.4403994551137371 0.0016078294835209612
 0.1694915254237288 92 4 5 5 20.034842549557567]
[23.25040456308049 'Spatial' 1.4403994551137371 0.0016078294835209612
 0.1694915254237288 92 4 5 6 23.25040456308049]
[26.572601672354395 'Spatial' 1.4403994551137371 0.0016078294835209612
 1.2372881355932202 92 4 5 7 26.572601672354395]
[29.2499527983083 'Spatial' 1.4403994551137371 0.0016078294835209612
 1.5084745762711864 92 4 5 8 29.2499527983083]
[32.09678815420201 'Spatial' 1.4403994551137371 0.0016078294835209612
 1.5084745762711864 92 4 5 9 32.09678815420201]
[35.12559376862552 'Spatial' 1.4403994551137371 0.0016078294835209612
 1.5254237288135593 92 4 5 10 35.12559376862552]
[37.0532872312482 'Spatial' 1.4403994551137371 0.0016078294835209612
 1.406779661016949 92 4 5 11 37.0532872312482]
[38.658135380286794 'Spatial' 1.4403994551137371 0.0016078294835209612
 1.2372881355932202 92 4 5 12 38.658135380286794]
[40.22465292335897 'Spatial' 1.4403994551137371 0.0016078294835209612
 1.1864406779661016 92 4 5 13 40.22465292335897]
[41.60825598920863 'Spatial' 1.4403994551137371 0.0016078294835209612
 1.0677966101694913 92 4 5 14 41.60825598920863]
[42.86997889344959 'Spatial' 1.4403994551137371 0.0016078294835209612
 0.9999999999999999 92 4 5 15 42.86997889344959]
[45.53504357315422 'Spatial' 1.4403994551137371 0.0016078294835209612
 0.9322033898305084 92 4 5 16 45.53504357315422]
[46.856107652169754 'Spatial' 1.4403994551137371 0.0016078294835209612
 0.847457627118644 92 4 5 17 46.856107652169754]
[48.16955455412605 'Spatial' 1.4403994551137371 0.0016078294835209612
 0.7627118644067796 92 4 5 18 48.16955455412605]
[49.476476336256226 'Spatial' 1.4403994551137371 0.0016078294835209612
 0.7288135593220338 92 4 5 19 49.476476336256226]
[0.0 'Spatial' 1.4403994551137371 0.0016078294835209612 0.0 92 4 6 0 0.0]
[3.8328324408849817 'Spatial' 1.4403994551137371 0.0016078294835209612
 0.1694915254237288 92 4 6 1 3.8328324408849817]
[7.711185685075142 'Spatial' 1.4403994551137371 0.0016078294835209612
 0.1694915254237288 92 4 6 2 7.711185685075142]
[11.822345769335326 'Spatial' 1.4403994551137371 0.0016078294835209612
 3.0508474576271185 92 4 6 3 11.822345769335326]
[15.859958030092578 'Spatial' 1.4403994551137371 0.0016078294835209612
 0.1694915254237288 92 4 6 4 15.859958030092578]
[20.034842549557567 'Spatial' 1.4403994551137371 0.0016078294835209612
 0.1694915254237288 92 4 6 5 20.034842549557567]
[23.25040456308049 'Spatial' 1.4403994551137371 0.0016078294835209612
 0.1694915254237288 92 4 6 6 23.25040456308049]
[26.572601672354395 'Spatial' 1.4403994551137371 0.0016078294835209612
 1.2372881355932202 92 4 6 7 26.572601672354395]
[29.2499527983083 'Spatial' 1.4403994551137371 0.0016078294835209612
 1.5084745762711864 92 4 6 8 29.2499527983083]
[32.09678815420201 'Spatial' 1.4403994551137371 0.0016078294835209612
 1.5084745762711864 92 4 6 9 32.09678815420201]
[35.12559376862552 'Spatial' 1.4403994551137371 0.0016078294835209612
 1.5254237288135593 92 4 6 10 35.12559376862552]
[37.0532872312482 'Spatial' 1.4403994551137371 0.0016078294835209612
 1.406779661016949 92 4 6 11 37.0532872312482]
[38.658135380286794 'Spatial' 1.4403994551137371 0.0016078294835209612
 1.2372881355932202 92 4 6 12 38.658135380286794]
[40.22465292335897 'Spatial' 1.4403994551137371 0.0016078294835209612
 1.1864406779661016 92 4 6 13 40.22465292335897]
[41.60825598920863 'Spatial' 1.4403994551137371 0.0016078294835209612
 1.0677966101694913 92 4 6 14 41.60825598920863]
[42.86997889344959 'Spatial' 1.4403994551137371 0.0016078294835209612
 0.9999999999999999 92 4 6 15 42.86997889344959]
[45.53504357315422 'Spatial' 1.4403994551137371 0.0016078294835209612
 0.9322033898305084 92 4 6 16 45.53504357315422]
[46.856107652169754 'Spatial' 1.4403994551137371 0.0016078294835209612
 0.847457627118644 92 4 6 17 46.856107652169754]
[48.16955455412605 'Spatial' 1.4403994551137371 0.0016078294835209612
 0.7627118644067796 92 4 6 18 48.16955455412605]
[49.476476336256226 'Spatial' 1.4403994551137371 0.0016078294835209612
 0.7288135593220338 92 4 6 19 49.476476336256226]
[0.0 'Spatial' 1.4403994551137371 0.0016078294835209612 0.0 92 4 7 0 0.0]
[3.8328324408849817 'Spatial' 1.4403994551137371 0.0016078294835209612
 0.1694915254237288 92 4 7 1 3.8328324408849817]
[7.711185685075142 'Spatial' 1.4403994551137371 0.0016078294835209612
 0.1694915254237288 92 4 7 2 7.711185685075142]
[11.822345769335326 'Spatial' 1.4403994551137371 0.0016078294835209612
 3.0508474576271185 92 4 7 3 11.822345769335326]
[15.859958030092578 'Spatial' 1.4403994551137371 0.0016078294835209612
 0.1694915254237288 92 4 7 4 15.859958030092578]
[20.034842549557567 'Spatial' 1.4403994551137371 0.0016078294835209612
 0.1694915254237288 92 4 7 5 20.034842549557567]
[23.25040456308049 'Spatial' 1.4403994551137371 0.0016078294835209612
 0.1694915254237288 92 4 7 6 23.25040456308049]
[26.572601672354395 'Spatial' 1.4403994551137371 0.0016078294835209612
 1.2372881355932202 92 4 7 7 26.572601672354395]
[29.2499527983083 'Spatial' 1.4403994551137371 0.0016078294835209612
 1.5084745762711864 92 4 7 8 29.2499527983083]
[32.09678815420201 'Spatial' 1.4403994551137371 0.0016078294835209612
 1.5084745762711864 92 4 7 9 32.09678815420201]
[35.12559376862552 'Spatial' 1.4403994551137371 0.0016078294835209612
 1.5254237288135593 92 4 7 10 35.12559376862552]
[37.0532872312482 'Spatial' 1.4403994551137371 0.0016078294835209612
 1.406779661016949 92 4 7 11 37.0532872312482]
[38.658135380286794 'Spatial' 1.4403994551137371 0.0016078294835209612
 1.2372881355932202 92 4 7 12 38.658135380286794]
[40.22465292335897 'Spatial' 1.4403994551137371 0.0016078294835209612
 1.1864406779661016 92 4 7 13 40.22465292335897]
[41.60825598920863 'Spatial' 1.4403994551137371 0.0016078294835209612
 1.0677966101694913 92 4 7 14 41.60825598920863]
[42.86997889344959 'Spatial' 1.4403994551137371 0.0016078294835209612
 0.9999999999999999 92 4 7 15 42.86997889344959]
[45.53504357315422 'Spatial' 1.4403994551137371 0.0016078294835209612
 0.9322033898305084 92 4 7 16 45.53504357315422]
[46.856107652169754 'Spatial' 1.4403994551137371 0.0016078294835209612
 0.847457627118644 92 4 7 17 46.856107652169754]
[48.16955455412605 'Spatial' 1.4403994551137371 0.0016078294835209612
 0.7627118644067796 92 4 7 18 48.16955455412605]
[49.476476336256226 'Spatial' 1.4403994551137371 0.0016078294835209612
 0.7288135593220338 92 4 7 19 49.476476336256226]
[0.0 'Spatial' 1.4403994551137371 0.0016078294835209612 0.0 92 4 8 0 0.0]
[3.8328324408849817 'Spatial' 1.4403994551137371 0.0016078294835209612
 0.1694915254237288 92 4 8 1 3.8328324408849817]
[7.711185685075142 'Spatial' 1.4403994551137371 0.0016078294835209612
 0.1694915254237288 92 4 8 2 7.711185685075142]
[11.822345769335326 'Spatial' 1.4403994551137371 0.0016078294835209612
 3.0508474576271185 92 4 8 3 11.822345769335326]
[15.859958030092578 'Spatial' 1.4403994551137371 0.0016078294835209612
 0.1694915254237288 92 4 8 4 15.859958030092578]
[20.034842549557567 'Spatial' 1.4403994551137371 0.0016078294835209612
 0.1694915254237288 92 4 8 5 20.034842549557567]
[23.25040456308049 'Spatial' 1.4403994551137371 0.0016078294835209612
 0.1694915254237288 92 4 8 6 23.25040456308049]
[26.572601672354395 'Spatial' 1.4403994551137371 0.0016078294835209612
 1.2372881355932202 92 4 8 7 26.572601672354395]
[29.2499527983083 'Spatial' 1.4403994551137371 0.0016078294835209612
 1.5084745762711864 92 4 8 8 29.2499527983083]
[32.09678815420201 'Spatial' 1.4403994551137371 0.0016078294835209612
 1.5084745762711864 92 4 8 9 32.09678815420201]
[35.12559376862552 'Spatial' 1.4403994551137371 0.0016078294835209612
 1.5254237288135593 92 4 8 10 35.12559376862552]
[37.0532872312482 'Spatial' 1.4403994551137371 0.0016078294835209612
 1.406779661016949 92 4 8 11 37.0532872312482]
[38.658135380286794 'Spatial' 1.4403994551137371 0.0016078294835209612
 1.2372881355932202 92 4 8 12 38.658135380286794]
[40.22465292335897 'Spatial' 1.4403994551137371 0.0016078294835209612
 1.1864406779661016 92 4 8 13 40.22465292335897]
[41.60825598920863 'Spatial' 1.4403994551137371 0.0016078294835209612
 1.0677966101694913 92 4 8 14 41.60825598920863]
[42.86997889344959 'Spatial' 1.4403994551137371 0.0016078294835209612
 0.9999999999999999 92 4 8 15 42.86997889344959]
[45.53504357315422 'Spatial' 1.4403994551137371 0.0016078294835209612
 0.9322033898305084 92 4 8 16 45.53504357315422]
[46.856107652169754 'Spatial' 1.4403994551137371 0.0016078294835209612
 0.847457627118644 92 4 8 17 46.856107652169754]
[48.16955455412605 'Spatial' 1.4403994551137371 0.0016078294835209612
 0.7627118644067796 92 4 8 18 48.16955455412605]
[49.476476336256226 'Spatial' 1.4403994551137371 0.0016078294835209612
 0.7288135593220338 92 4 8 19 49.476476336256226]
