[0.0 'Spatial' 1.2417506007534556 0.00984779456868751 0.0 70 0 1 0 0.0]
[3.9844954167079787 'Spatial' 1.2417506007534556 0.00984779456868751
 0.1694915254237288 70 0 1 1 3.9844954167079787]
[7.843668822892422 'Spatial' 1.2417506007534556 0.00984779456868751
 0.1694915254237288 70 0 1 2 7.843668822892422]
[11.05390518633847 'Spatial' 1.2417506007534556 0.00984779456868751
 0.1694915254237288 70 0 1 3 11.05390518633847]
[14.61821232863042 'Spatial' 1.2417506007534556 0.00984779456868751
 1.5254237288135593 70 0 1 4 14.61821232863042]
[17.361767153196126 'Spatial' 1.2417506007534556 0.00984779456868751
 1.6101694915254237 70 0 1 5 17.361767153196126]
[20.3073638267942 'Spatial' 1.2417506007534556 0.00984779456868751
 1.847457627118644 70 0 1 6 20.3073638267942]
[22.237375373159466 'Spatial' 1.2417506007534556 0.00984779456868751
 1.7457627118644066 70 0 1 7 22.237375373159466]
[23.736706572631988 'Spatial' 1.2417506007534556 0.00984779456868751
 1.6779661016949152 70 0 1 8 23.736706572631988]
[24.825866177194314 'Spatial' 1.2417506007534556 0.00984779456868751
 1.5762711864406778 70 0 1 9 24.825866177194314]
[25.540415537445156 'Spatial' 1.2417506007534556 0.00984779456868751
 1.4406779661016949 70 0 1 10 25.540415537445156]
[25.900722430453524 'Spatial' 1.2417506007534556 0.00984779456868751
 1.3559322033898304 70 0 1 11 25.900722430453524]
[25.9437674767117 'Spatial' 1.2417506007534556 0.00984779456868751
 1.271186440677966 70 0 1 12 25.9437674767117]
[25.71142944231554 'Spatial' 1.2417506007534556 0.00984779456868751
 1.1864406779661016 70 0 1 13 25.71142944231554]
[25.25207472930294 'Spatial' 1.2417506007534556 0.00984779456868751
 1.1694915254237288 70 0 1 14 25.25207472930294]
[24.608166966480717 'Spatial' 1.2417506007534556 0.00984779456868751
 1.0677966101694913 70 0 1 15 24.608166966480717]
[23.87683018286765 'Spatial' 1.2417506007534556 0.00984779456868751
 1.0169491525423728 70 0 1 16 23.87683018286765]
[23.13142506698749 'Spatial' 1.2417506007534556 0.00984779456868751
 0.9999999999999999 70 0 1 17 23.13142506698749]
[22.451463005223673 'Spatial' 1.2417506007534556 0.00984779456868751
 0.9322033898305084 70 0 1 18 22.451463005223673]
[21.86196405149074 'Spatial' 1.2417506007534556 0.00984779456868751
 0.9322033898305084 70 0 1 19 21.86196405149074]
[0.0 'Spatial' 1.2417506007534556 0.00984779456868751 0.0 70 0 2 0 0.0]
[3.9844954167079787 'Spatial' 1.2417506007534556 0.00984779456868751
 0.1694915254237288 70 0 2 1 3.9844954167079787]
[7.843668822892422 'Spatial' 1.2417506007534556 0.00984779456868751
 0.1694915254237288 70 0 2 2 7.843668822892422]
[11.05390518633847 'Spatial' 1.2417506007534556 0.00984779456868751
 0.1694915254237288 70 0 2 3 11.05390518633847]
[14.61821232863042 'Spatial' 1.2417506007534556 0.00984779456868751
 1.5254237288135593 70 0 2 4 14.61821232863042]
[17.361767153196126 'Spatial' 1.2417506007534556 0.00984779456868751
 1.6101694915254237 70 0 2 5 17.361767153196126]
[20.3073638267942 'Spatial' 1.2417506007534556 0.00984779456868751
 1.847457627118644 70 0 2 6 20.3073638267942]
[22.237375373159466 'Spatial' 1.2417506007534556 0.00984779456868751
 1.7457627118644066 70 0 2 7 22.237375373159466]
[23.736706572631988 'Spatial' 1.2417506007534556 0.00984779456868751
 1.6779661016949152 70 0 2 8 23.736706572631988]
[24.825866177194314 'Spatial' 1.2417506007534556 0.00984779456868751
 1.5762711864406778 70 0 2 9 24.825866177194314]
[25.540415537445156 'Spatial' 1.2417506007534556 0.00984779456868751
 1.4406779661016949 70 0 2 10 25.540415537445156]
[25.900722430453524 'Spatial' 1.2417506007534556 0.00984779456868751
 1.3559322033898304 70 0 2 11 25.900722430453524]
[25.9437674767117 'Spatial' 1.2417506007534556 0.00984779456868751
 1.271186440677966 70 0 2 12 25.9437674767117]
[25.71142944231554 'Spatial' 1.2417506007534556 0.00984779456868751
 1.1864406779661016 70 0 2 13 25.71142944231554]
[25.25207472930294 'Spatial' 1.2417506007534556 0.00984779456868751
 1.1694915254237288 70 0 2 14 25.25207472930294]
[24.608166966480717 'Spatial' 1.2417506007534556 0.00984779456868751
 1.0677966101694913 70 0 2 15 24.608166966480717]
[23.87683018286765 'Spatial' 1.2417506007534556 0.00984779456868751
 1.0169491525423728 70 0 2 16 23.87683018286765]
[23.13142506698749 'Spatial' 1.2417506007534556 0.00984779456868751
 0.9999999999999999 70 0 2 17 23.13142506698749]
[22.451463005223673 'Spatial' 1.2417506007534556 0.00984779456868751
 0.9322033898305084 70 0 2 18 22.451463005223673]
[21.86196405149074 'Spatial' 1.2417506007534556 0.00984779456868751
 0.9322033898305084 70 0 2 19 21.86196405149074]
[0.0 'Spatial' 1.2417506007534556 0.00984779456868751 0.0 70 0 3 0 0.0]
[3.9844954167079787 'Spatial' 1.2417506007534556 0.00984779456868751
 0.1694915254237288 70 0 3 1 3.9844954167079787]
[7.843668822892422 'Spatial' 1.2417506007534556 0.00984779456868751
 0.1694915254237288 70 0 3 2 7.843668822892422]
[11.05390518633847 'Spatial' 1.2417506007534556 0.00984779456868751
 0.1694915254237288 70 0 3 3 11.05390518633847]
[14.61821232863042 'Spatial' 1.2417506007534556 0.00984779456868751
 1.5254237288135593 70 0 3 4 14.61821232863042]
[17.361767153196126 'Spatial' 1.2417506007534556 0.00984779456868751
 1.6101694915254237 70 0 3 5 17.361767153196126]
[20.3073638267942 'Spatial' 1.2417506007534556 0.00984779456868751
 1.847457627118644 70 0 3 6 20.3073638267942]
[22.237375373159466 'Spatial' 1.2417506007534556 0.00984779456868751
 1.7457627118644066 70 0 3 7 22.237375373159466]
[23.736706572631988 'Spatial' 1.2417506007534556 0.00984779456868751
 1.6779661016949152 70 0 3 8 23.736706572631988]
[24.825866177194314 'Spatial' 1.2417506007534556 0.00984779456868751
 1.5762711864406778 70 0 3 9 24.825866177194314]
[25.540415537445156 'Spatial' 1.2417506007534556 0.00984779456868751
 1.4406779661016949 70 0 3 10 25.540415537445156]
[25.900722430453524 'Spatial' 1.2417506007534556 0.00984779456868751
 1.3559322033898304 70 0 3 11 25.900722430453524]
[25.9437674767117 'Spatial' 1.2417506007534556 0.00984779456868751
 1.271186440677966 70 0 3 12 25.9437674767117]
[25.71142944231554 'Spatial' 1.2417506007534556 0.00984779456868751
 1.1864406779661016 70 0 3 13 25.71142944231554]
[25.25207472930294 'Spatial' 1.2417506007534556 0.00984779456868751
 1.1694915254237288 70 0 3 14 25.25207472930294]
[24.608166966480717 'Spatial' 1.2417506007534556 0.00984779456868751
 1.0677966101694913 70 0 3 15 24.608166966480717]
[23.87683018286765 'Spatial' 1.2417506007534556 0.00984779456868751
 1.0169491525423728 70 0 3 16 23.87683018286765]
[23.13142506698749 'Spatial' 1.2417506007534556 0.00984779456868751
 0.9999999999999999 70 0 3 17 23.13142506698749]
[22.451463005223673 'Spatial' 1.2417506007534556 0.00984779456868751
 0.9322033898305084 70 0 3 18 22.451463005223673]
[21.86196405149074 'Spatial' 1.2417506007534556 0.00984779456868751
 0.9322033898305084 70 0 3 19 21.86196405149074]
[0.0 'Spatial' 1.2417506007534556 0.00984779456868751 0.0 70 0 4 0 0.0]
[3.9844954167079787 'Spatial' 1.2417506007534556 0.00984779456868751
 0.1694915254237288 70 0 4 1 3.9844954167079787]
[7.843668822892422 'Spatial' 1.2417506007534556 0.00984779456868751
 0.1694915254237288 70 0 4 2 7.843668822892422]
[11.05390518633847 'Spatial' 1.2417506007534556 0.00984779456868751
 0.1694915254237288 70 0 4 3 11.05390518633847]
[14.61821232863042 'Spatial' 1.2417506007534556 0.00984779456868751
 1.5254237288135593 70 0 4 4 14.61821232863042]
[17.361767153196126 'Spatial' 1.2417506007534556 0.00984779456868751
 1.6101694915254237 70 0 4 5 17.361767153196126]
[20.3073638267942 'Spatial' 1.2417506007534556 0.00984779456868751
 1.847457627118644 70 0 4 6 20.3073638267942]
[22.237375373159466 'Spatial' 1.2417506007534556 0.00984779456868751
 1.7457627118644066 70 0 4 7 22.237375373159466]
[23.736706572631988 'Spatial' 1.2417506007534556 0.00984779456868751
 1.6779661016949152 70 0 4 8 23.736706572631988]
[24.825866177194314 'Spatial' 1.2417506007534556 0.00984779456868751
 1.5762711864406778 70 0 4 9 24.825866177194314]
[25.540415537445156 'Spatial' 1.2417506007534556 0.00984779456868751
 1.4406779661016949 70 0 4 10 25.540415537445156]
[25.900722430453524 'Spatial' 1.2417506007534556 0.00984779456868751
 1.3559322033898304 70 0 4 11 25.900722430453524]
[25.9437674767117 'Spatial' 1.2417506007534556 0.00984779456868751
 1.271186440677966 70 0 4 12 25.9437674767117]
[25.71142944231554 'Spatial' 1.2417506007534556 0.00984779456868751
 1.1864406779661016 70 0 4 13 25.71142944231554]
[25.25207472930294 'Spatial' 1.2417506007534556 0.00984779456868751
 1.1694915254237288 70 0 4 14 25.25207472930294]
[24.608166966480717 'Spatial' 1.2417506007534556 0.00984779456868751
 1.0677966101694913 70 0 4 15 24.608166966480717]
[23.87683018286765 'Spatial' 1.2417506007534556 0.00984779456868751
 1.0169491525423728 70 0 4 16 23.87683018286765]
[23.13142506698749 'Spatial' 1.2417506007534556 0.00984779456868751
 0.9999999999999999 70 0 4 17 23.13142506698749]
[22.451463005223673 'Spatial' 1.2417506007534556 0.00984779456868751
 0.9322033898305084 70 0 4 18 22.451463005223673]
[21.86196405149074 'Spatial' 1.2417506007534556 0.00984779456868751
 0.9322033898305084 70 0 4 19 21.86196405149074]
[0.0 'Spatial' 1.2417506007534556 0.00984779456868751 0.0 70 0 5 0 0.0]
[3.9844954167079787 'Spatial' 1.2417506007534556 0.00984779456868751
 0.1694915254237288 70 0 5 1 3.9844954167079787]
[7.843668822892422 'Spatial' 1.2417506007534556 0.00984779456868751
 0.1694915254237288 70 0 5 2 7.843668822892422]
[11.05390518633847 'Spatial' 1.2417506007534556 0.00984779456868751
 0.1694915254237288 70 0 5 3 11.05390518633847]
[14.61821232863042 'Spatial' 1.2417506007534556 0.00984779456868751
 1.5254237288135593 70 0 5 4 14.61821232863042]
[17.361767153196126 'Spatial' 1.2417506007534556 0.00984779456868751
 1.6101694915254237 70 0 5 5 17.361767153196126]
[20.3073638267942 'Spatial' 1.2417506007534556 0.00984779456868751
 1.847457627118644 70 0 5 6 20.3073638267942]
[22.237375373159466 'Spatial' 1.2417506007534556 0.00984779456868751
 1.7457627118644066 70 0 5 7 22.237375373159466]
[23.736706572631988 'Spatial' 1.2417506007534556 0.00984779456868751
 1.6779661016949152 70 0 5 8 23.736706572631988]
[24.825866177194314 'Spatial' 1.2417506007534556 0.00984779456868751
 1.5762711864406778 70 0 5 9 24.825866177194314]
[25.540415537445156 'Spatial' 1.2417506007534556 0.00984779456868751
 1.4406779661016949 70 0 5 10 25.540415537445156]
[25.900722430453524 'Spatial' 1.2417506007534556 0.00984779456868751
 1.3559322033898304 70 0 5 11 25.900722430453524]
[25.9437674767117 'Spatial' 1.2417506007534556 0.00984779456868751
 1.271186440677966 70 0 5 12 25.9437674767117]
[25.71142944231554 'Spatial' 1.2417506007534556 0.00984779456868751
 1.1864406779661016 70 0 5 13 25.71142944231554]
[25.25207472930294 'Spatial' 1.2417506007534556 0.00984779456868751
 1.1694915254237288 70 0 5 14 25.25207472930294]
[24.608166966480717 'Spatial' 1.2417506007534556 0.00984779456868751
 1.0677966101694913 70 0 5 15 24.608166966480717]
[23.87683018286765 'Spatial' 1.2417506007534556 0.00984779456868751
 1.0169491525423728 70 0 5 16 23.87683018286765]
[23.13142506698749 'Spatial' 1.2417506007534556 0.00984779456868751
 0.9999999999999999 70 0 5 17 23.13142506698749]
[22.451463005223673 'Spatial' 1.2417506007534556 0.00984779456868751
 0.9322033898305084 70 0 5 18 22.451463005223673]
[21.86196405149074 'Spatial' 1.2417506007534556 0.00984779456868751
 0.9322033898305084 70 0 5 19 21.86196405149074]
[0.0 'Spatial' 1.2417506007534556 0.00984779456868751 0.0 70 0 6 0 0.0]
[3.9844954167079787 'Spatial' 1.2417506007534556 0.00984779456868751
 0.1694915254237288 70 0 6 1 3.9844954167079787]
[7.843668822892422 'Spatial' 1.2417506007534556 0.00984779456868751
 0.1694915254237288 70 0 6 2 7.843668822892422]
[11.05390518633847 'Spatial' 1.2417506007534556 0.00984779456868751
 0.1694915254237288 70 0 6 3 11.05390518633847]
[14.61821232863042 'Spatial' 1.2417506007534556 0.00984779456868751
 1.5254237288135593 70 0 6 4 14.61821232863042]
[17.361767153196126 'Spatial' 1.2417506007534556 0.00984779456868751
 1.6101694915254237 70 0 6 5 17.361767153196126]
[20.3073638267942 'Spatial' 1.2417506007534556 0.00984779456868751
 1.847457627118644 70 0 6 6 20.3073638267942]
[22.237375373159466 'Spatial' 1.2417506007534556 0.00984779456868751
 1.7457627118644066 70 0 6 7 22.237375373159466]
[23.736706572631988 'Spatial' 1.2417506007534556 0.00984779456868751
 1.6779661016949152 70 0 6 8 23.736706572631988]
[24.825866177194314 'Spatial' 1.2417506007534556 0.00984779456868751
 1.5762711864406778 70 0 6 9 24.825866177194314]
[25.540415537445156 'Spatial' 1.2417506007534556 0.00984779456868751
 1.4406779661016949 70 0 6 10 25.540415537445156]
[25.900722430453524 'Spatial' 1.2417506007534556 0.00984779456868751
 1.3559322033898304 70 0 6 11 25.900722430453524]
[25.9437674767117 'Spatial' 1.2417506007534556 0.00984779456868751
 1.271186440677966 70 0 6 12 25.9437674767117]
[25.71142944231554 'Spatial' 1.2417506007534556 0.00984779456868751
 1.1864406779661016 70 0 6 13 25.71142944231554]
[25.25207472930294 'Spatial' 1.2417506007534556 0.00984779456868751
 1.1694915254237288 70 0 6 14 25.25207472930294]
[24.608166966480717 'Spatial' 1.2417506007534556 0.00984779456868751
 1.0677966101694913 70 0 6 15 24.608166966480717]
[23.87683018286765 'Spatial' 1.2417506007534556 0.00984779456868751
 1.0169491525423728 70 0 6 16 23.87683018286765]
[23.13142506698749 'Spatial' 1.2417506007534556 0.00984779456868751
 0.9999999999999999 70 0 6 17 23.13142506698749]
[22.451463005223673 'Spatial' 1.2417506007534556 0.00984779456868751
 0.9322033898305084 70 0 6 18 22.451463005223673]
[21.86196405149074 'Spatial' 1.2417506007534556 0.00984779456868751
 0.9322033898305084 70 0 6 19 21.86196405149074]
[0.0 'Spatial' 1.2417506007534556 0.00984779456868751 0.0 70 0 7 0 0.0]
[3.9844954167079787 'Spatial' 1.2417506007534556 0.00984779456868751
 0.1694915254237288 70 0 7 1 3.9844954167079787]
[7.843668822892422 'Spatial' 1.2417506007534556 0.00984779456868751
 0.1694915254237288 70 0 7 2 7.843668822892422]
[11.05390518633847 'Spatial' 1.2417506007534556 0.00984779456868751
 0.1694915254237288 70 0 7 3 11.05390518633847]
[14.61821232863042 'Spatial' 1.2417506007534556 0.00984779456868751
 1.5254237288135593 70 0 7 4 14.61821232863042]
[17.361767153196126 'Spatial' 1.2417506007534556 0.00984779456868751
 1.6101694915254237 70 0 7 5 17.361767153196126]
[20.3073638267942 'Spatial' 1.2417506007534556 0.00984779456868751
 1.847457627118644 70 0 7 6 20.3073638267942]
[22.237375373159466 'Spatial' 1.2417506007534556 0.00984779456868751
 1.7457627118644066 70 0 7 7 22.237375373159466]
[23.736706572631988 'Spatial' 1.2417506007534556 0.00984779456868751
 1.6779661016949152 70 0 7 8 23.736706572631988]
[24.825866177194314 'Spatial' 1.2417506007534556 0.00984779456868751
 1.5762711864406778 70 0 7 9 24.825866177194314]
[25.540415537445156 'Spatial' 1.2417506007534556 0.00984779456868751
 1.4406779661016949 70 0 7 10 25.540415537445156]
[25.900722430453524 'Spatial' 1.2417506007534556 0.00984779456868751
 1.3559322033898304 70 0 7 11 25.900722430453524]
[25.9437674767117 'Spatial' 1.2417506007534556 0.00984779456868751
 1.271186440677966 70 0 7 12 25.9437674767117]
[25.71142944231554 'Spatial' 1.2417506007534556 0.00984779456868751
 1.1864406779661016 70 0 7 13 25.71142944231554]
[25.25207472930294 'Spatial' 1.2417506007534556 0.00984779456868751
 1.1694915254237288 70 0 7 14 25.25207472930294]
[24.608166966480717 'Spatial' 1.2417506007534556 0.00984779456868751
 1.0677966101694913 70 0 7 15 24.608166966480717]
[23.87683018286765 'Spatial' 1.2417506007534556 0.00984779456868751
 1.0169491525423728 70 0 7 16 23.87683018286765]
[23.13142506698749 'Spatial' 1.2417506007534556 0.00984779456868751
 0.9999999999999999 70 0 7 17 23.13142506698749]
[22.451463005223673 'Spatial' 1.2417506007534556 0.00984779456868751
 0.9322033898305084 70 0 7 18 22.451463005223673]
[21.86196405149074 'Spatial' 1.2417506007534556 0.00984779456868751
 0.9322033898305084 70 0 7 19 21.86196405149074]
[0.0 'Spatial' 1.2417506007534556 0.00984779456868751 0.0 70 0 8 0 0.0]
[3.9844954167079787 'Spatial' 1.2417506007534556 0.00984779456868751
 0.1694915254237288 70 0 8 1 3.9844954167079787]
[7.843668822892422 'Spatial' 1.2417506007534556 0.00984779456868751
 0.1694915254237288 70 0 8 2 7.843668822892422]
[11.05390518633847 'Spatial' 1.2417506007534556 0.00984779456868751
 0.1694915254237288 70 0 8 3 11.05390518633847]
[14.61821232863042 'Spatial' 1.2417506007534556 0.00984779456868751
 1.5254237288135593 70 0 8 4 14.61821232863042]
[17.361767153196126 'Spatial' 1.2417506007534556 0.00984779456868751
 1.6101694915254237 70 0 8 5 17.361767153196126]
[20.3073638267942 'Spatial' 1.2417506007534556 0.00984779456868751
 1.847457627118644 70 0 8 6 20.3073638267942]
[22.237375373159466 'Spatial' 1.2417506007534556 0.00984779456868751
 1.7457627118644066 70 0 8 7 22.237375373159466]
[23.736706572631988 'Spatial' 1.2417506007534556 0.00984779456868751
 1.6779661016949152 70 0 8 8 23.736706572631988]
[24.825866177194314 'Spatial' 1.2417506007534556 0.00984779456868751
 1.5762711864406778 70 0 8 9 24.825866177194314]
[25.540415537445156 'Spatial' 1.2417506007534556 0.00984779456868751
 1.4406779661016949 70 0 8 10 25.540415537445156]
[25.900722430453524 'Spatial' 1.2417506007534556 0.00984779456868751
 1.3559322033898304 70 0 8 11 25.900722430453524]
[25.9437674767117 'Spatial' 1.2417506007534556 0.00984779456868751
 1.271186440677966 70 0 8 12 25.9437674767117]
[25.71142944231554 'Spatial' 1.2417506007534556 0.00984779456868751
 1.1864406779661016 70 0 8 13 25.71142944231554]
[25.25207472930294 'Spatial' 1.2417506007534556 0.00984779456868751
 1.1694915254237288 70 0 8 14 25.25207472930294]
[24.608166966480717 'Spatial' 1.2417506007534556 0.00984779456868751
 1.0677966101694913 70 0 8 15 24.608166966480717]
[23.87683018286765 'Spatial' 1.2417506007534556 0.00984779456868751
 1.0169491525423728 70 0 8 16 23.87683018286765]
[23.13142506698749 'Spatial' 1.2417506007534556 0.00984779456868751
 0.9999999999999999 70 0 8 17 23.13142506698749]
[22.451463005223673 'Spatial' 1.2417506007534556 0.00984779456868751
 0.9322033898305084 70 0 8 18 22.451463005223673]
[21.86196405149074 'Spatial' 1.2417506007534556 0.00984779456868751
 0.9322033898305084 70 0 8 19 21.86196405149074]
