[0.0 'Spatial' 1.3734495961092144 3.996048341452016e-05 0.0 81 1 0 0 0.0]
[4.151743532447416 'Spatial' 1.3734495961092144 3.996048341452016e-05
 0.1694915254237288 81 1 0 1 4.151743532447416]
[8.279120389637736 'Spatial' 1.3734495961092144 3.996048341452016e-05
 1.5254237288135593 81 1 0 2 8.279120389637736]
[12.262486806440544 'Spatial' 1.3734495961092144 3.996048341452016e-05
 0.1694915254237288 81 1 0 3 12.262486806440544]
[16.17447415175239 'Spatial' 1.3734495961092144 3.996048341452016e-05
 1.6779661016949152 81 1 0 4 16.17447415175239]
[19.592736839387157 'Spatial' 1.3734495961092144 3.996048341452016e-05
 1.5084745762711864 81 1 0 5 19.592736839387157]
[22.794511984932715 'Spatial' 1.3734495961092144 3.996048341452016e-05
 1.7457627118644066 81 1 0 6 22.794511984932715]
[25.347630210037067 'Spatial' 1.3734495961092144 3.996048341452016e-05
 1.6101694915254237 81 1 0 7 25.347630210037067]
[27.600526457968684 'Spatial' 1.3734495961092144 3.996048341452016e-05
 1.5762711864406778 81 1 0 8 27.600526457968684]
[30.09951965514343 'Spatial' 1.3734495961092144 3.996048341452016e-05
 1.5762711864406778 81 1 0 9 30.09951965514343]
[31.991171220840886 'Spatial' 1.3734495961092144 3.996048341452016e-05
 1.5762711864406778 81 1 0 10 31.991171220840886]
[33.550962731558755 'Spatial' 1.3734495961092144 3.996048341452016e-05
 1.5762711864406778 81 1 0 11 33.550962731558755]
[34.919850887014356 'Spatial' 1.3734495961092144 3.996048341452016e-05
 1.5084745762711864 81 1 0 12 34.919850887014356]
[36.11978861969209 'Spatial' 1.3734495961092144 3.996048341452016e-05
 1.4406779661016949 81 1 0 13 36.11978861969209]
[37.21006221450739 'Spatial' 1.3734495961092144 3.996048341452016e-05
 1.3559322033898304 81 1 0 14 37.21006221450739]
[42.763375672835274 'Spatial' 1.3734495961092144 3.996048341452016e-05
 1.271186440677966 81 1 0 15 42.763375672835274]
[43.995017865327284 'Spatial' 1.3734495961092144 3.996048341452016e-05
 1.1864406779661016 81 1 0 16 43.995017865327284]
[45.246859811786706 'Spatial' 1.3734495961092144 3.996048341452016e-05
 1.1016949152542372 81 1 0 17 45.246859811786706]
[46.63278479293084 'Spatial' 1.3734495961092144 3.996048341452016e-05
 1.0677966101694913 81 1 0 18 46.63278479293084]
[48.23298599702791 'Spatial' 1.3734495961092144 3.996048341452016e-05
 1.1016949152542372 81 1 0 19 48.23298599702791]
[0.0 'Spatial' 1.3734495961092144 3.996048341452016e-05 0.0 81 1 2 0 0.0]
[4.151743532447416 'Spatial' 1.3734495961092144 3.996048341452016e-05
 0.1694915254237288 81 1 2 1 4.151743532447416]
[8.279120389637736 'Spatial' 1.3734495961092144 3.996048341452016e-05
 1.5254237288135593 81 1 2 2 8.279120389637736]
[12.262486806440544 'Spatial' 1.3734495961092144 3.996048341452016e-05
 0.1694915254237288 81 1 2 3 12.262486806440544]
[16.17447415175239 'Spatial' 1.3734495961092144 3.996048341452016e-05
 1.6779661016949152 81 1 2 4 16.17447415175239]
[19.592736839387157 'Spatial' 1.3734495961092144 3.996048341452016e-05
 1.5084745762711864 81 1 2 5 19.592736839387157]
[22.794511984932715 'Spatial' 1.3734495961092144 3.996048341452016e-05
 1.7457627118644066 81 1 2 6 22.794511984932715]
[25.347630210037067 'Spatial' 1.3734495961092144 3.996048341452016e-05
 1.6101694915254237 81 1 2 7 25.347630210037067]
[27.600526457968684 'Spatial' 1.3734495961092144 3.996048341452016e-05
 1.5762711864406778 81 1 2 8 27.600526457968684]
[30.09951965514343 'Spatial' 1.3734495961092144 3.996048341452016e-05
 1.5762711864406778 81 1 2 9 30.09951965514343]
[31.991171220840886 'Spatial' 1.3734495961092144 3.996048341452016e-05
 1.5762711864406778 81 1 2 10 31.991171220840886]
[33.550962731558755 'Spatial' 1.3734495961092144 3.996048341452016e-05
 1.5762711864406778 81 1 2 11 33.550962731558755]
[34.919850887014356 'Spatial' 1.3734495961092144 3.996048341452016e-05
 1.5084745762711864 81 1 2 12 34.919850887014356]
[36.11978861969209 'Spatial' 1.3734495961092144 3.996048341452016e-05
 1.4406779661016949 81 1 2 13 36.11978861969209]
[37.21006221450739 'Spatial' 1.3734495961092144 3.996048341452016e-05
 1.3559322033898304 81 1 2 14 37.21006221450739]
[42.763375672835274 'Spatial' 1.3734495961092144 3.996048341452016e-05
 1.271186440677966 81 1 2 15 42.763375672835274]
[43.995017865327284 'Spatial' 1.3734495961092144 3.996048341452016e-05
 1.1864406779661016 81 1 2 16 43.995017865327284]
[45.246859811786706 'Spatial' 1.3734495961092144 3.996048341452016e-05
 1.1016949152542372 81 1 2 17 45.246859811786706]
[46.63278479293084 'Spatial' 1.3734495961092144 3.996048341452016e-05
 1.0677966101694913 81 1 2 18 46.63278479293084]
[48.23298599702791 'Spatial' 1.3734495961092144 3.996048341452016e-05
 1.1016949152542372 81 1 2 19 48.23298599702791]
[0.0 'Spatial' 1.3734495961092144 3.996048341452016e-05 0.0 81 1 3 0 0.0]
[4.151743532447416 'Spatial' 1.3734495961092144 3.996048341452016e-05
 0.1694915254237288 81 1 3 1 4.151743532447416]
[8.279120389637736 'Spatial' 1.3734495961092144 3.996048341452016e-05
 1.5254237288135593 81 1 3 2 8.279120389637736]
[12.262486806440544 'Spatial' 1.3734495961092144 3.996048341452016e-05
 0.1694915254237288 81 1 3 3 12.262486806440544]
[16.17447415175239 'Spatial' 1.3734495961092144 3.996048341452016e-05
 1.6779661016949152 81 1 3 4 16.17447415175239]
[19.592736839387157 'Spatial' 1.3734495961092144 3.996048341452016e-05
 1.5084745762711864 81 1 3 5 19.592736839387157]
[22.794511984932715 'Spatial' 1.3734495961092144 3.996048341452016e-05
 1.7457627118644066 81 1 3 6 22.794511984932715]
[25.347630210037067 'Spatial' 1.3734495961092144 3.996048341452016e-05
 1.6101694915254237 81 1 3 7 25.347630210037067]
[27.600526457968684 'Spatial' 1.3734495961092144 3.996048341452016e-05
 1.5762711864406778 81 1 3 8 27.600526457968684]
[30.09951965514343 'Spatial' 1.3734495961092144 3.996048341452016e-05
 1.5762711864406778 81 1 3 9 30.09951965514343]
[31.991171220840886 'Spatial' 1.3734495961092144 3.996048341452016e-05
 1.5762711864406778 81 1 3 10 31.991171220840886]
[33.550962731558755 'Spatial' 1.3734495961092144 3.996048341452016e-05
 1.5762711864406778 81 1 3 11 33.550962731558755]
[34.919850887014356 'Spatial' 1.3734495961092144 3.996048341452016e-05
 1.5084745762711864 81 1 3 12 34.919850887014356]
[36.11978861969209 'Spatial' 1.3734495961092144 3.996048341452016e-05
 1.4406779661016949 81 1 3 13 36.11978861969209]
[37.21006221450739 'Spatial' 1.3734495961092144 3.996048341452016e-05
 1.3559322033898304 81 1 3 14 37.21006221450739]
[42.763375672835274 'Spatial' 1.3734495961092144 3.996048341452016e-05
 1.271186440677966 81 1 3 15 42.763375672835274]
[43.995017865327284 'Spatial' 1.3734495961092144 3.996048341452016e-05
 1.1864406779661016 81 1 3 16 43.995017865327284]
[45.246859811786706 'Spatial' 1.3734495961092144 3.996048341452016e-05
 1.1016949152542372 81 1 3 17 45.246859811786706]
[46.63278479293084 'Spatial' 1.3734495961092144 3.996048341452016e-05
 1.0677966101694913 81 1 3 18 46.63278479293084]
[48.23298599702791 'Spatial' 1.3734495961092144 3.996048341452016e-05
 1.1016949152542372 81 1 3 19 48.23298599702791]
[0.0 'Spatial' 1.3734495961092144 3.996048341452016e-05 0.0 81 1 4 0 0.0]
[4.151743532447416 'Spatial' 1.3734495961092144 3.996048341452016e-05
 0.1694915254237288 81 1 4 1 4.151743532447416]
[8.279120389637736 'Spatial' 1.3734495961092144 3.996048341452016e-05
 1.5254237288135593 81 1 4 2 8.279120389637736]
[12.262486806440544 'Spatial' 1.3734495961092144 3.996048341452016e-05
 0.1694915254237288 81 1 4 3 12.262486806440544]
[16.17447415175239 'Spatial' 1.3734495961092144 3.996048341452016e-05
 1.6779661016949152 81 1 4 4 16.17447415175239]
[19.592736839387157 'Spatial' 1.3734495961092144 3.996048341452016e-05
 1.5084745762711864 81 1 4 5 19.592736839387157]
[22.794511984932715 'Spatial' 1.3734495961092144 3.996048341452016e-05
 1.7457627118644066 81 1 4 6 22.794511984932715]
[25.347630210037067 'Spatial' 1.3734495961092144 3.996048341452016e-05
 1.6101694915254237 81 1 4 7 25.347630210037067]
[27.600526457968684 'Spatial' 1.3734495961092144 3.996048341452016e-05
 1.5762711864406778 81 1 4 8 27.600526457968684]
[30.09951965514343 'Spatial' 1.3734495961092144 3.996048341452016e-05
 1.5762711864406778 81 1 4 9 30.09951965514343]
[31.991171220840886 'Spatial' 1.3734495961092144 3.996048341452016e-05
 1.5762711864406778 81 1 4 10 31.991171220840886]
[33.550962731558755 'Spatial' 1.3734495961092144 3.996048341452016e-05
 1.5762711864406778 81 1 4 11 33.550962731558755]
[34.919850887014356 'Spatial' 1.3734495961092144 3.996048341452016e-05
 1.5084745762711864 81 1 4 12 34.919850887014356]
[36.11978861969209 'Spatial' 1.3734495961092144 3.996048341452016e-05
 1.4406779661016949 81 1 4 13 36.11978861969209]
[37.21006221450739 'Spatial' 1.3734495961092144 3.996048341452016e-05
 1.3559322033898304 81 1 4 14 37.21006221450739]
[42.763375672835274 'Spatial' 1.3734495961092144 3.996048341452016e-05
 1.271186440677966 81 1 4 15 42.763375672835274]
[43.995017865327284 'Spatial' 1.3734495961092144 3.996048341452016e-05
 1.1864406779661016 81 1 4 16 43.995017865327284]
[45.246859811786706 'Spatial' 1.3734495961092144 3.996048341452016e-05
 1.1016949152542372 81 1 4 17 45.246859811786706]
[46.63278479293084 'Spatial' 1.3734495961092144 3.996048341452016e-05
 1.0677966101694913 81 1 4 18 46.63278479293084]
[48.23298599702791 'Spatial' 1.3734495961092144 3.996048341452016e-05
 1.1016949152542372 81 1 4 19 48.23298599702791]
[0.0 'Spatial' 1.3734495961092144 3.996048341452016e-05 0.0 81 1 5 0 0.0]
[4.151743532447416 'Spatial' 1.3734495961092144 3.996048341452016e-05
 0.1694915254237288 81 1 5 1 4.151743532447416]
[8.279120389637736 'Spatial' 1.3734495961092144 3.996048341452016e-05
 1.5254237288135593 81 1 5 2 8.279120389637736]
[12.262486806440544 'Spatial' 1.3734495961092144 3.996048341452016e-05
 0.1694915254237288 81 1 5 3 12.262486806440544]
[16.17447415175239 'Spatial' 1.3734495961092144 3.996048341452016e-05
 1.6779661016949152 81 1 5 4 16.17447415175239]
[19.592736839387157 'Spatial' 1.3734495961092144 3.996048341452016e-05
 1.5084745762711864 81 1 5 5 19.592736839387157]
[22.794511984932715 'Spatial' 1.3734495961092144 3.996048341452016e-05
 1.7457627118644066 81 1 5 6 22.794511984932715]
[25.347630210037067 'Spatial' 1.3734495961092144 3.996048341452016e-05
 1.6101694915254237 81 1 5 7 25.347630210037067]
[27.600526457968684 'Spatial' 1.3734495961092144 3.996048341452016e-05
 1.5762711864406778 81 1 5 8 27.600526457968684]
[30.09951965514343 'Spatial' 1.3734495961092144 3.996048341452016e-05
 1.5762711864406778 81 1 5 9 30.09951965514343]
[31.991171220840886 'Spatial' 1.3734495961092144 3.996048341452016e-05
 1.5762711864406778 81 1 5 10 31.991171220840886]
[33.550962731558755 'Spatial' 1.3734495961092144 3.996048341452016e-05
 1.5762711864406778 81 1 5 11 33.550962731558755]
[34.919850887014356 'Spatial' 1.3734495961092144 3.996048341452016e-05
 1.5084745762711864 81 1 5 12 34.919850887014356]
[36.11978861969209 'Spatial' 1.3734495961092144 3.996048341452016e-05
 1.4406779661016949 81 1 5 13 36.11978861969209]
[37.21006221450739 'Spatial' 1.3734495961092144 3.996048341452016e-05
 1.3559322033898304 81 1 5 14 37.21006221450739]
[42.763375672835274 'Spatial' 1.3734495961092144 3.996048341452016e-05
 1.271186440677966 81 1 5 15 42.763375672835274]
[43.995017865327284 'Spatial' 1.3734495961092144 3.996048341452016e-05
 1.1864406779661016 81 1 5 16 43.995017865327284]
[45.246859811786706 'Spatial' 1.3734495961092144 3.996048341452016e-05
 1.1016949152542372 81 1 5 17 45.246859811786706]
[46.63278479293084 'Spatial' 1.3734495961092144 3.996048341452016e-05
 1.0677966101694913 81 1 5 18 46.63278479293084]
[48.23298599702791 'Spatial' 1.3734495961092144 3.996048341452016e-05
 1.1016949152542372 81 1 5 19 48.23298599702791]
[0.0 'Spatial' 1.3734495961092144 3.996048341452016e-05 0.0 81 1 6 0 0.0]
[4.151743532447416 'Spatial' 1.3734495961092144 3.996048341452016e-05
 0.1694915254237288 81 1 6 1 4.151743532447416]
[8.279120389637736 'Spatial' 1.3734495961092144 3.996048341452016e-05
 1.5254237288135593 81 1 6 2 8.279120389637736]
[12.262486806440544 'Spatial' 1.3734495961092144 3.996048341452016e-05
 0.1694915254237288 81 1 6 3 12.262486806440544]
[16.17447415175239 'Spatial' 1.3734495961092144 3.996048341452016e-05
 1.6779661016949152 81 1 6 4 16.17447415175239]
[19.592736839387157 'Spatial' 1.3734495961092144 3.996048341452016e-05
 1.5084745762711864 81 1 6 5 19.592736839387157]
[22.794511984932715 'Spatial' 1.3734495961092144 3.996048341452016e-05
 1.7457627118644066 81 1 6 6 22.794511984932715]
[25.347630210037067 'Spatial' 1.3734495961092144 3.996048341452016e-05
 1.6101694915254237 81 1 6 7 25.347630210037067]
[27.600526457968684 'Spatial' 1.3734495961092144 3.996048341452016e-05
 1.5762711864406778 81 1 6 8 27.600526457968684]
[30.09951965514343 'Spatial' 1.3734495961092144 3.996048341452016e-05
 1.5762711864406778 81 1 6 9 30.09951965514343]
[31.991171220840886 'Spatial' 1.3734495961092144 3.996048341452016e-05
 1.5762711864406778 81 1 6 10 31.991171220840886]
[33.550962731558755 'Spatial' 1.3734495961092144 3.996048341452016e-05
 1.5762711864406778 81 1 6 11 33.550962731558755]
[34.919850887014356 'Spatial' 1.3734495961092144 3.996048341452016e-05
 1.5084745762711864 81 1 6 12 34.919850887014356]
[36.11978861969209 'Spatial' 1.3734495961092144 3.996048341452016e-05
 1.4406779661016949 81 1 6 13 36.11978861969209]
[37.21006221450739 'Spatial' 1.3734495961092144 3.996048341452016e-05
 1.3559322033898304 81 1 6 14 37.21006221450739]
[42.763375672835274 'Spatial' 1.3734495961092144 3.996048341452016e-05
 1.271186440677966 81 1 6 15 42.763375672835274]
[43.995017865327284 'Spatial' 1.3734495961092144 3.996048341452016e-05
 1.1864406779661016 81 1 6 16 43.995017865327284]
[45.246859811786706 'Spatial' 1.3734495961092144 3.996048341452016e-05
 1.1016949152542372 81 1 6 17 45.246859811786706]
[46.63278479293084 'Spatial' 1.3734495961092144 3.996048341452016e-05
 1.0677966101694913 81 1 6 18 46.63278479293084]
[48.23298599702791 'Spatial' 1.3734495961092144 3.996048341452016e-05
 1.1016949152542372 81 1 6 19 48.23298599702791]
[0.0 'Spatial' 1.3734495961092144 3.996048341452016e-05 0.0 81 1 7 0 0.0]
[4.151743532447416 'Spatial' 1.3734495961092144 3.996048341452016e-05
 0.1694915254237288 81 1 7 1 4.151743532447416]
[8.279120389637736 'Spatial' 1.3734495961092144 3.996048341452016e-05
 1.5254237288135593 81 1 7 2 8.279120389637736]
[12.262486806440544 'Spatial' 1.3734495961092144 3.996048341452016e-05
 0.1694915254237288 81 1 7 3 12.262486806440544]
[16.17447415175239 'Spatial' 1.3734495961092144 3.996048341452016e-05
 1.6779661016949152 81 1 7 4 16.17447415175239]
[19.592736839387157 'Spatial' 1.3734495961092144 3.996048341452016e-05
 1.5084745762711864 81 1 7 5 19.592736839387157]
[22.794511984932715 'Spatial' 1.3734495961092144 3.996048341452016e-05
 1.7457627118644066 81 1 7 6 22.794511984932715]
[25.347630210037067 'Spatial' 1.3734495961092144 3.996048341452016e-05
 1.6101694915254237 81 1 7 7 25.347630210037067]
[27.600526457968684 'Spatial' 1.3734495961092144 3.996048341452016e-05
 1.5762711864406778 81 1 7 8 27.600526457968684]
[30.09951965514343 'Spatial' 1.3734495961092144 3.996048341452016e-05
 1.5762711864406778 81 1 7 9 30.09951965514343]
[31.991171220840886 'Spatial' 1.3734495961092144 3.996048341452016e-05
 1.5762711864406778 81 1 7 10 31.991171220840886]
[33.550962731558755 'Spatial' 1.3734495961092144 3.996048341452016e-05
 1.5762711864406778 81 1 7 11 33.550962731558755]
[34.919850887014356 'Spatial' 1.3734495961092144 3.996048341452016e-05
 1.5084745762711864 81 1 7 12 34.919850887014356]
[36.11978861969209 'Spatial' 1.3734495961092144 3.996048341452016e-05
 1.4406779661016949 81 1 7 13 36.11978861969209]
[37.21006221450739 'Spatial' 1.3734495961092144 3.996048341452016e-05
 1.3559322033898304 81 1 7 14 37.21006221450739]
[42.763375672835274 'Spatial' 1.3734495961092144 3.996048341452016e-05
 1.271186440677966 81 1 7 15 42.763375672835274]
[43.995017865327284 'Spatial' 1.3734495961092144 3.996048341452016e-05
 1.1864406779661016 81 1 7 16 43.995017865327284]
[45.246859811786706 'Spatial' 1.3734495961092144 3.996048341452016e-05
 1.1016949152542372 81 1 7 17 45.246859811786706]
[46.63278479293084 'Spatial' 1.3734495961092144 3.996048341452016e-05
 1.0677966101694913 81 1 7 18 46.63278479293084]
[48.23298599702791 'Spatial' 1.3734495961092144 3.996048341452016e-05
 1.1016949152542372 81 1 7 19 48.23298599702791]
[0.0 'Spatial' 1.3734495961092144 3.996048341452016e-05 0.0 81 1 8 0 0.0]
[4.151743532447416 'Spatial' 1.3734495961092144 3.996048341452016e-05
 0.1694915254237288 81 1 8 1 4.151743532447416]
[8.279120389637736 'Spatial' 1.3734495961092144 3.996048341452016e-05
 1.5254237288135593 81 1 8 2 8.279120389637736]
[12.262486806440544 'Spatial' 1.3734495961092144 3.996048341452016e-05
 0.1694915254237288 81 1 8 3 12.262486806440544]
[16.17447415175239 'Spatial' 1.3734495961092144 3.996048341452016e-05
 1.6779661016949152 81 1 8 4 16.17447415175239]
[19.592736839387157 'Spatial' 1.3734495961092144 3.996048341452016e-05
 1.5084745762711864 81 1 8 5 19.592736839387157]
[22.794511984932715 'Spatial' 1.3734495961092144 3.996048341452016e-05
 1.7457627118644066 81 1 8 6 22.794511984932715]
[25.347630210037067 'Spatial' 1.3734495961092144 3.996048341452016e-05
 1.6101694915254237 81 1 8 7 25.347630210037067]
[27.600526457968684 'Spatial' 1.3734495961092144 3.996048341452016e-05
 1.5762711864406778 81 1 8 8 27.600526457968684]
[30.09951965514343 'Spatial' 1.3734495961092144 3.996048341452016e-05
 1.5762711864406778 81 1 8 9 30.09951965514343]
[31.991171220840886 'Spatial' 1.3734495961092144 3.996048341452016e-05
 1.5762711864406778 81 1 8 10 31.991171220840886]
[33.550962731558755 'Spatial' 1.3734495961092144 3.996048341452016e-05
 1.5762711864406778 81 1 8 11 33.550962731558755]
[34.919850887014356 'Spatial' 1.3734495961092144 3.996048341452016e-05
 1.5084745762711864 81 1 8 12 34.919850887014356]
[36.11978861969209 'Spatial' 1.3734495961092144 3.996048341452016e-05
 1.4406779661016949 81 1 8 13 36.11978861969209]
[37.21006221450739 'Spatial' 1.3734495961092144 3.996048341452016e-05
 1.3559322033898304 81 1 8 14 37.21006221450739]
[42.763375672835274 'Spatial' 1.3734495961092144 3.996048341452016e-05
 1.271186440677966 81 1 8 15 42.763375672835274]
[43.995017865327284 'Spatial' 1.3734495961092144 3.996048341452016e-05
 1.1864406779661016 81 1 8 16 43.995017865327284]
[45.246859811786706 'Spatial' 1.3734495961092144 3.996048341452016e-05
 1.1016949152542372 81 1 8 17 45.246859811786706]
[46.63278479293084 'Spatial' 1.3734495961092144 3.996048341452016e-05
 1.0677966101694913 81 1 8 18 46.63278479293084]
[48.23298599702791 'Spatial' 1.3734495961092144 3.996048341452016e-05
 1.1016949152542372 81 1 8 19 48.23298599702791]
