[0.0 'Spatial' 1.2220882285296886 0.1798053207686405 0.0 61 0 1 0 0.0]
[4.168222717580628 'Spatial' 1.2220882285296886 0.1798053207686405
 10.169491525423728 61 0 1 1 4.168222717580628]
[8.317766166719343 'Spatial' 1.2220882285296886 0.1798053207686405
 5.423728813559322 61 0 1 2 8.317766166719343]
[12.446237340827842 'Spatial' 1.2220882285296886 0.1798053207686405
 4.0508474576271185 61 0 1 3 12.446237340827842]
[16.618626618840274 'Spatial' 1.2220882285296886 0.1798053207686405
 4.5593220338983045 61 0 1 4 16.618626618840274]
[20.629493227783247 'Spatial' 1.2220882285296886 0.1798053207686405
 2.3728813559322033 61 0 1 5 20.629493227783247]
[24.006772322972996 'Spatial' 1.2220882285296886 0.1798053207686405
 1.9491525423728813 61 0 1 6 24.006772322972996]
[26.914182031814846 'Spatial' 1.2220882285296886 0.1798053207686405
 1.5762711864406778 61 0 1 7 26.914182031814846]
[29.07689309235292 'Spatial' 1.2220882285296886 0.1798053207686405
 1.271186440677966 61 0 1 8 29.07689309235292]
[30.545318763174887 'Spatial' 1.2220882285296886 0.1798053207686405
 1.1016949152542372 61 0 1 9 30.545318763174887]
[32.14620547177199 'Spatial' 1.2220882285296886 0.1798053207686405
 1.1016949152542372 61 0 1 10 32.14620547177199]
[34.9692106725099 'Spatial' 1.2220882285296886 0.1798053207686405
 1.1016949152542372 61 0 1 11 34.9692106725099]
[37.36117805564682 'Spatial' 1.2220882285296886 0.1798053207686405
 1.0677966101694913 61 0 1 12 37.36117805564682]
[38.393206090408086 'Spatial' 1.2220882285296886 0.1798053207686405
 0.9322033898305084 61 0 1 13 38.393206090408086]
[39.31659883061868 'Spatial' 1.2220882285296886 0.1798053207686405
 0.8983050847457626 61 0 1 14 39.31659883061868]
[40.34990634320522 'Spatial' 1.2220882285296886 0.1798053207686405
 0.8305084745762711 61 0 1 15 40.34990634320522]
[41.6290915029401 'Spatial' 1.2220882285296886 0.1798053207686405
 0.7627118644067796 61 0 1 16 41.6290915029401]
[43.254173247863946 'Spatial' 1.2220882285296886 0.1798053207686405
 0.7288135593220338 61 0 1 17 43.254173247863946]
[45.24862634699272 'Spatial' 1.2220882285296886 0.1798053207686405
 0.6610169491525423 61 0 1 18 45.24862634699272]
[47.48243128054967 'Spatial' 1.2220882285296886 0.1798053207686405
 0.559322033898305 61 0 1 19 47.48243128054967]
[0.0 'Spatial' 1.2220882285296886 0.1798053207686405 0.0 61 0 2 0 0.0]
[4.168222717580628 'Spatial' 1.2220882285296886 0.1798053207686405
 10.169491525423728 61 0 2 1 4.168222717580628]
[8.317766166719343 'Spatial' 1.2220882285296886 0.1798053207686405
 5.423728813559322 61 0 2 2 8.317766166719343]
[12.446237340827842 'Spatial' 1.2220882285296886 0.1798053207686405
 4.0508474576271185 61 0 2 3 12.446237340827842]
[16.618626618840274 'Spatial' 1.2220882285296886 0.1798053207686405
 4.5593220338983045 61 0 2 4 16.618626618840274]
[20.629493227783247 'Spatial' 1.2220882285296886 0.1798053207686405
 2.3728813559322033 61 0 2 5 20.629493227783247]
[24.006772322972996 'Spatial' 1.2220882285296886 0.1798053207686405
 1.9491525423728813 61 0 2 6 24.006772322972996]
[26.914182031814846 'Spatial' 1.2220882285296886 0.1798053207686405
 1.5762711864406778 61 0 2 7 26.914182031814846]
[29.07689309235292 'Spatial' 1.2220882285296886 0.1798053207686405
 1.271186440677966 61 0 2 8 29.07689309235292]
[30.545318763174887 'Spatial' 1.2220882285296886 0.1798053207686405
 1.1016949152542372 61 0 2 9 30.545318763174887]
[32.14620547177199 'Spatial' 1.2220882285296886 0.1798053207686405
 1.1016949152542372 61 0 2 10 32.14620547177199]
[34.9692106725099 'Spatial' 1.2220882285296886 0.1798053207686405
 1.1016949152542372 61 0 2 11 34.9692106725099]
[37.36117805564682 'Spatial' 1.2220882285296886 0.1798053207686405
 1.0677966101694913 61 0 2 12 37.36117805564682]
[38.393206090408086 'Spatial' 1.2220882285296886 0.1798053207686405
 0.9322033898305084 61 0 2 13 38.393206090408086]
[39.31659883061868 'Spatial' 1.2220882285296886 0.1798053207686405
 0.8983050847457626 61 0 2 14 39.31659883061868]
[40.34990634320522 'Spatial' 1.2220882285296886 0.1798053207686405
 0.8305084745762711 61 0 2 15 40.34990634320522]
[41.6290915029401 'Spatial' 1.2220882285296886 0.1798053207686405
 0.7627118644067796 61 0 2 16 41.6290915029401]
[43.254173247863946 'Spatial' 1.2220882285296886 0.1798053207686405
 0.7288135593220338 61 0 2 17 43.254173247863946]
[45.24862634699272 'Spatial' 1.2220882285296886 0.1798053207686405
 0.6610169491525423 61 0 2 18 45.24862634699272]
[47.48243128054967 'Spatial' 1.2220882285296886 0.1798053207686405
 0.559322033898305 61 0 2 19 47.48243128054967]
[0.0 'Spatial' 1.2220882285296886 0.1798053207686405 0.0 61 0 3 0 0.0]
[4.168222717580628 'Spatial' 1.2220882285296886 0.1798053207686405
 10.169491525423728 61 0 3 1 4.168222717580628]
[8.317766166719343 'Spatial' 1.2220882285296886 0.1798053207686405
 5.423728813559322 61 0 3 2 8.317766166719343]
[12.446237340827842 'Spatial' 1.2220882285296886 0.1798053207686405
 4.0508474576271185 61 0 3 3 12.446237340827842]
[16.618626618840274 'Spatial' 1.2220882285296886 0.1798053207686405
 4.5593220338983045 61 0 3 4 16.618626618840274]
[20.629493227783247 'Spatial' 1.2220882285296886 0.1798053207686405
 2.3728813559322033 61 0 3 5 20.629493227783247]
[24.006772322972996 'Spatial' 1.2220882285296886 0.1798053207686405
 1.9491525423728813 61 0 3 6 24.006772322972996]
[26.914182031814846 'Spatial' 1.2220882285296886 0.1798053207686405
 1.5762711864406778 61 0 3 7 26.914182031814846]
[29.07689309235292 'Spatial' 1.2220882285296886 0.1798053207686405
 1.271186440677966 61 0 3 8 29.07689309235292]
[30.545318763174887 'Spatial' 1.2220882285296886 0.1798053207686405
 1.1016949152542372 61 0 3 9 30.545318763174887]
[32.14620547177199 'Spatial' 1.2220882285296886 0.1798053207686405
 1.1016949152542372 61 0 3 10 32.14620547177199]
[34.9692106725099 'Spatial' 1.2220882285296886 0.1798053207686405
 1.1016949152542372 61 0 3 11 34.9692106725099]
[37.36117805564682 'Spatial' 1.2220882285296886 0.1798053207686405
 1.0677966101694913 61 0 3 12 37.36117805564682]
[38.393206090408086 'Spatial' 1.2220882285296886 0.1798053207686405
 0.9322033898305084 61 0 3 13 38.393206090408086]
[39.31659883061868 'Spatial' 1.2220882285296886 0.1798053207686405
 0.8983050847457626 61 0 3 14 39.31659883061868]
[40.34990634320522 'Spatial' 1.2220882285296886 0.1798053207686405
 0.8305084745762711 61 0 3 15 40.34990634320522]
[41.6290915029401 'Spatial' 1.2220882285296886 0.1798053207686405
 0.7627118644067796 61 0 3 16 41.6290915029401]
[43.254173247863946 'Spatial' 1.2220882285296886 0.1798053207686405
 0.7288135593220338 61 0 3 17 43.254173247863946]
[45.24862634699272 'Spatial' 1.2220882285296886 0.1798053207686405
 0.6610169491525423 61 0 3 18 45.24862634699272]
[47.48243128054967 'Spatial' 1.2220882285296886 0.1798053207686405
 0.559322033898305 61 0 3 19 47.48243128054967]
[0.0 'Spatial' 1.2220882285296886 0.1798053207686405 0.0 61 0 4 0 0.0]
[4.168222717580628 'Spatial' 1.2220882285296886 0.1798053207686405
 10.169491525423728 61 0 4 1 4.168222717580628]
[8.317766166719343 'Spatial' 1.2220882285296886 0.1798053207686405
 5.423728813559322 61 0 4 2 8.317766166719343]
[12.446237340827842 'Spatial' 1.2220882285296886 0.1798053207686405
 4.0508474576271185 61 0 4 3 12.446237340827842]
[16.618626618840274 'Spatial' 1.2220882285296886 0.1798053207686405
 4.5593220338983045 61 0 4 4 16.618626618840274]
[20.629493227783247 'Spatial' 1.2220882285296886 0.1798053207686405
 2.3728813559322033 61 0 4 5 20.629493227783247]
[24.006772322972996 'Spatial' 1.2220882285296886 0.1798053207686405
 1.9491525423728813 61 0 4 6 24.006772322972996]
[26.914182031814846 'Spatial' 1.2220882285296886 0.1798053207686405
 1.5762711864406778 61 0 4 7 26.914182031814846]
[29.07689309235292 'Spatial' 1.2220882285296886 0.1798053207686405
 1.271186440677966 61 0 4 8 29.07689309235292]
[30.545318763174887 'Spatial' 1.2220882285296886 0.1798053207686405
 1.1016949152542372 61 0 4 9 30.545318763174887]
[32.14620547177199 'Spatial' 1.2220882285296886 0.1798053207686405
 1.1016949152542372 61 0 4 10 32.14620547177199]
[34.9692106725099 'Spatial' 1.2220882285296886 0.1798053207686405
 1.1016949152542372 61 0 4 11 34.9692106725099]
[37.36117805564682 'Spatial' 1.2220882285296886 0.1798053207686405
 1.0677966101694913 61 0 4 12 37.36117805564682]
[38.393206090408086 'Spatial' 1.2220882285296886 0.1798053207686405
 0.9322033898305084 61 0 4 13 38.393206090408086]
[39.31659883061868 'Spatial' 1.2220882285296886 0.1798053207686405
 0.8983050847457626 61 0 4 14 39.31659883061868]
[40.34990634320522 'Spatial' 1.2220882285296886 0.1798053207686405
 0.8305084745762711 61 0 4 15 40.34990634320522]
[41.6290915029401 'Spatial' 1.2220882285296886 0.1798053207686405
 0.7627118644067796 61 0 4 16 41.6290915029401]
[43.254173247863946 'Spatial' 1.2220882285296886 0.1798053207686405
 0.7288135593220338 61 0 4 17 43.254173247863946]
[45.24862634699272 'Spatial' 1.2220882285296886 0.1798053207686405
 0.6610169491525423 61 0 4 18 45.24862634699272]
[47.48243128054967 'Spatial' 1.2220882285296886 0.1798053207686405
 0.559322033898305 61 0 4 19 47.48243128054967]
[0.0 'Spatial' 1.2220882285296886 0.1798053207686405 0.0 61 0 5 0 0.0]
[4.168222717580628 'Spatial' 1.2220882285296886 0.1798053207686405
 10.169491525423728 61 0 5 1 4.168222717580628]
[8.317766166719343 'Spatial' 1.2220882285296886 0.1798053207686405
 5.423728813559322 61 0 5 2 8.317766166719343]
[12.446237340827842 'Spatial' 1.2220882285296886 0.1798053207686405
 4.0508474576271185 61 0 5 3 12.446237340827842]
[16.618626618840274 'Spatial' 1.2220882285296886 0.1798053207686405
 4.5593220338983045 61 0 5 4 16.618626618840274]
[20.629493227783247 'Spatial' 1.2220882285296886 0.1798053207686405
 2.3728813559322033 61 0 5 5 20.629493227783247]
[24.006772322972996 'Spatial' 1.2220882285296886 0.1798053207686405
 1.9491525423728813 61 0 5 6 24.006772322972996]
[26.914182031814846 'Spatial' 1.2220882285296886 0.1798053207686405
 1.5762711864406778 61 0 5 7 26.914182031814846]
[29.07689309235292 'Spatial' 1.2220882285296886 0.1798053207686405
 1.271186440677966 61 0 5 8 29.07689309235292]
[30.545318763174887 'Spatial' 1.2220882285296886 0.1798053207686405
 1.1016949152542372 61 0 5 9 30.545318763174887]
[32.14620547177199 'Spatial' 1.2220882285296886 0.1798053207686405
 1.1016949152542372 61 0 5 10 32.14620547177199]
[34.9692106725099 'Spatial' 1.2220882285296886 0.1798053207686405
 1.1016949152542372 61 0 5 11 34.9692106725099]
[37.36117805564682 'Spatial' 1.2220882285296886 0.1798053207686405
 1.0677966101694913 61 0 5 12 37.36117805564682]
[38.393206090408086 'Spatial' 1.2220882285296886 0.1798053207686405
 0.9322033898305084 61 0 5 13 38.393206090408086]
[39.31659883061868 'Spatial' 1.2220882285296886 0.1798053207686405
 0.8983050847457626 61 0 5 14 39.31659883061868]
[40.34990634320522 'Spatial' 1.2220882285296886 0.1798053207686405
 0.8305084745762711 61 0 5 15 40.34990634320522]
[41.6290915029401 'Spatial' 1.2220882285296886 0.1798053207686405
 0.7627118644067796 61 0 5 16 41.6290915029401]
[43.254173247863946 'Spatial' 1.2220882285296886 0.1798053207686405
 0.7288135593220338 61 0 5 17 43.254173247863946]
[45.24862634699272 'Spatial' 1.2220882285296886 0.1798053207686405
 0.6610169491525423 61 0 5 18 45.24862634699272]
[47.48243128054967 'Spatial' 1.2220882285296886 0.1798053207686405
 0.559322033898305 61 0 5 19 47.48243128054967]
[0.0 'Spatial' 1.2220882285296886 0.1798053207686405 0.0 61 0 6 0 0.0]
[4.168222717580628 'Spatial' 1.2220882285296886 0.1798053207686405
 10.169491525423728 61 0 6 1 4.168222717580628]
[8.317766166719343 'Spatial' 1.2220882285296886 0.1798053207686405
 5.423728813559322 61 0 6 2 8.317766166719343]
[12.446237340827842 'Spatial' 1.2220882285296886 0.1798053207686405
 4.0508474576271185 61 0 6 3 12.446237340827842]
[16.618626618840274 'Spatial' 1.2220882285296886 0.1798053207686405
 4.5593220338983045 61 0 6 4 16.618626618840274]
[20.629493227783247 'Spatial' 1.2220882285296886 0.1798053207686405
 2.3728813559322033 61 0 6 5 20.629493227783247]
[24.006772322972996 'Spatial' 1.2220882285296886 0.1798053207686405
 1.9491525423728813 61 0 6 6 24.006772322972996]
[26.914182031814846 'Spatial' 1.2220882285296886 0.1798053207686405
 1.5762711864406778 61 0 6 7 26.914182031814846]
[29.07689309235292 'Spatial' 1.2220882285296886 0.1798053207686405
 1.271186440677966 61 0 6 8 29.07689309235292]
[30.545318763174887 'Spatial' 1.2220882285296886 0.1798053207686405
 1.1016949152542372 61 0 6 9 30.545318763174887]
[32.14620547177199 'Spatial' 1.2220882285296886 0.1798053207686405
 1.1016949152542372 61 0 6 10 32.14620547177199]
[34.9692106725099 'Spatial' 1.2220882285296886 0.1798053207686405
 1.1016949152542372 61 0 6 11 34.9692106725099]
[37.36117805564682 'Spatial' 1.2220882285296886 0.1798053207686405
 1.0677966101694913 61 0 6 12 37.36117805564682]
[38.393206090408086 'Spatial' 1.2220882285296886 0.1798053207686405
 0.9322033898305084 61 0 6 13 38.393206090408086]
[39.31659883061868 'Spatial' 1.2220882285296886 0.1798053207686405
 0.8983050847457626 61 0 6 14 39.31659883061868]
[40.34990634320522 'Spatial' 1.2220882285296886 0.1798053207686405
 0.8305084745762711 61 0 6 15 40.34990634320522]
[41.6290915029401 'Spatial' 1.2220882285296886 0.1798053207686405
 0.7627118644067796 61 0 6 16 41.6290915029401]
[43.254173247863946 'Spatial' 1.2220882285296886 0.1798053207686405
 0.7288135593220338 61 0 6 17 43.254173247863946]
[45.24862634699272 'Spatial' 1.2220882285296886 0.1798053207686405
 0.6610169491525423 61 0 6 18 45.24862634699272]
[47.48243128054967 'Spatial' 1.2220882285296886 0.1798053207686405
 0.559322033898305 61 0 6 19 47.48243128054967]
[0.0 'Spatial' 1.2220882285296886 0.1798053207686405 0.0 61 0 7 0 0.0]
[4.168222717580628 'Spatial' 1.2220882285296886 0.1798053207686405
 10.169491525423728 61 0 7 1 4.168222717580628]
[8.317766166719343 'Spatial' 1.2220882285296886 0.1798053207686405
 5.423728813559322 61 0 7 2 8.317766166719343]
[12.446237340827842 'Spatial' 1.2220882285296886 0.1798053207686405
 4.0508474576271185 61 0 7 3 12.446237340827842]
[16.618626618840274 'Spatial' 1.2220882285296886 0.1798053207686405
 4.5593220338983045 61 0 7 4 16.618626618840274]
[20.629493227783247 'Spatial' 1.2220882285296886 0.1798053207686405
 2.3728813559322033 61 0 7 5 20.629493227783247]
[24.006772322972996 'Spatial' 1.2220882285296886 0.1798053207686405
 1.9491525423728813 61 0 7 6 24.006772322972996]
[26.914182031814846 'Spatial' 1.2220882285296886 0.1798053207686405
 1.5762711864406778 61 0 7 7 26.914182031814846]
[29.07689309235292 'Spatial' 1.2220882285296886 0.1798053207686405
 1.271186440677966 61 0 7 8 29.07689309235292]
[30.545318763174887 'Spatial' 1.2220882285296886 0.1798053207686405
 1.1016949152542372 61 0 7 9 30.545318763174887]
[32.14620547177199 'Spatial' 1.2220882285296886 0.1798053207686405
 1.1016949152542372 61 0 7 10 32.14620547177199]
[34.9692106725099 'Spatial' 1.2220882285296886 0.1798053207686405
 1.1016949152542372 61 0 7 11 34.9692106725099]
[37.36117805564682 'Spatial' 1.2220882285296886 0.1798053207686405
 1.0677966101694913 61 0 7 12 37.36117805564682]
[38.393206090408086 'Spatial' 1.2220882285296886 0.1798053207686405
 0.9322033898305084 61 0 7 13 38.393206090408086]
[39.31659883061868 'Spatial' 1.2220882285296886 0.1798053207686405
 0.8983050847457626 61 0 7 14 39.31659883061868]
[40.34990634320522 'Spatial' 1.2220882285296886 0.1798053207686405
 0.8305084745762711 61 0 7 15 40.34990634320522]
[41.6290915029401 'Spatial' 1.2220882285296886 0.1798053207686405
 0.7627118644067796 61 0 7 16 41.6290915029401]
[43.254173247863946 'Spatial' 1.2220882285296886 0.1798053207686405
 0.7288135593220338 61 0 7 17 43.254173247863946]
[45.24862634699272 'Spatial' 1.2220882285296886 0.1798053207686405
 0.6610169491525423 61 0 7 18 45.24862634699272]
[47.48243128054967 'Spatial' 1.2220882285296886 0.1798053207686405
 0.559322033898305 61 0 7 19 47.48243128054967]
[0.0 'Spatial' 1.2220882285296886 0.1798053207686405 0.0 61 0 8 0 0.0]
[4.168222717580628 'Spatial' 1.2220882285296886 0.1798053207686405
 10.169491525423728 61 0 8 1 4.168222717580628]
[8.317766166719343 'Spatial' 1.2220882285296886 0.1798053207686405
 5.423728813559322 61 0 8 2 8.317766166719343]
[12.446237340827842 'Spatial' 1.2220882285296886 0.1798053207686405
 4.0508474576271185 61 0 8 3 12.446237340827842]
[16.618626618840274 'Spatial' 1.2220882285296886 0.1798053207686405
 4.5593220338983045 61 0 8 4 16.618626618840274]
[20.629493227783247 'Spatial' 1.2220882285296886 0.1798053207686405
 2.3728813559322033 61 0 8 5 20.629493227783247]
[24.006772322972996 'Spatial' 1.2220882285296886 0.1798053207686405
 1.9491525423728813 61 0 8 6 24.006772322972996]
[26.914182031814846 'Spatial' 1.2220882285296886 0.1798053207686405
 1.5762711864406778 61 0 8 7 26.914182031814846]
[29.07689309235292 'Spatial' 1.2220882285296886 0.1798053207686405
 1.271186440677966 61 0 8 8 29.07689309235292]
[30.545318763174887 'Spatial' 1.2220882285296886 0.1798053207686405
 1.1016949152542372 61 0 8 9 30.545318763174887]
[32.14620547177199 'Spatial' 1.2220882285296886 0.1798053207686405
 1.1016949152542372 61 0 8 10 32.14620547177199]
[34.9692106725099 'Spatial' 1.2220882285296886 0.1798053207686405
 1.1016949152542372 61 0 8 11 34.9692106725099]
[37.36117805564682 'Spatial' 1.2220882285296886 0.1798053207686405
 1.0677966101694913 61 0 8 12 37.36117805564682]
[38.393206090408086 'Spatial' 1.2220882285296886 0.1798053207686405
 0.9322033898305084 61 0 8 13 38.393206090408086]
[39.31659883061868 'Spatial' 1.2220882285296886 0.1798053207686405
 0.8983050847457626 61 0 8 14 39.31659883061868]
[40.34990634320522 'Spatial' 1.2220882285296886 0.1798053207686405
 0.8305084745762711 61 0 8 15 40.34990634320522]
[41.6290915029401 'Spatial' 1.2220882285296886 0.1798053207686405
 0.7627118644067796 61 0 8 16 41.6290915029401]
[43.254173247863946 'Spatial' 1.2220882285296886 0.1798053207686405
 0.7288135593220338 61 0 8 17 43.254173247863946]
[45.24862634699272 'Spatial' 1.2220882285296886 0.1798053207686405
 0.6610169491525423 61 0 8 18 45.24862634699272]
[47.48243128054967 'Spatial' 1.2220882285296886 0.1798053207686405
 0.559322033898305 61 0 8 19 47.48243128054967]
