[0.0 'Conceptual' 1.2184539990242913 0.13469468950644053 0.0 41 7 0 0 0.0]
[3.9194248922151966 'Conceptual' 1.2184539990242913 0.13469468950644053
 0.1694915254237288 41 7 0 1 3.9194248922151966]
[7.975039865780261 'Conceptual' 1.2184539990242913 0.13469468950644053
 0.1694915254237288 41 7 0 2 7.975039865780261]
[12.245646564371796 'Conceptual' 1.2184539990242913 0.13469468950644053
 0.1694915254237288 41 7 0 3 12.245646564371796]
[16.51032984135172 'Conceptual' 1.2184539990242913 0.13469468950644053
 3.389830508474576 41 7 0 4 16.51032984135172]
[20.05554522805816 'Conceptual' 1.2184539990242913 0.13469468950644053
 1.3389830508474576 41 7 0 5 20.05554522805816]
[23.221540889153854 'Conceptual' 1.2184539990242913 0.13469468950644053
 1.3559322033898304 41 7 0 6 23.221540889153854]
[27.284562438344594 'Conceptual' 1.2184539990242913 0.13469468950644053
 1.8644067796610169 41 7 0 7 27.284562438344594]
[30.12837797551724 'Conceptual' 1.2184539990242913 0.13469468950644053
 1.6101694915254237 41 7 0 8 30.12837797551724]
[33.49729509608834 'Conceptual' 1.2184539990242913 0.13469468950644053
 1.1864406779661016 41 7 0 9 33.49729509608834]
[36.1309838049107 'Conceptual' 1.2184539990242913 0.13469468950644053
 0.9322033898305084 41 7 0 10 36.1309838049107]
[38.04866427702522 'Conceptual' 1.2184539990242913 0.13469468950644053
 0.847457627118644 41 7 0 11 38.04866427702522]
[39.345730415746914 'Conceptual' 1.2184539990242913 0.13469468950644053
 0.7966101694915253 41 7 0 12 39.345730415746914]
[40.05606368291119 'Conceptual' 1.2184539990242913 0.13469468950644053
 0.6610169491525423 41 7 0 13 40.05606368291119]
[40.276446604787274 'Conceptual' 1.2184539990242913 0.13469468950644053
 0.559322033898305 41 7 0 14 40.276446604787274]
[40.15882333494818 'Conceptual' 1.2184539990242913 0.13469468950644053
 0.4915254237288135 41 7 0 15 40.15882333494818]
[39.87348131390044 'Conceptual' 1.2184539990242913 0.13469468950644053
 0.423728813559322 41 7 0 16 39.87348131390044]
[39.58899704880444 'Conceptual' 1.2184539990242913 0.13469468950644053
 0.45762711864406774 41 7 0 17 39.58899704880444]
[39.4647878302068 'Conceptual' 1.2184539990242913 0.13469468950644053
 0.423728813559322 41 7 0 18 39.4647878302068]
[39.61806367370091 'Conceptual' 1.2184539990242913 0.13469468950644053
 0.4915254237288135 41 7 0 19 39.61806367370091]
[0.0 'Conceptual' 1.2184539990242913 0.13469468950644053 0.0 41 7 1 0 0.0]
[3.9194248922151966 'Conceptual' 1.2184539990242913 0.13469468950644053
 0.1694915254237288 41 7 1 1 3.9194248922151966]
[7.975039865780261 'Conceptual' 1.2184539990242913 0.13469468950644053
 0.1694915254237288 41 7 1 2 7.975039865780261]
[12.245646564371796 'Conceptual' 1.2184539990242913 0.13469468950644053
 0.1694915254237288 41 7 1 3 12.245646564371796]
[16.51032984135172 'Conceptual' 1.2184539990242913 0.13469468950644053
 3.389830508474576 41 7 1 4 16.51032984135172]
[20.05554522805816 'Conceptual' 1.2184539990242913 0.13469468950644053
 1.3389830508474576 41 7 1 5 20.05554522805816]
[23.221540889153854 'Conceptual' 1.2184539990242913 0.13469468950644053
 1.3559322033898304 41 7 1 6 23.221540889153854]
[27.284562438344594 'Conceptual' 1.2184539990242913 0.13469468950644053
 1.8644067796610169 41 7 1 7 27.284562438344594]
[30.12837797551724 'Conceptual' 1.2184539990242913 0.13469468950644053
 1.6101694915254237 41 7 1 8 30.12837797551724]
[33.49729509608834 'Conceptual' 1.2184539990242913 0.13469468950644053
 1.1864406779661016 41 7 1 9 33.49729509608834]
[36.1309838049107 'Conceptual' 1.2184539990242913 0.13469468950644053
 0.9322033898305084 41 7 1 10 36.1309838049107]
[38.04866427702522 'Conceptual' 1.2184539990242913 0.13469468950644053
 0.847457627118644 41 7 1 11 38.04866427702522]
[39.345730415746914 'Conceptual' 1.2184539990242913 0.13469468950644053
 0.7966101694915253 41 7 1 12 39.345730415746914]
[40.05606368291119 'Conceptual' 1.2184539990242913 0.13469468950644053
 0.6610169491525423 41 7 1 13 40.05606368291119]
[40.276446604787274 'Conceptual' 1.2184539990242913 0.13469468950644053
 0.559322033898305 41 7 1 14 40.276446604787274]
[40.15882333494818 'Conceptual' 1.2184539990242913 0.13469468950644053
 0.4915254237288135 41 7 1 15 40.15882333494818]
[39.87348131390044 'Conceptual' 1.2184539990242913 0.13469468950644053
 0.423728813559322 41 7 1 16 39.87348131390044]
[39.58899704880444 'Conceptual' 1.2184539990242913 0.13469468950644053
 0.45762711864406774 41 7 1 17 39.58899704880444]
[39.4647878302068 'Conceptual' 1.2184539990242913 0.13469468950644053
 0.423728813559322 41 7 1 18 39.4647878302068]
[39.61806367370091 'Conceptual' 1.2184539990242913 0.13469468950644053
 0.4915254237288135 41 7 1 19 39.61806367370091]
[0.0 'Conceptual' 1.2184539990242913 0.13469468950644053 0.0 41 7 2 0 0.0]
[3.9194248922151966 'Conceptual' 1.2184539990242913 0.13469468950644053
 0.1694915254237288 41 7 2 1 3.9194248922151966]
[7.975039865780261 'Conceptual' 1.2184539990242913 0.13469468950644053
 0.1694915254237288 41 7 2 2 7.975039865780261]
[12.245646564371796 'Conceptual' 1.2184539990242913 0.13469468950644053
 0.1694915254237288 41 7 2 3 12.245646564371796]
[16.51032984135172 'Conceptual' 1.2184539990242913 0.13469468950644053
 3.389830508474576 41 7 2 4 16.51032984135172]
[20.05554522805816 'Conceptual' 1.2184539990242913 0.13469468950644053
 1.3389830508474576 41 7 2 5 20.05554522805816]
[23.221540889153854 'Conceptual' 1.2184539990242913 0.13469468950644053
 1.3559322033898304 41 7 2 6 23.221540889153854]
[27.284562438344594 'Conceptual' 1.2184539990242913 0.13469468950644053
 1.8644067796610169 41 7 2 7 27.284562438344594]
[30.12837797551724 'Conceptual' 1.2184539990242913 0.13469468950644053
 1.6101694915254237 41 7 2 8 30.12837797551724]
[33.49729509608834 'Conceptual' 1.2184539990242913 0.13469468950644053
 1.1864406779661016 41 7 2 9 33.49729509608834]
[36.1309838049107 'Conceptual' 1.2184539990242913 0.13469468950644053
 0.9322033898305084 41 7 2 10 36.1309838049107]
[38.04866427702522 'Conceptual' 1.2184539990242913 0.13469468950644053
 0.847457627118644 41 7 2 11 38.04866427702522]
[39.345730415746914 'Conceptual' 1.2184539990242913 0.13469468950644053
 0.7966101694915253 41 7 2 12 39.345730415746914]
[40.05606368291119 'Conceptual' 1.2184539990242913 0.13469468950644053
 0.6610169491525423 41 7 2 13 40.05606368291119]
[40.276446604787274 'Conceptual' 1.2184539990242913 0.13469468950644053
 0.559322033898305 41 7 2 14 40.276446604787274]
[40.15882333494818 'Conceptual' 1.2184539990242913 0.13469468950644053
 0.4915254237288135 41 7 2 15 40.15882333494818]
[39.87348131390044 'Conceptual' 1.2184539990242913 0.13469468950644053
 0.423728813559322 41 7 2 16 39.87348131390044]
[39.58899704880444 'Conceptual' 1.2184539990242913 0.13469468950644053
 0.45762711864406774 41 7 2 17 39.58899704880444]
[39.4647878302068 'Conceptual' 1.2184539990242913 0.13469468950644053
 0.423728813559322 41 7 2 18 39.4647878302068]
[39.61806367370091 'Conceptual' 1.2184539990242913 0.13469468950644053
 0.4915254237288135 41 7 2 19 39.61806367370091]
[0.0 'Conceptual' 1.2184539990242913 0.13469468950644053 0.0 41 7 3 0 0.0]
[3.9194248922151966 'Conceptual' 1.2184539990242913 0.13469468950644053
 0.1694915254237288 41 7 3 1 3.9194248922151966]
[7.975039865780261 'Conceptual' 1.2184539990242913 0.13469468950644053
 0.1694915254237288 41 7 3 2 7.975039865780261]
[12.245646564371796 'Conceptual' 1.2184539990242913 0.13469468950644053
 0.1694915254237288 41 7 3 3 12.245646564371796]
[16.51032984135172 'Conceptual' 1.2184539990242913 0.13469468950644053
 3.389830508474576 41 7 3 4 16.51032984135172]
[20.05554522805816 'Conceptual' 1.2184539990242913 0.13469468950644053
 1.3389830508474576 41 7 3 5 20.05554522805816]
[23.221540889153854 'Conceptual' 1.2184539990242913 0.13469468950644053
 1.3559322033898304 41 7 3 6 23.221540889153854]
[27.284562438344594 'Conceptual' 1.2184539990242913 0.13469468950644053
 1.8644067796610169 41 7 3 7 27.284562438344594]
[30.12837797551724 'Conceptual' 1.2184539990242913 0.13469468950644053
 1.6101694915254237 41 7 3 8 30.12837797551724]
[33.49729509608834 'Conceptual' 1.2184539990242913 0.13469468950644053
 1.1864406779661016 41 7 3 9 33.49729509608834]
[36.1309838049107 'Conceptual' 1.2184539990242913 0.13469468950644053
 0.9322033898305084 41 7 3 10 36.1309838049107]
[38.04866427702522 'Conceptual' 1.2184539990242913 0.13469468950644053
 0.847457627118644 41 7 3 11 38.04866427702522]
[39.345730415746914 'Conceptual' 1.2184539990242913 0.13469468950644053
 0.7966101694915253 41 7 3 12 39.345730415746914]
[40.05606368291119 'Conceptual' 1.2184539990242913 0.13469468950644053
 0.6610169491525423 41 7 3 13 40.05606368291119]
[40.276446604787274 'Conceptual' 1.2184539990242913 0.13469468950644053
 0.559322033898305 41 7 3 14 40.276446604787274]
[40.15882333494818 'Conceptual' 1.2184539990242913 0.13469468950644053
 0.4915254237288135 41 7 3 15 40.15882333494818]
[39.87348131390044 'Conceptual' 1.2184539990242913 0.13469468950644053
 0.423728813559322 41 7 3 16 39.87348131390044]
[39.58899704880444 'Conceptual' 1.2184539990242913 0.13469468950644053
 0.45762711864406774 41 7 3 17 39.58899704880444]
[39.4647878302068 'Conceptual' 1.2184539990242913 0.13469468950644053
 0.423728813559322 41 7 3 18 39.4647878302068]
[39.61806367370091 'Conceptual' 1.2184539990242913 0.13469468950644053
 0.4915254237288135 41 7 3 19 39.61806367370091]
[0.0 'Conceptual' 1.2184539990242913 0.13469468950644053 0.0 41 7 4 0 0.0]
[3.9194248922151966 'Conceptual' 1.2184539990242913 0.13469468950644053
 0.1694915254237288 41 7 4 1 3.9194248922151966]
[7.975039865780261 'Conceptual' 1.2184539990242913 0.13469468950644053
 0.1694915254237288 41 7 4 2 7.975039865780261]
[12.245646564371796 'Conceptual' 1.2184539990242913 0.13469468950644053
 0.1694915254237288 41 7 4 3 12.245646564371796]
[16.51032984135172 'Conceptual' 1.2184539990242913 0.13469468950644053
 3.389830508474576 41 7 4 4 16.51032984135172]
[20.05554522805816 'Conceptual' 1.2184539990242913 0.13469468950644053
 1.3389830508474576 41 7 4 5 20.05554522805816]
[23.221540889153854 'Conceptual' 1.2184539990242913 0.13469468950644053
 1.3559322033898304 41 7 4 6 23.221540889153854]
[27.284562438344594 'Conceptual' 1.2184539990242913 0.13469468950644053
 1.8644067796610169 41 7 4 7 27.284562438344594]
[30.12837797551724 'Conceptual' 1.2184539990242913 0.13469468950644053
 1.6101694915254237 41 7 4 8 30.12837797551724]
[33.49729509608834 'Conceptual' 1.2184539990242913 0.13469468950644053
 1.1864406779661016 41 7 4 9 33.49729509608834]
[36.1309838049107 'Conceptual' 1.2184539990242913 0.13469468950644053
 0.9322033898305084 41 7 4 10 36.1309838049107]
[38.04866427702522 'Conceptual' 1.2184539990242913 0.13469468950644053
 0.847457627118644 41 7 4 11 38.04866427702522]
[39.345730415746914 'Conceptual' 1.2184539990242913 0.13469468950644053
 0.7966101694915253 41 7 4 12 39.345730415746914]
[40.05606368291119 'Conceptual' 1.2184539990242913 0.13469468950644053
 0.6610169491525423 41 7 4 13 40.05606368291119]
[40.276446604787274 'Conceptual' 1.2184539990242913 0.13469468950644053
 0.559322033898305 41 7 4 14 40.276446604787274]
[40.15882333494818 'Conceptual' 1.2184539990242913 0.13469468950644053
 0.4915254237288135 41 7 4 15 40.15882333494818]
[39.87348131390044 'Conceptual' 1.2184539990242913 0.13469468950644053
 0.423728813559322 41 7 4 16 39.87348131390044]
[39.58899704880444 'Conceptual' 1.2184539990242913 0.13469468950644053
 0.45762711864406774 41 7 4 17 39.58899704880444]
[39.4647878302068 'Conceptual' 1.2184539990242913 0.13469468950644053
 0.423728813559322 41 7 4 18 39.4647878302068]
[39.61806367370091 'Conceptual' 1.2184539990242913 0.13469468950644053
 0.4915254237288135 41 7 4 19 39.61806367370091]
[0.0 'Conceptual' 1.2184539990242913 0.13469468950644053 0.0 41 7 5 0 0.0]
[3.9194248922151966 'Conceptual' 1.2184539990242913 0.13469468950644053
 0.1694915254237288 41 7 5 1 3.9194248922151966]
[7.975039865780261 'Conceptual' 1.2184539990242913 0.13469468950644053
 0.1694915254237288 41 7 5 2 7.975039865780261]
[12.245646564371796 'Conceptual' 1.2184539990242913 0.13469468950644053
 0.1694915254237288 41 7 5 3 12.245646564371796]
[16.51032984135172 'Conceptual' 1.2184539990242913 0.13469468950644053
 3.389830508474576 41 7 5 4 16.51032984135172]
[20.05554522805816 'Conceptual' 1.2184539990242913 0.13469468950644053
 1.3389830508474576 41 7 5 5 20.05554522805816]
[23.221540889153854 'Conceptual' 1.2184539990242913 0.13469468950644053
 1.3559322033898304 41 7 5 6 23.221540889153854]
[27.284562438344594 'Conceptual' 1.2184539990242913 0.13469468950644053
 1.8644067796610169 41 7 5 7 27.284562438344594]
[30.12837797551724 'Conceptual' 1.2184539990242913 0.13469468950644053
 1.6101694915254237 41 7 5 8 30.12837797551724]
[33.49729509608834 'Conceptual' 1.2184539990242913 0.13469468950644053
 1.1864406779661016 41 7 5 9 33.49729509608834]
[36.1309838049107 'Conceptual' 1.2184539990242913 0.13469468950644053
 0.9322033898305084 41 7 5 10 36.1309838049107]
[38.04866427702522 'Conceptual' 1.2184539990242913 0.13469468950644053
 0.847457627118644 41 7 5 11 38.04866427702522]
[39.345730415746914 'Conceptual' 1.2184539990242913 0.13469468950644053
 0.7966101694915253 41 7 5 12 39.345730415746914]
[40.05606368291119 'Conceptual' 1.2184539990242913 0.13469468950644053
 0.6610169491525423 41 7 5 13 40.05606368291119]
[40.276446604787274 'Conceptual' 1.2184539990242913 0.13469468950644053
 0.559322033898305 41 7 5 14 40.276446604787274]
[40.15882333494818 'Conceptual' 1.2184539990242913 0.13469468950644053
 0.4915254237288135 41 7 5 15 40.15882333494818]
[39.87348131390044 'Conceptual' 1.2184539990242913 0.13469468950644053
 0.423728813559322 41 7 5 16 39.87348131390044]
[39.58899704880444 'Conceptual' 1.2184539990242913 0.13469468950644053
 0.45762711864406774 41 7 5 17 39.58899704880444]
[39.4647878302068 'Conceptual' 1.2184539990242913 0.13469468950644053
 0.423728813559322 41 7 5 18 39.4647878302068]
[39.61806367370091 'Conceptual' 1.2184539990242913 0.13469468950644053
 0.4915254237288135 41 7 5 19 39.61806367370091]
[0.0 'Conceptual' 1.2184539990242913 0.13469468950644053 0.0 41 7 6 0 0.0]
[3.9194248922151966 'Conceptual' 1.2184539990242913 0.13469468950644053
 0.1694915254237288 41 7 6 1 3.9194248922151966]
[7.975039865780261 'Conceptual' 1.2184539990242913 0.13469468950644053
 0.1694915254237288 41 7 6 2 7.975039865780261]
[12.245646564371796 'Conceptual' 1.2184539990242913 0.13469468950644053
 0.1694915254237288 41 7 6 3 12.245646564371796]
[16.51032984135172 'Conceptual' 1.2184539990242913 0.13469468950644053
 3.389830508474576 41 7 6 4 16.51032984135172]
[20.05554522805816 'Conceptual' 1.2184539990242913 0.13469468950644053
 1.3389830508474576 41 7 6 5 20.05554522805816]
[23.221540889153854 'Conceptual' 1.2184539990242913 0.13469468950644053
 1.3559322033898304 41 7 6 6 23.221540889153854]
[27.284562438344594 'Conceptual' 1.2184539990242913 0.13469468950644053
 1.8644067796610169 41 7 6 7 27.284562438344594]
[30.12837797551724 'Conceptual' 1.2184539990242913 0.13469468950644053
 1.6101694915254237 41 7 6 8 30.12837797551724]
[33.49729509608834 'Conceptual' 1.2184539990242913 0.13469468950644053
 1.1864406779661016 41 7 6 9 33.49729509608834]
[36.1309838049107 'Conceptual' 1.2184539990242913 0.13469468950644053
 0.9322033898305084 41 7 6 10 36.1309838049107]
[38.04866427702522 'Conceptual' 1.2184539990242913 0.13469468950644053
 0.847457627118644 41 7 6 11 38.04866427702522]
[39.345730415746914 'Conceptual' 1.2184539990242913 0.13469468950644053
 0.7966101694915253 41 7 6 12 39.345730415746914]
[40.05606368291119 'Conceptual' 1.2184539990242913 0.13469468950644053
 0.6610169491525423 41 7 6 13 40.05606368291119]
[40.276446604787274 'Conceptual' 1.2184539990242913 0.13469468950644053
 0.559322033898305 41 7 6 14 40.276446604787274]
[40.15882333494818 'Conceptual' 1.2184539990242913 0.13469468950644053
 0.4915254237288135 41 7 6 15 40.15882333494818]
[39.87348131390044 'Conceptual' 1.2184539990242913 0.13469468950644053
 0.423728813559322 41 7 6 16 39.87348131390044]
[39.58899704880444 'Conceptual' 1.2184539990242913 0.13469468950644053
 0.45762711864406774 41 7 6 17 39.58899704880444]
[39.4647878302068 'Conceptual' 1.2184539990242913 0.13469468950644053
 0.423728813559322 41 7 6 18 39.4647878302068]
[39.61806367370091 'Conceptual' 1.2184539990242913 0.13469468950644053
 0.4915254237288135 41 7 6 19 39.61806367370091]
[0.0 'Conceptual' 1.2184539990242913 0.13469468950644053 0.0 41 7 8 0 0.0]
[3.9194248922151966 'Conceptual' 1.2184539990242913 0.13469468950644053
 0.1694915254237288 41 7 8 1 3.9194248922151966]
[7.975039865780261 'Conceptual' 1.2184539990242913 0.13469468950644053
 0.1694915254237288 41 7 8 2 7.975039865780261]
[12.245646564371796 'Conceptual' 1.2184539990242913 0.13469468950644053
 0.1694915254237288 41 7 8 3 12.245646564371796]
[16.51032984135172 'Conceptual' 1.2184539990242913 0.13469468950644053
 3.389830508474576 41 7 8 4 16.51032984135172]
[20.05554522805816 'Conceptual' 1.2184539990242913 0.13469468950644053
 1.3389830508474576 41 7 8 5 20.05554522805816]
[23.221540889153854 'Conceptual' 1.2184539990242913 0.13469468950644053
 1.3559322033898304 41 7 8 6 23.221540889153854]
[27.284562438344594 'Conceptual' 1.2184539990242913 0.13469468950644053
 1.8644067796610169 41 7 8 7 27.284562438344594]
[30.12837797551724 'Conceptual' 1.2184539990242913 0.13469468950644053
 1.6101694915254237 41 7 8 8 30.12837797551724]
[33.49729509608834 'Conceptual' 1.2184539990242913 0.13469468950644053
 1.1864406779661016 41 7 8 9 33.49729509608834]
[36.1309838049107 'Conceptual' 1.2184539990242913 0.13469468950644053
 0.9322033898305084 41 7 8 10 36.1309838049107]
[38.04866427702522 'Conceptual' 1.2184539990242913 0.13469468950644053
 0.847457627118644 41 7 8 11 38.04866427702522]
[39.345730415746914 'Conceptual' 1.2184539990242913 0.13469468950644053
 0.7966101694915253 41 7 8 12 39.345730415746914]
[40.05606368291119 'Conceptual' 1.2184539990242913 0.13469468950644053
 0.6610169491525423 41 7 8 13 40.05606368291119]
[40.276446604787274 'Conceptual' 1.2184539990242913 0.13469468950644053
 0.559322033898305 41 7 8 14 40.276446604787274]
[40.15882333494818 'Conceptual' 1.2184539990242913 0.13469468950644053
 0.4915254237288135 41 7 8 15 40.15882333494818]
[39.87348131390044 'Conceptual' 1.2184539990242913 0.13469468950644053
 0.423728813559322 41 7 8 16 39.87348131390044]
[39.58899704880444 'Conceptual' 1.2184539990242913 0.13469468950644053
 0.45762711864406774 41 7 8 17 39.58899704880444]
[39.4647878302068 'Conceptual' 1.2184539990242913 0.13469468950644053
 0.423728813559322 41 7 8 18 39.4647878302068]
[39.61806367370091 'Conceptual' 1.2184539990242913 0.13469468950644053
 0.4915254237288135 41 7 8 19 39.61806367370091]
