[0.0 'Conceptual' 1.2228380748645966 0.00979025535602243 0.0 46 0 1 0 0.0]
[4.0540426956051885 'Conceptual' 1.2228380748645966 0.00979025535602243
 0.1694915254237288 46 0 1 1 4.0540426956051885]
[8.055601011261956 'Conceptual' 1.2228380748645966 0.00979025535602243
 1.5084745762711864 46 0 1 2 8.055601011261956]
[11.820009347888618 'Conceptual' 1.2228380748645966 0.00979025535602243
 1.3389830508474576 46 0 1 3 11.820009347888618]
[15.817091742290913 'Conceptual' 1.2228380748645966 0.00979025535602243
 0.9999999999999999 46 0 1 4 15.817091742290913]
[19.02491244321726 'Conceptual' 1.2228380748645966 0.00979025535602243
 0.1694915254237288 46 0 1 5 19.02491244321726]
[21.490245937137114 'Conceptual' 1.2228380748645966 0.00979025535602243
 0.1694915254237288 46 0 1 6 21.490245937137114]
[24.50159274871651 'Conceptual' 1.2228380748645966 0.00979025535602243
 0.9322033898305084 46 0 1 7 24.50159274871651]
[27.118865452747222 'Conceptual' 1.2228380748645966 0.00979025535602243
 1.1864406779661016 46 0 1 8 27.118865452747222]
[28.594165425476277 'Conceptual' 1.2228380748645966 0.00979025535602243
 1.1694915254237288 46 0 1 9 28.594165425476277]
[29.540402826113297 'Conceptual' 1.2228380748645966 0.00979025535602243
 1.0677966101694913 46 0 1 10 29.540402826113297]
[30.078127674560204 'Conceptual' 1.2228380748645966 0.00979025535602243
 1.0169491525423728 46 0 1 11 30.078127674560204]
[30.349775185158123 'Conceptual' 1.2228380748645966 0.00979025535602243
 0.9322033898305084 46 0 1 12 30.349775185158123]
[30.472573380690612 'Conceptual' 1.2228380748645966 0.00979025535602243
 0.8983050847457626 46 0 1 13 30.472573380690612]
[35.1719835749733 'Conceptual' 1.2228380748645966 0.00979025535602243
 0.8983050847457626 46 0 1 14 35.1719835749733]
[39.62558132600473 'Conceptual' 1.2228380748645966 0.00979025535602243
 0.847457627118644 46 0 1 15 39.62558132600473]
[43.99149730359699 'Conceptual' 1.2228380748645966 0.00979025535602243
 0.847457627118644 46 0 1 16 43.99149730359699]
[44.79460245457324 'Conceptual' 1.2228380748645966 0.00979025535602243
 0.8305084745762711 46 0 1 17 44.79460245457324]
[49.42262166805601 'Conceptual' 1.2228380748645966 0.00979025535602243
 0.7627118644067796 46 0 1 18 49.42262166805601]
[50.68559287915275 'Conceptual' 1.2228380748645966 0.00979025535602243
 0.7288135593220338 46 0 1 19 50.68559287915275]
[0.0 'Conceptual' 1.2228380748645966 0.00979025535602243 0.0 46 0 2 0 0.0]
[4.0540426956051885 'Conceptual' 1.2228380748645966 0.00979025535602243
 0.1694915254237288 46 0 2 1 4.0540426956051885]
[8.055601011261956 'Conceptual' 1.2228380748645966 0.00979025535602243
 1.5084745762711864 46 0 2 2 8.055601011261956]
[11.820009347888618 'Conceptual' 1.2228380748645966 0.00979025535602243
 1.3389830508474576 46 0 2 3 11.820009347888618]
[15.817091742290913 'Conceptual' 1.2228380748645966 0.00979025535602243
 0.9999999999999999 46 0 2 4 15.817091742290913]
[19.02491244321726 'Conceptual' 1.2228380748645966 0.00979025535602243
 0.1694915254237288 46 0 2 5 19.02491244321726]
[21.490245937137114 'Conceptual' 1.2228380748645966 0.00979025535602243
 0.1694915254237288 46 0 2 6 21.490245937137114]
[24.50159274871651 'Conceptual' 1.2228380748645966 0.00979025535602243
 0.9322033898305084 46 0 2 7 24.50159274871651]
[27.118865452747222 'Conceptual' 1.2228380748645966 0.00979025535602243
 1.1864406779661016 46 0 2 8 27.118865452747222]
[28.594165425476277 'Conceptual' 1.2228380748645966 0.00979025535602243
 1.1694915254237288 46 0 2 9 28.594165425476277]
[29.540402826113297 'Conceptual' 1.2228380748645966 0.00979025535602243
 1.0677966101694913 46 0 2 10 29.540402826113297]
[30.078127674560204 'Conceptual' 1.2228380748645966 0.00979025535602243
 1.0169491525423728 46 0 2 11 30.078127674560204]
[30.349775185158123 'Conceptual' 1.2228380748645966 0.00979025535602243
 0.9322033898305084 46 0 2 12 30.349775185158123]
[30.472573380690612 'Conceptual' 1.2228380748645966 0.00979025535602243
 0.8983050847457626 46 0 2 13 30.472573380690612]
[35.1719835749733 'Conceptual' 1.2228380748645966 0.00979025535602243
 0.8983050847457626 46 0 2 14 35.1719835749733]
[39.62558132600473 'Conceptual' 1.2228380748645966 0.00979025535602243
 0.847457627118644 46 0 2 15 39.62558132600473]
[43.99149730359699 'Conceptual' 1.2228380748645966 0.00979025535602243
 0.847457627118644 46 0 2 16 43.99149730359699]
[44.79460245457324 'Conceptual' 1.2228380748645966 0.00979025535602243
 0.8305084745762711 46 0 2 17 44.79460245457324]
[49.42262166805601 'Conceptual' 1.2228380748645966 0.00979025535602243
 0.7627118644067796 46 0 2 18 49.42262166805601]
[50.68559287915275 'Conceptual' 1.2228380748645966 0.00979025535602243
 0.7288135593220338 46 0 2 19 50.68559287915275]
[0.0 'Conceptual' 1.2228380748645966 0.00979025535602243 0.0 46 0 3 0 0.0]
[4.0540426956051885 'Conceptual' 1.2228380748645966 0.00979025535602243
 0.1694915254237288 46 0 3 1 4.0540426956051885]
[8.055601011261956 'Conceptual' 1.2228380748645966 0.00979025535602243
 1.5084745762711864 46 0 3 2 8.055601011261956]
[11.820009347888618 'Conceptual' 1.2228380748645966 0.00979025535602243
 1.3389830508474576 46 0 3 3 11.820009347888618]
[15.817091742290913 'Conceptual' 1.2228380748645966 0.00979025535602243
 0.9999999999999999 46 0 3 4 15.817091742290913]
[19.02491244321726 'Conceptual' 1.2228380748645966 0.00979025535602243
 0.1694915254237288 46 0 3 5 19.02491244321726]
[21.490245937137114 'Conceptual' 1.2228380748645966 0.00979025535602243
 0.1694915254237288 46 0 3 6 21.490245937137114]
[24.50159274871651 'Conceptual' 1.2228380748645966 0.00979025535602243
 0.9322033898305084 46 0 3 7 24.50159274871651]
[27.118865452747222 'Conceptual' 1.2228380748645966 0.00979025535602243
 1.1864406779661016 46 0 3 8 27.118865452747222]
[28.594165425476277 'Conceptual' 1.2228380748645966 0.00979025535602243
 1.1694915254237288 46 0 3 9 28.594165425476277]
[29.540402826113297 'Conceptual' 1.2228380748645966 0.00979025535602243
 1.0677966101694913 46 0 3 10 29.540402826113297]
[30.078127674560204 'Conceptual' 1.2228380748645966 0.00979025535602243
 1.0169491525423728 46 0 3 11 30.078127674560204]
[30.349775185158123 'Conceptual' 1.2228380748645966 0.00979025535602243
 0.9322033898305084 46 0 3 12 30.349775185158123]
[30.472573380690612 'Conceptual' 1.2228380748645966 0.00979025535602243
 0.8983050847457626 46 0 3 13 30.472573380690612]
[35.1719835749733 'Conceptual' 1.2228380748645966 0.00979025535602243
 0.8983050847457626 46 0 3 14 35.1719835749733]
[39.62558132600473 'Conceptual' 1.2228380748645966 0.00979025535602243
 0.847457627118644 46 0 3 15 39.62558132600473]
[43.99149730359699 'Conceptual' 1.2228380748645966 0.00979025535602243
 0.847457627118644 46 0 3 16 43.99149730359699]
[44.79460245457324 'Conceptual' 1.2228380748645966 0.00979025535602243
 0.8305084745762711 46 0 3 17 44.79460245457324]
[49.42262166805601 'Conceptual' 1.2228380748645966 0.00979025535602243
 0.7627118644067796 46 0 3 18 49.42262166805601]
[50.68559287915275 'Conceptual' 1.2228380748645966 0.00979025535602243
 0.7288135593220338 46 0 3 19 50.68559287915275]
[0.0 'Conceptual' 1.2228380748645966 0.00979025535602243 0.0 46 0 4 0 0.0]
[4.0540426956051885 'Conceptual' 1.2228380748645966 0.00979025535602243
 0.1694915254237288 46 0 4 1 4.0540426956051885]
[8.055601011261956 'Conceptual' 1.2228380748645966 0.00979025535602243
 1.5084745762711864 46 0 4 2 8.055601011261956]
[11.820009347888618 'Conceptual' 1.2228380748645966 0.00979025535602243
 1.3389830508474576 46 0 4 3 11.820009347888618]
[15.817091742290913 'Conceptual' 1.2228380748645966 0.00979025535602243
 0.9999999999999999 46 0 4 4 15.817091742290913]
[19.02491244321726 'Conceptual' 1.2228380748645966 0.00979025535602243
 0.1694915254237288 46 0 4 5 19.02491244321726]
[21.490245937137114 'Conceptual' 1.2228380748645966 0.00979025535602243
 0.1694915254237288 46 0 4 6 21.490245937137114]
[24.50159274871651 'Conceptual' 1.2228380748645966 0.00979025535602243
 0.9322033898305084 46 0 4 7 24.50159274871651]
[27.118865452747222 'Conceptual' 1.2228380748645966 0.00979025535602243
 1.1864406779661016 46 0 4 8 27.118865452747222]
[28.594165425476277 'Conceptual' 1.2228380748645966 0.00979025535602243
 1.1694915254237288 46 0 4 9 28.594165425476277]
[29.540402826113297 'Conceptual' 1.2228380748645966 0.00979025535602243
 1.0677966101694913 46 0 4 10 29.540402826113297]
[30.078127674560204 'Conceptual' 1.2228380748645966 0.00979025535602243
 1.0169491525423728 46 0 4 11 30.078127674560204]
[30.349775185158123 'Conceptual' 1.2228380748645966 0.00979025535602243
 0.9322033898305084 46 0 4 12 30.349775185158123]
[30.472573380690612 'Conceptual' 1.2228380748645966 0.00979025535602243
 0.8983050847457626 46 0 4 13 30.472573380690612]
[35.1719835749733 'Conceptual' 1.2228380748645966 0.00979025535602243
 0.8983050847457626 46 0 4 14 35.1719835749733]
[39.62558132600473 'Conceptual' 1.2228380748645966 0.00979025535602243
 0.847457627118644 46 0 4 15 39.62558132600473]
[43.99149730359699 'Conceptual' 1.2228380748645966 0.00979025535602243
 0.847457627118644 46 0 4 16 43.99149730359699]
[44.79460245457324 'Conceptual' 1.2228380748645966 0.00979025535602243
 0.8305084745762711 46 0 4 17 44.79460245457324]
[49.42262166805601 'Conceptual' 1.2228380748645966 0.00979025535602243
 0.7627118644067796 46 0 4 18 49.42262166805601]
[50.68559287915275 'Conceptual' 1.2228380748645966 0.00979025535602243
 0.7288135593220338 46 0 4 19 50.68559287915275]
[0.0 'Conceptual' 1.2228380748645966 0.00979025535602243 0.0 46 0 5 0 0.0]
[4.0540426956051885 'Conceptual' 1.2228380748645966 0.00979025535602243
 0.1694915254237288 46 0 5 1 4.0540426956051885]
[8.055601011261956 'Conceptual' 1.2228380748645966 0.00979025535602243
 1.5084745762711864 46 0 5 2 8.055601011261956]
[11.820009347888618 'Conceptual' 1.2228380748645966 0.00979025535602243
 1.3389830508474576 46 0 5 3 11.820009347888618]
[15.817091742290913 'Conceptual' 1.2228380748645966 0.00979025535602243
 0.9999999999999999 46 0 5 4 15.817091742290913]
[19.02491244321726 'Conceptual' 1.2228380748645966 0.00979025535602243
 0.1694915254237288 46 0 5 5 19.02491244321726]
[21.490245937137114 'Conceptual' 1.2228380748645966 0.00979025535602243
 0.1694915254237288 46 0 5 6 21.490245937137114]
[24.50159274871651 'Conceptual' 1.2228380748645966 0.00979025535602243
 0.9322033898305084 46 0 5 7 24.50159274871651]
[27.118865452747222 'Conceptual' 1.2228380748645966 0.00979025535602243
 1.1864406779661016 46 0 5 8 27.118865452747222]
[28.594165425476277 'Conceptual' 1.2228380748645966 0.00979025535602243
 1.1694915254237288 46 0 5 9 28.594165425476277]
[29.540402826113297 'Conceptual' 1.2228380748645966 0.00979025535602243
 1.0677966101694913 46 0 5 10 29.540402826113297]
[30.078127674560204 'Conceptual' 1.2228380748645966 0.00979025535602243
 1.0169491525423728 46 0 5 11 30.078127674560204]
[30.349775185158123 'Conceptual' 1.2228380748645966 0.00979025535602243
 0.9322033898305084 46 0 5 12 30.349775185158123]
[30.472573380690612 'Conceptual' 1.2228380748645966 0.00979025535602243
 0.8983050847457626 46 0 5 13 30.472573380690612]
[35.1719835749733 'Conceptual' 1.2228380748645966 0.00979025535602243
 0.8983050847457626 46 0 5 14 35.1719835749733]
[39.62558132600473 'Conceptual' 1.2228380748645966 0.00979025535602243
 0.847457627118644 46 0 5 15 39.62558132600473]
[43.99149730359699 'Conceptual' 1.2228380748645966 0.00979025535602243
 0.847457627118644 46 0 5 16 43.99149730359699]
[44.79460245457324 'Conceptual' 1.2228380748645966 0.00979025535602243
 0.8305084745762711 46 0 5 17 44.79460245457324]
[49.42262166805601 'Conceptual' 1.2228380748645966 0.00979025535602243
 0.7627118644067796 46 0 5 18 49.42262166805601]
[50.68559287915275 'Conceptual' 1.2228380748645966 0.00979025535602243
 0.7288135593220338 46 0 5 19 50.68559287915275]
[0.0 'Conceptual' 1.2228380748645966 0.00979025535602243 0.0 46 0 6 0 0.0]
[4.0540426956051885 'Conceptual' 1.2228380748645966 0.00979025535602243
 0.1694915254237288 46 0 6 1 4.0540426956051885]
[8.055601011261956 'Conceptual' 1.2228380748645966 0.00979025535602243
 1.5084745762711864 46 0 6 2 8.055601011261956]
[11.820009347888618 'Conceptual' 1.2228380748645966 0.00979025535602243
 1.3389830508474576 46 0 6 3 11.820009347888618]
[15.817091742290913 'Conceptual' 1.2228380748645966 0.00979025535602243
 0.9999999999999999 46 0 6 4 15.817091742290913]
[19.02491244321726 'Conceptual' 1.2228380748645966 0.00979025535602243
 0.1694915254237288 46 0 6 5 19.02491244321726]
[21.490245937137114 'Conceptual' 1.2228380748645966 0.00979025535602243
 0.1694915254237288 46 0 6 6 21.490245937137114]
[24.50159274871651 'Conceptual' 1.2228380748645966 0.00979025535602243
 0.9322033898305084 46 0 6 7 24.50159274871651]
[27.118865452747222 'Conceptual' 1.2228380748645966 0.00979025535602243
 1.1864406779661016 46 0 6 8 27.118865452747222]
[28.594165425476277 'Conceptual' 1.2228380748645966 0.00979025535602243
 1.1694915254237288 46 0 6 9 28.594165425476277]
[29.540402826113297 'Conceptual' 1.2228380748645966 0.00979025535602243
 1.0677966101694913 46 0 6 10 29.540402826113297]
[30.078127674560204 'Conceptual' 1.2228380748645966 0.00979025535602243
 1.0169491525423728 46 0 6 11 30.078127674560204]
[30.349775185158123 'Conceptual' 1.2228380748645966 0.00979025535602243
 0.9322033898305084 46 0 6 12 30.349775185158123]
[30.472573380690612 'Conceptual' 1.2228380748645966 0.00979025535602243
 0.8983050847457626 46 0 6 13 30.472573380690612]
[35.1719835749733 'Conceptual' 1.2228380748645966 0.00979025535602243
 0.8983050847457626 46 0 6 14 35.1719835749733]
[39.62558132600473 'Conceptual' 1.2228380748645966 0.00979025535602243
 0.847457627118644 46 0 6 15 39.62558132600473]
[43.99149730359699 'Conceptual' 1.2228380748645966 0.00979025535602243
 0.847457627118644 46 0 6 16 43.99149730359699]
[44.79460245457324 'Conceptual' 1.2228380748645966 0.00979025535602243
 0.8305084745762711 46 0 6 17 44.79460245457324]
[49.42262166805601 'Conceptual' 1.2228380748645966 0.00979025535602243
 0.7627118644067796 46 0 6 18 49.42262166805601]
[50.68559287915275 'Conceptual' 1.2228380748645966 0.00979025535602243
 0.7288135593220338 46 0 6 19 50.68559287915275]
[0.0 'Conceptual' 1.2228380748645966 0.00979025535602243 0.0 46 0 7 0 0.0]
[4.0540426956051885 'Conceptual' 1.2228380748645966 0.00979025535602243
 0.1694915254237288 46 0 7 1 4.0540426956051885]
[8.055601011261956 'Conceptual' 1.2228380748645966 0.00979025535602243
 1.5084745762711864 46 0 7 2 8.055601011261956]
[11.820009347888618 'Conceptual' 1.2228380748645966 0.00979025535602243
 1.3389830508474576 46 0 7 3 11.820009347888618]
[15.817091742290913 'Conceptual' 1.2228380748645966 0.00979025535602243
 0.9999999999999999 46 0 7 4 15.817091742290913]
[19.02491244321726 'Conceptual' 1.2228380748645966 0.00979025535602243
 0.1694915254237288 46 0 7 5 19.02491244321726]
[21.490245937137114 'Conceptual' 1.2228380748645966 0.00979025535602243
 0.1694915254237288 46 0 7 6 21.490245937137114]
[24.50159274871651 'Conceptual' 1.2228380748645966 0.00979025535602243
 0.9322033898305084 46 0 7 7 24.50159274871651]
[27.118865452747222 'Conceptual' 1.2228380748645966 0.00979025535602243
 1.1864406779661016 46 0 7 8 27.118865452747222]
[28.594165425476277 'Conceptual' 1.2228380748645966 0.00979025535602243
 1.1694915254237288 46 0 7 9 28.594165425476277]
[29.540402826113297 'Conceptual' 1.2228380748645966 0.00979025535602243
 1.0677966101694913 46 0 7 10 29.540402826113297]
[30.078127674560204 'Conceptual' 1.2228380748645966 0.00979025535602243
 1.0169491525423728 46 0 7 11 30.078127674560204]
[30.349775185158123 'Conceptual' 1.2228380748645966 0.00979025535602243
 0.9322033898305084 46 0 7 12 30.349775185158123]
[30.472573380690612 'Conceptual' 1.2228380748645966 0.00979025535602243
 0.8983050847457626 46 0 7 13 30.472573380690612]
[35.1719835749733 'Conceptual' 1.2228380748645966 0.00979025535602243
 0.8983050847457626 46 0 7 14 35.1719835749733]
[39.62558132600473 'Conceptual' 1.2228380748645966 0.00979025535602243
 0.847457627118644 46 0 7 15 39.62558132600473]
[43.99149730359699 'Conceptual' 1.2228380748645966 0.00979025535602243
 0.847457627118644 46 0 7 16 43.99149730359699]
[44.79460245457324 'Conceptual' 1.2228380748645966 0.00979025535602243
 0.8305084745762711 46 0 7 17 44.79460245457324]
[49.42262166805601 'Conceptual' 1.2228380748645966 0.00979025535602243
 0.7627118644067796 46 0 7 18 49.42262166805601]
[50.68559287915275 'Conceptual' 1.2228380748645966 0.00979025535602243
 0.7288135593220338 46 0 7 19 50.68559287915275]
[0.0 'Conceptual' 1.2228380748645966 0.00979025535602243 0.0 46 0 8 0 0.0]
[4.0540426956051885 'Conceptual' 1.2228380748645966 0.00979025535602243
 0.1694915254237288 46 0 8 1 4.0540426956051885]
[8.055601011261956 'Conceptual' 1.2228380748645966 0.00979025535602243
 1.5084745762711864 46 0 8 2 8.055601011261956]
[11.820009347888618 'Conceptual' 1.2228380748645966 0.00979025535602243
 1.3389830508474576 46 0 8 3 11.820009347888618]
[15.817091742290913 'Conceptual' 1.2228380748645966 0.00979025535602243
 0.9999999999999999 46 0 8 4 15.817091742290913]
[19.02491244321726 'Conceptual' 1.2228380748645966 0.00979025535602243
 0.1694915254237288 46 0 8 5 19.02491244321726]
[21.490245937137114 'Conceptual' 1.2228380748645966 0.00979025535602243
 0.1694915254237288 46 0 8 6 21.490245937137114]
[24.50159274871651 'Conceptual' 1.2228380748645966 0.00979025535602243
 0.9322033898305084 46 0 8 7 24.50159274871651]
[27.118865452747222 'Conceptual' 1.2228380748645966 0.00979025535602243
 1.1864406779661016 46 0 8 8 27.118865452747222]
[28.594165425476277 'Conceptual' 1.2228380748645966 0.00979025535602243
 1.1694915254237288 46 0 8 9 28.594165425476277]
[29.540402826113297 'Conceptual' 1.2228380748645966 0.00979025535602243
 1.0677966101694913 46 0 8 10 29.540402826113297]
[30.078127674560204 'Conceptual' 1.2228380748645966 0.00979025535602243
 1.0169491525423728 46 0 8 11 30.078127674560204]
[30.349775185158123 'Conceptual' 1.2228380748645966 0.00979025535602243
 0.9322033898305084 46 0 8 12 30.349775185158123]
[30.472573380690612 'Conceptual' 1.2228380748645966 0.00979025535602243
 0.8983050847457626 46 0 8 13 30.472573380690612]
[35.1719835749733 'Conceptual' 1.2228380748645966 0.00979025535602243
 0.8983050847457626 46 0 8 14 35.1719835749733]
[39.62558132600473 'Conceptual' 1.2228380748645966 0.00979025535602243
 0.847457627118644 46 0 8 15 39.62558132600473]
[43.99149730359699 'Conceptual' 1.2228380748645966 0.00979025535602243
 0.847457627118644 46 0 8 16 43.99149730359699]
[44.79460245457324 'Conceptual' 1.2228380748645966 0.00979025535602243
 0.8305084745762711 46 0 8 17 44.79460245457324]
[49.42262166805601 'Conceptual' 1.2228380748645966 0.00979025535602243
 0.7627118644067796 46 0 8 18 49.42262166805601]
[50.68559287915275 'Conceptual' 1.2228380748645966 0.00979025535602243
 0.7288135593220338 46 0 8 19 50.68559287915275]
