[0.0 'Spatial' 1.3283090554053318 0.0011048418715051678 0.0 24 1 0 0 0.0]
[4.1588830833596715 'Spatial' 1.3283090554053318 0.0011048418715051678
 2.2033898305084745 24 1 0 1 4.1588830833596715]
[8.317764259674211 'Spatial' 1.3283090554053318 0.0011048418715051678
 1.6101694915254237 24 1 0 2 8.317764259674211]
[12.476649250079014 'Spatial' 1.3283090554053318 0.0011048418715051678
 1.3559322033898304 24 1 0 3 12.476649250079014]
[16.635526610985245 'Spatial' 1.3283090554053318 0.0011048418715051678
 1.3389830508474576 24 1 0 4 16.635526610985245]
[20.618803822284963 'Spatial' 1.3283090554053318 0.0011048418715051678
 0.28135593220338984 24 1 0 5 20.618803822284963]
[24.50037801822858 'Spatial' 1.3283090554053318 0.0011048418715051678
 1.0169491525423728 24 1 0 6 24.50037801822858]
[28.685261009285448 'Spatial' 1.3283090554053318 0.0011048418715051678
 1.0169491525423728 24 1 0 7 28.685261009285448]
[31.935996933257563 'Spatial' 1.3283090554053318 0.0011048418715051678
 1.1016949152542372 24 1 0 8 31.935996933257563]
[34.65163390814941 'Spatial' 1.3283090554053318 0.0011048418715051678
 1.1694915254237288 24 1 0 9 34.65163390814941]
[36.863368884640096 'Spatial' 1.3283090554053318 0.0011048418715051678
 1.1694915254237288 24 1 0 10 36.863368884640096]
[39.28979156041378 'Spatial' 1.3283090554053318 0.0011048418715051678
 1.1694915254237288 24 1 0 11 39.28979156041378]
[40.781511159333284 'Spatial' 1.3283090554053318 0.0011048418715051678
 1.1694915254237288 24 1 0 12 40.781511159333284]
[41.88602528428949 'Spatial' 1.3283090554053318 0.0011048418715051678
 1.1694915254237288 24 1 0 13 41.88602528428949]
[42.645518471270286 'Spatial' 1.3283090554053318 0.0011048418715051678
 1.1016949152542372 24 1 0 14 42.645518471270286]
[43.11683597871563 'Spatial' 1.3283090554053318 0.0011048418715051678
 1.0677966101694913 24 1 0 15 43.11683597871563]
[43.32982602915103 'Spatial' 1.3283090554053318 0.0011048418715051678
 1.0677966101694913 24 1 0 16 43.32982602915103]
[43.37277930588201 'Spatial' 1.3283090554053318 0.0011048418715051678
 1.0169491525423728 24 1 0 17 43.37277930588201]
[43.27014435475378 'Spatial' 1.3283090554053318 0.0011048418715051678
 0.9999999999999999 24 1 0 18 43.27014435475378]
[43.10316987108895 'Spatial' 1.3283090554053318 0.0011048418715051678
 0.9322033898305084 24 1 0 19 43.10316987108895]
[0.0 'Spatial' 1.3283090554053318 0.0011048418715051678 0.0 24 1 2 0 0.0]
[4.1588830833596715 'Spatial' 1.3283090554053318 0.0011048418715051678
 2.2033898305084745 24 1 2 1 4.1588830833596715]
[8.317764259674211 'Spatial' 1.3283090554053318 0.0011048418715051678
 1.6101694915254237 24 1 2 2 8.317764259674211]
[12.476649250079014 'Spatial' 1.3283090554053318 0.0011048418715051678
 1.3559322033898304 24 1 2 3 12.476649250079014]
[16.635526610985245 'Spatial' 1.3283090554053318 0.0011048418715051678
 1.3389830508474576 24 1 2 4 16.635526610985245]
[20.618803822284963 'Spatial' 1.3283090554053318 0.0011048418715051678
 0.28135593220338984 24 1 2 5 20.618803822284963]
[24.50037801822858 'Spatial' 1.3283090554053318 0.0011048418715051678
 1.0169491525423728 24 1 2 6 24.50037801822858]
[28.685261009285448 'Spatial' 1.3283090554053318 0.0011048418715051678
 1.0169491525423728 24 1 2 7 28.685261009285448]
[31.935996933257563 'Spatial' 1.3283090554053318 0.0011048418715051678
 1.1016949152542372 24 1 2 8 31.935996933257563]
[34.65163390814941 'Spatial' 1.3283090554053318 0.0011048418715051678
 1.1694915254237288 24 1 2 9 34.65163390814941]
[36.863368884640096 'Spatial' 1.3283090554053318 0.0011048418715051678
 1.1694915254237288 24 1 2 10 36.863368884640096]
[39.28979156041378 'Spatial' 1.3283090554053318 0.0011048418715051678
 1.1694915254237288 24 1 2 11 39.28979156041378]
[40.781511159333284 'Spatial' 1.3283090554053318 0.0011048418715051678
 1.1694915254237288 24 1 2 12 40.781511159333284]
[41.88602528428949 'Spatial' 1.3283090554053318 0.0011048418715051678
 1.1694915254237288 24 1 2 13 41.88602528428949]
[42.645518471270286 'Spatial' 1.3283090554053318 0.0011048418715051678
 1.1016949152542372 24 1 2 14 42.645518471270286]
[43.11683597871563 'Spatial' 1.3283090554053318 0.0011048418715051678
 1.0677966101694913 24 1 2 15 43.11683597871563]
[43.32982602915103 'Spatial' 1.3283090554053318 0.0011048418715051678
 1.0677966101694913 24 1 2 16 43.32982602915103]
[43.37277930588201 'Spatial' 1.3283090554053318 0.0011048418715051678
 1.0169491525423728 24 1 2 17 43.37277930588201]
[43.27014435475378 'Spatial' 1.3283090554053318 0.0011048418715051678
 0.9999999999999999 24 1 2 18 43.27014435475378]
[43.10316987108895 'Spatial' 1.3283090554053318 0.0011048418715051678
 0.9322033898305084 24 1 2 19 43.10316987108895]
[0.0 'Spatial' 1.3283090554053318 0.0011048418715051678 0.0 24 1 3 0 0.0]
[4.1588830833596715 'Spatial' 1.3283090554053318 0.0011048418715051678
 2.2033898305084745 24 1 3 1 4.1588830833596715]
[8.317764259674211 'Spatial' 1.3283090554053318 0.0011048418715051678
 1.6101694915254237 24 1 3 2 8.317764259674211]
[12.476649250079014 'Spatial' 1.3283090554053318 0.0011048418715051678
 1.3559322033898304 24 1 3 3 12.476649250079014]
[16.635526610985245 'Spatial' 1.3283090554053318 0.0011048418715051678
 1.3389830508474576 24 1 3 4 16.635526610985245]
[20.618803822284963 'Spatial' 1.3283090554053318 0.0011048418715051678
 0.28135593220338984 24 1 3 5 20.618803822284963]
[24.50037801822858 'Spatial' 1.3283090554053318 0.0011048418715051678
 1.0169491525423728 24 1 3 6 24.50037801822858]
[28.685261009285448 'Spatial' 1.3283090554053318 0.0011048418715051678
 1.0169491525423728 24 1 3 7 28.685261009285448]
[31.935996933257563 'Spatial' 1.3283090554053318 0.0011048418715051678
 1.1016949152542372 24 1 3 8 31.935996933257563]
[34.65163390814941 'Spatial' 1.3283090554053318 0.0011048418715051678
 1.1694915254237288 24 1 3 9 34.65163390814941]
[36.863368884640096 'Spatial' 1.3283090554053318 0.0011048418715051678
 1.1694915254237288 24 1 3 10 36.863368884640096]
[39.28979156041378 'Spatial' 1.3283090554053318 0.0011048418715051678
 1.1694915254237288 24 1 3 11 39.28979156041378]
[40.781511159333284 'Spatial' 1.3283090554053318 0.0011048418715051678
 1.1694915254237288 24 1 3 12 40.781511159333284]
[41.88602528428949 'Spatial' 1.3283090554053318 0.0011048418715051678
 1.1694915254237288 24 1 3 13 41.88602528428949]
[42.645518471270286 'Spatial' 1.3283090554053318 0.0011048418715051678
 1.1016949152542372 24 1 3 14 42.645518471270286]
[43.11683597871563 'Spatial' 1.3283090554053318 0.0011048418715051678
 1.0677966101694913 24 1 3 15 43.11683597871563]
[43.32982602915103 'Spatial' 1.3283090554053318 0.0011048418715051678
 1.0677966101694913 24 1 3 16 43.32982602915103]
[43.37277930588201 'Spatial' 1.3283090554053318 0.0011048418715051678
 1.0169491525423728 24 1 3 17 43.37277930588201]
[43.27014435475378 'Spatial' 1.3283090554053318 0.0011048418715051678
 0.9999999999999999 24 1 3 18 43.27014435475378]
[43.10316987108895 'Spatial' 1.3283090554053318 0.0011048418715051678
 0.9322033898305084 24 1 3 19 43.10316987108895]
[0.0 'Spatial' 1.3283090554053318 0.0011048418715051678 0.0 24 1 4 0 0.0]
[4.1588830833596715 'Spatial' 1.3283090554053318 0.0011048418715051678
 2.2033898305084745 24 1 4 1 4.1588830833596715]
[8.317764259674211 'Spatial' 1.3283090554053318 0.0011048418715051678
 1.6101694915254237 24 1 4 2 8.317764259674211]
[12.476649250079014 'Spatial' 1.3283090554053318 0.0011048418715051678
 1.3559322033898304 24 1 4 3 12.476649250079014]
[16.635526610985245 'Spatial' 1.3283090554053318 0.0011048418715051678
 1.3389830508474576 24 1 4 4 16.635526610985245]
[20.618803822284963 'Spatial' 1.3283090554053318 0.0011048418715051678
 0.28135593220338984 24 1 4 5 20.618803822284963]
[24.50037801822858 'Spatial' 1.3283090554053318 0.0011048418715051678
 1.0169491525423728 24 1 4 6 24.50037801822858]
[28.685261009285448 'Spatial' 1.3283090554053318 0.0011048418715051678
 1.0169491525423728 24 1 4 7 28.685261009285448]
[31.935996933257563 'Spatial' 1.3283090554053318 0.0011048418715051678
 1.1016949152542372 24 1 4 8 31.935996933257563]
[34.65163390814941 'Spatial' 1.3283090554053318 0.0011048418715051678
 1.1694915254237288 24 1 4 9 34.65163390814941]
[36.863368884640096 'Spatial' 1.3283090554053318 0.0011048418715051678
 1.1694915254237288 24 1 4 10 36.863368884640096]
[39.28979156041378 'Spatial' 1.3283090554053318 0.0011048418715051678
 1.1694915254237288 24 1 4 11 39.28979156041378]
[40.781511159333284 'Spatial' 1.3283090554053318 0.0011048418715051678
 1.1694915254237288 24 1 4 12 40.781511159333284]
[41.88602528428949 'Spatial' 1.3283090554053318 0.0011048418715051678
 1.1694915254237288 24 1 4 13 41.88602528428949]
[42.645518471270286 'Spatial' 1.3283090554053318 0.0011048418715051678
 1.1016949152542372 24 1 4 14 42.645518471270286]
[43.11683597871563 'Spatial' 1.3283090554053318 0.0011048418715051678
 1.0677966101694913 24 1 4 15 43.11683597871563]
[43.32982602915103 'Spatial' 1.3283090554053318 0.0011048418715051678
 1.0677966101694913 24 1 4 16 43.32982602915103]
[43.37277930588201 'Spatial' 1.3283090554053318 0.0011048418715051678
 1.0169491525423728 24 1 4 17 43.37277930588201]
[43.27014435475378 'Spatial' 1.3283090554053318 0.0011048418715051678
 0.9999999999999999 24 1 4 18 43.27014435475378]
[43.10316987108895 'Spatial' 1.3283090554053318 0.0011048418715051678
 0.9322033898305084 24 1 4 19 43.10316987108895]
[0.0 'Spatial' 1.3283090554053318 0.0011048418715051678 0.0 24 1 5 0 0.0]
[4.1588830833596715 'Spatial' 1.3283090554053318 0.0011048418715051678
 2.2033898305084745 24 1 5 1 4.1588830833596715]
[8.317764259674211 'Spatial' 1.3283090554053318 0.0011048418715051678
 1.6101694915254237 24 1 5 2 8.317764259674211]
[12.476649250079014 'Spatial' 1.3283090554053318 0.0011048418715051678
 1.3559322033898304 24 1 5 3 12.476649250079014]
[16.635526610985245 'Spatial' 1.3283090554053318 0.0011048418715051678
 1.3389830508474576 24 1 5 4 16.635526610985245]
[20.618803822284963 'Spatial' 1.3283090554053318 0.0011048418715051678
 0.28135593220338984 24 1 5 5 20.618803822284963]
[24.50037801822858 'Spatial' 1.3283090554053318 0.0011048418715051678
 1.0169491525423728 24 1 5 6 24.50037801822858]
[28.685261009285448 'Spatial' 1.3283090554053318 0.0011048418715051678
 1.0169491525423728 24 1 5 7 28.685261009285448]
[31.935996933257563 'Spatial' 1.3283090554053318 0.0011048418715051678
 1.1016949152542372 24 1 5 8 31.935996933257563]
[34.65163390814941 'Spatial' 1.3283090554053318 0.0011048418715051678
 1.1694915254237288 24 1 5 9 34.65163390814941]
[36.863368884640096 'Spatial' 1.3283090554053318 0.0011048418715051678
 1.1694915254237288 24 1 5 10 36.863368884640096]
[39.28979156041378 'Spatial' 1.3283090554053318 0.0011048418715051678
 1.1694915254237288 24 1 5 11 39.28979156041378]
[40.781511159333284 'Spatial' 1.3283090554053318 0.0011048418715051678
 1.1694915254237288 24 1 5 12 40.781511159333284]
[41.88602528428949 'Spatial' 1.3283090554053318 0.0011048418715051678
 1.1694915254237288 24 1 5 13 41.88602528428949]
[42.645518471270286 'Spatial' 1.3283090554053318 0.0011048418715051678
 1.1016949152542372 24 1 5 14 42.645518471270286]
[43.11683597871563 'Spatial' 1.3283090554053318 0.0011048418715051678
 1.0677966101694913 24 1 5 15 43.11683597871563]
[43.32982602915103 'Spatial' 1.3283090554053318 0.0011048418715051678
 1.0677966101694913 24 1 5 16 43.32982602915103]
[43.37277930588201 'Spatial' 1.3283090554053318 0.0011048418715051678
 1.0169491525423728 24 1 5 17 43.37277930588201]
[43.27014435475378 'Spatial' 1.3283090554053318 0.0011048418715051678
 0.9999999999999999 24 1 5 18 43.27014435475378]
[43.10316987108895 'Spatial' 1.3283090554053318 0.0011048418715051678
 0.9322033898305084 24 1 5 19 43.10316987108895]
[0.0 'Spatial' 1.3283090554053318 0.0011048418715051678 0.0 24 1 6 0 0.0]
[4.1588830833596715 'Spatial' 1.3283090554053318 0.0011048418715051678
 2.2033898305084745 24 1 6 1 4.1588830833596715]
[8.317764259674211 'Spatial' 1.3283090554053318 0.0011048418715051678
 1.6101694915254237 24 1 6 2 8.317764259674211]
[12.476649250079014 'Spatial' 1.3283090554053318 0.0011048418715051678
 1.3559322033898304 24 1 6 3 12.476649250079014]
[16.635526610985245 'Spatial' 1.3283090554053318 0.0011048418715051678
 1.3389830508474576 24 1 6 4 16.635526610985245]
[20.618803822284963 'Spatial' 1.3283090554053318 0.0011048418715051678
 0.28135593220338984 24 1 6 5 20.618803822284963]
[24.50037801822858 'Spatial' 1.3283090554053318 0.0011048418715051678
 1.0169491525423728 24 1 6 6 24.50037801822858]
[28.685261009285448 'Spatial' 1.3283090554053318 0.0011048418715051678
 1.0169491525423728 24 1 6 7 28.685261009285448]
[31.935996933257563 'Spatial' 1.3283090554053318 0.0011048418715051678
 1.1016949152542372 24 1 6 8 31.935996933257563]
[34.65163390814941 'Spatial' 1.3283090554053318 0.0011048418715051678
 1.1694915254237288 24 1 6 9 34.65163390814941]
[36.863368884640096 'Spatial' 1.3283090554053318 0.0011048418715051678
 1.1694915254237288 24 1 6 10 36.863368884640096]
[39.28979156041378 'Spatial' 1.3283090554053318 0.0011048418715051678
 1.1694915254237288 24 1 6 11 39.28979156041378]
[40.781511159333284 'Spatial' 1.3283090554053318 0.0011048418715051678
 1.1694915254237288 24 1 6 12 40.781511159333284]
[41.88602528428949 'Spatial' 1.3283090554053318 0.0011048418715051678
 1.1694915254237288 24 1 6 13 41.88602528428949]
[42.645518471270286 'Spatial' 1.3283090554053318 0.0011048418715051678
 1.1016949152542372 24 1 6 14 42.645518471270286]
[43.11683597871563 'Spatial' 1.3283090554053318 0.0011048418715051678
 1.0677966101694913 24 1 6 15 43.11683597871563]
[43.32982602915103 'Spatial' 1.3283090554053318 0.0011048418715051678
 1.0677966101694913 24 1 6 16 43.32982602915103]
[43.37277930588201 'Spatial' 1.3283090554053318 0.0011048418715051678
 1.0169491525423728 24 1 6 17 43.37277930588201]
[43.27014435475378 'Spatial' 1.3283090554053318 0.0011048418715051678
 0.9999999999999999 24 1 6 18 43.27014435475378]
[43.10316987108895 'Spatial' 1.3283090554053318 0.0011048418715051678
 0.9322033898305084 24 1 6 19 43.10316987108895]
[0.0 'Spatial' 1.3283090554053318 0.0011048418715051678 0.0 24 1 7 0 0.0]
[4.1588830833596715 'Spatial' 1.3283090554053318 0.0011048418715051678
 2.2033898305084745 24 1 7 1 4.1588830833596715]
[8.317764259674211 'Spatial' 1.3283090554053318 0.0011048418715051678
 1.6101694915254237 24 1 7 2 8.317764259674211]
[12.476649250079014 'Spatial' 1.3283090554053318 0.0011048418715051678
 1.3559322033898304 24 1 7 3 12.476649250079014]
[16.635526610985245 'Spatial' 1.3283090554053318 0.0011048418715051678
 1.3389830508474576 24 1 7 4 16.635526610985245]
[20.618803822284963 'Spatial' 1.3283090554053318 0.0011048418715051678
 0.28135593220338984 24 1 7 5 20.618803822284963]
[24.50037801822858 'Spatial' 1.3283090554053318 0.0011048418715051678
 1.0169491525423728 24 1 7 6 24.50037801822858]
[28.685261009285448 'Spatial' 1.3283090554053318 0.0011048418715051678
 1.0169491525423728 24 1 7 7 28.685261009285448]
[31.935996933257563 'Spatial' 1.3283090554053318 0.0011048418715051678
 1.1016949152542372 24 1 7 8 31.935996933257563]
[34.65163390814941 'Spatial' 1.3283090554053318 0.0011048418715051678
 1.1694915254237288 24 1 7 9 34.65163390814941]
[36.863368884640096 'Spatial' 1.3283090554053318 0.0011048418715051678
 1.1694915254237288 24 1 7 10 36.863368884640096]
[39.28979156041378 'Spatial' 1.3283090554053318 0.0011048418715051678
 1.1694915254237288 24 1 7 11 39.28979156041378]
[40.781511159333284 'Spatial' 1.3283090554053318 0.0011048418715051678
 1.1694915254237288 24 1 7 12 40.781511159333284]
[41.88602528428949 'Spatial' 1.3283090554053318 0.0011048418715051678
 1.1694915254237288 24 1 7 13 41.88602528428949]
[42.645518471270286 'Spatial' 1.3283090554053318 0.0011048418715051678
 1.1016949152542372 24 1 7 14 42.645518471270286]
[43.11683597871563 'Spatial' 1.3283090554053318 0.0011048418715051678
 1.0677966101694913 24 1 7 15 43.11683597871563]
[43.32982602915103 'Spatial' 1.3283090554053318 0.0011048418715051678
 1.0677966101694913 24 1 7 16 43.32982602915103]
[43.37277930588201 'Spatial' 1.3283090554053318 0.0011048418715051678
 1.0169491525423728 24 1 7 17 43.37277930588201]
[43.27014435475378 'Spatial' 1.3283090554053318 0.0011048418715051678
 0.9999999999999999 24 1 7 18 43.27014435475378]
[43.10316987108895 'Spatial' 1.3283090554053318 0.0011048418715051678
 0.9322033898305084 24 1 7 19 43.10316987108895]
[0.0 'Spatial' 1.3283090554053318 0.0011048418715051678 0.0 24 1 8 0 0.0]
[4.1588830833596715 'Spatial' 1.3283090554053318 0.0011048418715051678
 2.2033898305084745 24 1 8 1 4.1588830833596715]
[8.317764259674211 'Spatial' 1.3283090554053318 0.0011048418715051678
 1.6101694915254237 24 1 8 2 8.317764259674211]
[12.476649250079014 'Spatial' 1.3283090554053318 0.0011048418715051678
 1.3559322033898304 24 1 8 3 12.476649250079014]
[16.635526610985245 'Spatial' 1.3283090554053318 0.0011048418715051678
 1.3389830508474576 24 1 8 4 16.635526610985245]
[20.618803822284963 'Spatial' 1.3283090554053318 0.0011048418715051678
 0.28135593220338984 24 1 8 5 20.618803822284963]
[24.50037801822858 'Spatial' 1.3283090554053318 0.0011048418715051678
 1.0169491525423728 24 1 8 6 24.50037801822858]
[28.685261009285448 'Spatial' 1.3283090554053318 0.0011048418715051678
 1.0169491525423728 24 1 8 7 28.685261009285448]
[31.935996933257563 'Spatial' 1.3283090554053318 0.0011048418715051678
 1.1016949152542372 24 1 8 8 31.935996933257563]
[34.65163390814941 'Spatial' 1.3283090554053318 0.0011048418715051678
 1.1694915254237288 24 1 8 9 34.65163390814941]
[36.863368884640096 'Spatial' 1.3283090554053318 0.0011048418715051678
 1.1694915254237288 24 1 8 10 36.863368884640096]
[39.28979156041378 'Spatial' 1.3283090554053318 0.0011048418715051678
 1.1694915254237288 24 1 8 11 39.28979156041378]
[40.781511159333284 'Spatial' 1.3283090554053318 0.0011048418715051678
 1.1694915254237288 24 1 8 12 40.781511159333284]
[41.88602528428949 'Spatial' 1.3283090554053318 0.0011048418715051678
 1.1694915254237288 24 1 8 13 41.88602528428949]
[42.645518471270286 'Spatial' 1.3283090554053318 0.0011048418715051678
 1.1016949152542372 24 1 8 14 42.645518471270286]
[43.11683597871563 'Spatial' 1.3283090554053318 0.0011048418715051678
 1.0677966101694913 24 1 8 15 43.11683597871563]
[43.32982602915103 'Spatial' 1.3283090554053318 0.0011048418715051678
 1.0677966101694913 24 1 8 16 43.32982602915103]
[43.37277930588201 'Spatial' 1.3283090554053318 0.0011048418715051678
 1.0169491525423728 24 1 8 17 43.37277930588201]
[43.27014435475378 'Spatial' 1.3283090554053318 0.0011048418715051678
 0.9999999999999999 24 1 8 18 43.27014435475378]
[43.10316987108895 'Spatial' 1.3283090554053318 0.0011048418715051678
 0.9322033898305084 24 1 8 19 43.10316987108895]
