[0.0 'Spatial' 9.48304457433685 19.562460930207163 0.0 38 7 0 0 0.0]
[4.813602599897325 'Spatial' 9.48304457433685 19.562460930207163
 10.169491525423728 38 7 0 1 4.813602599897325]
[7.581588611130152 'Spatial' 9.48304457433685 19.562460930207163
 4.728813559322034 38 7 0 2 7.581588611130152]
[10.967064312305911 'Spatial' 9.48304457433685 19.562460930207163
 3.542372881355932 38 7 0 3 10.967064312305911]
[14.833941729203971 'Spatial' 9.48304457433685 19.562460930207163
 3.389830508474576 38 7 0 4 14.833941729203971]
[18.246543375011083 'Spatial' 9.48304457433685 19.562460930207163
 2.864406779661017 38 7 0 5 18.246543375011083]
[20.922558316034767 'Spatial' 9.48304457433685 19.562460930207163
 2.423728813559322 38 7 0 6 20.922558316034767]
[23.567607354157104 'Spatial' 9.48304457433685 19.562460930207163
 2.254237288135593 38 7 0 7 23.567607354157104]
[26.561776417723735 'Spatial' 9.48304457433685 19.562460930207163
 1.983050847457627 38 7 0 8 26.561776417723735]
[33.272499837957334 'Spatial' 9.48304457433685 19.562460930207163
 1.694915254237288 38 7 0 9 33.272499837957334]
[35.97271150337952 'Spatial' 9.48304457433685 19.562460930207163
 1.5084745762711864 38 7 0 10 35.97271150337952]
[38.22297078790402 'Spatial' 9.48304457433685 19.562460930207163
 1.3559322033898304 38 7 0 11 38.22297078790402]
[42.09330298670408 'Spatial' 9.48304457433685 19.562460930207163
 1.3559322033898304 38 7 0 12 42.09330298670408]
[48.7238143604073 'Spatial' 9.48304457433685 19.562460930207163
 1.2372881355932202 38 7 0 13 48.7238143604073]
[51.4016071922853 'Spatial' 9.48304457433685 19.562460930207163
 1.1864406779661016 38 7 0 14 51.4016071922853]
[54.128528114785745 'Spatial' 9.48304457433685 19.562460930207163
 1.1864406779661016 38 7 0 15 54.128528114785745]
[59.62814967700325 'Spatial' 9.48304457433685 19.562460930207163
 1.1864406779661016 38 7 0 16 59.62814967700325]
[62.651935534365386 'Spatial' 9.48304457433685 19.562460930207163
 1.1694915254237288 38 7 0 17 62.651935534365386]
[65.27709512791242 'Spatial' 9.48304457433685 19.562460930207163
 1.1016949152542372 38 7 0 18 65.27709512791242]
[67.99203496776981 'Spatial' 9.48304457433685 19.562460930207163
 1.0677966101694913 38 7 0 19 67.99203496776981]
[0.0 'Spatial' 9.48304457433685 19.562460930207163 0.0 38 7 1 0 0.0]
[4.813602599897325 'Spatial' 9.48304457433685 19.562460930207163
 10.169491525423728 38 7 1 1 4.813602599897325]
[7.581588611130152 'Spatial' 9.48304457433685 19.562460930207163
 4.728813559322034 38 7 1 2 7.581588611130152]
[10.967064312305911 'Spatial' 9.48304457433685 19.562460930207163
 3.542372881355932 38 7 1 3 10.967064312305911]
[14.833941729203971 'Spatial' 9.48304457433685 19.562460930207163
 3.389830508474576 38 7 1 4 14.833941729203971]
[18.246543375011083 'Spatial' 9.48304457433685 19.562460930207163
 2.864406779661017 38 7 1 5 18.246543375011083]
[20.922558316034767 'Spatial' 9.48304457433685 19.562460930207163
 2.423728813559322 38 7 1 6 20.922558316034767]
[23.567607354157104 'Spatial' 9.48304457433685 19.562460930207163
 2.254237288135593 38 7 1 7 23.567607354157104]
[26.561776417723735 'Spatial' 9.48304457433685 19.562460930207163
 1.983050847457627 38 7 1 8 26.561776417723735]
[33.272499837957334 'Spatial' 9.48304457433685 19.562460930207163
 1.694915254237288 38 7 1 9 33.272499837957334]
[35.97271150337952 'Spatial' 9.48304457433685 19.562460930207163
 1.5084745762711864 38 7 1 10 35.97271150337952]
[38.22297078790402 'Spatial' 9.48304457433685 19.562460930207163
 1.3559322033898304 38 7 1 11 38.22297078790402]
[42.09330298670408 'Spatial' 9.48304457433685 19.562460930207163
 1.3559322033898304 38 7 1 12 42.09330298670408]
[48.7238143604073 'Spatial' 9.48304457433685 19.562460930207163
 1.2372881355932202 38 7 1 13 48.7238143604073]
[51.4016071922853 'Spatial' 9.48304457433685 19.562460930207163
 1.1864406779661016 38 7 1 14 51.4016071922853]
[54.128528114785745 'Spatial' 9.48304457433685 19.562460930207163
 1.1864406779661016 38 7 1 15 54.128528114785745]
[59.62814967700325 'Spatial' 9.48304457433685 19.562460930207163
 1.1864406779661016 38 7 1 16 59.62814967700325]
[62.651935534365386 'Spatial' 9.48304457433685 19.562460930207163
 1.1694915254237288 38 7 1 17 62.651935534365386]
[65.27709512791242 'Spatial' 9.48304457433685 19.562460930207163
 1.1016949152542372 38 7 1 18 65.27709512791242]
[67.99203496776981 'Spatial' 9.48304457433685 19.562460930207163
 1.0677966101694913 38 7 1 19 67.99203496776981]
[0.0 'Spatial' 9.48304457433685 19.562460930207163 0.0 38 7 2 0 0.0]
[4.813602599897325 'Spatial' 9.48304457433685 19.562460930207163
 10.169491525423728 38 7 2 1 4.813602599897325]
[7.581588611130152 'Spatial' 9.48304457433685 19.562460930207163
 4.728813559322034 38 7 2 2 7.581588611130152]
[10.967064312305911 'Spatial' 9.48304457433685 19.562460930207163
 3.542372881355932 38 7 2 3 10.967064312305911]
[14.833941729203971 'Spatial' 9.48304457433685 19.562460930207163
 3.389830508474576 38 7 2 4 14.833941729203971]
[18.246543375011083 'Spatial' 9.48304457433685 19.562460930207163
 2.864406779661017 38 7 2 5 18.246543375011083]
[20.922558316034767 'Spatial' 9.48304457433685 19.562460930207163
 2.423728813559322 38 7 2 6 20.922558316034767]
[23.567607354157104 'Spatial' 9.48304457433685 19.562460930207163
 2.254237288135593 38 7 2 7 23.567607354157104]
[26.561776417723735 'Spatial' 9.48304457433685 19.562460930207163
 1.983050847457627 38 7 2 8 26.561776417723735]
[33.272499837957334 'Spatial' 9.48304457433685 19.562460930207163
 1.694915254237288 38 7 2 9 33.272499837957334]
[35.97271150337952 'Spatial' 9.48304457433685 19.562460930207163
 1.5084745762711864 38 7 2 10 35.97271150337952]
[38.22297078790402 'Spatial' 9.48304457433685 19.562460930207163
 1.3559322033898304 38 7 2 11 38.22297078790402]
[42.09330298670408 'Spatial' 9.48304457433685 19.562460930207163
 1.3559322033898304 38 7 2 12 42.09330298670408]
[48.7238143604073 'Spatial' 9.48304457433685 19.562460930207163
 1.2372881355932202 38 7 2 13 48.7238143604073]
[51.4016071922853 'Spatial' 9.48304457433685 19.562460930207163
 1.1864406779661016 38 7 2 14 51.4016071922853]
[54.128528114785745 'Spatial' 9.48304457433685 19.562460930207163
 1.1864406779661016 38 7 2 15 54.128528114785745]
[59.62814967700325 'Spatial' 9.48304457433685 19.562460930207163
 1.1864406779661016 38 7 2 16 59.62814967700325]
[62.651935534365386 'Spatial' 9.48304457433685 19.562460930207163
 1.1694915254237288 38 7 2 17 62.651935534365386]
[65.27709512791242 'Spatial' 9.48304457433685 19.562460930207163
 1.1016949152542372 38 7 2 18 65.27709512791242]
[67.99203496776981 'Spatial' 9.48304457433685 19.562460930207163
 1.0677966101694913 38 7 2 19 67.99203496776981]
[0.0 'Spatial' 9.48304457433685 19.562460930207163 0.0 38 7 3 0 0.0]
[4.813602599897325 'Spatial' 9.48304457433685 19.562460930207163
 10.169491525423728 38 7 3 1 4.813602599897325]
[7.581588611130152 'Spatial' 9.48304457433685 19.562460930207163
 4.728813559322034 38 7 3 2 7.581588611130152]
[10.967064312305911 'Spatial' 9.48304457433685 19.562460930207163
 3.542372881355932 38 7 3 3 10.967064312305911]
[14.833941729203971 'Spatial' 9.48304457433685 19.562460930207163
 3.389830508474576 38 7 3 4 14.833941729203971]
[18.246543375011083 'Spatial' 9.48304457433685 19.562460930207163
 2.864406779661017 38 7 3 5 18.246543375011083]
[20.922558316034767 'Spatial' 9.48304457433685 19.562460930207163
 2.423728813559322 38 7 3 6 20.922558316034767]
[23.567607354157104 'Spatial' 9.48304457433685 19.562460930207163
 2.254237288135593 38 7 3 7 23.567607354157104]
[26.561776417723735 'Spatial' 9.48304457433685 19.562460930207163
 1.983050847457627 38 7 3 8 26.561776417723735]
[33.272499837957334 'Spatial' 9.48304457433685 19.562460930207163
 1.694915254237288 38 7 3 9 33.272499837957334]
[35.97271150337952 'Spatial' 9.48304457433685 19.562460930207163
 1.5084745762711864 38 7 3 10 35.97271150337952]
[38.22297078790402 'Spatial' 9.48304457433685 19.562460930207163
 1.3559322033898304 38 7 3 11 38.22297078790402]
[42.09330298670408 'Spatial' 9.48304457433685 19.562460930207163
 1.3559322033898304 38 7 3 12 42.09330298670408]
[48.7238143604073 'Spatial' 9.48304457433685 19.562460930207163
 1.2372881355932202 38 7 3 13 48.7238143604073]
[51.4016071922853 'Spatial' 9.48304457433685 19.562460930207163
 1.1864406779661016 38 7 3 14 51.4016071922853]
[54.128528114785745 'Spatial' 9.48304457433685 19.562460930207163
 1.1864406779661016 38 7 3 15 54.128528114785745]
[59.62814967700325 'Spatial' 9.48304457433685 19.562460930207163
 1.1864406779661016 38 7 3 16 59.62814967700325]
[62.651935534365386 'Spatial' 9.48304457433685 19.562460930207163
 1.1694915254237288 38 7 3 17 62.651935534365386]
[65.27709512791242 'Spatial' 9.48304457433685 19.562460930207163
 1.1016949152542372 38 7 3 18 65.27709512791242]
[67.99203496776981 'Spatial' 9.48304457433685 19.562460930207163
 1.0677966101694913 38 7 3 19 67.99203496776981]
[0.0 'Spatial' 9.48304457433685 19.562460930207163 0.0 38 7 4 0 0.0]
[4.813602599897325 'Spatial' 9.48304457433685 19.562460930207163
 10.169491525423728 38 7 4 1 4.813602599897325]
[7.581588611130152 'Spatial' 9.48304457433685 19.562460930207163
 4.728813559322034 38 7 4 2 7.581588611130152]
[10.967064312305911 'Spatial' 9.48304457433685 19.562460930207163
 3.542372881355932 38 7 4 3 10.967064312305911]
[14.833941729203971 'Spatial' 9.48304457433685 19.562460930207163
 3.389830508474576 38 7 4 4 14.833941729203971]
[18.246543375011083 'Spatial' 9.48304457433685 19.562460930207163
 2.864406779661017 38 7 4 5 18.246543375011083]
[20.922558316034767 'Spatial' 9.48304457433685 19.562460930207163
 2.423728813559322 38 7 4 6 20.922558316034767]
[23.567607354157104 'Spatial' 9.48304457433685 19.562460930207163
 2.254237288135593 38 7 4 7 23.567607354157104]
[26.561776417723735 'Spatial' 9.48304457433685 19.562460930207163
 1.983050847457627 38 7 4 8 26.561776417723735]
[33.272499837957334 'Spatial' 9.48304457433685 19.562460930207163
 1.694915254237288 38 7 4 9 33.272499837957334]
[35.97271150337952 'Spatial' 9.48304457433685 19.562460930207163
 1.5084745762711864 38 7 4 10 35.97271150337952]
[38.22297078790402 'Spatial' 9.48304457433685 19.562460930207163
 1.3559322033898304 38 7 4 11 38.22297078790402]
[42.09330298670408 'Spatial' 9.48304457433685 19.562460930207163
 1.3559322033898304 38 7 4 12 42.09330298670408]
[48.7238143604073 'Spatial' 9.48304457433685 19.562460930207163
 1.2372881355932202 38 7 4 13 48.7238143604073]
[51.4016071922853 'Spatial' 9.48304457433685 19.562460930207163
 1.1864406779661016 38 7 4 14 51.4016071922853]
[54.128528114785745 'Spatial' 9.48304457433685 19.562460930207163
 1.1864406779661016 38 7 4 15 54.128528114785745]
[59.62814967700325 'Spatial' 9.48304457433685 19.562460930207163
 1.1864406779661016 38 7 4 16 59.62814967700325]
[62.651935534365386 'Spatial' 9.48304457433685 19.562460930207163
 1.1694915254237288 38 7 4 17 62.651935534365386]
[65.27709512791242 'Spatial' 9.48304457433685 19.562460930207163
 1.1016949152542372 38 7 4 18 65.27709512791242]
[67.99203496776981 'Spatial' 9.48304457433685 19.562460930207163
 1.0677966101694913 38 7 4 19 67.99203496776981]
[0.0 'Spatial' 9.48304457433685 19.562460930207163 0.0 38 7 5 0 0.0]
[4.813602599897325 'Spatial' 9.48304457433685 19.562460930207163
 10.169491525423728 38 7 5 1 4.813602599897325]
[7.581588611130152 'Spatial' 9.48304457433685 19.562460930207163
 4.728813559322034 38 7 5 2 7.581588611130152]
[10.967064312305911 'Spatial' 9.48304457433685 19.562460930207163
 3.542372881355932 38 7 5 3 10.967064312305911]
[14.833941729203971 'Spatial' 9.48304457433685 19.562460930207163
 3.389830508474576 38 7 5 4 14.833941729203971]
[18.246543375011083 'Spatial' 9.48304457433685 19.562460930207163
 2.864406779661017 38 7 5 5 18.246543375011083]
[20.922558316034767 'Spatial' 9.48304457433685 19.562460930207163
 2.423728813559322 38 7 5 6 20.922558316034767]
[23.567607354157104 'Spatial' 9.48304457433685 19.562460930207163
 2.254237288135593 38 7 5 7 23.567607354157104]
[26.561776417723735 'Spatial' 9.48304457433685 19.562460930207163
 1.983050847457627 38 7 5 8 26.561776417723735]
[33.272499837957334 'Spatial' 9.48304457433685 19.562460930207163
 1.694915254237288 38 7 5 9 33.272499837957334]
[35.97271150337952 'Spatial' 9.48304457433685 19.562460930207163
 1.5084745762711864 38 7 5 10 35.97271150337952]
[38.22297078790402 'Spatial' 9.48304457433685 19.562460930207163
 1.3559322033898304 38 7 5 11 38.22297078790402]
[42.09330298670408 'Spatial' 9.48304457433685 19.562460930207163
 1.3559322033898304 38 7 5 12 42.09330298670408]
[48.7238143604073 'Spatial' 9.48304457433685 19.562460930207163
 1.2372881355932202 38 7 5 13 48.7238143604073]
[51.4016071922853 'Spatial' 9.48304457433685 19.562460930207163
 1.1864406779661016 38 7 5 14 51.4016071922853]
[54.128528114785745 'Spatial' 9.48304457433685 19.562460930207163
 1.1864406779661016 38 7 5 15 54.128528114785745]
[59.62814967700325 'Spatial' 9.48304457433685 19.562460930207163
 1.1864406779661016 38 7 5 16 59.62814967700325]
[62.651935534365386 'Spatial' 9.48304457433685 19.562460930207163
 1.1694915254237288 38 7 5 17 62.651935534365386]
[65.27709512791242 'Spatial' 9.48304457433685 19.562460930207163
 1.1016949152542372 38 7 5 18 65.27709512791242]
[67.99203496776981 'Spatial' 9.48304457433685 19.562460930207163
 1.0677966101694913 38 7 5 19 67.99203496776981]
[0.0 'Spatial' 9.48304457433685 19.562460930207163 0.0 38 7 6 0 0.0]
[4.813602599897325 'Spatial' 9.48304457433685 19.562460930207163
 10.169491525423728 38 7 6 1 4.813602599897325]
[7.581588611130152 'Spatial' 9.48304457433685 19.562460930207163
 4.728813559322034 38 7 6 2 7.581588611130152]
[10.967064312305911 'Spatial' 9.48304457433685 19.562460930207163
 3.542372881355932 38 7 6 3 10.967064312305911]
[14.833941729203971 'Spatial' 9.48304457433685 19.562460930207163
 3.389830508474576 38 7 6 4 14.833941729203971]
[18.246543375011083 'Spatial' 9.48304457433685 19.562460930207163
 2.864406779661017 38 7 6 5 18.246543375011083]
[20.922558316034767 'Spatial' 9.48304457433685 19.562460930207163
 2.423728813559322 38 7 6 6 20.922558316034767]
[23.567607354157104 'Spatial' 9.48304457433685 19.562460930207163
 2.254237288135593 38 7 6 7 23.567607354157104]
[26.561776417723735 'Spatial' 9.48304457433685 19.562460930207163
 1.983050847457627 38 7 6 8 26.561776417723735]
[33.272499837957334 'Spatial' 9.48304457433685 19.562460930207163
 1.694915254237288 38 7 6 9 33.272499837957334]
[35.97271150337952 'Spatial' 9.48304457433685 19.562460930207163
 1.5084745762711864 38 7 6 10 35.97271150337952]
[38.22297078790402 'Spatial' 9.48304457433685 19.562460930207163
 1.3559322033898304 38 7 6 11 38.22297078790402]
[42.09330298670408 'Spatial' 9.48304457433685 19.562460930207163
 1.3559322033898304 38 7 6 12 42.09330298670408]
[48.7238143604073 'Spatial' 9.48304457433685 19.562460930207163
 1.2372881355932202 38 7 6 13 48.7238143604073]
[51.4016071922853 'Spatial' 9.48304457433685 19.562460930207163
 1.1864406779661016 38 7 6 14 51.4016071922853]
[54.128528114785745 'Spatial' 9.48304457433685 19.562460930207163
 1.1864406779661016 38 7 6 15 54.128528114785745]
[59.62814967700325 'Spatial' 9.48304457433685 19.562460930207163
 1.1864406779661016 38 7 6 16 59.62814967700325]
[62.651935534365386 'Spatial' 9.48304457433685 19.562460930207163
 1.1694915254237288 38 7 6 17 62.651935534365386]
[65.27709512791242 'Spatial' 9.48304457433685 19.562460930207163
 1.1016949152542372 38 7 6 18 65.27709512791242]
[67.99203496776981 'Spatial' 9.48304457433685 19.562460930207163
 1.0677966101694913 38 7 6 19 67.99203496776981]
[0.0 'Spatial' 9.48304457433685 19.562460930207163 0.0 38 7 8 0 0.0]
[4.813602599897325 'Spatial' 9.48304457433685 19.562460930207163
 10.169491525423728 38 7 8 1 4.813602599897325]
[7.581588611130152 'Spatial' 9.48304457433685 19.562460930207163
 4.728813559322034 38 7 8 2 7.581588611130152]
[10.967064312305911 'Spatial' 9.48304457433685 19.562460930207163
 3.542372881355932 38 7 8 3 10.967064312305911]
[14.833941729203971 'Spatial' 9.48304457433685 19.562460930207163
 3.389830508474576 38 7 8 4 14.833941729203971]
[18.246543375011083 'Spatial' 9.48304457433685 19.562460930207163
 2.864406779661017 38 7 8 5 18.246543375011083]
[20.922558316034767 'Spatial' 9.48304457433685 19.562460930207163
 2.423728813559322 38 7 8 6 20.922558316034767]
[23.567607354157104 'Spatial' 9.48304457433685 19.562460930207163
 2.254237288135593 38 7 8 7 23.567607354157104]
[26.561776417723735 'Spatial' 9.48304457433685 19.562460930207163
 1.983050847457627 38 7 8 8 26.561776417723735]
[33.272499837957334 'Spatial' 9.48304457433685 19.562460930207163
 1.694915254237288 38 7 8 9 33.272499837957334]
[35.97271150337952 'Spatial' 9.48304457433685 19.562460930207163
 1.5084745762711864 38 7 8 10 35.97271150337952]
[38.22297078790402 'Spatial' 9.48304457433685 19.562460930207163
 1.3559322033898304 38 7 8 11 38.22297078790402]
[42.09330298670408 'Spatial' 9.48304457433685 19.562460930207163
 1.3559322033898304 38 7 8 12 42.09330298670408]
[48.7238143604073 'Spatial' 9.48304457433685 19.562460930207163
 1.2372881355932202 38 7 8 13 48.7238143604073]
[51.4016071922853 'Spatial' 9.48304457433685 19.562460930207163
 1.1864406779661016 38 7 8 14 51.4016071922853]
[54.128528114785745 'Spatial' 9.48304457433685 19.562460930207163
 1.1864406779661016 38 7 8 15 54.128528114785745]
[59.62814967700325 'Spatial' 9.48304457433685 19.562460930207163
 1.1864406779661016 38 7 8 16 59.62814967700325]
[62.651935534365386 'Spatial' 9.48304457433685 19.562460930207163
 1.1694915254237288 38 7 8 17 62.651935534365386]
[65.27709512791242 'Spatial' 9.48304457433685 19.562460930207163
 1.1016949152542372 38 7 8 18 65.27709512791242]
[67.99203496776981 'Spatial' 9.48304457433685 19.562460930207163
 1.0677966101694913 38 7 8 19 67.99203496776981]
