[0.0 'Conceptual' 1.2406413090976416 0.0032467650577568024 0.0 101 7 0 0
 0.0]
[3.789688646297746 'Conceptual' 1.2406413090976416 0.0032467650577568024
 0.1694915254237288 101 7 0 1 3.789688646297746]
[7.639335314084548 'Conceptual' 1.2406413090976416 0.0032467650577568024
 2.694915254237288 101 7 0 2 7.639335314084548]
[10.815372597817518 'Conceptual' 1.2406413090976416 0.0032467650577568024
 0.1694915254237288 101 7 0 3 10.815372597817518]
[14.787514511268245 'Conceptual' 1.2406413090976416 0.0032467650577568024
 0.1694915254237288 101 7 0 4 14.787514511268245]
[18.25008654491225 'Conceptual' 1.2406413090976416 0.0032467650577568024
 2.11864406779661 101 7 0 5 18.25008654491225]
[21.399034784845714 'Conceptual' 1.2406413090976416 0.0032467650577568024
 2.1864406779661016 101 7 0 6 21.399034784845714]
[24.863079525662105 'Conceptual' 1.2406413090976416 0.0032467650577568024
 2.11864406779661 101 7 0 7 24.863079525662105]
[27.40473027678936 'Conceptual' 1.2406413090976416 0.0032467650577568024
 2.016949152542373 101 7 0 8 27.40473027678936]
[32.25373650369157 'Conceptual' 1.2406413090976416 0.0032467650577568024
 1.6779661016949152 101 7 0 9 32.25373650369157]
[34.908558301541674 'Conceptual' 1.2406413090976416 0.0032467650577568024
 1.5762711864406778 101 7 0 10 34.908558301541674]
[36.974583303921584 'Conceptual' 1.2406413090976416 0.0032467650577568024
 1.3559322033898304 101 7 0 11 36.974583303921584]
[41.711818273190744 'Conceptual' 1.2406413090976416 0.0032467650577568024
 1.2372881355932202 101 7 0 12 41.711818273190744]
[46.39519910859895 'Conceptual' 1.2406413090976416 0.0032467650577568024
 1.0677966101694913 101 7 0 13 46.39519910859895]
[49.829697803396456 'Conceptual' 1.2406413090976416 0.0032467650577568024
 1.1016949152542372 101 7 0 14 49.829697803396456]
[52.26249318982803 'Conceptual' 1.2406413090976416 0.0032467650577568024
 1.1016949152542372 101 7 0 15 52.26249318982803]
[55.36908370158561 'Conceptual' 1.2406413090976416 0.0032467650577568024
 1.0677966101694913 101 7 0 16 55.36908370158561]
[57.55378936939469 'Conceptual' 1.2406413090976416 0.0032467650577568024
 1.0169491525423728 101 7 0 17 57.55378936939469]
[59.43202643167288 'Conceptual' 1.2406413090976416 0.0032467650577568024
 0.9999999999999999 101 7 0 18 59.43202643167288]
[62.289215290853 'Conceptual' 1.2406413090976416 0.0032467650577568024
 0.9999999999999999 101 7 0 19 62.289215290853]
[0.0 'Conceptual' 1.2406413090976416 0.0032467650577568024 0.0 101 7 1 0
 0.0]
[3.789688646297746 'Conceptual' 1.2406413090976416 0.0032467650577568024
 0.1694915254237288 101 7 1 1 3.789688646297746]
[7.639335314084548 'Conceptual' 1.2406413090976416 0.0032467650577568024
 2.694915254237288 101 7 1 2 7.639335314084548]
[10.815372597817518 'Conceptual' 1.2406413090976416 0.0032467650577568024
 0.1694915254237288 101 7 1 3 10.815372597817518]
[14.787514511268245 'Conceptual' 1.2406413090976416 0.0032467650577568024
 0.1694915254237288 101 7 1 4 14.787514511268245]
[18.25008654491225 'Conceptual' 1.2406413090976416 0.0032467650577568024
 2.11864406779661 101 7 1 5 18.25008654491225]
[21.399034784845714 'Conceptual' 1.2406413090976416 0.0032467650577568024
 2.1864406779661016 101 7 1 6 21.399034784845714]
[24.863079525662105 'Conceptual' 1.2406413090976416 0.0032467650577568024
 2.11864406779661 101 7 1 7 24.863079525662105]
[27.40473027678936 'Conceptual' 1.2406413090976416 0.0032467650577568024
 2.016949152542373 101 7 1 8 27.40473027678936]
[32.25373650369157 'Conceptual' 1.2406413090976416 0.0032467650577568024
 1.6779661016949152 101 7 1 9 32.25373650369157]
[34.908558301541674 'Conceptual' 1.2406413090976416 0.0032467650577568024
 1.5762711864406778 101 7 1 10 34.908558301541674]
[36.974583303921584 'Conceptual' 1.2406413090976416 0.0032467650577568024
 1.3559322033898304 101 7 1 11 36.974583303921584]
[41.711818273190744 'Conceptual' 1.2406413090976416 0.0032467650577568024
 1.2372881355932202 101 7 1 12 41.711818273190744]
[46.39519910859895 'Conceptual' 1.2406413090976416 0.0032467650577568024
 1.0677966101694913 101 7 1 13 46.39519910859895]
[49.829697803396456 'Conceptual' 1.2406413090976416 0.0032467650577568024
 1.1016949152542372 101 7 1 14 49.829697803396456]
[52.26249318982803 'Conceptual' 1.2406413090976416 0.0032467650577568024
 1.1016949152542372 101 7 1 15 52.26249318982803]
[55.36908370158561 'Conceptual' 1.2406413090976416 0.0032467650577568024
 1.0677966101694913 101 7 1 16 55.36908370158561]
[57.55378936939469 'Conceptual' 1.2406413090976416 0.0032467650577568024
 1.0169491525423728 101 7 1 17 57.55378936939469]
[59.43202643167288 'Conceptual' 1.2406413090976416 0.0032467650577568024
 0.9999999999999999 101 7 1 18 59.43202643167288]
[62.289215290853 'Conceptual' 1.2406413090976416 0.0032467650577568024
 0.9999999999999999 101 7 1 19 62.289215290853]
[0.0 'Conceptual' 1.2406413090976416 0.0032467650577568024 0.0 101 7 2 0
 0.0]
[3.789688646297746 'Conceptual' 1.2406413090976416 0.0032467650577568024
 0.1694915254237288 101 7 2 1 3.789688646297746]
[7.639335314084548 'Conceptual' 1.2406413090976416 0.0032467650577568024
 2.694915254237288 101 7 2 2 7.639335314084548]
[10.815372597817518 'Conceptual' 1.2406413090976416 0.0032467650577568024
 0.1694915254237288 101 7 2 3 10.815372597817518]
[14.787514511268245 'Conceptual' 1.2406413090976416 0.0032467650577568024
 0.1694915254237288 101 7 2 4 14.787514511268245]
[18.25008654491225 'Conceptual' 1.2406413090976416 0.0032467650577568024
 2.11864406779661 101 7 2 5 18.25008654491225]
[21.399034784845714 'Conceptual' 1.2406413090976416 0.0032467650577568024
 2.1864406779661016 101 7 2 6 21.399034784845714]
[24.863079525662105 'Conceptual' 1.2406413090976416 0.0032467650577568024
 2.11864406779661 101 7 2 7 24.863079525662105]
[27.40473027678936 'Conceptual' 1.2406413090976416 0.0032467650577568024
 2.016949152542373 101 7 2 8 27.40473027678936]
[32.25373650369157 'Conceptual' 1.2406413090976416 0.0032467650577568024
 1.6779661016949152 101 7 2 9 32.25373650369157]
[34.908558301541674 'Conceptual' 1.2406413090976416 0.0032467650577568024
 1.5762711864406778 101 7 2 10 34.908558301541674]
[36.974583303921584 'Conceptual' 1.2406413090976416 0.0032467650577568024
 1.3559322033898304 101 7 2 11 36.974583303921584]
[41.711818273190744 'Conceptual' 1.2406413090976416 0.0032467650577568024
 1.2372881355932202 101 7 2 12 41.711818273190744]
[46.39519910859895 'Conceptual' 1.2406413090976416 0.0032467650577568024
 1.0677966101694913 101 7 2 13 46.39519910859895]
[49.829697803396456 'Conceptual' 1.2406413090976416 0.0032467650577568024
 1.1016949152542372 101 7 2 14 49.829697803396456]
[52.26249318982803 'Conceptual' 1.2406413090976416 0.0032467650577568024
 1.1016949152542372 101 7 2 15 52.26249318982803]
[55.36908370158561 'Conceptual' 1.2406413090976416 0.0032467650577568024
 1.0677966101694913 101 7 2 16 55.36908370158561]
[57.55378936939469 'Conceptual' 1.2406413090976416 0.0032467650577568024
 1.0169491525423728 101 7 2 17 57.55378936939469]
[59.43202643167288 'Conceptual' 1.2406413090976416 0.0032467650577568024
 0.9999999999999999 101 7 2 18 59.43202643167288]
[62.289215290853 'Conceptual' 1.2406413090976416 0.0032467650577568024
 0.9999999999999999 101 7 2 19 62.289215290853]
[0.0 'Conceptual' 1.2406413090976416 0.0032467650577568024 0.0 101 7 3 0
 0.0]
[3.789688646297746 'Conceptual' 1.2406413090976416 0.0032467650577568024
 0.1694915254237288 101 7 3 1 3.789688646297746]
[7.639335314084548 'Conceptual' 1.2406413090976416 0.0032467650577568024
 2.694915254237288 101 7 3 2 7.639335314084548]
[10.815372597817518 'Conceptual' 1.2406413090976416 0.0032467650577568024
 0.1694915254237288 101 7 3 3 10.815372597817518]
[14.787514511268245 'Conceptual' 1.2406413090976416 0.0032467650577568024
 0.1694915254237288 101 7 3 4 14.787514511268245]
[18.25008654491225 'Conceptual' 1.2406413090976416 0.0032467650577568024
 2.11864406779661 101 7 3 5 18.25008654491225]
[21.399034784845714 'Conceptual' 1.2406413090976416 0.0032467650577568024
 2.1864406779661016 101 7 3 6 21.399034784845714]
[24.863079525662105 'Conceptual' 1.2406413090976416 0.0032467650577568024
 2.11864406779661 101 7 3 7 24.863079525662105]
[27.40473027678936 'Conceptual' 1.2406413090976416 0.0032467650577568024
 2.016949152542373 101 7 3 8 27.40473027678936]
[32.25373650369157 'Conceptual' 1.2406413090976416 0.0032467650577568024
 1.6779661016949152 101 7 3 9 32.25373650369157]
[34.908558301541674 'Conceptual' 1.2406413090976416 0.0032467650577568024
 1.5762711864406778 101 7 3 10 34.908558301541674]
[36.974583303921584 'Conceptual' 1.2406413090976416 0.0032467650577568024
 1.3559322033898304 101 7 3 11 36.974583303921584]
[41.711818273190744 'Conceptual' 1.2406413090976416 0.0032467650577568024
 1.2372881355932202 101 7 3 12 41.711818273190744]
[46.39519910859895 'Conceptual' 1.2406413090976416 0.0032467650577568024
 1.0677966101694913 101 7 3 13 46.39519910859895]
[49.829697803396456 'Conceptual' 1.2406413090976416 0.0032467650577568024
 1.1016949152542372 101 7 3 14 49.829697803396456]
[52.26249318982803 'Conceptual' 1.2406413090976416 0.0032467650577568024
 1.1016949152542372 101 7 3 15 52.26249318982803]
[55.36908370158561 'Conceptual' 1.2406413090976416 0.0032467650577568024
 1.0677966101694913 101 7 3 16 55.36908370158561]
[57.55378936939469 'Conceptual' 1.2406413090976416 0.0032467650577568024
 1.0169491525423728 101 7 3 17 57.55378936939469]
[59.43202643167288 'Conceptual' 1.2406413090976416 0.0032467650577568024
 0.9999999999999999 101 7 3 18 59.43202643167288]
[62.289215290853 'Conceptual' 1.2406413090976416 0.0032467650577568024
 0.9999999999999999 101 7 3 19 62.289215290853]
[0.0 'Conceptual' 1.2406413090976416 0.0032467650577568024 0.0 101 7 4 0
 0.0]
[3.789688646297746 'Conceptual' 1.2406413090976416 0.0032467650577568024
 0.1694915254237288 101 7 4 1 3.789688646297746]
[7.639335314084548 'Conceptual' 1.2406413090976416 0.0032467650577568024
 2.694915254237288 101 7 4 2 7.639335314084548]
[10.815372597817518 'Conceptual' 1.2406413090976416 0.0032467650577568024
 0.1694915254237288 101 7 4 3 10.815372597817518]
[14.787514511268245 'Conceptual' 1.2406413090976416 0.0032467650577568024
 0.1694915254237288 101 7 4 4 14.787514511268245]
[18.25008654491225 'Conceptual' 1.2406413090976416 0.0032467650577568024
 2.11864406779661 101 7 4 5 18.25008654491225]
[21.399034784845714 'Conceptual' 1.2406413090976416 0.0032467650577568024
 2.1864406779661016 101 7 4 6 21.399034784845714]
[24.863079525662105 'Conceptual' 1.2406413090976416 0.0032467650577568024
 2.11864406779661 101 7 4 7 24.863079525662105]
[27.40473027678936 'Conceptual' 1.2406413090976416 0.0032467650577568024
 2.016949152542373 101 7 4 8 27.40473027678936]
[32.25373650369157 'Conceptual' 1.2406413090976416 0.0032467650577568024
 1.6779661016949152 101 7 4 9 32.25373650369157]
[34.908558301541674 'Conceptual' 1.2406413090976416 0.0032467650577568024
 1.5762711864406778 101 7 4 10 34.908558301541674]
[36.974583303921584 'Conceptual' 1.2406413090976416 0.0032467650577568024
 1.3559322033898304 101 7 4 11 36.974583303921584]
[41.711818273190744 'Conceptual' 1.2406413090976416 0.0032467650577568024
 1.2372881355932202 101 7 4 12 41.711818273190744]
[46.39519910859895 'Conceptual' 1.2406413090976416 0.0032467650577568024
 1.0677966101694913 101 7 4 13 46.39519910859895]
[49.829697803396456 'Conceptual' 1.2406413090976416 0.0032467650577568024
 1.1016949152542372 101 7 4 14 49.829697803396456]
[52.26249318982803 'Conceptual' 1.2406413090976416 0.0032467650577568024
 1.1016949152542372 101 7 4 15 52.26249318982803]
[55.36908370158561 'Conceptual' 1.2406413090976416 0.0032467650577568024
 1.0677966101694913 101 7 4 16 55.36908370158561]
[57.55378936939469 'Conceptual' 1.2406413090976416 0.0032467650577568024
 1.0169491525423728 101 7 4 17 57.55378936939469]
[59.43202643167288 'Conceptual' 1.2406413090976416 0.0032467650577568024
 0.9999999999999999 101 7 4 18 59.43202643167288]
[62.289215290853 'Conceptual' 1.2406413090976416 0.0032467650577568024
 0.9999999999999999 101 7 4 19 62.289215290853]
[0.0 'Conceptual' 1.2406413090976416 0.0032467650577568024 0.0 101 7 5 0
 0.0]
[3.789688646297746 'Conceptual' 1.2406413090976416 0.0032467650577568024
 0.1694915254237288 101 7 5 1 3.789688646297746]
[7.639335314084548 'Conceptual' 1.2406413090976416 0.0032467650577568024
 2.694915254237288 101 7 5 2 7.639335314084548]
[10.815372597817518 'Conceptual' 1.2406413090976416 0.0032467650577568024
 0.1694915254237288 101 7 5 3 10.815372597817518]
[14.787514511268245 'Conceptual' 1.2406413090976416 0.0032467650577568024
 0.1694915254237288 101 7 5 4 14.787514511268245]
[18.25008654491225 'Conceptual' 1.2406413090976416 0.0032467650577568024
 2.11864406779661 101 7 5 5 18.25008654491225]
[21.399034784845714 'Conceptual' 1.2406413090976416 0.0032467650577568024
 2.1864406779661016 101 7 5 6 21.399034784845714]
[24.863079525662105 'Conceptual' 1.2406413090976416 0.0032467650577568024
 2.11864406779661 101 7 5 7 24.863079525662105]
[27.40473027678936 'Conceptual' 1.2406413090976416 0.0032467650577568024
 2.016949152542373 101 7 5 8 27.40473027678936]
[32.25373650369157 'Conceptual' 1.2406413090976416 0.0032467650577568024
 1.6779661016949152 101 7 5 9 32.25373650369157]
[34.908558301541674 'Conceptual' 1.2406413090976416 0.0032467650577568024
 1.5762711864406778 101 7 5 10 34.908558301541674]
[36.974583303921584 'Conceptual' 1.2406413090976416 0.0032467650577568024
 1.3559322033898304 101 7 5 11 36.974583303921584]
[41.711818273190744 'Conceptual' 1.2406413090976416 0.0032467650577568024
 1.2372881355932202 101 7 5 12 41.711818273190744]
[46.39519910859895 'Conceptual' 1.2406413090976416 0.0032467650577568024
 1.0677966101694913 101 7 5 13 46.39519910859895]
[49.829697803396456 'Conceptual' 1.2406413090976416 0.0032467650577568024
 1.1016949152542372 101 7 5 14 49.829697803396456]
[52.26249318982803 'Conceptual' 1.2406413090976416 0.0032467650577568024
 1.1016949152542372 101 7 5 15 52.26249318982803]
[55.36908370158561 'Conceptual' 1.2406413090976416 0.0032467650577568024
 1.0677966101694913 101 7 5 16 55.36908370158561]
[57.55378936939469 'Conceptual' 1.2406413090976416 0.0032467650577568024
 1.0169491525423728 101 7 5 17 57.55378936939469]
[59.43202643167288 'Conceptual' 1.2406413090976416 0.0032467650577568024
 0.9999999999999999 101 7 5 18 59.43202643167288]
[62.289215290853 'Conceptual' 1.2406413090976416 0.0032467650577568024
 0.9999999999999999 101 7 5 19 62.289215290853]
[0.0 'Conceptual' 1.2406413090976416 0.0032467650577568024 0.0 101 7 6 0
 0.0]
[3.789688646297746 'Conceptual' 1.2406413090976416 0.0032467650577568024
 0.1694915254237288 101 7 6 1 3.789688646297746]
[7.639335314084548 'Conceptual' 1.2406413090976416 0.0032467650577568024
 2.694915254237288 101 7 6 2 7.639335314084548]
[10.815372597817518 'Conceptual' 1.2406413090976416 0.0032467650577568024
 0.1694915254237288 101 7 6 3 10.815372597817518]
[14.787514511268245 'Conceptual' 1.2406413090976416 0.0032467650577568024
 0.1694915254237288 101 7 6 4 14.787514511268245]
[18.25008654491225 'Conceptual' 1.2406413090976416 0.0032467650577568024
 2.11864406779661 101 7 6 5 18.25008654491225]
[21.399034784845714 'Conceptual' 1.2406413090976416 0.0032467650577568024
 2.1864406779661016 101 7 6 6 21.399034784845714]
[24.863079525662105 'Conceptual' 1.2406413090976416 0.0032467650577568024
 2.11864406779661 101 7 6 7 24.863079525662105]
[27.40473027678936 'Conceptual' 1.2406413090976416 0.0032467650577568024
 2.016949152542373 101 7 6 8 27.40473027678936]
[32.25373650369157 'Conceptual' 1.2406413090976416 0.0032467650577568024
 1.6779661016949152 101 7 6 9 32.25373650369157]
[34.908558301541674 'Conceptual' 1.2406413090976416 0.0032467650577568024
 1.5762711864406778 101 7 6 10 34.908558301541674]
[36.974583303921584 'Conceptual' 1.2406413090976416 0.0032467650577568024
 1.3559322033898304 101 7 6 11 36.974583303921584]
[41.711818273190744 'Conceptual' 1.2406413090976416 0.0032467650577568024
 1.2372881355932202 101 7 6 12 41.711818273190744]
[46.39519910859895 'Conceptual' 1.2406413090976416 0.0032467650577568024
 1.0677966101694913 101 7 6 13 46.39519910859895]
[49.829697803396456 'Conceptual' 1.2406413090976416 0.0032467650577568024
 1.1016949152542372 101 7 6 14 49.829697803396456]
[52.26249318982803 'Conceptual' 1.2406413090976416 0.0032467650577568024
 1.1016949152542372 101 7 6 15 52.26249318982803]
[55.36908370158561 'Conceptual' 1.2406413090976416 0.0032467650577568024
 1.0677966101694913 101 7 6 16 55.36908370158561]
[57.55378936939469 'Conceptual' 1.2406413090976416 0.0032467650577568024
 1.0169491525423728 101 7 6 17 57.55378936939469]
[59.43202643167288 'Conceptual' 1.2406413090976416 0.0032467650577568024
 0.9999999999999999 101 7 6 18 59.43202643167288]
[62.289215290853 'Conceptual' 1.2406413090976416 0.0032467650577568024
 0.9999999999999999 101 7 6 19 62.289215290853]
[0.0 'Conceptual' 1.2406413090976416 0.0032467650577568024 0.0 101 7 8 0
 0.0]
[3.789688646297746 'Conceptual' 1.2406413090976416 0.0032467650577568024
 0.1694915254237288 101 7 8 1 3.789688646297746]
[7.639335314084548 'Conceptual' 1.2406413090976416 0.0032467650577568024
 2.694915254237288 101 7 8 2 7.639335314084548]
[10.815372597817518 'Conceptual' 1.2406413090976416 0.0032467650577568024
 0.1694915254237288 101 7 8 3 10.815372597817518]
[14.787514511268245 'Conceptual' 1.2406413090976416 0.0032467650577568024
 0.1694915254237288 101 7 8 4 14.787514511268245]
[18.25008654491225 'Conceptual' 1.2406413090976416 0.0032467650577568024
 2.11864406779661 101 7 8 5 18.25008654491225]
[21.399034784845714 'Conceptual' 1.2406413090976416 0.0032467650577568024
 2.1864406779661016 101 7 8 6 21.399034784845714]
[24.863079525662105 'Conceptual' 1.2406413090976416 0.0032467650577568024
 2.11864406779661 101 7 8 7 24.863079525662105]
[27.40473027678936 'Conceptual' 1.2406413090976416 0.0032467650577568024
 2.016949152542373 101 7 8 8 27.40473027678936]
[32.25373650369157 'Conceptual' 1.2406413090976416 0.0032467650577568024
 1.6779661016949152 101 7 8 9 32.25373650369157]
[34.908558301541674 'Conceptual' 1.2406413090976416 0.0032467650577568024
 1.5762711864406778 101 7 8 10 34.908558301541674]
[36.974583303921584 'Conceptual' 1.2406413090976416 0.0032467650577568024
 1.3559322033898304 101 7 8 11 36.974583303921584]
[41.711818273190744 'Conceptual' 1.2406413090976416 0.0032467650577568024
 1.2372881355932202 101 7 8 12 41.711818273190744]
[46.39519910859895 'Conceptual' 1.2406413090976416 0.0032467650577568024
 1.0677966101694913 101 7 8 13 46.39519910859895]
[49.829697803396456 'Conceptual' 1.2406413090976416 0.0032467650577568024
 1.1016949152542372 101 7 8 14 49.829697803396456]
[52.26249318982803 'Conceptual' 1.2406413090976416 0.0032467650577568024
 1.1016949152542372 101 7 8 15 52.26249318982803]
[55.36908370158561 'Conceptual' 1.2406413090976416 0.0032467650577568024
 1.0677966101694913 101 7 8 16 55.36908370158561]
[57.55378936939469 'Conceptual' 1.2406413090976416 0.0032467650577568024
 1.0169491525423728 101 7 8 17 57.55378936939469]
[59.43202643167288 'Conceptual' 1.2406413090976416 0.0032467650577568024
 0.9999999999999999 101 7 8 18 59.43202643167288]
[62.289215290853 'Conceptual' 1.2406413090976416 0.0032467650577568024
 0.9999999999999999 101 7 8 19 62.289215290853]
