[0.0 'Conceptual' 10.260320138519614 16.726896276842503 0.0 66 4 0 0 0.0]
[4.9675826653676705 'Conceptual' 10.260320138519614 16.726896276842503
 10.169491525423728 66 4 0 1 4.9675826653676705]
[7.174099348027905 'Conceptual' 10.260320138519614 16.726896276842503
 6.779661016949152 66 4 0 2 7.174099348027905]
[10.138774274208693 'Conceptual' 10.260320138519614 16.726896276842503
 4.627118644067796 66 4 0 3 10.138774274208693]
[13.809208007666875 'Conceptual' 10.260320138519614 16.726896276842503
 3.949152542372881 66 4 0 4 13.809208007666875]
[18.224161307334107 'Conceptual' 10.260320138519614 16.726896276842503
 3.7796610169491522 66 4 0 5 18.224161307334107]
[24.09226268010001 'Conceptual' 10.260320138519614 16.726896276842503
 2.932203389830508 66 4 0 6 24.09226268010001]
[27.39454544283045 'Conceptual' 10.260320138519614 16.726896276842503
 2.423728813559322 66 4 0 7 27.39454544283045]
[32.67581708648255 'Conceptual' 10.260320138519614 16.726896276842503
 2.2033898305084745 66 4 0 8 32.67581708648255]
[35.385012321328624 'Conceptual' 10.260320138519614 16.726896276842503
 2.016949152542373 66 4 0 9 35.385012321328624]
[39.90734255324459 'Conceptual' 10.260320138519614 16.726896276842503
 1.983050847457627 66 4 0 10 39.90734255324459]
[43.18075955429993 'Conceptual' 10.260320138519614 16.726896276842503
 1.7796610169491525 66 4 0 11 43.18075955429993]
[46.485672572230975 'Conceptual' 10.260320138519614 16.726896276842503
 1.7457627118644066 66 4 0 12 46.485672572230975]
[49.14621229251018 'Conceptual' 10.260320138519614 16.726896276842503
 1.5762711864406778 66 4 0 13 49.14621229251018]
[51.78001267504383 'Conceptual' 10.260320138519614 16.726896276842503
 1.5762711864406778 66 4 0 14 51.78001267504383]
[55.05264888512796 'Conceptual' 10.260320138519614 16.726896276842503
 1.5254237288135593 66 4 0 15 55.05264888512796]
[57.61141170786367 'Conceptual' 10.260320138519614 16.726896276842503
 1.4406779661016949 66 4 0 16 57.61141170786367]
[59.815595105699565 'Conceptual' 10.260320138519614 16.726896276842503
 1.406779661016949 66 4 0 17 59.815595105699565]
[61.7508226927306 'Conceptual' 10.260320138519614 16.726896276842503
 1.3559322033898304 66 4 0 18 61.7508226927306]
[63.50374070270959 'Conceptual' 10.260320138519614 16.726896276842503
 1.2372881355932202 66 4 0 19 63.50374070270959]
[0.0 'Conceptual' 10.260320138519614 16.726896276842503 0.0 66 4 1 0 0.0]
[4.9675826653676705 'Conceptual' 10.260320138519614 16.726896276842503
 10.169491525423728 66 4 1 1 4.9675826653676705]
[7.174099348027905 'Conceptual' 10.260320138519614 16.726896276842503
 6.779661016949152 66 4 1 2 7.174099348027905]
[10.138774274208693 'Conceptual' 10.260320138519614 16.726896276842503
 4.627118644067796 66 4 1 3 10.138774274208693]
[13.809208007666875 'Conceptual' 10.260320138519614 16.726896276842503
 3.949152542372881 66 4 1 4 13.809208007666875]
[18.224161307334107 'Conceptual' 10.260320138519614 16.726896276842503
 3.7796610169491522 66 4 1 5 18.224161307334107]
[24.09226268010001 'Conceptual' 10.260320138519614 16.726896276842503
 2.932203389830508 66 4 1 6 24.09226268010001]
[27.39454544283045 'Conceptual' 10.260320138519614 16.726896276842503
 2.423728813559322 66 4 1 7 27.39454544283045]
[32.67581708648255 'Conceptual' 10.260320138519614 16.726896276842503
 2.2033898305084745 66 4 1 8 32.67581708648255]
[35.385012321328624 'Conceptual' 10.260320138519614 16.726896276842503
 2.016949152542373 66 4 1 9 35.385012321328624]
[39.90734255324459 'Conceptual' 10.260320138519614 16.726896276842503
 1.983050847457627 66 4 1 10 39.90734255324459]
[43.18075955429993 'Conceptual' 10.260320138519614 16.726896276842503
 1.7796610169491525 66 4 1 11 43.18075955429993]
[46.485672572230975 'Conceptual' 10.260320138519614 16.726896276842503
 1.7457627118644066 66 4 1 12 46.485672572230975]
[49.14621229251018 'Conceptual' 10.260320138519614 16.726896276842503
 1.5762711864406778 66 4 1 13 49.14621229251018]
[51.78001267504383 'Conceptual' 10.260320138519614 16.726896276842503
 1.5762711864406778 66 4 1 14 51.78001267504383]
[55.05264888512796 'Conceptual' 10.260320138519614 16.726896276842503
 1.5254237288135593 66 4 1 15 55.05264888512796]
[57.61141170786367 'Conceptual' 10.260320138519614 16.726896276842503
 1.4406779661016949 66 4 1 16 57.61141170786367]
[59.815595105699565 'Conceptual' 10.260320138519614 16.726896276842503
 1.406779661016949 66 4 1 17 59.815595105699565]
[61.7508226927306 'Conceptual' 10.260320138519614 16.726896276842503
 1.3559322033898304 66 4 1 18 61.7508226927306]
[63.50374070270959 'Conceptual' 10.260320138519614 16.726896276842503
 1.2372881355932202 66 4 1 19 63.50374070270959]
[0.0 'Conceptual' 10.260320138519614 16.726896276842503 0.0 66 4 2 0 0.0]
[4.9675826653676705 'Conceptual' 10.260320138519614 16.726896276842503
 10.169491525423728 66 4 2 1 4.9675826653676705]
[7.174099348027905 'Conceptual' 10.260320138519614 16.726896276842503
 6.779661016949152 66 4 2 2 7.174099348027905]
[10.138774274208693 'Conceptual' 10.260320138519614 16.726896276842503
 4.627118644067796 66 4 2 3 10.138774274208693]
[13.809208007666875 'Conceptual' 10.260320138519614 16.726896276842503
 3.949152542372881 66 4 2 4 13.809208007666875]
[18.224161307334107 'Conceptual' 10.260320138519614 16.726896276842503
 3.7796610169491522 66 4 2 5 18.224161307334107]
[24.09226268010001 'Conceptual' 10.260320138519614 16.726896276842503
 2.932203389830508 66 4 2 6 24.09226268010001]
[27.39454544283045 'Conceptual' 10.260320138519614 16.726896276842503
 2.423728813559322 66 4 2 7 27.39454544283045]
[32.67581708648255 'Conceptual' 10.260320138519614 16.726896276842503
 2.2033898305084745 66 4 2 8 32.67581708648255]
[35.385012321328624 'Conceptual' 10.260320138519614 16.726896276842503
 2.016949152542373 66 4 2 9 35.385012321328624]
[39.90734255324459 'Conceptual' 10.260320138519614 16.726896276842503
 1.983050847457627 66 4 2 10 39.90734255324459]
[43.18075955429993 'Conceptual' 10.260320138519614 16.726896276842503
 1.7796610169491525 66 4 2 11 43.18075955429993]
[46.485672572230975 'Conceptual' 10.260320138519614 16.726896276842503
 1.7457627118644066 66 4 2 12 46.485672572230975]
[49.14621229251018 'Conceptual' 10.260320138519614 16.726896276842503
 1.5762711864406778 66 4 2 13 49.14621229251018]
[51.78001267504383 'Conceptual' 10.260320138519614 16.726896276842503
 1.5762711864406778 66 4 2 14 51.78001267504383]
[55.05264888512796 'Conceptual' 10.260320138519614 16.726896276842503
 1.5254237288135593 66 4 2 15 55.05264888512796]
[57.61141170786367 'Conceptual' 10.260320138519614 16.726896276842503
 1.4406779661016949 66 4 2 16 57.61141170786367]
[59.815595105699565 'Conceptual' 10.260320138519614 16.726896276842503
 1.406779661016949 66 4 2 17 59.815595105699565]
[61.7508226927306 'Conceptual' 10.260320138519614 16.726896276842503
 1.3559322033898304 66 4 2 18 61.7508226927306]
[63.50374070270959 'Conceptual' 10.260320138519614 16.726896276842503
 1.2372881355932202 66 4 2 19 63.50374070270959]
[0.0 'Conceptual' 10.260320138519614 16.726896276842503 0.0 66 4 3 0 0.0]
[4.9675826653676705 'Conceptual' 10.260320138519614 16.726896276842503
 10.169491525423728 66 4 3 1 4.9675826653676705]
[7.174099348027905 'Conceptual' 10.260320138519614 16.726896276842503
 6.779661016949152 66 4 3 2 7.174099348027905]
[10.138774274208693 'Conceptual' 10.260320138519614 16.726896276842503
 4.627118644067796 66 4 3 3 10.138774274208693]
[13.809208007666875 'Conceptual' 10.260320138519614 16.726896276842503
 3.949152542372881 66 4 3 4 13.809208007666875]
[18.224161307334107 'Conceptual' 10.260320138519614 16.726896276842503
 3.7796610169491522 66 4 3 5 18.224161307334107]
[24.09226268010001 'Conceptual' 10.260320138519614 16.726896276842503
 2.932203389830508 66 4 3 6 24.09226268010001]
[27.39454544283045 'Conceptual' 10.260320138519614 16.726896276842503
 2.423728813559322 66 4 3 7 27.39454544283045]
[32.67581708648255 'Conceptual' 10.260320138519614 16.726896276842503
 2.2033898305084745 66 4 3 8 32.67581708648255]
[35.385012321328624 'Conceptual' 10.260320138519614 16.726896276842503
 2.016949152542373 66 4 3 9 35.385012321328624]
[39.90734255324459 'Conceptual' 10.260320138519614 16.726896276842503
 1.983050847457627 66 4 3 10 39.90734255324459]
[43.18075955429993 'Conceptual' 10.260320138519614 16.726896276842503
 1.7796610169491525 66 4 3 11 43.18075955429993]
[46.485672572230975 'Conceptual' 10.260320138519614 16.726896276842503
 1.7457627118644066 66 4 3 12 46.485672572230975]
[49.14621229251018 'Conceptual' 10.260320138519614 16.726896276842503
 1.5762711864406778 66 4 3 13 49.14621229251018]
[51.78001267504383 'Conceptual' 10.260320138519614 16.726896276842503
 1.5762711864406778 66 4 3 14 51.78001267504383]
[55.05264888512796 'Conceptual' 10.260320138519614 16.726896276842503
 1.5254237288135593 66 4 3 15 55.05264888512796]
[57.61141170786367 'Conceptual' 10.260320138519614 16.726896276842503
 1.4406779661016949 66 4 3 16 57.61141170786367]
[59.815595105699565 'Conceptual' 10.260320138519614 16.726896276842503
 1.406779661016949 66 4 3 17 59.815595105699565]
[61.7508226927306 'Conceptual' 10.260320138519614 16.726896276842503
 1.3559322033898304 66 4 3 18 61.7508226927306]
[63.50374070270959 'Conceptual' 10.260320138519614 16.726896276842503
 1.2372881355932202 66 4 3 19 63.50374070270959]
[0.0 'Conceptual' 10.260320138519614 16.726896276842503 0.0 66 4 5 0 0.0]
[4.9675826653676705 'Conceptual' 10.260320138519614 16.726896276842503
 10.169491525423728 66 4 5 1 4.9675826653676705]
[7.174099348027905 'Conceptual' 10.260320138519614 16.726896276842503
 6.779661016949152 66 4 5 2 7.174099348027905]
[10.138774274208693 'Conceptual' 10.260320138519614 16.726896276842503
 4.627118644067796 66 4 5 3 10.138774274208693]
[13.809208007666875 'Conceptual' 10.260320138519614 16.726896276842503
 3.949152542372881 66 4 5 4 13.809208007666875]
[18.224161307334107 'Conceptual' 10.260320138519614 16.726896276842503
 3.7796610169491522 66 4 5 5 18.224161307334107]
[24.09226268010001 'Conceptual' 10.260320138519614 16.726896276842503
 2.932203389830508 66 4 5 6 24.09226268010001]
[27.39454544283045 'Conceptual' 10.260320138519614 16.726896276842503
 2.423728813559322 66 4 5 7 27.39454544283045]
[32.67581708648255 'Conceptual' 10.260320138519614 16.726896276842503
 2.2033898305084745 66 4 5 8 32.67581708648255]
[35.385012321328624 'Conceptual' 10.260320138519614 16.726896276842503
 2.016949152542373 66 4 5 9 35.385012321328624]
[39.90734255324459 'Conceptual' 10.260320138519614 16.726896276842503
 1.983050847457627 66 4 5 10 39.90734255324459]
[43.18075955429993 'Conceptual' 10.260320138519614 16.726896276842503
 1.7796610169491525 66 4 5 11 43.18075955429993]
[46.485672572230975 'Conceptual' 10.260320138519614 16.726896276842503
 1.7457627118644066 66 4 5 12 46.485672572230975]
[49.14621229251018 'Conceptual' 10.260320138519614 16.726896276842503
 1.5762711864406778 66 4 5 13 49.14621229251018]
[51.78001267504383 'Conceptual' 10.260320138519614 16.726896276842503
 1.5762711864406778 66 4 5 14 51.78001267504383]
[55.05264888512796 'Conceptual' 10.260320138519614 16.726896276842503
 1.5254237288135593 66 4 5 15 55.05264888512796]
[57.61141170786367 'Conceptual' 10.260320138519614 16.726896276842503
 1.4406779661016949 66 4 5 16 57.61141170786367]
[59.815595105699565 'Conceptual' 10.260320138519614 16.726896276842503
 1.406779661016949 66 4 5 17 59.815595105699565]
[61.7508226927306 'Conceptual' 10.260320138519614 16.726896276842503
 1.3559322033898304 66 4 5 18 61.7508226927306]
[63.50374070270959 'Conceptual' 10.260320138519614 16.726896276842503
 1.2372881355932202 66 4 5 19 63.50374070270959]
[0.0 'Conceptual' 10.260320138519614 16.726896276842503 0.0 66 4 6 0 0.0]
[4.9675826653676705 'Conceptual' 10.260320138519614 16.726896276842503
 10.169491525423728 66 4 6 1 4.9675826653676705]
[7.174099348027905 'Conceptual' 10.260320138519614 16.726896276842503
 6.779661016949152 66 4 6 2 7.174099348027905]
[10.138774274208693 'Conceptual' 10.260320138519614 16.726896276842503
 4.627118644067796 66 4 6 3 10.138774274208693]
[13.809208007666875 'Conceptual' 10.260320138519614 16.726896276842503
 3.949152542372881 66 4 6 4 13.809208007666875]
[18.224161307334107 'Conceptual' 10.260320138519614 16.726896276842503
 3.7796610169491522 66 4 6 5 18.224161307334107]
[24.09226268010001 'Conceptual' 10.260320138519614 16.726896276842503
 2.932203389830508 66 4 6 6 24.09226268010001]
[27.39454544283045 'Conceptual' 10.260320138519614 16.726896276842503
 2.423728813559322 66 4 6 7 27.39454544283045]
[32.67581708648255 'Conceptual' 10.260320138519614 16.726896276842503
 2.2033898305084745 66 4 6 8 32.67581708648255]
[35.385012321328624 'Conceptual' 10.260320138519614 16.726896276842503
 2.016949152542373 66 4 6 9 35.385012321328624]
[39.90734255324459 'Conceptual' 10.260320138519614 16.726896276842503
 1.983050847457627 66 4 6 10 39.90734255324459]
[43.18075955429993 'Conceptual' 10.260320138519614 16.726896276842503
 1.7796610169491525 66 4 6 11 43.18075955429993]
[46.485672572230975 'Conceptual' 10.260320138519614 16.726896276842503
 1.7457627118644066 66 4 6 12 46.485672572230975]
[49.14621229251018 'Conceptual' 10.260320138519614 16.726896276842503
 1.5762711864406778 66 4 6 13 49.14621229251018]
[51.78001267504383 'Conceptual' 10.260320138519614 16.726896276842503
 1.5762711864406778 66 4 6 14 51.78001267504383]
[55.05264888512796 'Conceptual' 10.260320138519614 16.726896276842503
 1.5254237288135593 66 4 6 15 55.05264888512796]
[57.61141170786367 'Conceptual' 10.260320138519614 16.726896276842503
 1.4406779661016949 66 4 6 16 57.61141170786367]
[59.815595105699565 'Conceptual' 10.260320138519614 16.726896276842503
 1.406779661016949 66 4 6 17 59.815595105699565]
[61.7508226927306 'Conceptual' 10.260320138519614 16.726896276842503
 1.3559322033898304 66 4 6 18 61.7508226927306]
[63.50374070270959 'Conceptual' 10.260320138519614 16.726896276842503
 1.2372881355932202 66 4 6 19 63.50374070270959]
[0.0 'Conceptual' 10.260320138519614 16.726896276842503 0.0 66 4 7 0 0.0]
[4.9675826653676705 'Conceptual' 10.260320138519614 16.726896276842503
 10.169491525423728 66 4 7 1 4.9675826653676705]
[7.174099348027905 'Conceptual' 10.260320138519614 16.726896276842503
 6.779661016949152 66 4 7 2 7.174099348027905]
[10.138774274208693 'Conceptual' 10.260320138519614 16.726896276842503
 4.627118644067796 66 4 7 3 10.138774274208693]
[13.809208007666875 'Conceptual' 10.260320138519614 16.726896276842503
 3.949152542372881 66 4 7 4 13.809208007666875]
[18.224161307334107 'Conceptual' 10.260320138519614 16.726896276842503
 3.7796610169491522 66 4 7 5 18.224161307334107]
[24.09226268010001 'Conceptual' 10.260320138519614 16.726896276842503
 2.932203389830508 66 4 7 6 24.09226268010001]
[27.39454544283045 'Conceptual' 10.260320138519614 16.726896276842503
 2.423728813559322 66 4 7 7 27.39454544283045]
[32.67581708648255 'Conceptual' 10.260320138519614 16.726896276842503
 2.2033898305084745 66 4 7 8 32.67581708648255]
[35.385012321328624 'Conceptual' 10.260320138519614 16.726896276842503
 2.016949152542373 66 4 7 9 35.385012321328624]
[39.90734255324459 'Conceptual' 10.260320138519614 16.726896276842503
 1.983050847457627 66 4 7 10 39.90734255324459]
[43.18075955429993 'Conceptual' 10.260320138519614 16.726896276842503
 1.7796610169491525 66 4 7 11 43.18075955429993]
[46.485672572230975 'Conceptual' 10.260320138519614 16.726896276842503
 1.7457627118644066 66 4 7 12 46.485672572230975]
[49.14621229251018 'Conceptual' 10.260320138519614 16.726896276842503
 1.5762711864406778 66 4 7 13 49.14621229251018]
[51.78001267504383 'Conceptual' 10.260320138519614 16.726896276842503
 1.5762711864406778 66 4 7 14 51.78001267504383]
[55.05264888512796 'Conceptual' 10.260320138519614 16.726896276842503
 1.5254237288135593 66 4 7 15 55.05264888512796]
[57.61141170786367 'Conceptual' 10.260320138519614 16.726896276842503
 1.4406779661016949 66 4 7 16 57.61141170786367]
[59.815595105699565 'Conceptual' 10.260320138519614 16.726896276842503
 1.406779661016949 66 4 7 17 59.815595105699565]
[61.7508226927306 'Conceptual' 10.260320138519614 16.726896276842503
 1.3559322033898304 66 4 7 18 61.7508226927306]
[63.50374070270959 'Conceptual' 10.260320138519614 16.726896276842503
 1.2372881355932202 66 4 7 19 63.50374070270959]
[0.0 'Conceptual' 10.260320138519614 16.726896276842503 0.0 66 4 8 0 0.0]
[4.9675826653676705 'Conceptual' 10.260320138519614 16.726896276842503
 10.169491525423728 66 4 8 1 4.9675826653676705]
[7.174099348027905 'Conceptual' 10.260320138519614 16.726896276842503
 6.779661016949152 66 4 8 2 7.174099348027905]
[10.138774274208693 'Conceptual' 10.260320138519614 16.726896276842503
 4.627118644067796 66 4 8 3 10.138774274208693]
[13.809208007666875 'Conceptual' 10.260320138519614 16.726896276842503
 3.949152542372881 66 4 8 4 13.809208007666875]
[18.224161307334107 'Conceptual' 10.260320138519614 16.726896276842503
 3.7796610169491522 66 4 8 5 18.224161307334107]
[24.09226268010001 'Conceptual' 10.260320138519614 16.726896276842503
 2.932203389830508 66 4 8 6 24.09226268010001]
[27.39454544283045 'Conceptual' 10.260320138519614 16.726896276842503
 2.423728813559322 66 4 8 7 27.39454544283045]
[32.67581708648255 'Conceptual' 10.260320138519614 16.726896276842503
 2.2033898305084745 66 4 8 8 32.67581708648255]
[35.385012321328624 'Conceptual' 10.260320138519614 16.726896276842503
 2.016949152542373 66 4 8 9 35.385012321328624]
[39.90734255324459 'Conceptual' 10.260320138519614 16.726896276842503
 1.983050847457627 66 4 8 10 39.90734255324459]
[43.18075955429993 'Conceptual' 10.260320138519614 16.726896276842503
 1.7796610169491525 66 4 8 11 43.18075955429993]
[46.485672572230975 'Conceptual' 10.260320138519614 16.726896276842503
 1.7457627118644066 66 4 8 12 46.485672572230975]
[49.14621229251018 'Conceptual' 10.260320138519614 16.726896276842503
 1.5762711864406778 66 4 8 13 49.14621229251018]
[51.78001267504383 'Conceptual' 10.260320138519614 16.726896276842503
 1.5762711864406778 66 4 8 14 51.78001267504383]
[55.05264888512796 'Conceptual' 10.260320138519614 16.726896276842503
 1.5254237288135593 66 4 8 15 55.05264888512796]
[57.61141170786367 'Conceptual' 10.260320138519614 16.726896276842503
 1.4406779661016949 66 4 8 16 57.61141170786367]
[59.815595105699565 'Conceptual' 10.260320138519614 16.726896276842503
 1.406779661016949 66 4 8 17 59.815595105699565]
[61.7508226927306 'Conceptual' 10.260320138519614 16.726896276842503
 1.3559322033898304 66 4 8 18 61.7508226927306]
[63.50374070270959 'Conceptual' 10.260320138519614 16.726896276842503
 1.2372881355932202 66 4 8 19 63.50374070270959]
