[0.0 'Spatial' 1.3740470051815394 0.007385494735309185 0.0 33 4 0 0 0.0]
[4.142616271745589 'Spatial' 1.3740470051815394 0.007385494735309185
 0.1694915254237288 33 4 0 1 4.142616271745589]
[8.304663995322528 'Spatial' 1.3740470051815394 0.007385494735309185
 2.084745762711864 33 4 0 2 8.304663995322528]
[12.463414970356915 'Spatial' 1.3740470051815394 0.007385494735309185
 2.11864406779661 33 4 0 3 12.463414970356915]
[16.297822500713217 'Spatial' 1.3740470051815394 0.007385494735309185
 0.3389830508474576 33 4 0 4 16.297822500713217]
[19.406454495953696 'Spatial' 1.3740470051815394 0.007385494735309185
 0.1694915254237288 33 4 0 5 19.406454495953696]
[21.81643288019095 'Spatial' 1.3740470051815394 0.007385494735309185
 0.1694915254237288 33 4 0 6 21.81643288019095]
[23.548239481267792 'Spatial' 1.3740470051815394 0.007385494735309185
 0.1694915254237288 33 4 0 7 23.548239481267792]
[24.640973350891826 'Spatial' 1.3740470051815394 0.007385494735309185
 0.1694915254237288 33 4 0 8 24.640973350891826]
[25.14555837851956 'Spatial' 1.3740470051815394 0.007385494735309185
 0.1694915254237288 33 4 0 9 25.14555837851956]
[25.135692714069798 'Spatial' 1.3740470051815394 0.007385494735309185
 0.1694915254237288 33 4 0 10 25.135692714069798]
[24.714935271278836 'Spatial' 1.3740470051815394 0.007385494735309185
 0.1694915254237288 33 4 0 11 24.714935271278836]
[24.000649940884806 'Spatial' 1.3740470051815394 0.007385494735309185
 0.1694915254237288 33 4 0 12 24.000649940884806]
[23.133095329856268 'Spatial' 1.3740470051815394 0.007385494735309185
 0.1694915254237288 33 4 0 13 23.133095329856268]
[22.25400911581671 'Spatial' 1.3740470051815394 0.007385494735309185
 0.1694915254237288 33 4 0 14 22.25400911581671]
[21.48670038887773 'Spatial' 1.3740470051815394 0.007385494735309185
 0.1694915254237288 33 4 0 15 21.48670038887773]
[20.920180091451968 'Spatial' 1.3740470051815394 0.007385494735309185
 0.1694915254237288 33 4 0 16 20.920180091451968]
[20.60609628777062 'Spatial' 1.3740470051815394 0.007385494735309185
 0.1694915254237288 33 4 0 17 20.60609628777062]
[20.555424181850615 'Spatial' 1.3740470051815394 0.007385494735309185
 0.1694915254237288 33 4 0 18 20.555424181850615]
[20.752053350495963 'Spatial' 1.3740470051815394 0.007385494735309185
 0.1694915254237288 33 4 0 19 20.752053350495963]
[0.0 'Spatial' 1.3740470051815394 0.007385494735309185 0.0 33 4 1 0 0.0]
[4.142616271745589 'Spatial' 1.3740470051815394 0.007385494735309185
 0.1694915254237288 33 4 1 1 4.142616271745589]
[8.304663995322528 'Spatial' 1.3740470051815394 0.007385494735309185
 2.084745762711864 33 4 1 2 8.304663995322528]
[12.463414970356915 'Spatial' 1.3740470051815394 0.007385494735309185
 2.11864406779661 33 4 1 3 12.463414970356915]
[16.297822500713217 'Spatial' 1.3740470051815394 0.007385494735309185
 0.3389830508474576 33 4 1 4 16.297822500713217]
[19.406454495953696 'Spatial' 1.3740470051815394 0.007385494735309185
 0.1694915254237288 33 4 1 5 19.406454495953696]
[21.81643288019095 'Spatial' 1.3740470051815394 0.007385494735309185
 0.1694915254237288 33 4 1 6 21.81643288019095]
[23.548239481267792 'Spatial' 1.3740470051815394 0.007385494735309185
 0.1694915254237288 33 4 1 7 23.548239481267792]
[24.640973350891826 'Spatial' 1.3740470051815394 0.007385494735309185
 0.1694915254237288 33 4 1 8 24.640973350891826]
[25.14555837851956 'Spatial' 1.3740470051815394 0.007385494735309185
 0.1694915254237288 33 4 1 9 25.14555837851956]
[25.135692714069798 'Spatial' 1.3740470051815394 0.007385494735309185
 0.1694915254237288 33 4 1 10 25.135692714069798]
[24.714935271278836 'Spatial' 1.3740470051815394 0.007385494735309185
 0.1694915254237288 33 4 1 11 24.714935271278836]
[24.000649940884806 'Spatial' 1.3740470051815394 0.007385494735309185
 0.1694915254237288 33 4 1 12 24.000649940884806]
[23.133095329856268 'Spatial' 1.3740470051815394 0.007385494735309185
 0.1694915254237288 33 4 1 13 23.133095329856268]
[22.25400911581671 'Spatial' 1.3740470051815394 0.007385494735309185
 0.1694915254237288 33 4 1 14 22.25400911581671]
[21.48670038887773 'Spatial' 1.3740470051815394 0.007385494735309185
 0.1694915254237288 33 4 1 15 21.48670038887773]
[20.920180091451968 'Spatial' 1.3740470051815394 0.007385494735309185
 0.1694915254237288 33 4 1 16 20.920180091451968]
[20.60609628777062 'Spatial' 1.3740470051815394 0.007385494735309185
 0.1694915254237288 33 4 1 17 20.60609628777062]
[20.555424181850615 'Spatial' 1.3740470051815394 0.007385494735309185
 0.1694915254237288 33 4 1 18 20.555424181850615]
[20.752053350495963 'Spatial' 1.3740470051815394 0.007385494735309185
 0.1694915254237288 33 4 1 19 20.752053350495963]
[0.0 'Spatial' 1.3740470051815394 0.007385494735309185 0.0 33 4 2 0 0.0]
[4.142616271745589 'Spatial' 1.3740470051815394 0.007385494735309185
 0.1694915254237288 33 4 2 1 4.142616271745589]
[8.304663995322528 'Spatial' 1.3740470051815394 0.007385494735309185
 2.084745762711864 33 4 2 2 8.304663995322528]
[12.463414970356915 'Spatial' 1.3740470051815394 0.007385494735309185
 2.11864406779661 33 4 2 3 12.463414970356915]
[16.297822500713217 'Spatial' 1.3740470051815394 0.007385494735309185
 0.3389830508474576 33 4 2 4 16.297822500713217]
[19.406454495953696 'Spatial' 1.3740470051815394 0.007385494735309185
 0.1694915254237288 33 4 2 5 19.406454495953696]
[21.81643288019095 'Spatial' 1.3740470051815394 0.007385494735309185
 0.1694915254237288 33 4 2 6 21.81643288019095]
[23.548239481267792 'Spatial' 1.3740470051815394 0.007385494735309185
 0.1694915254237288 33 4 2 7 23.548239481267792]
[24.640973350891826 'Spatial' 1.3740470051815394 0.007385494735309185
 0.1694915254237288 33 4 2 8 24.640973350891826]
[25.14555837851956 'Spatial' 1.3740470051815394 0.007385494735309185
 0.1694915254237288 33 4 2 9 25.14555837851956]
[25.135692714069798 'Spatial' 1.3740470051815394 0.007385494735309185
 0.1694915254237288 33 4 2 10 25.135692714069798]
[24.714935271278836 'Spatial' 1.3740470051815394 0.007385494735309185
 0.1694915254237288 33 4 2 11 24.714935271278836]
[24.000649940884806 'Spatial' 1.3740470051815394 0.007385494735309185
 0.1694915254237288 33 4 2 12 24.000649940884806]
[23.133095329856268 'Spatial' 1.3740470051815394 0.007385494735309185
 0.1694915254237288 33 4 2 13 23.133095329856268]
[22.25400911581671 'Spatial' 1.3740470051815394 0.007385494735309185
 0.1694915254237288 33 4 2 14 22.25400911581671]
[21.48670038887773 'Spatial' 1.3740470051815394 0.007385494735309185
 0.1694915254237288 33 4 2 15 21.48670038887773]
[20.920180091451968 'Spatial' 1.3740470051815394 0.007385494735309185
 0.1694915254237288 33 4 2 16 20.920180091451968]
[20.60609628777062 'Spatial' 1.3740470051815394 0.007385494735309185
 0.1694915254237288 33 4 2 17 20.60609628777062]
[20.555424181850615 'Spatial' 1.3740470051815394 0.007385494735309185
 0.1694915254237288 33 4 2 18 20.555424181850615]
[20.752053350495963 'Spatial' 1.3740470051815394 0.007385494735309185
 0.1694915254237288 33 4 2 19 20.752053350495963]
[0.0 'Spatial' 1.3740470051815394 0.007385494735309185 0.0 33 4 3 0 0.0]
[4.142616271745589 'Spatial' 1.3740470051815394 0.007385494735309185
 0.1694915254237288 33 4 3 1 4.142616271745589]
[8.304663995322528 'Spatial' 1.3740470051815394 0.007385494735309185
 2.084745762711864 33 4 3 2 8.304663995322528]
[12.463414970356915 'Spatial' 1.3740470051815394 0.007385494735309185
 2.11864406779661 33 4 3 3 12.463414970356915]
[16.297822500713217 'Spatial' 1.3740470051815394 0.007385494735309185
 0.3389830508474576 33 4 3 4 16.297822500713217]
[19.406454495953696 'Spatial' 1.3740470051815394 0.007385494735309185
 0.1694915254237288 33 4 3 5 19.406454495953696]
[21.81643288019095 'Spatial' 1.3740470051815394 0.007385494735309185
 0.1694915254237288 33 4 3 6 21.81643288019095]
[23.548239481267792 'Spatial' 1.3740470051815394 0.007385494735309185
 0.1694915254237288 33 4 3 7 23.548239481267792]
[24.640973350891826 'Spatial' 1.3740470051815394 0.007385494735309185
 0.1694915254237288 33 4 3 8 24.640973350891826]
[25.14555837851956 'Spatial' 1.3740470051815394 0.007385494735309185
 0.1694915254237288 33 4 3 9 25.14555837851956]
[25.135692714069798 'Spatial' 1.3740470051815394 0.007385494735309185
 0.1694915254237288 33 4 3 10 25.135692714069798]
[24.714935271278836 'Spatial' 1.3740470051815394 0.007385494735309185
 0.1694915254237288 33 4 3 11 24.714935271278836]
[24.000649940884806 'Spatial' 1.3740470051815394 0.007385494735309185
 0.1694915254237288 33 4 3 12 24.000649940884806]
[23.133095329856268 'Spatial' 1.3740470051815394 0.007385494735309185
 0.1694915254237288 33 4 3 13 23.133095329856268]
[22.25400911581671 'Spatial' 1.3740470051815394 0.007385494735309185
 0.1694915254237288 33 4 3 14 22.25400911581671]
[21.48670038887773 'Spatial' 1.3740470051815394 0.007385494735309185
 0.1694915254237288 33 4 3 15 21.48670038887773]
[20.920180091451968 'Spatial' 1.3740470051815394 0.007385494735309185
 0.1694915254237288 33 4 3 16 20.920180091451968]
[20.60609628777062 'Spatial' 1.3740470051815394 0.007385494735309185
 0.1694915254237288 33 4 3 17 20.60609628777062]
[20.555424181850615 'Spatial' 1.3740470051815394 0.007385494735309185
 0.1694915254237288 33 4 3 18 20.555424181850615]
[20.752053350495963 'Spatial' 1.3740470051815394 0.007385494735309185
 0.1694915254237288 33 4 3 19 20.752053350495963]
[0.0 'Spatial' 1.3740470051815394 0.007385494735309185 0.0 33 4 5 0 0.0]
[4.142616271745589 'Spatial' 1.3740470051815394 0.007385494735309185
 0.1694915254237288 33 4 5 1 4.142616271745589]
[8.304663995322528 'Spatial' 1.3740470051815394 0.007385494735309185
 2.084745762711864 33 4 5 2 8.304663995322528]
[12.463414970356915 'Spatial' 1.3740470051815394 0.007385494735309185
 2.11864406779661 33 4 5 3 12.463414970356915]
[16.297822500713217 'Spatial' 1.3740470051815394 0.007385494735309185
 0.3389830508474576 33 4 5 4 16.297822500713217]
[19.406454495953696 'Spatial' 1.3740470051815394 0.007385494735309185
 0.1694915254237288 33 4 5 5 19.406454495953696]
[21.81643288019095 'Spatial' 1.3740470051815394 0.007385494735309185
 0.1694915254237288 33 4 5 6 21.81643288019095]
[23.548239481267792 'Spatial' 1.3740470051815394 0.007385494735309185
 0.1694915254237288 33 4 5 7 23.548239481267792]
[24.640973350891826 'Spatial' 1.3740470051815394 0.007385494735309185
 0.1694915254237288 33 4 5 8 24.640973350891826]
[25.14555837851956 'Spatial' 1.3740470051815394 0.007385494735309185
 0.1694915254237288 33 4 5 9 25.14555837851956]
[25.135692714069798 'Spatial' 1.3740470051815394 0.007385494735309185
 0.1694915254237288 33 4 5 10 25.135692714069798]
[24.714935271278836 'Spatial' 1.3740470051815394 0.007385494735309185
 0.1694915254237288 33 4 5 11 24.714935271278836]
[24.000649940884806 'Spatial' 1.3740470051815394 0.007385494735309185
 0.1694915254237288 33 4 5 12 24.000649940884806]
[23.133095329856268 'Spatial' 1.3740470051815394 0.007385494735309185
 0.1694915254237288 33 4 5 13 23.133095329856268]
[22.25400911581671 'Spatial' 1.3740470051815394 0.007385494735309185
 0.1694915254237288 33 4 5 14 22.25400911581671]
[21.48670038887773 'Spatial' 1.3740470051815394 0.007385494735309185
 0.1694915254237288 33 4 5 15 21.48670038887773]
[20.920180091451968 'Spatial' 1.3740470051815394 0.007385494735309185
 0.1694915254237288 33 4 5 16 20.920180091451968]
[20.60609628777062 'Spatial' 1.3740470051815394 0.007385494735309185
 0.1694915254237288 33 4 5 17 20.60609628777062]
[20.555424181850615 'Spatial' 1.3740470051815394 0.007385494735309185
 0.1694915254237288 33 4 5 18 20.555424181850615]
[20.752053350495963 'Spatial' 1.3740470051815394 0.007385494735309185
 0.1694915254237288 33 4 5 19 20.752053350495963]
[0.0 'Spatial' 1.3740470051815394 0.007385494735309185 0.0 33 4 6 0 0.0]
[4.142616271745589 'Spatial' 1.3740470051815394 0.007385494735309185
 0.1694915254237288 33 4 6 1 4.142616271745589]
[8.304663995322528 'Spatial' 1.3740470051815394 0.007385494735309185
 2.084745762711864 33 4 6 2 8.304663995322528]
[12.463414970356915 'Spatial' 1.3740470051815394 0.007385494735309185
 2.11864406779661 33 4 6 3 12.463414970356915]
[16.297822500713217 'Spatial' 1.3740470051815394 0.007385494735309185
 0.3389830508474576 33 4 6 4 16.297822500713217]
[19.406454495953696 'Spatial' 1.3740470051815394 0.007385494735309185
 0.1694915254237288 33 4 6 5 19.406454495953696]
[21.81643288019095 'Spatial' 1.3740470051815394 0.007385494735309185
 0.1694915254237288 33 4 6 6 21.81643288019095]
[23.548239481267792 'Spatial' 1.3740470051815394 0.007385494735309185
 0.1694915254237288 33 4 6 7 23.548239481267792]
[24.640973350891826 'Spatial' 1.3740470051815394 0.007385494735309185
 0.1694915254237288 33 4 6 8 24.640973350891826]
[25.14555837851956 'Spatial' 1.3740470051815394 0.007385494735309185
 0.1694915254237288 33 4 6 9 25.14555837851956]
[25.135692714069798 'Spatial' 1.3740470051815394 0.007385494735309185
 0.1694915254237288 33 4 6 10 25.135692714069798]
[24.714935271278836 'Spatial' 1.3740470051815394 0.007385494735309185
 0.1694915254237288 33 4 6 11 24.714935271278836]
[24.000649940884806 'Spatial' 1.3740470051815394 0.007385494735309185
 0.1694915254237288 33 4 6 12 24.000649940884806]
[23.133095329856268 'Spatial' 1.3740470051815394 0.007385494735309185
 0.1694915254237288 33 4 6 13 23.133095329856268]
[22.25400911581671 'Spatial' 1.3740470051815394 0.007385494735309185
 0.1694915254237288 33 4 6 14 22.25400911581671]
[21.48670038887773 'Spatial' 1.3740470051815394 0.007385494735309185
 0.1694915254237288 33 4 6 15 21.48670038887773]
[20.920180091451968 'Spatial' 1.3740470051815394 0.007385494735309185
 0.1694915254237288 33 4 6 16 20.920180091451968]
[20.60609628777062 'Spatial' 1.3740470051815394 0.007385494735309185
 0.1694915254237288 33 4 6 17 20.60609628777062]
[20.555424181850615 'Spatial' 1.3740470051815394 0.007385494735309185
 0.1694915254237288 33 4 6 18 20.555424181850615]
[20.752053350495963 'Spatial' 1.3740470051815394 0.007385494735309185
 0.1694915254237288 33 4 6 19 20.752053350495963]
[0.0 'Spatial' 1.3740470051815394 0.007385494735309185 0.0 33 4 7 0 0.0]
[4.142616271745589 'Spatial' 1.3740470051815394 0.007385494735309185
 0.1694915254237288 33 4 7 1 4.142616271745589]
[8.304663995322528 'Spatial' 1.3740470051815394 0.007385494735309185
 2.084745762711864 33 4 7 2 8.304663995322528]
[12.463414970356915 'Spatial' 1.3740470051815394 0.007385494735309185
 2.11864406779661 33 4 7 3 12.463414970356915]
[16.297822500713217 'Spatial' 1.3740470051815394 0.007385494735309185
 0.3389830508474576 33 4 7 4 16.297822500713217]
[19.406454495953696 'Spatial' 1.3740470051815394 0.007385494735309185
 0.1694915254237288 33 4 7 5 19.406454495953696]
[21.81643288019095 'Spatial' 1.3740470051815394 0.007385494735309185
 0.1694915254237288 33 4 7 6 21.81643288019095]
[23.548239481267792 'Spatial' 1.3740470051815394 0.007385494735309185
 0.1694915254237288 33 4 7 7 23.548239481267792]
[24.640973350891826 'Spatial' 1.3740470051815394 0.007385494735309185
 0.1694915254237288 33 4 7 8 24.640973350891826]
[25.14555837851956 'Spatial' 1.3740470051815394 0.007385494735309185
 0.1694915254237288 33 4 7 9 25.14555837851956]
[25.135692714069798 'Spatial' 1.3740470051815394 0.007385494735309185
 0.1694915254237288 33 4 7 10 25.135692714069798]
[24.714935271278836 'Spatial' 1.3740470051815394 0.007385494735309185
 0.1694915254237288 33 4 7 11 24.714935271278836]
[24.000649940884806 'Spatial' 1.3740470051815394 0.007385494735309185
 0.1694915254237288 33 4 7 12 24.000649940884806]
[23.133095329856268 'Spatial' 1.3740470051815394 0.007385494735309185
 0.1694915254237288 33 4 7 13 23.133095329856268]
[22.25400911581671 'Spatial' 1.3740470051815394 0.007385494735309185
 0.1694915254237288 33 4 7 14 22.25400911581671]
[21.48670038887773 'Spatial' 1.3740470051815394 0.007385494735309185
 0.1694915254237288 33 4 7 15 21.48670038887773]
[20.920180091451968 'Spatial' 1.3740470051815394 0.007385494735309185
 0.1694915254237288 33 4 7 16 20.920180091451968]
[20.60609628777062 'Spatial' 1.3740470051815394 0.007385494735309185
 0.1694915254237288 33 4 7 17 20.60609628777062]
[20.555424181850615 'Spatial' 1.3740470051815394 0.007385494735309185
 0.1694915254237288 33 4 7 18 20.555424181850615]
[20.752053350495963 'Spatial' 1.3740470051815394 0.007385494735309185
 0.1694915254237288 33 4 7 19 20.752053350495963]
[0.0 'Spatial' 1.3740470051815394 0.007385494735309185 0.0 33 4 8 0 0.0]
[4.142616271745589 'Spatial' 1.3740470051815394 0.007385494735309185
 0.1694915254237288 33 4 8 1 4.142616271745589]
[8.304663995322528 'Spatial' 1.3740470051815394 0.007385494735309185
 2.084745762711864 33 4 8 2 8.304663995322528]
[12.463414970356915 'Spatial' 1.3740470051815394 0.007385494735309185
 2.11864406779661 33 4 8 3 12.463414970356915]
[16.297822500713217 'Spatial' 1.3740470051815394 0.007385494735309185
 0.3389830508474576 33 4 8 4 16.297822500713217]
[19.406454495953696 'Spatial' 1.3740470051815394 0.007385494735309185
 0.1694915254237288 33 4 8 5 19.406454495953696]
[21.81643288019095 'Spatial' 1.3740470051815394 0.007385494735309185
 0.1694915254237288 33 4 8 6 21.81643288019095]
[23.548239481267792 'Spatial' 1.3740470051815394 0.007385494735309185
 0.1694915254237288 33 4 8 7 23.548239481267792]
[24.640973350891826 'Spatial' 1.3740470051815394 0.007385494735309185
 0.1694915254237288 33 4 8 8 24.640973350891826]
[25.14555837851956 'Spatial' 1.3740470051815394 0.007385494735309185
 0.1694915254237288 33 4 8 9 25.14555837851956]
[25.135692714069798 'Spatial' 1.3740470051815394 0.007385494735309185
 0.1694915254237288 33 4 8 10 25.135692714069798]
[24.714935271278836 'Spatial' 1.3740470051815394 0.007385494735309185
 0.1694915254237288 33 4 8 11 24.714935271278836]
[24.000649940884806 'Spatial' 1.3740470051815394 0.007385494735309185
 0.1694915254237288 33 4 8 12 24.000649940884806]
[23.133095329856268 'Spatial' 1.3740470051815394 0.007385494735309185
 0.1694915254237288 33 4 8 13 23.133095329856268]
[22.25400911581671 'Spatial' 1.3740470051815394 0.007385494735309185
 0.1694915254237288 33 4 8 14 22.25400911581671]
[21.48670038887773 'Spatial' 1.3740470051815394 0.007385494735309185
 0.1694915254237288 33 4 8 15 21.48670038887773]
[20.920180091451968 'Spatial' 1.3740470051815394 0.007385494735309185
 0.1694915254237288 33 4 8 16 20.920180091451968]
[20.60609628777062 'Spatial' 1.3740470051815394 0.007385494735309185
 0.1694915254237288 33 4 8 17 20.60609628777062]
[20.555424181850615 'Spatial' 1.3740470051815394 0.007385494735309185
 0.1694915254237288 33 4 8 18 20.555424181850615]
[20.752053350495963 'Spatial' 1.3740470051815394 0.007385494735309185
 0.1694915254237288 33 4 8 19 20.752053350495963]
