[0.0 'Conceptual' 6.681225903523673 10.227828397773242 0.0 52 4 0 0 0.0]
[4.8122546032616285 'Conceptual' 6.681225903523673 10.227828397773242
 10.169491525423728 52 4 0 1 4.8122546032616285]
[7.677935304844015 'Conceptual' 6.681225903523673 10.227828397773242
 6.2542372881355925 52 4 0 2 7.677935304844015]
[11.03517438462875 'Conceptual' 6.681225903523673 10.227828397773242
 5.135593220338983 52 4 0 3 11.03517438462875]
[14.120487842080617 'Conceptual' 6.681225903523673 10.227828397773242
 4.11864406779661 52 4 0 4 14.120487842080617]
[16.634855858985127 'Conceptual' 6.681225903523673 10.227828397773242
 3.1355932203389827 52 4 0 5 16.634855858985127]
[18.928094979091203 'Conceptual' 6.681225903523673 10.227828397773242
 2.5254237288135593 52 4 0 6 18.928094979091203]
[20.79868260009384 'Conceptual' 6.681225903523673 10.227828397773242
 2.3559322033898304 52 4 0 7 20.79868260009384]
[25.02958088422193 'Conceptual' 6.681225903523673 10.227828397773242
 2.2033898305084745 52 4 0 8 25.02958088422193]
[26.77724243316781 'Conceptual' 6.681225903523673 10.227828397773242
 2.084745762711864 52 4 0 9 26.77724243316781]
[28.338960068783884 'Conceptual' 6.681225903523673 10.227828397773242
 1.9491525423728813 52 4 0 10 28.338960068783884]
[29.75582007678269 'Conceptual' 6.681225903523673 10.227828397773242
 1.7796610169491525 52 4 0 11 29.75582007678269]
[31.024029430952904 'Conceptual' 6.681225903523673 10.227828397773242
 1.7457627118644066 52 4 0 12 31.024029430952904]
[32.17729077027914 'Conceptual' 6.681225903523673 10.227828397773242
 1.5762711864406778 52 4 0 13 32.17729077027914]
[33.0761227248041 'Conceptual' 6.681225903523673 10.227828397773242
 1.406779661016949 52 4 0 14 33.0761227248041]
[33.74082383122228 'Conceptual' 6.681225903523673 10.227828397773242
 1.271186440677966 52 4 0 15 33.74082383122228]
[34.262093291053205 'Conceptual' 6.681225903523673 10.227828397773242
 1.2372881355932202 52 4 0 16 34.262093291053205]
[34.562075323958176 'Conceptual' 6.681225903523673 10.227828397773242
 1.0677966101694913 52 4 0 17 34.562075323958176]
[34.71452118374715 'Conceptual' 6.681225903523673 10.227828397773242
 1.0169491525423728 52 4 0 18 34.71452118374715]
[34.82594366654095 'Conceptual' 6.681225903523673 10.227828397773242
 0.9322033898305084 52 4 0 19 34.82594366654095]
[0.0 'Conceptual' 6.681225903523673 10.227828397773242 0.0 52 4 1 0 0.0]
[4.8122546032616285 'Conceptual' 6.681225903523673 10.227828397773242
 10.169491525423728 52 4 1 1 4.8122546032616285]
[7.677935304844015 'Conceptual' 6.681225903523673 10.227828397773242
 6.2542372881355925 52 4 1 2 7.677935304844015]
[11.03517438462875 'Conceptual' 6.681225903523673 10.227828397773242
 5.135593220338983 52 4 1 3 11.03517438462875]
[14.120487842080617 'Conceptual' 6.681225903523673 10.227828397773242
 4.11864406779661 52 4 1 4 14.120487842080617]
[16.634855858985127 'Conceptual' 6.681225903523673 10.227828397773242
 3.1355932203389827 52 4 1 5 16.634855858985127]
[18.928094979091203 'Conceptual' 6.681225903523673 10.227828397773242
 2.5254237288135593 52 4 1 6 18.928094979091203]
[20.79868260009384 'Conceptual' 6.681225903523673 10.227828397773242
 2.3559322033898304 52 4 1 7 20.79868260009384]
[25.02958088422193 'Conceptual' 6.681225903523673 10.227828397773242
 2.2033898305084745 52 4 1 8 25.02958088422193]
[26.77724243316781 'Conceptual' 6.681225903523673 10.227828397773242
 2.084745762711864 52 4 1 9 26.77724243316781]
[28.338960068783884 'Conceptual' 6.681225903523673 10.227828397773242
 1.9491525423728813 52 4 1 10 28.338960068783884]
[29.75582007678269 'Conceptual' 6.681225903523673 10.227828397773242
 1.7796610169491525 52 4 1 11 29.75582007678269]
[31.024029430952904 'Conceptual' 6.681225903523673 10.227828397773242
 1.7457627118644066 52 4 1 12 31.024029430952904]
[32.17729077027914 'Conceptual' 6.681225903523673 10.227828397773242
 1.5762711864406778 52 4 1 13 32.17729077027914]
[33.0761227248041 'Conceptual' 6.681225903523673 10.227828397773242
 1.406779661016949 52 4 1 14 33.0761227248041]
[33.74082383122228 'Conceptual' 6.681225903523673 10.227828397773242
 1.271186440677966 52 4 1 15 33.74082383122228]
[34.262093291053205 'Conceptual' 6.681225903523673 10.227828397773242
 1.2372881355932202 52 4 1 16 34.262093291053205]
[34.562075323958176 'Conceptual' 6.681225903523673 10.227828397773242
 1.0677966101694913 52 4 1 17 34.562075323958176]
[34.71452118374715 'Conceptual' 6.681225903523673 10.227828397773242
 1.0169491525423728 52 4 1 18 34.71452118374715]
[34.82594366654095 'Conceptual' 6.681225903523673 10.227828397773242
 0.9322033898305084 52 4 1 19 34.82594366654095]
[0.0 'Conceptual' 6.681225903523673 10.227828397773242 0.0 52 4 2 0 0.0]
[4.8122546032616285 'Conceptual' 6.681225903523673 10.227828397773242
 10.169491525423728 52 4 2 1 4.8122546032616285]
[7.677935304844015 'Conceptual' 6.681225903523673 10.227828397773242
 6.2542372881355925 52 4 2 2 7.677935304844015]
[11.03517438462875 'Conceptual' 6.681225903523673 10.227828397773242
 5.135593220338983 52 4 2 3 11.03517438462875]
[14.120487842080617 'Conceptual' 6.681225903523673 10.227828397773242
 4.11864406779661 52 4 2 4 14.120487842080617]
[16.634855858985127 'Conceptual' 6.681225903523673 10.227828397773242
 3.1355932203389827 52 4 2 5 16.634855858985127]
[18.928094979091203 'Conceptual' 6.681225903523673 10.227828397773242
 2.5254237288135593 52 4 2 6 18.928094979091203]
[20.79868260009384 'Conceptual' 6.681225903523673 10.227828397773242
 2.3559322033898304 52 4 2 7 20.79868260009384]
[25.02958088422193 'Conceptual' 6.681225903523673 10.227828397773242
 2.2033898305084745 52 4 2 8 25.02958088422193]
[26.77724243316781 'Conceptual' 6.681225903523673 10.227828397773242
 2.084745762711864 52 4 2 9 26.77724243316781]
[28.338960068783884 'Conceptual' 6.681225903523673 10.227828397773242
 1.9491525423728813 52 4 2 10 28.338960068783884]
[29.75582007678269 'Conceptual' 6.681225903523673 10.227828397773242
 1.7796610169491525 52 4 2 11 29.75582007678269]
[31.024029430952904 'Conceptual' 6.681225903523673 10.227828397773242
 1.7457627118644066 52 4 2 12 31.024029430952904]
[32.17729077027914 'Conceptual' 6.681225903523673 10.227828397773242
 1.5762711864406778 52 4 2 13 32.17729077027914]
[33.0761227248041 'Conceptual' 6.681225903523673 10.227828397773242
 1.406779661016949 52 4 2 14 33.0761227248041]
[33.74082383122228 'Conceptual' 6.681225903523673 10.227828397773242
 1.271186440677966 52 4 2 15 33.74082383122228]
[34.262093291053205 'Conceptual' 6.681225903523673 10.227828397773242
 1.2372881355932202 52 4 2 16 34.262093291053205]
[34.562075323958176 'Conceptual' 6.681225903523673 10.227828397773242
 1.0677966101694913 52 4 2 17 34.562075323958176]
[34.71452118374715 'Conceptual' 6.681225903523673 10.227828397773242
 1.0169491525423728 52 4 2 18 34.71452118374715]
[34.82594366654095 'Conceptual' 6.681225903523673 10.227828397773242
 0.9322033898305084 52 4 2 19 34.82594366654095]
[0.0 'Conceptual' 6.681225903523673 10.227828397773242 0.0 52 4 3 0 0.0]
[4.8122546032616285 'Conceptual' 6.681225903523673 10.227828397773242
 10.169491525423728 52 4 3 1 4.8122546032616285]
[7.677935304844015 'Conceptual' 6.681225903523673 10.227828397773242
 6.2542372881355925 52 4 3 2 7.677935304844015]
[11.03517438462875 'Conceptual' 6.681225903523673 10.227828397773242
 5.135593220338983 52 4 3 3 11.03517438462875]
[14.120487842080617 'Conceptual' 6.681225903523673 10.227828397773242
 4.11864406779661 52 4 3 4 14.120487842080617]
[16.634855858985127 'Conceptual' 6.681225903523673 10.227828397773242
 3.1355932203389827 52 4 3 5 16.634855858985127]
[18.928094979091203 'Conceptual' 6.681225903523673 10.227828397773242
 2.5254237288135593 52 4 3 6 18.928094979091203]
[20.79868260009384 'Conceptual' 6.681225903523673 10.227828397773242
 2.3559322033898304 52 4 3 7 20.79868260009384]
[25.02958088422193 'Conceptual' 6.681225903523673 10.227828397773242
 2.2033898305084745 52 4 3 8 25.02958088422193]
[26.77724243316781 'Conceptual' 6.681225903523673 10.227828397773242
 2.084745762711864 52 4 3 9 26.77724243316781]
[28.338960068783884 'Conceptual' 6.681225903523673 10.227828397773242
 1.9491525423728813 52 4 3 10 28.338960068783884]
[29.75582007678269 'Conceptual' 6.681225903523673 10.227828397773242
 1.7796610169491525 52 4 3 11 29.75582007678269]
[31.024029430952904 'Conceptual' 6.681225903523673 10.227828397773242
 1.7457627118644066 52 4 3 12 31.024029430952904]
[32.17729077027914 'Conceptual' 6.681225903523673 10.227828397773242
 1.5762711864406778 52 4 3 13 32.17729077027914]
[33.0761227248041 'Conceptual' 6.681225903523673 10.227828397773242
 1.406779661016949 52 4 3 14 33.0761227248041]
[33.74082383122228 'Conceptual' 6.681225903523673 10.227828397773242
 1.271186440677966 52 4 3 15 33.74082383122228]
[34.262093291053205 'Conceptual' 6.681225903523673 10.227828397773242
 1.2372881355932202 52 4 3 16 34.262093291053205]
[34.562075323958176 'Conceptual' 6.681225903523673 10.227828397773242
 1.0677966101694913 52 4 3 17 34.562075323958176]
[34.71452118374715 'Conceptual' 6.681225903523673 10.227828397773242
 1.0169491525423728 52 4 3 18 34.71452118374715]
[34.82594366654095 'Conceptual' 6.681225903523673 10.227828397773242
 0.9322033898305084 52 4 3 19 34.82594366654095]
[0.0 'Conceptual' 6.681225903523673 10.227828397773242 0.0 52 4 5 0 0.0]
[4.8122546032616285 'Conceptual' 6.681225903523673 10.227828397773242
 10.169491525423728 52 4 5 1 4.8122546032616285]
[7.677935304844015 'Conceptual' 6.681225903523673 10.227828397773242
 6.2542372881355925 52 4 5 2 7.677935304844015]
[11.03517438462875 'Conceptual' 6.681225903523673 10.227828397773242
 5.135593220338983 52 4 5 3 11.03517438462875]
[14.120487842080617 'Conceptual' 6.681225903523673 10.227828397773242
 4.11864406779661 52 4 5 4 14.120487842080617]
[16.634855858985127 'Conceptual' 6.681225903523673 10.227828397773242
 3.1355932203389827 52 4 5 5 16.634855858985127]
[18.928094979091203 'Conceptual' 6.681225903523673 10.227828397773242
 2.5254237288135593 52 4 5 6 18.928094979091203]
[20.79868260009384 'Conceptual' 6.681225903523673 10.227828397773242
 2.3559322033898304 52 4 5 7 20.79868260009384]
[25.02958088422193 'Conceptual' 6.681225903523673 10.227828397773242
 2.2033898305084745 52 4 5 8 25.02958088422193]
[26.77724243316781 'Conceptual' 6.681225903523673 10.227828397773242
 2.084745762711864 52 4 5 9 26.77724243316781]
[28.338960068783884 'Conceptual' 6.681225903523673 10.227828397773242
 1.9491525423728813 52 4 5 10 28.338960068783884]
[29.75582007678269 'Conceptual' 6.681225903523673 10.227828397773242
 1.7796610169491525 52 4 5 11 29.75582007678269]
[31.024029430952904 'Conceptual' 6.681225903523673 10.227828397773242
 1.7457627118644066 52 4 5 12 31.024029430952904]
[32.17729077027914 'Conceptual' 6.681225903523673 10.227828397773242
 1.5762711864406778 52 4 5 13 32.17729077027914]
[33.0761227248041 'Conceptual' 6.681225903523673 10.227828397773242
 1.406779661016949 52 4 5 14 33.0761227248041]
[33.74082383122228 'Conceptual' 6.681225903523673 10.227828397773242
 1.271186440677966 52 4 5 15 33.74082383122228]
[34.262093291053205 'Conceptual' 6.681225903523673 10.227828397773242
 1.2372881355932202 52 4 5 16 34.262093291053205]
[34.562075323958176 'Conceptual' 6.681225903523673 10.227828397773242
 1.0677966101694913 52 4 5 17 34.562075323958176]
[34.71452118374715 'Conceptual' 6.681225903523673 10.227828397773242
 1.0169491525423728 52 4 5 18 34.71452118374715]
[34.82594366654095 'Conceptual' 6.681225903523673 10.227828397773242
 0.9322033898305084 52 4 5 19 34.82594366654095]
[0.0 'Conceptual' 6.681225903523673 10.227828397773242 0.0 52 4 6 0 0.0]
[4.8122546032616285 'Conceptual' 6.681225903523673 10.227828397773242
 10.169491525423728 52 4 6 1 4.8122546032616285]
[7.677935304844015 'Conceptual' 6.681225903523673 10.227828397773242
 6.2542372881355925 52 4 6 2 7.677935304844015]
[11.03517438462875 'Conceptual' 6.681225903523673 10.227828397773242
 5.135593220338983 52 4 6 3 11.03517438462875]
[14.120487842080617 'Conceptual' 6.681225903523673 10.227828397773242
 4.11864406779661 52 4 6 4 14.120487842080617]
[16.634855858985127 'Conceptual' 6.681225903523673 10.227828397773242
 3.1355932203389827 52 4 6 5 16.634855858985127]
[18.928094979091203 'Conceptual' 6.681225903523673 10.227828397773242
 2.5254237288135593 52 4 6 6 18.928094979091203]
[20.79868260009384 'Conceptual' 6.681225903523673 10.227828397773242
 2.3559322033898304 52 4 6 7 20.79868260009384]
[25.02958088422193 'Conceptual' 6.681225903523673 10.227828397773242
 2.2033898305084745 52 4 6 8 25.02958088422193]
[26.77724243316781 'Conceptual' 6.681225903523673 10.227828397773242
 2.084745762711864 52 4 6 9 26.77724243316781]
[28.338960068783884 'Conceptual' 6.681225903523673 10.227828397773242
 1.9491525423728813 52 4 6 10 28.338960068783884]
[29.75582007678269 'Conceptual' 6.681225903523673 10.227828397773242
 1.7796610169491525 52 4 6 11 29.75582007678269]
[31.024029430952904 'Conceptual' 6.681225903523673 10.227828397773242
 1.7457627118644066 52 4 6 12 31.024029430952904]
[32.17729077027914 'Conceptual' 6.681225903523673 10.227828397773242
 1.5762711864406778 52 4 6 13 32.17729077027914]
[33.0761227248041 'Conceptual' 6.681225903523673 10.227828397773242
 1.406779661016949 52 4 6 14 33.0761227248041]
[33.74082383122228 'Conceptual' 6.681225903523673 10.227828397773242
 1.271186440677966 52 4 6 15 33.74082383122228]
[34.262093291053205 'Conceptual' 6.681225903523673 10.227828397773242
 1.2372881355932202 52 4 6 16 34.262093291053205]
[34.562075323958176 'Conceptual' 6.681225903523673 10.227828397773242
 1.0677966101694913 52 4 6 17 34.562075323958176]
[34.71452118374715 'Conceptual' 6.681225903523673 10.227828397773242
 1.0169491525423728 52 4 6 18 34.71452118374715]
[34.82594366654095 'Conceptual' 6.681225903523673 10.227828397773242
 0.9322033898305084 52 4 6 19 34.82594366654095]
[0.0 'Conceptual' 6.681225903523673 10.227828397773242 0.0 52 4 7 0 0.0]
[4.8122546032616285 'Conceptual' 6.681225903523673 10.227828397773242
 10.169491525423728 52 4 7 1 4.8122546032616285]
[7.677935304844015 'Conceptual' 6.681225903523673 10.227828397773242
 6.2542372881355925 52 4 7 2 7.677935304844015]
[11.03517438462875 'Conceptual' 6.681225903523673 10.227828397773242
 5.135593220338983 52 4 7 3 11.03517438462875]
[14.120487842080617 'Conceptual' 6.681225903523673 10.227828397773242
 4.11864406779661 52 4 7 4 14.120487842080617]
[16.634855858985127 'Conceptual' 6.681225903523673 10.227828397773242
 3.1355932203389827 52 4 7 5 16.634855858985127]
[18.928094979091203 'Conceptual' 6.681225903523673 10.227828397773242
 2.5254237288135593 52 4 7 6 18.928094979091203]
[20.79868260009384 'Conceptual' 6.681225903523673 10.227828397773242
 2.3559322033898304 52 4 7 7 20.79868260009384]
[25.02958088422193 'Conceptual' 6.681225903523673 10.227828397773242
 2.2033898305084745 52 4 7 8 25.02958088422193]
[26.77724243316781 'Conceptual' 6.681225903523673 10.227828397773242
 2.084745762711864 52 4 7 9 26.77724243316781]
[28.338960068783884 'Conceptual' 6.681225903523673 10.227828397773242
 1.9491525423728813 52 4 7 10 28.338960068783884]
[29.75582007678269 'Conceptual' 6.681225903523673 10.227828397773242
 1.7796610169491525 52 4 7 11 29.75582007678269]
[31.024029430952904 'Conceptual' 6.681225903523673 10.227828397773242
 1.7457627118644066 52 4 7 12 31.024029430952904]
[32.17729077027914 'Conceptual' 6.681225903523673 10.227828397773242
 1.5762711864406778 52 4 7 13 32.17729077027914]
[33.0761227248041 'Conceptual' 6.681225903523673 10.227828397773242
 1.406779661016949 52 4 7 14 33.0761227248041]
[33.74082383122228 'Conceptual' 6.681225903523673 10.227828397773242
 1.271186440677966 52 4 7 15 33.74082383122228]
[34.262093291053205 'Conceptual' 6.681225903523673 10.227828397773242
 1.2372881355932202 52 4 7 16 34.262093291053205]
[34.562075323958176 'Conceptual' 6.681225903523673 10.227828397773242
 1.0677966101694913 52 4 7 17 34.562075323958176]
[34.71452118374715 'Conceptual' 6.681225903523673 10.227828397773242
 1.0169491525423728 52 4 7 18 34.71452118374715]
[34.82594366654095 'Conceptual' 6.681225903523673 10.227828397773242
 0.9322033898305084 52 4 7 19 34.82594366654095]
[0.0 'Conceptual' 6.681225903523673 10.227828397773242 0.0 52 4 8 0 0.0]
[4.8122546032616285 'Conceptual' 6.681225903523673 10.227828397773242
 10.169491525423728 52 4 8 1 4.8122546032616285]
[7.677935304844015 'Conceptual' 6.681225903523673 10.227828397773242
 6.2542372881355925 52 4 8 2 7.677935304844015]
[11.03517438462875 'Conceptual' 6.681225903523673 10.227828397773242
 5.135593220338983 52 4 8 3 11.03517438462875]
[14.120487842080617 'Conceptual' 6.681225903523673 10.227828397773242
 4.11864406779661 52 4 8 4 14.120487842080617]
[16.634855858985127 'Conceptual' 6.681225903523673 10.227828397773242
 3.1355932203389827 52 4 8 5 16.634855858985127]
[18.928094979091203 'Conceptual' 6.681225903523673 10.227828397773242
 2.5254237288135593 52 4 8 6 18.928094979091203]
[20.79868260009384 'Conceptual' 6.681225903523673 10.227828397773242
 2.3559322033898304 52 4 8 7 20.79868260009384]
[25.02958088422193 'Conceptual' 6.681225903523673 10.227828397773242
 2.2033898305084745 52 4 8 8 25.02958088422193]
[26.77724243316781 'Conceptual' 6.681225903523673 10.227828397773242
 2.084745762711864 52 4 8 9 26.77724243316781]
[28.338960068783884 'Conceptual' 6.681225903523673 10.227828397773242
 1.9491525423728813 52 4 8 10 28.338960068783884]
[29.75582007678269 'Conceptual' 6.681225903523673 10.227828397773242
 1.7796610169491525 52 4 8 11 29.75582007678269]
[31.024029430952904 'Conceptual' 6.681225903523673 10.227828397773242
 1.7457627118644066 52 4 8 12 31.024029430952904]
[32.17729077027914 'Conceptual' 6.681225903523673 10.227828397773242
 1.5762711864406778 52 4 8 13 32.17729077027914]
[33.0761227248041 'Conceptual' 6.681225903523673 10.227828397773242
 1.406779661016949 52 4 8 14 33.0761227248041]
[33.74082383122228 'Conceptual' 6.681225903523673 10.227828397773242
 1.271186440677966 52 4 8 15 33.74082383122228]
[34.262093291053205 'Conceptual' 6.681225903523673 10.227828397773242
 1.2372881355932202 52 4 8 16 34.262093291053205]
[34.562075323958176 'Conceptual' 6.681225903523673 10.227828397773242
 1.0677966101694913 52 4 8 17 34.562075323958176]
[34.71452118374715 'Conceptual' 6.681225903523673 10.227828397773242
 1.0169491525423728 52 4 8 18 34.71452118374715]
[34.82594366654095 'Conceptual' 6.681225903523673 10.227828397773242
 0.9322033898305084 52 4 8 19 34.82594366654095]
