[0.0 'Spatial' 1.4609456607511329 0.10431953757039052 0.0 81 4 0 0 0.0]
[4.1858215690447516 'Spatial' 1.4609456607511329 0.10431953757039052
 10.169491525423728 81 4 0 1 4.1858215690447516]
[8.25061424195551 'Spatial' 1.4609456607511329 0.10431953757039052
 5.813559322033898 81 4 0 2 8.25061424195551]
[12.27202094606119 'Spatial' 1.4609456607511329 0.10431953757039052
 2.2881355932203387 81 4 0 3 12.27202094606119]
[16.148966139164024 'Spatial' 1.4609456607511329 0.10431953757039052
 2.016949152542373 81 4 0 4 16.148966139164024]
[19.559041301992917 'Spatial' 1.4609456607511329 0.10431953757039052
 1.6779661016949152 81 4 0 5 19.559041301992917]
[22.752328886022887 'Spatial' 1.4609456607511329 0.10431953757039052
 1.847457627118644 81 4 0 6 22.752328886022887]
[25.31227591684353 'Spatial' 1.4609456607511329 0.10431953757039052
 1.694915254237288 81 4 0 7 25.31227591684353]
[27.587439339898292 'Spatial' 1.4609456607511329 0.10431953757039052
 1.6101694915254237 81 4 0 8 27.587439339898292]
[30.094221213869275 'Spatial' 1.4609456607511329 0.10431953757039052
 1.6101694915254237 81 4 0 9 30.094221213869275]
[32.00545558611733 'Spatial' 1.4609456607511329 0.10431953757039052
 1.5762711864406778 81 4 0 10 32.00545558611733]
[33.60221264842437 'Spatial' 1.4609456607511329 0.10431953757039052
 1.5762711864406778 81 4 0 11 33.60221264842437]
[35.001847923841524 'Spatial' 1.4609456607511329 0.10431953757039052
 1.5254237288135593 81 4 0 12 35.001847923841524]
[36.22742390101508 'Spatial' 1.4609456607511329 0.10431953757039052
 1.4406779661016949 81 4 0 13 36.22742390101508]
[37.323748968514565 'Spatial' 1.4609456607511329 0.10431953757039052
 1.406779661016949 81 4 0 14 37.323748968514565]
[42.8781347356834 'Spatial' 1.4609456607511329 0.10431953757039052
 1.3389830508474576 81 4 0 15 42.8781347356834]
[44.10566909858392 'Spatial' 1.4609456607511329 0.10431953757039052
 1.2372881355932202 81 4 0 16 44.10566909858392]
[45.32573876165921 'Spatial' 1.4609456607511329 0.10431953757039052
 1.1016949152542372 81 4 0 17 45.32573876165921]
[46.624755928043804 'Spatial' 1.4609456607511329 0.10431953757039052
 1.0677966101694913 81 4 0 18 46.624755928043804]
[48.111261172951025 'Spatial' 1.4609456607511329 0.10431953757039052
 1.0677966101694913 81 4 0 19 48.111261172951025]
[0.0 'Spatial' 1.4609456607511329 0.10431953757039052 0.0 81 4 1 0 0.0]
[4.1858215690447516 'Spatial' 1.4609456607511329 0.10431953757039052
 10.169491525423728 81 4 1 1 4.1858215690447516]
[8.25061424195551 'Spatial' 1.4609456607511329 0.10431953757039052
 5.813559322033898 81 4 1 2 8.25061424195551]
[12.27202094606119 'Spatial' 1.4609456607511329 0.10431953757039052
 2.2881355932203387 81 4 1 3 12.27202094606119]
[16.148966139164024 'Spatial' 1.4609456607511329 0.10431953757039052
 2.016949152542373 81 4 1 4 16.148966139164024]
[19.559041301992917 'Spatial' 1.4609456607511329 0.10431953757039052
 1.6779661016949152 81 4 1 5 19.559041301992917]
[22.752328886022887 'Spatial' 1.4609456607511329 0.10431953757039052
 1.847457627118644 81 4 1 6 22.752328886022887]
[25.31227591684353 'Spatial' 1.4609456607511329 0.10431953757039052
 1.694915254237288 81 4 1 7 25.31227591684353]
[27.587439339898292 'Spatial' 1.4609456607511329 0.10431953757039052
 1.6101694915254237 81 4 1 8 27.587439339898292]
[30.094221213869275 'Spatial' 1.4609456607511329 0.10431953757039052
 1.6101694915254237 81 4 1 9 30.094221213869275]
[32.00545558611733 'Spatial' 1.4609456607511329 0.10431953757039052
 1.5762711864406778 81 4 1 10 32.00545558611733]
[33.60221264842437 'Spatial' 1.4609456607511329 0.10431953757039052
 1.5762711864406778 81 4 1 11 33.60221264842437]
[35.001847923841524 'Spatial' 1.4609456607511329 0.10431953757039052
 1.5254237288135593 81 4 1 12 35.001847923841524]
[36.22742390101508 'Spatial' 1.4609456607511329 0.10431953757039052
 1.4406779661016949 81 4 1 13 36.22742390101508]
[37.323748968514565 'Spatial' 1.4609456607511329 0.10431953757039052
 1.406779661016949 81 4 1 14 37.323748968514565]
[42.8781347356834 'Spatial' 1.4609456607511329 0.10431953757039052
 1.3389830508474576 81 4 1 15 42.8781347356834]
[44.10566909858392 'Spatial' 1.4609456607511329 0.10431953757039052
 1.2372881355932202 81 4 1 16 44.10566909858392]
[45.32573876165921 'Spatial' 1.4609456607511329 0.10431953757039052
 1.1016949152542372 81 4 1 17 45.32573876165921]
[46.624755928043804 'Spatial' 1.4609456607511329 0.10431953757039052
 1.0677966101694913 81 4 1 18 46.624755928043804]
[48.111261172951025 'Spatial' 1.4609456607511329 0.10431953757039052
 1.0677966101694913 81 4 1 19 48.111261172951025]
[0.0 'Spatial' 1.4609456607511329 0.10431953757039052 0.0 81 4 2 0 0.0]
[4.1858215690447516 'Spatial' 1.4609456607511329 0.10431953757039052
 10.169491525423728 81 4 2 1 4.1858215690447516]
[8.25061424195551 'Spatial' 1.4609456607511329 0.10431953757039052
 5.813559322033898 81 4 2 2 8.25061424195551]
[12.27202094606119 'Spatial' 1.4609456607511329 0.10431953757039052
 2.2881355932203387 81 4 2 3 12.27202094606119]
[16.148966139164024 'Spatial' 1.4609456607511329 0.10431953757039052
 2.016949152542373 81 4 2 4 16.148966139164024]
[19.559041301992917 'Spatial' 1.4609456607511329 0.10431953757039052
 1.6779661016949152 81 4 2 5 19.559041301992917]
[22.752328886022887 'Spatial' 1.4609456607511329 0.10431953757039052
 1.847457627118644 81 4 2 6 22.752328886022887]
[25.31227591684353 'Spatial' 1.4609456607511329 0.10431953757039052
 1.694915254237288 81 4 2 7 25.31227591684353]
[27.587439339898292 'Spatial' 1.4609456607511329 0.10431953757039052
 1.6101694915254237 81 4 2 8 27.587439339898292]
[30.094221213869275 'Spatial' 1.4609456607511329 0.10431953757039052
 1.6101694915254237 81 4 2 9 30.094221213869275]
[32.00545558611733 'Spatial' 1.4609456607511329 0.10431953757039052
 1.5762711864406778 81 4 2 10 32.00545558611733]
[33.60221264842437 'Spatial' 1.4609456607511329 0.10431953757039052
 1.5762711864406778 81 4 2 11 33.60221264842437]
[35.001847923841524 'Spatial' 1.4609456607511329 0.10431953757039052
 1.5254237288135593 81 4 2 12 35.001847923841524]
[36.22742390101508 'Spatial' 1.4609456607511329 0.10431953757039052
 1.4406779661016949 81 4 2 13 36.22742390101508]
[37.323748968514565 'Spatial' 1.4609456607511329 0.10431953757039052
 1.406779661016949 81 4 2 14 37.323748968514565]
[42.8781347356834 'Spatial' 1.4609456607511329 0.10431953757039052
 1.3389830508474576 81 4 2 15 42.8781347356834]
[44.10566909858392 'Spatial' 1.4609456607511329 0.10431953757039052
 1.2372881355932202 81 4 2 16 44.10566909858392]
[45.32573876165921 'Spatial' 1.4609456607511329 0.10431953757039052
 1.1016949152542372 81 4 2 17 45.32573876165921]
[46.624755928043804 'Spatial' 1.4609456607511329 0.10431953757039052
 1.0677966101694913 81 4 2 18 46.624755928043804]
[48.111261172951025 'Spatial' 1.4609456607511329 0.10431953757039052
 1.0677966101694913 81 4 2 19 48.111261172951025]
[0.0 'Spatial' 1.4609456607511329 0.10431953757039052 0.0 81 4 3 0 0.0]
[4.1858215690447516 'Spatial' 1.4609456607511329 0.10431953757039052
 10.169491525423728 81 4 3 1 4.1858215690447516]
[8.25061424195551 'Spatial' 1.4609456607511329 0.10431953757039052
 5.813559322033898 81 4 3 2 8.25061424195551]
[12.27202094606119 'Spatial' 1.4609456607511329 0.10431953757039052
 2.2881355932203387 81 4 3 3 12.27202094606119]
[16.148966139164024 'Spatial' 1.4609456607511329 0.10431953757039052
 2.016949152542373 81 4 3 4 16.148966139164024]
[19.559041301992917 'Spatial' 1.4609456607511329 0.10431953757039052
 1.6779661016949152 81 4 3 5 19.559041301992917]
[22.752328886022887 'Spatial' 1.4609456607511329 0.10431953757039052
 1.847457627118644 81 4 3 6 22.752328886022887]
[25.31227591684353 'Spatial' 1.4609456607511329 0.10431953757039052
 1.694915254237288 81 4 3 7 25.31227591684353]
[27.587439339898292 'Spatial' 1.4609456607511329 0.10431953757039052
 1.6101694915254237 81 4 3 8 27.587439339898292]
[30.094221213869275 'Spatial' 1.4609456607511329 0.10431953757039052
 1.6101694915254237 81 4 3 9 30.094221213869275]
[32.00545558611733 'Spatial' 1.4609456607511329 0.10431953757039052
 1.5762711864406778 81 4 3 10 32.00545558611733]
[33.60221264842437 'Spatial' 1.4609456607511329 0.10431953757039052
 1.5762711864406778 81 4 3 11 33.60221264842437]
[35.001847923841524 'Spatial' 1.4609456607511329 0.10431953757039052
 1.5254237288135593 81 4 3 12 35.001847923841524]
[36.22742390101508 'Spatial' 1.4609456607511329 0.10431953757039052
 1.4406779661016949 81 4 3 13 36.22742390101508]
[37.323748968514565 'Spatial' 1.4609456607511329 0.10431953757039052
 1.406779661016949 81 4 3 14 37.323748968514565]
[42.8781347356834 'Spatial' 1.4609456607511329 0.10431953757039052
 1.3389830508474576 81 4 3 15 42.8781347356834]
[44.10566909858392 'Spatial' 1.4609456607511329 0.10431953757039052
 1.2372881355932202 81 4 3 16 44.10566909858392]
[45.32573876165921 'Spatial' 1.4609456607511329 0.10431953757039052
 1.1016949152542372 81 4 3 17 45.32573876165921]
[46.624755928043804 'Spatial' 1.4609456607511329 0.10431953757039052
 1.0677966101694913 81 4 3 18 46.624755928043804]
[48.111261172951025 'Spatial' 1.4609456607511329 0.10431953757039052
 1.0677966101694913 81 4 3 19 48.111261172951025]
[0.0 'Spatial' 1.4609456607511329 0.10431953757039052 0.0 81 4 5 0 0.0]
[4.1858215690447516 'Spatial' 1.4609456607511329 0.10431953757039052
 10.169491525423728 81 4 5 1 4.1858215690447516]
[8.25061424195551 'Spatial' 1.4609456607511329 0.10431953757039052
 5.813559322033898 81 4 5 2 8.25061424195551]
[12.27202094606119 'Spatial' 1.4609456607511329 0.10431953757039052
 2.2881355932203387 81 4 5 3 12.27202094606119]
[16.148966139164024 'Spatial' 1.4609456607511329 0.10431953757039052
 2.016949152542373 81 4 5 4 16.148966139164024]
[19.559041301992917 'Spatial' 1.4609456607511329 0.10431953757039052
 1.6779661016949152 81 4 5 5 19.559041301992917]
[22.752328886022887 'Spatial' 1.4609456607511329 0.10431953757039052
 1.847457627118644 81 4 5 6 22.752328886022887]
[25.31227591684353 'Spatial' 1.4609456607511329 0.10431953757039052
 1.694915254237288 81 4 5 7 25.31227591684353]
[27.587439339898292 'Spatial' 1.4609456607511329 0.10431953757039052
 1.6101694915254237 81 4 5 8 27.587439339898292]
[30.094221213869275 'Spatial' 1.4609456607511329 0.10431953757039052
 1.6101694915254237 81 4 5 9 30.094221213869275]
[32.00545558611733 'Spatial' 1.4609456607511329 0.10431953757039052
 1.5762711864406778 81 4 5 10 32.00545558611733]
[33.60221264842437 'Spatial' 1.4609456607511329 0.10431953757039052
 1.5762711864406778 81 4 5 11 33.60221264842437]
[35.001847923841524 'Spatial' 1.4609456607511329 0.10431953757039052
 1.5254237288135593 81 4 5 12 35.001847923841524]
[36.22742390101508 'Spatial' 1.4609456607511329 0.10431953757039052
 1.4406779661016949 81 4 5 13 36.22742390101508]
[37.323748968514565 'Spatial' 1.4609456607511329 0.10431953757039052
 1.406779661016949 81 4 5 14 37.323748968514565]
[42.8781347356834 'Spatial' 1.4609456607511329 0.10431953757039052
 1.3389830508474576 81 4 5 15 42.8781347356834]
[44.10566909858392 'Spatial' 1.4609456607511329 0.10431953757039052
 1.2372881355932202 81 4 5 16 44.10566909858392]
[45.32573876165921 'Spatial' 1.4609456607511329 0.10431953757039052
 1.1016949152542372 81 4 5 17 45.32573876165921]
[46.624755928043804 'Spatial' 1.4609456607511329 0.10431953757039052
 1.0677966101694913 81 4 5 18 46.624755928043804]
[48.111261172951025 'Spatial' 1.4609456607511329 0.10431953757039052
 1.0677966101694913 81 4 5 19 48.111261172951025]
[0.0 'Spatial' 1.4609456607511329 0.10431953757039052 0.0 81 4 6 0 0.0]
[4.1858215690447516 'Spatial' 1.4609456607511329 0.10431953757039052
 10.169491525423728 81 4 6 1 4.1858215690447516]
[8.25061424195551 'Spatial' 1.4609456607511329 0.10431953757039052
 5.813559322033898 81 4 6 2 8.25061424195551]
[12.27202094606119 'Spatial' 1.4609456607511329 0.10431953757039052
 2.2881355932203387 81 4 6 3 12.27202094606119]
[16.148966139164024 'Spatial' 1.4609456607511329 0.10431953757039052
 2.016949152542373 81 4 6 4 16.148966139164024]
[19.559041301992917 'Spatial' 1.4609456607511329 0.10431953757039052
 1.6779661016949152 81 4 6 5 19.559041301992917]
[22.752328886022887 'Spatial' 1.4609456607511329 0.10431953757039052
 1.847457627118644 81 4 6 6 22.752328886022887]
[25.31227591684353 'Spatial' 1.4609456607511329 0.10431953757039052
 1.694915254237288 81 4 6 7 25.31227591684353]
[27.587439339898292 'Spatial' 1.4609456607511329 0.10431953757039052
 1.6101694915254237 81 4 6 8 27.587439339898292]
[30.094221213869275 'Spatial' 1.4609456607511329 0.10431953757039052
 1.6101694915254237 81 4 6 9 30.094221213869275]
[32.00545558611733 'Spatial' 1.4609456607511329 0.10431953757039052
 1.5762711864406778 81 4 6 10 32.00545558611733]
[33.60221264842437 'Spatial' 1.4609456607511329 0.10431953757039052
 1.5762711864406778 81 4 6 11 33.60221264842437]
[35.001847923841524 'Spatial' 1.4609456607511329 0.10431953757039052
 1.5254237288135593 81 4 6 12 35.001847923841524]
[36.22742390101508 'Spatial' 1.4609456607511329 0.10431953757039052
 1.4406779661016949 81 4 6 13 36.22742390101508]
[37.323748968514565 'Spatial' 1.4609456607511329 0.10431953757039052
 1.406779661016949 81 4 6 14 37.323748968514565]
[42.8781347356834 'Spatial' 1.4609456607511329 0.10431953757039052
 1.3389830508474576 81 4 6 15 42.8781347356834]
[44.10566909858392 'Spatial' 1.4609456607511329 0.10431953757039052
 1.2372881355932202 81 4 6 16 44.10566909858392]
[45.32573876165921 'Spatial' 1.4609456607511329 0.10431953757039052
 1.1016949152542372 81 4 6 17 45.32573876165921]
[46.624755928043804 'Spatial' 1.4609456607511329 0.10431953757039052
 1.0677966101694913 81 4 6 18 46.624755928043804]
[48.111261172951025 'Spatial' 1.4609456607511329 0.10431953757039052
 1.0677966101694913 81 4 6 19 48.111261172951025]
[0.0 'Spatial' 1.4609456607511329 0.10431953757039052 0.0 81 4 7 0 0.0]
[4.1858215690447516 'Spatial' 1.4609456607511329 0.10431953757039052
 10.169491525423728 81 4 7 1 4.1858215690447516]
[8.25061424195551 'Spatial' 1.4609456607511329 0.10431953757039052
 5.813559322033898 81 4 7 2 8.25061424195551]
[12.27202094606119 'Spatial' 1.4609456607511329 0.10431953757039052
 2.2881355932203387 81 4 7 3 12.27202094606119]
[16.148966139164024 'Spatial' 1.4609456607511329 0.10431953757039052
 2.016949152542373 81 4 7 4 16.148966139164024]
[19.559041301992917 'Spatial' 1.4609456607511329 0.10431953757039052
 1.6779661016949152 81 4 7 5 19.559041301992917]
[22.752328886022887 'Spatial' 1.4609456607511329 0.10431953757039052
 1.847457627118644 81 4 7 6 22.752328886022887]
[25.31227591684353 'Spatial' 1.4609456607511329 0.10431953757039052
 1.694915254237288 81 4 7 7 25.31227591684353]
[27.587439339898292 'Spatial' 1.4609456607511329 0.10431953757039052
 1.6101694915254237 81 4 7 8 27.587439339898292]
[30.094221213869275 'Spatial' 1.4609456607511329 0.10431953757039052
 1.6101694915254237 81 4 7 9 30.094221213869275]
[32.00545558611733 'Spatial' 1.4609456607511329 0.10431953757039052
 1.5762711864406778 81 4 7 10 32.00545558611733]
[33.60221264842437 'Spatial' 1.4609456607511329 0.10431953757039052
 1.5762711864406778 81 4 7 11 33.60221264842437]
[35.001847923841524 'Spatial' 1.4609456607511329 0.10431953757039052
 1.5254237288135593 81 4 7 12 35.001847923841524]
[36.22742390101508 'Spatial' 1.4609456607511329 0.10431953757039052
 1.4406779661016949 81 4 7 13 36.22742390101508]
[37.323748968514565 'Spatial' 1.4609456607511329 0.10431953757039052
 1.406779661016949 81 4 7 14 37.323748968514565]
[42.8781347356834 'Spatial' 1.4609456607511329 0.10431953757039052
 1.3389830508474576 81 4 7 15 42.8781347356834]
[44.10566909858392 'Spatial' 1.4609456607511329 0.10431953757039052
 1.2372881355932202 81 4 7 16 44.10566909858392]
[45.32573876165921 'Spatial' 1.4609456607511329 0.10431953757039052
 1.1016949152542372 81 4 7 17 45.32573876165921]
[46.624755928043804 'Spatial' 1.4609456607511329 0.10431953757039052
 1.0677966101694913 81 4 7 18 46.624755928043804]
[48.111261172951025 'Spatial' 1.4609456607511329 0.10431953757039052
 1.0677966101694913 81 4 7 19 48.111261172951025]
[0.0 'Spatial' 1.4609456607511329 0.10431953757039052 0.0 81 4 8 0 0.0]
[4.1858215690447516 'Spatial' 1.4609456607511329 0.10431953757039052
 10.169491525423728 81 4 8 1 4.1858215690447516]
[8.25061424195551 'Spatial' 1.4609456607511329 0.10431953757039052
 5.813559322033898 81 4 8 2 8.25061424195551]
[12.27202094606119 'Spatial' 1.4609456607511329 0.10431953757039052
 2.2881355932203387 81 4 8 3 12.27202094606119]
[16.148966139164024 'Spatial' 1.4609456607511329 0.10431953757039052
 2.016949152542373 81 4 8 4 16.148966139164024]
[19.559041301992917 'Spatial' 1.4609456607511329 0.10431953757039052
 1.6779661016949152 81 4 8 5 19.559041301992917]
[22.752328886022887 'Spatial' 1.4609456607511329 0.10431953757039052
 1.847457627118644 81 4 8 6 22.752328886022887]
[25.31227591684353 'Spatial' 1.4609456607511329 0.10431953757039052
 1.694915254237288 81 4 8 7 25.31227591684353]
[27.587439339898292 'Spatial' 1.4609456607511329 0.10431953757039052
 1.6101694915254237 81 4 8 8 27.587439339898292]
[30.094221213869275 'Spatial' 1.4609456607511329 0.10431953757039052
 1.6101694915254237 81 4 8 9 30.094221213869275]
[32.00545558611733 'Spatial' 1.4609456607511329 0.10431953757039052
 1.5762711864406778 81 4 8 10 32.00545558611733]
[33.60221264842437 'Spatial' 1.4609456607511329 0.10431953757039052
 1.5762711864406778 81 4 8 11 33.60221264842437]
[35.001847923841524 'Spatial' 1.4609456607511329 0.10431953757039052
 1.5254237288135593 81 4 8 12 35.001847923841524]
[36.22742390101508 'Spatial' 1.4609456607511329 0.10431953757039052
 1.4406779661016949 81 4 8 13 36.22742390101508]
[37.323748968514565 'Spatial' 1.4609456607511329 0.10431953757039052
 1.406779661016949 81 4 8 14 37.323748968514565]
[42.8781347356834 'Spatial' 1.4609456607511329 0.10431953757039052
 1.3389830508474576 81 4 8 15 42.8781347356834]
[44.10566909858392 'Spatial' 1.4609456607511329 0.10431953757039052
 1.2372881355932202 81 4 8 16 44.10566909858392]
[45.32573876165921 'Spatial' 1.4609456607511329 0.10431953757039052
 1.1016949152542372 81 4 8 17 45.32573876165921]
[46.624755928043804 'Spatial' 1.4609456607511329 0.10431953757039052
 1.0677966101694913 81 4 8 18 46.624755928043804]
[48.111261172951025 'Spatial' 1.4609456607511329 0.10431953757039052
 1.0677966101694913 81 4 8 19 48.111261172951025]
