[0.0 'Conceptual' 1.1198722776363086 3.406755394248323e-12 0.0 52 0 1 0
 0.0]
[4.158799368692269 'Conceptual' 1.1198722776363086 3.406755394248323e-12
 0.20677966101694914 52 0 1 1 4.158799368692269]
[8.188208931220931 'Conceptual' 1.1198722776363086 3.406755394248323e-12
 0.1694915254237288 52 0 1 2 8.188208931220931]
[12.349252373551245 'Conceptual' 1.1198722776363086 3.406755394248323e-12
 0.1694915254237288 52 0 1 3 12.349252373551245]
[16.32743345263958 'Conceptual' 1.1198722776363086 3.406755394248323e-12
 0.1694915254237288 52 0 1 4 16.32743345263958]
[20.369111733619384 'Conceptual' 1.1198722776363086 3.406755394248323e-12
 0.1694915254237288 52 0 1 5 20.369111733619384]
[24.535777798587 'Conceptual' 1.1198722776363086 3.406755394248323e-12
 0.1694915254237288 52 0 1 6 24.535777798587]
[28.702442479006134 'Conceptual' 1.1198722776363086 3.406755394248323e-12
 0.1694915254237288 52 0 1 7 28.702442479006134]
[32.48417017812028 'Conceptual' 1.1198722776363086 3.406755394248323e-12
 0.1694915254237288 52 0 1 8 32.48417017812028]
[36.65341854917038 'Conceptual' 1.1198722776363086 3.406755394248323e-12
 0.1694915254237288 52 0 1 9 36.65341854917038]
[40.1732615468642 'Conceptual' 1.1198722776363086 3.406755394248323e-12
 0.1694915254237288 52 0 1 10 40.1732615468642]
[44.18629021583454 'Conceptual' 1.1198722776363086 3.406755394248323e-12
 0.6779661016949152 52 0 1 11 44.18629021583454]
[48.030983505121014 'Conceptual' 1.1198722776363086 3.406755394248323e-12
 0.5932203389830508 52 0 1 12 48.030983505121014]
[51.75734092906157 'Conceptual' 1.1198722776363086 3.406755394248323e-12
 0.6779661016949152 52 0 1 13 51.75734092906157]
[54.6599505460857 'Conceptual' 1.1198722776363086 3.406755394248323e-12
 0.7288135593220338 52 0 1 14 54.6599505460857]
[56.811537867481164 'Conceptual' 1.1198722776363086 3.406755394248323e-12
 0.7288135593220338 52 0 1 15 56.811537867481164]
[58.301916925114874 'Conceptual' 1.1198722776363086 3.406755394248323e-12
 0.6779661016949152 52 0 1 16 58.301916925114874]
[61.19295928703106 'Conceptual' 1.1198722776363086 3.406755394248323e-12
 0.8305084745762711 52 0 1 17 61.19295928703106]
[65.01474566988341 'Conceptual' 1.1198722776363086 3.406755394248323e-12
 0.7627118644067796 52 0 1 18 65.01474566988341]
[69.03848331433043 'Conceptual' 1.1198722776363086 3.406755394248323e-12
 0.8305084745762711 52 0 1 19 69.03848331433043]
[0.0 'Conceptual' 1.1198722776363086 3.406755394248323e-12 0.0 52 0 2 0
 0.0]
[4.158799368692269 'Conceptual' 1.1198722776363086 3.406755394248323e-12
 0.20677966101694914 52 0 2 1 4.158799368692269]
[8.188208931220931 'Conceptual' 1.1198722776363086 3.406755394248323e-12
 0.1694915254237288 52 0 2 2 8.188208931220931]
[12.349252373551245 'Conceptual' 1.1198722776363086 3.406755394248323e-12
 0.1694915254237288 52 0 2 3 12.349252373551245]
[16.32743345263958 'Conceptual' 1.1198722776363086 3.406755394248323e-12
 0.1694915254237288 52 0 2 4 16.32743345263958]
[20.369111733619384 'Conceptual' 1.1198722776363086 3.406755394248323e-12
 0.1694915254237288 52 0 2 5 20.369111733619384]
[24.535777798587 'Conceptual' 1.1198722776363086 3.406755394248323e-12
 0.1694915254237288 52 0 2 6 24.535777798587]
[28.702442479006134 'Conceptual' 1.1198722776363086 3.406755394248323e-12
 0.1694915254237288 52 0 2 7 28.702442479006134]
[32.48417017812028 'Conceptual' 1.1198722776363086 3.406755394248323e-12
 0.1694915254237288 52 0 2 8 32.48417017812028]
[36.65341854917038 'Conceptual' 1.1198722776363086 3.406755394248323e-12
 0.1694915254237288 52 0 2 9 36.65341854917038]
[40.1732615468642 'Conceptual' 1.1198722776363086 3.406755394248323e-12
 0.1694915254237288 52 0 2 10 40.1732615468642]
[44.18629021583454 'Conceptual' 1.1198722776363086 3.406755394248323e-12
 0.6779661016949152 52 0 2 11 44.18629021583454]
[48.030983505121014 'Conceptual' 1.1198722776363086 3.406755394248323e-12
 0.5932203389830508 52 0 2 12 48.030983505121014]
[51.75734092906157 'Conceptual' 1.1198722776363086 3.406755394248323e-12
 0.6779661016949152 52 0 2 13 51.75734092906157]
[54.6599505460857 'Conceptual' 1.1198722776363086 3.406755394248323e-12
 0.7288135593220338 52 0 2 14 54.6599505460857]
[56.811537867481164 'Conceptual' 1.1198722776363086 3.406755394248323e-12
 0.7288135593220338 52 0 2 15 56.811537867481164]
[58.301916925114874 'Conceptual' 1.1198722776363086 3.406755394248323e-12
 0.6779661016949152 52 0 2 16 58.301916925114874]
[61.19295928703106 'Conceptual' 1.1198722776363086 3.406755394248323e-12
 0.8305084745762711 52 0 2 17 61.19295928703106]
[65.01474566988341 'Conceptual' 1.1198722776363086 3.406755394248323e-12
 0.7627118644067796 52 0 2 18 65.01474566988341]
[69.03848331433043 'Conceptual' 1.1198722776363086 3.406755394248323e-12
 0.8305084745762711 52 0 2 19 69.03848331433043]
[0.0 'Conceptual' 1.1198722776363086 3.406755394248323e-12 0.0 52 0 3 0
 0.0]
[4.158799368692269 'Conceptual' 1.1198722776363086 3.406755394248323e-12
 0.20677966101694914 52 0 3 1 4.158799368692269]
[8.188208931220931 'Conceptual' 1.1198722776363086 3.406755394248323e-12
 0.1694915254237288 52 0 3 2 8.188208931220931]
[12.349252373551245 'Conceptual' 1.1198722776363086 3.406755394248323e-12
 0.1694915254237288 52 0 3 3 12.349252373551245]
[16.32743345263958 'Conceptual' 1.1198722776363086 3.406755394248323e-12
 0.1694915254237288 52 0 3 4 16.32743345263958]
[20.369111733619384 'Conceptual' 1.1198722776363086 3.406755394248323e-12
 0.1694915254237288 52 0 3 5 20.369111733619384]
[24.535777798587 'Conceptual' 1.1198722776363086 3.406755394248323e-12
 0.1694915254237288 52 0 3 6 24.535777798587]
[28.702442479006134 'Conceptual' 1.1198722776363086 3.406755394248323e-12
 0.1694915254237288 52 0 3 7 28.702442479006134]
[32.48417017812028 'Conceptual' 1.1198722776363086 3.406755394248323e-12
 0.1694915254237288 52 0 3 8 32.48417017812028]
[36.65341854917038 'Conceptual' 1.1198722776363086 3.406755394248323e-12
 0.1694915254237288 52 0 3 9 36.65341854917038]
[40.1732615468642 'Conceptual' 1.1198722776363086 3.406755394248323e-12
 0.1694915254237288 52 0 3 10 40.1732615468642]
[44.18629021583454 'Conceptual' 1.1198722776363086 3.406755394248323e-12
 0.6779661016949152 52 0 3 11 44.18629021583454]
[48.030983505121014 'Conceptual' 1.1198722776363086 3.406755394248323e-12
 0.5932203389830508 52 0 3 12 48.030983505121014]
[51.75734092906157 'Conceptual' 1.1198722776363086 3.406755394248323e-12
 0.6779661016949152 52 0 3 13 51.75734092906157]
[54.6599505460857 'Conceptual' 1.1198722776363086 3.406755394248323e-12
 0.7288135593220338 52 0 3 14 54.6599505460857]
[56.811537867481164 'Conceptual' 1.1198722776363086 3.406755394248323e-12
 0.7288135593220338 52 0 3 15 56.811537867481164]
[58.301916925114874 'Conceptual' 1.1198722776363086 3.406755394248323e-12
 0.6779661016949152 52 0 3 16 58.301916925114874]
[61.19295928703106 'Conceptual' 1.1198722776363086 3.406755394248323e-12
 0.8305084745762711 52 0 3 17 61.19295928703106]
[65.01474566988341 'Conceptual' 1.1198722776363086 3.406755394248323e-12
 0.7627118644067796 52 0 3 18 65.01474566988341]
[69.03848331433043 'Conceptual' 1.1198722776363086 3.406755394248323e-12
 0.8305084745762711 52 0 3 19 69.03848331433043]
[0.0 'Conceptual' 1.1198722776363086 3.406755394248323e-12 0.0 52 0 4 0
 0.0]
[4.158799368692269 'Conceptual' 1.1198722776363086 3.406755394248323e-12
 0.20677966101694914 52 0 4 1 4.158799368692269]
[8.188208931220931 'Conceptual' 1.1198722776363086 3.406755394248323e-12
 0.1694915254237288 52 0 4 2 8.188208931220931]
[12.349252373551245 'Conceptual' 1.1198722776363086 3.406755394248323e-12
 0.1694915254237288 52 0 4 3 12.349252373551245]
[16.32743345263958 'Conceptual' 1.1198722776363086 3.406755394248323e-12
 0.1694915254237288 52 0 4 4 16.32743345263958]
[20.369111733619384 'Conceptual' 1.1198722776363086 3.406755394248323e-12
 0.1694915254237288 52 0 4 5 20.369111733619384]
[24.535777798587 'Conceptual' 1.1198722776363086 3.406755394248323e-12
 0.1694915254237288 52 0 4 6 24.535777798587]
[28.702442479006134 'Conceptual' 1.1198722776363086 3.406755394248323e-12
 0.1694915254237288 52 0 4 7 28.702442479006134]
[32.48417017812028 'Conceptual' 1.1198722776363086 3.406755394248323e-12
 0.1694915254237288 52 0 4 8 32.48417017812028]
[36.65341854917038 'Conceptual' 1.1198722776363086 3.406755394248323e-12
 0.1694915254237288 52 0 4 9 36.65341854917038]
[40.1732615468642 'Conceptual' 1.1198722776363086 3.406755394248323e-12
 0.1694915254237288 52 0 4 10 40.1732615468642]
[44.18629021583454 'Conceptual' 1.1198722776363086 3.406755394248323e-12
 0.6779661016949152 52 0 4 11 44.18629021583454]
[48.030983505121014 'Conceptual' 1.1198722776363086 3.406755394248323e-12
 0.5932203389830508 52 0 4 12 48.030983505121014]
[51.75734092906157 'Conceptual' 1.1198722776363086 3.406755394248323e-12
 0.6779661016949152 52 0 4 13 51.75734092906157]
[54.6599505460857 'Conceptual' 1.1198722776363086 3.406755394248323e-12
 0.7288135593220338 52 0 4 14 54.6599505460857]
[56.811537867481164 'Conceptual' 1.1198722776363086 3.406755394248323e-12
 0.7288135593220338 52 0 4 15 56.811537867481164]
[58.301916925114874 'Conceptual' 1.1198722776363086 3.406755394248323e-12
 0.6779661016949152 52 0 4 16 58.301916925114874]
[61.19295928703106 'Conceptual' 1.1198722776363086 3.406755394248323e-12
 0.8305084745762711 52 0 4 17 61.19295928703106]
[65.01474566988341 'Conceptual' 1.1198722776363086 3.406755394248323e-12
 0.7627118644067796 52 0 4 18 65.01474566988341]
[69.03848331433043 'Conceptual' 1.1198722776363086 3.406755394248323e-12
 0.8305084745762711 52 0 4 19 69.03848331433043]
[0.0 'Conceptual' 1.1198722776363086 3.406755394248323e-12 0.0 52 0 5 0
 0.0]
[4.158799368692269 'Conceptual' 1.1198722776363086 3.406755394248323e-12
 0.20677966101694914 52 0 5 1 4.158799368692269]
[8.188208931220931 'Conceptual' 1.1198722776363086 3.406755394248323e-12
 0.1694915254237288 52 0 5 2 8.188208931220931]
[12.349252373551245 'Conceptual' 1.1198722776363086 3.406755394248323e-12
 0.1694915254237288 52 0 5 3 12.349252373551245]
[16.32743345263958 'Conceptual' 1.1198722776363086 3.406755394248323e-12
 0.1694915254237288 52 0 5 4 16.32743345263958]
[20.369111733619384 'Conceptual' 1.1198722776363086 3.406755394248323e-12
 0.1694915254237288 52 0 5 5 20.369111733619384]
[24.535777798587 'Conceptual' 1.1198722776363086 3.406755394248323e-12
 0.1694915254237288 52 0 5 6 24.535777798587]
[28.702442479006134 'Conceptual' 1.1198722776363086 3.406755394248323e-12
 0.1694915254237288 52 0 5 7 28.702442479006134]
[32.48417017812028 'Conceptual' 1.1198722776363086 3.406755394248323e-12
 0.1694915254237288 52 0 5 8 32.48417017812028]
[36.65341854917038 'Conceptual' 1.1198722776363086 3.406755394248323e-12
 0.1694915254237288 52 0 5 9 36.65341854917038]
[40.1732615468642 'Conceptual' 1.1198722776363086 3.406755394248323e-12
 0.1694915254237288 52 0 5 10 40.1732615468642]
[44.18629021583454 'Conceptual' 1.1198722776363086 3.406755394248323e-12
 0.6779661016949152 52 0 5 11 44.18629021583454]
[48.030983505121014 'Conceptual' 1.1198722776363086 3.406755394248323e-12
 0.5932203389830508 52 0 5 12 48.030983505121014]
[51.75734092906157 'Conceptual' 1.1198722776363086 3.406755394248323e-12
 0.6779661016949152 52 0 5 13 51.75734092906157]
[54.6599505460857 'Conceptual' 1.1198722776363086 3.406755394248323e-12
 0.7288135593220338 52 0 5 14 54.6599505460857]
[56.811537867481164 'Conceptual' 1.1198722776363086 3.406755394248323e-12
 0.7288135593220338 52 0 5 15 56.811537867481164]
[58.301916925114874 'Conceptual' 1.1198722776363086 3.406755394248323e-12
 0.6779661016949152 52 0 5 16 58.301916925114874]
[61.19295928703106 'Conceptual' 1.1198722776363086 3.406755394248323e-12
 0.8305084745762711 52 0 5 17 61.19295928703106]
[65.01474566988341 'Conceptual' 1.1198722776363086 3.406755394248323e-12
 0.7627118644067796 52 0 5 18 65.01474566988341]
[69.03848331433043 'Conceptual' 1.1198722776363086 3.406755394248323e-12
 0.8305084745762711 52 0 5 19 69.03848331433043]
[0.0 'Conceptual' 1.1198722776363086 3.406755394248323e-12 0.0 52 0 6 0
 0.0]
[4.158799368692269 'Conceptual' 1.1198722776363086 3.406755394248323e-12
 0.20677966101694914 52 0 6 1 4.158799368692269]
[8.188208931220931 'Conceptual' 1.1198722776363086 3.406755394248323e-12
 0.1694915254237288 52 0 6 2 8.188208931220931]
[12.349252373551245 'Conceptual' 1.1198722776363086 3.406755394248323e-12
 0.1694915254237288 52 0 6 3 12.349252373551245]
[16.32743345263958 'Conceptual' 1.1198722776363086 3.406755394248323e-12
 0.1694915254237288 52 0 6 4 16.32743345263958]
[20.369111733619384 'Conceptual' 1.1198722776363086 3.406755394248323e-12
 0.1694915254237288 52 0 6 5 20.369111733619384]
[24.535777798587 'Conceptual' 1.1198722776363086 3.406755394248323e-12
 0.1694915254237288 52 0 6 6 24.535777798587]
[28.702442479006134 'Conceptual' 1.1198722776363086 3.406755394248323e-12
 0.1694915254237288 52 0 6 7 28.702442479006134]
[32.48417017812028 'Conceptual' 1.1198722776363086 3.406755394248323e-12
 0.1694915254237288 52 0 6 8 32.48417017812028]
[36.65341854917038 'Conceptual' 1.1198722776363086 3.406755394248323e-12
 0.1694915254237288 52 0 6 9 36.65341854917038]
[40.1732615468642 'Conceptual' 1.1198722776363086 3.406755394248323e-12
 0.1694915254237288 52 0 6 10 40.1732615468642]
[44.18629021583454 'Conceptual' 1.1198722776363086 3.406755394248323e-12
 0.6779661016949152 52 0 6 11 44.18629021583454]
[48.030983505121014 'Conceptual' 1.1198722776363086 3.406755394248323e-12
 0.5932203389830508 52 0 6 12 48.030983505121014]
[51.75734092906157 'Conceptual' 1.1198722776363086 3.406755394248323e-12
 0.6779661016949152 52 0 6 13 51.75734092906157]
[54.6599505460857 'Conceptual' 1.1198722776363086 3.406755394248323e-12
 0.7288135593220338 52 0 6 14 54.6599505460857]
[56.811537867481164 'Conceptual' 1.1198722776363086 3.406755394248323e-12
 0.7288135593220338 52 0 6 15 56.811537867481164]
[58.301916925114874 'Conceptual' 1.1198722776363086 3.406755394248323e-12
 0.6779661016949152 52 0 6 16 58.301916925114874]
[61.19295928703106 'Conceptual' 1.1198722776363086 3.406755394248323e-12
 0.8305084745762711 52 0 6 17 61.19295928703106]
[65.01474566988341 'Conceptual' 1.1198722776363086 3.406755394248323e-12
 0.7627118644067796 52 0 6 18 65.01474566988341]
[69.03848331433043 'Conceptual' 1.1198722776363086 3.406755394248323e-12
 0.8305084745762711 52 0 6 19 69.03848331433043]
[0.0 'Conceptual' 1.1198722776363086 3.406755394248323e-12 0.0 52 0 7 0
 0.0]
[4.158799368692269 'Conceptual' 1.1198722776363086 3.406755394248323e-12
 0.20677966101694914 52 0 7 1 4.158799368692269]
[8.188208931220931 'Conceptual' 1.1198722776363086 3.406755394248323e-12
 0.1694915254237288 52 0 7 2 8.188208931220931]
[12.349252373551245 'Conceptual' 1.1198722776363086 3.406755394248323e-12
 0.1694915254237288 52 0 7 3 12.349252373551245]
[16.32743345263958 'Conceptual' 1.1198722776363086 3.406755394248323e-12
 0.1694915254237288 52 0 7 4 16.32743345263958]
[20.369111733619384 'Conceptual' 1.1198722776363086 3.406755394248323e-12
 0.1694915254237288 52 0 7 5 20.369111733619384]
[24.535777798587 'Conceptual' 1.1198722776363086 3.406755394248323e-12
 0.1694915254237288 52 0 7 6 24.535777798587]
[28.702442479006134 'Conceptual' 1.1198722776363086 3.406755394248323e-12
 0.1694915254237288 52 0 7 7 28.702442479006134]
[32.48417017812028 'Conceptual' 1.1198722776363086 3.406755394248323e-12
 0.1694915254237288 52 0 7 8 32.48417017812028]
[36.65341854917038 'Conceptual' 1.1198722776363086 3.406755394248323e-12
 0.1694915254237288 52 0 7 9 36.65341854917038]
[40.1732615468642 'Conceptual' 1.1198722776363086 3.406755394248323e-12
 0.1694915254237288 52 0 7 10 40.1732615468642]
[44.18629021583454 'Conceptual' 1.1198722776363086 3.406755394248323e-12
 0.6779661016949152 52 0 7 11 44.18629021583454]
[48.030983505121014 'Conceptual' 1.1198722776363086 3.406755394248323e-12
 0.5932203389830508 52 0 7 12 48.030983505121014]
[51.75734092906157 'Conceptual' 1.1198722776363086 3.406755394248323e-12
 0.6779661016949152 52 0 7 13 51.75734092906157]
[54.6599505460857 'Conceptual' 1.1198722776363086 3.406755394248323e-12
 0.7288135593220338 52 0 7 14 54.6599505460857]
[56.811537867481164 'Conceptual' 1.1198722776363086 3.406755394248323e-12
 0.7288135593220338 52 0 7 15 56.811537867481164]
[58.301916925114874 'Conceptual' 1.1198722776363086 3.406755394248323e-12
 0.6779661016949152 52 0 7 16 58.301916925114874]
[61.19295928703106 'Conceptual' 1.1198722776363086 3.406755394248323e-12
 0.8305084745762711 52 0 7 17 61.19295928703106]
[65.01474566988341 'Conceptual' 1.1198722776363086 3.406755394248323e-12
 0.7627118644067796 52 0 7 18 65.01474566988341]
[69.03848331433043 'Conceptual' 1.1198722776363086 3.406755394248323e-12
 0.8305084745762711 52 0 7 19 69.03848331433043]
[0.0 'Conceptual' 1.1198722776363086 3.406755394248323e-12 0.0 52 0 8 0
 0.0]
[4.158799368692269 'Conceptual' 1.1198722776363086 3.406755394248323e-12
 0.20677966101694914 52 0 8 1 4.158799368692269]
[8.188208931220931 'Conceptual' 1.1198722776363086 3.406755394248323e-12
 0.1694915254237288 52 0 8 2 8.188208931220931]
[12.349252373551245 'Conceptual' 1.1198722776363086 3.406755394248323e-12
 0.1694915254237288 52 0 8 3 12.349252373551245]
[16.32743345263958 'Conceptual' 1.1198722776363086 3.406755394248323e-12
 0.1694915254237288 52 0 8 4 16.32743345263958]
[20.369111733619384 'Conceptual' 1.1198722776363086 3.406755394248323e-12
 0.1694915254237288 52 0 8 5 20.369111733619384]
[24.535777798587 'Conceptual' 1.1198722776363086 3.406755394248323e-12
 0.1694915254237288 52 0 8 6 24.535777798587]
[28.702442479006134 'Conceptual' 1.1198722776363086 3.406755394248323e-12
 0.1694915254237288 52 0 8 7 28.702442479006134]
[32.48417017812028 'Conceptual' 1.1198722776363086 3.406755394248323e-12
 0.1694915254237288 52 0 8 8 32.48417017812028]
[36.65341854917038 'Conceptual' 1.1198722776363086 3.406755394248323e-12
 0.1694915254237288 52 0 8 9 36.65341854917038]
[40.1732615468642 'Conceptual' 1.1198722776363086 3.406755394248323e-12
 0.1694915254237288 52 0 8 10 40.1732615468642]
[44.18629021583454 'Conceptual' 1.1198722776363086 3.406755394248323e-12
 0.6779661016949152 52 0 8 11 44.18629021583454]
[48.030983505121014 'Conceptual' 1.1198722776363086 3.406755394248323e-12
 0.5932203389830508 52 0 8 12 48.030983505121014]
[51.75734092906157 'Conceptual' 1.1198722776363086 3.406755394248323e-12
 0.6779661016949152 52 0 8 13 51.75734092906157]
[54.6599505460857 'Conceptual' 1.1198722776363086 3.406755394248323e-12
 0.7288135593220338 52 0 8 14 54.6599505460857]
[56.811537867481164 'Conceptual' 1.1198722776363086 3.406755394248323e-12
 0.7288135593220338 52 0 8 15 56.811537867481164]
[58.301916925114874 'Conceptual' 1.1198722776363086 3.406755394248323e-12
 0.6779661016949152 52 0 8 16 58.301916925114874]
[61.19295928703106 'Conceptual' 1.1198722776363086 3.406755394248323e-12
 0.8305084745762711 52 0 8 17 61.19295928703106]
[65.01474566988341 'Conceptual' 1.1198722776363086 3.406755394248323e-12
 0.7627118644067796 52 0 8 18 65.01474566988341]
[69.03848331433043 'Conceptual' 1.1198722776363086 3.406755394248323e-12
 0.8305084745762711 52 0 8 19 69.03848331433043]
