[0.0 'Conceptual' 1.2190820850994895 0.006615085091324422 0.0 109 5 0 0
 0.0]
[3.9867386487457743 'Conceptual' 1.2190820850994895 0.006615085091324422
 0.1694915254237288 109 5 0 1 3.9867386487457743]
[7.713342760625121 'Conceptual' 1.2190820850994895 0.006615085091324422
 1.847457627118644 109 5 0 2 7.713342760625121]
[11.620318273262516 'Conceptual' 1.2190820850994895 0.006615085091324422
 2.5932203389830506 109 5 0 3 11.620318273262516]
[15.690144540447719 'Conceptual' 1.2190820850994895 0.006615085091324422
 2.864406779661017 109 5 0 4 15.690144540447719]
[18.812383434945275 'Conceptual' 1.2190820850994895 0.006615085091324422
 2.254237288135593 109 5 0 5 18.812383434945275]
[21.63381973287577 'Conceptual' 1.2190820850994895 0.006615085091324422
 2.016949152542373 109 5 0 6 21.63381973287577]
[26.11248243559794 'Conceptual' 1.2190820850994895 0.006615085091324422
 1.9491525423728813 109 5 0 7 26.11248243559794]
[30.66473722408805 'Conceptual' 1.2190820850994895 0.006615085091324422
 1.3559322033898304 109 5 0 8 30.66473722408805]
[34.475404057143145 'Conceptual' 1.2190820850994895 0.006615085091324422
 1.1016949152542372 109 5 0 9 34.475404057143145]
[38.772815152963545 'Conceptual' 1.2190820850994895 0.006615085091324422
 0.9999999999999999 109 5 0 10 38.772815152963545]
[42.41235216587143 'Conceptual' 1.2190820850994895 0.006615085091324422
 1.0169491525423728 109 5 0 11 42.41235216587143]
[45.31978503658934 'Conceptual' 1.2190820850994895 0.006615085091324422
 0.9322033898305084 109 5 0 12 45.31978503658934]
[47.4893390033735 'Conceptual' 1.2190820850994895 0.006615085091324422
 0.8305084745762711 109 5 0 13 47.4893390033735]
[48.96424091742999 'Conceptual' 1.2190820850994895 0.006615085091324422
 0.7288135593220338 109 5 0 14 48.96424091742999]
[49.86882570686838 'Conceptual' 1.2190820850994895 0.006615085091324422
 0.6779661016949152 109 5 0 15 49.86882570686838]
[50.37385535666925 'Conceptual' 1.2190820850994895 0.006615085091324422
 0.6610169491525423 109 5 0 16 50.37385535666925]
[50.729198082836454 'Conceptual' 1.2190820850994895 0.006615085091324422
 0.6610169491525423 109 5 0 17 50.729198082836454]
[53.25241537317853 'Conceptual' 1.2190820850994895 0.006615085091324422
 0.6779661016949152 109 5 0 18 53.25241537317853]
[53.93412277577789 'Conceptual' 1.2190820850994895 0.006615085091324422
 0.6610169491525423 109 5 0 19 53.93412277577789]
[0.0 'Conceptual' 1.2190820850994895 0.006615085091324422 0.0 109 5 1 0
 0.0]
[3.9867386487457743 'Conceptual' 1.2190820850994895 0.006615085091324422
 0.1694915254237288 109 5 1 1 3.9867386487457743]
[7.713342760625121 'Conceptual' 1.2190820850994895 0.006615085091324422
 1.847457627118644 109 5 1 2 7.713342760625121]
[11.620318273262516 'Conceptual' 1.2190820850994895 0.006615085091324422
 2.5932203389830506 109 5 1 3 11.620318273262516]
[15.690144540447719 'Conceptual' 1.2190820850994895 0.006615085091324422
 2.864406779661017 109 5 1 4 15.690144540447719]
[18.812383434945275 'Conceptual' 1.2190820850994895 0.006615085091324422
 2.254237288135593 109 5 1 5 18.812383434945275]
[21.63381973287577 'Conceptual' 1.2190820850994895 0.006615085091324422
 2.016949152542373 109 5 1 6 21.63381973287577]
[26.11248243559794 'Conceptual' 1.2190820850994895 0.006615085091324422
 1.9491525423728813 109 5 1 7 26.11248243559794]
[30.66473722408805 'Conceptual' 1.2190820850994895 0.006615085091324422
 1.3559322033898304 109 5 1 8 30.66473722408805]
[34.475404057143145 'Conceptual' 1.2190820850994895 0.006615085091324422
 1.1016949152542372 109 5 1 9 34.475404057143145]
[38.772815152963545 'Conceptual' 1.2190820850994895 0.006615085091324422
 0.9999999999999999 109 5 1 10 38.772815152963545]
[42.41235216587143 'Conceptual' 1.2190820850994895 0.006615085091324422
 1.0169491525423728 109 5 1 11 42.41235216587143]
[45.31978503658934 'Conceptual' 1.2190820850994895 0.006615085091324422
 0.9322033898305084 109 5 1 12 45.31978503658934]
[47.4893390033735 'Conceptual' 1.2190820850994895 0.006615085091324422
 0.8305084745762711 109 5 1 13 47.4893390033735]
[48.96424091742999 'Conceptual' 1.2190820850994895 0.006615085091324422
 0.7288135593220338 109 5 1 14 48.96424091742999]
[49.86882570686838 'Conceptual' 1.2190820850994895 0.006615085091324422
 0.6779661016949152 109 5 1 15 49.86882570686838]
[50.37385535666925 'Conceptual' 1.2190820850994895 0.006615085091324422
 0.6610169491525423 109 5 1 16 50.37385535666925]
[50.729198082836454 'Conceptual' 1.2190820850994895 0.006615085091324422
 0.6610169491525423 109 5 1 17 50.729198082836454]
[53.25241537317853 'Conceptual' 1.2190820850994895 0.006615085091324422
 0.6779661016949152 109 5 1 18 53.25241537317853]
[53.93412277577789 'Conceptual' 1.2190820850994895 0.006615085091324422
 0.6610169491525423 109 5 1 19 53.93412277577789]
[0.0 'Conceptual' 1.2190820850994895 0.006615085091324422 0.0 109 5 2 0
 0.0]
[3.9867386487457743 'Conceptual' 1.2190820850994895 0.006615085091324422
 0.1694915254237288 109 5 2 1 3.9867386487457743]
[7.713342760625121 'Conceptual' 1.2190820850994895 0.006615085091324422
 1.847457627118644 109 5 2 2 7.713342760625121]
[11.620318273262516 'Conceptual' 1.2190820850994895 0.006615085091324422
 2.5932203389830506 109 5 2 3 11.620318273262516]
[15.690144540447719 'Conceptual' 1.2190820850994895 0.006615085091324422
 2.864406779661017 109 5 2 4 15.690144540447719]
[18.812383434945275 'Conceptual' 1.2190820850994895 0.006615085091324422
 2.254237288135593 109 5 2 5 18.812383434945275]
[21.63381973287577 'Conceptual' 1.2190820850994895 0.006615085091324422
 2.016949152542373 109 5 2 6 21.63381973287577]
[26.11248243559794 'Conceptual' 1.2190820850994895 0.006615085091324422
 1.9491525423728813 109 5 2 7 26.11248243559794]
[30.66473722408805 'Conceptual' 1.2190820850994895 0.006615085091324422
 1.3559322033898304 109 5 2 8 30.66473722408805]
[34.475404057143145 'Conceptual' 1.2190820850994895 0.006615085091324422
 1.1016949152542372 109 5 2 9 34.475404057143145]
[38.772815152963545 'Conceptual' 1.2190820850994895 0.006615085091324422
 0.9999999999999999 109 5 2 10 38.772815152963545]
[42.41235216587143 'Conceptual' 1.2190820850994895 0.006615085091324422
 1.0169491525423728 109 5 2 11 42.41235216587143]
[45.31978503658934 'Conceptual' 1.2190820850994895 0.006615085091324422
 0.9322033898305084 109 5 2 12 45.31978503658934]
[47.4893390033735 'Conceptual' 1.2190820850994895 0.006615085091324422
 0.8305084745762711 109 5 2 13 47.4893390033735]
[48.96424091742999 'Conceptual' 1.2190820850994895 0.006615085091324422
 0.7288135593220338 109 5 2 14 48.96424091742999]
[49.86882570686838 'Conceptual' 1.2190820850994895 0.006615085091324422
 0.6779661016949152 109 5 2 15 49.86882570686838]
[50.37385535666925 'Conceptual' 1.2190820850994895 0.006615085091324422
 0.6610169491525423 109 5 2 16 50.37385535666925]
[50.729198082836454 'Conceptual' 1.2190820850994895 0.006615085091324422
 0.6610169491525423 109 5 2 17 50.729198082836454]
[53.25241537317853 'Conceptual' 1.2190820850994895 0.006615085091324422
 0.6779661016949152 109 5 2 18 53.25241537317853]
[53.93412277577789 'Conceptual' 1.2190820850994895 0.006615085091324422
 0.6610169491525423 109 5 2 19 53.93412277577789]
[0.0 'Conceptual' 1.2190820850994895 0.006615085091324422 0.0 109 5 3 0
 0.0]
[3.9867386487457743 'Conceptual' 1.2190820850994895 0.006615085091324422
 0.1694915254237288 109 5 3 1 3.9867386487457743]
[7.713342760625121 'Conceptual' 1.2190820850994895 0.006615085091324422
 1.847457627118644 109 5 3 2 7.713342760625121]
[11.620318273262516 'Conceptual' 1.2190820850994895 0.006615085091324422
 2.5932203389830506 109 5 3 3 11.620318273262516]
[15.690144540447719 'Conceptual' 1.2190820850994895 0.006615085091324422
 2.864406779661017 109 5 3 4 15.690144540447719]
[18.812383434945275 'Conceptual' 1.2190820850994895 0.006615085091324422
 2.254237288135593 109 5 3 5 18.812383434945275]
[21.63381973287577 'Conceptual' 1.2190820850994895 0.006615085091324422
 2.016949152542373 109 5 3 6 21.63381973287577]
[26.11248243559794 'Conceptual' 1.2190820850994895 0.006615085091324422
 1.9491525423728813 109 5 3 7 26.11248243559794]
[30.66473722408805 'Conceptual' 1.2190820850994895 0.006615085091324422
 1.3559322033898304 109 5 3 8 30.66473722408805]
[34.475404057143145 'Conceptual' 1.2190820850994895 0.006615085091324422
 1.1016949152542372 109 5 3 9 34.475404057143145]
[38.772815152963545 'Conceptual' 1.2190820850994895 0.006615085091324422
 0.9999999999999999 109 5 3 10 38.772815152963545]
[42.41235216587143 'Conceptual' 1.2190820850994895 0.006615085091324422
 1.0169491525423728 109 5 3 11 42.41235216587143]
[45.31978503658934 'Conceptual' 1.2190820850994895 0.006615085091324422
 0.9322033898305084 109 5 3 12 45.31978503658934]
[47.4893390033735 'Conceptual' 1.2190820850994895 0.006615085091324422
 0.8305084745762711 109 5 3 13 47.4893390033735]
[48.96424091742999 'Conceptual' 1.2190820850994895 0.006615085091324422
 0.7288135593220338 109 5 3 14 48.96424091742999]
[49.86882570686838 'Conceptual' 1.2190820850994895 0.006615085091324422
 0.6779661016949152 109 5 3 15 49.86882570686838]
[50.37385535666925 'Conceptual' 1.2190820850994895 0.006615085091324422
 0.6610169491525423 109 5 3 16 50.37385535666925]
[50.729198082836454 'Conceptual' 1.2190820850994895 0.006615085091324422
 0.6610169491525423 109 5 3 17 50.729198082836454]
[53.25241537317853 'Conceptual' 1.2190820850994895 0.006615085091324422
 0.6779661016949152 109 5 3 18 53.25241537317853]
[53.93412277577789 'Conceptual' 1.2190820850994895 0.006615085091324422
 0.6610169491525423 109 5 3 19 53.93412277577789]
[0.0 'Conceptual' 1.2190820850994895 0.006615085091324422 0.0 109 5 4 0
 0.0]
[3.9867386487457743 'Conceptual' 1.2190820850994895 0.006615085091324422
 0.1694915254237288 109 5 4 1 3.9867386487457743]
[7.713342760625121 'Conceptual' 1.2190820850994895 0.006615085091324422
 1.847457627118644 109 5 4 2 7.713342760625121]
[11.620318273262516 'Conceptual' 1.2190820850994895 0.006615085091324422
 2.5932203389830506 109 5 4 3 11.620318273262516]
[15.690144540447719 'Conceptual' 1.2190820850994895 0.006615085091324422
 2.864406779661017 109 5 4 4 15.690144540447719]
[18.812383434945275 'Conceptual' 1.2190820850994895 0.006615085091324422
 2.254237288135593 109 5 4 5 18.812383434945275]
[21.63381973287577 'Conceptual' 1.2190820850994895 0.006615085091324422
 2.016949152542373 109 5 4 6 21.63381973287577]
[26.11248243559794 'Conceptual' 1.2190820850994895 0.006615085091324422
 1.9491525423728813 109 5 4 7 26.11248243559794]
[30.66473722408805 'Conceptual' 1.2190820850994895 0.006615085091324422
 1.3559322033898304 109 5 4 8 30.66473722408805]
[34.475404057143145 'Conceptual' 1.2190820850994895 0.006615085091324422
 1.1016949152542372 109 5 4 9 34.475404057143145]
[38.772815152963545 'Conceptual' 1.2190820850994895 0.006615085091324422
 0.9999999999999999 109 5 4 10 38.772815152963545]
[42.41235216587143 'Conceptual' 1.2190820850994895 0.006615085091324422
 1.0169491525423728 109 5 4 11 42.41235216587143]
[45.31978503658934 'Conceptual' 1.2190820850994895 0.006615085091324422
 0.9322033898305084 109 5 4 12 45.31978503658934]
[47.4893390033735 'Conceptual' 1.2190820850994895 0.006615085091324422
 0.8305084745762711 109 5 4 13 47.4893390033735]
[48.96424091742999 'Conceptual' 1.2190820850994895 0.006615085091324422
 0.7288135593220338 109 5 4 14 48.96424091742999]
[49.86882570686838 'Conceptual' 1.2190820850994895 0.006615085091324422
 0.6779661016949152 109 5 4 15 49.86882570686838]
[50.37385535666925 'Conceptual' 1.2190820850994895 0.006615085091324422
 0.6610169491525423 109 5 4 16 50.37385535666925]
[50.729198082836454 'Conceptual' 1.2190820850994895 0.006615085091324422
 0.6610169491525423 109 5 4 17 50.729198082836454]
[53.25241537317853 'Conceptual' 1.2190820850994895 0.006615085091324422
 0.6779661016949152 109 5 4 18 53.25241537317853]
[53.93412277577789 'Conceptual' 1.2190820850994895 0.006615085091324422
 0.6610169491525423 109 5 4 19 53.93412277577789]
[0.0 'Conceptual' 1.2190820850994895 0.006615085091324422 0.0 109 5 6 0
 0.0]
[3.9867386487457743 'Conceptual' 1.2190820850994895 0.006615085091324422
 0.1694915254237288 109 5 6 1 3.9867386487457743]
[7.713342760625121 'Conceptual' 1.2190820850994895 0.006615085091324422
 1.847457627118644 109 5 6 2 7.713342760625121]
[11.620318273262516 'Conceptual' 1.2190820850994895 0.006615085091324422
 2.5932203389830506 109 5 6 3 11.620318273262516]
[15.690144540447719 'Conceptual' 1.2190820850994895 0.006615085091324422
 2.864406779661017 109 5 6 4 15.690144540447719]
[18.812383434945275 'Conceptual' 1.2190820850994895 0.006615085091324422
 2.254237288135593 109 5 6 5 18.812383434945275]
[21.63381973287577 'Conceptual' 1.2190820850994895 0.006615085091324422
 2.016949152542373 109 5 6 6 21.63381973287577]
[26.11248243559794 'Conceptual' 1.2190820850994895 0.006615085091324422
 1.9491525423728813 109 5 6 7 26.11248243559794]
[30.66473722408805 'Conceptual' 1.2190820850994895 0.006615085091324422
 1.3559322033898304 109 5 6 8 30.66473722408805]
[34.475404057143145 'Conceptual' 1.2190820850994895 0.006615085091324422
 1.1016949152542372 109 5 6 9 34.475404057143145]
[38.772815152963545 'Conceptual' 1.2190820850994895 0.006615085091324422
 0.9999999999999999 109 5 6 10 38.772815152963545]
[42.41235216587143 'Conceptual' 1.2190820850994895 0.006615085091324422
 1.0169491525423728 109 5 6 11 42.41235216587143]
[45.31978503658934 'Conceptual' 1.2190820850994895 0.006615085091324422
 0.9322033898305084 109 5 6 12 45.31978503658934]
[47.4893390033735 'Conceptual' 1.2190820850994895 0.006615085091324422
 0.8305084745762711 109 5 6 13 47.4893390033735]
[48.96424091742999 'Conceptual' 1.2190820850994895 0.006615085091324422
 0.7288135593220338 109 5 6 14 48.96424091742999]
[49.86882570686838 'Conceptual' 1.2190820850994895 0.006615085091324422
 0.6779661016949152 109 5 6 15 49.86882570686838]
[50.37385535666925 'Conceptual' 1.2190820850994895 0.006615085091324422
 0.6610169491525423 109 5 6 16 50.37385535666925]
[50.729198082836454 'Conceptual' 1.2190820850994895 0.006615085091324422
 0.6610169491525423 109 5 6 17 50.729198082836454]
[53.25241537317853 'Conceptual' 1.2190820850994895 0.006615085091324422
 0.6779661016949152 109 5 6 18 53.25241537317853]
[53.93412277577789 'Conceptual' 1.2190820850994895 0.006615085091324422
 0.6610169491525423 109 5 6 19 53.93412277577789]
[0.0 'Conceptual' 1.2190820850994895 0.006615085091324422 0.0 109 5 7 0
 0.0]
[3.9867386487457743 'Conceptual' 1.2190820850994895 0.006615085091324422
 0.1694915254237288 109 5 7 1 3.9867386487457743]
[7.713342760625121 'Conceptual' 1.2190820850994895 0.006615085091324422
 1.847457627118644 109 5 7 2 7.713342760625121]
[11.620318273262516 'Conceptual' 1.2190820850994895 0.006615085091324422
 2.5932203389830506 109 5 7 3 11.620318273262516]
[15.690144540447719 'Conceptual' 1.2190820850994895 0.006615085091324422
 2.864406779661017 109 5 7 4 15.690144540447719]
[18.812383434945275 'Conceptual' 1.2190820850994895 0.006615085091324422
 2.254237288135593 109 5 7 5 18.812383434945275]
[21.63381973287577 'Conceptual' 1.2190820850994895 0.006615085091324422
 2.016949152542373 109 5 7 6 21.63381973287577]
[26.11248243559794 'Conceptual' 1.2190820850994895 0.006615085091324422
 1.9491525423728813 109 5 7 7 26.11248243559794]
[30.66473722408805 'Conceptual' 1.2190820850994895 0.006615085091324422
 1.3559322033898304 109 5 7 8 30.66473722408805]
[34.475404057143145 'Conceptual' 1.2190820850994895 0.006615085091324422
 1.1016949152542372 109 5 7 9 34.475404057143145]
[38.772815152963545 'Conceptual' 1.2190820850994895 0.006615085091324422
 0.9999999999999999 109 5 7 10 38.772815152963545]
[42.41235216587143 'Conceptual' 1.2190820850994895 0.006615085091324422
 1.0169491525423728 109 5 7 11 42.41235216587143]
[45.31978503658934 'Conceptual' 1.2190820850994895 0.006615085091324422
 0.9322033898305084 109 5 7 12 45.31978503658934]
[47.4893390033735 'Conceptual' 1.2190820850994895 0.006615085091324422
 0.8305084745762711 109 5 7 13 47.4893390033735]
[48.96424091742999 'Conceptual' 1.2190820850994895 0.006615085091324422
 0.7288135593220338 109 5 7 14 48.96424091742999]
[49.86882570686838 'Conceptual' 1.2190820850994895 0.006615085091324422
 0.6779661016949152 109 5 7 15 49.86882570686838]
[50.37385535666925 'Conceptual' 1.2190820850994895 0.006615085091324422
 0.6610169491525423 109 5 7 16 50.37385535666925]
[50.729198082836454 'Conceptual' 1.2190820850994895 0.006615085091324422
 0.6610169491525423 109 5 7 17 50.729198082836454]
[53.25241537317853 'Conceptual' 1.2190820850994895 0.006615085091324422
 0.6779661016949152 109 5 7 18 53.25241537317853]
[53.93412277577789 'Conceptual' 1.2190820850994895 0.006615085091324422
 0.6610169491525423 109 5 7 19 53.93412277577789]
[0.0 'Conceptual' 1.2190820850994895 0.006615085091324422 0.0 109 5 8 0
 0.0]
[3.9867386487457743 'Conceptual' 1.2190820850994895 0.006615085091324422
 0.1694915254237288 109 5 8 1 3.9867386487457743]
[7.713342760625121 'Conceptual' 1.2190820850994895 0.006615085091324422
 1.847457627118644 109 5 8 2 7.713342760625121]
[11.620318273262516 'Conceptual' 1.2190820850994895 0.006615085091324422
 2.5932203389830506 109 5 8 3 11.620318273262516]
[15.690144540447719 'Conceptual' 1.2190820850994895 0.006615085091324422
 2.864406779661017 109 5 8 4 15.690144540447719]
[18.812383434945275 'Conceptual' 1.2190820850994895 0.006615085091324422
 2.254237288135593 109 5 8 5 18.812383434945275]
[21.63381973287577 'Conceptual' 1.2190820850994895 0.006615085091324422
 2.016949152542373 109 5 8 6 21.63381973287577]
[26.11248243559794 'Conceptual' 1.2190820850994895 0.006615085091324422
 1.9491525423728813 109 5 8 7 26.11248243559794]
[30.66473722408805 'Conceptual' 1.2190820850994895 0.006615085091324422
 1.3559322033898304 109 5 8 8 30.66473722408805]
[34.475404057143145 'Conceptual' 1.2190820850994895 0.006615085091324422
 1.1016949152542372 109 5 8 9 34.475404057143145]
[38.772815152963545 'Conceptual' 1.2190820850994895 0.006615085091324422
 0.9999999999999999 109 5 8 10 38.772815152963545]
[42.41235216587143 'Conceptual' 1.2190820850994895 0.006615085091324422
 1.0169491525423728 109 5 8 11 42.41235216587143]
[45.31978503658934 'Conceptual' 1.2190820850994895 0.006615085091324422
 0.9322033898305084 109 5 8 12 45.31978503658934]
[47.4893390033735 'Conceptual' 1.2190820850994895 0.006615085091324422
 0.8305084745762711 109 5 8 13 47.4893390033735]
[48.96424091742999 'Conceptual' 1.2190820850994895 0.006615085091324422
 0.7288135593220338 109 5 8 14 48.96424091742999]
[49.86882570686838 'Conceptual' 1.2190820850994895 0.006615085091324422
 0.6779661016949152 109 5 8 15 49.86882570686838]
[50.37385535666925 'Conceptual' 1.2190820850994895 0.006615085091324422
 0.6610169491525423 109 5 8 16 50.37385535666925]
[50.729198082836454 'Conceptual' 1.2190820850994895 0.006615085091324422
 0.6610169491525423 109 5 8 17 50.729198082836454]
[53.25241537317853 'Conceptual' 1.2190820850994895 0.006615085091324422
 0.6779661016949152 109 5 8 18 53.25241537317853]
[53.93412277577789 'Conceptual' 1.2190820850994895 0.006615085091324422
 0.6610169491525423 109 5 8 19 53.93412277577789]
