[0.0 'Conceptual' 3.482038937878684 5.756478690517373 0.0 45 5 0 0 0.0]
[4.672123958564494 'Conceptual' 3.482038937878684 5.756478690517373
 10.169491525423728 45 5 0 1 4.672123958564494]
[6.951004013273177 'Conceptual' 3.482038937878684 5.756478690517373
 3.8983050847457625 45 5 0 2 6.951004013273177]
[9.275161403158119 'Conceptual' 3.482038937878684 5.756478690517373
 2.6271186440677963 45 5 0 3 9.275161403158119]
[10.755900038935396 'Conceptual' 3.482038937878684 5.756478690517373
 2.0508474576271185 45 5 0 4 10.755900038935396]
[11.575930368652715 'Conceptual' 3.482038937878684 5.756478690517373
 1.694915254237288 45 5 0 5 11.575930368652715]
[11.938739166448649 'Conceptual' 3.482038937878684 5.756478690517373
 1.4406779661016949 45 5 0 6 11.938739166448649]
[11.962765614884335 'Conceptual' 3.482038937878684 5.756478690517373
 1.3389830508474576 45 5 0 7 11.962765614884335]
[11.73500117001161 'Conceptual' 3.482038937878684 5.756478690517373
 1.1864406779661016 45 5 0 8 11.73500117001161]
[11.308254285147914 'Conceptual' 3.482038937878684 5.756478690517373
 1.1016949152542372 45 5 0 9 11.308254285147914]
[10.818701695663908 'Conceptual' 3.482038937878684 5.756478690517373
 1.0169491525423728 45 5 0 10 10.818701695663908]
[10.339243040158047 'Conceptual' 3.482038937878684 5.756478690517373
 0.9999999999999999 45 5 0 11 10.339243040158047]
[12.262338465621529 'Conceptual' 3.482038937878684 5.756478690517373
 1.0169491525423728 45 5 0 12 12.262338465621529]
[12.01244056495775 'Conceptual' 3.482038937878684 5.756478690517373
 1.0169491525423728 45 5 0 13 12.01244056495775]
[11.855985094336397 'Conceptual' 3.482038937878684 5.756478690517373
 0.9999999999999999 45 5 0 14 11.855985094336397]
[14.713819091906005 'Conceptual' 3.482038937878684 5.756478690517373
 1.0677966101694913 45 5 0 15 14.713819091906005]
[14.829931907485022 'Conceptual' 3.482038937878684 5.756478690517373
 1.0677966101694913 45 5 0 16 14.829931907485022]
[16.944176137954507 'Conceptual' 3.482038937878684 5.756478690517373
 1.0677966101694913 45 5 0 17 16.944176137954507]
[17.17628106664464 'Conceptual' 3.482038937878684 5.756478690517373
 1.1016949152542372 45 5 0 18 17.17628106664464]
[20.052881265820762 'Conceptual' 3.482038937878684 5.756478690517373
 1.1694915254237288 45 5 0 19 20.052881265820762]
[0.0 'Conceptual' 3.482038937878684 5.756478690517373 0.0 45 5 1 0 0.0]
[4.672123958564494 'Conceptual' 3.482038937878684 5.756478690517373
 10.169491525423728 45 5 1 1 4.672123958564494]
[6.951004013273177 'Conceptual' 3.482038937878684 5.756478690517373
 3.8983050847457625 45 5 1 2 6.951004013273177]
[9.275161403158119 'Conceptual' 3.482038937878684 5.756478690517373
 2.6271186440677963 45 5 1 3 9.275161403158119]
[10.755900038935396 'Conceptual' 3.482038937878684 5.756478690517373
 2.0508474576271185 45 5 1 4 10.755900038935396]
[11.575930368652715 'Conceptual' 3.482038937878684 5.756478690517373
 1.694915254237288 45 5 1 5 11.575930368652715]
[11.938739166448649 'Conceptual' 3.482038937878684 5.756478690517373
 1.4406779661016949 45 5 1 6 11.938739166448649]
[11.962765614884335 'Conceptual' 3.482038937878684 5.756478690517373
 1.3389830508474576 45 5 1 7 11.962765614884335]
[11.73500117001161 'Conceptual' 3.482038937878684 5.756478690517373
 1.1864406779661016 45 5 1 8 11.73500117001161]
[11.308254285147914 'Conceptual' 3.482038937878684 5.756478690517373
 1.1016949152542372 45 5 1 9 11.308254285147914]
[10.818701695663908 'Conceptual' 3.482038937878684 5.756478690517373
 1.0169491525423728 45 5 1 10 10.818701695663908]
[10.339243040158047 'Conceptual' 3.482038937878684 5.756478690517373
 0.9999999999999999 45 5 1 11 10.339243040158047]
[12.262338465621529 'Conceptual' 3.482038937878684 5.756478690517373
 1.0169491525423728 45 5 1 12 12.262338465621529]
[12.01244056495775 'Conceptual' 3.482038937878684 5.756478690517373
 1.0169491525423728 45 5 1 13 12.01244056495775]
[11.855985094336397 'Conceptual' 3.482038937878684 5.756478690517373
 0.9999999999999999 45 5 1 14 11.855985094336397]
[14.713819091906005 'Conceptual' 3.482038937878684 5.756478690517373
 1.0677966101694913 45 5 1 15 14.713819091906005]
[14.829931907485022 'Conceptual' 3.482038937878684 5.756478690517373
 1.0677966101694913 45 5 1 16 14.829931907485022]
[16.944176137954507 'Conceptual' 3.482038937878684 5.756478690517373
 1.0677966101694913 45 5 1 17 16.944176137954507]
[17.17628106664464 'Conceptual' 3.482038937878684 5.756478690517373
 1.1016949152542372 45 5 1 18 17.17628106664464]
[20.052881265820762 'Conceptual' 3.482038937878684 5.756478690517373
 1.1694915254237288 45 5 1 19 20.052881265820762]
[0.0 'Conceptual' 3.482038937878684 5.756478690517373 0.0 45 5 2 0 0.0]
[4.672123958564494 'Conceptual' 3.482038937878684 5.756478690517373
 10.169491525423728 45 5 2 1 4.672123958564494]
[6.951004013273177 'Conceptual' 3.482038937878684 5.756478690517373
 3.8983050847457625 45 5 2 2 6.951004013273177]
[9.275161403158119 'Conceptual' 3.482038937878684 5.756478690517373
 2.6271186440677963 45 5 2 3 9.275161403158119]
[10.755900038935396 'Conceptual' 3.482038937878684 5.756478690517373
 2.0508474576271185 45 5 2 4 10.755900038935396]
[11.575930368652715 'Conceptual' 3.482038937878684 5.756478690517373
 1.694915254237288 45 5 2 5 11.575930368652715]
[11.938739166448649 'Conceptual' 3.482038937878684 5.756478690517373
 1.4406779661016949 45 5 2 6 11.938739166448649]
[11.962765614884335 'Conceptual' 3.482038937878684 5.756478690517373
 1.3389830508474576 45 5 2 7 11.962765614884335]
[11.73500117001161 'Conceptual' 3.482038937878684 5.756478690517373
 1.1864406779661016 45 5 2 8 11.73500117001161]
[11.308254285147914 'Conceptual' 3.482038937878684 5.756478690517373
 1.1016949152542372 45 5 2 9 11.308254285147914]
[10.818701695663908 'Conceptual' 3.482038937878684 5.756478690517373
 1.0169491525423728 45 5 2 10 10.818701695663908]
[10.339243040158047 'Conceptual' 3.482038937878684 5.756478690517373
 0.9999999999999999 45 5 2 11 10.339243040158047]
[12.262338465621529 'Conceptual' 3.482038937878684 5.756478690517373
 1.0169491525423728 45 5 2 12 12.262338465621529]
[12.01244056495775 'Conceptual' 3.482038937878684 5.756478690517373
 1.0169491525423728 45 5 2 13 12.01244056495775]
[11.855985094336397 'Conceptual' 3.482038937878684 5.756478690517373
 0.9999999999999999 45 5 2 14 11.855985094336397]
[14.713819091906005 'Conceptual' 3.482038937878684 5.756478690517373
 1.0677966101694913 45 5 2 15 14.713819091906005]
[14.829931907485022 'Conceptual' 3.482038937878684 5.756478690517373
 1.0677966101694913 45 5 2 16 14.829931907485022]
[16.944176137954507 'Conceptual' 3.482038937878684 5.756478690517373
 1.0677966101694913 45 5 2 17 16.944176137954507]
[17.17628106664464 'Conceptual' 3.482038937878684 5.756478690517373
 1.1016949152542372 45 5 2 18 17.17628106664464]
[20.052881265820762 'Conceptual' 3.482038937878684 5.756478690517373
 1.1694915254237288 45 5 2 19 20.052881265820762]
[0.0 'Conceptual' 3.482038937878684 5.756478690517373 0.0 45 5 3 0 0.0]
[4.672123958564494 'Conceptual' 3.482038937878684 5.756478690517373
 10.169491525423728 45 5 3 1 4.672123958564494]
[6.951004013273177 'Conceptual' 3.482038937878684 5.756478690517373
 3.8983050847457625 45 5 3 2 6.951004013273177]
[9.275161403158119 'Conceptual' 3.482038937878684 5.756478690517373
 2.6271186440677963 45 5 3 3 9.275161403158119]
[10.755900038935396 'Conceptual' 3.482038937878684 5.756478690517373
 2.0508474576271185 45 5 3 4 10.755900038935396]
[11.575930368652715 'Conceptual' 3.482038937878684 5.756478690517373
 1.694915254237288 45 5 3 5 11.575930368652715]
[11.938739166448649 'Conceptual' 3.482038937878684 5.756478690517373
 1.4406779661016949 45 5 3 6 11.938739166448649]
[11.962765614884335 'Conceptual' 3.482038937878684 5.756478690517373
 1.3389830508474576 45 5 3 7 11.962765614884335]
[11.73500117001161 'Conceptual' 3.482038937878684 5.756478690517373
 1.1864406779661016 45 5 3 8 11.73500117001161]
[11.308254285147914 'Conceptual' 3.482038937878684 5.756478690517373
 1.1016949152542372 45 5 3 9 11.308254285147914]
[10.818701695663908 'Conceptual' 3.482038937878684 5.756478690517373
 1.0169491525423728 45 5 3 10 10.818701695663908]
[10.339243040158047 'Conceptual' 3.482038937878684 5.756478690517373
 0.9999999999999999 45 5 3 11 10.339243040158047]
[12.262338465621529 'Conceptual' 3.482038937878684 5.756478690517373
 1.0169491525423728 45 5 3 12 12.262338465621529]
[12.01244056495775 'Conceptual' 3.482038937878684 5.756478690517373
 1.0169491525423728 45 5 3 13 12.01244056495775]
[11.855985094336397 'Conceptual' 3.482038937878684 5.756478690517373
 0.9999999999999999 45 5 3 14 11.855985094336397]
[14.713819091906005 'Conceptual' 3.482038937878684 5.756478690517373
 1.0677966101694913 45 5 3 15 14.713819091906005]
[14.829931907485022 'Conceptual' 3.482038937878684 5.756478690517373
 1.0677966101694913 45 5 3 16 14.829931907485022]
[16.944176137954507 'Conceptual' 3.482038937878684 5.756478690517373
 1.0677966101694913 45 5 3 17 16.944176137954507]
[17.17628106664464 'Conceptual' 3.482038937878684 5.756478690517373
 1.1016949152542372 45 5 3 18 17.17628106664464]
[20.052881265820762 'Conceptual' 3.482038937878684 5.756478690517373
 1.1694915254237288 45 5 3 19 20.052881265820762]
[0.0 'Conceptual' 3.482038937878684 5.756478690517373 0.0 45 5 4 0 0.0]
[4.672123958564494 'Conceptual' 3.482038937878684 5.756478690517373
 10.169491525423728 45 5 4 1 4.672123958564494]
[6.951004013273177 'Conceptual' 3.482038937878684 5.756478690517373
 3.8983050847457625 45 5 4 2 6.951004013273177]
[9.275161403158119 'Conceptual' 3.482038937878684 5.756478690517373
 2.6271186440677963 45 5 4 3 9.275161403158119]
[10.755900038935396 'Conceptual' 3.482038937878684 5.756478690517373
 2.0508474576271185 45 5 4 4 10.755900038935396]
[11.575930368652715 'Conceptual' 3.482038937878684 5.756478690517373
 1.694915254237288 45 5 4 5 11.575930368652715]
[11.938739166448649 'Conceptual' 3.482038937878684 5.756478690517373
 1.4406779661016949 45 5 4 6 11.938739166448649]
[11.962765614884335 'Conceptual' 3.482038937878684 5.756478690517373
 1.3389830508474576 45 5 4 7 11.962765614884335]
[11.73500117001161 'Conceptual' 3.482038937878684 5.756478690517373
 1.1864406779661016 45 5 4 8 11.73500117001161]
[11.308254285147914 'Conceptual' 3.482038937878684 5.756478690517373
 1.1016949152542372 45 5 4 9 11.308254285147914]
[10.818701695663908 'Conceptual' 3.482038937878684 5.756478690517373
 1.0169491525423728 45 5 4 10 10.818701695663908]
[10.339243040158047 'Conceptual' 3.482038937878684 5.756478690517373
 0.9999999999999999 45 5 4 11 10.339243040158047]
[12.262338465621529 'Conceptual' 3.482038937878684 5.756478690517373
 1.0169491525423728 45 5 4 12 12.262338465621529]
[12.01244056495775 'Conceptual' 3.482038937878684 5.756478690517373
 1.0169491525423728 45 5 4 13 12.01244056495775]
[11.855985094336397 'Conceptual' 3.482038937878684 5.756478690517373
 0.9999999999999999 45 5 4 14 11.855985094336397]
[14.713819091906005 'Conceptual' 3.482038937878684 5.756478690517373
 1.0677966101694913 45 5 4 15 14.713819091906005]
[14.829931907485022 'Conceptual' 3.482038937878684 5.756478690517373
 1.0677966101694913 45 5 4 16 14.829931907485022]
[16.944176137954507 'Conceptual' 3.482038937878684 5.756478690517373
 1.0677966101694913 45 5 4 17 16.944176137954507]
[17.17628106664464 'Conceptual' 3.482038937878684 5.756478690517373
 1.1016949152542372 45 5 4 18 17.17628106664464]
[20.052881265820762 'Conceptual' 3.482038937878684 5.756478690517373
 1.1694915254237288 45 5 4 19 20.052881265820762]
[0.0 'Conceptual' 3.482038937878684 5.756478690517373 0.0 45 5 6 0 0.0]
[4.672123958564494 'Conceptual' 3.482038937878684 5.756478690517373
 10.169491525423728 45 5 6 1 4.672123958564494]
[6.951004013273177 'Conceptual' 3.482038937878684 5.756478690517373
 3.8983050847457625 45 5 6 2 6.951004013273177]
[9.275161403158119 'Conceptual' 3.482038937878684 5.756478690517373
 2.6271186440677963 45 5 6 3 9.275161403158119]
[10.755900038935396 'Conceptual' 3.482038937878684 5.756478690517373
 2.0508474576271185 45 5 6 4 10.755900038935396]
[11.575930368652715 'Conceptual' 3.482038937878684 5.756478690517373
 1.694915254237288 45 5 6 5 11.575930368652715]
[11.938739166448649 'Conceptual' 3.482038937878684 5.756478690517373
 1.4406779661016949 45 5 6 6 11.938739166448649]
[11.962765614884335 'Conceptual' 3.482038937878684 5.756478690517373
 1.3389830508474576 45 5 6 7 11.962765614884335]
[11.73500117001161 'Conceptual' 3.482038937878684 5.756478690517373
 1.1864406779661016 45 5 6 8 11.73500117001161]
[11.308254285147914 'Conceptual' 3.482038937878684 5.756478690517373
 1.1016949152542372 45 5 6 9 11.308254285147914]
[10.818701695663908 'Conceptual' 3.482038937878684 5.756478690517373
 1.0169491525423728 45 5 6 10 10.818701695663908]
[10.339243040158047 'Conceptual' 3.482038937878684 5.756478690517373
 0.9999999999999999 45 5 6 11 10.339243040158047]
[12.262338465621529 'Conceptual' 3.482038937878684 5.756478690517373
 1.0169491525423728 45 5 6 12 12.262338465621529]
[12.01244056495775 'Conceptual' 3.482038937878684 5.756478690517373
 1.0169491525423728 45 5 6 13 12.01244056495775]
[11.855985094336397 'Conceptual' 3.482038937878684 5.756478690517373
 0.9999999999999999 45 5 6 14 11.855985094336397]
[14.713819091906005 'Conceptual' 3.482038937878684 5.756478690517373
 1.0677966101694913 45 5 6 15 14.713819091906005]
[14.829931907485022 'Conceptual' 3.482038937878684 5.756478690517373
 1.0677966101694913 45 5 6 16 14.829931907485022]
[16.944176137954507 'Conceptual' 3.482038937878684 5.756478690517373
 1.0677966101694913 45 5 6 17 16.944176137954507]
[17.17628106664464 'Conceptual' 3.482038937878684 5.756478690517373
 1.1016949152542372 45 5 6 18 17.17628106664464]
[20.052881265820762 'Conceptual' 3.482038937878684 5.756478690517373
 1.1694915254237288 45 5 6 19 20.052881265820762]
[0.0 'Conceptual' 3.482038937878684 5.756478690517373 0.0 45 5 7 0 0.0]
[4.672123958564494 'Conceptual' 3.482038937878684 5.756478690517373
 10.169491525423728 45 5 7 1 4.672123958564494]
[6.951004013273177 'Conceptual' 3.482038937878684 5.756478690517373
 3.8983050847457625 45 5 7 2 6.951004013273177]
[9.275161403158119 'Conceptual' 3.482038937878684 5.756478690517373
 2.6271186440677963 45 5 7 3 9.275161403158119]
[10.755900038935396 'Conceptual' 3.482038937878684 5.756478690517373
 2.0508474576271185 45 5 7 4 10.755900038935396]
[11.575930368652715 'Conceptual' 3.482038937878684 5.756478690517373
 1.694915254237288 45 5 7 5 11.575930368652715]
[11.938739166448649 'Conceptual' 3.482038937878684 5.756478690517373
 1.4406779661016949 45 5 7 6 11.938739166448649]
[11.962765614884335 'Conceptual' 3.482038937878684 5.756478690517373
 1.3389830508474576 45 5 7 7 11.962765614884335]
[11.73500117001161 'Conceptual' 3.482038937878684 5.756478690517373
 1.1864406779661016 45 5 7 8 11.73500117001161]
[11.308254285147914 'Conceptual' 3.482038937878684 5.756478690517373
 1.1016949152542372 45 5 7 9 11.308254285147914]
[10.818701695663908 'Conceptual' 3.482038937878684 5.756478690517373
 1.0169491525423728 45 5 7 10 10.818701695663908]
[10.339243040158047 'Conceptual' 3.482038937878684 5.756478690517373
 0.9999999999999999 45 5 7 11 10.339243040158047]
[12.262338465621529 'Conceptual' 3.482038937878684 5.756478690517373
 1.0169491525423728 45 5 7 12 12.262338465621529]
[12.01244056495775 'Conceptual' 3.482038937878684 5.756478690517373
 1.0169491525423728 45 5 7 13 12.01244056495775]
[11.855985094336397 'Conceptual' 3.482038937878684 5.756478690517373
 0.9999999999999999 45 5 7 14 11.855985094336397]
[14.713819091906005 'Conceptual' 3.482038937878684 5.756478690517373
 1.0677966101694913 45 5 7 15 14.713819091906005]
[14.829931907485022 'Conceptual' 3.482038937878684 5.756478690517373
 1.0677966101694913 45 5 7 16 14.829931907485022]
[16.944176137954507 'Conceptual' 3.482038937878684 5.756478690517373
 1.0677966101694913 45 5 7 17 16.944176137954507]
[17.17628106664464 'Conceptual' 3.482038937878684 5.756478690517373
 1.1016949152542372 45 5 7 18 17.17628106664464]
[20.052881265820762 'Conceptual' 3.482038937878684 5.756478690517373
 1.1694915254237288 45 5 7 19 20.052881265820762]
[0.0 'Conceptual' 3.482038937878684 5.756478690517373 0.0 45 5 8 0 0.0]
[4.672123958564494 'Conceptual' 3.482038937878684 5.756478690517373
 10.169491525423728 45 5 8 1 4.672123958564494]
[6.951004013273177 'Conceptual' 3.482038937878684 5.756478690517373
 3.8983050847457625 45 5 8 2 6.951004013273177]
[9.275161403158119 'Conceptual' 3.482038937878684 5.756478690517373
 2.6271186440677963 45 5 8 3 9.275161403158119]
[10.755900038935396 'Conceptual' 3.482038937878684 5.756478690517373
 2.0508474576271185 45 5 8 4 10.755900038935396]
[11.575930368652715 'Conceptual' 3.482038937878684 5.756478690517373
 1.694915254237288 45 5 8 5 11.575930368652715]
[11.938739166448649 'Conceptual' 3.482038937878684 5.756478690517373
 1.4406779661016949 45 5 8 6 11.938739166448649]
[11.962765614884335 'Conceptual' 3.482038937878684 5.756478690517373
 1.3389830508474576 45 5 8 7 11.962765614884335]
[11.73500117001161 'Conceptual' 3.482038937878684 5.756478690517373
 1.1864406779661016 45 5 8 8 11.73500117001161]
[11.308254285147914 'Conceptual' 3.482038937878684 5.756478690517373
 1.1016949152542372 45 5 8 9 11.308254285147914]
[10.818701695663908 'Conceptual' 3.482038937878684 5.756478690517373
 1.0169491525423728 45 5 8 10 10.818701695663908]
[10.339243040158047 'Conceptual' 3.482038937878684 5.756478690517373
 0.9999999999999999 45 5 8 11 10.339243040158047]
[12.262338465621529 'Conceptual' 3.482038937878684 5.756478690517373
 1.0169491525423728 45 5 8 12 12.262338465621529]
[12.01244056495775 'Conceptual' 3.482038937878684 5.756478690517373
 1.0169491525423728 45 5 8 13 12.01244056495775]
[11.855985094336397 'Conceptual' 3.482038937878684 5.756478690517373
 0.9999999999999999 45 5 8 14 11.855985094336397]
[14.713819091906005 'Conceptual' 3.482038937878684 5.756478690517373
 1.0677966101694913 45 5 8 15 14.713819091906005]
[14.829931907485022 'Conceptual' 3.482038937878684 5.756478690517373
 1.0677966101694913 45 5 8 16 14.829931907485022]
[16.944176137954507 'Conceptual' 3.482038937878684 5.756478690517373
 1.0677966101694913 45 5 8 17 16.944176137954507]
[17.17628106664464 'Conceptual' 3.482038937878684 5.756478690517373
 1.1016949152542372 45 5 8 18 17.17628106664464]
[20.052881265820762 'Conceptual' 3.482038937878684 5.756478690517373
 1.1694915254237288 45 5 8 19 20.052881265820762]
