[0.0 'Spatial' 1.7221841816576355 0.8080657364364623 0.0 45 8 0 0 0.0]
[4.2589651972343034 'Spatial' 1.7221841816576355 0.8080657364364623
 10.169491525423728 45 8 0 1 4.2589651972343034]
[8.182531050398063 'Spatial' 1.7221841816576355 0.8080657364364623
 4.915254237288135 45 8 0 2 8.182531050398063]
[12.123657316100035 'Spatial' 1.7221841816576355 0.8080657364364623
 3.7796610169491522 45 8 0 3 12.123657316100035]
[15.716938236804559 'Spatial' 1.7221841816576355 0.8080657364364623
 2.7627118644067794 45 8 0 4 15.716938236804559]
[18.77211148535198 'Spatial' 1.7221841816576355 0.8080657364364623
 2.423728813559322 45 8 0 5 18.77211148535198]
[21.041774442428512 'Spatial' 1.7221841816576355 0.8080657364364623
 1.6101694915254237 45 8 0 6 21.041774442428512]
[22.55095002474559 'Spatial' 1.7221841816576355 0.8080657364364623
 1.406779661016949 45 8 0 7 22.55095002474559]
[23.49935004880462 'Spatial' 1.7221841816576355 0.8080657364364623
 1.271186440677966 45 8 0 8 23.49935004880462]
[23.902710082817183 'Spatial' 1.7221841816576355 0.8080657364364623
 1.1016949152542372 45 8 0 9 23.902710082817183]
[23.87064611465339 'Spatial' 1.7221841816576355 0.8080657364364623
 1.0169491525423728 45 8 0 10 23.87064611465339]
[23.57778045363303 'Spatial' 1.7221841816576355 0.8080657364364623
 0.9322033898305084 45 8 0 11 23.57778045363303]
[23.16552479009036 'Spatial' 1.7221841816576355 0.8080657364364623
 0.9322033898305084 45 8 0 12 23.16552479009036]
[22.79429264168073 'Spatial' 1.7221841816576355 0.8080657364364623
 0.8983050847457626 45 8 0 13 22.79429264168073]
[22.56613712869306 'Spatial' 1.7221841816576355 0.8080657364364623
 0.8983050847457626 45 8 0 14 22.56613712869306]
[22.53532998203523 'Spatial' 1.7221841816576355 0.8080657364364623
 0.8983050847457626 45 8 0 15 22.53532998203523]
[22.711271333214228 'Spatial' 1.7221841816576355 0.8080657364364623
 0.8983050847457626 45 8 0 16 22.711271333214228]
[23.076390867290424 'Spatial' 1.7221841816576355 0.8080657364364623
 0.8983050847457626 45 8 0 17 23.076390867290424]
[23.573630940392277 'Spatial' 1.7221841816576355 0.8080657364364623
 0.9322033898305084 45 8 0 18 23.573630940392277]
[24.15723036063155 'Spatial' 1.7221841816576355 0.8080657364364623
 0.9999999999999999 45 8 0 19 24.15723036063155]
[0.0 'Spatial' 1.7221841816576355 0.8080657364364623 0.0 45 8 1 0 0.0]
[4.2589651972343034 'Spatial' 1.7221841816576355 0.8080657364364623
 10.169491525423728 45 8 1 1 4.2589651972343034]
[8.182531050398063 'Spatial' 1.7221841816576355 0.8080657364364623
 4.915254237288135 45 8 1 2 8.182531050398063]
[12.123657316100035 'Spatial' 1.7221841816576355 0.8080657364364623
 3.7796610169491522 45 8 1 3 12.123657316100035]
[15.716938236804559 'Spatial' 1.7221841816576355 0.8080657364364623
 2.7627118644067794 45 8 1 4 15.716938236804559]
[18.77211148535198 'Spatial' 1.7221841816576355 0.8080657364364623
 2.423728813559322 45 8 1 5 18.77211148535198]
[21.041774442428512 'Spatial' 1.7221841816576355 0.8080657364364623
 1.6101694915254237 45 8 1 6 21.041774442428512]
[22.55095002474559 'Spatial' 1.7221841816576355 0.8080657364364623
 1.406779661016949 45 8 1 7 22.55095002474559]
[23.49935004880462 'Spatial' 1.7221841816576355 0.8080657364364623
 1.271186440677966 45 8 1 8 23.49935004880462]
[23.902710082817183 'Spatial' 1.7221841816576355 0.8080657364364623
 1.1016949152542372 45 8 1 9 23.902710082817183]
[23.87064611465339 'Spatial' 1.7221841816576355 0.8080657364364623
 1.0169491525423728 45 8 1 10 23.87064611465339]
[23.57778045363303 'Spatial' 1.7221841816576355 0.8080657364364623
 0.9322033898305084 45 8 1 11 23.57778045363303]
[23.16552479009036 'Spatial' 1.7221841816576355 0.8080657364364623
 0.9322033898305084 45 8 1 12 23.16552479009036]
[22.79429264168073 'Spatial' 1.7221841816576355 0.8080657364364623
 0.8983050847457626 45 8 1 13 22.79429264168073]
[22.56613712869306 'Spatial' 1.7221841816576355 0.8080657364364623
 0.8983050847457626 45 8 1 14 22.56613712869306]
[22.53532998203523 'Spatial' 1.7221841816576355 0.8080657364364623
 0.8983050847457626 45 8 1 15 22.53532998203523]
[22.711271333214228 'Spatial' 1.7221841816576355 0.8080657364364623
 0.8983050847457626 45 8 1 16 22.711271333214228]
[23.076390867290424 'Spatial' 1.7221841816576355 0.8080657364364623
 0.8983050847457626 45 8 1 17 23.076390867290424]
[23.573630940392277 'Spatial' 1.7221841816576355 0.8080657364364623
 0.9322033898305084 45 8 1 18 23.573630940392277]
[24.15723036063155 'Spatial' 1.7221841816576355 0.8080657364364623
 0.9999999999999999 45 8 1 19 24.15723036063155]
[0.0 'Spatial' 1.7221841816576355 0.8080657364364623 0.0 45 8 2 0 0.0]
[4.2589651972343034 'Spatial' 1.7221841816576355 0.8080657364364623
 10.169491525423728 45 8 2 1 4.2589651972343034]
[8.182531050398063 'Spatial' 1.7221841816576355 0.8080657364364623
 4.915254237288135 45 8 2 2 8.182531050398063]
[12.123657316100035 'Spatial' 1.7221841816576355 0.8080657364364623
 3.7796610169491522 45 8 2 3 12.123657316100035]
[15.716938236804559 'Spatial' 1.7221841816576355 0.8080657364364623
 2.7627118644067794 45 8 2 4 15.716938236804559]
[18.77211148535198 'Spatial' 1.7221841816576355 0.8080657364364623
 2.423728813559322 45 8 2 5 18.77211148535198]
[21.041774442428512 'Spatial' 1.7221841816576355 0.8080657364364623
 1.6101694915254237 45 8 2 6 21.041774442428512]
[22.55095002474559 'Spatial' 1.7221841816576355 0.8080657364364623
 1.406779661016949 45 8 2 7 22.55095002474559]
[23.49935004880462 'Spatial' 1.7221841816576355 0.8080657364364623
 1.271186440677966 45 8 2 8 23.49935004880462]
[23.902710082817183 'Spatial' 1.7221841816576355 0.8080657364364623
 1.1016949152542372 45 8 2 9 23.902710082817183]
[23.87064611465339 'Spatial' 1.7221841816576355 0.8080657364364623
 1.0169491525423728 45 8 2 10 23.87064611465339]
[23.57778045363303 'Spatial' 1.7221841816576355 0.8080657364364623
 0.9322033898305084 45 8 2 11 23.57778045363303]
[23.16552479009036 'Spatial' 1.7221841816576355 0.8080657364364623
 0.9322033898305084 45 8 2 12 23.16552479009036]
[22.79429264168073 'Spatial' 1.7221841816576355 0.8080657364364623
 0.8983050847457626 45 8 2 13 22.79429264168073]
[22.56613712869306 'Spatial' 1.7221841816576355 0.8080657364364623
 0.8983050847457626 45 8 2 14 22.56613712869306]
[22.53532998203523 'Spatial' 1.7221841816576355 0.8080657364364623
 0.8983050847457626 45 8 2 15 22.53532998203523]
[22.711271333214228 'Spatial' 1.7221841816576355 0.8080657364364623
 0.8983050847457626 45 8 2 16 22.711271333214228]
[23.076390867290424 'Spatial' 1.7221841816576355 0.8080657364364623
 0.8983050847457626 45 8 2 17 23.076390867290424]
[23.573630940392277 'Spatial' 1.7221841816576355 0.8080657364364623
 0.9322033898305084 45 8 2 18 23.573630940392277]
[24.15723036063155 'Spatial' 1.7221841816576355 0.8080657364364623
 0.9999999999999999 45 8 2 19 24.15723036063155]
[0.0 'Spatial' 1.7221841816576355 0.8080657364364623 0.0 45 8 3 0 0.0]
[4.2589651972343034 'Spatial' 1.7221841816576355 0.8080657364364623
 10.169491525423728 45 8 3 1 4.2589651972343034]
[8.182531050398063 'Spatial' 1.7221841816576355 0.8080657364364623
 4.915254237288135 45 8 3 2 8.182531050398063]
[12.123657316100035 'Spatial' 1.7221841816576355 0.8080657364364623
 3.7796610169491522 45 8 3 3 12.123657316100035]
[15.716938236804559 'Spatial' 1.7221841816576355 0.8080657364364623
 2.7627118644067794 45 8 3 4 15.716938236804559]
[18.77211148535198 'Spatial' 1.7221841816576355 0.8080657364364623
 2.423728813559322 45 8 3 5 18.77211148535198]
[21.041774442428512 'Spatial' 1.7221841816576355 0.8080657364364623
 1.6101694915254237 45 8 3 6 21.041774442428512]
[22.55095002474559 'Spatial' 1.7221841816576355 0.8080657364364623
 1.406779661016949 45 8 3 7 22.55095002474559]
[23.49935004880462 'Spatial' 1.7221841816576355 0.8080657364364623
 1.271186440677966 45 8 3 8 23.49935004880462]
[23.902710082817183 'Spatial' 1.7221841816576355 0.8080657364364623
 1.1016949152542372 45 8 3 9 23.902710082817183]
[23.87064611465339 'Spatial' 1.7221841816576355 0.8080657364364623
 1.0169491525423728 45 8 3 10 23.87064611465339]
[23.57778045363303 'Spatial' 1.7221841816576355 0.8080657364364623
 0.9322033898305084 45 8 3 11 23.57778045363303]
[23.16552479009036 'Spatial' 1.7221841816576355 0.8080657364364623
 0.9322033898305084 45 8 3 12 23.16552479009036]
[22.79429264168073 'Spatial' 1.7221841816576355 0.8080657364364623
 0.8983050847457626 45 8 3 13 22.79429264168073]
[22.56613712869306 'Spatial' 1.7221841816576355 0.8080657364364623
 0.8983050847457626 45 8 3 14 22.56613712869306]
[22.53532998203523 'Spatial' 1.7221841816576355 0.8080657364364623
 0.8983050847457626 45 8 3 15 22.53532998203523]
[22.711271333214228 'Spatial' 1.7221841816576355 0.8080657364364623
 0.8983050847457626 45 8 3 16 22.711271333214228]
[23.076390867290424 'Spatial' 1.7221841816576355 0.8080657364364623
 0.8983050847457626 45 8 3 17 23.076390867290424]
[23.573630940392277 'Spatial' 1.7221841816576355 0.8080657364364623
 0.9322033898305084 45 8 3 18 23.573630940392277]
[24.15723036063155 'Spatial' 1.7221841816576355 0.8080657364364623
 0.9999999999999999 45 8 3 19 24.15723036063155]
[0.0 'Spatial' 1.7221841816576355 0.8080657364364623 0.0 45 8 4 0 0.0]
[4.2589651972343034 'Spatial' 1.7221841816576355 0.8080657364364623
 10.169491525423728 45 8 4 1 4.2589651972343034]
[8.182531050398063 'Spatial' 1.7221841816576355 0.8080657364364623
 4.915254237288135 45 8 4 2 8.182531050398063]
[12.123657316100035 'Spatial' 1.7221841816576355 0.8080657364364623
 3.7796610169491522 45 8 4 3 12.123657316100035]
[15.716938236804559 'Spatial' 1.7221841816576355 0.8080657364364623
 2.7627118644067794 45 8 4 4 15.716938236804559]
[18.77211148535198 'Spatial' 1.7221841816576355 0.8080657364364623
 2.423728813559322 45 8 4 5 18.77211148535198]
[21.041774442428512 'Spatial' 1.7221841816576355 0.8080657364364623
 1.6101694915254237 45 8 4 6 21.041774442428512]
[22.55095002474559 'Spatial' 1.7221841816576355 0.8080657364364623
 1.406779661016949 45 8 4 7 22.55095002474559]
[23.49935004880462 'Spatial' 1.7221841816576355 0.8080657364364623
 1.271186440677966 45 8 4 8 23.49935004880462]
[23.902710082817183 'Spatial' 1.7221841816576355 0.8080657364364623
 1.1016949152542372 45 8 4 9 23.902710082817183]
[23.87064611465339 'Spatial' 1.7221841816576355 0.8080657364364623
 1.0169491525423728 45 8 4 10 23.87064611465339]
[23.57778045363303 'Spatial' 1.7221841816576355 0.8080657364364623
 0.9322033898305084 45 8 4 11 23.57778045363303]
[23.16552479009036 'Spatial' 1.7221841816576355 0.8080657364364623
 0.9322033898305084 45 8 4 12 23.16552479009036]
[22.79429264168073 'Spatial' 1.7221841816576355 0.8080657364364623
 0.8983050847457626 45 8 4 13 22.79429264168073]
[22.56613712869306 'Spatial' 1.7221841816576355 0.8080657364364623
 0.8983050847457626 45 8 4 14 22.56613712869306]
[22.53532998203523 'Spatial' 1.7221841816576355 0.8080657364364623
 0.8983050847457626 45 8 4 15 22.53532998203523]
[22.711271333214228 'Spatial' 1.7221841816576355 0.8080657364364623
 0.8983050847457626 45 8 4 16 22.711271333214228]
[23.076390867290424 'Spatial' 1.7221841816576355 0.8080657364364623
 0.8983050847457626 45 8 4 17 23.076390867290424]
[23.573630940392277 'Spatial' 1.7221841816576355 0.8080657364364623
 0.9322033898305084 45 8 4 18 23.573630940392277]
[24.15723036063155 'Spatial' 1.7221841816576355 0.8080657364364623
 0.9999999999999999 45 8 4 19 24.15723036063155]
[0.0 'Spatial' 1.7221841816576355 0.8080657364364623 0.0 45 8 5 0 0.0]
[4.2589651972343034 'Spatial' 1.7221841816576355 0.8080657364364623
 10.169491525423728 45 8 5 1 4.2589651972343034]
[8.182531050398063 'Spatial' 1.7221841816576355 0.8080657364364623
 4.915254237288135 45 8 5 2 8.182531050398063]
[12.123657316100035 'Spatial' 1.7221841816576355 0.8080657364364623
 3.7796610169491522 45 8 5 3 12.123657316100035]
[15.716938236804559 'Spatial' 1.7221841816576355 0.8080657364364623
 2.7627118644067794 45 8 5 4 15.716938236804559]
[18.77211148535198 'Spatial' 1.7221841816576355 0.8080657364364623
 2.423728813559322 45 8 5 5 18.77211148535198]
[21.041774442428512 'Spatial' 1.7221841816576355 0.8080657364364623
 1.6101694915254237 45 8 5 6 21.041774442428512]
[22.55095002474559 'Spatial' 1.7221841816576355 0.8080657364364623
 1.406779661016949 45 8 5 7 22.55095002474559]
[23.49935004880462 'Spatial' 1.7221841816576355 0.8080657364364623
 1.271186440677966 45 8 5 8 23.49935004880462]
[23.902710082817183 'Spatial' 1.7221841816576355 0.8080657364364623
 1.1016949152542372 45 8 5 9 23.902710082817183]
[23.87064611465339 'Spatial' 1.7221841816576355 0.8080657364364623
 1.0169491525423728 45 8 5 10 23.87064611465339]
[23.57778045363303 'Spatial' 1.7221841816576355 0.8080657364364623
 0.9322033898305084 45 8 5 11 23.57778045363303]
[23.16552479009036 'Spatial' 1.7221841816576355 0.8080657364364623
 0.9322033898305084 45 8 5 12 23.16552479009036]
[22.79429264168073 'Spatial' 1.7221841816576355 0.8080657364364623
 0.8983050847457626 45 8 5 13 22.79429264168073]
[22.56613712869306 'Spatial' 1.7221841816576355 0.8080657364364623
 0.8983050847457626 45 8 5 14 22.56613712869306]
[22.53532998203523 'Spatial' 1.7221841816576355 0.8080657364364623
 0.8983050847457626 45 8 5 15 22.53532998203523]
[22.711271333214228 'Spatial' 1.7221841816576355 0.8080657364364623
 0.8983050847457626 45 8 5 16 22.711271333214228]
[23.076390867290424 'Spatial' 1.7221841816576355 0.8080657364364623
 0.8983050847457626 45 8 5 17 23.076390867290424]
[23.573630940392277 'Spatial' 1.7221841816576355 0.8080657364364623
 0.9322033898305084 45 8 5 18 23.573630940392277]
[24.15723036063155 'Spatial' 1.7221841816576355 0.8080657364364623
 0.9999999999999999 45 8 5 19 24.15723036063155]
[0.0 'Spatial' 1.7221841816576355 0.8080657364364623 0.0 45 8 6 0 0.0]
[4.2589651972343034 'Spatial' 1.7221841816576355 0.8080657364364623
 10.169491525423728 45 8 6 1 4.2589651972343034]
[8.182531050398063 'Spatial' 1.7221841816576355 0.8080657364364623
 4.915254237288135 45 8 6 2 8.182531050398063]
[12.123657316100035 'Spatial' 1.7221841816576355 0.8080657364364623
 3.7796610169491522 45 8 6 3 12.123657316100035]
[15.716938236804559 'Spatial' 1.7221841816576355 0.8080657364364623
 2.7627118644067794 45 8 6 4 15.716938236804559]
[18.77211148535198 'Spatial' 1.7221841816576355 0.8080657364364623
 2.423728813559322 45 8 6 5 18.77211148535198]
[21.041774442428512 'Spatial' 1.7221841816576355 0.8080657364364623
 1.6101694915254237 45 8 6 6 21.041774442428512]
[22.55095002474559 'Spatial' 1.7221841816576355 0.8080657364364623
 1.406779661016949 45 8 6 7 22.55095002474559]
[23.49935004880462 'Spatial' 1.7221841816576355 0.8080657364364623
 1.271186440677966 45 8 6 8 23.49935004880462]
[23.902710082817183 'Spatial' 1.7221841816576355 0.8080657364364623
 1.1016949152542372 45 8 6 9 23.902710082817183]
[23.87064611465339 'Spatial' 1.7221841816576355 0.8080657364364623
 1.0169491525423728 45 8 6 10 23.87064611465339]
[23.57778045363303 'Spatial' 1.7221841816576355 0.8080657364364623
 0.9322033898305084 45 8 6 11 23.57778045363303]
[23.16552479009036 'Spatial' 1.7221841816576355 0.8080657364364623
 0.9322033898305084 45 8 6 12 23.16552479009036]
[22.79429264168073 'Spatial' 1.7221841816576355 0.8080657364364623
 0.8983050847457626 45 8 6 13 22.79429264168073]
[22.56613712869306 'Spatial' 1.7221841816576355 0.8080657364364623
 0.8983050847457626 45 8 6 14 22.56613712869306]
[22.53532998203523 'Spatial' 1.7221841816576355 0.8080657364364623
 0.8983050847457626 45 8 6 15 22.53532998203523]
[22.711271333214228 'Spatial' 1.7221841816576355 0.8080657364364623
 0.8983050847457626 45 8 6 16 22.711271333214228]
[23.076390867290424 'Spatial' 1.7221841816576355 0.8080657364364623
 0.8983050847457626 45 8 6 17 23.076390867290424]
[23.573630940392277 'Spatial' 1.7221841816576355 0.8080657364364623
 0.9322033898305084 45 8 6 18 23.573630940392277]
[24.15723036063155 'Spatial' 1.7221841816576355 0.8080657364364623
 0.9999999999999999 45 8 6 19 24.15723036063155]
[0.0 'Spatial' 1.7221841816576355 0.8080657364364623 0.0 45 8 7 0 0.0]
[4.2589651972343034 'Spatial' 1.7221841816576355 0.8080657364364623
 10.169491525423728 45 8 7 1 4.2589651972343034]
[8.182531050398063 'Spatial' 1.7221841816576355 0.8080657364364623
 4.915254237288135 45 8 7 2 8.182531050398063]
[12.123657316100035 'Spatial' 1.7221841816576355 0.8080657364364623
 3.7796610169491522 45 8 7 3 12.123657316100035]
[15.716938236804559 'Spatial' 1.7221841816576355 0.8080657364364623
 2.7627118644067794 45 8 7 4 15.716938236804559]
[18.77211148535198 'Spatial' 1.7221841816576355 0.8080657364364623
 2.423728813559322 45 8 7 5 18.77211148535198]
[21.041774442428512 'Spatial' 1.7221841816576355 0.8080657364364623
 1.6101694915254237 45 8 7 6 21.041774442428512]
[22.55095002474559 'Spatial' 1.7221841816576355 0.8080657364364623
 1.406779661016949 45 8 7 7 22.55095002474559]
[23.49935004880462 'Spatial' 1.7221841816576355 0.8080657364364623
 1.271186440677966 45 8 7 8 23.49935004880462]
[23.902710082817183 'Spatial' 1.7221841816576355 0.8080657364364623
 1.1016949152542372 45 8 7 9 23.902710082817183]
[23.87064611465339 'Spatial' 1.7221841816576355 0.8080657364364623
 1.0169491525423728 45 8 7 10 23.87064611465339]
[23.57778045363303 'Spatial' 1.7221841816576355 0.8080657364364623
 0.9322033898305084 45 8 7 11 23.57778045363303]
[23.16552479009036 'Spatial' 1.7221841816576355 0.8080657364364623
 0.9322033898305084 45 8 7 12 23.16552479009036]
[22.79429264168073 'Spatial' 1.7221841816576355 0.8080657364364623
 0.8983050847457626 45 8 7 13 22.79429264168073]
[22.56613712869306 'Spatial' 1.7221841816576355 0.8080657364364623
 0.8983050847457626 45 8 7 14 22.56613712869306]
[22.53532998203523 'Spatial' 1.7221841816576355 0.8080657364364623
 0.8983050847457626 45 8 7 15 22.53532998203523]
[22.711271333214228 'Spatial' 1.7221841816576355 0.8080657364364623
 0.8983050847457626 45 8 7 16 22.711271333214228]
[23.076390867290424 'Spatial' 1.7221841816576355 0.8080657364364623
 0.8983050847457626 45 8 7 17 23.076390867290424]
[23.573630940392277 'Spatial' 1.7221841816576355 0.8080657364364623
 0.9322033898305084 45 8 7 18 23.573630940392277]
[24.15723036063155 'Spatial' 1.7221841816576355 0.8080657364364623
 0.9999999999999999 45 8 7 19 24.15723036063155]
