[0.0 'Conceptual' 1.3209134209956677 0.002286159115400129 0.0 54 1 0 0 0.0]
[4.1588830833596715 'Conceptual' 1.3209134209956677 0.002286159115400129
 2.3728813559322033 54 1 0 1 4.1588830833596715]
[8.317766053902346 'Conceptual' 1.3209134209956677 0.002286159115400129
 1.694915254237288 54 1 0 2 8.317766053902346]
[12.476649250079014 'Conceptual' 1.3209134209956677 0.002286159115400129
 1.5254237288135593 54 1 0 3 12.476649250079014]
[16.635532333438686 'Conceptual' 1.3209134209956677 0.002286159115400129
 1.5254237288135593 54 1 0 4 16.635532333438686]
[20.5869142656772 'Conceptual' 1.3209134209956677 0.002286159115400129
 0.3220338983050847 54 1 0 5 20.5869142656772]
[24.195210384564888 'Conceptual' 1.3209134209956677 0.002286159115400129
 0.8983050847457626 54 1 0 6 24.195210384564888]
[26.9609018417732 'Conceptual' 1.3209134209956677 0.002286159115400129
 0.8983050847457626 54 1 0 7 26.9609018417732]
[31.201448866667423 'Conceptual' 1.3209134209956677 0.002286159115400129
 0.847457627118644 54 1 0 8 31.201448866667423]
[33.263367816033195 'Conceptual' 1.3209134209956677 0.002286159115400129
 0.8305084745762711 54 1 0 9 33.263367816033195]
[34.639807537021476 'Conceptual' 1.3209134209956677 0.002286159115400129
 0.7627118644067796 54 1 0 10 34.639807537021476]
[35.41407969439281 'Conceptual' 1.3209134209956677 0.002286159115400129
 0.7288135593220338 54 1 0 11 35.41407969439281]
[37.634183718381074 'Conceptual' 1.3209134209956677 0.002286159115400129
 0.8983050847457626 54 1 0 12 37.634183718381074]
[39.10059358256031 'Conceptual' 1.3209134209956677 0.002286159115400129
 0.8983050847457626 54 1 0 13 39.10059358256031]
[40.194649734964294 'Conceptual' 1.3209134209956677 0.002286159115400129
 0.8983050847457626 54 1 0 14 40.194649734964294]
[40.7851080566417 'Conceptual' 1.3209134209956677 0.002286159115400129
 0.847457627118644 54 1 0 15 40.7851080566417]
[41.27331248237121 'Conceptual' 1.3209134209956677 0.002286159115400129
 0.8305084745762711 54 1 0 16 41.27331248237121]
[41.79003281408691 'Conceptual' 1.3209134209956677 0.002286159115400129
 0.7627118644067796 54 1 0 17 41.79003281408691]
[42.4659640523664 'Conceptual' 1.3209134209956677 0.002286159115400129
 0.7288135593220338 54 1 0 18 42.4659640523664]
[43.43008429518245 'Conceptual' 1.3209134209956677 0.002286159115400129
 0.7288135593220338 54 1 0 19 43.43008429518245]
[0.0 'Conceptual' 1.3209134209956677 0.002286159115400129 0.0 54 1 2 0 0.0]
[4.1588830833596715 'Conceptual' 1.3209134209956677 0.002286159115400129
 2.3728813559322033 54 1 2 1 4.1588830833596715]
[8.317766053902346 'Conceptual' 1.3209134209956677 0.002286159115400129
 1.694915254237288 54 1 2 2 8.317766053902346]
[12.476649250079014 'Conceptual' 1.3209134209956677 0.002286159115400129
 1.5254237288135593 54 1 2 3 12.476649250079014]
[16.635532333438686 'Conceptual' 1.3209134209956677 0.002286159115400129
 1.5254237288135593 54 1 2 4 16.635532333438686]
[20.5869142656772 'Conceptual' 1.3209134209956677 0.002286159115400129
 0.3220338983050847 54 1 2 5 20.5869142656772]
[24.195210384564888 'Conceptual' 1.3209134209956677 0.002286159115400129
 0.8983050847457626 54 1 2 6 24.195210384564888]
[26.9609018417732 'Conceptual' 1.3209134209956677 0.002286159115400129
 0.8983050847457626 54 1 2 7 26.9609018417732]
[31.201448866667423 'Conceptual' 1.3209134209956677 0.002286159115400129
 0.847457627118644 54 1 2 8 31.201448866667423]
[33.263367816033195 'Conceptual' 1.3209134209956677 0.002286159115400129
 0.8305084745762711 54 1 2 9 33.263367816033195]
[34.639807537021476 'Conceptual' 1.3209134209956677 0.002286159115400129
 0.7627118644067796 54 1 2 10 34.639807537021476]
[35.41407969439281 'Conceptual' 1.3209134209956677 0.002286159115400129
 0.7288135593220338 54 1 2 11 35.41407969439281]
[37.634183718381074 'Conceptual' 1.3209134209956677 0.002286159115400129
 0.8983050847457626 54 1 2 12 37.634183718381074]
[39.10059358256031 'Conceptual' 1.3209134209956677 0.002286159115400129
 0.8983050847457626 54 1 2 13 39.10059358256031]
[40.194649734964294 'Conceptual' 1.3209134209956677 0.002286159115400129
 0.8983050847457626 54 1 2 14 40.194649734964294]
[40.7851080566417 'Conceptual' 1.3209134209956677 0.002286159115400129
 0.847457627118644 54 1 2 15 40.7851080566417]
[41.27331248237121 'Conceptual' 1.3209134209956677 0.002286159115400129
 0.8305084745762711 54 1 2 16 41.27331248237121]
[41.79003281408691 'Conceptual' 1.3209134209956677 0.002286159115400129
 0.7627118644067796 54 1 2 17 41.79003281408691]
[42.4659640523664 'Conceptual' 1.3209134209956677 0.002286159115400129
 0.7288135593220338 54 1 2 18 42.4659640523664]
[43.43008429518245 'Conceptual' 1.3209134209956677 0.002286159115400129
 0.7288135593220338 54 1 2 19 43.43008429518245]
[0.0 'Conceptual' 1.3209134209956677 0.002286159115400129 0.0 54 1 3 0 0.0]
[4.1588830833596715 'Conceptual' 1.3209134209956677 0.002286159115400129
 2.3728813559322033 54 1 3 1 4.1588830833596715]
[8.317766053902346 'Conceptual' 1.3209134209956677 0.002286159115400129
 1.694915254237288 54 1 3 2 8.317766053902346]
[12.476649250079014 'Conceptual' 1.3209134209956677 0.002286159115400129
 1.5254237288135593 54 1 3 3 12.476649250079014]
[16.635532333438686 'Conceptual' 1.3209134209956677 0.002286159115400129
 1.5254237288135593 54 1 3 4 16.635532333438686]
[20.5869142656772 'Conceptual' 1.3209134209956677 0.002286159115400129
 0.3220338983050847 54 1 3 5 20.5869142656772]
[24.195210384564888 'Conceptual' 1.3209134209956677 0.002286159115400129
 0.8983050847457626 54 1 3 6 24.195210384564888]
[26.9609018417732 'Conceptual' 1.3209134209956677 0.002286159115400129
 0.8983050847457626 54 1 3 7 26.9609018417732]
[31.201448866667423 'Conceptual' 1.3209134209956677 0.002286159115400129
 0.847457627118644 54 1 3 8 31.201448866667423]
[33.263367816033195 'Conceptual' 1.3209134209956677 0.002286159115400129
 0.8305084745762711 54 1 3 9 33.263367816033195]
[34.639807537021476 'Conceptual' 1.3209134209956677 0.002286159115400129
 0.7627118644067796 54 1 3 10 34.639807537021476]
[35.41407969439281 'Conceptual' 1.3209134209956677 0.002286159115400129
 0.7288135593220338 54 1 3 11 35.41407969439281]
[37.634183718381074 'Conceptual' 1.3209134209956677 0.002286159115400129
 0.8983050847457626 54 1 3 12 37.634183718381074]
[39.10059358256031 'Conceptual' 1.3209134209956677 0.002286159115400129
 0.8983050847457626 54 1 3 13 39.10059358256031]
[40.194649734964294 'Conceptual' 1.3209134209956677 0.002286159115400129
 0.8983050847457626 54 1 3 14 40.194649734964294]
[40.7851080566417 'Conceptual' 1.3209134209956677 0.002286159115400129
 0.847457627118644 54 1 3 15 40.7851080566417]
[41.27331248237121 'Conceptual' 1.3209134209956677 0.002286159115400129
 0.8305084745762711 54 1 3 16 41.27331248237121]
[41.79003281408691 'Conceptual' 1.3209134209956677 0.002286159115400129
 0.7627118644067796 54 1 3 17 41.79003281408691]
[42.4659640523664 'Conceptual' 1.3209134209956677 0.002286159115400129
 0.7288135593220338 54 1 3 18 42.4659640523664]
[43.43008429518245 'Conceptual' 1.3209134209956677 0.002286159115400129
 0.7288135593220338 54 1 3 19 43.43008429518245]
[0.0 'Conceptual' 1.3209134209956677 0.002286159115400129 0.0 54 1 4 0 0.0]
[4.1588830833596715 'Conceptual' 1.3209134209956677 0.002286159115400129
 2.3728813559322033 54 1 4 1 4.1588830833596715]
[8.317766053902346 'Conceptual' 1.3209134209956677 0.002286159115400129
 1.694915254237288 54 1 4 2 8.317766053902346]
[12.476649250079014 'Conceptual' 1.3209134209956677 0.002286159115400129
 1.5254237288135593 54 1 4 3 12.476649250079014]
[16.635532333438686 'Conceptual' 1.3209134209956677 0.002286159115400129
 1.5254237288135593 54 1 4 4 16.635532333438686]
[20.5869142656772 'Conceptual' 1.3209134209956677 0.002286159115400129
 0.3220338983050847 54 1 4 5 20.5869142656772]
[24.195210384564888 'Conceptual' 1.3209134209956677 0.002286159115400129
 0.8983050847457626 54 1 4 6 24.195210384564888]
[26.9609018417732 'Conceptual' 1.3209134209956677 0.002286159115400129
 0.8983050847457626 54 1 4 7 26.9609018417732]
[31.201448866667423 'Conceptual' 1.3209134209956677 0.002286159115400129
 0.847457627118644 54 1 4 8 31.201448866667423]
[33.263367816033195 'Conceptual' 1.3209134209956677 0.002286159115400129
 0.8305084745762711 54 1 4 9 33.263367816033195]
[34.639807537021476 'Conceptual' 1.3209134209956677 0.002286159115400129
 0.7627118644067796 54 1 4 10 34.639807537021476]
[35.41407969439281 'Conceptual' 1.3209134209956677 0.002286159115400129
 0.7288135593220338 54 1 4 11 35.41407969439281]
[37.634183718381074 'Conceptual' 1.3209134209956677 0.002286159115400129
 0.8983050847457626 54 1 4 12 37.634183718381074]
[39.10059358256031 'Conceptual' 1.3209134209956677 0.002286159115400129
 0.8983050847457626 54 1 4 13 39.10059358256031]
[40.194649734964294 'Conceptual' 1.3209134209956677 0.002286159115400129
 0.8983050847457626 54 1 4 14 40.194649734964294]
[40.7851080566417 'Conceptual' 1.3209134209956677 0.002286159115400129
 0.847457627118644 54 1 4 15 40.7851080566417]
[41.27331248237121 'Conceptual' 1.3209134209956677 0.002286159115400129
 0.8305084745762711 54 1 4 16 41.27331248237121]
[41.79003281408691 'Conceptual' 1.3209134209956677 0.002286159115400129
 0.7627118644067796 54 1 4 17 41.79003281408691]
[42.4659640523664 'Conceptual' 1.3209134209956677 0.002286159115400129
 0.7288135593220338 54 1 4 18 42.4659640523664]
[43.43008429518245 'Conceptual' 1.3209134209956677 0.002286159115400129
 0.7288135593220338 54 1 4 19 43.43008429518245]
[0.0 'Conceptual' 1.3209134209956677 0.002286159115400129 0.0 54 1 5 0 0.0]
[4.1588830833596715 'Conceptual' 1.3209134209956677 0.002286159115400129
 2.3728813559322033 54 1 5 1 4.1588830833596715]
[8.317766053902346 'Conceptual' 1.3209134209956677 0.002286159115400129
 1.694915254237288 54 1 5 2 8.317766053902346]
[12.476649250079014 'Conceptual' 1.3209134209956677 0.002286159115400129
 1.5254237288135593 54 1 5 3 12.476649250079014]
[16.635532333438686 'Conceptual' 1.3209134209956677 0.002286159115400129
 1.5254237288135593 54 1 5 4 16.635532333438686]
[20.5869142656772 'Conceptual' 1.3209134209956677 0.002286159115400129
 0.3220338983050847 54 1 5 5 20.5869142656772]
[24.195210384564888 'Conceptual' 1.3209134209956677 0.002286159115400129
 0.8983050847457626 54 1 5 6 24.195210384564888]
[26.9609018417732 'Conceptual' 1.3209134209956677 0.002286159115400129
 0.8983050847457626 54 1 5 7 26.9609018417732]
[31.201448866667423 'Conceptual' 1.3209134209956677 0.002286159115400129
 0.847457627118644 54 1 5 8 31.201448866667423]
[33.263367816033195 'Conceptual' 1.3209134209956677 0.002286159115400129
 0.8305084745762711 54 1 5 9 33.263367816033195]
[34.639807537021476 'Conceptual' 1.3209134209956677 0.002286159115400129
 0.7627118644067796 54 1 5 10 34.639807537021476]
[35.41407969439281 'Conceptual' 1.3209134209956677 0.002286159115400129
 0.7288135593220338 54 1 5 11 35.41407969439281]
[37.634183718381074 'Conceptual' 1.3209134209956677 0.002286159115400129
 0.8983050847457626 54 1 5 12 37.634183718381074]
[39.10059358256031 'Conceptual' 1.3209134209956677 0.002286159115400129
 0.8983050847457626 54 1 5 13 39.10059358256031]
[40.194649734964294 'Conceptual' 1.3209134209956677 0.002286159115400129
 0.8983050847457626 54 1 5 14 40.194649734964294]
[40.7851080566417 'Conceptual' 1.3209134209956677 0.002286159115400129
 0.847457627118644 54 1 5 15 40.7851080566417]
[41.27331248237121 'Conceptual' 1.3209134209956677 0.002286159115400129
 0.8305084745762711 54 1 5 16 41.27331248237121]
[41.79003281408691 'Conceptual' 1.3209134209956677 0.002286159115400129
 0.7627118644067796 54 1 5 17 41.79003281408691]
[42.4659640523664 'Conceptual' 1.3209134209956677 0.002286159115400129
 0.7288135593220338 54 1 5 18 42.4659640523664]
[43.43008429518245 'Conceptual' 1.3209134209956677 0.002286159115400129
 0.7288135593220338 54 1 5 19 43.43008429518245]
[0.0 'Conceptual' 1.3209134209956677 0.002286159115400129 0.0 54 1 6 0 0.0]
[4.1588830833596715 'Conceptual' 1.3209134209956677 0.002286159115400129
 2.3728813559322033 54 1 6 1 4.1588830833596715]
[8.317766053902346 'Conceptual' 1.3209134209956677 0.002286159115400129
 1.694915254237288 54 1 6 2 8.317766053902346]
[12.476649250079014 'Conceptual' 1.3209134209956677 0.002286159115400129
 1.5254237288135593 54 1 6 3 12.476649250079014]
[16.635532333438686 'Conceptual' 1.3209134209956677 0.002286159115400129
 1.5254237288135593 54 1 6 4 16.635532333438686]
[20.5869142656772 'Conceptual' 1.3209134209956677 0.002286159115400129
 0.3220338983050847 54 1 6 5 20.5869142656772]
[24.195210384564888 'Conceptual' 1.3209134209956677 0.002286159115400129
 0.8983050847457626 54 1 6 6 24.195210384564888]
[26.9609018417732 'Conceptual' 1.3209134209956677 0.002286159115400129
 0.8983050847457626 54 1 6 7 26.9609018417732]
[31.201448866667423 'Conceptual' 1.3209134209956677 0.002286159115400129
 0.847457627118644 54 1 6 8 31.201448866667423]
[33.263367816033195 'Conceptual' 1.3209134209956677 0.002286159115400129
 0.8305084745762711 54 1 6 9 33.263367816033195]
[34.639807537021476 'Conceptual' 1.3209134209956677 0.002286159115400129
 0.7627118644067796 54 1 6 10 34.639807537021476]
[35.41407969439281 'Conceptual' 1.3209134209956677 0.002286159115400129
 0.7288135593220338 54 1 6 11 35.41407969439281]
[37.634183718381074 'Conceptual' 1.3209134209956677 0.002286159115400129
 0.8983050847457626 54 1 6 12 37.634183718381074]
[39.10059358256031 'Conceptual' 1.3209134209956677 0.002286159115400129
 0.8983050847457626 54 1 6 13 39.10059358256031]
[40.194649734964294 'Conceptual' 1.3209134209956677 0.002286159115400129
 0.8983050847457626 54 1 6 14 40.194649734964294]
[40.7851080566417 'Conceptual' 1.3209134209956677 0.002286159115400129
 0.847457627118644 54 1 6 15 40.7851080566417]
[41.27331248237121 'Conceptual' 1.3209134209956677 0.002286159115400129
 0.8305084745762711 54 1 6 16 41.27331248237121]
[41.79003281408691 'Conceptual' 1.3209134209956677 0.002286159115400129
 0.7627118644067796 54 1 6 17 41.79003281408691]
[42.4659640523664 'Conceptual' 1.3209134209956677 0.002286159115400129
 0.7288135593220338 54 1 6 18 42.4659640523664]
[43.43008429518245 'Conceptual' 1.3209134209956677 0.002286159115400129
 0.7288135593220338 54 1 6 19 43.43008429518245]
[0.0 'Conceptual' 1.3209134209956677 0.002286159115400129 0.0 54 1 7 0 0.0]
[4.1588830833596715 'Conceptual' 1.3209134209956677 0.002286159115400129
 2.3728813559322033 54 1 7 1 4.1588830833596715]
[8.317766053902346 'Conceptual' 1.3209134209956677 0.002286159115400129
 1.694915254237288 54 1 7 2 8.317766053902346]
[12.476649250079014 'Conceptual' 1.3209134209956677 0.002286159115400129
 1.5254237288135593 54 1 7 3 12.476649250079014]
[16.635532333438686 'Conceptual' 1.3209134209956677 0.002286159115400129
 1.5254237288135593 54 1 7 4 16.635532333438686]
[20.5869142656772 'Conceptual' 1.3209134209956677 0.002286159115400129
 0.3220338983050847 54 1 7 5 20.5869142656772]
[24.195210384564888 'Conceptual' 1.3209134209956677 0.002286159115400129
 0.8983050847457626 54 1 7 6 24.195210384564888]
[26.9609018417732 'Conceptual' 1.3209134209956677 0.002286159115400129
 0.8983050847457626 54 1 7 7 26.9609018417732]
[31.201448866667423 'Conceptual' 1.3209134209956677 0.002286159115400129
 0.847457627118644 54 1 7 8 31.201448866667423]
[33.263367816033195 'Conceptual' 1.3209134209956677 0.002286159115400129
 0.8305084745762711 54 1 7 9 33.263367816033195]
[34.639807537021476 'Conceptual' 1.3209134209956677 0.002286159115400129
 0.7627118644067796 54 1 7 10 34.639807537021476]
[35.41407969439281 'Conceptual' 1.3209134209956677 0.002286159115400129
 0.7288135593220338 54 1 7 11 35.41407969439281]
[37.634183718381074 'Conceptual' 1.3209134209956677 0.002286159115400129
 0.8983050847457626 54 1 7 12 37.634183718381074]
[39.10059358256031 'Conceptual' 1.3209134209956677 0.002286159115400129
 0.8983050847457626 54 1 7 13 39.10059358256031]
[40.194649734964294 'Conceptual' 1.3209134209956677 0.002286159115400129
 0.8983050847457626 54 1 7 14 40.194649734964294]
[40.7851080566417 'Conceptual' 1.3209134209956677 0.002286159115400129
 0.847457627118644 54 1 7 15 40.7851080566417]
[41.27331248237121 'Conceptual' 1.3209134209956677 0.002286159115400129
 0.8305084745762711 54 1 7 16 41.27331248237121]
[41.79003281408691 'Conceptual' 1.3209134209956677 0.002286159115400129
 0.7627118644067796 54 1 7 17 41.79003281408691]
[42.4659640523664 'Conceptual' 1.3209134209956677 0.002286159115400129
 0.7288135593220338 54 1 7 18 42.4659640523664]
[43.43008429518245 'Conceptual' 1.3209134209956677 0.002286159115400129
 0.7288135593220338 54 1 7 19 43.43008429518245]
[0.0 'Conceptual' 1.3209134209956677 0.002286159115400129 0.0 54 1 8 0 0.0]
[4.1588830833596715 'Conceptual' 1.3209134209956677 0.002286159115400129
 2.3728813559322033 54 1 8 1 4.1588830833596715]
[8.317766053902346 'Conceptual' 1.3209134209956677 0.002286159115400129
 1.694915254237288 54 1 8 2 8.317766053902346]
[12.476649250079014 'Conceptual' 1.3209134209956677 0.002286159115400129
 1.5254237288135593 54 1 8 3 12.476649250079014]
[16.635532333438686 'Conceptual' 1.3209134209956677 0.002286159115400129
 1.5254237288135593 54 1 8 4 16.635532333438686]
[20.5869142656772 'Conceptual' 1.3209134209956677 0.002286159115400129
 0.3220338983050847 54 1 8 5 20.5869142656772]
[24.195210384564888 'Conceptual' 1.3209134209956677 0.002286159115400129
 0.8983050847457626 54 1 8 6 24.195210384564888]
[26.9609018417732 'Conceptual' 1.3209134209956677 0.002286159115400129
 0.8983050847457626 54 1 8 7 26.9609018417732]
[31.201448866667423 'Conceptual' 1.3209134209956677 0.002286159115400129
 0.847457627118644 54 1 8 8 31.201448866667423]
[33.263367816033195 'Conceptual' 1.3209134209956677 0.002286159115400129
 0.8305084745762711 54 1 8 9 33.263367816033195]
[34.639807537021476 'Conceptual' 1.3209134209956677 0.002286159115400129
 0.7627118644067796 54 1 8 10 34.639807537021476]
[35.41407969439281 'Conceptual' 1.3209134209956677 0.002286159115400129
 0.7288135593220338 54 1 8 11 35.41407969439281]
[37.634183718381074 'Conceptual' 1.3209134209956677 0.002286159115400129
 0.8983050847457626 54 1 8 12 37.634183718381074]
[39.10059358256031 'Conceptual' 1.3209134209956677 0.002286159115400129
 0.8983050847457626 54 1 8 13 39.10059358256031]
[40.194649734964294 'Conceptual' 1.3209134209956677 0.002286159115400129
 0.8983050847457626 54 1 8 14 40.194649734964294]
[40.7851080566417 'Conceptual' 1.3209134209956677 0.002286159115400129
 0.847457627118644 54 1 8 15 40.7851080566417]
[41.27331248237121 'Conceptual' 1.3209134209956677 0.002286159115400129
 0.8305084745762711 54 1 8 16 41.27331248237121]
[41.79003281408691 'Conceptual' 1.3209134209956677 0.002286159115400129
 0.7627118644067796 54 1 8 17 41.79003281408691]
[42.4659640523664 'Conceptual' 1.3209134209956677 0.002286159115400129
 0.7288135593220338 54 1 8 18 42.4659640523664]
[43.43008429518245 'Conceptual' 1.3209134209956677 0.002286159115400129
 0.7288135593220338 54 1 8 19 43.43008429518245]
