[0.0 'Spatial' 1.1924981527102743 0.0003576109955703216 0.0 83 3 0 0 0.0]
[3.936687181386439 'Spatial' 1.1924981527102743 0.0003576109955703216
 0.1694915254237288 83 3 0 1 3.936687181386439]
[7.760715363708704 'Spatial' 1.1924981527102743 0.0003576109955703216
 0.1694915254237288 83 3 0 2 7.760715363708704]
[11.22276672740002 'Spatial' 1.1924981527102743 0.0003576109955703216
 1.0677966101694913 83 3 0 3 11.22276672740002]
[15.45391447789062 'Spatial' 1.1924981527102743 0.0003576109955703216
 1.0677966101694913 83 3 0 4 15.45391447789062]
[18.330253192426902 'Spatial' 1.1924981527102743 0.0003576109955703216
 1.0677966101694913 83 3 0 5 18.330253192426902]
[20.61474886076178 'Spatial' 1.1924981527102743 0.0003576109955703216
 1.0169491525423728 83 3 0 6 20.61474886076178]
[24.743636481453557 'Spatial' 1.1924981527102743 0.0003576109955703216
 0.8983050847457626 83 3 0 7 24.743636481453557]
[29.051325788688175 'Spatial' 1.1924981527102743 0.0003576109955703216
 0.847457627118644 83 3 0 8 29.051325788688175]
[33.181663171729 'Spatial' 1.1924981527102743 0.0003576109955703216
 0.7627118644067796 83 3 0 9 33.181663171729]
[37.39625421919038 'Spatial' 1.1924981527102743 0.0003576109955703216
 0.7288135593220338 83 3 0 10 37.39625421919038]
[39.241153604755425 'Spatial' 1.1924981527102743 0.0003576109955703216
 0.7288135593220338 83 3 0 11 39.241153604755425]
[40.52773565189527 'Spatial' 1.1924981527102743 0.0003576109955703216
 0.6779661016949152 83 3 0 12 40.52773565189527]
[41.29906974845022 'Spatial' 1.1924981527102743 0.0003576109955703216
 0.6610169491525423 83 3 0 13 41.29906974845022]
[41.63156006343769 'Spatial' 1.1924981527102743 0.0003576109955703216
 0.5932203389830508 83 3 0 14 41.63156006343769]
[44.32386496173708 'Spatial' 1.1924981527102743 0.0003576109955703216
 0.7627118644067796 83 3 0 15 44.32386496173708]
[44.39621624577832 'Spatial' 1.1924981527102743 0.0003576109955703216
 0.7288135593220338 83 3 0 16 44.39621624577832]
[46.40129886838976 'Spatial' 1.1924981527102743 0.0003576109955703216
 0.7627118644067796 83 3 0 17 46.40129886838976]
[47.970277800925565 'Spatial' 1.1924981527102743 0.0003576109955703216
 0.7627118644067796 83 3 0 18 47.970277800925565]
[49.24563342259166 'Spatial' 1.1924981527102743 0.0003576109955703216
 0.7627118644067796 83 3 0 19 49.24563342259166]
[0.0 'Spatial' 1.1924981527102743 0.0003576109955703216 0.0 83 3 1 0 0.0]
[3.936687181386439 'Spatial' 1.1924981527102743 0.0003576109955703216
 0.1694915254237288 83 3 1 1 3.936687181386439]
[7.760715363708704 'Spatial' 1.1924981527102743 0.0003576109955703216
 0.1694915254237288 83 3 1 2 7.760715363708704]
[11.22276672740002 'Spatial' 1.1924981527102743 0.0003576109955703216
 1.0677966101694913 83 3 1 3 11.22276672740002]
[15.45391447789062 'Spatial' 1.1924981527102743 0.0003576109955703216
 1.0677966101694913 83 3 1 4 15.45391447789062]
[18.330253192426902 'Spatial' 1.1924981527102743 0.0003576109955703216
 1.0677966101694913 83 3 1 5 18.330253192426902]
[20.61474886076178 'Spatial' 1.1924981527102743 0.0003576109955703216
 1.0169491525423728 83 3 1 6 20.61474886076178]
[24.743636481453557 'Spatial' 1.1924981527102743 0.0003576109955703216
 0.8983050847457626 83 3 1 7 24.743636481453557]
[29.051325788688175 'Spatial' 1.1924981527102743 0.0003576109955703216
 0.847457627118644 83 3 1 8 29.051325788688175]
[33.181663171729 'Spatial' 1.1924981527102743 0.0003576109955703216
 0.7627118644067796 83 3 1 9 33.181663171729]
[37.39625421919038 'Spatial' 1.1924981527102743 0.0003576109955703216
 0.7288135593220338 83 3 1 10 37.39625421919038]
[39.241153604755425 'Spatial' 1.1924981527102743 0.0003576109955703216
 0.7288135593220338 83 3 1 11 39.241153604755425]
[40.52773565189527 'Spatial' 1.1924981527102743 0.0003576109955703216
 0.6779661016949152 83 3 1 12 40.52773565189527]
[41.29906974845022 'Spatial' 1.1924981527102743 0.0003576109955703216
 0.6610169491525423 83 3 1 13 41.29906974845022]
[41.63156006343769 'Spatial' 1.1924981527102743 0.0003576109955703216
 0.5932203389830508 83 3 1 14 41.63156006343769]
[44.32386496173708 'Spatial' 1.1924981527102743 0.0003576109955703216
 0.7627118644067796 83 3 1 15 44.32386496173708]
[44.39621624577832 'Spatial' 1.1924981527102743 0.0003576109955703216
 0.7288135593220338 83 3 1 16 44.39621624577832]
[46.40129886838976 'Spatial' 1.1924981527102743 0.0003576109955703216
 0.7627118644067796 83 3 1 17 46.40129886838976]
[47.970277800925565 'Spatial' 1.1924981527102743 0.0003576109955703216
 0.7627118644067796 83 3 1 18 47.970277800925565]
[49.24563342259166 'Spatial' 1.1924981527102743 0.0003576109955703216
 0.7627118644067796 83 3 1 19 49.24563342259166]
[0.0 'Spatial' 1.1924981527102743 0.0003576109955703216 0.0 83 3 2 0 0.0]
[3.936687181386439 'Spatial' 1.1924981527102743 0.0003576109955703216
 0.1694915254237288 83 3 2 1 3.936687181386439]
[7.760715363708704 'Spatial' 1.1924981527102743 0.0003576109955703216
 0.1694915254237288 83 3 2 2 7.760715363708704]
[11.22276672740002 'Spatial' 1.1924981527102743 0.0003576109955703216
 1.0677966101694913 83 3 2 3 11.22276672740002]
[15.45391447789062 'Spatial' 1.1924981527102743 0.0003576109955703216
 1.0677966101694913 83 3 2 4 15.45391447789062]
[18.330253192426902 'Spatial' 1.1924981527102743 0.0003576109955703216
 1.0677966101694913 83 3 2 5 18.330253192426902]
[20.61474886076178 'Spatial' 1.1924981527102743 0.0003576109955703216
 1.0169491525423728 83 3 2 6 20.61474886076178]
[24.743636481453557 'Spatial' 1.1924981527102743 0.0003576109955703216
 0.8983050847457626 83 3 2 7 24.743636481453557]
[29.051325788688175 'Spatial' 1.1924981527102743 0.0003576109955703216
 0.847457627118644 83 3 2 8 29.051325788688175]
[33.181663171729 'Spatial' 1.1924981527102743 0.0003576109955703216
 0.7627118644067796 83 3 2 9 33.181663171729]
[37.39625421919038 'Spatial' 1.1924981527102743 0.0003576109955703216
 0.7288135593220338 83 3 2 10 37.39625421919038]
[39.241153604755425 'Spatial' 1.1924981527102743 0.0003576109955703216
 0.7288135593220338 83 3 2 11 39.241153604755425]
[40.52773565189527 'Spatial' 1.1924981527102743 0.0003576109955703216
 0.6779661016949152 83 3 2 12 40.52773565189527]
[41.29906974845022 'Spatial' 1.1924981527102743 0.0003576109955703216
 0.6610169491525423 83 3 2 13 41.29906974845022]
[41.63156006343769 'Spatial' 1.1924981527102743 0.0003576109955703216
 0.5932203389830508 83 3 2 14 41.63156006343769]
[44.32386496173708 'Spatial' 1.1924981527102743 0.0003576109955703216
 0.7627118644067796 83 3 2 15 44.32386496173708]
[44.39621624577832 'Spatial' 1.1924981527102743 0.0003576109955703216
 0.7288135593220338 83 3 2 16 44.39621624577832]
[46.40129886838976 'Spatial' 1.1924981527102743 0.0003576109955703216
 0.7627118644067796 83 3 2 17 46.40129886838976]
[47.970277800925565 'Spatial' 1.1924981527102743 0.0003576109955703216
 0.7627118644067796 83 3 2 18 47.970277800925565]
[49.24563342259166 'Spatial' 1.1924981527102743 0.0003576109955703216
 0.7627118644067796 83 3 2 19 49.24563342259166]
[0.0 'Spatial' 1.1924981527102743 0.0003576109955703216 0.0 83 3 4 0 0.0]
[3.936687181386439 'Spatial' 1.1924981527102743 0.0003576109955703216
 0.1694915254237288 83 3 4 1 3.936687181386439]
[7.760715363708704 'Spatial' 1.1924981527102743 0.0003576109955703216
 0.1694915254237288 83 3 4 2 7.760715363708704]
[11.22276672740002 'Spatial' 1.1924981527102743 0.0003576109955703216
 1.0677966101694913 83 3 4 3 11.22276672740002]
[15.45391447789062 'Spatial' 1.1924981527102743 0.0003576109955703216
 1.0677966101694913 83 3 4 4 15.45391447789062]
[18.330253192426902 'Spatial' 1.1924981527102743 0.0003576109955703216
 1.0677966101694913 83 3 4 5 18.330253192426902]
[20.61474886076178 'Spatial' 1.1924981527102743 0.0003576109955703216
 1.0169491525423728 83 3 4 6 20.61474886076178]
[24.743636481453557 'Spatial' 1.1924981527102743 0.0003576109955703216
 0.8983050847457626 83 3 4 7 24.743636481453557]
[29.051325788688175 'Spatial' 1.1924981527102743 0.0003576109955703216
 0.847457627118644 83 3 4 8 29.051325788688175]
[33.181663171729 'Spatial' 1.1924981527102743 0.0003576109955703216
 0.7627118644067796 83 3 4 9 33.181663171729]
[37.39625421919038 'Spatial' 1.1924981527102743 0.0003576109955703216
 0.7288135593220338 83 3 4 10 37.39625421919038]
[39.241153604755425 'Spatial' 1.1924981527102743 0.0003576109955703216
 0.7288135593220338 83 3 4 11 39.241153604755425]
[40.52773565189527 'Spatial' 1.1924981527102743 0.0003576109955703216
 0.6779661016949152 83 3 4 12 40.52773565189527]
[41.29906974845022 'Spatial' 1.1924981527102743 0.0003576109955703216
 0.6610169491525423 83 3 4 13 41.29906974845022]
[41.63156006343769 'Spatial' 1.1924981527102743 0.0003576109955703216
 0.5932203389830508 83 3 4 14 41.63156006343769]
[44.32386496173708 'Spatial' 1.1924981527102743 0.0003576109955703216
 0.7627118644067796 83 3 4 15 44.32386496173708]
[44.39621624577832 'Spatial' 1.1924981527102743 0.0003576109955703216
 0.7288135593220338 83 3 4 16 44.39621624577832]
[46.40129886838976 'Spatial' 1.1924981527102743 0.0003576109955703216
 0.7627118644067796 83 3 4 17 46.40129886838976]
[47.970277800925565 'Spatial' 1.1924981527102743 0.0003576109955703216
 0.7627118644067796 83 3 4 18 47.970277800925565]
[49.24563342259166 'Spatial' 1.1924981527102743 0.0003576109955703216
 0.7627118644067796 83 3 4 19 49.24563342259166]
[0.0 'Spatial' 1.1924981527102743 0.0003576109955703216 0.0 83 3 5 0 0.0]
[3.936687181386439 'Spatial' 1.1924981527102743 0.0003576109955703216
 0.1694915254237288 83 3 5 1 3.936687181386439]
[7.760715363708704 'Spatial' 1.1924981527102743 0.0003576109955703216
 0.1694915254237288 83 3 5 2 7.760715363708704]
[11.22276672740002 'Spatial' 1.1924981527102743 0.0003576109955703216
 1.0677966101694913 83 3 5 3 11.22276672740002]
[15.45391447789062 'Spatial' 1.1924981527102743 0.0003576109955703216
 1.0677966101694913 83 3 5 4 15.45391447789062]
[18.330253192426902 'Spatial' 1.1924981527102743 0.0003576109955703216
 1.0677966101694913 83 3 5 5 18.330253192426902]
[20.61474886076178 'Spatial' 1.1924981527102743 0.0003576109955703216
 1.0169491525423728 83 3 5 6 20.61474886076178]
[24.743636481453557 'Spatial' 1.1924981527102743 0.0003576109955703216
 0.8983050847457626 83 3 5 7 24.743636481453557]
[29.051325788688175 'Spatial' 1.1924981527102743 0.0003576109955703216
 0.847457627118644 83 3 5 8 29.051325788688175]
[33.181663171729 'Spatial' 1.1924981527102743 0.0003576109955703216
 0.7627118644067796 83 3 5 9 33.181663171729]
[37.39625421919038 'Spatial' 1.1924981527102743 0.0003576109955703216
 0.7288135593220338 83 3 5 10 37.39625421919038]
[39.241153604755425 'Spatial' 1.1924981527102743 0.0003576109955703216
 0.7288135593220338 83 3 5 11 39.241153604755425]
[40.52773565189527 'Spatial' 1.1924981527102743 0.0003576109955703216
 0.6779661016949152 83 3 5 12 40.52773565189527]
[41.29906974845022 'Spatial' 1.1924981527102743 0.0003576109955703216
 0.6610169491525423 83 3 5 13 41.29906974845022]
[41.63156006343769 'Spatial' 1.1924981527102743 0.0003576109955703216
 0.5932203389830508 83 3 5 14 41.63156006343769]
[44.32386496173708 'Spatial' 1.1924981527102743 0.0003576109955703216
 0.7627118644067796 83 3 5 15 44.32386496173708]
[44.39621624577832 'Spatial' 1.1924981527102743 0.0003576109955703216
 0.7288135593220338 83 3 5 16 44.39621624577832]
[46.40129886838976 'Spatial' 1.1924981527102743 0.0003576109955703216
 0.7627118644067796 83 3 5 17 46.40129886838976]
[47.970277800925565 'Spatial' 1.1924981527102743 0.0003576109955703216
 0.7627118644067796 83 3 5 18 47.970277800925565]
[49.24563342259166 'Spatial' 1.1924981527102743 0.0003576109955703216
 0.7627118644067796 83 3 5 19 49.24563342259166]
[0.0 'Spatial' 1.1924981527102743 0.0003576109955703216 0.0 83 3 6 0 0.0]
[3.936687181386439 'Spatial' 1.1924981527102743 0.0003576109955703216
 0.1694915254237288 83 3 6 1 3.936687181386439]
[7.760715363708704 'Spatial' 1.1924981527102743 0.0003576109955703216
 0.1694915254237288 83 3 6 2 7.760715363708704]
[11.22276672740002 'Spatial' 1.1924981527102743 0.0003576109955703216
 1.0677966101694913 83 3 6 3 11.22276672740002]
[15.45391447789062 'Spatial' 1.1924981527102743 0.0003576109955703216
 1.0677966101694913 83 3 6 4 15.45391447789062]
[18.330253192426902 'Spatial' 1.1924981527102743 0.0003576109955703216
 1.0677966101694913 83 3 6 5 18.330253192426902]
[20.61474886076178 'Spatial' 1.1924981527102743 0.0003576109955703216
 1.0169491525423728 83 3 6 6 20.61474886076178]
[24.743636481453557 'Spatial' 1.1924981527102743 0.0003576109955703216
 0.8983050847457626 83 3 6 7 24.743636481453557]
[29.051325788688175 'Spatial' 1.1924981527102743 0.0003576109955703216
 0.847457627118644 83 3 6 8 29.051325788688175]
[33.181663171729 'Spatial' 1.1924981527102743 0.0003576109955703216
 0.7627118644067796 83 3 6 9 33.181663171729]
[37.39625421919038 'Spatial' 1.1924981527102743 0.0003576109955703216
 0.7288135593220338 83 3 6 10 37.39625421919038]
[39.241153604755425 'Spatial' 1.1924981527102743 0.0003576109955703216
 0.7288135593220338 83 3 6 11 39.241153604755425]
[40.52773565189527 'Spatial' 1.1924981527102743 0.0003576109955703216
 0.6779661016949152 83 3 6 12 40.52773565189527]
[41.29906974845022 'Spatial' 1.1924981527102743 0.0003576109955703216
 0.6610169491525423 83 3 6 13 41.29906974845022]
[41.63156006343769 'Spatial' 1.1924981527102743 0.0003576109955703216
 0.5932203389830508 83 3 6 14 41.63156006343769]
[44.32386496173708 'Spatial' 1.1924981527102743 0.0003576109955703216
 0.7627118644067796 83 3 6 15 44.32386496173708]
[44.39621624577832 'Spatial' 1.1924981527102743 0.0003576109955703216
 0.7288135593220338 83 3 6 16 44.39621624577832]
[46.40129886838976 'Spatial' 1.1924981527102743 0.0003576109955703216
 0.7627118644067796 83 3 6 17 46.40129886838976]
[47.970277800925565 'Spatial' 1.1924981527102743 0.0003576109955703216
 0.7627118644067796 83 3 6 18 47.970277800925565]
[49.24563342259166 'Spatial' 1.1924981527102743 0.0003576109955703216
 0.7627118644067796 83 3 6 19 49.24563342259166]
[0.0 'Spatial' 1.1924981527102743 0.0003576109955703216 0.0 83 3 7 0 0.0]
[3.936687181386439 'Spatial' 1.1924981527102743 0.0003576109955703216
 0.1694915254237288 83 3 7 1 3.936687181386439]
[7.760715363708704 'Spatial' 1.1924981527102743 0.0003576109955703216
 0.1694915254237288 83 3 7 2 7.760715363708704]
[11.22276672740002 'Spatial' 1.1924981527102743 0.0003576109955703216
 1.0677966101694913 83 3 7 3 11.22276672740002]
[15.45391447789062 'Spatial' 1.1924981527102743 0.0003576109955703216
 1.0677966101694913 83 3 7 4 15.45391447789062]
[18.330253192426902 'Spatial' 1.1924981527102743 0.0003576109955703216
 1.0677966101694913 83 3 7 5 18.330253192426902]
[20.61474886076178 'Spatial' 1.1924981527102743 0.0003576109955703216
 1.0169491525423728 83 3 7 6 20.61474886076178]
[24.743636481453557 'Spatial' 1.1924981527102743 0.0003576109955703216
 0.8983050847457626 83 3 7 7 24.743636481453557]
[29.051325788688175 'Spatial' 1.1924981527102743 0.0003576109955703216
 0.847457627118644 83 3 7 8 29.051325788688175]
[33.181663171729 'Spatial' 1.1924981527102743 0.0003576109955703216
 0.7627118644067796 83 3 7 9 33.181663171729]
[37.39625421919038 'Spatial' 1.1924981527102743 0.0003576109955703216
 0.7288135593220338 83 3 7 10 37.39625421919038]
[39.241153604755425 'Spatial' 1.1924981527102743 0.0003576109955703216
 0.7288135593220338 83 3 7 11 39.241153604755425]
[40.52773565189527 'Spatial' 1.1924981527102743 0.0003576109955703216
 0.6779661016949152 83 3 7 12 40.52773565189527]
[41.29906974845022 'Spatial' 1.1924981527102743 0.0003576109955703216
 0.6610169491525423 83 3 7 13 41.29906974845022]
[41.63156006343769 'Spatial' 1.1924981527102743 0.0003576109955703216
 0.5932203389830508 83 3 7 14 41.63156006343769]
[44.32386496173708 'Spatial' 1.1924981527102743 0.0003576109955703216
 0.7627118644067796 83 3 7 15 44.32386496173708]
[44.39621624577832 'Spatial' 1.1924981527102743 0.0003576109955703216
 0.7288135593220338 83 3 7 16 44.39621624577832]
[46.40129886838976 'Spatial' 1.1924981527102743 0.0003576109955703216
 0.7627118644067796 83 3 7 17 46.40129886838976]
[47.970277800925565 'Spatial' 1.1924981527102743 0.0003576109955703216
 0.7627118644067796 83 3 7 18 47.970277800925565]
[49.24563342259166 'Spatial' 1.1924981527102743 0.0003576109955703216
 0.7627118644067796 83 3 7 19 49.24563342259166]
[0.0 'Spatial' 1.1924981527102743 0.0003576109955703216 0.0 83 3 8 0 0.0]
[3.936687181386439 'Spatial' 1.1924981527102743 0.0003576109955703216
 0.1694915254237288 83 3 8 1 3.936687181386439]
[7.760715363708704 'Spatial' 1.1924981527102743 0.0003576109955703216
 0.1694915254237288 83 3 8 2 7.760715363708704]
[11.22276672740002 'Spatial' 1.1924981527102743 0.0003576109955703216
 1.0677966101694913 83 3 8 3 11.22276672740002]
[15.45391447789062 'Spatial' 1.1924981527102743 0.0003576109955703216
 1.0677966101694913 83 3 8 4 15.45391447789062]
[18.330253192426902 'Spatial' 1.1924981527102743 0.0003576109955703216
 1.0677966101694913 83 3 8 5 18.330253192426902]
[20.61474886076178 'Spatial' 1.1924981527102743 0.0003576109955703216
 1.0169491525423728 83 3 8 6 20.61474886076178]
[24.743636481453557 'Spatial' 1.1924981527102743 0.0003576109955703216
 0.8983050847457626 83 3 8 7 24.743636481453557]
[29.051325788688175 'Spatial' 1.1924981527102743 0.0003576109955703216
 0.847457627118644 83 3 8 8 29.051325788688175]
[33.181663171729 'Spatial' 1.1924981527102743 0.0003576109955703216
 0.7627118644067796 83 3 8 9 33.181663171729]
[37.39625421919038 'Spatial' 1.1924981527102743 0.0003576109955703216
 0.7288135593220338 83 3 8 10 37.39625421919038]
[39.241153604755425 'Spatial' 1.1924981527102743 0.0003576109955703216
 0.7288135593220338 83 3 8 11 39.241153604755425]
[40.52773565189527 'Spatial' 1.1924981527102743 0.0003576109955703216
 0.6779661016949152 83 3 8 12 40.52773565189527]
[41.29906974845022 'Spatial' 1.1924981527102743 0.0003576109955703216
 0.6610169491525423 83 3 8 13 41.29906974845022]
[41.63156006343769 'Spatial' 1.1924981527102743 0.0003576109955703216
 0.5932203389830508 83 3 8 14 41.63156006343769]
[44.32386496173708 'Spatial' 1.1924981527102743 0.0003576109955703216
 0.7627118644067796 83 3 8 15 44.32386496173708]
[44.39621624577832 'Spatial' 1.1924981527102743 0.0003576109955703216
 0.7288135593220338 83 3 8 16 44.39621624577832]
[46.40129886838976 'Spatial' 1.1924981527102743 0.0003576109955703216
 0.7627118644067796 83 3 8 17 46.40129886838976]
[47.970277800925565 'Spatial' 1.1924981527102743 0.0003576109955703216
 0.7627118644067796 83 3 8 18 47.970277800925565]
[49.24563342259166 'Spatial' 1.1924981527102743 0.0003576109955703216
 0.7627118644067796 83 3 8 19 49.24563342259166]
