[0.0 'Conceptual' 8.989145657396117 14.628416344722703 0.0 115 8 0 0 0.0]
[4.826490724242375 'Conceptual' 8.989145657396117 14.628416344722703
 10.169491525423728 115 8 0 1 4.826490724242375]
[8.02264141471856 'Conceptual' 8.989145657396117 14.628416344722703
 5.7627118644067785 115 8 0 2 8.02264141471856]
[11.535039454274692 'Conceptual' 8.989145657396117 14.628416344722703
 4.491525423728812 115 8 0 3 11.535039454274692]
[15.22824024287952 'Conceptual' 8.989145657396117 14.628416344722703
 3.0338983050847457 115 8 0 4 15.22824024287952]
[17.98922333459827 'Conceptual' 8.989145657396117 14.628416344722703
 2.694915254237288 115 8 0 5 17.98922333459827]
[21.551751025442496 'Conceptual' 8.989145657396117 14.628416344722703
 2.694915254237288 115 8 0 6 21.551751025442496]
[24.968389666638693 'Conceptual' 8.989145657396117 14.628416344722703
 2.542372881355932 115 8 0 7 24.968389666638693]
[27.610443529865552 'Conceptual' 8.989145657396117 14.628416344722703
 2.2881355932203387 115 8 0 8 27.610443529865552]
[29.883467680100853 'Conceptual' 8.989145657396117 14.628416344722703
 2.084745762711864 115 8 0 9 29.883467680100853]
[31.930881505957625 'Conceptual' 8.989145657396117 14.628416344722703
 1.983050847457627 115 8 0 10 31.930881505957625]
[33.720697171744746 'Conceptual' 8.989145657396117 14.628416344722703
 1.7457627118644066 115 8 0 11 33.720697171744746]
[35.304884982309105 'Conceptual' 8.989145657396117 14.628416344722703
 1.6101694915254237 115 8 0 12 35.304884982309105]
[36.974013643834574 'Conceptual' 8.989145657396117 14.628416344722703
 1.5084745762711864 115 8 0 13 36.974013643834574]
[38.44028018316182 'Conceptual' 8.989145657396117 14.628416344722703
 1.406779661016949 115 8 0 14 38.44028018316182]
[39.709682856882864 'Conceptual' 8.989145657396117 14.628416344722703
 1.3389830508474576 115 8 0 15 39.709682856882864]
[40.80061063358371 'Conceptual' 8.989145657396117 14.628416344722703
 1.2372881355932202 115 8 0 16 40.80061063358371]
[41.776185127610745 'Conceptual' 8.989145657396117 14.628416344722703
 1.1864406779661016 115 8 0 17 41.776185127610745]
[42.71199488306146 'Conceptual' 8.989145657396117 14.628416344722703
 1.1694915254237288 115 8 0 18 42.71199488306146]
[46.18856218474385 'Conceptual' 8.989145657396117 14.628416344722703
 1.1694915254237288 115 8 0 19 46.18856218474385]
[0.0 'Conceptual' 8.989145657396117 14.628416344722703 0.0 115 8 1 0 0.0]
[4.826490724242375 'Conceptual' 8.989145657396117 14.628416344722703
 10.169491525423728 115 8 1 1 4.826490724242375]
[8.02264141471856 'Conceptual' 8.989145657396117 14.628416344722703
 5.7627118644067785 115 8 1 2 8.02264141471856]
[11.535039454274692 'Conceptual' 8.989145657396117 14.628416344722703
 4.491525423728812 115 8 1 3 11.535039454274692]
[15.22824024287952 'Conceptual' 8.989145657396117 14.628416344722703
 3.0338983050847457 115 8 1 4 15.22824024287952]
[17.98922333459827 'Conceptual' 8.989145657396117 14.628416344722703
 2.694915254237288 115 8 1 5 17.98922333459827]
[21.551751025442496 'Conceptual' 8.989145657396117 14.628416344722703
 2.694915254237288 115 8 1 6 21.551751025442496]
[24.968389666638693 'Conceptual' 8.989145657396117 14.628416344722703
 2.542372881355932 115 8 1 7 24.968389666638693]
[27.610443529865552 'Conceptual' 8.989145657396117 14.628416344722703
 2.2881355932203387 115 8 1 8 27.610443529865552]
[29.883467680100853 'Conceptual' 8.989145657396117 14.628416344722703
 2.084745762711864 115 8 1 9 29.883467680100853]
[31.930881505957625 'Conceptual' 8.989145657396117 14.628416344722703
 1.983050847457627 115 8 1 10 31.930881505957625]
[33.720697171744746 'Conceptual' 8.989145657396117 14.628416344722703
 1.7457627118644066 115 8 1 11 33.720697171744746]
[35.304884982309105 'Conceptual' 8.989145657396117 14.628416344722703
 1.6101694915254237 115 8 1 12 35.304884982309105]
[36.974013643834574 'Conceptual' 8.989145657396117 14.628416344722703
 1.5084745762711864 115 8 1 13 36.974013643834574]
[38.44028018316182 'Conceptual' 8.989145657396117 14.628416344722703
 1.406779661016949 115 8 1 14 38.44028018316182]
[39.709682856882864 'Conceptual' 8.989145657396117 14.628416344722703
 1.3389830508474576 115 8 1 15 39.709682856882864]
[40.80061063358371 'Conceptual' 8.989145657396117 14.628416344722703
 1.2372881355932202 115 8 1 16 40.80061063358371]
[41.776185127610745 'Conceptual' 8.989145657396117 14.628416344722703
 1.1864406779661016 115 8 1 17 41.776185127610745]
[42.71199488306146 'Conceptual' 8.989145657396117 14.628416344722703
 1.1694915254237288 115 8 1 18 42.71199488306146]
[46.18856218474385 'Conceptual' 8.989145657396117 14.628416344722703
 1.1694915254237288 115 8 1 19 46.18856218474385]
[0.0 'Conceptual' 8.989145657396117 14.628416344722703 0.0 115 8 2 0 0.0]
[4.826490724242375 'Conceptual' 8.989145657396117 14.628416344722703
 10.169491525423728 115 8 2 1 4.826490724242375]
[8.02264141471856 'Conceptual' 8.989145657396117 14.628416344722703
 5.7627118644067785 115 8 2 2 8.02264141471856]
[11.535039454274692 'Conceptual' 8.989145657396117 14.628416344722703
 4.491525423728812 115 8 2 3 11.535039454274692]
[15.22824024287952 'Conceptual' 8.989145657396117 14.628416344722703
 3.0338983050847457 115 8 2 4 15.22824024287952]
[17.98922333459827 'Conceptual' 8.989145657396117 14.628416344722703
 2.694915254237288 115 8 2 5 17.98922333459827]
[21.551751025442496 'Conceptual' 8.989145657396117 14.628416344722703
 2.694915254237288 115 8 2 6 21.551751025442496]
[24.968389666638693 'Conceptual' 8.989145657396117 14.628416344722703
 2.542372881355932 115 8 2 7 24.968389666638693]
[27.610443529865552 'Conceptual' 8.989145657396117 14.628416344722703
 2.2881355932203387 115 8 2 8 27.610443529865552]
[29.883467680100853 'Conceptual' 8.989145657396117 14.628416344722703
 2.084745762711864 115 8 2 9 29.883467680100853]
[31.930881505957625 'Conceptual' 8.989145657396117 14.628416344722703
 1.983050847457627 115 8 2 10 31.930881505957625]
[33.720697171744746 'Conceptual' 8.989145657396117 14.628416344722703
 1.7457627118644066 115 8 2 11 33.720697171744746]
[35.304884982309105 'Conceptual' 8.989145657396117 14.628416344722703
 1.6101694915254237 115 8 2 12 35.304884982309105]
[36.974013643834574 'Conceptual' 8.989145657396117 14.628416344722703
 1.5084745762711864 115 8 2 13 36.974013643834574]
[38.44028018316182 'Conceptual' 8.989145657396117 14.628416344722703
 1.406779661016949 115 8 2 14 38.44028018316182]
[39.709682856882864 'Conceptual' 8.989145657396117 14.628416344722703
 1.3389830508474576 115 8 2 15 39.709682856882864]
[40.80061063358371 'Conceptual' 8.989145657396117 14.628416344722703
 1.2372881355932202 115 8 2 16 40.80061063358371]
[41.776185127610745 'Conceptual' 8.989145657396117 14.628416344722703
 1.1864406779661016 115 8 2 17 41.776185127610745]
[42.71199488306146 'Conceptual' 8.989145657396117 14.628416344722703
 1.1694915254237288 115 8 2 18 42.71199488306146]
[46.18856218474385 'Conceptual' 8.989145657396117 14.628416344722703
 1.1694915254237288 115 8 2 19 46.18856218474385]
[0.0 'Conceptual' 8.989145657396117 14.628416344722703 0.0 115 8 3 0 0.0]
[4.826490724242375 'Conceptual' 8.989145657396117 14.628416344722703
 10.169491525423728 115 8 3 1 4.826490724242375]
[8.02264141471856 'Conceptual' 8.989145657396117 14.628416344722703
 5.7627118644067785 115 8 3 2 8.02264141471856]
[11.535039454274692 'Conceptual' 8.989145657396117 14.628416344722703
 4.491525423728812 115 8 3 3 11.535039454274692]
[15.22824024287952 'Conceptual' 8.989145657396117 14.628416344722703
 3.0338983050847457 115 8 3 4 15.22824024287952]
[17.98922333459827 'Conceptual' 8.989145657396117 14.628416344722703
 2.694915254237288 115 8 3 5 17.98922333459827]
[21.551751025442496 'Conceptual' 8.989145657396117 14.628416344722703
 2.694915254237288 115 8 3 6 21.551751025442496]
[24.968389666638693 'Conceptual' 8.989145657396117 14.628416344722703
 2.542372881355932 115 8 3 7 24.968389666638693]
[27.610443529865552 'Conceptual' 8.989145657396117 14.628416344722703
 2.2881355932203387 115 8 3 8 27.610443529865552]
[29.883467680100853 'Conceptual' 8.989145657396117 14.628416344722703
 2.084745762711864 115 8 3 9 29.883467680100853]
[31.930881505957625 'Conceptual' 8.989145657396117 14.628416344722703
 1.983050847457627 115 8 3 10 31.930881505957625]
[33.720697171744746 'Conceptual' 8.989145657396117 14.628416344722703
 1.7457627118644066 115 8 3 11 33.720697171744746]
[35.304884982309105 'Conceptual' 8.989145657396117 14.628416344722703
 1.6101694915254237 115 8 3 12 35.304884982309105]
[36.974013643834574 'Conceptual' 8.989145657396117 14.628416344722703
 1.5084745762711864 115 8 3 13 36.974013643834574]
[38.44028018316182 'Conceptual' 8.989145657396117 14.628416344722703
 1.406779661016949 115 8 3 14 38.44028018316182]
[39.709682856882864 'Conceptual' 8.989145657396117 14.628416344722703
 1.3389830508474576 115 8 3 15 39.709682856882864]
[40.80061063358371 'Conceptual' 8.989145657396117 14.628416344722703
 1.2372881355932202 115 8 3 16 40.80061063358371]
[41.776185127610745 'Conceptual' 8.989145657396117 14.628416344722703
 1.1864406779661016 115 8 3 17 41.776185127610745]
[42.71199488306146 'Conceptual' 8.989145657396117 14.628416344722703
 1.1694915254237288 115 8 3 18 42.71199488306146]
[46.18856218474385 'Conceptual' 8.989145657396117 14.628416344722703
 1.1694915254237288 115 8 3 19 46.18856218474385]
[0.0 'Conceptual' 8.989145657396117 14.628416344722703 0.0 115 8 4 0 0.0]
[4.826490724242375 'Conceptual' 8.989145657396117 14.628416344722703
 10.169491525423728 115 8 4 1 4.826490724242375]
[8.02264141471856 'Conceptual' 8.989145657396117 14.628416344722703
 5.7627118644067785 115 8 4 2 8.02264141471856]
[11.535039454274692 'Conceptual' 8.989145657396117 14.628416344722703
 4.491525423728812 115 8 4 3 11.535039454274692]
[15.22824024287952 'Conceptual' 8.989145657396117 14.628416344722703
 3.0338983050847457 115 8 4 4 15.22824024287952]
[17.98922333459827 'Conceptual' 8.989145657396117 14.628416344722703
 2.694915254237288 115 8 4 5 17.98922333459827]
[21.551751025442496 'Conceptual' 8.989145657396117 14.628416344722703
 2.694915254237288 115 8 4 6 21.551751025442496]
[24.968389666638693 'Conceptual' 8.989145657396117 14.628416344722703
 2.542372881355932 115 8 4 7 24.968389666638693]
[27.610443529865552 'Conceptual' 8.989145657396117 14.628416344722703
 2.2881355932203387 115 8 4 8 27.610443529865552]
[29.883467680100853 'Conceptual' 8.989145657396117 14.628416344722703
 2.084745762711864 115 8 4 9 29.883467680100853]
[31.930881505957625 'Conceptual' 8.989145657396117 14.628416344722703
 1.983050847457627 115 8 4 10 31.930881505957625]
[33.720697171744746 'Conceptual' 8.989145657396117 14.628416344722703
 1.7457627118644066 115 8 4 11 33.720697171744746]
[35.304884982309105 'Conceptual' 8.989145657396117 14.628416344722703
 1.6101694915254237 115 8 4 12 35.304884982309105]
[36.974013643834574 'Conceptual' 8.989145657396117 14.628416344722703
 1.5084745762711864 115 8 4 13 36.974013643834574]
[38.44028018316182 'Conceptual' 8.989145657396117 14.628416344722703
 1.406779661016949 115 8 4 14 38.44028018316182]
[39.709682856882864 'Conceptual' 8.989145657396117 14.628416344722703
 1.3389830508474576 115 8 4 15 39.709682856882864]
[40.80061063358371 'Conceptual' 8.989145657396117 14.628416344722703
 1.2372881355932202 115 8 4 16 40.80061063358371]
[41.776185127610745 'Conceptual' 8.989145657396117 14.628416344722703
 1.1864406779661016 115 8 4 17 41.776185127610745]
[42.71199488306146 'Conceptual' 8.989145657396117 14.628416344722703
 1.1694915254237288 115 8 4 18 42.71199488306146]
[46.18856218474385 'Conceptual' 8.989145657396117 14.628416344722703
 1.1694915254237288 115 8 4 19 46.18856218474385]
[0.0 'Conceptual' 8.989145657396117 14.628416344722703 0.0 115 8 5 0 0.0]
[4.826490724242375 'Conceptual' 8.989145657396117 14.628416344722703
 10.169491525423728 115 8 5 1 4.826490724242375]
[8.02264141471856 'Conceptual' 8.989145657396117 14.628416344722703
 5.7627118644067785 115 8 5 2 8.02264141471856]
[11.535039454274692 'Conceptual' 8.989145657396117 14.628416344722703
 4.491525423728812 115 8 5 3 11.535039454274692]
[15.22824024287952 'Conceptual' 8.989145657396117 14.628416344722703
 3.0338983050847457 115 8 5 4 15.22824024287952]
[17.98922333459827 'Conceptual' 8.989145657396117 14.628416344722703
 2.694915254237288 115 8 5 5 17.98922333459827]
[21.551751025442496 'Conceptual' 8.989145657396117 14.628416344722703
 2.694915254237288 115 8 5 6 21.551751025442496]
[24.968389666638693 'Conceptual' 8.989145657396117 14.628416344722703
 2.542372881355932 115 8 5 7 24.968389666638693]
[27.610443529865552 'Conceptual' 8.989145657396117 14.628416344722703
 2.2881355932203387 115 8 5 8 27.610443529865552]
[29.883467680100853 'Conceptual' 8.989145657396117 14.628416344722703
 2.084745762711864 115 8 5 9 29.883467680100853]
[31.930881505957625 'Conceptual' 8.989145657396117 14.628416344722703
 1.983050847457627 115 8 5 10 31.930881505957625]
[33.720697171744746 'Conceptual' 8.989145657396117 14.628416344722703
 1.7457627118644066 115 8 5 11 33.720697171744746]
[35.304884982309105 'Conceptual' 8.989145657396117 14.628416344722703
 1.6101694915254237 115 8 5 12 35.304884982309105]
[36.974013643834574 'Conceptual' 8.989145657396117 14.628416344722703
 1.5084745762711864 115 8 5 13 36.974013643834574]
[38.44028018316182 'Conceptual' 8.989145657396117 14.628416344722703
 1.406779661016949 115 8 5 14 38.44028018316182]
[39.709682856882864 'Conceptual' 8.989145657396117 14.628416344722703
 1.3389830508474576 115 8 5 15 39.709682856882864]
[40.80061063358371 'Conceptual' 8.989145657396117 14.628416344722703
 1.2372881355932202 115 8 5 16 40.80061063358371]
[41.776185127610745 'Conceptual' 8.989145657396117 14.628416344722703
 1.1864406779661016 115 8 5 17 41.776185127610745]
[42.71199488306146 'Conceptual' 8.989145657396117 14.628416344722703
 1.1694915254237288 115 8 5 18 42.71199488306146]
[46.18856218474385 'Conceptual' 8.989145657396117 14.628416344722703
 1.1694915254237288 115 8 5 19 46.18856218474385]
[0.0 'Conceptual' 8.989145657396117 14.628416344722703 0.0 115 8 6 0 0.0]
[4.826490724242375 'Conceptual' 8.989145657396117 14.628416344722703
 10.169491525423728 115 8 6 1 4.826490724242375]
[8.02264141471856 'Conceptual' 8.989145657396117 14.628416344722703
 5.7627118644067785 115 8 6 2 8.02264141471856]
[11.535039454274692 'Conceptual' 8.989145657396117 14.628416344722703
 4.491525423728812 115 8 6 3 11.535039454274692]
[15.22824024287952 'Conceptual' 8.989145657396117 14.628416344722703
 3.0338983050847457 115 8 6 4 15.22824024287952]
[17.98922333459827 'Conceptual' 8.989145657396117 14.628416344722703
 2.694915254237288 115 8 6 5 17.98922333459827]
[21.551751025442496 'Conceptual' 8.989145657396117 14.628416344722703
 2.694915254237288 115 8 6 6 21.551751025442496]
[24.968389666638693 'Conceptual' 8.989145657396117 14.628416344722703
 2.542372881355932 115 8 6 7 24.968389666638693]
[27.610443529865552 'Conceptual' 8.989145657396117 14.628416344722703
 2.2881355932203387 115 8 6 8 27.610443529865552]
[29.883467680100853 'Conceptual' 8.989145657396117 14.628416344722703
 2.084745762711864 115 8 6 9 29.883467680100853]
[31.930881505957625 'Conceptual' 8.989145657396117 14.628416344722703
 1.983050847457627 115 8 6 10 31.930881505957625]
[33.720697171744746 'Conceptual' 8.989145657396117 14.628416344722703
 1.7457627118644066 115 8 6 11 33.720697171744746]
[35.304884982309105 'Conceptual' 8.989145657396117 14.628416344722703
 1.6101694915254237 115 8 6 12 35.304884982309105]
[36.974013643834574 'Conceptual' 8.989145657396117 14.628416344722703
 1.5084745762711864 115 8 6 13 36.974013643834574]
[38.44028018316182 'Conceptual' 8.989145657396117 14.628416344722703
 1.406779661016949 115 8 6 14 38.44028018316182]
[39.709682856882864 'Conceptual' 8.989145657396117 14.628416344722703
 1.3389830508474576 115 8 6 15 39.709682856882864]
[40.80061063358371 'Conceptual' 8.989145657396117 14.628416344722703
 1.2372881355932202 115 8 6 16 40.80061063358371]
[41.776185127610745 'Conceptual' 8.989145657396117 14.628416344722703
 1.1864406779661016 115 8 6 17 41.776185127610745]
[42.71199488306146 'Conceptual' 8.989145657396117 14.628416344722703
 1.1694915254237288 115 8 6 18 42.71199488306146]
[46.18856218474385 'Conceptual' 8.989145657396117 14.628416344722703
 1.1694915254237288 115 8 6 19 46.18856218474385]
[0.0 'Conceptual' 8.989145657396117 14.628416344722703 0.0 115 8 7 0 0.0]
[4.826490724242375 'Conceptual' 8.989145657396117 14.628416344722703
 10.169491525423728 115 8 7 1 4.826490724242375]
[8.02264141471856 'Conceptual' 8.989145657396117 14.628416344722703
 5.7627118644067785 115 8 7 2 8.02264141471856]
[11.535039454274692 'Conceptual' 8.989145657396117 14.628416344722703
 4.491525423728812 115 8 7 3 11.535039454274692]
[15.22824024287952 'Conceptual' 8.989145657396117 14.628416344722703
 3.0338983050847457 115 8 7 4 15.22824024287952]
[17.98922333459827 'Conceptual' 8.989145657396117 14.628416344722703
 2.694915254237288 115 8 7 5 17.98922333459827]
[21.551751025442496 'Conceptual' 8.989145657396117 14.628416344722703
 2.694915254237288 115 8 7 6 21.551751025442496]
[24.968389666638693 'Conceptual' 8.989145657396117 14.628416344722703
 2.542372881355932 115 8 7 7 24.968389666638693]
[27.610443529865552 'Conceptual' 8.989145657396117 14.628416344722703
 2.2881355932203387 115 8 7 8 27.610443529865552]
[29.883467680100853 'Conceptual' 8.989145657396117 14.628416344722703
 2.084745762711864 115 8 7 9 29.883467680100853]
[31.930881505957625 'Conceptual' 8.989145657396117 14.628416344722703
 1.983050847457627 115 8 7 10 31.930881505957625]
[33.720697171744746 'Conceptual' 8.989145657396117 14.628416344722703
 1.7457627118644066 115 8 7 11 33.720697171744746]
[35.304884982309105 'Conceptual' 8.989145657396117 14.628416344722703
 1.6101694915254237 115 8 7 12 35.304884982309105]
[36.974013643834574 'Conceptual' 8.989145657396117 14.628416344722703
 1.5084745762711864 115 8 7 13 36.974013643834574]
[38.44028018316182 'Conceptual' 8.989145657396117 14.628416344722703
 1.406779661016949 115 8 7 14 38.44028018316182]
[39.709682856882864 'Conceptual' 8.989145657396117 14.628416344722703
 1.3389830508474576 115 8 7 15 39.709682856882864]
[40.80061063358371 'Conceptual' 8.989145657396117 14.628416344722703
 1.2372881355932202 115 8 7 16 40.80061063358371]
[41.776185127610745 'Conceptual' 8.989145657396117 14.628416344722703
 1.1864406779661016 115 8 7 17 41.776185127610745]
[42.71199488306146 'Conceptual' 8.989145657396117 14.628416344722703
 1.1694915254237288 115 8 7 18 42.71199488306146]
[46.18856218474385 'Conceptual' 8.989145657396117 14.628416344722703
 1.1694915254237288 115 8 7 19 46.18856218474385]
