[0.0 'Spatial' 0.3875026515002488 0.000526477511783077 0.0 116 1 0 0 0.0]
[4.158880679349213 'Spatial' 0.3875026515002488 0.000526477511783077
 2.016949152542373 116 1 0 1 4.158880679349213]
[8.046370837268856 'Spatial' 0.3875026515002488 0.000526477511783077
 0.28135593220338984 116 1 0 2 8.046370837268856]
[12.211179448306133 'Spatial' 0.3875026515002488 0.000526477511783077
 0.28135593220338984 116 1 0 3 12.211179448306133]
[16.375775114978204 'Spatial' 0.3875026515002488 0.000526477511783077
 0.28135593220338984 116 1 0 4 16.375775114978204]
[19.71180854579438 'Spatial' 0.3875026515002488 0.000526477511783077
 0.28135593220338984 116 1 0 5 19.71180854579438]
[23.58517148553993 'Spatial' 0.3875026515002488 0.000526477511783077
 0.28135593220338984 116 1 0 6 23.58517148553993]
[27.762611973735524 'Spatial' 0.3875026515002488 0.000526477511783077
 0.28135593220338984 116 1 0 7 27.762611973735524]
[31.271150152644914 'Spatial' 0.3875026515002488 0.000526477511783077
 0.28135593220338984 116 1 0 8 31.271150152644914]
[34.97406618343295 'Spatial' 0.3875026515002488 0.000526477511783077
 0.6610169491525423 116 1 0 9 34.97406618343295]
[38.57770306376804 'Spatial' 0.3875026515002488 0.000526477511783077
 0.8983050847457626 116 1 0 10 38.57770306376804]
[42.953396607765605 'Spatial' 0.3875026515002488 0.000526477511783077
 0.847457627118644 116 1 0 11 42.953396607765605]
[47.28626637882875 'Spatial' 0.3875026515002488 0.000526477511783077
 0.7627118644067796 116 1 0 12 47.28626637882875]
[51.59938049927657 'Spatial' 0.3875026515002488 0.000526477511783077
 0.6779661016949152 116 1 0 13 51.59938049927657]
[55.84590920168009 'Spatial' 0.3875026515002488 0.000526477511783077
 0.6610169491525423 116 1 0 14 55.84590920168009]
[60.10837756707461 'Spatial' 0.3875026515002488 0.000526477511783077
 0.5932203389830508 116 1 0 15 60.10837756707461]
[63.36858909340638 'Spatial' 0.3875026515002488 0.000526477511783077
 0.7627118644067796 116 1 0 16 63.36858909340638]
[66.7513111333069 'Spatial' 0.3875026515002488 0.000526477511783077
 0.847457627118644 116 1 0 17 66.7513111333069]
[70.14679071898766 'Spatial' 0.3875026515002488 0.000526477511783077
 0.847457627118644 116 1 0 18 70.14679071898766]
[74.28625354050679 'Spatial' 0.3875026515002488 0.000526477511783077
 0.8305084745762711 116 1 0 19 74.28625354050679]
[0.0 'Spatial' 0.3875026515002488 0.000526477511783077 0.0 116 1 2 0 0.0]
[4.158880679349213 'Spatial' 0.3875026515002488 0.000526477511783077
 2.016949152542373 116 1 2 1 4.158880679349213]
[8.046370837268856 'Spatial' 0.3875026515002488 0.000526477511783077
 0.28135593220338984 116 1 2 2 8.046370837268856]
[12.211179448306133 'Spatial' 0.3875026515002488 0.000526477511783077
 0.28135593220338984 116 1 2 3 12.211179448306133]
[16.375775114978204 'Spatial' 0.3875026515002488 0.000526477511783077
 0.28135593220338984 116 1 2 4 16.375775114978204]
[19.71180854579438 'Spatial' 0.3875026515002488 0.000526477511783077
 0.28135593220338984 116 1 2 5 19.71180854579438]
[23.58517148553993 'Spatial' 0.3875026515002488 0.000526477511783077
 0.28135593220338984 116 1 2 6 23.58517148553993]
[27.762611973735524 'Spatial' 0.3875026515002488 0.000526477511783077
 0.28135593220338984 116 1 2 7 27.762611973735524]
[31.271150152644914 'Spatial' 0.3875026515002488 0.000526477511783077
 0.28135593220338984 116 1 2 8 31.271150152644914]
[34.97406618343295 'Spatial' 0.3875026515002488 0.000526477511783077
 0.6610169491525423 116 1 2 9 34.97406618343295]
[38.57770306376804 'Spatial' 0.3875026515002488 0.000526477511783077
 0.8983050847457626 116 1 2 10 38.57770306376804]
[42.953396607765605 'Spatial' 0.3875026515002488 0.000526477511783077
 0.847457627118644 116 1 2 11 42.953396607765605]
[47.28626637882875 'Spatial' 0.3875026515002488 0.000526477511783077
 0.7627118644067796 116 1 2 12 47.28626637882875]
[51.59938049927657 'Spatial' 0.3875026515002488 0.000526477511783077
 0.6779661016949152 116 1 2 13 51.59938049927657]
[55.84590920168009 'Spatial' 0.3875026515002488 0.000526477511783077
 0.6610169491525423 116 1 2 14 55.84590920168009]
[60.10837756707461 'Spatial' 0.3875026515002488 0.000526477511783077
 0.5932203389830508 116 1 2 15 60.10837756707461]
[63.36858909340638 'Spatial' 0.3875026515002488 0.000526477511783077
 0.7627118644067796 116 1 2 16 63.36858909340638]
[66.7513111333069 'Spatial' 0.3875026515002488 0.000526477511783077
 0.847457627118644 116 1 2 17 66.7513111333069]
[70.14679071898766 'Spatial' 0.3875026515002488 0.000526477511783077
 0.847457627118644 116 1 2 18 70.14679071898766]
[74.28625354050679 'Spatial' 0.3875026515002488 0.000526477511783077
 0.8305084745762711 116 1 2 19 74.28625354050679]
[0.0 'Spatial' 0.3875026515002488 0.000526477511783077 0.0 116 1 3 0 0.0]
[4.158880679349213 'Spatial' 0.3875026515002488 0.000526477511783077
 2.016949152542373 116 1 3 1 4.158880679349213]
[8.046370837268856 'Spatial' 0.3875026515002488 0.000526477511783077
 0.28135593220338984 116 1 3 2 8.046370837268856]
[12.211179448306133 'Spatial' 0.3875026515002488 0.000526477511783077
 0.28135593220338984 116 1 3 3 12.211179448306133]
[16.375775114978204 'Spatial' 0.3875026515002488 0.000526477511783077
 0.28135593220338984 116 1 3 4 16.375775114978204]
[19.71180854579438 'Spatial' 0.3875026515002488 0.000526477511783077
 0.28135593220338984 116 1 3 5 19.71180854579438]
[23.58517148553993 'Spatial' 0.3875026515002488 0.000526477511783077
 0.28135593220338984 116 1 3 6 23.58517148553993]
[27.762611973735524 'Spatial' 0.3875026515002488 0.000526477511783077
 0.28135593220338984 116 1 3 7 27.762611973735524]
[31.271150152644914 'Spatial' 0.3875026515002488 0.000526477511783077
 0.28135593220338984 116 1 3 8 31.271150152644914]
[34.97406618343295 'Spatial' 0.3875026515002488 0.000526477511783077
 0.6610169491525423 116 1 3 9 34.97406618343295]
[38.57770306376804 'Spatial' 0.3875026515002488 0.000526477511783077
 0.8983050847457626 116 1 3 10 38.57770306376804]
[42.953396607765605 'Spatial' 0.3875026515002488 0.000526477511783077
 0.847457627118644 116 1 3 11 42.953396607765605]
[47.28626637882875 'Spatial' 0.3875026515002488 0.000526477511783077
 0.7627118644067796 116 1 3 12 47.28626637882875]
[51.59938049927657 'Spatial' 0.3875026515002488 0.000526477511783077
 0.6779661016949152 116 1 3 13 51.59938049927657]
[55.84590920168009 'Spatial' 0.3875026515002488 0.000526477511783077
 0.6610169491525423 116 1 3 14 55.84590920168009]
[60.10837756707461 'Spatial' 0.3875026515002488 0.000526477511783077
 0.5932203389830508 116 1 3 15 60.10837756707461]
[63.36858909340638 'Spatial' 0.3875026515002488 0.000526477511783077
 0.7627118644067796 116 1 3 16 63.36858909340638]
[66.7513111333069 'Spatial' 0.3875026515002488 0.000526477511783077
 0.847457627118644 116 1 3 17 66.7513111333069]
[70.14679071898766 'Spatial' 0.3875026515002488 0.000526477511783077
 0.847457627118644 116 1 3 18 70.14679071898766]
[74.28625354050679 'Spatial' 0.3875026515002488 0.000526477511783077
 0.8305084745762711 116 1 3 19 74.28625354050679]
[0.0 'Spatial' 0.3875026515002488 0.000526477511783077 0.0 116 1 4 0 0.0]
[4.158880679349213 'Spatial' 0.3875026515002488 0.000526477511783077
 2.016949152542373 116 1 4 1 4.158880679349213]
[8.046370837268856 'Spatial' 0.3875026515002488 0.000526477511783077
 0.28135593220338984 116 1 4 2 8.046370837268856]
[12.211179448306133 'Spatial' 0.3875026515002488 0.000526477511783077
 0.28135593220338984 116 1 4 3 12.211179448306133]
[16.375775114978204 'Spatial' 0.3875026515002488 0.000526477511783077
 0.28135593220338984 116 1 4 4 16.375775114978204]
[19.71180854579438 'Spatial' 0.3875026515002488 0.000526477511783077
 0.28135593220338984 116 1 4 5 19.71180854579438]
[23.58517148553993 'Spatial' 0.3875026515002488 0.000526477511783077
 0.28135593220338984 116 1 4 6 23.58517148553993]
[27.762611973735524 'Spatial' 0.3875026515002488 0.000526477511783077
 0.28135593220338984 116 1 4 7 27.762611973735524]
[31.271150152644914 'Spatial' 0.3875026515002488 0.000526477511783077
 0.28135593220338984 116 1 4 8 31.271150152644914]
[34.97406618343295 'Spatial' 0.3875026515002488 0.000526477511783077
 0.6610169491525423 116 1 4 9 34.97406618343295]
[38.57770306376804 'Spatial' 0.3875026515002488 0.000526477511783077
 0.8983050847457626 116 1 4 10 38.57770306376804]
[42.953396607765605 'Spatial' 0.3875026515002488 0.000526477511783077
 0.847457627118644 116 1 4 11 42.953396607765605]
[47.28626637882875 'Spatial' 0.3875026515002488 0.000526477511783077
 0.7627118644067796 116 1 4 12 47.28626637882875]
[51.59938049927657 'Spatial' 0.3875026515002488 0.000526477511783077
 0.6779661016949152 116 1 4 13 51.59938049927657]
[55.84590920168009 'Spatial' 0.3875026515002488 0.000526477511783077
 0.6610169491525423 116 1 4 14 55.84590920168009]
[60.10837756707461 'Spatial' 0.3875026515002488 0.000526477511783077
 0.5932203389830508 116 1 4 15 60.10837756707461]
[63.36858909340638 'Spatial' 0.3875026515002488 0.000526477511783077
 0.7627118644067796 116 1 4 16 63.36858909340638]
[66.7513111333069 'Spatial' 0.3875026515002488 0.000526477511783077
 0.847457627118644 116 1 4 17 66.7513111333069]
[70.14679071898766 'Spatial' 0.3875026515002488 0.000526477511783077
 0.847457627118644 116 1 4 18 70.14679071898766]
[74.28625354050679 'Spatial' 0.3875026515002488 0.000526477511783077
 0.8305084745762711 116 1 4 19 74.28625354050679]
[0.0 'Spatial' 0.3875026515002488 0.000526477511783077 0.0 116 1 5 0 0.0]
[4.158880679349213 'Spatial' 0.3875026515002488 0.000526477511783077
 2.016949152542373 116 1 5 1 4.158880679349213]
[8.046370837268856 'Spatial' 0.3875026515002488 0.000526477511783077
 0.28135593220338984 116 1 5 2 8.046370837268856]
[12.211179448306133 'Spatial' 0.3875026515002488 0.000526477511783077
 0.28135593220338984 116 1 5 3 12.211179448306133]
[16.375775114978204 'Spatial' 0.3875026515002488 0.000526477511783077
 0.28135593220338984 116 1 5 4 16.375775114978204]
[19.71180854579438 'Spatial' 0.3875026515002488 0.000526477511783077
 0.28135593220338984 116 1 5 5 19.71180854579438]
[23.58517148553993 'Spatial' 0.3875026515002488 0.000526477511783077
 0.28135593220338984 116 1 5 6 23.58517148553993]
[27.762611973735524 'Spatial' 0.3875026515002488 0.000526477511783077
 0.28135593220338984 116 1 5 7 27.762611973735524]
[31.271150152644914 'Spatial' 0.3875026515002488 0.000526477511783077
 0.28135593220338984 116 1 5 8 31.271150152644914]
[34.97406618343295 'Spatial' 0.3875026515002488 0.000526477511783077
 0.6610169491525423 116 1 5 9 34.97406618343295]
[38.57770306376804 'Spatial' 0.3875026515002488 0.000526477511783077
 0.8983050847457626 116 1 5 10 38.57770306376804]
[42.953396607765605 'Spatial' 0.3875026515002488 0.000526477511783077
 0.847457627118644 116 1 5 11 42.953396607765605]
[47.28626637882875 'Spatial' 0.3875026515002488 0.000526477511783077
 0.7627118644067796 116 1 5 12 47.28626637882875]
[51.59938049927657 'Spatial' 0.3875026515002488 0.000526477511783077
 0.6779661016949152 116 1 5 13 51.59938049927657]
[55.84590920168009 'Spatial' 0.3875026515002488 0.000526477511783077
 0.6610169491525423 116 1 5 14 55.84590920168009]
[60.10837756707461 'Spatial' 0.3875026515002488 0.000526477511783077
 0.5932203389830508 116 1 5 15 60.10837756707461]
[63.36858909340638 'Spatial' 0.3875026515002488 0.000526477511783077
 0.7627118644067796 116 1 5 16 63.36858909340638]
[66.7513111333069 'Spatial' 0.3875026515002488 0.000526477511783077
 0.847457627118644 116 1 5 17 66.7513111333069]
[70.14679071898766 'Spatial' 0.3875026515002488 0.000526477511783077
 0.847457627118644 116 1 5 18 70.14679071898766]
[74.28625354050679 'Spatial' 0.3875026515002488 0.000526477511783077
 0.8305084745762711 116 1 5 19 74.28625354050679]
[0.0 'Spatial' 0.3875026515002488 0.000526477511783077 0.0 116 1 6 0 0.0]
[4.158880679349213 'Spatial' 0.3875026515002488 0.000526477511783077
 2.016949152542373 116 1 6 1 4.158880679349213]
[8.046370837268856 'Spatial' 0.3875026515002488 0.000526477511783077
 0.28135593220338984 116 1 6 2 8.046370837268856]
[12.211179448306133 'Spatial' 0.3875026515002488 0.000526477511783077
 0.28135593220338984 116 1 6 3 12.211179448306133]
[16.375775114978204 'Spatial' 0.3875026515002488 0.000526477511783077
 0.28135593220338984 116 1 6 4 16.375775114978204]
[19.71180854579438 'Spatial' 0.3875026515002488 0.000526477511783077
 0.28135593220338984 116 1 6 5 19.71180854579438]
[23.58517148553993 'Spatial' 0.3875026515002488 0.000526477511783077
 0.28135593220338984 116 1 6 6 23.58517148553993]
[27.762611973735524 'Spatial' 0.3875026515002488 0.000526477511783077
 0.28135593220338984 116 1 6 7 27.762611973735524]
[31.271150152644914 'Spatial' 0.3875026515002488 0.000526477511783077
 0.28135593220338984 116 1 6 8 31.271150152644914]
[34.97406618343295 'Spatial' 0.3875026515002488 0.000526477511783077
 0.6610169491525423 116 1 6 9 34.97406618343295]
[38.57770306376804 'Spatial' 0.3875026515002488 0.000526477511783077
 0.8983050847457626 116 1 6 10 38.57770306376804]
[42.953396607765605 'Spatial' 0.3875026515002488 0.000526477511783077
 0.847457627118644 116 1 6 11 42.953396607765605]
[47.28626637882875 'Spatial' 0.3875026515002488 0.000526477511783077
 0.7627118644067796 116 1 6 12 47.28626637882875]
[51.59938049927657 'Spatial' 0.3875026515002488 0.000526477511783077
 0.6779661016949152 116 1 6 13 51.59938049927657]
[55.84590920168009 'Spatial' 0.3875026515002488 0.000526477511783077
 0.6610169491525423 116 1 6 14 55.84590920168009]
[60.10837756707461 'Spatial' 0.3875026515002488 0.000526477511783077
 0.5932203389830508 116 1 6 15 60.10837756707461]
[63.36858909340638 'Spatial' 0.3875026515002488 0.000526477511783077
 0.7627118644067796 116 1 6 16 63.36858909340638]
[66.7513111333069 'Spatial' 0.3875026515002488 0.000526477511783077
 0.847457627118644 116 1 6 17 66.7513111333069]
[70.14679071898766 'Spatial' 0.3875026515002488 0.000526477511783077
 0.847457627118644 116 1 6 18 70.14679071898766]
[74.28625354050679 'Spatial' 0.3875026515002488 0.000526477511783077
 0.8305084745762711 116 1 6 19 74.28625354050679]
[0.0 'Spatial' 0.3875026515002488 0.000526477511783077 0.0 116 1 7 0 0.0]
[4.158880679349213 'Spatial' 0.3875026515002488 0.000526477511783077
 2.016949152542373 116 1 7 1 4.158880679349213]
[8.046370837268856 'Spatial' 0.3875026515002488 0.000526477511783077
 0.28135593220338984 116 1 7 2 8.046370837268856]
[12.211179448306133 'Spatial' 0.3875026515002488 0.000526477511783077
 0.28135593220338984 116 1 7 3 12.211179448306133]
[16.375775114978204 'Spatial' 0.3875026515002488 0.000526477511783077
 0.28135593220338984 116 1 7 4 16.375775114978204]
[19.71180854579438 'Spatial' 0.3875026515002488 0.000526477511783077
 0.28135593220338984 116 1 7 5 19.71180854579438]
[23.58517148553993 'Spatial' 0.3875026515002488 0.000526477511783077
 0.28135593220338984 116 1 7 6 23.58517148553993]
[27.762611973735524 'Spatial' 0.3875026515002488 0.000526477511783077
 0.28135593220338984 116 1 7 7 27.762611973735524]
[31.271150152644914 'Spatial' 0.3875026515002488 0.000526477511783077
 0.28135593220338984 116 1 7 8 31.271150152644914]
[34.97406618343295 'Spatial' 0.3875026515002488 0.000526477511783077
 0.6610169491525423 116 1 7 9 34.97406618343295]
[38.57770306376804 'Spatial' 0.3875026515002488 0.000526477511783077
 0.8983050847457626 116 1 7 10 38.57770306376804]
[42.953396607765605 'Spatial' 0.3875026515002488 0.000526477511783077
 0.847457627118644 116 1 7 11 42.953396607765605]
[47.28626637882875 'Spatial' 0.3875026515002488 0.000526477511783077
 0.7627118644067796 116 1 7 12 47.28626637882875]
[51.59938049927657 'Spatial' 0.3875026515002488 0.000526477511783077
 0.6779661016949152 116 1 7 13 51.59938049927657]
[55.84590920168009 'Spatial' 0.3875026515002488 0.000526477511783077
 0.6610169491525423 116 1 7 14 55.84590920168009]
[60.10837756707461 'Spatial' 0.3875026515002488 0.000526477511783077
 0.5932203389830508 116 1 7 15 60.10837756707461]
[63.36858909340638 'Spatial' 0.3875026515002488 0.000526477511783077
 0.7627118644067796 116 1 7 16 63.36858909340638]
[66.7513111333069 'Spatial' 0.3875026515002488 0.000526477511783077
 0.847457627118644 116 1 7 17 66.7513111333069]
[70.14679071898766 'Spatial' 0.3875026515002488 0.000526477511783077
 0.847457627118644 116 1 7 18 70.14679071898766]
[74.28625354050679 'Spatial' 0.3875026515002488 0.000526477511783077
 0.8305084745762711 116 1 7 19 74.28625354050679]
[0.0 'Spatial' 0.3875026515002488 0.000526477511783077 0.0 116 1 8 0 0.0]
[4.158880679349213 'Spatial' 0.3875026515002488 0.000526477511783077
 2.016949152542373 116 1 8 1 4.158880679349213]
[8.046370837268856 'Spatial' 0.3875026515002488 0.000526477511783077
 0.28135593220338984 116 1 8 2 8.046370837268856]
[12.211179448306133 'Spatial' 0.3875026515002488 0.000526477511783077
 0.28135593220338984 116 1 8 3 12.211179448306133]
[16.375775114978204 'Spatial' 0.3875026515002488 0.000526477511783077
 0.28135593220338984 116 1 8 4 16.375775114978204]
[19.71180854579438 'Spatial' 0.3875026515002488 0.000526477511783077
 0.28135593220338984 116 1 8 5 19.71180854579438]
[23.58517148553993 'Spatial' 0.3875026515002488 0.000526477511783077
 0.28135593220338984 116 1 8 6 23.58517148553993]
[27.762611973735524 'Spatial' 0.3875026515002488 0.000526477511783077
 0.28135593220338984 116 1 8 7 27.762611973735524]
[31.271150152644914 'Spatial' 0.3875026515002488 0.000526477511783077
 0.28135593220338984 116 1 8 8 31.271150152644914]
[34.97406618343295 'Spatial' 0.3875026515002488 0.000526477511783077
 0.6610169491525423 116 1 8 9 34.97406618343295]
[38.57770306376804 'Spatial' 0.3875026515002488 0.000526477511783077
 0.8983050847457626 116 1 8 10 38.57770306376804]
[42.953396607765605 'Spatial' 0.3875026515002488 0.000526477511783077
 0.847457627118644 116 1 8 11 42.953396607765605]
[47.28626637882875 'Spatial' 0.3875026515002488 0.000526477511783077
 0.7627118644067796 116 1 8 12 47.28626637882875]
[51.59938049927657 'Spatial' 0.3875026515002488 0.000526477511783077
 0.6779661016949152 116 1 8 13 51.59938049927657]
[55.84590920168009 'Spatial' 0.3875026515002488 0.000526477511783077
 0.6610169491525423 116 1 8 14 55.84590920168009]
[60.10837756707461 'Spatial' 0.3875026515002488 0.000526477511783077
 0.5932203389830508 116 1 8 15 60.10837756707461]
[63.36858909340638 'Spatial' 0.3875026515002488 0.000526477511783077
 0.7627118644067796 116 1 8 16 63.36858909340638]
[66.7513111333069 'Spatial' 0.3875026515002488 0.000526477511783077
 0.847457627118644 116 1 8 17 66.7513111333069]
[70.14679071898766 'Spatial' 0.3875026515002488 0.000526477511783077
 0.847457627118644 116 1 8 18 70.14679071898766]
[74.28625354050679 'Spatial' 0.3875026515002488 0.000526477511783077
 0.8305084745762711 116 1 8 19 74.28625354050679]
