[0.0 'Conceptual' 5.946746683060855 9.062360814758332 0.0 6 2 0 0 0.0]
[4.697957982312856 'Conceptual' 5.946746683060855 9.062360814758332
 10.169491525423728 6 2 0 1 4.697957982312856]
[8.091820582005175 'Conceptual' 5.946746683060855 9.062360814758332
 6.440677966101694 6 2 0 2 8.091820582005175]
[12.069205681681716 'Conceptual' 5.946746683060855 9.062360814758332
 3.7288135593220337 6 2 0 3 12.069205681681716]
[16.364963601604984 'Conceptual' 5.946746683060855 9.062360814758332
 3.542372881355932 6 2 0 4 16.364963601604984]
[19.29446307510945 'Conceptual' 5.946746683060855 9.062360814758332
 2.694915254237288 6 2 0 5 19.29446307510945]
[21.65029968837134 'Conceptual' 5.946746683060855 9.062360814758332
 2.5932203389830506 6 2 0 6 21.65029968837134]
[24.96776893581096 'Conceptual' 5.946746683060855 9.062360814758332
 2.3728813559322033 6 2 0 7 24.96776893581096]
[27.23299974766519 'Conceptual' 5.946746683060855 9.062360814758332
 2.2033898305084745 6 2 0 8 27.23299974766519]
[31.590480547634545 'Conceptual' 5.946746683060855 9.062360814758332
 2.254237288135593 6 2 0 9 31.590480547634545]
[34.40697611161817 'Conceptual' 5.946746683060855 9.062360814758332
 2.11864406779661 6 2 0 10 34.40697611161817]
[37.185797164232824 'Conceptual' 5.946746683060855 9.062360814758332
 1.9491525423728813 6 2 0 11 37.185797164232824]
[39.61312270732564 'Conceptual' 5.946746683060855 9.062360814758332
 1.9152542372881354 6 2 0 12 39.61312270732564]
[41.44550852864141 'Conceptual' 5.946746683060855 9.062360814758332
 1.847457627118644 6 2 0 13 41.44550852864141]
[43.5879227668513 'Conceptual' 5.946746683060855 9.062360814758332
 1.694915254237288 6 2 0 14 43.5879227668513]
[46.26961301397147 'Conceptual' 5.946746683060855 9.062360814758332
 1.6440677966101693 6 2 0 15 46.26961301397147]
[48.20942864542058 'Conceptual' 5.946746683060855 9.062360814758332
 1.5084745762711864 6 2 0 16 48.20942864542058]
[50.65649982925867 'Conceptual' 5.946746683060855 9.062360814758332
 1.5084745762711864 6 2 0 17 50.65649982925867]
[52.64197324947568 'Conceptual' 5.946746683060855 9.062360814758332
 1.406779661016949 6 2 0 18 52.64197324947568]
[55.232436543690156 'Conceptual' 5.946746683060855 9.062360814758332
 1.3389830508474576 6 2 0 19 55.232436543690156]
[0.0 'Conceptual' 5.946746683060855 9.062360814758332 0.0 6 2 1 0 0.0]
[4.697957982312856 'Conceptual' 5.946746683060855 9.062360814758332
 10.169491525423728 6 2 1 1 4.697957982312856]
[8.091820582005175 'Conceptual' 5.946746683060855 9.062360814758332
 6.440677966101694 6 2 1 2 8.091820582005175]
[12.069205681681716 'Conceptual' 5.946746683060855 9.062360814758332
 3.7288135593220337 6 2 1 3 12.069205681681716]
[16.364963601604984 'Conceptual' 5.946746683060855 9.062360814758332
 3.542372881355932 6 2 1 4 16.364963601604984]
[19.29446307510945 'Conceptual' 5.946746683060855 9.062360814758332
 2.694915254237288 6 2 1 5 19.29446307510945]
[21.65029968837134 'Conceptual' 5.946746683060855 9.062360814758332
 2.5932203389830506 6 2 1 6 21.65029968837134]
[24.96776893581096 'Conceptual' 5.946746683060855 9.062360814758332
 2.3728813559322033 6 2 1 7 24.96776893581096]
[27.23299974766519 'Conceptual' 5.946746683060855 9.062360814758332
 2.2033898305084745 6 2 1 8 27.23299974766519]
[31.590480547634545 'Conceptual' 5.946746683060855 9.062360814758332
 2.254237288135593 6 2 1 9 31.590480547634545]
[34.40697611161817 'Conceptual' 5.946746683060855 9.062360814758332
 2.11864406779661 6 2 1 10 34.40697611161817]
[37.185797164232824 'Conceptual' 5.946746683060855 9.062360814758332
 1.9491525423728813 6 2 1 11 37.185797164232824]
[39.61312270732564 'Conceptual' 5.946746683060855 9.062360814758332
 1.9152542372881354 6 2 1 12 39.61312270732564]
[41.44550852864141 'Conceptual' 5.946746683060855 9.062360814758332
 1.847457627118644 6 2 1 13 41.44550852864141]
[43.5879227668513 'Conceptual' 5.946746683060855 9.062360814758332
 1.694915254237288 6 2 1 14 43.5879227668513]
[46.26961301397147 'Conceptual' 5.946746683060855 9.062360814758332
 1.6440677966101693 6 2 1 15 46.26961301397147]
[48.20942864542058 'Conceptual' 5.946746683060855 9.062360814758332
 1.5084745762711864 6 2 1 16 48.20942864542058]
[50.65649982925867 'Conceptual' 5.946746683060855 9.062360814758332
 1.5084745762711864 6 2 1 17 50.65649982925867]
[52.64197324947568 'Conceptual' 5.946746683060855 9.062360814758332
 1.406779661016949 6 2 1 18 52.64197324947568]
[55.232436543690156 'Conceptual' 5.946746683060855 9.062360814758332
 1.3389830508474576 6 2 1 19 55.232436543690156]
[0.0 'Conceptual' 5.946746683060855 9.062360814758332 0.0 6 2 3 0 0.0]
[4.697957982312856 'Conceptual' 5.946746683060855 9.062360814758332
 10.169491525423728 6 2 3 1 4.697957982312856]
[8.091820582005175 'Conceptual' 5.946746683060855 9.062360814758332
 6.440677966101694 6 2 3 2 8.091820582005175]
[12.069205681681716 'Conceptual' 5.946746683060855 9.062360814758332
 3.7288135593220337 6 2 3 3 12.069205681681716]
[16.364963601604984 'Conceptual' 5.946746683060855 9.062360814758332
 3.542372881355932 6 2 3 4 16.364963601604984]
[19.29446307510945 'Conceptual' 5.946746683060855 9.062360814758332
 2.694915254237288 6 2 3 5 19.29446307510945]
[21.65029968837134 'Conceptual' 5.946746683060855 9.062360814758332
 2.5932203389830506 6 2 3 6 21.65029968837134]
[24.96776893581096 'Conceptual' 5.946746683060855 9.062360814758332
 2.3728813559322033 6 2 3 7 24.96776893581096]
[27.23299974766519 'Conceptual' 5.946746683060855 9.062360814758332
 2.2033898305084745 6 2 3 8 27.23299974766519]
[31.590480547634545 'Conceptual' 5.946746683060855 9.062360814758332
 2.254237288135593 6 2 3 9 31.590480547634545]
[34.40697611161817 'Conceptual' 5.946746683060855 9.062360814758332
 2.11864406779661 6 2 3 10 34.40697611161817]
[37.185797164232824 'Conceptual' 5.946746683060855 9.062360814758332
 1.9491525423728813 6 2 3 11 37.185797164232824]
[39.61312270732564 'Conceptual' 5.946746683060855 9.062360814758332
 1.9152542372881354 6 2 3 12 39.61312270732564]
[41.44550852864141 'Conceptual' 5.946746683060855 9.062360814758332
 1.847457627118644 6 2 3 13 41.44550852864141]
[43.5879227668513 'Conceptual' 5.946746683060855 9.062360814758332
 1.694915254237288 6 2 3 14 43.5879227668513]
[46.26961301397147 'Conceptual' 5.946746683060855 9.062360814758332
 1.6440677966101693 6 2 3 15 46.26961301397147]
[48.20942864542058 'Conceptual' 5.946746683060855 9.062360814758332
 1.5084745762711864 6 2 3 16 48.20942864542058]
[50.65649982925867 'Conceptual' 5.946746683060855 9.062360814758332
 1.5084745762711864 6 2 3 17 50.65649982925867]
[52.64197324947568 'Conceptual' 5.946746683060855 9.062360814758332
 1.406779661016949 6 2 3 18 52.64197324947568]
[55.232436543690156 'Conceptual' 5.946746683060855 9.062360814758332
 1.3389830508474576 6 2 3 19 55.232436543690156]
[0.0 'Conceptual' 5.946746683060855 9.062360814758332 0.0 6 2 4 0 0.0]
[4.697957982312856 'Conceptual' 5.946746683060855 9.062360814758332
 10.169491525423728 6 2 4 1 4.697957982312856]
[8.091820582005175 'Conceptual' 5.946746683060855 9.062360814758332
 6.440677966101694 6 2 4 2 8.091820582005175]
[12.069205681681716 'Conceptual' 5.946746683060855 9.062360814758332
 3.7288135593220337 6 2 4 3 12.069205681681716]
[16.364963601604984 'Conceptual' 5.946746683060855 9.062360814758332
 3.542372881355932 6 2 4 4 16.364963601604984]
[19.29446307510945 'Conceptual' 5.946746683060855 9.062360814758332
 2.694915254237288 6 2 4 5 19.29446307510945]
[21.65029968837134 'Conceptual' 5.946746683060855 9.062360814758332
 2.5932203389830506 6 2 4 6 21.65029968837134]
[24.96776893581096 'Conceptual' 5.946746683060855 9.062360814758332
 2.3728813559322033 6 2 4 7 24.96776893581096]
[27.23299974766519 'Conceptual' 5.946746683060855 9.062360814758332
 2.2033898305084745 6 2 4 8 27.23299974766519]
[31.590480547634545 'Conceptual' 5.946746683060855 9.062360814758332
 2.254237288135593 6 2 4 9 31.590480547634545]
[34.40697611161817 'Conceptual' 5.946746683060855 9.062360814758332
 2.11864406779661 6 2 4 10 34.40697611161817]
[37.185797164232824 'Conceptual' 5.946746683060855 9.062360814758332
 1.9491525423728813 6 2 4 11 37.185797164232824]
[39.61312270732564 'Conceptual' 5.946746683060855 9.062360814758332
 1.9152542372881354 6 2 4 12 39.61312270732564]
[41.44550852864141 'Conceptual' 5.946746683060855 9.062360814758332
 1.847457627118644 6 2 4 13 41.44550852864141]
[43.5879227668513 'Conceptual' 5.946746683060855 9.062360814758332
 1.694915254237288 6 2 4 14 43.5879227668513]
[46.26961301397147 'Conceptual' 5.946746683060855 9.062360814758332
 1.6440677966101693 6 2 4 15 46.26961301397147]
[48.20942864542058 'Conceptual' 5.946746683060855 9.062360814758332
 1.5084745762711864 6 2 4 16 48.20942864542058]
[50.65649982925867 'Conceptual' 5.946746683060855 9.062360814758332
 1.5084745762711864 6 2 4 17 50.65649982925867]
[52.64197324947568 'Conceptual' 5.946746683060855 9.062360814758332
 1.406779661016949 6 2 4 18 52.64197324947568]
[55.232436543690156 'Conceptual' 5.946746683060855 9.062360814758332
 1.3389830508474576 6 2 4 19 55.232436543690156]
[0.0 'Conceptual' 5.946746683060855 9.062360814758332 0.0 6 2 5 0 0.0]
[4.697957982312856 'Conceptual' 5.946746683060855 9.062360814758332
 10.169491525423728 6 2 5 1 4.697957982312856]
[8.091820582005175 'Conceptual' 5.946746683060855 9.062360814758332
 6.440677966101694 6 2 5 2 8.091820582005175]
[12.069205681681716 'Conceptual' 5.946746683060855 9.062360814758332
 3.7288135593220337 6 2 5 3 12.069205681681716]
[16.364963601604984 'Conceptual' 5.946746683060855 9.062360814758332
 3.542372881355932 6 2 5 4 16.364963601604984]
[19.29446307510945 'Conceptual' 5.946746683060855 9.062360814758332
 2.694915254237288 6 2 5 5 19.29446307510945]
[21.65029968837134 'Conceptual' 5.946746683060855 9.062360814758332
 2.5932203389830506 6 2 5 6 21.65029968837134]
[24.96776893581096 'Conceptual' 5.946746683060855 9.062360814758332
 2.3728813559322033 6 2 5 7 24.96776893581096]
[27.23299974766519 'Conceptual' 5.946746683060855 9.062360814758332
 2.2033898305084745 6 2 5 8 27.23299974766519]
[31.590480547634545 'Conceptual' 5.946746683060855 9.062360814758332
 2.254237288135593 6 2 5 9 31.590480547634545]
[34.40697611161817 'Conceptual' 5.946746683060855 9.062360814758332
 2.11864406779661 6 2 5 10 34.40697611161817]
[37.185797164232824 'Conceptual' 5.946746683060855 9.062360814758332
 1.9491525423728813 6 2 5 11 37.185797164232824]
[39.61312270732564 'Conceptual' 5.946746683060855 9.062360814758332
 1.9152542372881354 6 2 5 12 39.61312270732564]
[41.44550852864141 'Conceptual' 5.946746683060855 9.062360814758332
 1.847457627118644 6 2 5 13 41.44550852864141]
[43.5879227668513 'Conceptual' 5.946746683060855 9.062360814758332
 1.694915254237288 6 2 5 14 43.5879227668513]
[46.26961301397147 'Conceptual' 5.946746683060855 9.062360814758332
 1.6440677966101693 6 2 5 15 46.26961301397147]
[48.20942864542058 'Conceptual' 5.946746683060855 9.062360814758332
 1.5084745762711864 6 2 5 16 48.20942864542058]
[50.65649982925867 'Conceptual' 5.946746683060855 9.062360814758332
 1.5084745762711864 6 2 5 17 50.65649982925867]
[52.64197324947568 'Conceptual' 5.946746683060855 9.062360814758332
 1.406779661016949 6 2 5 18 52.64197324947568]
[55.232436543690156 'Conceptual' 5.946746683060855 9.062360814758332
 1.3389830508474576 6 2 5 19 55.232436543690156]
[0.0 'Conceptual' 5.946746683060855 9.062360814758332 0.0 6 2 6 0 0.0]
[4.697957982312856 'Conceptual' 5.946746683060855 9.062360814758332
 10.169491525423728 6 2 6 1 4.697957982312856]
[8.091820582005175 'Conceptual' 5.946746683060855 9.062360814758332
 6.440677966101694 6 2 6 2 8.091820582005175]
[12.069205681681716 'Conceptual' 5.946746683060855 9.062360814758332
 3.7288135593220337 6 2 6 3 12.069205681681716]
[16.364963601604984 'Conceptual' 5.946746683060855 9.062360814758332
 3.542372881355932 6 2 6 4 16.364963601604984]
[19.29446307510945 'Conceptual' 5.946746683060855 9.062360814758332
 2.694915254237288 6 2 6 5 19.29446307510945]
[21.65029968837134 'Conceptual' 5.946746683060855 9.062360814758332
 2.5932203389830506 6 2 6 6 21.65029968837134]
[24.96776893581096 'Conceptual' 5.946746683060855 9.062360814758332
 2.3728813559322033 6 2 6 7 24.96776893581096]
[27.23299974766519 'Conceptual' 5.946746683060855 9.062360814758332
 2.2033898305084745 6 2 6 8 27.23299974766519]
[31.590480547634545 'Conceptual' 5.946746683060855 9.062360814758332
 2.254237288135593 6 2 6 9 31.590480547634545]
[34.40697611161817 'Conceptual' 5.946746683060855 9.062360814758332
 2.11864406779661 6 2 6 10 34.40697611161817]
[37.185797164232824 'Conceptual' 5.946746683060855 9.062360814758332
 1.9491525423728813 6 2 6 11 37.185797164232824]
[39.61312270732564 'Conceptual' 5.946746683060855 9.062360814758332
 1.9152542372881354 6 2 6 12 39.61312270732564]
[41.44550852864141 'Conceptual' 5.946746683060855 9.062360814758332
 1.847457627118644 6 2 6 13 41.44550852864141]
[43.5879227668513 'Conceptual' 5.946746683060855 9.062360814758332
 1.694915254237288 6 2 6 14 43.5879227668513]
[46.26961301397147 'Conceptual' 5.946746683060855 9.062360814758332
 1.6440677966101693 6 2 6 15 46.26961301397147]
[48.20942864542058 'Conceptual' 5.946746683060855 9.062360814758332
 1.5084745762711864 6 2 6 16 48.20942864542058]
[50.65649982925867 'Conceptual' 5.946746683060855 9.062360814758332
 1.5084745762711864 6 2 6 17 50.65649982925867]
[52.64197324947568 'Conceptual' 5.946746683060855 9.062360814758332
 1.406779661016949 6 2 6 18 52.64197324947568]
[55.232436543690156 'Conceptual' 5.946746683060855 9.062360814758332
 1.3389830508474576 6 2 6 19 55.232436543690156]
[0.0 'Conceptual' 5.946746683060855 9.062360814758332 0.0 6 2 7 0 0.0]
[4.697957982312856 'Conceptual' 5.946746683060855 9.062360814758332
 10.169491525423728 6 2 7 1 4.697957982312856]
[8.091820582005175 'Conceptual' 5.946746683060855 9.062360814758332
 6.440677966101694 6 2 7 2 8.091820582005175]
[12.069205681681716 'Conceptual' 5.946746683060855 9.062360814758332
 3.7288135593220337 6 2 7 3 12.069205681681716]
[16.364963601604984 'Conceptual' 5.946746683060855 9.062360814758332
 3.542372881355932 6 2 7 4 16.364963601604984]
[19.29446307510945 'Conceptual' 5.946746683060855 9.062360814758332
 2.694915254237288 6 2 7 5 19.29446307510945]
[21.65029968837134 'Conceptual' 5.946746683060855 9.062360814758332
 2.5932203389830506 6 2 7 6 21.65029968837134]
[24.96776893581096 'Conceptual' 5.946746683060855 9.062360814758332
 2.3728813559322033 6 2 7 7 24.96776893581096]
[27.23299974766519 'Conceptual' 5.946746683060855 9.062360814758332
 2.2033898305084745 6 2 7 8 27.23299974766519]
[31.590480547634545 'Conceptual' 5.946746683060855 9.062360814758332
 2.254237288135593 6 2 7 9 31.590480547634545]
[34.40697611161817 'Conceptual' 5.946746683060855 9.062360814758332
 2.11864406779661 6 2 7 10 34.40697611161817]
[37.185797164232824 'Conceptual' 5.946746683060855 9.062360814758332
 1.9491525423728813 6 2 7 11 37.185797164232824]
[39.61312270732564 'Conceptual' 5.946746683060855 9.062360814758332
 1.9152542372881354 6 2 7 12 39.61312270732564]
[41.44550852864141 'Conceptual' 5.946746683060855 9.062360814758332
 1.847457627118644 6 2 7 13 41.44550852864141]
[43.5879227668513 'Conceptual' 5.946746683060855 9.062360814758332
 1.694915254237288 6 2 7 14 43.5879227668513]
[46.26961301397147 'Conceptual' 5.946746683060855 9.062360814758332
 1.6440677966101693 6 2 7 15 46.26961301397147]
[48.20942864542058 'Conceptual' 5.946746683060855 9.062360814758332
 1.5084745762711864 6 2 7 16 48.20942864542058]
[50.65649982925867 'Conceptual' 5.946746683060855 9.062360814758332
 1.5084745762711864 6 2 7 17 50.65649982925867]
[52.64197324947568 'Conceptual' 5.946746683060855 9.062360814758332
 1.406779661016949 6 2 7 18 52.64197324947568]
[55.232436543690156 'Conceptual' 5.946746683060855 9.062360814758332
 1.3389830508474576 6 2 7 19 55.232436543690156]
[0.0 'Conceptual' 5.946746683060855 9.062360814758332 0.0 6 2 8 0 0.0]
[4.697957982312856 'Conceptual' 5.946746683060855 9.062360814758332
 10.169491525423728 6 2 8 1 4.697957982312856]
[8.091820582005175 'Conceptual' 5.946746683060855 9.062360814758332
 6.440677966101694 6 2 8 2 8.091820582005175]
[12.069205681681716 'Conceptual' 5.946746683060855 9.062360814758332
 3.7288135593220337 6 2 8 3 12.069205681681716]
[16.364963601604984 'Conceptual' 5.946746683060855 9.062360814758332
 3.542372881355932 6 2 8 4 16.364963601604984]
[19.29446307510945 'Conceptual' 5.946746683060855 9.062360814758332
 2.694915254237288 6 2 8 5 19.29446307510945]
[21.65029968837134 'Conceptual' 5.946746683060855 9.062360814758332
 2.5932203389830506 6 2 8 6 21.65029968837134]
[24.96776893581096 'Conceptual' 5.946746683060855 9.062360814758332
 2.3728813559322033 6 2 8 7 24.96776893581096]
[27.23299974766519 'Conceptual' 5.946746683060855 9.062360814758332
 2.2033898305084745 6 2 8 8 27.23299974766519]
[31.590480547634545 'Conceptual' 5.946746683060855 9.062360814758332
 2.254237288135593 6 2 8 9 31.590480547634545]
[34.40697611161817 'Conceptual' 5.946746683060855 9.062360814758332
 2.11864406779661 6 2 8 10 34.40697611161817]
[37.185797164232824 'Conceptual' 5.946746683060855 9.062360814758332
 1.9491525423728813 6 2 8 11 37.185797164232824]
[39.61312270732564 'Conceptual' 5.946746683060855 9.062360814758332
 1.9152542372881354 6 2 8 12 39.61312270732564]
[41.44550852864141 'Conceptual' 5.946746683060855 9.062360814758332
 1.847457627118644 6 2 8 13 41.44550852864141]
[43.5879227668513 'Conceptual' 5.946746683060855 9.062360814758332
 1.694915254237288 6 2 8 14 43.5879227668513]
[46.26961301397147 'Conceptual' 5.946746683060855 9.062360814758332
 1.6440677966101693 6 2 8 15 46.26961301397147]
[48.20942864542058 'Conceptual' 5.946746683060855 9.062360814758332
 1.5084745762711864 6 2 8 16 48.20942864542058]
[50.65649982925867 'Conceptual' 5.946746683060855 9.062360814758332
 1.5084745762711864 6 2 8 17 50.65649982925867]
[52.64197324947568 'Conceptual' 5.946746683060855 9.062360814758332
 1.406779661016949 6 2 8 18 52.64197324947568]
[55.232436543690156 'Conceptual' 5.946746683060855 9.062360814758332
 1.3389830508474576 6 2 8 19 55.232436543690156]
