[0.0 'Conceptual' 20.196260041049968 53.38887032639155 0.0 93 6 0 0 0.0]
[5.277465456557992 'Conceptual' 20.196260041049968 53.38887032639155
 10.169491525423728 93 6 0 1 5.277465456557992]
[6.6377825271580795 'Conceptual' 20.196260041049968 53.38887032639155
 6.101694915254237 93 6 0 2 6.6377825271580795]
[11.179017333050158 'Conceptual' 20.196260041049968 53.38887032639155
 5.1694915254237275 93 6 0 3 11.179017333050158]
[15.788606592110035 'Conceptual' 20.196260041049968 53.38887032639155
 3.2033898305084745 93 6 0 4 15.788606592110035]
[18.818636476826125 'Conceptual' 20.196260041049968 53.38887032639155
 2.966101694915254 93 6 0 5 18.818636476826125]
[23.474730683319343 'Conceptual' 20.196260041049968 53.38887032639155
 2.7627118644067794 93 6 0 6 23.474730683319343]
[27.405527868818947 'Conceptual' 20.196260041049968 53.38887032639155
 2.5932203389830506 93 6 0 7 27.405527868818947]
[29.495412325728545 'Conceptual' 20.196260041049968 53.38887032639155
 2.3559322033898304 93 6 0 8 29.495412325728545]
[31.86404390852805 'Conceptual' 20.196260041049968 53.38887032639155
 2.2033898305084745 93 6 0 9 31.86404390852805]
[34.93337153422361 'Conceptual' 20.196260041049968 53.38887032639155
 2.084745762711864 93 6 0 10 34.93337153422361]
[37.22057522959868 'Conceptual' 20.196260041049968 53.38887032639155
 2.0338983050847457 93 6 0 11 37.22057522959868]
[40.488531344253815 'Conceptual' 20.196260041049968 53.38887032639155
 1.9152542372881354 93 6 0 12 40.488531344253815]
[44.33554678885028 'Conceptual' 20.196260041049968 53.38887032639155
 1.7796610169491525 93 6 0 13 44.33554678885028]
[46.51106290247968 'Conceptual' 20.196260041049968 53.38887032639155
 1.8135593220338981 93 6 0 14 46.51106290247968]
[50.23872660807369 'Conceptual' 20.196260041049968 53.38887032639155
 1.7457627118644066 93 6 0 15 50.23872660807369]
[55.52752489292498 'Conceptual' 20.196260041049968 53.38887032639155
 1.694915254237288 93 6 0 16 55.52752489292498]
[57.85878939637017 'Conceptual' 20.196260041049968 53.38887032639155
 1.6779661016949152 93 6 0 17 57.85878939637017]
[61.65517674553681 'Conceptual' 20.196260041049968 53.38887032639155
 1.7457627118644066 93 6 0 18 61.65517674553681]
[67.10764507356271 'Conceptual' 20.196260041049968 53.38887032639155
 1.6779661016949152 93 6 0 19 67.10764507356271]
[0.0 'Conceptual' 20.196260041049968 53.38887032639155 0.0 93 6 1 0 0.0]
[5.277465456557992 'Conceptual' 20.196260041049968 53.38887032639155
 10.169491525423728 93 6 1 1 5.277465456557992]
[6.6377825271580795 'Conceptual' 20.196260041049968 53.38887032639155
 6.101694915254237 93 6 1 2 6.6377825271580795]
[11.179017333050158 'Conceptual' 20.196260041049968 53.38887032639155
 5.1694915254237275 93 6 1 3 11.179017333050158]
[15.788606592110035 'Conceptual' 20.196260041049968 53.38887032639155
 3.2033898305084745 93 6 1 4 15.788606592110035]
[18.818636476826125 'Conceptual' 20.196260041049968 53.38887032639155
 2.966101694915254 93 6 1 5 18.818636476826125]
[23.474730683319343 'Conceptual' 20.196260041049968 53.38887032639155
 2.7627118644067794 93 6 1 6 23.474730683319343]
[27.405527868818947 'Conceptual' 20.196260041049968 53.38887032639155
 2.5932203389830506 93 6 1 7 27.405527868818947]
[29.495412325728545 'Conceptual' 20.196260041049968 53.38887032639155
 2.3559322033898304 93 6 1 8 29.495412325728545]
[31.86404390852805 'Conceptual' 20.196260041049968 53.38887032639155
 2.2033898305084745 93 6 1 9 31.86404390852805]
[34.93337153422361 'Conceptual' 20.196260041049968 53.38887032639155
 2.084745762711864 93 6 1 10 34.93337153422361]
[37.22057522959868 'Conceptual' 20.196260041049968 53.38887032639155
 2.0338983050847457 93 6 1 11 37.22057522959868]
[40.488531344253815 'Conceptual' 20.196260041049968 53.38887032639155
 1.9152542372881354 93 6 1 12 40.488531344253815]
[44.33554678885028 'Conceptual' 20.196260041049968 53.38887032639155
 1.7796610169491525 93 6 1 13 44.33554678885028]
[46.51106290247968 'Conceptual' 20.196260041049968 53.38887032639155
 1.8135593220338981 93 6 1 14 46.51106290247968]
[50.23872660807369 'Conceptual' 20.196260041049968 53.38887032639155
 1.7457627118644066 93 6 1 15 50.23872660807369]
[55.52752489292498 'Conceptual' 20.196260041049968 53.38887032639155
 1.694915254237288 93 6 1 16 55.52752489292498]
[57.85878939637017 'Conceptual' 20.196260041049968 53.38887032639155
 1.6779661016949152 93 6 1 17 57.85878939637017]
[61.65517674553681 'Conceptual' 20.196260041049968 53.38887032639155
 1.7457627118644066 93 6 1 18 61.65517674553681]
[67.10764507356271 'Conceptual' 20.196260041049968 53.38887032639155
 1.6779661016949152 93 6 1 19 67.10764507356271]
[0.0 'Conceptual' 20.196260041049968 53.38887032639155 0.0 93 6 2 0 0.0]
[5.277465456557992 'Conceptual' 20.196260041049968 53.38887032639155
 10.169491525423728 93 6 2 1 5.277465456557992]
[6.6377825271580795 'Conceptual' 20.196260041049968 53.38887032639155
 6.101694915254237 93 6 2 2 6.6377825271580795]
[11.179017333050158 'Conceptual' 20.196260041049968 53.38887032639155
 5.1694915254237275 93 6 2 3 11.179017333050158]
[15.788606592110035 'Conceptual' 20.196260041049968 53.38887032639155
 3.2033898305084745 93 6 2 4 15.788606592110035]
[18.818636476826125 'Conceptual' 20.196260041049968 53.38887032639155
 2.966101694915254 93 6 2 5 18.818636476826125]
[23.474730683319343 'Conceptual' 20.196260041049968 53.38887032639155
 2.7627118644067794 93 6 2 6 23.474730683319343]
[27.405527868818947 'Conceptual' 20.196260041049968 53.38887032639155
 2.5932203389830506 93 6 2 7 27.405527868818947]
[29.495412325728545 'Conceptual' 20.196260041049968 53.38887032639155
 2.3559322033898304 93 6 2 8 29.495412325728545]
[31.86404390852805 'Conceptual' 20.196260041049968 53.38887032639155
 2.2033898305084745 93 6 2 9 31.86404390852805]
[34.93337153422361 'Conceptual' 20.196260041049968 53.38887032639155
 2.084745762711864 93 6 2 10 34.93337153422361]
[37.22057522959868 'Conceptual' 20.196260041049968 53.38887032639155
 2.0338983050847457 93 6 2 11 37.22057522959868]
[40.488531344253815 'Conceptual' 20.196260041049968 53.38887032639155
 1.9152542372881354 93 6 2 12 40.488531344253815]
[44.33554678885028 'Conceptual' 20.196260041049968 53.38887032639155
 1.7796610169491525 93 6 2 13 44.33554678885028]
[46.51106290247968 'Conceptual' 20.196260041049968 53.38887032639155
 1.8135593220338981 93 6 2 14 46.51106290247968]
[50.23872660807369 'Conceptual' 20.196260041049968 53.38887032639155
 1.7457627118644066 93 6 2 15 50.23872660807369]
[55.52752489292498 'Conceptual' 20.196260041049968 53.38887032639155
 1.694915254237288 93 6 2 16 55.52752489292498]
[57.85878939637017 'Conceptual' 20.196260041049968 53.38887032639155
 1.6779661016949152 93 6 2 17 57.85878939637017]
[61.65517674553681 'Conceptual' 20.196260041049968 53.38887032639155
 1.7457627118644066 93 6 2 18 61.65517674553681]
[67.10764507356271 'Conceptual' 20.196260041049968 53.38887032639155
 1.6779661016949152 93 6 2 19 67.10764507356271]
[0.0 'Conceptual' 20.196260041049968 53.38887032639155 0.0 93 6 3 0 0.0]
[5.277465456557992 'Conceptual' 20.196260041049968 53.38887032639155
 10.169491525423728 93 6 3 1 5.277465456557992]
[6.6377825271580795 'Conceptual' 20.196260041049968 53.38887032639155
 6.101694915254237 93 6 3 2 6.6377825271580795]
[11.179017333050158 'Conceptual' 20.196260041049968 53.38887032639155
 5.1694915254237275 93 6 3 3 11.179017333050158]
[15.788606592110035 'Conceptual' 20.196260041049968 53.38887032639155
 3.2033898305084745 93 6 3 4 15.788606592110035]
[18.818636476826125 'Conceptual' 20.196260041049968 53.38887032639155
 2.966101694915254 93 6 3 5 18.818636476826125]
[23.474730683319343 'Conceptual' 20.196260041049968 53.38887032639155
 2.7627118644067794 93 6 3 6 23.474730683319343]
[27.405527868818947 'Conceptual' 20.196260041049968 53.38887032639155
 2.5932203389830506 93 6 3 7 27.405527868818947]
[29.495412325728545 'Conceptual' 20.196260041049968 53.38887032639155
 2.3559322033898304 93 6 3 8 29.495412325728545]
[31.86404390852805 'Conceptual' 20.196260041049968 53.38887032639155
 2.2033898305084745 93 6 3 9 31.86404390852805]
[34.93337153422361 'Conceptual' 20.196260041049968 53.38887032639155
 2.084745762711864 93 6 3 10 34.93337153422361]
[37.22057522959868 'Conceptual' 20.196260041049968 53.38887032639155
 2.0338983050847457 93 6 3 11 37.22057522959868]
[40.488531344253815 'Conceptual' 20.196260041049968 53.38887032639155
 1.9152542372881354 93 6 3 12 40.488531344253815]
[44.33554678885028 'Conceptual' 20.196260041049968 53.38887032639155
 1.7796610169491525 93 6 3 13 44.33554678885028]
[46.51106290247968 'Conceptual' 20.196260041049968 53.38887032639155
 1.8135593220338981 93 6 3 14 46.51106290247968]
[50.23872660807369 'Conceptual' 20.196260041049968 53.38887032639155
 1.7457627118644066 93 6 3 15 50.23872660807369]
[55.52752489292498 'Conceptual' 20.196260041049968 53.38887032639155
 1.694915254237288 93 6 3 16 55.52752489292498]
[57.85878939637017 'Conceptual' 20.196260041049968 53.38887032639155
 1.6779661016949152 93 6 3 17 57.85878939637017]
[61.65517674553681 'Conceptual' 20.196260041049968 53.38887032639155
 1.7457627118644066 93 6 3 18 61.65517674553681]
[67.10764507356271 'Conceptual' 20.196260041049968 53.38887032639155
 1.6779661016949152 93 6 3 19 67.10764507356271]
[0.0 'Conceptual' 20.196260041049968 53.38887032639155 0.0 93 6 4 0 0.0]
[5.277465456557992 'Conceptual' 20.196260041049968 53.38887032639155
 10.169491525423728 93 6 4 1 5.277465456557992]
[6.6377825271580795 'Conceptual' 20.196260041049968 53.38887032639155
 6.101694915254237 93 6 4 2 6.6377825271580795]
[11.179017333050158 'Conceptual' 20.196260041049968 53.38887032639155
 5.1694915254237275 93 6 4 3 11.179017333050158]
[15.788606592110035 'Conceptual' 20.196260041049968 53.38887032639155
 3.2033898305084745 93 6 4 4 15.788606592110035]
[18.818636476826125 'Conceptual' 20.196260041049968 53.38887032639155
 2.966101694915254 93 6 4 5 18.818636476826125]
[23.474730683319343 'Conceptual' 20.196260041049968 53.38887032639155
 2.7627118644067794 93 6 4 6 23.474730683319343]
[27.405527868818947 'Conceptual' 20.196260041049968 53.38887032639155
 2.5932203389830506 93 6 4 7 27.405527868818947]
[29.495412325728545 'Conceptual' 20.196260041049968 53.38887032639155
 2.3559322033898304 93 6 4 8 29.495412325728545]
[31.86404390852805 'Conceptual' 20.196260041049968 53.38887032639155
 2.2033898305084745 93 6 4 9 31.86404390852805]
[34.93337153422361 'Conceptual' 20.196260041049968 53.38887032639155
 2.084745762711864 93 6 4 10 34.93337153422361]
[37.22057522959868 'Conceptual' 20.196260041049968 53.38887032639155
 2.0338983050847457 93 6 4 11 37.22057522959868]
[40.488531344253815 'Conceptual' 20.196260041049968 53.38887032639155
 1.9152542372881354 93 6 4 12 40.488531344253815]
[44.33554678885028 'Conceptual' 20.196260041049968 53.38887032639155
 1.7796610169491525 93 6 4 13 44.33554678885028]
[46.51106290247968 'Conceptual' 20.196260041049968 53.38887032639155
 1.8135593220338981 93 6 4 14 46.51106290247968]
[50.23872660807369 'Conceptual' 20.196260041049968 53.38887032639155
 1.7457627118644066 93 6 4 15 50.23872660807369]
[55.52752489292498 'Conceptual' 20.196260041049968 53.38887032639155
 1.694915254237288 93 6 4 16 55.52752489292498]
[57.85878939637017 'Conceptual' 20.196260041049968 53.38887032639155
 1.6779661016949152 93 6 4 17 57.85878939637017]
[61.65517674553681 'Conceptual' 20.196260041049968 53.38887032639155
 1.7457627118644066 93 6 4 18 61.65517674553681]
[67.10764507356271 'Conceptual' 20.196260041049968 53.38887032639155
 1.6779661016949152 93 6 4 19 67.10764507356271]
[0.0 'Conceptual' 20.196260041049968 53.38887032639155 0.0 93 6 5 0 0.0]
[5.277465456557992 'Conceptual' 20.196260041049968 53.38887032639155
 10.169491525423728 93 6 5 1 5.277465456557992]
[6.6377825271580795 'Conceptual' 20.196260041049968 53.38887032639155
 6.101694915254237 93 6 5 2 6.6377825271580795]
[11.179017333050158 'Conceptual' 20.196260041049968 53.38887032639155
 5.1694915254237275 93 6 5 3 11.179017333050158]
[15.788606592110035 'Conceptual' 20.196260041049968 53.38887032639155
 3.2033898305084745 93 6 5 4 15.788606592110035]
[18.818636476826125 'Conceptual' 20.196260041049968 53.38887032639155
 2.966101694915254 93 6 5 5 18.818636476826125]
[23.474730683319343 'Conceptual' 20.196260041049968 53.38887032639155
 2.7627118644067794 93 6 5 6 23.474730683319343]
[27.405527868818947 'Conceptual' 20.196260041049968 53.38887032639155
 2.5932203389830506 93 6 5 7 27.405527868818947]
[29.495412325728545 'Conceptual' 20.196260041049968 53.38887032639155
 2.3559322033898304 93 6 5 8 29.495412325728545]
[31.86404390852805 'Conceptual' 20.196260041049968 53.38887032639155
 2.2033898305084745 93 6 5 9 31.86404390852805]
[34.93337153422361 'Conceptual' 20.196260041049968 53.38887032639155
 2.084745762711864 93 6 5 10 34.93337153422361]
[37.22057522959868 'Conceptual' 20.196260041049968 53.38887032639155
 2.0338983050847457 93 6 5 11 37.22057522959868]
[40.488531344253815 'Conceptual' 20.196260041049968 53.38887032639155
 1.9152542372881354 93 6 5 12 40.488531344253815]
[44.33554678885028 'Conceptual' 20.196260041049968 53.38887032639155
 1.7796610169491525 93 6 5 13 44.33554678885028]
[46.51106290247968 'Conceptual' 20.196260041049968 53.38887032639155
 1.8135593220338981 93 6 5 14 46.51106290247968]
[50.23872660807369 'Conceptual' 20.196260041049968 53.38887032639155
 1.7457627118644066 93 6 5 15 50.23872660807369]
[55.52752489292498 'Conceptual' 20.196260041049968 53.38887032639155
 1.694915254237288 93 6 5 16 55.52752489292498]
[57.85878939637017 'Conceptual' 20.196260041049968 53.38887032639155
 1.6779661016949152 93 6 5 17 57.85878939637017]
[61.65517674553681 'Conceptual' 20.196260041049968 53.38887032639155
 1.7457627118644066 93 6 5 18 61.65517674553681]
[67.10764507356271 'Conceptual' 20.196260041049968 53.38887032639155
 1.6779661016949152 93 6 5 19 67.10764507356271]
[0.0 'Conceptual' 20.196260041049968 53.38887032639155 0.0 93 6 7 0 0.0]
[5.277465456557992 'Conceptual' 20.196260041049968 53.38887032639155
 10.169491525423728 93 6 7 1 5.277465456557992]
[6.6377825271580795 'Conceptual' 20.196260041049968 53.38887032639155
 6.101694915254237 93 6 7 2 6.6377825271580795]
[11.179017333050158 'Conceptual' 20.196260041049968 53.38887032639155
 5.1694915254237275 93 6 7 3 11.179017333050158]
[15.788606592110035 'Conceptual' 20.196260041049968 53.38887032639155
 3.2033898305084745 93 6 7 4 15.788606592110035]
[18.818636476826125 'Conceptual' 20.196260041049968 53.38887032639155
 2.966101694915254 93 6 7 5 18.818636476826125]
[23.474730683319343 'Conceptual' 20.196260041049968 53.38887032639155
 2.7627118644067794 93 6 7 6 23.474730683319343]
[27.405527868818947 'Conceptual' 20.196260041049968 53.38887032639155
 2.5932203389830506 93 6 7 7 27.405527868818947]
[29.495412325728545 'Conceptual' 20.196260041049968 53.38887032639155
 2.3559322033898304 93 6 7 8 29.495412325728545]
[31.86404390852805 'Conceptual' 20.196260041049968 53.38887032639155
 2.2033898305084745 93 6 7 9 31.86404390852805]
[34.93337153422361 'Conceptual' 20.196260041049968 53.38887032639155
 2.084745762711864 93 6 7 10 34.93337153422361]
[37.22057522959868 'Conceptual' 20.196260041049968 53.38887032639155
 2.0338983050847457 93 6 7 11 37.22057522959868]
[40.488531344253815 'Conceptual' 20.196260041049968 53.38887032639155
 1.9152542372881354 93 6 7 12 40.488531344253815]
[44.33554678885028 'Conceptual' 20.196260041049968 53.38887032639155
 1.7796610169491525 93 6 7 13 44.33554678885028]
[46.51106290247968 'Conceptual' 20.196260041049968 53.38887032639155
 1.8135593220338981 93 6 7 14 46.51106290247968]
[50.23872660807369 'Conceptual' 20.196260041049968 53.38887032639155
 1.7457627118644066 93 6 7 15 50.23872660807369]
[55.52752489292498 'Conceptual' 20.196260041049968 53.38887032639155
 1.694915254237288 93 6 7 16 55.52752489292498]
[57.85878939637017 'Conceptual' 20.196260041049968 53.38887032639155
 1.6779661016949152 93 6 7 17 57.85878939637017]
[61.65517674553681 'Conceptual' 20.196260041049968 53.38887032639155
 1.7457627118644066 93 6 7 18 61.65517674553681]
[67.10764507356271 'Conceptual' 20.196260041049968 53.38887032639155
 1.6779661016949152 93 6 7 19 67.10764507356271]
[0.0 'Conceptual' 20.196260041049968 53.38887032639155 0.0 93 6 8 0 0.0]
[5.277465456557992 'Conceptual' 20.196260041049968 53.38887032639155
 10.169491525423728 93 6 8 1 5.277465456557992]
[6.6377825271580795 'Conceptual' 20.196260041049968 53.38887032639155
 6.101694915254237 93 6 8 2 6.6377825271580795]
[11.179017333050158 'Conceptual' 20.196260041049968 53.38887032639155
 5.1694915254237275 93 6 8 3 11.179017333050158]
[15.788606592110035 'Conceptual' 20.196260041049968 53.38887032639155
 3.2033898305084745 93 6 8 4 15.788606592110035]
[18.818636476826125 'Conceptual' 20.196260041049968 53.38887032639155
 2.966101694915254 93 6 8 5 18.818636476826125]
[23.474730683319343 'Conceptual' 20.196260041049968 53.38887032639155
 2.7627118644067794 93 6 8 6 23.474730683319343]
[27.405527868818947 'Conceptual' 20.196260041049968 53.38887032639155
 2.5932203389830506 93 6 8 7 27.405527868818947]
[29.495412325728545 'Conceptual' 20.196260041049968 53.38887032639155
 2.3559322033898304 93 6 8 8 29.495412325728545]
[31.86404390852805 'Conceptual' 20.196260041049968 53.38887032639155
 2.2033898305084745 93 6 8 9 31.86404390852805]
[34.93337153422361 'Conceptual' 20.196260041049968 53.38887032639155
 2.084745762711864 93 6 8 10 34.93337153422361]
[37.22057522959868 'Conceptual' 20.196260041049968 53.38887032639155
 2.0338983050847457 93 6 8 11 37.22057522959868]
[40.488531344253815 'Conceptual' 20.196260041049968 53.38887032639155
 1.9152542372881354 93 6 8 12 40.488531344253815]
[44.33554678885028 'Conceptual' 20.196260041049968 53.38887032639155
 1.7796610169491525 93 6 8 13 44.33554678885028]
[46.51106290247968 'Conceptual' 20.196260041049968 53.38887032639155
 1.8135593220338981 93 6 8 14 46.51106290247968]
[50.23872660807369 'Conceptual' 20.196260041049968 53.38887032639155
 1.7457627118644066 93 6 8 15 50.23872660807369]
[55.52752489292498 'Conceptual' 20.196260041049968 53.38887032639155
 1.694915254237288 93 6 8 16 55.52752489292498]
[57.85878939637017 'Conceptual' 20.196260041049968 53.38887032639155
 1.6779661016949152 93 6 8 17 57.85878939637017]
[61.65517674553681 'Conceptual' 20.196260041049968 53.38887032639155
 1.7457627118644066 93 6 8 18 61.65517674553681]
[67.10764507356271 'Conceptual' 20.196260041049968 53.38887032639155
 1.6779661016949152 93 6 8 19 67.10764507356271]
