[0.0 'Conceptual' 1.2569139445188753 0.014841834773814459 0.0 122 1 0 0
 0.0]
[4.1588830833596715 'Conceptual' 1.2569139445188753 0.014841834773814459
 3.8983050847457625 122 1 0 1 4.1588830833596715]
[8.232584569667946 'Conceptual' 1.2569139445188753 0.014841834773814459
 0.45762711864406774 122 1 0 2 8.232584569667946]
[12.391072728196068 'Conceptual' 1.2569139445188753 0.014841834773814459
 1.5762711864406778 122 1 0 3 12.391072728196068]
[16.431152965363985 'Conceptual' 1.2569139445188753 0.014841834773814459
 1.9152542372881354 122 1 0 4 16.431152965363985]
[20.625976989097897 'Conceptual' 1.2569139445188753 0.014841834773814459
 1.847457627118644 122 1 0 5 20.625976989097897]
[24.7250472735319 'Conceptual' 1.2569139445188753 0.014841834773814459
 0.1694915254237288 122 1 0 6 24.7250472735319]
[28.884798606669378 'Conceptual' 1.2569139445188753 0.014841834773814459
 0.1694915254237288 122 1 0 7 28.884798606669378]
[32.844868681353596 'Conceptual' 1.2569139445188753 0.014841834773814459
 1.406779661016949 122 1 0 8 32.844868681353596]
[36.68830249200597 'Conceptual' 1.2569139445188753 0.014841834773814459
 1.3559322033898304 122 1 0 9 36.68830249200597]
[40.515642517326945 'Conceptual' 1.2569139445188753 0.014841834773814459
 1.5254237288135593 122 1 0 10 40.515642517326945]
[43.86333231585544 'Conceptual' 1.2569139445188753 0.014841834773814459
 1.5084745762711864 122 1 0 11 43.86333231585544]
[47.132793832046545 'Conceptual' 1.2569139445188753 0.014841834773814459
 1.3559322033898304 122 1 0 12 47.132793832046545]
[49.70898151965699 'Conceptual' 1.2569139445188753 0.014841834773814459
 1.3389830508474576 122 1 0 13 49.70898151965699]
[51.81627285817467 'Conceptual' 1.2569139445188753 0.014841834773814459
 1.2372881355932202 122 1 0 14 51.81627285817467]
[54.000045829808556 'Conceptual' 1.2569139445188753 0.014841834773814459
 1.2372881355932202 122 1 0 15 54.000045829808556]
[55.54621861742847 'Conceptual' 1.2569139445188753 0.014841834773814459
 1.1694915254237288 122 1 0 16 55.54621861742847]
[57.36888119036316 'Conceptual' 1.2569139445188753 0.014841834773814459
 1.1016949152542372 122 1 0 17 57.36888119036316]
[58.67581399060497 'Conceptual' 1.2569139445188753 0.014841834773814459
 1.0169491525423728 122 1 0 18 58.67581399060497]
[60.511112508352944 'Conceptual' 1.2569139445188753 0.014841834773814459
 0.9999999999999999 122 1 0 19 60.511112508352944]
[0.0 'Conceptual' 1.2569139445188753 0.014841834773814459 0.0 122 1 2 0
 0.0]
[4.1588830833596715 'Conceptual' 1.2569139445188753 0.014841834773814459
 3.8983050847457625 122 1 2 1 4.1588830833596715]
[8.232584569667946 'Conceptual' 1.2569139445188753 0.014841834773814459
 0.45762711864406774 122 1 2 2 8.232584569667946]
[12.391072728196068 'Conceptual' 1.2569139445188753 0.014841834773814459
 1.5762711864406778 122 1 2 3 12.391072728196068]
[16.431152965363985 'Conceptual' 1.2569139445188753 0.014841834773814459
 1.9152542372881354 122 1 2 4 16.431152965363985]
[20.625976989097897 'Conceptual' 1.2569139445188753 0.014841834773814459
 1.847457627118644 122 1 2 5 20.625976989097897]
[24.7250472735319 'Conceptual' 1.2569139445188753 0.014841834773814459
 0.1694915254237288 122 1 2 6 24.7250472735319]
[28.884798606669378 'Conceptual' 1.2569139445188753 0.014841834773814459
 0.1694915254237288 122 1 2 7 28.884798606669378]
[32.844868681353596 'Conceptual' 1.2569139445188753 0.014841834773814459
 1.406779661016949 122 1 2 8 32.844868681353596]
[36.68830249200597 'Conceptual' 1.2569139445188753 0.014841834773814459
 1.3559322033898304 122 1 2 9 36.68830249200597]
[40.515642517326945 'Conceptual' 1.2569139445188753 0.014841834773814459
 1.5254237288135593 122 1 2 10 40.515642517326945]
[43.86333231585544 'Conceptual' 1.2569139445188753 0.014841834773814459
 1.5084745762711864 122 1 2 11 43.86333231585544]
[47.132793832046545 'Conceptual' 1.2569139445188753 0.014841834773814459
 1.3559322033898304 122 1 2 12 47.132793832046545]
[49.70898151965699 'Conceptual' 1.2569139445188753 0.014841834773814459
 1.3389830508474576 122 1 2 13 49.70898151965699]
[51.81627285817467 'Conceptual' 1.2569139445188753 0.014841834773814459
 1.2372881355932202 122 1 2 14 51.81627285817467]
[54.000045829808556 'Conceptual' 1.2569139445188753 0.014841834773814459
 1.2372881355932202 122 1 2 15 54.000045829808556]
[55.54621861742847 'Conceptual' 1.2569139445188753 0.014841834773814459
 1.1694915254237288 122 1 2 16 55.54621861742847]
[57.36888119036316 'Conceptual' 1.2569139445188753 0.014841834773814459
 1.1016949152542372 122 1 2 17 57.36888119036316]
[58.67581399060497 'Conceptual' 1.2569139445188753 0.014841834773814459
 1.0169491525423728 122 1 2 18 58.67581399060497]
[60.511112508352944 'Conceptual' 1.2569139445188753 0.014841834773814459
 0.9999999999999999 122 1 2 19 60.511112508352944]
[0.0 'Conceptual' 1.2569139445188753 0.014841834773814459 0.0 122 1 3 0
 0.0]
[4.1588830833596715 'Conceptual' 1.2569139445188753 0.014841834773814459
 3.8983050847457625 122 1 3 1 4.1588830833596715]
[8.232584569667946 'Conceptual' 1.2569139445188753 0.014841834773814459
 0.45762711864406774 122 1 3 2 8.232584569667946]
[12.391072728196068 'Conceptual' 1.2569139445188753 0.014841834773814459
 1.5762711864406778 122 1 3 3 12.391072728196068]
[16.431152965363985 'Conceptual' 1.2569139445188753 0.014841834773814459
 1.9152542372881354 122 1 3 4 16.431152965363985]
[20.625976989097897 'Conceptual' 1.2569139445188753 0.014841834773814459
 1.847457627118644 122 1 3 5 20.625976989097897]
[24.7250472735319 'Conceptual' 1.2569139445188753 0.014841834773814459
 0.1694915254237288 122 1 3 6 24.7250472735319]
[28.884798606669378 'Conceptual' 1.2569139445188753 0.014841834773814459
 0.1694915254237288 122 1 3 7 28.884798606669378]
[32.844868681353596 'Conceptual' 1.2569139445188753 0.014841834773814459
 1.406779661016949 122 1 3 8 32.844868681353596]
[36.68830249200597 'Conceptual' 1.2569139445188753 0.014841834773814459
 1.3559322033898304 122 1 3 9 36.68830249200597]
[40.515642517326945 'Conceptual' 1.2569139445188753 0.014841834773814459
 1.5254237288135593 122 1 3 10 40.515642517326945]
[43.86333231585544 'Conceptual' 1.2569139445188753 0.014841834773814459
 1.5084745762711864 122 1 3 11 43.86333231585544]
[47.132793832046545 'Conceptual' 1.2569139445188753 0.014841834773814459
 1.3559322033898304 122 1 3 12 47.132793832046545]
[49.70898151965699 'Conceptual' 1.2569139445188753 0.014841834773814459
 1.3389830508474576 122 1 3 13 49.70898151965699]
[51.81627285817467 'Conceptual' 1.2569139445188753 0.014841834773814459
 1.2372881355932202 122 1 3 14 51.81627285817467]
[54.000045829808556 'Conceptual' 1.2569139445188753 0.014841834773814459
 1.2372881355932202 122 1 3 15 54.000045829808556]
[55.54621861742847 'Conceptual' 1.2569139445188753 0.014841834773814459
 1.1694915254237288 122 1 3 16 55.54621861742847]
[57.36888119036316 'Conceptual' 1.2569139445188753 0.014841834773814459
 1.1016949152542372 122 1 3 17 57.36888119036316]
[58.67581399060497 'Conceptual' 1.2569139445188753 0.014841834773814459
 1.0169491525423728 122 1 3 18 58.67581399060497]
[60.511112508352944 'Conceptual' 1.2569139445188753 0.014841834773814459
 0.9999999999999999 122 1 3 19 60.511112508352944]
[0.0 'Conceptual' 1.2569139445188753 0.014841834773814459 0.0 122 1 4 0
 0.0]
[4.1588830833596715 'Conceptual' 1.2569139445188753 0.014841834773814459
 3.8983050847457625 122 1 4 1 4.1588830833596715]
[8.232584569667946 'Conceptual' 1.2569139445188753 0.014841834773814459
 0.45762711864406774 122 1 4 2 8.232584569667946]
[12.391072728196068 'Conceptual' 1.2569139445188753 0.014841834773814459
 1.5762711864406778 122 1 4 3 12.391072728196068]
[16.431152965363985 'Conceptual' 1.2569139445188753 0.014841834773814459
 1.9152542372881354 122 1 4 4 16.431152965363985]
[20.625976989097897 'Conceptual' 1.2569139445188753 0.014841834773814459
 1.847457627118644 122 1 4 5 20.625976989097897]
[24.7250472735319 'Conceptual' 1.2569139445188753 0.014841834773814459
 0.1694915254237288 122 1 4 6 24.7250472735319]
[28.884798606669378 'Conceptual' 1.2569139445188753 0.014841834773814459
 0.1694915254237288 122 1 4 7 28.884798606669378]
[32.844868681353596 'Conceptual' 1.2569139445188753 0.014841834773814459
 1.406779661016949 122 1 4 8 32.844868681353596]
[36.68830249200597 'Conceptual' 1.2569139445188753 0.014841834773814459
 1.3559322033898304 122 1 4 9 36.68830249200597]
[40.515642517326945 'Conceptual' 1.2569139445188753 0.014841834773814459
 1.5254237288135593 122 1 4 10 40.515642517326945]
[43.86333231585544 'Conceptual' 1.2569139445188753 0.014841834773814459
 1.5084745762711864 122 1 4 11 43.86333231585544]
[47.132793832046545 'Conceptual' 1.2569139445188753 0.014841834773814459
 1.3559322033898304 122 1 4 12 47.132793832046545]
[49.70898151965699 'Conceptual' 1.2569139445188753 0.014841834773814459
 1.3389830508474576 122 1 4 13 49.70898151965699]
[51.81627285817467 'Conceptual' 1.2569139445188753 0.014841834773814459
 1.2372881355932202 122 1 4 14 51.81627285817467]
[54.000045829808556 'Conceptual' 1.2569139445188753 0.014841834773814459
 1.2372881355932202 122 1 4 15 54.000045829808556]
[55.54621861742847 'Conceptual' 1.2569139445188753 0.014841834773814459
 1.1694915254237288 122 1 4 16 55.54621861742847]
[57.36888119036316 'Conceptual' 1.2569139445188753 0.014841834773814459
 1.1016949152542372 122 1 4 17 57.36888119036316]
[58.67581399060497 'Conceptual' 1.2569139445188753 0.014841834773814459
 1.0169491525423728 122 1 4 18 58.67581399060497]
[60.511112508352944 'Conceptual' 1.2569139445188753 0.014841834773814459
 0.9999999999999999 122 1 4 19 60.511112508352944]
[0.0 'Conceptual' 1.2569139445188753 0.014841834773814459 0.0 122 1 5 0
 0.0]
[4.1588830833596715 'Conceptual' 1.2569139445188753 0.014841834773814459
 3.8983050847457625 122 1 5 1 4.1588830833596715]
[8.232584569667946 'Conceptual' 1.2569139445188753 0.014841834773814459
 0.45762711864406774 122 1 5 2 8.232584569667946]
[12.391072728196068 'Conceptual' 1.2569139445188753 0.014841834773814459
 1.5762711864406778 122 1 5 3 12.391072728196068]
[16.431152965363985 'Conceptual' 1.2569139445188753 0.014841834773814459
 1.9152542372881354 122 1 5 4 16.431152965363985]
[20.625976989097897 'Conceptual' 1.2569139445188753 0.014841834773814459
 1.847457627118644 122 1 5 5 20.625976989097897]
[24.7250472735319 'Conceptual' 1.2569139445188753 0.014841834773814459
 0.1694915254237288 122 1 5 6 24.7250472735319]
[28.884798606669378 'Conceptual' 1.2569139445188753 0.014841834773814459
 0.1694915254237288 122 1 5 7 28.884798606669378]
[32.844868681353596 'Conceptual' 1.2569139445188753 0.014841834773814459
 1.406779661016949 122 1 5 8 32.844868681353596]
[36.68830249200597 'Conceptual' 1.2569139445188753 0.014841834773814459
 1.3559322033898304 122 1 5 9 36.68830249200597]
[40.515642517326945 'Conceptual' 1.2569139445188753 0.014841834773814459
 1.5254237288135593 122 1 5 10 40.515642517326945]
[43.86333231585544 'Conceptual' 1.2569139445188753 0.014841834773814459
 1.5084745762711864 122 1 5 11 43.86333231585544]
[47.132793832046545 'Conceptual' 1.2569139445188753 0.014841834773814459
 1.3559322033898304 122 1 5 12 47.132793832046545]
[49.70898151965699 'Conceptual' 1.2569139445188753 0.014841834773814459
 1.3389830508474576 122 1 5 13 49.70898151965699]
[51.81627285817467 'Conceptual' 1.2569139445188753 0.014841834773814459
 1.2372881355932202 122 1 5 14 51.81627285817467]
[54.000045829808556 'Conceptual' 1.2569139445188753 0.014841834773814459
 1.2372881355932202 122 1 5 15 54.000045829808556]
[55.54621861742847 'Conceptual' 1.2569139445188753 0.014841834773814459
 1.1694915254237288 122 1 5 16 55.54621861742847]
[57.36888119036316 'Conceptual' 1.2569139445188753 0.014841834773814459
 1.1016949152542372 122 1 5 17 57.36888119036316]
[58.67581399060497 'Conceptual' 1.2569139445188753 0.014841834773814459
 1.0169491525423728 122 1 5 18 58.67581399060497]
[60.511112508352944 'Conceptual' 1.2569139445188753 0.014841834773814459
 0.9999999999999999 122 1 5 19 60.511112508352944]
[0.0 'Conceptual' 1.2569139445188753 0.014841834773814459 0.0 122 1 6 0
 0.0]
[4.1588830833596715 'Conceptual' 1.2569139445188753 0.014841834773814459
 3.8983050847457625 122 1 6 1 4.1588830833596715]
[8.232584569667946 'Conceptual' 1.2569139445188753 0.014841834773814459
 0.45762711864406774 122 1 6 2 8.232584569667946]
[12.391072728196068 'Conceptual' 1.2569139445188753 0.014841834773814459
 1.5762711864406778 122 1 6 3 12.391072728196068]
[16.431152965363985 'Conceptual' 1.2569139445188753 0.014841834773814459
 1.9152542372881354 122 1 6 4 16.431152965363985]
[20.625976989097897 'Conceptual' 1.2569139445188753 0.014841834773814459
 1.847457627118644 122 1 6 5 20.625976989097897]
[24.7250472735319 'Conceptual' 1.2569139445188753 0.014841834773814459
 0.1694915254237288 122 1 6 6 24.7250472735319]
[28.884798606669378 'Conceptual' 1.2569139445188753 0.014841834773814459
 0.1694915254237288 122 1 6 7 28.884798606669378]
[32.844868681353596 'Conceptual' 1.2569139445188753 0.014841834773814459
 1.406779661016949 122 1 6 8 32.844868681353596]
[36.68830249200597 'Conceptual' 1.2569139445188753 0.014841834773814459
 1.3559322033898304 122 1 6 9 36.68830249200597]
[40.515642517326945 'Conceptual' 1.2569139445188753 0.014841834773814459
 1.5254237288135593 122 1 6 10 40.515642517326945]
[43.86333231585544 'Conceptual' 1.2569139445188753 0.014841834773814459
 1.5084745762711864 122 1 6 11 43.86333231585544]
[47.132793832046545 'Conceptual' 1.2569139445188753 0.014841834773814459
 1.3559322033898304 122 1 6 12 47.132793832046545]
[49.70898151965699 'Conceptual' 1.2569139445188753 0.014841834773814459
 1.3389830508474576 122 1 6 13 49.70898151965699]
[51.81627285817467 'Conceptual' 1.2569139445188753 0.014841834773814459
 1.2372881355932202 122 1 6 14 51.81627285817467]
[54.000045829808556 'Conceptual' 1.2569139445188753 0.014841834773814459
 1.2372881355932202 122 1 6 15 54.000045829808556]
[55.54621861742847 'Conceptual' 1.2569139445188753 0.014841834773814459
 1.1694915254237288 122 1 6 16 55.54621861742847]
[57.36888119036316 'Conceptual' 1.2569139445188753 0.014841834773814459
 1.1016949152542372 122 1 6 17 57.36888119036316]
[58.67581399060497 'Conceptual' 1.2569139445188753 0.014841834773814459
 1.0169491525423728 122 1 6 18 58.67581399060497]
[60.511112508352944 'Conceptual' 1.2569139445188753 0.014841834773814459
 0.9999999999999999 122 1 6 19 60.511112508352944]
[0.0 'Conceptual' 1.2569139445188753 0.014841834773814459 0.0 122 1 7 0
 0.0]
[4.1588830833596715 'Conceptual' 1.2569139445188753 0.014841834773814459
 3.8983050847457625 122 1 7 1 4.1588830833596715]
[8.232584569667946 'Conceptual' 1.2569139445188753 0.014841834773814459
 0.45762711864406774 122 1 7 2 8.232584569667946]
[12.391072728196068 'Conceptual' 1.2569139445188753 0.014841834773814459
 1.5762711864406778 122 1 7 3 12.391072728196068]
[16.431152965363985 'Conceptual' 1.2569139445188753 0.014841834773814459
 1.9152542372881354 122 1 7 4 16.431152965363985]
[20.625976989097897 'Conceptual' 1.2569139445188753 0.014841834773814459
 1.847457627118644 122 1 7 5 20.625976989097897]
[24.7250472735319 'Conceptual' 1.2569139445188753 0.014841834773814459
 0.1694915254237288 122 1 7 6 24.7250472735319]
[28.884798606669378 'Conceptual' 1.2569139445188753 0.014841834773814459
 0.1694915254237288 122 1 7 7 28.884798606669378]
[32.844868681353596 'Conceptual' 1.2569139445188753 0.014841834773814459
 1.406779661016949 122 1 7 8 32.844868681353596]
[36.68830249200597 'Conceptual' 1.2569139445188753 0.014841834773814459
 1.3559322033898304 122 1 7 9 36.68830249200597]
[40.515642517326945 'Conceptual' 1.2569139445188753 0.014841834773814459
 1.5254237288135593 122 1 7 10 40.515642517326945]
[43.86333231585544 'Conceptual' 1.2569139445188753 0.014841834773814459
 1.5084745762711864 122 1 7 11 43.86333231585544]
[47.132793832046545 'Conceptual' 1.2569139445188753 0.014841834773814459
 1.3559322033898304 122 1 7 12 47.132793832046545]
[49.70898151965699 'Conceptual' 1.2569139445188753 0.014841834773814459
 1.3389830508474576 122 1 7 13 49.70898151965699]
[51.81627285817467 'Conceptual' 1.2569139445188753 0.014841834773814459
 1.2372881355932202 122 1 7 14 51.81627285817467]
[54.000045829808556 'Conceptual' 1.2569139445188753 0.014841834773814459
 1.2372881355932202 122 1 7 15 54.000045829808556]
[55.54621861742847 'Conceptual' 1.2569139445188753 0.014841834773814459
 1.1694915254237288 122 1 7 16 55.54621861742847]
[57.36888119036316 'Conceptual' 1.2569139445188753 0.014841834773814459
 1.1016949152542372 122 1 7 17 57.36888119036316]
[58.67581399060497 'Conceptual' 1.2569139445188753 0.014841834773814459
 1.0169491525423728 122 1 7 18 58.67581399060497]
[60.511112508352944 'Conceptual' 1.2569139445188753 0.014841834773814459
 0.9999999999999999 122 1 7 19 60.511112508352944]
[0.0 'Conceptual' 1.2569139445188753 0.014841834773814459 0.0 122 1 8 0
 0.0]
[4.1588830833596715 'Conceptual' 1.2569139445188753 0.014841834773814459
 3.8983050847457625 122 1 8 1 4.1588830833596715]
[8.232584569667946 'Conceptual' 1.2569139445188753 0.014841834773814459
 0.45762711864406774 122 1 8 2 8.232584569667946]
[12.391072728196068 'Conceptual' 1.2569139445188753 0.014841834773814459
 1.5762711864406778 122 1 8 3 12.391072728196068]
[16.431152965363985 'Conceptual' 1.2569139445188753 0.014841834773814459
 1.9152542372881354 122 1 8 4 16.431152965363985]
[20.625976989097897 'Conceptual' 1.2569139445188753 0.014841834773814459
 1.847457627118644 122 1 8 5 20.625976989097897]
[24.7250472735319 'Conceptual' 1.2569139445188753 0.014841834773814459
 0.1694915254237288 122 1 8 6 24.7250472735319]
[28.884798606669378 'Conceptual' 1.2569139445188753 0.014841834773814459
 0.1694915254237288 122 1 8 7 28.884798606669378]
[32.844868681353596 'Conceptual' 1.2569139445188753 0.014841834773814459
 1.406779661016949 122 1 8 8 32.844868681353596]
[36.68830249200597 'Conceptual' 1.2569139445188753 0.014841834773814459
 1.3559322033898304 122 1 8 9 36.68830249200597]
[40.515642517326945 'Conceptual' 1.2569139445188753 0.014841834773814459
 1.5254237288135593 122 1 8 10 40.515642517326945]
[43.86333231585544 'Conceptual' 1.2569139445188753 0.014841834773814459
 1.5084745762711864 122 1 8 11 43.86333231585544]
[47.132793832046545 'Conceptual' 1.2569139445188753 0.014841834773814459
 1.3559322033898304 122 1 8 12 47.132793832046545]
[49.70898151965699 'Conceptual' 1.2569139445188753 0.014841834773814459
 1.3389830508474576 122 1 8 13 49.70898151965699]
[51.81627285817467 'Conceptual' 1.2569139445188753 0.014841834773814459
 1.2372881355932202 122 1 8 14 51.81627285817467]
[54.000045829808556 'Conceptual' 1.2569139445188753 0.014841834773814459
 1.2372881355932202 122 1 8 15 54.000045829808556]
[55.54621861742847 'Conceptual' 1.2569139445188753 0.014841834773814459
 1.1694915254237288 122 1 8 16 55.54621861742847]
[57.36888119036316 'Conceptual' 1.2569139445188753 0.014841834773814459
 1.1016949152542372 122 1 8 17 57.36888119036316]
[58.67581399060497 'Conceptual' 1.2569139445188753 0.014841834773814459
 1.0169491525423728 122 1 8 18 58.67581399060497]
[60.511112508352944 'Conceptual' 1.2569139445188753 0.014841834773814459
 0.9999999999999999 122 1 8 19 60.511112508352944]
