[0.0 'Spatial' 1.6428845968402994 0.06387337977605441 0.0 96 4 0 0 0.0]
[4.1588830833596715 'Spatial' 1.6428845968402994 0.06387337977605441
 6.440677966101694 96 4 0 1 4.1588830833596715]
[8.317766166719343 'Spatial' 1.6428845968402994 0.06387337977605441
 4.23728813559322 96 4 0 2 8.317766166719343]
[12.446207504540244 'Spatial' 1.6428845968402994 0.06387337977605441
 3.7288135593220337 96 4 0 3 12.446207504540244]
[16.600327033104797 'Spatial' 1.6428845968402994 0.06387337977605441
 3.4745762711864403 96 4 0 4 16.600327033104797]
[20.677626555057593 'Spatial' 1.6428845968402994 0.06387337977605441
 2.694915254237288 96 4 0 5 20.677626555057593]
[24.56897240625004 'Spatial' 1.6428845968402994 0.06387337977605441
 2.423728813559322 96 4 0 6 24.56897240625004]
[28.470480497559432 'Spatial' 1.6428845968402994 0.06387337977605441
 2.423728813559322 96 4 0 7 28.470480497559432]
[32.119340951281146 'Spatial' 1.6428845968402994 0.06387337977605441
 2.254237288135593 96 4 0 8 32.119340951281146]
[36.419822953804285 'Spatial' 1.6428845968402994 0.06387337977605441
 2.5932203389830506 96 4 0 9 36.419822953804285]
[40.41547446728088 'Spatial' 1.6428845968402994 0.06387337977605441
 0.6610169491525423 96 4 0 10 40.41547446728088]
[43.464929505000086 'Spatial' 1.6428845968402994 0.06387337977605441
 0.7288135593220338 96 4 0 11 43.464929505000086]
[45.842716694761684 'Spatial' 1.6428845968402994 0.06387337977605441
 0.7288135593220338 96 4 0 12 45.842716694761684]
[47.605292992733034 'Spatial' 1.6428845968402994 0.06387337977605441
 0.7288135593220338 96 4 0 13 47.605292992733034]
[48.82453095512271 'Spatial' 1.6428845968402994 0.06387337977605441
 0.7288135593220338 96 4 0 14 48.82453095512271]
[51.98247808263293 'Spatial' 1.6428845968402994 0.06387337977605441
 0.7627118644067796 96 4 0 15 51.98247808263293]
[54.970319024024995 'Spatial' 1.6428845968402994 0.06387337977605441
 0.8305084745762711 96 4 0 16 54.970319024024995]
[57.37844176369545 'Spatial' 1.6428845968402994 0.06387337977605441
 0.8305084745762711 96 4 0 17 57.37844176369545]
[59.35439112026979 'Spatial' 1.6428845968402994 0.06387337977605441
 0.8305084745762711 96 4 0 18 59.35439112026979]
[60.15076588867458 'Spatial' 1.6428845968402994 0.06387337977605441
 0.7627118644067796 96 4 0 19 60.15076588867458]
[0.0 'Spatial' 1.6428845968402994 0.06387337977605441 0.0 96 4 1 0 0.0]
[4.1588830833596715 'Spatial' 1.6428845968402994 0.06387337977605441
 6.440677966101694 96 4 1 1 4.1588830833596715]
[8.317766166719343 'Spatial' 1.6428845968402994 0.06387337977605441
 4.23728813559322 96 4 1 2 8.317766166719343]
[12.446207504540244 'Spatial' 1.6428845968402994 0.06387337977605441
 3.7288135593220337 96 4 1 3 12.446207504540244]
[16.600327033104797 'Spatial' 1.6428845968402994 0.06387337977605441
 3.4745762711864403 96 4 1 4 16.600327033104797]
[20.677626555057593 'Spatial' 1.6428845968402994 0.06387337977605441
 2.694915254237288 96 4 1 5 20.677626555057593]
[24.56897240625004 'Spatial' 1.6428845968402994 0.06387337977605441
 2.423728813559322 96 4 1 6 24.56897240625004]
[28.470480497559432 'Spatial' 1.6428845968402994 0.06387337977605441
 2.423728813559322 96 4 1 7 28.470480497559432]
[32.119340951281146 'Spatial' 1.6428845968402994 0.06387337977605441
 2.254237288135593 96 4 1 8 32.119340951281146]
[36.419822953804285 'Spatial' 1.6428845968402994 0.06387337977605441
 2.5932203389830506 96 4 1 9 36.419822953804285]
[40.41547446728088 'Spatial' 1.6428845968402994 0.06387337977605441
 0.6610169491525423 96 4 1 10 40.41547446728088]
[43.464929505000086 'Spatial' 1.6428845968402994 0.06387337977605441
 0.7288135593220338 96 4 1 11 43.464929505000086]
[45.842716694761684 'Spatial' 1.6428845968402994 0.06387337977605441
 0.7288135593220338 96 4 1 12 45.842716694761684]
[47.605292992733034 'Spatial' 1.6428845968402994 0.06387337977605441
 0.7288135593220338 96 4 1 13 47.605292992733034]
[48.82453095512271 'Spatial' 1.6428845968402994 0.06387337977605441
 0.7288135593220338 96 4 1 14 48.82453095512271]
[51.98247808263293 'Spatial' 1.6428845968402994 0.06387337977605441
 0.7627118644067796 96 4 1 15 51.98247808263293]
[54.970319024024995 'Spatial' 1.6428845968402994 0.06387337977605441
 0.8305084745762711 96 4 1 16 54.970319024024995]
[57.37844176369545 'Spatial' 1.6428845968402994 0.06387337977605441
 0.8305084745762711 96 4 1 17 57.37844176369545]
[59.35439112026979 'Spatial' 1.6428845968402994 0.06387337977605441
 0.8305084745762711 96 4 1 18 59.35439112026979]
[60.15076588867458 'Spatial' 1.6428845968402994 0.06387337977605441
 0.7627118644067796 96 4 1 19 60.15076588867458]
[0.0 'Spatial' 1.6428845968402994 0.06387337977605441 0.0 96 4 2 0 0.0]
[4.1588830833596715 'Spatial' 1.6428845968402994 0.06387337977605441
 6.440677966101694 96 4 2 1 4.1588830833596715]
[8.317766166719343 'Spatial' 1.6428845968402994 0.06387337977605441
 4.23728813559322 96 4 2 2 8.317766166719343]
[12.446207504540244 'Spatial' 1.6428845968402994 0.06387337977605441
 3.7288135593220337 96 4 2 3 12.446207504540244]
[16.600327033104797 'Spatial' 1.6428845968402994 0.06387337977605441
 3.4745762711864403 96 4 2 4 16.600327033104797]
[20.677626555057593 'Spatial' 1.6428845968402994 0.06387337977605441
 2.694915254237288 96 4 2 5 20.677626555057593]
[24.56897240625004 'Spatial' 1.6428845968402994 0.06387337977605441
 2.423728813559322 96 4 2 6 24.56897240625004]
[28.470480497559432 'Spatial' 1.6428845968402994 0.06387337977605441
 2.423728813559322 96 4 2 7 28.470480497559432]
[32.119340951281146 'Spatial' 1.6428845968402994 0.06387337977605441
 2.254237288135593 96 4 2 8 32.119340951281146]
[36.419822953804285 'Spatial' 1.6428845968402994 0.06387337977605441
 2.5932203389830506 96 4 2 9 36.419822953804285]
[40.41547446728088 'Spatial' 1.6428845968402994 0.06387337977605441
 0.6610169491525423 96 4 2 10 40.41547446728088]
[43.464929505000086 'Spatial' 1.6428845968402994 0.06387337977605441
 0.7288135593220338 96 4 2 11 43.464929505000086]
[45.842716694761684 'Spatial' 1.6428845968402994 0.06387337977605441
 0.7288135593220338 96 4 2 12 45.842716694761684]
[47.605292992733034 'Spatial' 1.6428845968402994 0.06387337977605441
 0.7288135593220338 96 4 2 13 47.605292992733034]
[48.82453095512271 'Spatial' 1.6428845968402994 0.06387337977605441
 0.7288135593220338 96 4 2 14 48.82453095512271]
[51.98247808263293 'Spatial' 1.6428845968402994 0.06387337977605441
 0.7627118644067796 96 4 2 15 51.98247808263293]
[54.970319024024995 'Spatial' 1.6428845968402994 0.06387337977605441
 0.8305084745762711 96 4 2 16 54.970319024024995]
[57.37844176369545 'Spatial' 1.6428845968402994 0.06387337977605441
 0.8305084745762711 96 4 2 17 57.37844176369545]
[59.35439112026979 'Spatial' 1.6428845968402994 0.06387337977605441
 0.8305084745762711 96 4 2 18 59.35439112026979]
[60.15076588867458 'Spatial' 1.6428845968402994 0.06387337977605441
 0.7627118644067796 96 4 2 19 60.15076588867458]
[0.0 'Spatial' 1.6428845968402994 0.06387337977605441 0.0 96 4 3 0 0.0]
[4.1588830833596715 'Spatial' 1.6428845968402994 0.06387337977605441
 6.440677966101694 96 4 3 1 4.1588830833596715]
[8.317766166719343 'Spatial' 1.6428845968402994 0.06387337977605441
 4.23728813559322 96 4 3 2 8.317766166719343]
[12.446207504540244 'Spatial' 1.6428845968402994 0.06387337977605441
 3.7288135593220337 96 4 3 3 12.446207504540244]
[16.600327033104797 'Spatial' 1.6428845968402994 0.06387337977605441
 3.4745762711864403 96 4 3 4 16.600327033104797]
[20.677626555057593 'Spatial' 1.6428845968402994 0.06387337977605441
 2.694915254237288 96 4 3 5 20.677626555057593]
[24.56897240625004 'Spatial' 1.6428845968402994 0.06387337977605441
 2.423728813559322 96 4 3 6 24.56897240625004]
[28.470480497559432 'Spatial' 1.6428845968402994 0.06387337977605441
 2.423728813559322 96 4 3 7 28.470480497559432]
[32.119340951281146 'Spatial' 1.6428845968402994 0.06387337977605441
 2.254237288135593 96 4 3 8 32.119340951281146]
[36.419822953804285 'Spatial' 1.6428845968402994 0.06387337977605441
 2.5932203389830506 96 4 3 9 36.419822953804285]
[40.41547446728088 'Spatial' 1.6428845968402994 0.06387337977605441
 0.6610169491525423 96 4 3 10 40.41547446728088]
[43.464929505000086 'Spatial' 1.6428845968402994 0.06387337977605441
 0.7288135593220338 96 4 3 11 43.464929505000086]
[45.842716694761684 'Spatial' 1.6428845968402994 0.06387337977605441
 0.7288135593220338 96 4 3 12 45.842716694761684]
[47.605292992733034 'Spatial' 1.6428845968402994 0.06387337977605441
 0.7288135593220338 96 4 3 13 47.605292992733034]
[48.82453095512271 'Spatial' 1.6428845968402994 0.06387337977605441
 0.7288135593220338 96 4 3 14 48.82453095512271]
[51.98247808263293 'Spatial' 1.6428845968402994 0.06387337977605441
 0.7627118644067796 96 4 3 15 51.98247808263293]
[54.970319024024995 'Spatial' 1.6428845968402994 0.06387337977605441
 0.8305084745762711 96 4 3 16 54.970319024024995]
[57.37844176369545 'Spatial' 1.6428845968402994 0.06387337977605441
 0.8305084745762711 96 4 3 17 57.37844176369545]
[59.35439112026979 'Spatial' 1.6428845968402994 0.06387337977605441
 0.8305084745762711 96 4 3 18 59.35439112026979]
[60.15076588867458 'Spatial' 1.6428845968402994 0.06387337977605441
 0.7627118644067796 96 4 3 19 60.15076588867458]
[0.0 'Spatial' 1.6428845968402994 0.06387337977605441 0.0 96 4 5 0 0.0]
[4.1588830833596715 'Spatial' 1.6428845968402994 0.06387337977605441
 6.440677966101694 96 4 5 1 4.1588830833596715]
[8.317766166719343 'Spatial' 1.6428845968402994 0.06387337977605441
 4.23728813559322 96 4 5 2 8.317766166719343]
[12.446207504540244 'Spatial' 1.6428845968402994 0.06387337977605441
 3.7288135593220337 96 4 5 3 12.446207504540244]
[16.600327033104797 'Spatial' 1.6428845968402994 0.06387337977605441
 3.4745762711864403 96 4 5 4 16.600327033104797]
[20.677626555057593 'Spatial' 1.6428845968402994 0.06387337977605441
 2.694915254237288 96 4 5 5 20.677626555057593]
[24.56897240625004 'Spatial' 1.6428845968402994 0.06387337977605441
 2.423728813559322 96 4 5 6 24.56897240625004]
[28.470480497559432 'Spatial' 1.6428845968402994 0.06387337977605441
 2.423728813559322 96 4 5 7 28.470480497559432]
[32.119340951281146 'Spatial' 1.6428845968402994 0.06387337977605441
 2.254237288135593 96 4 5 8 32.119340951281146]
[36.419822953804285 'Spatial' 1.6428845968402994 0.06387337977605441
 2.5932203389830506 96 4 5 9 36.419822953804285]
[40.41547446728088 'Spatial' 1.6428845968402994 0.06387337977605441
 0.6610169491525423 96 4 5 10 40.41547446728088]
[43.464929505000086 'Spatial' 1.6428845968402994 0.06387337977605441
 0.7288135593220338 96 4 5 11 43.464929505000086]
[45.842716694761684 'Spatial' 1.6428845968402994 0.06387337977605441
 0.7288135593220338 96 4 5 12 45.842716694761684]
[47.605292992733034 'Spatial' 1.6428845968402994 0.06387337977605441
 0.7288135593220338 96 4 5 13 47.605292992733034]
[48.82453095512271 'Spatial' 1.6428845968402994 0.06387337977605441
 0.7288135593220338 96 4 5 14 48.82453095512271]
[51.98247808263293 'Spatial' 1.6428845968402994 0.06387337977605441
 0.7627118644067796 96 4 5 15 51.98247808263293]
[54.970319024024995 'Spatial' 1.6428845968402994 0.06387337977605441
 0.8305084745762711 96 4 5 16 54.970319024024995]
[57.37844176369545 'Spatial' 1.6428845968402994 0.06387337977605441
 0.8305084745762711 96 4 5 17 57.37844176369545]
[59.35439112026979 'Spatial' 1.6428845968402994 0.06387337977605441
 0.8305084745762711 96 4 5 18 59.35439112026979]
[60.15076588867458 'Spatial' 1.6428845968402994 0.06387337977605441
 0.7627118644067796 96 4 5 19 60.15076588867458]
[0.0 'Spatial' 1.6428845968402994 0.06387337977605441 0.0 96 4 6 0 0.0]
[4.1588830833596715 'Spatial' 1.6428845968402994 0.06387337977605441
 6.440677966101694 96 4 6 1 4.1588830833596715]
[8.317766166719343 'Spatial' 1.6428845968402994 0.06387337977605441
 4.23728813559322 96 4 6 2 8.317766166719343]
[12.446207504540244 'Spatial' 1.6428845968402994 0.06387337977605441
 3.7288135593220337 96 4 6 3 12.446207504540244]
[16.600327033104797 'Spatial' 1.6428845968402994 0.06387337977605441
 3.4745762711864403 96 4 6 4 16.600327033104797]
[20.677626555057593 'Spatial' 1.6428845968402994 0.06387337977605441
 2.694915254237288 96 4 6 5 20.677626555057593]
[24.56897240625004 'Spatial' 1.6428845968402994 0.06387337977605441
 2.423728813559322 96 4 6 6 24.56897240625004]
[28.470480497559432 'Spatial' 1.6428845968402994 0.06387337977605441
 2.423728813559322 96 4 6 7 28.470480497559432]
[32.119340951281146 'Spatial' 1.6428845968402994 0.06387337977605441
 2.254237288135593 96 4 6 8 32.119340951281146]
[36.419822953804285 'Spatial' 1.6428845968402994 0.06387337977605441
 2.5932203389830506 96 4 6 9 36.419822953804285]
[40.41547446728088 'Spatial' 1.6428845968402994 0.06387337977605441
 0.6610169491525423 96 4 6 10 40.41547446728088]
[43.464929505000086 'Spatial' 1.6428845968402994 0.06387337977605441
 0.7288135593220338 96 4 6 11 43.464929505000086]
[45.842716694761684 'Spatial' 1.6428845968402994 0.06387337977605441
 0.7288135593220338 96 4 6 12 45.842716694761684]
[47.605292992733034 'Spatial' 1.6428845968402994 0.06387337977605441
 0.7288135593220338 96 4 6 13 47.605292992733034]
[48.82453095512271 'Spatial' 1.6428845968402994 0.06387337977605441
 0.7288135593220338 96 4 6 14 48.82453095512271]
[51.98247808263293 'Spatial' 1.6428845968402994 0.06387337977605441
 0.7627118644067796 96 4 6 15 51.98247808263293]
[54.970319024024995 'Spatial' 1.6428845968402994 0.06387337977605441
 0.8305084745762711 96 4 6 16 54.970319024024995]
[57.37844176369545 'Spatial' 1.6428845968402994 0.06387337977605441
 0.8305084745762711 96 4 6 17 57.37844176369545]
[59.35439112026979 'Spatial' 1.6428845968402994 0.06387337977605441
 0.8305084745762711 96 4 6 18 59.35439112026979]
[60.15076588867458 'Spatial' 1.6428845968402994 0.06387337977605441
 0.7627118644067796 96 4 6 19 60.15076588867458]
[0.0 'Spatial' 1.6428845968402994 0.06387337977605441 0.0 96 4 7 0 0.0]
[4.1588830833596715 'Spatial' 1.6428845968402994 0.06387337977605441
 6.440677966101694 96 4 7 1 4.1588830833596715]
[8.317766166719343 'Spatial' 1.6428845968402994 0.06387337977605441
 4.23728813559322 96 4 7 2 8.317766166719343]
[12.446207504540244 'Spatial' 1.6428845968402994 0.06387337977605441
 3.7288135593220337 96 4 7 3 12.446207504540244]
[16.600327033104797 'Spatial' 1.6428845968402994 0.06387337977605441
 3.4745762711864403 96 4 7 4 16.600327033104797]
[20.677626555057593 'Spatial' 1.6428845968402994 0.06387337977605441
 2.694915254237288 96 4 7 5 20.677626555057593]
[24.56897240625004 'Spatial' 1.6428845968402994 0.06387337977605441
 2.423728813559322 96 4 7 6 24.56897240625004]
[28.470480497559432 'Spatial' 1.6428845968402994 0.06387337977605441
 2.423728813559322 96 4 7 7 28.470480497559432]
[32.119340951281146 'Spatial' 1.6428845968402994 0.06387337977605441
 2.254237288135593 96 4 7 8 32.119340951281146]
[36.419822953804285 'Spatial' 1.6428845968402994 0.06387337977605441
 2.5932203389830506 96 4 7 9 36.419822953804285]
[40.41547446728088 'Spatial' 1.6428845968402994 0.06387337977605441
 0.6610169491525423 96 4 7 10 40.41547446728088]
[43.464929505000086 'Spatial' 1.6428845968402994 0.06387337977605441
 0.7288135593220338 96 4 7 11 43.464929505000086]
[45.842716694761684 'Spatial' 1.6428845968402994 0.06387337977605441
 0.7288135593220338 96 4 7 12 45.842716694761684]
[47.605292992733034 'Spatial' 1.6428845968402994 0.06387337977605441
 0.7288135593220338 96 4 7 13 47.605292992733034]
[48.82453095512271 'Spatial' 1.6428845968402994 0.06387337977605441
 0.7288135593220338 96 4 7 14 48.82453095512271]
[51.98247808263293 'Spatial' 1.6428845968402994 0.06387337977605441
 0.7627118644067796 96 4 7 15 51.98247808263293]
[54.970319024024995 'Spatial' 1.6428845968402994 0.06387337977605441
 0.8305084745762711 96 4 7 16 54.970319024024995]
[57.37844176369545 'Spatial' 1.6428845968402994 0.06387337977605441
 0.8305084745762711 96 4 7 17 57.37844176369545]
[59.35439112026979 'Spatial' 1.6428845968402994 0.06387337977605441
 0.8305084745762711 96 4 7 18 59.35439112026979]
[60.15076588867458 'Spatial' 1.6428845968402994 0.06387337977605441
 0.7627118644067796 96 4 7 19 60.15076588867458]
[0.0 'Spatial' 1.6428845968402994 0.06387337977605441 0.0 96 4 8 0 0.0]
[4.1588830833596715 'Spatial' 1.6428845968402994 0.06387337977605441
 6.440677966101694 96 4 8 1 4.1588830833596715]
[8.317766166719343 'Spatial' 1.6428845968402994 0.06387337977605441
 4.23728813559322 96 4 8 2 8.317766166719343]
[12.446207504540244 'Spatial' 1.6428845968402994 0.06387337977605441
 3.7288135593220337 96 4 8 3 12.446207504540244]
[16.600327033104797 'Spatial' 1.6428845968402994 0.06387337977605441
 3.4745762711864403 96 4 8 4 16.600327033104797]
[20.677626555057593 'Spatial' 1.6428845968402994 0.06387337977605441
 2.694915254237288 96 4 8 5 20.677626555057593]
[24.56897240625004 'Spatial' 1.6428845968402994 0.06387337977605441
 2.423728813559322 96 4 8 6 24.56897240625004]
[28.470480497559432 'Spatial' 1.6428845968402994 0.06387337977605441
 2.423728813559322 96 4 8 7 28.470480497559432]
[32.119340951281146 'Spatial' 1.6428845968402994 0.06387337977605441
 2.254237288135593 96 4 8 8 32.119340951281146]
[36.419822953804285 'Spatial' 1.6428845968402994 0.06387337977605441
 2.5932203389830506 96 4 8 9 36.419822953804285]
[40.41547446728088 'Spatial' 1.6428845968402994 0.06387337977605441
 0.6610169491525423 96 4 8 10 40.41547446728088]
[43.464929505000086 'Spatial' 1.6428845968402994 0.06387337977605441
 0.7288135593220338 96 4 8 11 43.464929505000086]
[45.842716694761684 'Spatial' 1.6428845968402994 0.06387337977605441
 0.7288135593220338 96 4 8 12 45.842716694761684]
[47.605292992733034 'Spatial' 1.6428845968402994 0.06387337977605441
 0.7288135593220338 96 4 8 13 47.605292992733034]
[48.82453095512271 'Spatial' 1.6428845968402994 0.06387337977605441
 0.7288135593220338 96 4 8 14 48.82453095512271]
[51.98247808263293 'Spatial' 1.6428845968402994 0.06387337977605441
 0.7627118644067796 96 4 8 15 51.98247808263293]
[54.970319024024995 'Spatial' 1.6428845968402994 0.06387337977605441
 0.8305084745762711 96 4 8 16 54.970319024024995]
[57.37844176369545 'Spatial' 1.6428845968402994 0.06387337977605441
 0.8305084745762711 96 4 8 17 57.37844176369545]
[59.35439112026979 'Spatial' 1.6428845968402994 0.06387337977605441
 0.8305084745762711 96 4 8 18 59.35439112026979]
[60.15076588867458 'Spatial' 1.6428845968402994 0.06387337977605441
 0.7627118644067796 96 4 8 19 60.15076588867458]
