[0.0 'Conceptual' 12.578603509335654 25.08524554096804 0.0 58 4 0 0 0.0]
[5.022669744073884 'Conceptual' 12.578603509335654 25.08524554096804
 10.169491525423728 58 4 0 1 5.022669744073884]
[7.343857616413957 'Conceptual' 12.578603509335654 25.08524554096804
 5.372881355932203 58 4 0 2 7.343857616413957]
[10.183577387103306 'Conceptual' 12.578603509335654 25.08524554096804
 4.11864406779661 58 4 0 3 10.183577387103306]
[13.408252751954535 'Conceptual' 12.578603509335654 25.08524554096804
 3.542372881355932 58 4 0 4 13.408252751954535]
[18.82671429563499 'Conceptual' 12.578603509335654 25.08524554096804
 3.2033898305084745 58 4 0 5 18.82671429563499]
[22.649123256536544 'Conceptual' 12.578603509335654 25.08524554096804
 2.7627118644067794 58 4 0 6 22.649123256536544]
[27.59138175326015 'Conceptual' 12.578603509335654 25.08524554096804
 2.254237288135593 58 4 0 7 27.59138175326015]
[30.363846931030224 'Conceptual' 12.578603509335654 25.08524554096804
 2.0338983050847457 58 4 0 8 30.363846931030224]
[33.191171438154676 'Conceptual' 12.578603509335654 25.08524554096804
 1.9491525423728813 58 4 0 9 33.191171438154676]
[37.301120559964176 'Conceptual' 12.578603509335654 25.08524554096804
 1.847457627118644 58 4 0 10 37.301120559964176]
[40.591617845971896 'Conceptual' 12.578603509335654 25.08524554096804
 1.7457627118644066 58 4 0 11 40.591617845971896]
[43.75400771160439 'Conceptual' 12.578603509335654 25.08524554096804
 1.7457627118644066 58 4 0 12 43.75400771160439]
[47.35441113710343 'Conceptual' 12.578603509335654 25.08524554096804
 1.5762711864406778 58 4 0 13 47.35441113710343]
[51.377432248383585 'Conceptual' 12.578603509335654 25.08524554096804
 1.5762711864406778 58 4 0 14 51.377432248383585]
[54.23468816897106 'Conceptual' 12.578603509335654 25.08524554096804
 1.5254237288135593 58 4 0 15 54.23468816897106]
[57.152602462017114 'Conceptual' 12.578603509335654 25.08524554096804
 1.5084745762711864 58 4 0 16 57.152602462017114]
[59.94495399007259 'Conceptual' 12.578603509335654 25.08524554096804
 1.406779661016949 58 4 0 17 59.94495399007259]
[64.65628279905941 'Conceptual' 12.578603509335654 25.08524554096804
 1.3559322033898304 58 4 0 18 64.65628279905941]
[67.80877257771408 'Conceptual' 12.578603509335654 25.08524554096804
 1.271186440677966 58 4 0 19 67.80877257771408]
[0.0 'Conceptual' 12.578603509335654 25.08524554096804 0.0 58 4 1 0 0.0]
[5.022669744073884 'Conceptual' 12.578603509335654 25.08524554096804
 10.169491525423728 58 4 1 1 5.022669744073884]
[7.343857616413957 'Conceptual' 12.578603509335654 25.08524554096804
 5.372881355932203 58 4 1 2 7.343857616413957]
[10.183577387103306 'Conceptual' 12.578603509335654 25.08524554096804
 4.11864406779661 58 4 1 3 10.183577387103306]
[13.408252751954535 'Conceptual' 12.578603509335654 25.08524554096804
 3.542372881355932 58 4 1 4 13.408252751954535]
[18.82671429563499 'Conceptual' 12.578603509335654 25.08524554096804
 3.2033898305084745 58 4 1 5 18.82671429563499]
[22.649123256536544 'Conceptual' 12.578603509335654 25.08524554096804
 2.7627118644067794 58 4 1 6 22.649123256536544]
[27.59138175326015 'Conceptual' 12.578603509335654 25.08524554096804
 2.254237288135593 58 4 1 7 27.59138175326015]
[30.363846931030224 'Conceptual' 12.578603509335654 25.08524554096804
 2.0338983050847457 58 4 1 8 30.363846931030224]
[33.191171438154676 'Conceptual' 12.578603509335654 25.08524554096804
 1.9491525423728813 58 4 1 9 33.191171438154676]
[37.301120559964176 'Conceptual' 12.578603509335654 25.08524554096804
 1.847457627118644 58 4 1 10 37.301120559964176]
[40.591617845971896 'Conceptual' 12.578603509335654 25.08524554096804
 1.7457627118644066 58 4 1 11 40.591617845971896]
[43.75400771160439 'Conceptual' 12.578603509335654 25.08524554096804
 1.7457627118644066 58 4 1 12 43.75400771160439]
[47.35441113710343 'Conceptual' 12.578603509335654 25.08524554096804
 1.5762711864406778 58 4 1 13 47.35441113710343]
[51.377432248383585 'Conceptual' 12.578603509335654 25.08524554096804
 1.5762711864406778 58 4 1 14 51.377432248383585]
[54.23468816897106 'Conceptual' 12.578603509335654 25.08524554096804
 1.5254237288135593 58 4 1 15 54.23468816897106]
[57.152602462017114 'Conceptual' 12.578603509335654 25.08524554096804
 1.5084745762711864 58 4 1 16 57.152602462017114]
[59.94495399007259 'Conceptual' 12.578603509335654 25.08524554096804
 1.406779661016949 58 4 1 17 59.94495399007259]
[64.65628279905941 'Conceptual' 12.578603509335654 25.08524554096804
 1.3559322033898304 58 4 1 18 64.65628279905941]
[67.80877257771408 'Conceptual' 12.578603509335654 25.08524554096804
 1.271186440677966 58 4 1 19 67.80877257771408]
[0.0 'Conceptual' 12.578603509335654 25.08524554096804 0.0 58 4 2 0 0.0]
[5.022669744073884 'Conceptual' 12.578603509335654 25.08524554096804
 10.169491525423728 58 4 2 1 5.022669744073884]
[7.343857616413957 'Conceptual' 12.578603509335654 25.08524554096804
 5.372881355932203 58 4 2 2 7.343857616413957]
[10.183577387103306 'Conceptual' 12.578603509335654 25.08524554096804
 4.11864406779661 58 4 2 3 10.183577387103306]
[13.408252751954535 'Conceptual' 12.578603509335654 25.08524554096804
 3.542372881355932 58 4 2 4 13.408252751954535]
[18.82671429563499 'Conceptual' 12.578603509335654 25.08524554096804
 3.2033898305084745 58 4 2 5 18.82671429563499]
[22.649123256536544 'Conceptual' 12.578603509335654 25.08524554096804
 2.7627118644067794 58 4 2 6 22.649123256536544]
[27.59138175326015 'Conceptual' 12.578603509335654 25.08524554096804
 2.254237288135593 58 4 2 7 27.59138175326015]
[30.363846931030224 'Conceptual' 12.578603509335654 25.08524554096804
 2.0338983050847457 58 4 2 8 30.363846931030224]
[33.191171438154676 'Conceptual' 12.578603509335654 25.08524554096804
 1.9491525423728813 58 4 2 9 33.191171438154676]
[37.301120559964176 'Conceptual' 12.578603509335654 25.08524554096804
 1.847457627118644 58 4 2 10 37.301120559964176]
[40.591617845971896 'Conceptual' 12.578603509335654 25.08524554096804
 1.7457627118644066 58 4 2 11 40.591617845971896]
[43.75400771160439 'Conceptual' 12.578603509335654 25.08524554096804
 1.7457627118644066 58 4 2 12 43.75400771160439]
[47.35441113710343 'Conceptual' 12.578603509335654 25.08524554096804
 1.5762711864406778 58 4 2 13 47.35441113710343]
[51.377432248383585 'Conceptual' 12.578603509335654 25.08524554096804
 1.5762711864406778 58 4 2 14 51.377432248383585]
[54.23468816897106 'Conceptual' 12.578603509335654 25.08524554096804
 1.5254237288135593 58 4 2 15 54.23468816897106]
[57.152602462017114 'Conceptual' 12.578603509335654 25.08524554096804
 1.5084745762711864 58 4 2 16 57.152602462017114]
[59.94495399007259 'Conceptual' 12.578603509335654 25.08524554096804
 1.406779661016949 58 4 2 17 59.94495399007259]
[64.65628279905941 'Conceptual' 12.578603509335654 25.08524554096804
 1.3559322033898304 58 4 2 18 64.65628279905941]
[67.80877257771408 'Conceptual' 12.578603509335654 25.08524554096804
 1.271186440677966 58 4 2 19 67.80877257771408]
[0.0 'Conceptual' 12.578603509335654 25.08524554096804 0.0 58 4 3 0 0.0]
[5.022669744073884 'Conceptual' 12.578603509335654 25.08524554096804
 10.169491525423728 58 4 3 1 5.022669744073884]
[7.343857616413957 'Conceptual' 12.578603509335654 25.08524554096804
 5.372881355932203 58 4 3 2 7.343857616413957]
[10.183577387103306 'Conceptual' 12.578603509335654 25.08524554096804
 4.11864406779661 58 4 3 3 10.183577387103306]
[13.408252751954535 'Conceptual' 12.578603509335654 25.08524554096804
 3.542372881355932 58 4 3 4 13.408252751954535]
[18.82671429563499 'Conceptual' 12.578603509335654 25.08524554096804
 3.2033898305084745 58 4 3 5 18.82671429563499]
[22.649123256536544 'Conceptual' 12.578603509335654 25.08524554096804
 2.7627118644067794 58 4 3 6 22.649123256536544]
[27.59138175326015 'Conceptual' 12.578603509335654 25.08524554096804
 2.254237288135593 58 4 3 7 27.59138175326015]
[30.363846931030224 'Conceptual' 12.578603509335654 25.08524554096804
 2.0338983050847457 58 4 3 8 30.363846931030224]
[33.191171438154676 'Conceptual' 12.578603509335654 25.08524554096804
 1.9491525423728813 58 4 3 9 33.191171438154676]
[37.301120559964176 'Conceptual' 12.578603509335654 25.08524554096804
 1.847457627118644 58 4 3 10 37.301120559964176]
[40.591617845971896 'Conceptual' 12.578603509335654 25.08524554096804
 1.7457627118644066 58 4 3 11 40.591617845971896]
[43.75400771160439 'Conceptual' 12.578603509335654 25.08524554096804
 1.7457627118644066 58 4 3 12 43.75400771160439]
[47.35441113710343 'Conceptual' 12.578603509335654 25.08524554096804
 1.5762711864406778 58 4 3 13 47.35441113710343]
[51.377432248383585 'Conceptual' 12.578603509335654 25.08524554096804
 1.5762711864406778 58 4 3 14 51.377432248383585]
[54.23468816897106 'Conceptual' 12.578603509335654 25.08524554096804
 1.5254237288135593 58 4 3 15 54.23468816897106]
[57.152602462017114 'Conceptual' 12.578603509335654 25.08524554096804
 1.5084745762711864 58 4 3 16 57.152602462017114]
[59.94495399007259 'Conceptual' 12.578603509335654 25.08524554096804
 1.406779661016949 58 4 3 17 59.94495399007259]
[64.65628279905941 'Conceptual' 12.578603509335654 25.08524554096804
 1.3559322033898304 58 4 3 18 64.65628279905941]
[67.80877257771408 'Conceptual' 12.578603509335654 25.08524554096804
 1.271186440677966 58 4 3 19 67.80877257771408]
[0.0 'Conceptual' 12.578603509335654 25.08524554096804 0.0 58 4 5 0 0.0]
[5.022669744073884 'Conceptual' 12.578603509335654 25.08524554096804
 10.169491525423728 58 4 5 1 5.022669744073884]
[7.343857616413957 'Conceptual' 12.578603509335654 25.08524554096804
 5.372881355932203 58 4 5 2 7.343857616413957]
[10.183577387103306 'Conceptual' 12.578603509335654 25.08524554096804
 4.11864406779661 58 4 5 3 10.183577387103306]
[13.408252751954535 'Conceptual' 12.578603509335654 25.08524554096804
 3.542372881355932 58 4 5 4 13.408252751954535]
[18.82671429563499 'Conceptual' 12.578603509335654 25.08524554096804
 3.2033898305084745 58 4 5 5 18.82671429563499]
[22.649123256536544 'Conceptual' 12.578603509335654 25.08524554096804
 2.7627118644067794 58 4 5 6 22.649123256536544]
[27.59138175326015 'Conceptual' 12.578603509335654 25.08524554096804
 2.254237288135593 58 4 5 7 27.59138175326015]
[30.363846931030224 'Conceptual' 12.578603509335654 25.08524554096804
 2.0338983050847457 58 4 5 8 30.363846931030224]
[33.191171438154676 'Conceptual' 12.578603509335654 25.08524554096804
 1.9491525423728813 58 4 5 9 33.191171438154676]
[37.301120559964176 'Conceptual' 12.578603509335654 25.08524554096804
 1.847457627118644 58 4 5 10 37.301120559964176]
[40.591617845971896 'Conceptual' 12.578603509335654 25.08524554096804
 1.7457627118644066 58 4 5 11 40.591617845971896]
[43.75400771160439 'Conceptual' 12.578603509335654 25.08524554096804
 1.7457627118644066 58 4 5 12 43.75400771160439]
[47.35441113710343 'Conceptual' 12.578603509335654 25.08524554096804
 1.5762711864406778 58 4 5 13 47.35441113710343]
[51.377432248383585 'Conceptual' 12.578603509335654 25.08524554096804
 1.5762711864406778 58 4 5 14 51.377432248383585]
[54.23468816897106 'Conceptual' 12.578603509335654 25.08524554096804
 1.5254237288135593 58 4 5 15 54.23468816897106]
[57.152602462017114 'Conceptual' 12.578603509335654 25.08524554096804
 1.5084745762711864 58 4 5 16 57.152602462017114]
[59.94495399007259 'Conceptual' 12.578603509335654 25.08524554096804
 1.406779661016949 58 4 5 17 59.94495399007259]
[64.65628279905941 'Conceptual' 12.578603509335654 25.08524554096804
 1.3559322033898304 58 4 5 18 64.65628279905941]
[67.80877257771408 'Conceptual' 12.578603509335654 25.08524554096804
 1.271186440677966 58 4 5 19 67.80877257771408]
[0.0 'Conceptual' 12.578603509335654 25.08524554096804 0.0 58 4 6 0 0.0]
[5.022669744073884 'Conceptual' 12.578603509335654 25.08524554096804
 10.169491525423728 58 4 6 1 5.022669744073884]
[7.343857616413957 'Conceptual' 12.578603509335654 25.08524554096804
 5.372881355932203 58 4 6 2 7.343857616413957]
[10.183577387103306 'Conceptual' 12.578603509335654 25.08524554096804
 4.11864406779661 58 4 6 3 10.183577387103306]
[13.408252751954535 'Conceptual' 12.578603509335654 25.08524554096804
 3.542372881355932 58 4 6 4 13.408252751954535]
[18.82671429563499 'Conceptual' 12.578603509335654 25.08524554096804
 3.2033898305084745 58 4 6 5 18.82671429563499]
[22.649123256536544 'Conceptual' 12.578603509335654 25.08524554096804
 2.7627118644067794 58 4 6 6 22.649123256536544]
[27.59138175326015 'Conceptual' 12.578603509335654 25.08524554096804
 2.254237288135593 58 4 6 7 27.59138175326015]
[30.363846931030224 'Conceptual' 12.578603509335654 25.08524554096804
 2.0338983050847457 58 4 6 8 30.363846931030224]
[33.191171438154676 'Conceptual' 12.578603509335654 25.08524554096804
 1.9491525423728813 58 4 6 9 33.191171438154676]
[37.301120559964176 'Conceptual' 12.578603509335654 25.08524554096804
 1.847457627118644 58 4 6 10 37.301120559964176]
[40.591617845971896 'Conceptual' 12.578603509335654 25.08524554096804
 1.7457627118644066 58 4 6 11 40.591617845971896]
[43.75400771160439 'Conceptual' 12.578603509335654 25.08524554096804
 1.7457627118644066 58 4 6 12 43.75400771160439]
[47.35441113710343 'Conceptual' 12.578603509335654 25.08524554096804
 1.5762711864406778 58 4 6 13 47.35441113710343]
[51.377432248383585 'Conceptual' 12.578603509335654 25.08524554096804
 1.5762711864406778 58 4 6 14 51.377432248383585]
[54.23468816897106 'Conceptual' 12.578603509335654 25.08524554096804
 1.5254237288135593 58 4 6 15 54.23468816897106]
[57.152602462017114 'Conceptual' 12.578603509335654 25.08524554096804
 1.5084745762711864 58 4 6 16 57.152602462017114]
[59.94495399007259 'Conceptual' 12.578603509335654 25.08524554096804
 1.406779661016949 58 4 6 17 59.94495399007259]
[64.65628279905941 'Conceptual' 12.578603509335654 25.08524554096804
 1.3559322033898304 58 4 6 18 64.65628279905941]
[67.80877257771408 'Conceptual' 12.578603509335654 25.08524554096804
 1.271186440677966 58 4 6 19 67.80877257771408]
[0.0 'Conceptual' 12.578603509335654 25.08524554096804 0.0 58 4 7 0 0.0]
[5.022669744073884 'Conceptual' 12.578603509335654 25.08524554096804
 10.169491525423728 58 4 7 1 5.022669744073884]
[7.343857616413957 'Conceptual' 12.578603509335654 25.08524554096804
 5.372881355932203 58 4 7 2 7.343857616413957]
[10.183577387103306 'Conceptual' 12.578603509335654 25.08524554096804
 4.11864406779661 58 4 7 3 10.183577387103306]
[13.408252751954535 'Conceptual' 12.578603509335654 25.08524554096804
 3.542372881355932 58 4 7 4 13.408252751954535]
[18.82671429563499 'Conceptual' 12.578603509335654 25.08524554096804
 3.2033898305084745 58 4 7 5 18.82671429563499]
[22.649123256536544 'Conceptual' 12.578603509335654 25.08524554096804
 2.7627118644067794 58 4 7 6 22.649123256536544]
[27.59138175326015 'Conceptual' 12.578603509335654 25.08524554096804
 2.254237288135593 58 4 7 7 27.59138175326015]
[30.363846931030224 'Conceptual' 12.578603509335654 25.08524554096804
 2.0338983050847457 58 4 7 8 30.363846931030224]
[33.191171438154676 'Conceptual' 12.578603509335654 25.08524554096804
 1.9491525423728813 58 4 7 9 33.191171438154676]
[37.301120559964176 'Conceptual' 12.578603509335654 25.08524554096804
 1.847457627118644 58 4 7 10 37.301120559964176]
[40.591617845971896 'Conceptual' 12.578603509335654 25.08524554096804
 1.7457627118644066 58 4 7 11 40.591617845971896]
[43.75400771160439 'Conceptual' 12.578603509335654 25.08524554096804
 1.7457627118644066 58 4 7 12 43.75400771160439]
[47.35441113710343 'Conceptual' 12.578603509335654 25.08524554096804
 1.5762711864406778 58 4 7 13 47.35441113710343]
[51.377432248383585 'Conceptual' 12.578603509335654 25.08524554096804
 1.5762711864406778 58 4 7 14 51.377432248383585]
[54.23468816897106 'Conceptual' 12.578603509335654 25.08524554096804
 1.5254237288135593 58 4 7 15 54.23468816897106]
[57.152602462017114 'Conceptual' 12.578603509335654 25.08524554096804
 1.5084745762711864 58 4 7 16 57.152602462017114]
[59.94495399007259 'Conceptual' 12.578603509335654 25.08524554096804
 1.406779661016949 58 4 7 17 59.94495399007259]
[64.65628279905941 'Conceptual' 12.578603509335654 25.08524554096804
 1.3559322033898304 58 4 7 18 64.65628279905941]
[67.80877257771408 'Conceptual' 12.578603509335654 25.08524554096804
 1.271186440677966 58 4 7 19 67.80877257771408]
[0.0 'Conceptual' 12.578603509335654 25.08524554096804 0.0 58 4 8 0 0.0]
[5.022669744073884 'Conceptual' 12.578603509335654 25.08524554096804
 10.169491525423728 58 4 8 1 5.022669744073884]
[7.343857616413957 'Conceptual' 12.578603509335654 25.08524554096804
 5.372881355932203 58 4 8 2 7.343857616413957]
[10.183577387103306 'Conceptual' 12.578603509335654 25.08524554096804
 4.11864406779661 58 4 8 3 10.183577387103306]
[13.408252751954535 'Conceptual' 12.578603509335654 25.08524554096804
 3.542372881355932 58 4 8 4 13.408252751954535]
[18.82671429563499 'Conceptual' 12.578603509335654 25.08524554096804
 3.2033898305084745 58 4 8 5 18.82671429563499]
[22.649123256536544 'Conceptual' 12.578603509335654 25.08524554096804
 2.7627118644067794 58 4 8 6 22.649123256536544]
[27.59138175326015 'Conceptual' 12.578603509335654 25.08524554096804
 2.254237288135593 58 4 8 7 27.59138175326015]
[30.363846931030224 'Conceptual' 12.578603509335654 25.08524554096804
 2.0338983050847457 58 4 8 8 30.363846931030224]
[33.191171438154676 'Conceptual' 12.578603509335654 25.08524554096804
 1.9491525423728813 58 4 8 9 33.191171438154676]
[37.301120559964176 'Conceptual' 12.578603509335654 25.08524554096804
 1.847457627118644 58 4 8 10 37.301120559964176]
[40.591617845971896 'Conceptual' 12.578603509335654 25.08524554096804
 1.7457627118644066 58 4 8 11 40.591617845971896]
[43.75400771160439 'Conceptual' 12.578603509335654 25.08524554096804
 1.7457627118644066 58 4 8 12 43.75400771160439]
[47.35441113710343 'Conceptual' 12.578603509335654 25.08524554096804
 1.5762711864406778 58 4 8 13 47.35441113710343]
[51.377432248383585 'Conceptual' 12.578603509335654 25.08524554096804
 1.5762711864406778 58 4 8 14 51.377432248383585]
[54.23468816897106 'Conceptual' 12.578603509335654 25.08524554096804
 1.5254237288135593 58 4 8 15 54.23468816897106]
[57.152602462017114 'Conceptual' 12.578603509335654 25.08524554096804
 1.5084745762711864 58 4 8 16 57.152602462017114]
[59.94495399007259 'Conceptual' 12.578603509335654 25.08524554096804
 1.406779661016949 58 4 8 17 59.94495399007259]
[64.65628279905941 'Conceptual' 12.578603509335654 25.08524554096804
 1.3559322033898304 58 4 8 18 64.65628279905941]
[67.80877257771408 'Conceptual' 12.578603509335654 25.08524554096804
 1.271186440677966 58 4 8 19 67.80877257771408]
