[0.0 'Spatial' 11.401496752981783 19.685141928823484 0.0 16 4 0 0 0.0]
[4.7027545421922445 'Spatial' 11.401496752981783 19.685141928823484
 10.169491525423728 16 4 0 1 4.7027545421922445]
[6.974790009184066 'Spatial' 11.401496752981783 19.685141928823484
 4.11864406779661 16 4 0 2 6.974790009184066]
[10.347659917759975 'Spatial' 11.401496752981783 19.685141928823484
 3.711864406779661 16 4 0 3 10.347659917759975]
[14.331689746327523 'Spatial' 11.401496752981783 19.685141928823484
 3.7796610169491522 16 4 0 4 14.331689746327523]
[19.626397845276575 'Spatial' 11.401496752981783 19.685141928823484
 3.6101694915254234 16 4 0 5 19.626397845276575]
[24.498926467937412 'Spatial' 11.401496752981783 19.685141928823484
 2.7627118644067794 16 4 0 6 24.498926467937412]
[28.437112797806236 'Spatial' 11.401496752981783 19.685141928823484
 2.2881355932203387 16 4 0 7 28.437112797806236]
[33.051688961952124 'Spatial' 11.401496752981783 19.685141928823484
 2.084745762711864 16 4 0 8 33.051688961952124]
[36.6766149662957 'Spatial' 11.401496752981783 19.685141928823484
 2.0338983050847457 16 4 0 9 36.6766149662957]
[40.33763376998611 'Spatial' 11.401496752981783 19.685141928823484
 2.016949152542373 16 4 0 10 40.33763376998611]
[44.15221768434021 'Spatial' 11.401496752981783 19.685141928823484
 2.016949152542373 16 4 0 11 44.15221768434021]
[47.1306912968069 'Spatial' 11.401496752981783 19.685141928823484
 1.9152542372881354 16 4 0 12 47.1306912968069]
[51.19407101173795 'Spatial' 11.401496752981783 19.685141928823484
 1.6779661016949152 16 4 0 13 51.19407101173795]
[54.514950041165115 'Spatial' 11.401496752981783 19.685141928823484
 1.6101694915254237 16 4 0 14 54.514950041165115]
[58.32569258531294 'Spatial' 11.401496752981783 19.685141928823484
 1.5762711864406778 16 4 0 15 58.32569258531294]
[61.42603770270625 'Spatial' 11.401496752981783 19.685141928823484
 1.5254237288135593 16 4 0 16 61.42603770270625]
[64.65920900471713 'Spatial' 11.401496752981783 19.685141928823484
 1.4406779661016949 16 4 0 17 64.65920900471713]
[67.96034072890721 'Spatial' 11.401496752981783 19.685141928823484
 1.406779661016949 16 4 0 18 67.96034072890721]
[70.96640022868496 'Spatial' 11.401496752981783 19.685141928823484
 1.3389830508474576 16 4 0 19 70.96640022868496]
[0.0 'Spatial' 11.401496752981783 19.685141928823484 0.0 16 4 1 0 0.0]
[4.7027545421922445 'Spatial' 11.401496752981783 19.685141928823484
 10.169491525423728 16 4 1 1 4.7027545421922445]
[6.974790009184066 'Spatial' 11.401496752981783 19.685141928823484
 4.11864406779661 16 4 1 2 6.974790009184066]
[10.347659917759975 'Spatial' 11.401496752981783 19.685141928823484
 3.711864406779661 16 4 1 3 10.347659917759975]
[14.331689746327523 'Spatial' 11.401496752981783 19.685141928823484
 3.7796610169491522 16 4 1 4 14.331689746327523]
[19.626397845276575 'Spatial' 11.401496752981783 19.685141928823484
 3.6101694915254234 16 4 1 5 19.626397845276575]
[24.498926467937412 'Spatial' 11.401496752981783 19.685141928823484
 2.7627118644067794 16 4 1 6 24.498926467937412]
[28.437112797806236 'Spatial' 11.401496752981783 19.685141928823484
 2.2881355932203387 16 4 1 7 28.437112797806236]
[33.051688961952124 'Spatial' 11.401496752981783 19.685141928823484
 2.084745762711864 16 4 1 8 33.051688961952124]
[36.6766149662957 'Spatial' 11.401496752981783 19.685141928823484
 2.0338983050847457 16 4 1 9 36.6766149662957]
[40.33763376998611 'Spatial' 11.401496752981783 19.685141928823484
 2.016949152542373 16 4 1 10 40.33763376998611]
[44.15221768434021 'Spatial' 11.401496752981783 19.685141928823484
 2.016949152542373 16 4 1 11 44.15221768434021]
[47.1306912968069 'Spatial' 11.401496752981783 19.685141928823484
 1.9152542372881354 16 4 1 12 47.1306912968069]
[51.19407101173795 'Spatial' 11.401496752981783 19.685141928823484
 1.6779661016949152 16 4 1 13 51.19407101173795]
[54.514950041165115 'Spatial' 11.401496752981783 19.685141928823484
 1.6101694915254237 16 4 1 14 54.514950041165115]
[58.32569258531294 'Spatial' 11.401496752981783 19.685141928823484
 1.5762711864406778 16 4 1 15 58.32569258531294]
[61.42603770270625 'Spatial' 11.401496752981783 19.685141928823484
 1.5254237288135593 16 4 1 16 61.42603770270625]
[64.65920900471713 'Spatial' 11.401496752981783 19.685141928823484
 1.4406779661016949 16 4 1 17 64.65920900471713]
[67.96034072890721 'Spatial' 11.401496752981783 19.685141928823484
 1.406779661016949 16 4 1 18 67.96034072890721]
[70.96640022868496 'Spatial' 11.401496752981783 19.685141928823484
 1.3389830508474576 16 4 1 19 70.96640022868496]
[0.0 'Spatial' 11.401496752981783 19.685141928823484 0.0 16 4 2 0 0.0]
[4.7027545421922445 'Spatial' 11.401496752981783 19.685141928823484
 10.169491525423728 16 4 2 1 4.7027545421922445]
[6.974790009184066 'Spatial' 11.401496752981783 19.685141928823484
 4.11864406779661 16 4 2 2 6.974790009184066]
[10.347659917759975 'Spatial' 11.401496752981783 19.685141928823484
 3.711864406779661 16 4 2 3 10.347659917759975]
[14.331689746327523 'Spatial' 11.401496752981783 19.685141928823484
 3.7796610169491522 16 4 2 4 14.331689746327523]
[19.626397845276575 'Spatial' 11.401496752981783 19.685141928823484
 3.6101694915254234 16 4 2 5 19.626397845276575]
[24.498926467937412 'Spatial' 11.401496752981783 19.685141928823484
 2.7627118644067794 16 4 2 6 24.498926467937412]
[28.437112797806236 'Spatial' 11.401496752981783 19.685141928823484
 2.2881355932203387 16 4 2 7 28.437112797806236]
[33.051688961952124 'Spatial' 11.401496752981783 19.685141928823484
 2.084745762711864 16 4 2 8 33.051688961952124]
[36.6766149662957 'Spatial' 11.401496752981783 19.685141928823484
 2.0338983050847457 16 4 2 9 36.6766149662957]
[40.33763376998611 'Spatial' 11.401496752981783 19.685141928823484
 2.016949152542373 16 4 2 10 40.33763376998611]
[44.15221768434021 'Spatial' 11.401496752981783 19.685141928823484
 2.016949152542373 16 4 2 11 44.15221768434021]
[47.1306912968069 'Spatial' 11.401496752981783 19.685141928823484
 1.9152542372881354 16 4 2 12 47.1306912968069]
[51.19407101173795 'Spatial' 11.401496752981783 19.685141928823484
 1.6779661016949152 16 4 2 13 51.19407101173795]
[54.514950041165115 'Spatial' 11.401496752981783 19.685141928823484
 1.6101694915254237 16 4 2 14 54.514950041165115]
[58.32569258531294 'Spatial' 11.401496752981783 19.685141928823484
 1.5762711864406778 16 4 2 15 58.32569258531294]
[61.42603770270625 'Spatial' 11.401496752981783 19.685141928823484
 1.5254237288135593 16 4 2 16 61.42603770270625]
[64.65920900471713 'Spatial' 11.401496752981783 19.685141928823484
 1.4406779661016949 16 4 2 17 64.65920900471713]
[67.96034072890721 'Spatial' 11.401496752981783 19.685141928823484
 1.406779661016949 16 4 2 18 67.96034072890721]
[70.96640022868496 'Spatial' 11.401496752981783 19.685141928823484
 1.3389830508474576 16 4 2 19 70.96640022868496]
[0.0 'Spatial' 11.401496752981783 19.685141928823484 0.0 16 4 3 0 0.0]
[4.7027545421922445 'Spatial' 11.401496752981783 19.685141928823484
 10.169491525423728 16 4 3 1 4.7027545421922445]
[6.974790009184066 'Spatial' 11.401496752981783 19.685141928823484
 4.11864406779661 16 4 3 2 6.974790009184066]
[10.347659917759975 'Spatial' 11.401496752981783 19.685141928823484
 3.711864406779661 16 4 3 3 10.347659917759975]
[14.331689746327523 'Spatial' 11.401496752981783 19.685141928823484
 3.7796610169491522 16 4 3 4 14.331689746327523]
[19.626397845276575 'Spatial' 11.401496752981783 19.685141928823484
 3.6101694915254234 16 4 3 5 19.626397845276575]
[24.498926467937412 'Spatial' 11.401496752981783 19.685141928823484
 2.7627118644067794 16 4 3 6 24.498926467937412]
[28.437112797806236 'Spatial' 11.401496752981783 19.685141928823484
 2.2881355932203387 16 4 3 7 28.437112797806236]
[33.051688961952124 'Spatial' 11.401496752981783 19.685141928823484
 2.084745762711864 16 4 3 8 33.051688961952124]
[36.6766149662957 'Spatial' 11.401496752981783 19.685141928823484
 2.0338983050847457 16 4 3 9 36.6766149662957]
[40.33763376998611 'Spatial' 11.401496752981783 19.685141928823484
 2.016949152542373 16 4 3 10 40.33763376998611]
[44.15221768434021 'Spatial' 11.401496752981783 19.685141928823484
 2.016949152542373 16 4 3 11 44.15221768434021]
[47.1306912968069 'Spatial' 11.401496752981783 19.685141928823484
 1.9152542372881354 16 4 3 12 47.1306912968069]
[51.19407101173795 'Spatial' 11.401496752981783 19.685141928823484
 1.6779661016949152 16 4 3 13 51.19407101173795]
[54.514950041165115 'Spatial' 11.401496752981783 19.685141928823484
 1.6101694915254237 16 4 3 14 54.514950041165115]
[58.32569258531294 'Spatial' 11.401496752981783 19.685141928823484
 1.5762711864406778 16 4 3 15 58.32569258531294]
[61.42603770270625 'Spatial' 11.401496752981783 19.685141928823484
 1.5254237288135593 16 4 3 16 61.42603770270625]
[64.65920900471713 'Spatial' 11.401496752981783 19.685141928823484
 1.4406779661016949 16 4 3 17 64.65920900471713]
[67.96034072890721 'Spatial' 11.401496752981783 19.685141928823484
 1.406779661016949 16 4 3 18 67.96034072890721]
[70.96640022868496 'Spatial' 11.401496752981783 19.685141928823484
 1.3389830508474576 16 4 3 19 70.96640022868496]
[0.0 'Spatial' 11.401496752981783 19.685141928823484 0.0 16 4 5 0 0.0]
[4.7027545421922445 'Spatial' 11.401496752981783 19.685141928823484
 10.169491525423728 16 4 5 1 4.7027545421922445]
[6.974790009184066 'Spatial' 11.401496752981783 19.685141928823484
 4.11864406779661 16 4 5 2 6.974790009184066]
[10.347659917759975 'Spatial' 11.401496752981783 19.685141928823484
 3.711864406779661 16 4 5 3 10.347659917759975]
[14.331689746327523 'Spatial' 11.401496752981783 19.685141928823484
 3.7796610169491522 16 4 5 4 14.331689746327523]
[19.626397845276575 'Spatial' 11.401496752981783 19.685141928823484
 3.6101694915254234 16 4 5 5 19.626397845276575]
[24.498926467937412 'Spatial' 11.401496752981783 19.685141928823484
 2.7627118644067794 16 4 5 6 24.498926467937412]
[28.437112797806236 'Spatial' 11.401496752981783 19.685141928823484
 2.2881355932203387 16 4 5 7 28.437112797806236]
[33.051688961952124 'Spatial' 11.401496752981783 19.685141928823484
 2.084745762711864 16 4 5 8 33.051688961952124]
[36.6766149662957 'Spatial' 11.401496752981783 19.685141928823484
 2.0338983050847457 16 4 5 9 36.6766149662957]
[40.33763376998611 'Spatial' 11.401496752981783 19.685141928823484
 2.016949152542373 16 4 5 10 40.33763376998611]
[44.15221768434021 'Spatial' 11.401496752981783 19.685141928823484
 2.016949152542373 16 4 5 11 44.15221768434021]
[47.1306912968069 'Spatial' 11.401496752981783 19.685141928823484
 1.9152542372881354 16 4 5 12 47.1306912968069]
[51.19407101173795 'Spatial' 11.401496752981783 19.685141928823484
 1.6779661016949152 16 4 5 13 51.19407101173795]
[54.514950041165115 'Spatial' 11.401496752981783 19.685141928823484
 1.6101694915254237 16 4 5 14 54.514950041165115]
[58.32569258531294 'Spatial' 11.401496752981783 19.685141928823484
 1.5762711864406778 16 4 5 15 58.32569258531294]
[61.42603770270625 'Spatial' 11.401496752981783 19.685141928823484
 1.5254237288135593 16 4 5 16 61.42603770270625]
[64.65920900471713 'Spatial' 11.401496752981783 19.685141928823484
 1.4406779661016949 16 4 5 17 64.65920900471713]
[67.96034072890721 'Spatial' 11.401496752981783 19.685141928823484
 1.406779661016949 16 4 5 18 67.96034072890721]
[70.96640022868496 'Spatial' 11.401496752981783 19.685141928823484
 1.3389830508474576 16 4 5 19 70.96640022868496]
[0.0 'Spatial' 11.401496752981783 19.685141928823484 0.0 16 4 6 0 0.0]
[4.7027545421922445 'Spatial' 11.401496752981783 19.685141928823484
 10.169491525423728 16 4 6 1 4.7027545421922445]
[6.974790009184066 'Spatial' 11.401496752981783 19.685141928823484
 4.11864406779661 16 4 6 2 6.974790009184066]
[10.347659917759975 'Spatial' 11.401496752981783 19.685141928823484
 3.711864406779661 16 4 6 3 10.347659917759975]
[14.331689746327523 'Spatial' 11.401496752981783 19.685141928823484
 3.7796610169491522 16 4 6 4 14.331689746327523]
[19.626397845276575 'Spatial' 11.401496752981783 19.685141928823484
 3.6101694915254234 16 4 6 5 19.626397845276575]
[24.498926467937412 'Spatial' 11.401496752981783 19.685141928823484
 2.7627118644067794 16 4 6 6 24.498926467937412]
[28.437112797806236 'Spatial' 11.401496752981783 19.685141928823484
 2.2881355932203387 16 4 6 7 28.437112797806236]
[33.051688961952124 'Spatial' 11.401496752981783 19.685141928823484
 2.084745762711864 16 4 6 8 33.051688961952124]
[36.6766149662957 'Spatial' 11.401496752981783 19.685141928823484
 2.0338983050847457 16 4 6 9 36.6766149662957]
[40.33763376998611 'Spatial' 11.401496752981783 19.685141928823484
 2.016949152542373 16 4 6 10 40.33763376998611]
[44.15221768434021 'Spatial' 11.401496752981783 19.685141928823484
 2.016949152542373 16 4 6 11 44.15221768434021]
[47.1306912968069 'Spatial' 11.401496752981783 19.685141928823484
 1.9152542372881354 16 4 6 12 47.1306912968069]
[51.19407101173795 'Spatial' 11.401496752981783 19.685141928823484
 1.6779661016949152 16 4 6 13 51.19407101173795]
[54.514950041165115 'Spatial' 11.401496752981783 19.685141928823484
 1.6101694915254237 16 4 6 14 54.514950041165115]
[58.32569258531294 'Spatial' 11.401496752981783 19.685141928823484
 1.5762711864406778 16 4 6 15 58.32569258531294]
[61.42603770270625 'Spatial' 11.401496752981783 19.685141928823484
 1.5254237288135593 16 4 6 16 61.42603770270625]
[64.65920900471713 'Spatial' 11.401496752981783 19.685141928823484
 1.4406779661016949 16 4 6 17 64.65920900471713]
[67.96034072890721 'Spatial' 11.401496752981783 19.685141928823484
 1.406779661016949 16 4 6 18 67.96034072890721]
[70.96640022868496 'Spatial' 11.401496752981783 19.685141928823484
 1.3389830508474576 16 4 6 19 70.96640022868496]
[0.0 'Spatial' 11.401496752981783 19.685141928823484 0.0 16 4 7 0 0.0]
[4.7027545421922445 'Spatial' 11.401496752981783 19.685141928823484
 10.169491525423728 16 4 7 1 4.7027545421922445]
[6.974790009184066 'Spatial' 11.401496752981783 19.685141928823484
 4.11864406779661 16 4 7 2 6.974790009184066]
[10.347659917759975 'Spatial' 11.401496752981783 19.685141928823484
 3.711864406779661 16 4 7 3 10.347659917759975]
[14.331689746327523 'Spatial' 11.401496752981783 19.685141928823484
 3.7796610169491522 16 4 7 4 14.331689746327523]
[19.626397845276575 'Spatial' 11.401496752981783 19.685141928823484
 3.6101694915254234 16 4 7 5 19.626397845276575]
[24.498926467937412 'Spatial' 11.401496752981783 19.685141928823484
 2.7627118644067794 16 4 7 6 24.498926467937412]
[28.437112797806236 'Spatial' 11.401496752981783 19.685141928823484
 2.2881355932203387 16 4 7 7 28.437112797806236]
[33.051688961952124 'Spatial' 11.401496752981783 19.685141928823484
 2.084745762711864 16 4 7 8 33.051688961952124]
[36.6766149662957 'Spatial' 11.401496752981783 19.685141928823484
 2.0338983050847457 16 4 7 9 36.6766149662957]
[40.33763376998611 'Spatial' 11.401496752981783 19.685141928823484
 2.016949152542373 16 4 7 10 40.33763376998611]
[44.15221768434021 'Spatial' 11.401496752981783 19.685141928823484
 2.016949152542373 16 4 7 11 44.15221768434021]
[47.1306912968069 'Spatial' 11.401496752981783 19.685141928823484
 1.9152542372881354 16 4 7 12 47.1306912968069]
[51.19407101173795 'Spatial' 11.401496752981783 19.685141928823484
 1.6779661016949152 16 4 7 13 51.19407101173795]
[54.514950041165115 'Spatial' 11.401496752981783 19.685141928823484
 1.6101694915254237 16 4 7 14 54.514950041165115]
[58.32569258531294 'Spatial' 11.401496752981783 19.685141928823484
 1.5762711864406778 16 4 7 15 58.32569258531294]
[61.42603770270625 'Spatial' 11.401496752981783 19.685141928823484
 1.5254237288135593 16 4 7 16 61.42603770270625]
[64.65920900471713 'Spatial' 11.401496752981783 19.685141928823484
 1.4406779661016949 16 4 7 17 64.65920900471713]
[67.96034072890721 'Spatial' 11.401496752981783 19.685141928823484
 1.406779661016949 16 4 7 18 67.96034072890721]
[70.96640022868496 'Spatial' 11.401496752981783 19.685141928823484
 1.3389830508474576 16 4 7 19 70.96640022868496]
[0.0 'Spatial' 11.401496752981783 19.685141928823484 0.0 16 4 8 0 0.0]
[4.7027545421922445 'Spatial' 11.401496752981783 19.685141928823484
 10.169491525423728 16 4 8 1 4.7027545421922445]
[6.974790009184066 'Spatial' 11.401496752981783 19.685141928823484
 4.11864406779661 16 4 8 2 6.974790009184066]
[10.347659917759975 'Spatial' 11.401496752981783 19.685141928823484
 3.711864406779661 16 4 8 3 10.347659917759975]
[14.331689746327523 'Spatial' 11.401496752981783 19.685141928823484
 3.7796610169491522 16 4 8 4 14.331689746327523]
[19.626397845276575 'Spatial' 11.401496752981783 19.685141928823484
 3.6101694915254234 16 4 8 5 19.626397845276575]
[24.498926467937412 'Spatial' 11.401496752981783 19.685141928823484
 2.7627118644067794 16 4 8 6 24.498926467937412]
[28.437112797806236 'Spatial' 11.401496752981783 19.685141928823484
 2.2881355932203387 16 4 8 7 28.437112797806236]
[33.051688961952124 'Spatial' 11.401496752981783 19.685141928823484
 2.084745762711864 16 4 8 8 33.051688961952124]
[36.6766149662957 'Spatial' 11.401496752981783 19.685141928823484
 2.0338983050847457 16 4 8 9 36.6766149662957]
[40.33763376998611 'Spatial' 11.401496752981783 19.685141928823484
 2.016949152542373 16 4 8 10 40.33763376998611]
[44.15221768434021 'Spatial' 11.401496752981783 19.685141928823484
 2.016949152542373 16 4 8 11 44.15221768434021]
[47.1306912968069 'Spatial' 11.401496752981783 19.685141928823484
 1.9152542372881354 16 4 8 12 47.1306912968069]
[51.19407101173795 'Spatial' 11.401496752981783 19.685141928823484
 1.6779661016949152 16 4 8 13 51.19407101173795]
[54.514950041165115 'Spatial' 11.401496752981783 19.685141928823484
 1.6101694915254237 16 4 8 14 54.514950041165115]
[58.32569258531294 'Spatial' 11.401496752981783 19.685141928823484
 1.5762711864406778 16 4 8 15 58.32569258531294]
[61.42603770270625 'Spatial' 11.401496752981783 19.685141928823484
 1.5254237288135593 16 4 8 16 61.42603770270625]
[64.65920900471713 'Spatial' 11.401496752981783 19.685141928823484
 1.4406779661016949 16 4 8 17 64.65920900471713]
[67.96034072890721 'Spatial' 11.401496752981783 19.685141928823484
 1.406779661016949 16 4 8 18 67.96034072890721]
[70.96640022868496 'Spatial' 11.401496752981783 19.685141928823484
 1.3389830508474576 16 4 8 19 70.96640022868496]
