[0.0 'Conceptual' 1.20858531134985 9.33673281259729e-06 0.0 33 1 0 0 0.0]
[4.085619614381564 'Conceptual' 1.20858531134985 9.33673281259729e-06
 0.1694915254237288 33 1 0 1 4.085619614381564]
[7.914409917657556 'Conceptual' 1.20858531134985 9.33673281259729e-06
 1.0169491525423728 33 1 0 2 7.914409917657556]
[12.09278309285552 'Conceptual' 1.20858531134985 9.33673281259729e-06
 0.9322033898305084 33 1 0 3 12.09278309285552]
[16.274372861283524 'Conceptual' 1.20858531134985 9.33673281259729e-06
 0.8983050847457626 33 1 0 4 16.274372861283524]
[20.4532832612888 'Conceptual' 1.20858531134985 9.33673281259729e-06
 0.847457627118644 33 1 0 5 20.4532832612888]
[24.644673847763162 'Conceptual' 1.20858531134985 9.33673281259729e-06
 0.6779661016949152 33 1 0 6 24.644673847763162]
[28.6733411393624 'Conceptual' 1.20858531134985 9.33673281259729e-06
 0.7288135593220338 33 1 0 7 28.6733411393624]
[32.61881288256478 'Conceptual' 1.20858531134985 9.33673281259729e-06
 0.8983050847457626 33 1 0 8 32.61881288256478]
[36.69726860215713 'Conceptual' 1.20858531134985 9.33673281259729e-06
 0.847457627118644 33 1 0 9 36.69726860215713]
[40.894630137775295 'Conceptual' 1.20858531134985 9.33673281259729e-06
 0.8305084745762711 33 1 0 10 40.894630137775295]
[44.93914095371301 'Conceptual' 1.20858531134985 9.33673281259729e-06
 0.7627118644067796 33 1 0 11 44.93914095371301]
[49.10724095708185 'Conceptual' 1.20858531134985 9.33673281259729e-06
 0.6779661016949152 33 1 0 12 49.10724095708185]
[52.96341685104956 'Conceptual' 1.20858531134985 9.33673281259729e-06
 0.7627118644067796 33 1 0 13 52.96341685104956]
[56.01293966576391 'Conceptual' 1.20858531134985 9.33673281259729e-06
 0.847457627118644 33 1 0 14 56.01293966576391]
[58.33495603298527 'Conceptual' 1.20858531134985 9.33673281259729e-06
 0.8305084745762711 33 1 0 15 58.33495603298527]
[60.01755802330098 'Conceptual' 1.20858531134985 9.33673281259729e-06
 0.7627118644067796 33 1 0 16 60.01755802330098]
[61.16021955514191 'Conceptual' 1.20858531134985 9.33673281259729e-06
 0.7288135593220338 33 1 0 17 61.16021955514191]
[61.855119781196436 'Conceptual' 1.20858531134985 9.33673281259729e-06
 0.1694915254237288 33 1 0 18 61.855119781196436]
[62.2709717111645 'Conceptual' 1.20858531134985 9.33673281259729e-06
 0.1694915254237288 33 1 0 19 62.2709717111645]
[0.0 'Conceptual' 1.20858531134985 9.33673281259729e-06 0.0 33 1 2 0 0.0]
[4.085619614381564 'Conceptual' 1.20858531134985 9.33673281259729e-06
 0.1694915254237288 33 1 2 1 4.085619614381564]
[7.914409917657556 'Conceptual' 1.20858531134985 9.33673281259729e-06
 1.0169491525423728 33 1 2 2 7.914409917657556]
[12.09278309285552 'Conceptual' 1.20858531134985 9.33673281259729e-06
 0.9322033898305084 33 1 2 3 12.09278309285552]
[16.274372861283524 'Conceptual' 1.20858531134985 9.33673281259729e-06
 0.8983050847457626 33 1 2 4 16.274372861283524]
[20.4532832612888 'Conceptual' 1.20858531134985 9.33673281259729e-06
 0.847457627118644 33 1 2 5 20.4532832612888]
[24.644673847763162 'Conceptual' 1.20858531134985 9.33673281259729e-06
 0.6779661016949152 33 1 2 6 24.644673847763162]
[28.6733411393624 'Conceptual' 1.20858531134985 9.33673281259729e-06
 0.7288135593220338 33 1 2 7 28.6733411393624]
[32.61881288256478 'Conceptual' 1.20858531134985 9.33673281259729e-06
 0.8983050847457626 33 1 2 8 32.61881288256478]
[36.69726860215713 'Conceptual' 1.20858531134985 9.33673281259729e-06
 0.847457627118644 33 1 2 9 36.69726860215713]
[40.894630137775295 'Conceptual' 1.20858531134985 9.33673281259729e-06
 0.8305084745762711 33 1 2 10 40.894630137775295]
[44.93914095371301 'Conceptual' 1.20858531134985 9.33673281259729e-06
 0.7627118644067796 33 1 2 11 44.93914095371301]
[49.10724095708185 'Conceptual' 1.20858531134985 9.33673281259729e-06
 0.6779661016949152 33 1 2 12 49.10724095708185]
[52.96341685104956 'Conceptual' 1.20858531134985 9.33673281259729e-06
 0.7627118644067796 33 1 2 13 52.96341685104956]
[56.01293966576391 'Conceptual' 1.20858531134985 9.33673281259729e-06
 0.847457627118644 33 1 2 14 56.01293966576391]
[58.33495603298527 'Conceptual' 1.20858531134985 9.33673281259729e-06
 0.8305084745762711 33 1 2 15 58.33495603298527]
[60.01755802330098 'Conceptual' 1.20858531134985 9.33673281259729e-06
 0.7627118644067796 33 1 2 16 60.01755802330098]
[61.16021955514191 'Conceptual' 1.20858531134985 9.33673281259729e-06
 0.7288135593220338 33 1 2 17 61.16021955514191]
[61.855119781196436 'Conceptual' 1.20858531134985 9.33673281259729e-06
 0.1694915254237288 33 1 2 18 61.855119781196436]
[62.2709717111645 'Conceptual' 1.20858531134985 9.33673281259729e-06
 0.1694915254237288 33 1 2 19 62.2709717111645]
[0.0 'Conceptual' 1.20858531134985 9.33673281259729e-06 0.0 33 1 3 0 0.0]
[4.085619614381564 'Conceptual' 1.20858531134985 9.33673281259729e-06
 0.1694915254237288 33 1 3 1 4.085619614381564]
[7.914409917657556 'Conceptual' 1.20858531134985 9.33673281259729e-06
 1.0169491525423728 33 1 3 2 7.914409917657556]
[12.09278309285552 'Conceptual' 1.20858531134985 9.33673281259729e-06
 0.9322033898305084 33 1 3 3 12.09278309285552]
[16.274372861283524 'Conceptual' 1.20858531134985 9.33673281259729e-06
 0.8983050847457626 33 1 3 4 16.274372861283524]
[20.4532832612888 'Conceptual' 1.20858531134985 9.33673281259729e-06
 0.847457627118644 33 1 3 5 20.4532832612888]
[24.644673847763162 'Conceptual' 1.20858531134985 9.33673281259729e-06
 0.6779661016949152 33 1 3 6 24.644673847763162]
[28.6733411393624 'Conceptual' 1.20858531134985 9.33673281259729e-06
 0.7288135593220338 33 1 3 7 28.6733411393624]
[32.61881288256478 'Conceptual' 1.20858531134985 9.33673281259729e-06
 0.8983050847457626 33 1 3 8 32.61881288256478]
[36.69726860215713 'Conceptual' 1.20858531134985 9.33673281259729e-06
 0.847457627118644 33 1 3 9 36.69726860215713]
[40.894630137775295 'Conceptual' 1.20858531134985 9.33673281259729e-06
 0.8305084745762711 33 1 3 10 40.894630137775295]
[44.93914095371301 'Conceptual' 1.20858531134985 9.33673281259729e-06
 0.7627118644067796 33 1 3 11 44.93914095371301]
[49.10724095708185 'Conceptual' 1.20858531134985 9.33673281259729e-06
 0.6779661016949152 33 1 3 12 49.10724095708185]
[52.96341685104956 'Conceptual' 1.20858531134985 9.33673281259729e-06
 0.7627118644067796 33 1 3 13 52.96341685104956]
[56.01293966576391 'Conceptual' 1.20858531134985 9.33673281259729e-06
 0.847457627118644 33 1 3 14 56.01293966576391]
[58.33495603298527 'Conceptual' 1.20858531134985 9.33673281259729e-06
 0.8305084745762711 33 1 3 15 58.33495603298527]
[60.01755802330098 'Conceptual' 1.20858531134985 9.33673281259729e-06
 0.7627118644067796 33 1 3 16 60.01755802330098]
[61.16021955514191 'Conceptual' 1.20858531134985 9.33673281259729e-06
 0.7288135593220338 33 1 3 17 61.16021955514191]
[61.855119781196436 'Conceptual' 1.20858531134985 9.33673281259729e-06
 0.1694915254237288 33 1 3 18 61.855119781196436]
[62.2709717111645 'Conceptual' 1.20858531134985 9.33673281259729e-06
 0.1694915254237288 33 1 3 19 62.2709717111645]
[0.0 'Conceptual' 1.20858531134985 9.33673281259729e-06 0.0 33 1 4 0 0.0]
[4.085619614381564 'Conceptual' 1.20858531134985 9.33673281259729e-06
 0.1694915254237288 33 1 4 1 4.085619614381564]
[7.914409917657556 'Conceptual' 1.20858531134985 9.33673281259729e-06
 1.0169491525423728 33 1 4 2 7.914409917657556]
[12.09278309285552 'Conceptual' 1.20858531134985 9.33673281259729e-06
 0.9322033898305084 33 1 4 3 12.09278309285552]
[16.274372861283524 'Conceptual' 1.20858531134985 9.33673281259729e-06
 0.8983050847457626 33 1 4 4 16.274372861283524]
[20.4532832612888 'Conceptual' 1.20858531134985 9.33673281259729e-06
 0.847457627118644 33 1 4 5 20.4532832612888]
[24.644673847763162 'Conceptual' 1.20858531134985 9.33673281259729e-06
 0.6779661016949152 33 1 4 6 24.644673847763162]
[28.6733411393624 'Conceptual' 1.20858531134985 9.33673281259729e-06
 0.7288135593220338 33 1 4 7 28.6733411393624]
[32.61881288256478 'Conceptual' 1.20858531134985 9.33673281259729e-06
 0.8983050847457626 33 1 4 8 32.61881288256478]
[36.69726860215713 'Conceptual' 1.20858531134985 9.33673281259729e-06
 0.847457627118644 33 1 4 9 36.69726860215713]
[40.894630137775295 'Conceptual' 1.20858531134985 9.33673281259729e-06
 0.8305084745762711 33 1 4 10 40.894630137775295]
[44.93914095371301 'Conceptual' 1.20858531134985 9.33673281259729e-06
 0.7627118644067796 33 1 4 11 44.93914095371301]
[49.10724095708185 'Conceptual' 1.20858531134985 9.33673281259729e-06
 0.6779661016949152 33 1 4 12 49.10724095708185]
[52.96341685104956 'Conceptual' 1.20858531134985 9.33673281259729e-06
 0.7627118644067796 33 1 4 13 52.96341685104956]
[56.01293966576391 'Conceptual' 1.20858531134985 9.33673281259729e-06
 0.847457627118644 33 1 4 14 56.01293966576391]
[58.33495603298527 'Conceptual' 1.20858531134985 9.33673281259729e-06
 0.8305084745762711 33 1 4 15 58.33495603298527]
[60.01755802330098 'Conceptual' 1.20858531134985 9.33673281259729e-06
 0.7627118644067796 33 1 4 16 60.01755802330098]
[61.16021955514191 'Conceptual' 1.20858531134985 9.33673281259729e-06
 0.7288135593220338 33 1 4 17 61.16021955514191]
[61.855119781196436 'Conceptual' 1.20858531134985 9.33673281259729e-06
 0.1694915254237288 33 1 4 18 61.855119781196436]
[62.2709717111645 'Conceptual' 1.20858531134985 9.33673281259729e-06
 0.1694915254237288 33 1 4 19 62.2709717111645]
[0.0 'Conceptual' 1.20858531134985 9.33673281259729e-06 0.0 33 1 5 0 0.0]
[4.085619614381564 'Conceptual' 1.20858531134985 9.33673281259729e-06
 0.1694915254237288 33 1 5 1 4.085619614381564]
[7.914409917657556 'Conceptual' 1.20858531134985 9.33673281259729e-06
 1.0169491525423728 33 1 5 2 7.914409917657556]
[12.09278309285552 'Conceptual' 1.20858531134985 9.33673281259729e-06
 0.9322033898305084 33 1 5 3 12.09278309285552]
[16.274372861283524 'Conceptual' 1.20858531134985 9.33673281259729e-06
 0.8983050847457626 33 1 5 4 16.274372861283524]
[20.4532832612888 'Conceptual' 1.20858531134985 9.33673281259729e-06
 0.847457627118644 33 1 5 5 20.4532832612888]
[24.644673847763162 'Conceptual' 1.20858531134985 9.33673281259729e-06
 0.6779661016949152 33 1 5 6 24.644673847763162]
[28.6733411393624 'Conceptual' 1.20858531134985 9.33673281259729e-06
 0.7288135593220338 33 1 5 7 28.6733411393624]
[32.61881288256478 'Conceptual' 1.20858531134985 9.33673281259729e-06
 0.8983050847457626 33 1 5 8 32.61881288256478]
[36.69726860215713 'Conceptual' 1.20858531134985 9.33673281259729e-06
 0.847457627118644 33 1 5 9 36.69726860215713]
[40.894630137775295 'Conceptual' 1.20858531134985 9.33673281259729e-06
 0.8305084745762711 33 1 5 10 40.894630137775295]
[44.93914095371301 'Conceptual' 1.20858531134985 9.33673281259729e-06
 0.7627118644067796 33 1 5 11 44.93914095371301]
[49.10724095708185 'Conceptual' 1.20858531134985 9.33673281259729e-06
 0.6779661016949152 33 1 5 12 49.10724095708185]
[52.96341685104956 'Conceptual' 1.20858531134985 9.33673281259729e-06
 0.7627118644067796 33 1 5 13 52.96341685104956]
[56.01293966576391 'Conceptual' 1.20858531134985 9.33673281259729e-06
 0.847457627118644 33 1 5 14 56.01293966576391]
[58.33495603298527 'Conceptual' 1.20858531134985 9.33673281259729e-06
 0.8305084745762711 33 1 5 15 58.33495603298527]
[60.01755802330098 'Conceptual' 1.20858531134985 9.33673281259729e-06
 0.7627118644067796 33 1 5 16 60.01755802330098]
[61.16021955514191 'Conceptual' 1.20858531134985 9.33673281259729e-06
 0.7288135593220338 33 1 5 17 61.16021955514191]
[61.855119781196436 'Conceptual' 1.20858531134985 9.33673281259729e-06
 0.1694915254237288 33 1 5 18 61.855119781196436]
[62.2709717111645 'Conceptual' 1.20858531134985 9.33673281259729e-06
 0.1694915254237288 33 1 5 19 62.2709717111645]
[0.0 'Conceptual' 1.20858531134985 9.33673281259729e-06 0.0 33 1 6 0 0.0]
[4.085619614381564 'Conceptual' 1.20858531134985 9.33673281259729e-06
 0.1694915254237288 33 1 6 1 4.085619614381564]
[7.914409917657556 'Conceptual' 1.20858531134985 9.33673281259729e-06
 1.0169491525423728 33 1 6 2 7.914409917657556]
[12.09278309285552 'Conceptual' 1.20858531134985 9.33673281259729e-06
 0.9322033898305084 33 1 6 3 12.09278309285552]
[16.274372861283524 'Conceptual' 1.20858531134985 9.33673281259729e-06
 0.8983050847457626 33 1 6 4 16.274372861283524]
[20.4532832612888 'Conceptual' 1.20858531134985 9.33673281259729e-06
 0.847457627118644 33 1 6 5 20.4532832612888]
[24.644673847763162 'Conceptual' 1.20858531134985 9.33673281259729e-06
 0.6779661016949152 33 1 6 6 24.644673847763162]
[28.6733411393624 'Conceptual' 1.20858531134985 9.33673281259729e-06
 0.7288135593220338 33 1 6 7 28.6733411393624]
[32.61881288256478 'Conceptual' 1.20858531134985 9.33673281259729e-06
 0.8983050847457626 33 1 6 8 32.61881288256478]
[36.69726860215713 'Conceptual' 1.20858531134985 9.33673281259729e-06
 0.847457627118644 33 1 6 9 36.69726860215713]
[40.894630137775295 'Conceptual' 1.20858531134985 9.33673281259729e-06
 0.8305084745762711 33 1 6 10 40.894630137775295]
[44.93914095371301 'Conceptual' 1.20858531134985 9.33673281259729e-06
 0.7627118644067796 33 1 6 11 44.93914095371301]
[49.10724095708185 'Conceptual' 1.20858531134985 9.33673281259729e-06
 0.6779661016949152 33 1 6 12 49.10724095708185]
[52.96341685104956 'Conceptual' 1.20858531134985 9.33673281259729e-06
 0.7627118644067796 33 1 6 13 52.96341685104956]
[56.01293966576391 'Conceptual' 1.20858531134985 9.33673281259729e-06
 0.847457627118644 33 1 6 14 56.01293966576391]
[58.33495603298527 'Conceptual' 1.20858531134985 9.33673281259729e-06
 0.8305084745762711 33 1 6 15 58.33495603298527]
[60.01755802330098 'Conceptual' 1.20858531134985 9.33673281259729e-06
 0.7627118644067796 33 1 6 16 60.01755802330098]
[61.16021955514191 'Conceptual' 1.20858531134985 9.33673281259729e-06
 0.7288135593220338 33 1 6 17 61.16021955514191]
[61.855119781196436 'Conceptual' 1.20858531134985 9.33673281259729e-06
 0.1694915254237288 33 1 6 18 61.855119781196436]
[62.2709717111645 'Conceptual' 1.20858531134985 9.33673281259729e-06
 0.1694915254237288 33 1 6 19 62.2709717111645]
[0.0 'Conceptual' 1.20858531134985 9.33673281259729e-06 0.0 33 1 7 0 0.0]
[4.085619614381564 'Conceptual' 1.20858531134985 9.33673281259729e-06
 0.1694915254237288 33 1 7 1 4.085619614381564]
[7.914409917657556 'Conceptual' 1.20858531134985 9.33673281259729e-06
 1.0169491525423728 33 1 7 2 7.914409917657556]
[12.09278309285552 'Conceptual' 1.20858531134985 9.33673281259729e-06
 0.9322033898305084 33 1 7 3 12.09278309285552]
[16.274372861283524 'Conceptual' 1.20858531134985 9.33673281259729e-06
 0.8983050847457626 33 1 7 4 16.274372861283524]
[20.4532832612888 'Conceptual' 1.20858531134985 9.33673281259729e-06
 0.847457627118644 33 1 7 5 20.4532832612888]
[24.644673847763162 'Conceptual' 1.20858531134985 9.33673281259729e-06
 0.6779661016949152 33 1 7 6 24.644673847763162]
[28.6733411393624 'Conceptual' 1.20858531134985 9.33673281259729e-06
 0.7288135593220338 33 1 7 7 28.6733411393624]
[32.61881288256478 'Conceptual' 1.20858531134985 9.33673281259729e-06
 0.8983050847457626 33 1 7 8 32.61881288256478]
[36.69726860215713 'Conceptual' 1.20858531134985 9.33673281259729e-06
 0.847457627118644 33 1 7 9 36.69726860215713]
[40.894630137775295 'Conceptual' 1.20858531134985 9.33673281259729e-06
 0.8305084745762711 33 1 7 10 40.894630137775295]
[44.93914095371301 'Conceptual' 1.20858531134985 9.33673281259729e-06
 0.7627118644067796 33 1 7 11 44.93914095371301]
[49.10724095708185 'Conceptual' 1.20858531134985 9.33673281259729e-06
 0.6779661016949152 33 1 7 12 49.10724095708185]
[52.96341685104956 'Conceptual' 1.20858531134985 9.33673281259729e-06
 0.7627118644067796 33 1 7 13 52.96341685104956]
[56.01293966576391 'Conceptual' 1.20858531134985 9.33673281259729e-06
 0.847457627118644 33 1 7 14 56.01293966576391]
[58.33495603298527 'Conceptual' 1.20858531134985 9.33673281259729e-06
 0.8305084745762711 33 1 7 15 58.33495603298527]
[60.01755802330098 'Conceptual' 1.20858531134985 9.33673281259729e-06
 0.7627118644067796 33 1 7 16 60.01755802330098]
[61.16021955514191 'Conceptual' 1.20858531134985 9.33673281259729e-06
 0.7288135593220338 33 1 7 17 61.16021955514191]
[61.855119781196436 'Conceptual' 1.20858531134985 9.33673281259729e-06
 0.1694915254237288 33 1 7 18 61.855119781196436]
[62.2709717111645 'Conceptual' 1.20858531134985 9.33673281259729e-06
 0.1694915254237288 33 1 7 19 62.2709717111645]
[0.0 'Conceptual' 1.20858531134985 9.33673281259729e-06 0.0 33 1 8 0 0.0]
[4.085619614381564 'Conceptual' 1.20858531134985 9.33673281259729e-06
 0.1694915254237288 33 1 8 1 4.085619614381564]
[7.914409917657556 'Conceptual' 1.20858531134985 9.33673281259729e-06
 1.0169491525423728 33 1 8 2 7.914409917657556]
[12.09278309285552 'Conceptual' 1.20858531134985 9.33673281259729e-06
 0.9322033898305084 33 1 8 3 12.09278309285552]
[16.274372861283524 'Conceptual' 1.20858531134985 9.33673281259729e-06
 0.8983050847457626 33 1 8 4 16.274372861283524]
[20.4532832612888 'Conceptual' 1.20858531134985 9.33673281259729e-06
 0.847457627118644 33 1 8 5 20.4532832612888]
[24.644673847763162 'Conceptual' 1.20858531134985 9.33673281259729e-06
 0.6779661016949152 33 1 8 6 24.644673847763162]
[28.6733411393624 'Conceptual' 1.20858531134985 9.33673281259729e-06
 0.7288135593220338 33 1 8 7 28.6733411393624]
[32.61881288256478 'Conceptual' 1.20858531134985 9.33673281259729e-06
 0.8983050847457626 33 1 8 8 32.61881288256478]
[36.69726860215713 'Conceptual' 1.20858531134985 9.33673281259729e-06
 0.847457627118644 33 1 8 9 36.69726860215713]
[40.894630137775295 'Conceptual' 1.20858531134985 9.33673281259729e-06
 0.8305084745762711 33 1 8 10 40.894630137775295]
[44.93914095371301 'Conceptual' 1.20858531134985 9.33673281259729e-06
 0.7627118644067796 33 1 8 11 44.93914095371301]
[49.10724095708185 'Conceptual' 1.20858531134985 9.33673281259729e-06
 0.6779661016949152 33 1 8 12 49.10724095708185]
[52.96341685104956 'Conceptual' 1.20858531134985 9.33673281259729e-06
 0.7627118644067796 33 1 8 13 52.96341685104956]
[56.01293966576391 'Conceptual' 1.20858531134985 9.33673281259729e-06
 0.847457627118644 33 1 8 14 56.01293966576391]
[58.33495603298527 'Conceptual' 1.20858531134985 9.33673281259729e-06
 0.8305084745762711 33 1 8 15 58.33495603298527]
[60.01755802330098 'Conceptual' 1.20858531134985 9.33673281259729e-06
 0.7627118644067796 33 1 8 16 60.01755802330098]
[61.16021955514191 'Conceptual' 1.20858531134985 9.33673281259729e-06
 0.7288135593220338 33 1 8 17 61.16021955514191]
[61.855119781196436 'Conceptual' 1.20858531134985 9.33673281259729e-06
 0.1694915254237288 33 1 8 18 61.855119781196436]
[62.2709717111645 'Conceptual' 1.20858531134985 9.33673281259729e-06
 0.1694915254237288 33 1 8 19 62.2709717111645]
