[0.0 'Conceptual' 7.915362131932813 17.91463347128237 0.0 113 5 0 0 0.0]
[4.926256368997819 'Conceptual' 7.915362131932813 17.91463347128237
 10.169491525423728 113 5 0 1 4.926256368997819]
[8.083799542441817 'Conceptual' 7.915362131932813 17.91463347128237
 5.47457627118644 113 5 0 2 8.083799542441817]
[12.49134047310502 'Conceptual' 7.915362131932813 17.91463347128237
 4.4576271186440675 113 5 0 3 12.49134047310502]
[15.952972291804699 'Conceptual' 7.915362131932813 17.91463347128237
 3.389830508474576 113 5 0 4 15.952972291804699]
[19.189959088208866 'Conceptual' 7.915362131932813 17.91463347128237
 2.8813559322033897 113 5 0 5 19.189959088208866]
[22.12402203812527 'Conceptual' 7.915362131932813 17.91463347128237
 2.254237288135593 113 5 0 6 22.12402203812527]
[25.243126433852133 'Conceptual' 7.915362131932813 17.91463347128237
 2.084745762711864 113 5 0 7 25.243126433852133]
[29.10820597687197 'Conceptual' 7.915362131932813 17.91463347128237
 2.016949152542373 113 5 0 8 29.10820597687197]
[31.88533983441556 'Conceptual' 7.915362131932813 17.91463347128237
 1.9491525423728813 113 5 0 9 31.88533983441556]
[35.52021583808415 'Conceptual' 7.915362131932813 17.91463347128237
 1.9152542372881354 113 5 0 10 35.52021583808415]
[39.3778670307501 'Conceptual' 7.915362131932813 17.91463347128237
 1.8644067796610169 113 5 0 11 39.3778670307501]
[43.05262829915053 'Conceptual' 7.915362131932813 17.91463347128237
 1.7457627118644066 113 5 0 12 43.05262829915053]
[47.73273580623087 'Conceptual' 7.915362131932813 17.91463347128237
 1.7457627118644066 113 5 0 13 47.73273580623087]
[52.79892225817203 'Conceptual' 7.915362131932813 17.91463347128237
 1.6101694915254237 113 5 0 14 52.79892225817203]
[56.204312705196514 'Conceptual' 7.915362131932813 17.91463347128237
 1.6440677966101693 113 5 0 15 56.204312705196514]
[58.85371612767735 'Conceptual' 7.915362131932813 17.91463347128237
 1.5762711864406778 113 5 0 16 58.85371612767735]
[63.18521697659234 'Conceptual' 7.915362131932813 17.91463347128237
 1.5254237288135593 113 5 0 17 63.18521697659234]
[66.16177829984767 'Conceptual' 7.915362131932813 17.91463347128237
 1.4406779661016949 113 5 0 18 66.16177829984767]
[71.23109129035039 'Conceptual' 7.915362131932813 17.91463347128237
 1.406779661016949 113 5 0 19 71.23109129035039]
[0.0 'Conceptual' 7.915362131932813 17.91463347128237 0.0 113 5 1 0 0.0]
[4.926256368997819 'Conceptual' 7.915362131932813 17.91463347128237
 10.169491525423728 113 5 1 1 4.926256368997819]
[8.083799542441817 'Conceptual' 7.915362131932813 17.91463347128237
 5.47457627118644 113 5 1 2 8.083799542441817]
[12.49134047310502 'Conceptual' 7.915362131932813 17.91463347128237
 4.4576271186440675 113 5 1 3 12.49134047310502]
[15.952972291804699 'Conceptual' 7.915362131932813 17.91463347128237
 3.389830508474576 113 5 1 4 15.952972291804699]
[19.189959088208866 'Conceptual' 7.915362131932813 17.91463347128237
 2.8813559322033897 113 5 1 5 19.189959088208866]
[22.12402203812527 'Conceptual' 7.915362131932813 17.91463347128237
 2.254237288135593 113 5 1 6 22.12402203812527]
[25.243126433852133 'Conceptual' 7.915362131932813 17.91463347128237
 2.084745762711864 113 5 1 7 25.243126433852133]
[29.10820597687197 'Conceptual' 7.915362131932813 17.91463347128237
 2.016949152542373 113 5 1 8 29.10820597687197]
[31.88533983441556 'Conceptual' 7.915362131932813 17.91463347128237
 1.9491525423728813 113 5 1 9 31.88533983441556]
[35.52021583808415 'Conceptual' 7.915362131932813 17.91463347128237
 1.9152542372881354 113 5 1 10 35.52021583808415]
[39.3778670307501 'Conceptual' 7.915362131932813 17.91463347128237
 1.8644067796610169 113 5 1 11 39.3778670307501]
[43.05262829915053 'Conceptual' 7.915362131932813 17.91463347128237
 1.7457627118644066 113 5 1 12 43.05262829915053]
[47.73273580623087 'Conceptual' 7.915362131932813 17.91463347128237
 1.7457627118644066 113 5 1 13 47.73273580623087]
[52.79892225817203 'Conceptual' 7.915362131932813 17.91463347128237
 1.6101694915254237 113 5 1 14 52.79892225817203]
[56.204312705196514 'Conceptual' 7.915362131932813 17.91463347128237
 1.6440677966101693 113 5 1 15 56.204312705196514]
[58.85371612767735 'Conceptual' 7.915362131932813 17.91463347128237
 1.5762711864406778 113 5 1 16 58.85371612767735]
[63.18521697659234 'Conceptual' 7.915362131932813 17.91463347128237
 1.5254237288135593 113 5 1 17 63.18521697659234]
[66.16177829984767 'Conceptual' 7.915362131932813 17.91463347128237
 1.4406779661016949 113 5 1 18 66.16177829984767]
[71.23109129035039 'Conceptual' 7.915362131932813 17.91463347128237
 1.406779661016949 113 5 1 19 71.23109129035039]
[0.0 'Conceptual' 7.915362131932813 17.91463347128237 0.0 113 5 2 0 0.0]
[4.926256368997819 'Conceptual' 7.915362131932813 17.91463347128237
 10.169491525423728 113 5 2 1 4.926256368997819]
[8.083799542441817 'Conceptual' 7.915362131932813 17.91463347128237
 5.47457627118644 113 5 2 2 8.083799542441817]
[12.49134047310502 'Conceptual' 7.915362131932813 17.91463347128237
 4.4576271186440675 113 5 2 3 12.49134047310502]
[15.952972291804699 'Conceptual' 7.915362131932813 17.91463347128237
 3.389830508474576 113 5 2 4 15.952972291804699]
[19.189959088208866 'Conceptual' 7.915362131932813 17.91463347128237
 2.8813559322033897 113 5 2 5 19.189959088208866]
[22.12402203812527 'Conceptual' 7.915362131932813 17.91463347128237
 2.254237288135593 113 5 2 6 22.12402203812527]
[25.243126433852133 'Conceptual' 7.915362131932813 17.91463347128237
 2.084745762711864 113 5 2 7 25.243126433852133]
[29.10820597687197 'Conceptual' 7.915362131932813 17.91463347128237
 2.016949152542373 113 5 2 8 29.10820597687197]
[31.88533983441556 'Conceptual' 7.915362131932813 17.91463347128237
 1.9491525423728813 113 5 2 9 31.88533983441556]
[35.52021583808415 'Conceptual' 7.915362131932813 17.91463347128237
 1.9152542372881354 113 5 2 10 35.52021583808415]
[39.3778670307501 'Conceptual' 7.915362131932813 17.91463347128237
 1.8644067796610169 113 5 2 11 39.3778670307501]
[43.05262829915053 'Conceptual' 7.915362131932813 17.91463347128237
 1.7457627118644066 113 5 2 12 43.05262829915053]
[47.73273580623087 'Conceptual' 7.915362131932813 17.91463347128237
 1.7457627118644066 113 5 2 13 47.73273580623087]
[52.79892225817203 'Conceptual' 7.915362131932813 17.91463347128237
 1.6101694915254237 113 5 2 14 52.79892225817203]
[56.204312705196514 'Conceptual' 7.915362131932813 17.91463347128237
 1.6440677966101693 113 5 2 15 56.204312705196514]
[58.85371612767735 'Conceptual' 7.915362131932813 17.91463347128237
 1.5762711864406778 113 5 2 16 58.85371612767735]
[63.18521697659234 'Conceptual' 7.915362131932813 17.91463347128237
 1.5254237288135593 113 5 2 17 63.18521697659234]
[66.16177829984767 'Conceptual' 7.915362131932813 17.91463347128237
 1.4406779661016949 113 5 2 18 66.16177829984767]
[71.23109129035039 'Conceptual' 7.915362131932813 17.91463347128237
 1.406779661016949 113 5 2 19 71.23109129035039]
[0.0 'Conceptual' 7.915362131932813 17.91463347128237 0.0 113 5 3 0 0.0]
[4.926256368997819 'Conceptual' 7.915362131932813 17.91463347128237
 10.169491525423728 113 5 3 1 4.926256368997819]
[8.083799542441817 'Conceptual' 7.915362131932813 17.91463347128237
 5.47457627118644 113 5 3 2 8.083799542441817]
[12.49134047310502 'Conceptual' 7.915362131932813 17.91463347128237
 4.4576271186440675 113 5 3 3 12.49134047310502]
[15.952972291804699 'Conceptual' 7.915362131932813 17.91463347128237
 3.389830508474576 113 5 3 4 15.952972291804699]
[19.189959088208866 'Conceptual' 7.915362131932813 17.91463347128237
 2.8813559322033897 113 5 3 5 19.189959088208866]
[22.12402203812527 'Conceptual' 7.915362131932813 17.91463347128237
 2.254237288135593 113 5 3 6 22.12402203812527]
[25.243126433852133 'Conceptual' 7.915362131932813 17.91463347128237
 2.084745762711864 113 5 3 7 25.243126433852133]
[29.10820597687197 'Conceptual' 7.915362131932813 17.91463347128237
 2.016949152542373 113 5 3 8 29.10820597687197]
[31.88533983441556 'Conceptual' 7.915362131932813 17.91463347128237
 1.9491525423728813 113 5 3 9 31.88533983441556]
[35.52021583808415 'Conceptual' 7.915362131932813 17.91463347128237
 1.9152542372881354 113 5 3 10 35.52021583808415]
[39.3778670307501 'Conceptual' 7.915362131932813 17.91463347128237
 1.8644067796610169 113 5 3 11 39.3778670307501]
[43.05262829915053 'Conceptual' 7.915362131932813 17.91463347128237
 1.7457627118644066 113 5 3 12 43.05262829915053]
[47.73273580623087 'Conceptual' 7.915362131932813 17.91463347128237
 1.7457627118644066 113 5 3 13 47.73273580623087]
[52.79892225817203 'Conceptual' 7.915362131932813 17.91463347128237
 1.6101694915254237 113 5 3 14 52.79892225817203]
[56.204312705196514 'Conceptual' 7.915362131932813 17.91463347128237
 1.6440677966101693 113 5 3 15 56.204312705196514]
[58.85371612767735 'Conceptual' 7.915362131932813 17.91463347128237
 1.5762711864406778 113 5 3 16 58.85371612767735]
[63.18521697659234 'Conceptual' 7.915362131932813 17.91463347128237
 1.5254237288135593 113 5 3 17 63.18521697659234]
[66.16177829984767 'Conceptual' 7.915362131932813 17.91463347128237
 1.4406779661016949 113 5 3 18 66.16177829984767]
[71.23109129035039 'Conceptual' 7.915362131932813 17.91463347128237
 1.406779661016949 113 5 3 19 71.23109129035039]
[0.0 'Conceptual' 7.915362131932813 17.91463347128237 0.0 113 5 4 0 0.0]
[4.926256368997819 'Conceptual' 7.915362131932813 17.91463347128237
 10.169491525423728 113 5 4 1 4.926256368997819]
[8.083799542441817 'Conceptual' 7.915362131932813 17.91463347128237
 5.47457627118644 113 5 4 2 8.083799542441817]
[12.49134047310502 'Conceptual' 7.915362131932813 17.91463347128237
 4.4576271186440675 113 5 4 3 12.49134047310502]
[15.952972291804699 'Conceptual' 7.915362131932813 17.91463347128237
 3.389830508474576 113 5 4 4 15.952972291804699]
[19.189959088208866 'Conceptual' 7.915362131932813 17.91463347128237
 2.8813559322033897 113 5 4 5 19.189959088208866]
[22.12402203812527 'Conceptual' 7.915362131932813 17.91463347128237
 2.254237288135593 113 5 4 6 22.12402203812527]
[25.243126433852133 'Conceptual' 7.915362131932813 17.91463347128237
 2.084745762711864 113 5 4 7 25.243126433852133]
[29.10820597687197 'Conceptual' 7.915362131932813 17.91463347128237
 2.016949152542373 113 5 4 8 29.10820597687197]
[31.88533983441556 'Conceptual' 7.915362131932813 17.91463347128237
 1.9491525423728813 113 5 4 9 31.88533983441556]
[35.52021583808415 'Conceptual' 7.915362131932813 17.91463347128237
 1.9152542372881354 113 5 4 10 35.52021583808415]
[39.3778670307501 'Conceptual' 7.915362131932813 17.91463347128237
 1.8644067796610169 113 5 4 11 39.3778670307501]
[43.05262829915053 'Conceptual' 7.915362131932813 17.91463347128237
 1.7457627118644066 113 5 4 12 43.05262829915053]
[47.73273580623087 'Conceptual' 7.915362131932813 17.91463347128237
 1.7457627118644066 113 5 4 13 47.73273580623087]
[52.79892225817203 'Conceptual' 7.915362131932813 17.91463347128237
 1.6101694915254237 113 5 4 14 52.79892225817203]
[56.204312705196514 'Conceptual' 7.915362131932813 17.91463347128237
 1.6440677966101693 113 5 4 15 56.204312705196514]
[58.85371612767735 'Conceptual' 7.915362131932813 17.91463347128237
 1.5762711864406778 113 5 4 16 58.85371612767735]
[63.18521697659234 'Conceptual' 7.915362131932813 17.91463347128237
 1.5254237288135593 113 5 4 17 63.18521697659234]
[66.16177829984767 'Conceptual' 7.915362131932813 17.91463347128237
 1.4406779661016949 113 5 4 18 66.16177829984767]
[71.23109129035039 'Conceptual' 7.915362131932813 17.91463347128237
 1.406779661016949 113 5 4 19 71.23109129035039]
[0.0 'Conceptual' 7.915362131932813 17.91463347128237 0.0 113 5 6 0 0.0]
[4.926256368997819 'Conceptual' 7.915362131932813 17.91463347128237
 10.169491525423728 113 5 6 1 4.926256368997819]
[8.083799542441817 'Conceptual' 7.915362131932813 17.91463347128237
 5.47457627118644 113 5 6 2 8.083799542441817]
[12.49134047310502 'Conceptual' 7.915362131932813 17.91463347128237
 4.4576271186440675 113 5 6 3 12.49134047310502]
[15.952972291804699 'Conceptual' 7.915362131932813 17.91463347128237
 3.389830508474576 113 5 6 4 15.952972291804699]
[19.189959088208866 'Conceptual' 7.915362131932813 17.91463347128237
 2.8813559322033897 113 5 6 5 19.189959088208866]
[22.12402203812527 'Conceptual' 7.915362131932813 17.91463347128237
 2.254237288135593 113 5 6 6 22.12402203812527]
[25.243126433852133 'Conceptual' 7.915362131932813 17.91463347128237
 2.084745762711864 113 5 6 7 25.243126433852133]
[29.10820597687197 'Conceptual' 7.915362131932813 17.91463347128237
 2.016949152542373 113 5 6 8 29.10820597687197]
[31.88533983441556 'Conceptual' 7.915362131932813 17.91463347128237
 1.9491525423728813 113 5 6 9 31.88533983441556]
[35.52021583808415 'Conceptual' 7.915362131932813 17.91463347128237
 1.9152542372881354 113 5 6 10 35.52021583808415]
[39.3778670307501 'Conceptual' 7.915362131932813 17.91463347128237
 1.8644067796610169 113 5 6 11 39.3778670307501]
[43.05262829915053 'Conceptual' 7.915362131932813 17.91463347128237
 1.7457627118644066 113 5 6 12 43.05262829915053]
[47.73273580623087 'Conceptual' 7.915362131932813 17.91463347128237
 1.7457627118644066 113 5 6 13 47.73273580623087]
[52.79892225817203 'Conceptual' 7.915362131932813 17.91463347128237
 1.6101694915254237 113 5 6 14 52.79892225817203]
[56.204312705196514 'Conceptual' 7.915362131932813 17.91463347128237
 1.6440677966101693 113 5 6 15 56.204312705196514]
[58.85371612767735 'Conceptual' 7.915362131932813 17.91463347128237
 1.5762711864406778 113 5 6 16 58.85371612767735]
[63.18521697659234 'Conceptual' 7.915362131932813 17.91463347128237
 1.5254237288135593 113 5 6 17 63.18521697659234]
[66.16177829984767 'Conceptual' 7.915362131932813 17.91463347128237
 1.4406779661016949 113 5 6 18 66.16177829984767]
[71.23109129035039 'Conceptual' 7.915362131932813 17.91463347128237
 1.406779661016949 113 5 6 19 71.23109129035039]
[0.0 'Conceptual' 7.915362131932813 17.91463347128237 0.0 113 5 7 0 0.0]
[4.926256368997819 'Conceptual' 7.915362131932813 17.91463347128237
 10.169491525423728 113 5 7 1 4.926256368997819]
[8.083799542441817 'Conceptual' 7.915362131932813 17.91463347128237
 5.47457627118644 113 5 7 2 8.083799542441817]
[12.49134047310502 'Conceptual' 7.915362131932813 17.91463347128237
 4.4576271186440675 113 5 7 3 12.49134047310502]
[15.952972291804699 'Conceptual' 7.915362131932813 17.91463347128237
 3.389830508474576 113 5 7 4 15.952972291804699]
[19.189959088208866 'Conceptual' 7.915362131932813 17.91463347128237
 2.8813559322033897 113 5 7 5 19.189959088208866]
[22.12402203812527 'Conceptual' 7.915362131932813 17.91463347128237
 2.254237288135593 113 5 7 6 22.12402203812527]
[25.243126433852133 'Conceptual' 7.915362131932813 17.91463347128237
 2.084745762711864 113 5 7 7 25.243126433852133]
[29.10820597687197 'Conceptual' 7.915362131932813 17.91463347128237
 2.016949152542373 113 5 7 8 29.10820597687197]
[31.88533983441556 'Conceptual' 7.915362131932813 17.91463347128237
 1.9491525423728813 113 5 7 9 31.88533983441556]
[35.52021583808415 'Conceptual' 7.915362131932813 17.91463347128237
 1.9152542372881354 113 5 7 10 35.52021583808415]
[39.3778670307501 'Conceptual' 7.915362131932813 17.91463347128237
 1.8644067796610169 113 5 7 11 39.3778670307501]
[43.05262829915053 'Conceptual' 7.915362131932813 17.91463347128237
 1.7457627118644066 113 5 7 12 43.05262829915053]
[47.73273580623087 'Conceptual' 7.915362131932813 17.91463347128237
 1.7457627118644066 113 5 7 13 47.73273580623087]
[52.79892225817203 'Conceptual' 7.915362131932813 17.91463347128237
 1.6101694915254237 113 5 7 14 52.79892225817203]
[56.204312705196514 'Conceptual' 7.915362131932813 17.91463347128237
 1.6440677966101693 113 5 7 15 56.204312705196514]
[58.85371612767735 'Conceptual' 7.915362131932813 17.91463347128237
 1.5762711864406778 113 5 7 16 58.85371612767735]
[63.18521697659234 'Conceptual' 7.915362131932813 17.91463347128237
 1.5254237288135593 113 5 7 17 63.18521697659234]
[66.16177829984767 'Conceptual' 7.915362131932813 17.91463347128237
 1.4406779661016949 113 5 7 18 66.16177829984767]
[71.23109129035039 'Conceptual' 7.915362131932813 17.91463347128237
 1.406779661016949 113 5 7 19 71.23109129035039]
[0.0 'Conceptual' 7.915362131932813 17.91463347128237 0.0 113 5 8 0 0.0]
[4.926256368997819 'Conceptual' 7.915362131932813 17.91463347128237
 10.169491525423728 113 5 8 1 4.926256368997819]
[8.083799542441817 'Conceptual' 7.915362131932813 17.91463347128237
 5.47457627118644 113 5 8 2 8.083799542441817]
[12.49134047310502 'Conceptual' 7.915362131932813 17.91463347128237
 4.4576271186440675 113 5 8 3 12.49134047310502]
[15.952972291804699 'Conceptual' 7.915362131932813 17.91463347128237
 3.389830508474576 113 5 8 4 15.952972291804699]
[19.189959088208866 'Conceptual' 7.915362131932813 17.91463347128237
 2.8813559322033897 113 5 8 5 19.189959088208866]
[22.12402203812527 'Conceptual' 7.915362131932813 17.91463347128237
 2.254237288135593 113 5 8 6 22.12402203812527]
[25.243126433852133 'Conceptual' 7.915362131932813 17.91463347128237
 2.084745762711864 113 5 8 7 25.243126433852133]
[29.10820597687197 'Conceptual' 7.915362131932813 17.91463347128237
 2.016949152542373 113 5 8 8 29.10820597687197]
[31.88533983441556 'Conceptual' 7.915362131932813 17.91463347128237
 1.9491525423728813 113 5 8 9 31.88533983441556]
[35.52021583808415 'Conceptual' 7.915362131932813 17.91463347128237
 1.9152542372881354 113 5 8 10 35.52021583808415]
[39.3778670307501 'Conceptual' 7.915362131932813 17.91463347128237
 1.8644067796610169 113 5 8 11 39.3778670307501]
[43.05262829915053 'Conceptual' 7.915362131932813 17.91463347128237
 1.7457627118644066 113 5 8 12 43.05262829915053]
[47.73273580623087 'Conceptual' 7.915362131932813 17.91463347128237
 1.7457627118644066 113 5 8 13 47.73273580623087]
[52.79892225817203 'Conceptual' 7.915362131932813 17.91463347128237
 1.6101694915254237 113 5 8 14 52.79892225817203]
[56.204312705196514 'Conceptual' 7.915362131932813 17.91463347128237
 1.6440677966101693 113 5 8 15 56.204312705196514]
[58.85371612767735 'Conceptual' 7.915362131932813 17.91463347128237
 1.5762711864406778 113 5 8 16 58.85371612767735]
[63.18521697659234 'Conceptual' 7.915362131932813 17.91463347128237
 1.5254237288135593 113 5 8 17 63.18521697659234]
[66.16177829984767 'Conceptual' 7.915362131932813 17.91463347128237
 1.4406779661016949 113 5 8 18 66.16177829984767]
[71.23109129035039 'Conceptual' 7.915362131932813 17.91463347128237
 1.406779661016949 113 5 8 19 71.23109129035039]
