[0.0 'Conceptual' 1.2645529532518183 0.03626078098149322 0.0 68 2 0 0 0.0]
[4.015654791731808 'Conceptual' 1.2645529532518183 0.03626078098149322
 0.1694915254237288 68 2 0 1 4.015654791731808]
[8.059393555503306 'Conceptual' 1.2645529532518183 0.03626078098149322
 0.1694915254237288 68 2 0 2 8.059393555503306]
[12.250018837007334 'Conceptual' 1.2645529532518183 0.03626078098149322
 0.1694915254237288 68 2 0 3 12.250018837007334]
[15.862592933019146 'Conceptual' 1.2645529532518183 0.03626078098149322
 1.5084745762711864 68 2 0 4 15.862592933019146]
[19.710234658849696 'Conceptual' 1.2645529532518183 0.03626078098149322
 1.9491525423728813 68 2 0 5 19.710234658849696]
[23.107992482173927 'Conceptual' 1.2645529532518183 0.03626078098149322
 1.9152542372881354 68 2 0 6 23.107992482173927]
[27.150049817220534 'Conceptual' 1.2645529532518183 0.03626078098149322
 1.9491525423728813 68 2 0 7 27.150049817220534]
[30.62599917614503 'Conceptual' 1.2645529532518183 0.03626078098149322
 1.847457627118644 68 2 0 8 30.62599917614503]
[33.47842248243244 'Conceptual' 1.2645529532518183 0.03626078098149322
 1.406779661016949 68 2 0 9 33.47842248243244]
[35.44568004793963 'Conceptual' 1.2645529532518183 0.03626078098149322
 0.7288135593220338 68 2 0 10 35.44568004793963]
[36.546908082434626 'Conceptual' 1.2645529532518183 0.03626078098149322
 0.4915254237288135 68 2 0 11 36.546908082434626]
[37.04404002216826 'Conceptual' 1.2645529532518183 0.03626078098149322
 0.1694915254237288 68 2 0 12 37.04404002216826]
[37.08791778631258 'Conceptual' 1.2645529532518183 0.03626078098149322
 0.1694915254237288 68 2 0 13 37.08791778631258]
[36.82168634219696 'Conceptual' 1.2645529532518183 0.03626078098149322
 0.1694915254237288 68 2 0 14 36.82168634219696]
[36.407224463950044 'Conceptual' 1.2645529532518183 0.03626078098149322
 0.1694915254237288 68 2 0 15 36.407224463950044]
[36.01878711551093 'Conceptual' 1.2645529532518183 0.03626078098149322
 0.1694915254237288 68 2 0 16 36.01878711551093]
[35.811628187508475 'Conceptual' 1.2645529532518183 0.03626078098149322
 0.1694915254237288 68 2 0 17 35.811628187508475]
[35.90384973574095 'Conceptual' 1.2645529532518183 0.03626078098149322
 0.1694915254237288 68 2 0 18 35.90384973574095]
[36.36017546615485 'Conceptual' 1.2645529532518183 0.03626078098149322
 0.3389830508474576 68 2 0 19 36.36017546615485]
[0.0 'Conceptual' 1.2645529532518183 0.03626078098149322 0.0 68 2 1 0 0.0]
[4.015654791731808 'Conceptual' 1.2645529532518183 0.03626078098149322
 0.1694915254237288 68 2 1 1 4.015654791731808]
[8.059393555503306 'Conceptual' 1.2645529532518183 0.03626078098149322
 0.1694915254237288 68 2 1 2 8.059393555503306]
[12.250018837007334 'Conceptual' 1.2645529532518183 0.03626078098149322
 0.1694915254237288 68 2 1 3 12.250018837007334]
[15.862592933019146 'Conceptual' 1.2645529532518183 0.03626078098149322
 1.5084745762711864 68 2 1 4 15.862592933019146]
[19.710234658849696 'Conceptual' 1.2645529532518183 0.03626078098149322
 1.9491525423728813 68 2 1 5 19.710234658849696]
[23.107992482173927 'Conceptual' 1.2645529532518183 0.03626078098149322
 1.9152542372881354 68 2 1 6 23.107992482173927]
[27.150049817220534 'Conceptual' 1.2645529532518183 0.03626078098149322
 1.9491525423728813 68 2 1 7 27.150049817220534]
[30.62599917614503 'Conceptual' 1.2645529532518183 0.03626078098149322
 1.847457627118644 68 2 1 8 30.62599917614503]
[33.47842248243244 'Conceptual' 1.2645529532518183 0.03626078098149322
 1.406779661016949 68 2 1 9 33.47842248243244]
[35.44568004793963 'Conceptual' 1.2645529532518183 0.03626078098149322
 0.7288135593220338 68 2 1 10 35.44568004793963]
[36.546908082434626 'Conceptual' 1.2645529532518183 0.03626078098149322
 0.4915254237288135 68 2 1 11 36.546908082434626]
[37.04404002216826 'Conceptual' 1.2645529532518183 0.03626078098149322
 0.1694915254237288 68 2 1 12 37.04404002216826]
[37.08791778631258 'Conceptual' 1.2645529532518183 0.03626078098149322
 0.1694915254237288 68 2 1 13 37.08791778631258]
[36.82168634219696 'Conceptual' 1.2645529532518183 0.03626078098149322
 0.1694915254237288 68 2 1 14 36.82168634219696]
[36.407224463950044 'Conceptual' 1.2645529532518183 0.03626078098149322
 0.1694915254237288 68 2 1 15 36.407224463950044]
[36.01878711551093 'Conceptual' 1.2645529532518183 0.03626078098149322
 0.1694915254237288 68 2 1 16 36.01878711551093]
[35.811628187508475 'Conceptual' 1.2645529532518183 0.03626078098149322
 0.1694915254237288 68 2 1 17 35.811628187508475]
[35.90384973574095 'Conceptual' 1.2645529532518183 0.03626078098149322
 0.1694915254237288 68 2 1 18 35.90384973574095]
[36.36017546615485 'Conceptual' 1.2645529532518183 0.03626078098149322
 0.3389830508474576 68 2 1 19 36.36017546615485]
[0.0 'Conceptual' 1.2645529532518183 0.03626078098149322 0.0 68 2 3 0 0.0]
[4.015654791731808 'Conceptual' 1.2645529532518183 0.03626078098149322
 0.1694915254237288 68 2 3 1 4.015654791731808]
[8.059393555503306 'Conceptual' 1.2645529532518183 0.03626078098149322
 0.1694915254237288 68 2 3 2 8.059393555503306]
[12.250018837007334 'Conceptual' 1.2645529532518183 0.03626078098149322
 0.1694915254237288 68 2 3 3 12.250018837007334]
[15.862592933019146 'Conceptual' 1.2645529532518183 0.03626078098149322
 1.5084745762711864 68 2 3 4 15.862592933019146]
[19.710234658849696 'Conceptual' 1.2645529532518183 0.03626078098149322
 1.9491525423728813 68 2 3 5 19.710234658849696]
[23.107992482173927 'Conceptual' 1.2645529532518183 0.03626078098149322
 1.9152542372881354 68 2 3 6 23.107992482173927]
[27.150049817220534 'Conceptual' 1.2645529532518183 0.03626078098149322
 1.9491525423728813 68 2 3 7 27.150049817220534]
[30.62599917614503 'Conceptual' 1.2645529532518183 0.03626078098149322
 1.847457627118644 68 2 3 8 30.62599917614503]
[33.47842248243244 'Conceptual' 1.2645529532518183 0.03626078098149322
 1.406779661016949 68 2 3 9 33.47842248243244]
[35.44568004793963 'Conceptual' 1.2645529532518183 0.03626078098149322
 0.7288135593220338 68 2 3 10 35.44568004793963]
[36.546908082434626 'Conceptual' 1.2645529532518183 0.03626078098149322
 0.4915254237288135 68 2 3 11 36.546908082434626]
[37.04404002216826 'Conceptual' 1.2645529532518183 0.03626078098149322
 0.1694915254237288 68 2 3 12 37.04404002216826]
[37.08791778631258 'Conceptual' 1.2645529532518183 0.03626078098149322
 0.1694915254237288 68 2 3 13 37.08791778631258]
[36.82168634219696 'Conceptual' 1.2645529532518183 0.03626078098149322
 0.1694915254237288 68 2 3 14 36.82168634219696]
[36.407224463950044 'Conceptual' 1.2645529532518183 0.03626078098149322
 0.1694915254237288 68 2 3 15 36.407224463950044]
[36.01878711551093 'Conceptual' 1.2645529532518183 0.03626078098149322
 0.1694915254237288 68 2 3 16 36.01878711551093]
[35.811628187508475 'Conceptual' 1.2645529532518183 0.03626078098149322
 0.1694915254237288 68 2 3 17 35.811628187508475]
[35.90384973574095 'Conceptual' 1.2645529532518183 0.03626078098149322
 0.1694915254237288 68 2 3 18 35.90384973574095]
[36.36017546615485 'Conceptual' 1.2645529532518183 0.03626078098149322
 0.3389830508474576 68 2 3 19 36.36017546615485]
[0.0 'Conceptual' 1.2645529532518183 0.03626078098149322 0.0 68 2 4 0 0.0]
[4.015654791731808 'Conceptual' 1.2645529532518183 0.03626078098149322
 0.1694915254237288 68 2 4 1 4.015654791731808]
[8.059393555503306 'Conceptual' 1.2645529532518183 0.03626078098149322
 0.1694915254237288 68 2 4 2 8.059393555503306]
[12.250018837007334 'Conceptual' 1.2645529532518183 0.03626078098149322
 0.1694915254237288 68 2 4 3 12.250018837007334]
[15.862592933019146 'Conceptual' 1.2645529532518183 0.03626078098149322
 1.5084745762711864 68 2 4 4 15.862592933019146]
[19.710234658849696 'Conceptual' 1.2645529532518183 0.03626078098149322
 1.9491525423728813 68 2 4 5 19.710234658849696]
[23.107992482173927 'Conceptual' 1.2645529532518183 0.03626078098149322
 1.9152542372881354 68 2 4 6 23.107992482173927]
[27.150049817220534 'Conceptual' 1.2645529532518183 0.03626078098149322
 1.9491525423728813 68 2 4 7 27.150049817220534]
[30.62599917614503 'Conceptual' 1.2645529532518183 0.03626078098149322
 1.847457627118644 68 2 4 8 30.62599917614503]
[33.47842248243244 'Conceptual' 1.2645529532518183 0.03626078098149322
 1.406779661016949 68 2 4 9 33.47842248243244]
[35.44568004793963 'Conceptual' 1.2645529532518183 0.03626078098149322
 0.7288135593220338 68 2 4 10 35.44568004793963]
[36.546908082434626 'Conceptual' 1.2645529532518183 0.03626078098149322
 0.4915254237288135 68 2 4 11 36.546908082434626]
[37.04404002216826 'Conceptual' 1.2645529532518183 0.03626078098149322
 0.1694915254237288 68 2 4 12 37.04404002216826]
[37.08791778631258 'Conceptual' 1.2645529532518183 0.03626078098149322
 0.1694915254237288 68 2 4 13 37.08791778631258]
[36.82168634219696 'Conceptual' 1.2645529532518183 0.03626078098149322
 0.1694915254237288 68 2 4 14 36.82168634219696]
[36.407224463950044 'Conceptual' 1.2645529532518183 0.03626078098149322
 0.1694915254237288 68 2 4 15 36.407224463950044]
[36.01878711551093 'Conceptual' 1.2645529532518183 0.03626078098149322
 0.1694915254237288 68 2 4 16 36.01878711551093]
[35.811628187508475 'Conceptual' 1.2645529532518183 0.03626078098149322
 0.1694915254237288 68 2 4 17 35.811628187508475]
[35.90384973574095 'Conceptual' 1.2645529532518183 0.03626078098149322
 0.1694915254237288 68 2 4 18 35.90384973574095]
[36.36017546615485 'Conceptual' 1.2645529532518183 0.03626078098149322
 0.3389830508474576 68 2 4 19 36.36017546615485]
[0.0 'Conceptual' 1.2645529532518183 0.03626078098149322 0.0 68 2 5 0 0.0]
[4.015654791731808 'Conceptual' 1.2645529532518183 0.03626078098149322
 0.1694915254237288 68 2 5 1 4.015654791731808]
[8.059393555503306 'Conceptual' 1.2645529532518183 0.03626078098149322
 0.1694915254237288 68 2 5 2 8.059393555503306]
[12.250018837007334 'Conceptual' 1.2645529532518183 0.03626078098149322
 0.1694915254237288 68 2 5 3 12.250018837007334]
[15.862592933019146 'Conceptual' 1.2645529532518183 0.03626078098149322
 1.5084745762711864 68 2 5 4 15.862592933019146]
[19.710234658849696 'Conceptual' 1.2645529532518183 0.03626078098149322
 1.9491525423728813 68 2 5 5 19.710234658849696]
[23.107992482173927 'Conceptual' 1.2645529532518183 0.03626078098149322
 1.9152542372881354 68 2 5 6 23.107992482173927]
[27.150049817220534 'Conceptual' 1.2645529532518183 0.03626078098149322
 1.9491525423728813 68 2 5 7 27.150049817220534]
[30.62599917614503 'Conceptual' 1.2645529532518183 0.03626078098149322
 1.847457627118644 68 2 5 8 30.62599917614503]
[33.47842248243244 'Conceptual' 1.2645529532518183 0.03626078098149322
 1.406779661016949 68 2 5 9 33.47842248243244]
[35.44568004793963 'Conceptual' 1.2645529532518183 0.03626078098149322
 0.7288135593220338 68 2 5 10 35.44568004793963]
[36.546908082434626 'Conceptual' 1.2645529532518183 0.03626078098149322
 0.4915254237288135 68 2 5 11 36.546908082434626]
[37.04404002216826 'Conceptual' 1.2645529532518183 0.03626078098149322
 0.1694915254237288 68 2 5 12 37.04404002216826]
[37.08791778631258 'Conceptual' 1.2645529532518183 0.03626078098149322
 0.1694915254237288 68 2 5 13 37.08791778631258]
[36.82168634219696 'Conceptual' 1.2645529532518183 0.03626078098149322
 0.1694915254237288 68 2 5 14 36.82168634219696]
[36.407224463950044 'Conceptual' 1.2645529532518183 0.03626078098149322
 0.1694915254237288 68 2 5 15 36.407224463950044]
[36.01878711551093 'Conceptual' 1.2645529532518183 0.03626078098149322
 0.1694915254237288 68 2 5 16 36.01878711551093]
[35.811628187508475 'Conceptual' 1.2645529532518183 0.03626078098149322
 0.1694915254237288 68 2 5 17 35.811628187508475]
[35.90384973574095 'Conceptual' 1.2645529532518183 0.03626078098149322
 0.1694915254237288 68 2 5 18 35.90384973574095]
[36.36017546615485 'Conceptual' 1.2645529532518183 0.03626078098149322
 0.3389830508474576 68 2 5 19 36.36017546615485]
[0.0 'Conceptual' 1.2645529532518183 0.03626078098149322 0.0 68 2 6 0 0.0]
[4.015654791731808 'Conceptual' 1.2645529532518183 0.03626078098149322
 0.1694915254237288 68 2 6 1 4.015654791731808]
[8.059393555503306 'Conceptual' 1.2645529532518183 0.03626078098149322
 0.1694915254237288 68 2 6 2 8.059393555503306]
[12.250018837007334 'Conceptual' 1.2645529532518183 0.03626078098149322
 0.1694915254237288 68 2 6 3 12.250018837007334]
[15.862592933019146 'Conceptual' 1.2645529532518183 0.03626078098149322
 1.5084745762711864 68 2 6 4 15.862592933019146]
[19.710234658849696 'Conceptual' 1.2645529532518183 0.03626078098149322
 1.9491525423728813 68 2 6 5 19.710234658849696]
[23.107992482173927 'Conceptual' 1.2645529532518183 0.03626078098149322
 1.9152542372881354 68 2 6 6 23.107992482173927]
[27.150049817220534 'Conceptual' 1.2645529532518183 0.03626078098149322
 1.9491525423728813 68 2 6 7 27.150049817220534]
[30.62599917614503 'Conceptual' 1.2645529532518183 0.03626078098149322
 1.847457627118644 68 2 6 8 30.62599917614503]
[33.47842248243244 'Conceptual' 1.2645529532518183 0.03626078098149322
 1.406779661016949 68 2 6 9 33.47842248243244]
[35.44568004793963 'Conceptual' 1.2645529532518183 0.03626078098149322
 0.7288135593220338 68 2 6 10 35.44568004793963]
[36.546908082434626 'Conceptual' 1.2645529532518183 0.03626078098149322
 0.4915254237288135 68 2 6 11 36.546908082434626]
[37.04404002216826 'Conceptual' 1.2645529532518183 0.03626078098149322
 0.1694915254237288 68 2 6 12 37.04404002216826]
[37.08791778631258 'Conceptual' 1.2645529532518183 0.03626078098149322
 0.1694915254237288 68 2 6 13 37.08791778631258]
[36.82168634219696 'Conceptual' 1.2645529532518183 0.03626078098149322
 0.1694915254237288 68 2 6 14 36.82168634219696]
[36.407224463950044 'Conceptual' 1.2645529532518183 0.03626078098149322
 0.1694915254237288 68 2 6 15 36.407224463950044]
[36.01878711551093 'Conceptual' 1.2645529532518183 0.03626078098149322
 0.1694915254237288 68 2 6 16 36.01878711551093]
[35.811628187508475 'Conceptual' 1.2645529532518183 0.03626078098149322
 0.1694915254237288 68 2 6 17 35.811628187508475]
[35.90384973574095 'Conceptual' 1.2645529532518183 0.03626078098149322
 0.1694915254237288 68 2 6 18 35.90384973574095]
[36.36017546615485 'Conceptual' 1.2645529532518183 0.03626078098149322
 0.3389830508474576 68 2 6 19 36.36017546615485]
[0.0 'Conceptual' 1.2645529532518183 0.03626078098149322 0.0 68 2 7 0 0.0]
[4.015654791731808 'Conceptual' 1.2645529532518183 0.03626078098149322
 0.1694915254237288 68 2 7 1 4.015654791731808]
[8.059393555503306 'Conceptual' 1.2645529532518183 0.03626078098149322
 0.1694915254237288 68 2 7 2 8.059393555503306]
[12.250018837007334 'Conceptual' 1.2645529532518183 0.03626078098149322
 0.1694915254237288 68 2 7 3 12.250018837007334]
[15.862592933019146 'Conceptual' 1.2645529532518183 0.03626078098149322
 1.5084745762711864 68 2 7 4 15.862592933019146]
[19.710234658849696 'Conceptual' 1.2645529532518183 0.03626078098149322
 1.9491525423728813 68 2 7 5 19.710234658849696]
[23.107992482173927 'Conceptual' 1.2645529532518183 0.03626078098149322
 1.9152542372881354 68 2 7 6 23.107992482173927]
[27.150049817220534 'Conceptual' 1.2645529532518183 0.03626078098149322
 1.9491525423728813 68 2 7 7 27.150049817220534]
[30.62599917614503 'Conceptual' 1.2645529532518183 0.03626078098149322
 1.847457627118644 68 2 7 8 30.62599917614503]
[33.47842248243244 'Conceptual' 1.2645529532518183 0.03626078098149322
 1.406779661016949 68 2 7 9 33.47842248243244]
[35.44568004793963 'Conceptual' 1.2645529532518183 0.03626078098149322
 0.7288135593220338 68 2 7 10 35.44568004793963]
[36.546908082434626 'Conceptual' 1.2645529532518183 0.03626078098149322
 0.4915254237288135 68 2 7 11 36.546908082434626]
[37.04404002216826 'Conceptual' 1.2645529532518183 0.03626078098149322
 0.1694915254237288 68 2 7 12 37.04404002216826]
[37.08791778631258 'Conceptual' 1.2645529532518183 0.03626078098149322
 0.1694915254237288 68 2 7 13 37.08791778631258]
[36.82168634219696 'Conceptual' 1.2645529532518183 0.03626078098149322
 0.1694915254237288 68 2 7 14 36.82168634219696]
[36.407224463950044 'Conceptual' 1.2645529532518183 0.03626078098149322
 0.1694915254237288 68 2 7 15 36.407224463950044]
[36.01878711551093 'Conceptual' 1.2645529532518183 0.03626078098149322
 0.1694915254237288 68 2 7 16 36.01878711551093]
[35.811628187508475 'Conceptual' 1.2645529532518183 0.03626078098149322
 0.1694915254237288 68 2 7 17 35.811628187508475]
[35.90384973574095 'Conceptual' 1.2645529532518183 0.03626078098149322
 0.1694915254237288 68 2 7 18 35.90384973574095]
[36.36017546615485 'Conceptual' 1.2645529532518183 0.03626078098149322
 0.3389830508474576 68 2 7 19 36.36017546615485]
[0.0 'Conceptual' 1.2645529532518183 0.03626078098149322 0.0 68 2 8 0 0.0]
[4.015654791731808 'Conceptual' 1.2645529532518183 0.03626078098149322
 0.1694915254237288 68 2 8 1 4.015654791731808]
[8.059393555503306 'Conceptual' 1.2645529532518183 0.03626078098149322
 0.1694915254237288 68 2 8 2 8.059393555503306]
[12.250018837007334 'Conceptual' 1.2645529532518183 0.03626078098149322
 0.1694915254237288 68 2 8 3 12.250018837007334]
[15.862592933019146 'Conceptual' 1.2645529532518183 0.03626078098149322
 1.5084745762711864 68 2 8 4 15.862592933019146]
[19.710234658849696 'Conceptual' 1.2645529532518183 0.03626078098149322
 1.9491525423728813 68 2 8 5 19.710234658849696]
[23.107992482173927 'Conceptual' 1.2645529532518183 0.03626078098149322
 1.9152542372881354 68 2 8 6 23.107992482173927]
[27.150049817220534 'Conceptual' 1.2645529532518183 0.03626078098149322
 1.9491525423728813 68 2 8 7 27.150049817220534]
[30.62599917614503 'Conceptual' 1.2645529532518183 0.03626078098149322
 1.847457627118644 68 2 8 8 30.62599917614503]
[33.47842248243244 'Conceptual' 1.2645529532518183 0.03626078098149322
 1.406779661016949 68 2 8 9 33.47842248243244]
[35.44568004793963 'Conceptual' 1.2645529532518183 0.03626078098149322
 0.7288135593220338 68 2 8 10 35.44568004793963]
[36.546908082434626 'Conceptual' 1.2645529532518183 0.03626078098149322
 0.4915254237288135 68 2 8 11 36.546908082434626]
[37.04404002216826 'Conceptual' 1.2645529532518183 0.03626078098149322
 0.1694915254237288 68 2 8 12 37.04404002216826]
[37.08791778631258 'Conceptual' 1.2645529532518183 0.03626078098149322
 0.1694915254237288 68 2 8 13 37.08791778631258]
[36.82168634219696 'Conceptual' 1.2645529532518183 0.03626078098149322
 0.1694915254237288 68 2 8 14 36.82168634219696]
[36.407224463950044 'Conceptual' 1.2645529532518183 0.03626078098149322
 0.1694915254237288 68 2 8 15 36.407224463950044]
[36.01878711551093 'Conceptual' 1.2645529532518183 0.03626078098149322
 0.1694915254237288 68 2 8 16 36.01878711551093]
[35.811628187508475 'Conceptual' 1.2645529532518183 0.03626078098149322
 0.1694915254237288 68 2 8 17 35.811628187508475]
[35.90384973574095 'Conceptual' 1.2645529532518183 0.03626078098149322
 0.1694915254237288 68 2 8 18 35.90384973574095]
[36.36017546615485 'Conceptual' 1.2645529532518183 0.03626078098149322
 0.3389830508474576 68 2 8 19 36.36017546615485]
