[0.0 'Conceptual' 21.123405482690377 44.687770061949614 0.0 91 6 0 0 0.0]
[4.921933506828796 'Conceptual' 21.123405482690377 44.687770061949614
 10.169491525423728 91 6 0 1 4.921933506828796]
[7.428552344457612 'Conceptual' 21.123405482690377 44.687770061949614
 4.762711864406779 91 6 0 2 7.428552344457612]
[10.474777659585367 'Conceptual' 21.123405482690377 44.687770061949614
 3.3728813559322033 91 6 0 3 10.474777659585367]
[14.362781656251203 'Conceptual' 21.123405482690377 44.687770061949614
 2.711864406779661 91 6 0 4 14.362781656251203]
[17.015336276424932 'Conceptual' 21.123405482690377 44.687770061949614
 2.423728813559322 91 6 0 5 17.015336276424932]
[19.333770935227786 'Conceptual' 21.123405482690377 44.687770061949614
 2.1864406779661016 91 6 0 6 19.333770935227786]
[21.79578027280718 'Conceptual' 21.123405482690377 44.687770061949614
 1.9491525423728813 91 6 0 7 21.79578027280718]
[23.768542151616884 'Conceptual' 21.123405482690377 44.687770061949614
 1.847457627118644 91 6 0 8 23.768542151616884]
[29.10071064684395 'Conceptual' 21.123405482690377 44.687770061949614
 1.847457627118644 91 6 0 9 29.10071064684395]
[33.1722304192404 'Conceptual' 21.123405482690377 44.687770061949614
 1.8135593220338981 91 6 0 10 33.1722304192404]
[36.37455355898408 'Conceptual' 21.123405482690377 44.687770061949614
 1.6101694915254237 91 6 0 11 36.37455355898408]
[39.083021176603495 'Conceptual' 21.123405482690377 44.687770061949614
 1.5762711864406778 91 6 0 12 39.083021176603495]
[42.5465865438031 'Conceptual' 21.123405482690377 44.687770061949614
 1.5254237288135593 91 6 0 13 42.5465865438031]
[46.75489294894237 'Conceptual' 21.123405482690377 44.687770061949614
 1.5084745762711864 91 6 0 14 46.75489294894237]
[51.548039993914145 'Conceptual' 21.123405482690377 44.687770061949614
 1.5084745762711864 91 6 0 15 51.548039993914145]
[55.33098797310613 'Conceptual' 21.123405482690377 44.687770061949614
 1.4406779661016949 91 6 0 16 55.33098797310613]
[59.0930186083939 'Conceptual' 21.123405482690377 44.687770061949614
 1.5084745762711864 91 6 0 17 59.0930186083939]
[62.124028816594446 'Conceptual' 21.123405482690377 44.687770061949614
 1.406779661016949 91 6 0 18 62.124028816594446]
[65.29097389790448 'Conceptual' 21.123405482690377 44.687770061949614
 1.3389830508474576 91 6 0 19 65.29097389790448]
[0.0 'Conceptual' 21.123405482690377 44.687770061949614 0.0 91 6 1 0 0.0]
[4.921933506828796 'Conceptual' 21.123405482690377 44.687770061949614
 10.169491525423728 91 6 1 1 4.921933506828796]
[7.428552344457612 'Conceptual' 21.123405482690377 44.687770061949614
 4.762711864406779 91 6 1 2 7.428552344457612]
[10.474777659585367 'Conceptual' 21.123405482690377 44.687770061949614
 3.3728813559322033 91 6 1 3 10.474777659585367]
[14.362781656251203 'Conceptual' 21.123405482690377 44.687770061949614
 2.711864406779661 91 6 1 4 14.362781656251203]
[17.015336276424932 'Conceptual' 21.123405482690377 44.687770061949614
 2.423728813559322 91 6 1 5 17.015336276424932]
[19.333770935227786 'Conceptual' 21.123405482690377 44.687770061949614
 2.1864406779661016 91 6 1 6 19.333770935227786]
[21.79578027280718 'Conceptual' 21.123405482690377 44.687770061949614
 1.9491525423728813 91 6 1 7 21.79578027280718]
[23.768542151616884 'Conceptual' 21.123405482690377 44.687770061949614
 1.847457627118644 91 6 1 8 23.768542151616884]
[29.10071064684395 'Conceptual' 21.123405482690377 44.687770061949614
 1.847457627118644 91 6 1 9 29.10071064684395]
[33.1722304192404 'Conceptual' 21.123405482690377 44.687770061949614
 1.8135593220338981 91 6 1 10 33.1722304192404]
[36.37455355898408 'Conceptual' 21.123405482690377 44.687770061949614
 1.6101694915254237 91 6 1 11 36.37455355898408]
[39.083021176603495 'Conceptual' 21.123405482690377 44.687770061949614
 1.5762711864406778 91 6 1 12 39.083021176603495]
[42.5465865438031 'Conceptual' 21.123405482690377 44.687770061949614
 1.5254237288135593 91 6 1 13 42.5465865438031]
[46.75489294894237 'Conceptual' 21.123405482690377 44.687770061949614
 1.5084745762711864 91 6 1 14 46.75489294894237]
[51.548039993914145 'Conceptual' 21.123405482690377 44.687770061949614
 1.5084745762711864 91 6 1 15 51.548039993914145]
[55.33098797310613 'Conceptual' 21.123405482690377 44.687770061949614
 1.4406779661016949 91 6 1 16 55.33098797310613]
[59.0930186083939 'Conceptual' 21.123405482690377 44.687770061949614
 1.5084745762711864 91 6 1 17 59.0930186083939]
[62.124028816594446 'Conceptual' 21.123405482690377 44.687770061949614
 1.406779661016949 91 6 1 18 62.124028816594446]
[65.29097389790448 'Conceptual' 21.123405482690377 44.687770061949614
 1.3389830508474576 91 6 1 19 65.29097389790448]
[0.0 'Conceptual' 21.123405482690377 44.687770061949614 0.0 91 6 2 0 0.0]
[4.921933506828796 'Conceptual' 21.123405482690377 44.687770061949614
 10.169491525423728 91 6 2 1 4.921933506828796]
[7.428552344457612 'Conceptual' 21.123405482690377 44.687770061949614
 4.762711864406779 91 6 2 2 7.428552344457612]
[10.474777659585367 'Conceptual' 21.123405482690377 44.687770061949614
 3.3728813559322033 91 6 2 3 10.474777659585367]
[14.362781656251203 'Conceptual' 21.123405482690377 44.687770061949614
 2.711864406779661 91 6 2 4 14.362781656251203]
[17.015336276424932 'Conceptual' 21.123405482690377 44.687770061949614
 2.423728813559322 91 6 2 5 17.015336276424932]
[19.333770935227786 'Conceptual' 21.123405482690377 44.687770061949614
 2.1864406779661016 91 6 2 6 19.333770935227786]
[21.79578027280718 'Conceptual' 21.123405482690377 44.687770061949614
 1.9491525423728813 91 6 2 7 21.79578027280718]
[23.768542151616884 'Conceptual' 21.123405482690377 44.687770061949614
 1.847457627118644 91 6 2 8 23.768542151616884]
[29.10071064684395 'Conceptual' 21.123405482690377 44.687770061949614
 1.847457627118644 91 6 2 9 29.10071064684395]
[33.1722304192404 'Conceptual' 21.123405482690377 44.687770061949614
 1.8135593220338981 91 6 2 10 33.1722304192404]
[36.37455355898408 'Conceptual' 21.123405482690377 44.687770061949614
 1.6101694915254237 91 6 2 11 36.37455355898408]
[39.083021176603495 'Conceptual' 21.123405482690377 44.687770061949614
 1.5762711864406778 91 6 2 12 39.083021176603495]
[42.5465865438031 'Conceptual' 21.123405482690377 44.687770061949614
 1.5254237288135593 91 6 2 13 42.5465865438031]
[46.75489294894237 'Conceptual' 21.123405482690377 44.687770061949614
 1.5084745762711864 91 6 2 14 46.75489294894237]
[51.548039993914145 'Conceptual' 21.123405482690377 44.687770061949614
 1.5084745762711864 91 6 2 15 51.548039993914145]
[55.33098797310613 'Conceptual' 21.123405482690377 44.687770061949614
 1.4406779661016949 91 6 2 16 55.33098797310613]
[59.0930186083939 'Conceptual' 21.123405482690377 44.687770061949614
 1.5084745762711864 91 6 2 17 59.0930186083939]
[62.124028816594446 'Conceptual' 21.123405482690377 44.687770061949614
 1.406779661016949 91 6 2 18 62.124028816594446]
[65.29097389790448 'Conceptual' 21.123405482690377 44.687770061949614
 1.3389830508474576 91 6 2 19 65.29097389790448]
[0.0 'Conceptual' 21.123405482690377 44.687770061949614 0.0 91 6 3 0 0.0]
[4.921933506828796 'Conceptual' 21.123405482690377 44.687770061949614
 10.169491525423728 91 6 3 1 4.921933506828796]
[7.428552344457612 'Conceptual' 21.123405482690377 44.687770061949614
 4.762711864406779 91 6 3 2 7.428552344457612]
[10.474777659585367 'Conceptual' 21.123405482690377 44.687770061949614
 3.3728813559322033 91 6 3 3 10.474777659585367]
[14.362781656251203 'Conceptual' 21.123405482690377 44.687770061949614
 2.711864406779661 91 6 3 4 14.362781656251203]
[17.015336276424932 'Conceptual' 21.123405482690377 44.687770061949614
 2.423728813559322 91 6 3 5 17.015336276424932]
[19.333770935227786 'Conceptual' 21.123405482690377 44.687770061949614
 2.1864406779661016 91 6 3 6 19.333770935227786]
[21.79578027280718 'Conceptual' 21.123405482690377 44.687770061949614
 1.9491525423728813 91 6 3 7 21.79578027280718]
[23.768542151616884 'Conceptual' 21.123405482690377 44.687770061949614
 1.847457627118644 91 6 3 8 23.768542151616884]
[29.10071064684395 'Conceptual' 21.123405482690377 44.687770061949614
 1.847457627118644 91 6 3 9 29.10071064684395]
[33.1722304192404 'Conceptual' 21.123405482690377 44.687770061949614
 1.8135593220338981 91 6 3 10 33.1722304192404]
[36.37455355898408 'Conceptual' 21.123405482690377 44.687770061949614
 1.6101694915254237 91 6 3 11 36.37455355898408]
[39.083021176603495 'Conceptual' 21.123405482690377 44.687770061949614
 1.5762711864406778 91 6 3 12 39.083021176603495]
[42.5465865438031 'Conceptual' 21.123405482690377 44.687770061949614
 1.5254237288135593 91 6 3 13 42.5465865438031]
[46.75489294894237 'Conceptual' 21.123405482690377 44.687770061949614
 1.5084745762711864 91 6 3 14 46.75489294894237]
[51.548039993914145 'Conceptual' 21.123405482690377 44.687770061949614
 1.5084745762711864 91 6 3 15 51.548039993914145]
[55.33098797310613 'Conceptual' 21.123405482690377 44.687770061949614
 1.4406779661016949 91 6 3 16 55.33098797310613]
[59.0930186083939 'Conceptual' 21.123405482690377 44.687770061949614
 1.5084745762711864 91 6 3 17 59.0930186083939]
[62.124028816594446 'Conceptual' 21.123405482690377 44.687770061949614
 1.406779661016949 91 6 3 18 62.124028816594446]
[65.29097389790448 'Conceptual' 21.123405482690377 44.687770061949614
 1.3389830508474576 91 6 3 19 65.29097389790448]
[0.0 'Conceptual' 21.123405482690377 44.687770061949614 0.0 91 6 4 0 0.0]
[4.921933506828796 'Conceptual' 21.123405482690377 44.687770061949614
 10.169491525423728 91 6 4 1 4.921933506828796]
[7.428552344457612 'Conceptual' 21.123405482690377 44.687770061949614
 4.762711864406779 91 6 4 2 7.428552344457612]
[10.474777659585367 'Conceptual' 21.123405482690377 44.687770061949614
 3.3728813559322033 91 6 4 3 10.474777659585367]
[14.362781656251203 'Conceptual' 21.123405482690377 44.687770061949614
 2.711864406779661 91 6 4 4 14.362781656251203]
[17.015336276424932 'Conceptual' 21.123405482690377 44.687770061949614
 2.423728813559322 91 6 4 5 17.015336276424932]
[19.333770935227786 'Conceptual' 21.123405482690377 44.687770061949614
 2.1864406779661016 91 6 4 6 19.333770935227786]
[21.79578027280718 'Conceptual' 21.123405482690377 44.687770061949614
 1.9491525423728813 91 6 4 7 21.79578027280718]
[23.768542151616884 'Conceptual' 21.123405482690377 44.687770061949614
 1.847457627118644 91 6 4 8 23.768542151616884]
[29.10071064684395 'Conceptual' 21.123405482690377 44.687770061949614
 1.847457627118644 91 6 4 9 29.10071064684395]
[33.1722304192404 'Conceptual' 21.123405482690377 44.687770061949614
 1.8135593220338981 91 6 4 10 33.1722304192404]
[36.37455355898408 'Conceptual' 21.123405482690377 44.687770061949614
 1.6101694915254237 91 6 4 11 36.37455355898408]
[39.083021176603495 'Conceptual' 21.123405482690377 44.687770061949614
 1.5762711864406778 91 6 4 12 39.083021176603495]
[42.5465865438031 'Conceptual' 21.123405482690377 44.687770061949614
 1.5254237288135593 91 6 4 13 42.5465865438031]
[46.75489294894237 'Conceptual' 21.123405482690377 44.687770061949614
 1.5084745762711864 91 6 4 14 46.75489294894237]
[51.548039993914145 'Conceptual' 21.123405482690377 44.687770061949614
 1.5084745762711864 91 6 4 15 51.548039993914145]
[55.33098797310613 'Conceptual' 21.123405482690377 44.687770061949614
 1.4406779661016949 91 6 4 16 55.33098797310613]
[59.0930186083939 'Conceptual' 21.123405482690377 44.687770061949614
 1.5084745762711864 91 6 4 17 59.0930186083939]
[62.124028816594446 'Conceptual' 21.123405482690377 44.687770061949614
 1.406779661016949 91 6 4 18 62.124028816594446]
[65.29097389790448 'Conceptual' 21.123405482690377 44.687770061949614
 1.3389830508474576 91 6 4 19 65.29097389790448]
[0.0 'Conceptual' 21.123405482690377 44.687770061949614 0.0 91 6 5 0 0.0]
[4.921933506828796 'Conceptual' 21.123405482690377 44.687770061949614
 10.169491525423728 91 6 5 1 4.921933506828796]
[7.428552344457612 'Conceptual' 21.123405482690377 44.687770061949614
 4.762711864406779 91 6 5 2 7.428552344457612]
[10.474777659585367 'Conceptual' 21.123405482690377 44.687770061949614
 3.3728813559322033 91 6 5 3 10.474777659585367]
[14.362781656251203 'Conceptual' 21.123405482690377 44.687770061949614
 2.711864406779661 91 6 5 4 14.362781656251203]
[17.015336276424932 'Conceptual' 21.123405482690377 44.687770061949614
 2.423728813559322 91 6 5 5 17.015336276424932]
[19.333770935227786 'Conceptual' 21.123405482690377 44.687770061949614
 2.1864406779661016 91 6 5 6 19.333770935227786]
[21.79578027280718 'Conceptual' 21.123405482690377 44.687770061949614
 1.9491525423728813 91 6 5 7 21.79578027280718]
[23.768542151616884 'Conceptual' 21.123405482690377 44.687770061949614
 1.847457627118644 91 6 5 8 23.768542151616884]
[29.10071064684395 'Conceptual' 21.123405482690377 44.687770061949614
 1.847457627118644 91 6 5 9 29.10071064684395]
[33.1722304192404 'Conceptual' 21.123405482690377 44.687770061949614
 1.8135593220338981 91 6 5 10 33.1722304192404]
[36.37455355898408 'Conceptual' 21.123405482690377 44.687770061949614
 1.6101694915254237 91 6 5 11 36.37455355898408]
[39.083021176603495 'Conceptual' 21.123405482690377 44.687770061949614
 1.5762711864406778 91 6 5 12 39.083021176603495]
[42.5465865438031 'Conceptual' 21.123405482690377 44.687770061949614
 1.5254237288135593 91 6 5 13 42.5465865438031]
[46.75489294894237 'Conceptual' 21.123405482690377 44.687770061949614
 1.5084745762711864 91 6 5 14 46.75489294894237]
[51.548039993914145 'Conceptual' 21.123405482690377 44.687770061949614
 1.5084745762711864 91 6 5 15 51.548039993914145]
[55.33098797310613 'Conceptual' 21.123405482690377 44.687770061949614
 1.4406779661016949 91 6 5 16 55.33098797310613]
[59.0930186083939 'Conceptual' 21.123405482690377 44.687770061949614
 1.5084745762711864 91 6 5 17 59.0930186083939]
[62.124028816594446 'Conceptual' 21.123405482690377 44.687770061949614
 1.406779661016949 91 6 5 18 62.124028816594446]
[65.29097389790448 'Conceptual' 21.123405482690377 44.687770061949614
 1.3389830508474576 91 6 5 19 65.29097389790448]
[0.0 'Conceptual' 21.123405482690377 44.687770061949614 0.0 91 6 7 0 0.0]
[4.921933506828796 'Conceptual' 21.123405482690377 44.687770061949614
 10.169491525423728 91 6 7 1 4.921933506828796]
[7.428552344457612 'Conceptual' 21.123405482690377 44.687770061949614
 4.762711864406779 91 6 7 2 7.428552344457612]
[10.474777659585367 'Conceptual' 21.123405482690377 44.687770061949614
 3.3728813559322033 91 6 7 3 10.474777659585367]
[14.362781656251203 'Conceptual' 21.123405482690377 44.687770061949614
 2.711864406779661 91 6 7 4 14.362781656251203]
[17.015336276424932 'Conceptual' 21.123405482690377 44.687770061949614
 2.423728813559322 91 6 7 5 17.015336276424932]
[19.333770935227786 'Conceptual' 21.123405482690377 44.687770061949614
 2.1864406779661016 91 6 7 6 19.333770935227786]
[21.79578027280718 'Conceptual' 21.123405482690377 44.687770061949614
 1.9491525423728813 91 6 7 7 21.79578027280718]
[23.768542151616884 'Conceptual' 21.123405482690377 44.687770061949614
 1.847457627118644 91 6 7 8 23.768542151616884]
[29.10071064684395 'Conceptual' 21.123405482690377 44.687770061949614
 1.847457627118644 91 6 7 9 29.10071064684395]
[33.1722304192404 'Conceptual' 21.123405482690377 44.687770061949614
 1.8135593220338981 91 6 7 10 33.1722304192404]
[36.37455355898408 'Conceptual' 21.123405482690377 44.687770061949614
 1.6101694915254237 91 6 7 11 36.37455355898408]
[39.083021176603495 'Conceptual' 21.123405482690377 44.687770061949614
 1.5762711864406778 91 6 7 12 39.083021176603495]
[42.5465865438031 'Conceptual' 21.123405482690377 44.687770061949614
 1.5254237288135593 91 6 7 13 42.5465865438031]
[46.75489294894237 'Conceptual' 21.123405482690377 44.687770061949614
 1.5084745762711864 91 6 7 14 46.75489294894237]
[51.548039993914145 'Conceptual' 21.123405482690377 44.687770061949614
 1.5084745762711864 91 6 7 15 51.548039993914145]
[55.33098797310613 'Conceptual' 21.123405482690377 44.687770061949614
 1.4406779661016949 91 6 7 16 55.33098797310613]
[59.0930186083939 'Conceptual' 21.123405482690377 44.687770061949614
 1.5084745762711864 91 6 7 17 59.0930186083939]
[62.124028816594446 'Conceptual' 21.123405482690377 44.687770061949614
 1.406779661016949 91 6 7 18 62.124028816594446]
[65.29097389790448 'Conceptual' 21.123405482690377 44.687770061949614
 1.3389830508474576 91 6 7 19 65.29097389790448]
[0.0 'Conceptual' 21.123405482690377 44.687770061949614 0.0 91 6 8 0 0.0]
[4.921933506828796 'Conceptual' 21.123405482690377 44.687770061949614
 10.169491525423728 91 6 8 1 4.921933506828796]
[7.428552344457612 'Conceptual' 21.123405482690377 44.687770061949614
 4.762711864406779 91 6 8 2 7.428552344457612]
[10.474777659585367 'Conceptual' 21.123405482690377 44.687770061949614
 3.3728813559322033 91 6 8 3 10.474777659585367]
[14.362781656251203 'Conceptual' 21.123405482690377 44.687770061949614
 2.711864406779661 91 6 8 4 14.362781656251203]
[17.015336276424932 'Conceptual' 21.123405482690377 44.687770061949614
 2.423728813559322 91 6 8 5 17.015336276424932]
[19.333770935227786 'Conceptual' 21.123405482690377 44.687770061949614
 2.1864406779661016 91 6 8 6 19.333770935227786]
[21.79578027280718 'Conceptual' 21.123405482690377 44.687770061949614
 1.9491525423728813 91 6 8 7 21.79578027280718]
[23.768542151616884 'Conceptual' 21.123405482690377 44.687770061949614
 1.847457627118644 91 6 8 8 23.768542151616884]
[29.10071064684395 'Conceptual' 21.123405482690377 44.687770061949614
 1.847457627118644 91 6 8 9 29.10071064684395]
[33.1722304192404 'Conceptual' 21.123405482690377 44.687770061949614
 1.8135593220338981 91 6 8 10 33.1722304192404]
[36.37455355898408 'Conceptual' 21.123405482690377 44.687770061949614
 1.6101694915254237 91 6 8 11 36.37455355898408]
[39.083021176603495 'Conceptual' 21.123405482690377 44.687770061949614
 1.5762711864406778 91 6 8 12 39.083021176603495]
[42.5465865438031 'Conceptual' 21.123405482690377 44.687770061949614
 1.5254237288135593 91 6 8 13 42.5465865438031]
[46.75489294894237 'Conceptual' 21.123405482690377 44.687770061949614
 1.5084745762711864 91 6 8 14 46.75489294894237]
[51.548039993914145 'Conceptual' 21.123405482690377 44.687770061949614
 1.5084745762711864 91 6 8 15 51.548039993914145]
[55.33098797310613 'Conceptual' 21.123405482690377 44.687770061949614
 1.4406779661016949 91 6 8 16 55.33098797310613]
[59.0930186083939 'Conceptual' 21.123405482690377 44.687770061949614
 1.5084745762711864 91 6 8 17 59.0930186083939]
[62.124028816594446 'Conceptual' 21.123405482690377 44.687770061949614
 1.406779661016949 91 6 8 18 62.124028816594446]
[65.29097389790448 'Conceptual' 21.123405482690377 44.687770061949614
 1.3389830508474576 91 6 8 19 65.29097389790448]
