[0.0 'Conceptual' 5.723699299810074 9.7483607919979 0.0 30 0 1 0 0.0]
[4.934477748044348 'Conceptual' 5.723699299810074 9.7483607919979
 10.169491525423728 30 0 1 1 4.934477748044348]
[7.716613075985053 'Conceptual' 5.723699299810074 9.7483607919979
 7.271186440677965 30 0 1 2 7.716613075985053]
[11.121994620803633 'Conceptual' 5.723699299810074 9.7483607919979
 6.0508474576271185 30 0 1 3 11.121994620803633]
[14.277046882333638 'Conceptual' 5.723699299810074 9.7483607919979
 4.576271186440678 30 0 1 4 14.277046882333638]
[17.211675691531436 'Conceptual' 5.723699299810074 9.7483607919979
 4.1525423728813555 30 0 1 5 17.211675691531436]
[19.597127496808703 'Conceptual' 5.723699299810074 9.7483607919979
 3.271186440677966 30 0 1 6 19.597127496808703]
[21.33880066412403 'Conceptual' 5.723699299810074 9.7483607919979
 2.3559322033898304 30 0 1 7 21.33880066412403]
[22.60348223755952 'Conceptual' 5.723699299810074 9.7483607919979
 1.9491525423728813 30 0 1 8 22.60348223755952]
[23.458490988816607 'Conceptual' 5.723699299810074 9.7483607919979
 1.694915254237288 30 0 1 9 23.458490988816607]
[24.13892853485533 'Conceptual' 5.723699299810074 9.7483607919979
 1.6440677966101693 30 0 1 10 24.13892853485533]
[24.69126968384541 'Conceptual' 5.723699299810074 9.7483607919979
 1.4406779661016949 30 0 1 11 24.69126968384541]
[25.11006619485424 'Conceptual' 5.723699299810074 9.7483607919979
 1.3389830508474576 30 0 1 12 25.11006619485424]
[25.459222975704467 'Conceptual' 5.723699299810074 9.7483607919979
 1.2372881355932202 30 0 1 13 25.459222975704467]
[25.73051676989684 'Conceptual' 5.723699299810074 9.7483607919979
 1.1694915254237288 30 0 1 14 25.73051676989684]
[25.96217996344711 'Conceptual' 5.723699299810074 9.7483607919979
 1.0677966101694913 30 0 1 15 25.96217996344711]
[27.159056458137563 'Conceptual' 5.723699299810074 9.7483607919979
 1.0677966101694913 30 0 1 16 27.159056458137563]
[27.528684978984945 'Conceptual' 5.723699299810074 9.7483607919979
 1.0169491525423728 30 0 1 17 27.528684978984945]
[27.97031705500429 'Conceptual' 5.723699299810074 9.7483607919979
 0.9999999999999999 30 0 1 18 27.97031705500429]
[32.74727665912971 'Conceptual' 5.723699299810074 9.7483607919979
 0.9322033898305084 30 0 1 19 32.74727665912971]
[0.0 'Conceptual' 5.723699299810074 9.7483607919979 0.0 30 0 2 0 0.0]
[4.934477748044348 'Conceptual' 5.723699299810074 9.7483607919979
 10.169491525423728 30 0 2 1 4.934477748044348]
[7.716613075985053 'Conceptual' 5.723699299810074 9.7483607919979
 7.271186440677965 30 0 2 2 7.716613075985053]
[11.121994620803633 'Conceptual' 5.723699299810074 9.7483607919979
 6.0508474576271185 30 0 2 3 11.121994620803633]
[14.277046882333638 'Conceptual' 5.723699299810074 9.7483607919979
 4.576271186440678 30 0 2 4 14.277046882333638]
[17.211675691531436 'Conceptual' 5.723699299810074 9.7483607919979
 4.1525423728813555 30 0 2 5 17.211675691531436]
[19.597127496808703 'Conceptual' 5.723699299810074 9.7483607919979
 3.271186440677966 30 0 2 6 19.597127496808703]
[21.33880066412403 'Conceptual' 5.723699299810074 9.7483607919979
 2.3559322033898304 30 0 2 7 21.33880066412403]
[22.60348223755952 'Conceptual' 5.723699299810074 9.7483607919979
 1.9491525423728813 30 0 2 8 22.60348223755952]
[23.458490988816607 'Conceptual' 5.723699299810074 9.7483607919979
 1.694915254237288 30 0 2 9 23.458490988816607]
[24.13892853485533 'Conceptual' 5.723699299810074 9.7483607919979
 1.6440677966101693 30 0 2 10 24.13892853485533]
[24.69126968384541 'Conceptual' 5.723699299810074 9.7483607919979
 1.4406779661016949 30 0 2 11 24.69126968384541]
[25.11006619485424 'Conceptual' 5.723699299810074 9.7483607919979
 1.3389830508474576 30 0 2 12 25.11006619485424]
[25.459222975704467 'Conceptual' 5.723699299810074 9.7483607919979
 1.2372881355932202 30 0 2 13 25.459222975704467]
[25.73051676989684 'Conceptual' 5.723699299810074 9.7483607919979
 1.1694915254237288 30 0 2 14 25.73051676989684]
[25.96217996344711 'Conceptual' 5.723699299810074 9.7483607919979
 1.0677966101694913 30 0 2 15 25.96217996344711]
[27.159056458137563 'Conceptual' 5.723699299810074 9.7483607919979
 1.0677966101694913 30 0 2 16 27.159056458137563]
[27.528684978984945 'Conceptual' 5.723699299810074 9.7483607919979
 1.0169491525423728 30 0 2 17 27.528684978984945]
[27.97031705500429 'Conceptual' 5.723699299810074 9.7483607919979
 0.9999999999999999 30 0 2 18 27.97031705500429]
[32.74727665912971 'Conceptual' 5.723699299810074 9.7483607919979
 0.9322033898305084 30 0 2 19 32.74727665912971]
[0.0 'Conceptual' 5.723699299810074 9.7483607919979 0.0 30 0 3 0 0.0]
[4.934477748044348 'Conceptual' 5.723699299810074 9.7483607919979
 10.169491525423728 30 0 3 1 4.934477748044348]
[7.716613075985053 'Conceptual' 5.723699299810074 9.7483607919979
 7.271186440677965 30 0 3 2 7.716613075985053]
[11.121994620803633 'Conceptual' 5.723699299810074 9.7483607919979
 6.0508474576271185 30 0 3 3 11.121994620803633]
[14.277046882333638 'Conceptual' 5.723699299810074 9.7483607919979
 4.576271186440678 30 0 3 4 14.277046882333638]
[17.211675691531436 'Conceptual' 5.723699299810074 9.7483607919979
 4.1525423728813555 30 0 3 5 17.211675691531436]
[19.597127496808703 'Conceptual' 5.723699299810074 9.7483607919979
 3.271186440677966 30 0 3 6 19.597127496808703]
[21.33880066412403 'Conceptual' 5.723699299810074 9.7483607919979
 2.3559322033898304 30 0 3 7 21.33880066412403]
[22.60348223755952 'Conceptual' 5.723699299810074 9.7483607919979
 1.9491525423728813 30 0 3 8 22.60348223755952]
[23.458490988816607 'Conceptual' 5.723699299810074 9.7483607919979
 1.694915254237288 30 0 3 9 23.458490988816607]
[24.13892853485533 'Conceptual' 5.723699299810074 9.7483607919979
 1.6440677966101693 30 0 3 10 24.13892853485533]
[24.69126968384541 'Conceptual' 5.723699299810074 9.7483607919979
 1.4406779661016949 30 0 3 11 24.69126968384541]
[25.11006619485424 'Conceptual' 5.723699299810074 9.7483607919979
 1.3389830508474576 30 0 3 12 25.11006619485424]
[25.459222975704467 'Conceptual' 5.723699299810074 9.7483607919979
 1.2372881355932202 30 0 3 13 25.459222975704467]
[25.73051676989684 'Conceptual' 5.723699299810074 9.7483607919979
 1.1694915254237288 30 0 3 14 25.73051676989684]
[25.96217996344711 'Conceptual' 5.723699299810074 9.7483607919979
 1.0677966101694913 30 0 3 15 25.96217996344711]
[27.159056458137563 'Conceptual' 5.723699299810074 9.7483607919979
 1.0677966101694913 30 0 3 16 27.159056458137563]
[27.528684978984945 'Conceptual' 5.723699299810074 9.7483607919979
 1.0169491525423728 30 0 3 17 27.528684978984945]
[27.97031705500429 'Conceptual' 5.723699299810074 9.7483607919979
 0.9999999999999999 30 0 3 18 27.97031705500429]
[32.74727665912971 'Conceptual' 5.723699299810074 9.7483607919979
 0.9322033898305084 30 0 3 19 32.74727665912971]
[0.0 'Conceptual' 5.723699299810074 9.7483607919979 0.0 30 0 4 0 0.0]
[4.934477748044348 'Conceptual' 5.723699299810074 9.7483607919979
 10.169491525423728 30 0 4 1 4.934477748044348]
[7.716613075985053 'Conceptual' 5.723699299810074 9.7483607919979
 7.271186440677965 30 0 4 2 7.716613075985053]
[11.121994620803633 'Conceptual' 5.723699299810074 9.7483607919979
 6.0508474576271185 30 0 4 3 11.121994620803633]
[14.277046882333638 'Conceptual' 5.723699299810074 9.7483607919979
 4.576271186440678 30 0 4 4 14.277046882333638]
[17.211675691531436 'Conceptual' 5.723699299810074 9.7483607919979
 4.1525423728813555 30 0 4 5 17.211675691531436]
[19.597127496808703 'Conceptual' 5.723699299810074 9.7483607919979
 3.271186440677966 30 0 4 6 19.597127496808703]
[21.33880066412403 'Conceptual' 5.723699299810074 9.7483607919979
 2.3559322033898304 30 0 4 7 21.33880066412403]
[22.60348223755952 'Conceptual' 5.723699299810074 9.7483607919979
 1.9491525423728813 30 0 4 8 22.60348223755952]
[23.458490988816607 'Conceptual' 5.723699299810074 9.7483607919979
 1.694915254237288 30 0 4 9 23.458490988816607]
[24.13892853485533 'Conceptual' 5.723699299810074 9.7483607919979
 1.6440677966101693 30 0 4 10 24.13892853485533]
[24.69126968384541 'Conceptual' 5.723699299810074 9.7483607919979
 1.4406779661016949 30 0 4 11 24.69126968384541]
[25.11006619485424 'Conceptual' 5.723699299810074 9.7483607919979
 1.3389830508474576 30 0 4 12 25.11006619485424]
[25.459222975704467 'Conceptual' 5.723699299810074 9.7483607919979
 1.2372881355932202 30 0 4 13 25.459222975704467]
[25.73051676989684 'Conceptual' 5.723699299810074 9.7483607919979
 1.1694915254237288 30 0 4 14 25.73051676989684]
[25.96217996344711 'Conceptual' 5.723699299810074 9.7483607919979
 1.0677966101694913 30 0 4 15 25.96217996344711]
[27.159056458137563 'Conceptual' 5.723699299810074 9.7483607919979
 1.0677966101694913 30 0 4 16 27.159056458137563]
[27.528684978984945 'Conceptual' 5.723699299810074 9.7483607919979
 1.0169491525423728 30 0 4 17 27.528684978984945]
[27.97031705500429 'Conceptual' 5.723699299810074 9.7483607919979
 0.9999999999999999 30 0 4 18 27.97031705500429]
[32.74727665912971 'Conceptual' 5.723699299810074 9.7483607919979
 0.9322033898305084 30 0 4 19 32.74727665912971]
[0.0 'Conceptual' 5.723699299810074 9.7483607919979 0.0 30 0 5 0 0.0]
[4.934477748044348 'Conceptual' 5.723699299810074 9.7483607919979
 10.169491525423728 30 0 5 1 4.934477748044348]
[7.716613075985053 'Conceptual' 5.723699299810074 9.7483607919979
 7.271186440677965 30 0 5 2 7.716613075985053]
[11.121994620803633 'Conceptual' 5.723699299810074 9.7483607919979
 6.0508474576271185 30 0 5 3 11.121994620803633]
[14.277046882333638 'Conceptual' 5.723699299810074 9.7483607919979
 4.576271186440678 30 0 5 4 14.277046882333638]
[17.211675691531436 'Conceptual' 5.723699299810074 9.7483607919979
 4.1525423728813555 30 0 5 5 17.211675691531436]
[19.597127496808703 'Conceptual' 5.723699299810074 9.7483607919979
 3.271186440677966 30 0 5 6 19.597127496808703]
[21.33880066412403 'Conceptual' 5.723699299810074 9.7483607919979
 2.3559322033898304 30 0 5 7 21.33880066412403]
[22.60348223755952 'Conceptual' 5.723699299810074 9.7483607919979
 1.9491525423728813 30 0 5 8 22.60348223755952]
[23.458490988816607 'Conceptual' 5.723699299810074 9.7483607919979
 1.694915254237288 30 0 5 9 23.458490988816607]
[24.13892853485533 'Conceptual' 5.723699299810074 9.7483607919979
 1.6440677966101693 30 0 5 10 24.13892853485533]
[24.69126968384541 'Conceptual' 5.723699299810074 9.7483607919979
 1.4406779661016949 30 0 5 11 24.69126968384541]
[25.11006619485424 'Conceptual' 5.723699299810074 9.7483607919979
 1.3389830508474576 30 0 5 12 25.11006619485424]
[25.459222975704467 'Conceptual' 5.723699299810074 9.7483607919979
 1.2372881355932202 30 0 5 13 25.459222975704467]
[25.73051676989684 'Conceptual' 5.723699299810074 9.7483607919979
 1.1694915254237288 30 0 5 14 25.73051676989684]
[25.96217996344711 'Conceptual' 5.723699299810074 9.7483607919979
 1.0677966101694913 30 0 5 15 25.96217996344711]
[27.159056458137563 'Conceptual' 5.723699299810074 9.7483607919979
 1.0677966101694913 30 0 5 16 27.159056458137563]
[27.528684978984945 'Conceptual' 5.723699299810074 9.7483607919979
 1.0169491525423728 30 0 5 17 27.528684978984945]
[27.97031705500429 'Conceptual' 5.723699299810074 9.7483607919979
 0.9999999999999999 30 0 5 18 27.97031705500429]
[32.74727665912971 'Conceptual' 5.723699299810074 9.7483607919979
 0.9322033898305084 30 0 5 19 32.74727665912971]
[0.0 'Conceptual' 5.723699299810074 9.7483607919979 0.0 30 0 6 0 0.0]
[4.934477748044348 'Conceptual' 5.723699299810074 9.7483607919979
 10.169491525423728 30 0 6 1 4.934477748044348]
[7.716613075985053 'Conceptual' 5.723699299810074 9.7483607919979
 7.271186440677965 30 0 6 2 7.716613075985053]
[11.121994620803633 'Conceptual' 5.723699299810074 9.7483607919979
 6.0508474576271185 30 0 6 3 11.121994620803633]
[14.277046882333638 'Conceptual' 5.723699299810074 9.7483607919979
 4.576271186440678 30 0 6 4 14.277046882333638]
[17.211675691531436 'Conceptual' 5.723699299810074 9.7483607919979
 4.1525423728813555 30 0 6 5 17.211675691531436]
[19.597127496808703 'Conceptual' 5.723699299810074 9.7483607919979
 3.271186440677966 30 0 6 6 19.597127496808703]
[21.33880066412403 'Conceptual' 5.723699299810074 9.7483607919979
 2.3559322033898304 30 0 6 7 21.33880066412403]
[22.60348223755952 'Conceptual' 5.723699299810074 9.7483607919979
 1.9491525423728813 30 0 6 8 22.60348223755952]
[23.458490988816607 'Conceptual' 5.723699299810074 9.7483607919979
 1.694915254237288 30 0 6 9 23.458490988816607]
[24.13892853485533 'Conceptual' 5.723699299810074 9.7483607919979
 1.6440677966101693 30 0 6 10 24.13892853485533]
[24.69126968384541 'Conceptual' 5.723699299810074 9.7483607919979
 1.4406779661016949 30 0 6 11 24.69126968384541]
[25.11006619485424 'Conceptual' 5.723699299810074 9.7483607919979
 1.3389830508474576 30 0 6 12 25.11006619485424]
[25.459222975704467 'Conceptual' 5.723699299810074 9.7483607919979
 1.2372881355932202 30 0 6 13 25.459222975704467]
[25.73051676989684 'Conceptual' 5.723699299810074 9.7483607919979
 1.1694915254237288 30 0 6 14 25.73051676989684]
[25.96217996344711 'Conceptual' 5.723699299810074 9.7483607919979
 1.0677966101694913 30 0 6 15 25.96217996344711]
[27.159056458137563 'Conceptual' 5.723699299810074 9.7483607919979
 1.0677966101694913 30 0 6 16 27.159056458137563]
[27.528684978984945 'Conceptual' 5.723699299810074 9.7483607919979
 1.0169491525423728 30 0 6 17 27.528684978984945]
[27.97031705500429 'Conceptual' 5.723699299810074 9.7483607919979
 0.9999999999999999 30 0 6 18 27.97031705500429]
[32.74727665912971 'Conceptual' 5.723699299810074 9.7483607919979
 0.9322033898305084 30 0 6 19 32.74727665912971]
[0.0 'Conceptual' 5.723699299810074 9.7483607919979 0.0 30 0 7 0 0.0]
[4.934477748044348 'Conceptual' 5.723699299810074 9.7483607919979
 10.169491525423728 30 0 7 1 4.934477748044348]
[7.716613075985053 'Conceptual' 5.723699299810074 9.7483607919979
 7.271186440677965 30 0 7 2 7.716613075985053]
[11.121994620803633 'Conceptual' 5.723699299810074 9.7483607919979
 6.0508474576271185 30 0 7 3 11.121994620803633]
[14.277046882333638 'Conceptual' 5.723699299810074 9.7483607919979
 4.576271186440678 30 0 7 4 14.277046882333638]
[17.211675691531436 'Conceptual' 5.723699299810074 9.7483607919979
 4.1525423728813555 30 0 7 5 17.211675691531436]
[19.597127496808703 'Conceptual' 5.723699299810074 9.7483607919979
 3.271186440677966 30 0 7 6 19.597127496808703]
[21.33880066412403 'Conceptual' 5.723699299810074 9.7483607919979
 2.3559322033898304 30 0 7 7 21.33880066412403]
[22.60348223755952 'Conceptual' 5.723699299810074 9.7483607919979
 1.9491525423728813 30 0 7 8 22.60348223755952]
[23.458490988816607 'Conceptual' 5.723699299810074 9.7483607919979
 1.694915254237288 30 0 7 9 23.458490988816607]
[24.13892853485533 'Conceptual' 5.723699299810074 9.7483607919979
 1.6440677966101693 30 0 7 10 24.13892853485533]
[24.69126968384541 'Conceptual' 5.723699299810074 9.7483607919979
 1.4406779661016949 30 0 7 11 24.69126968384541]
[25.11006619485424 'Conceptual' 5.723699299810074 9.7483607919979
 1.3389830508474576 30 0 7 12 25.11006619485424]
[25.459222975704467 'Conceptual' 5.723699299810074 9.7483607919979
 1.2372881355932202 30 0 7 13 25.459222975704467]
[25.73051676989684 'Conceptual' 5.723699299810074 9.7483607919979
 1.1694915254237288 30 0 7 14 25.73051676989684]
[25.96217996344711 'Conceptual' 5.723699299810074 9.7483607919979
 1.0677966101694913 30 0 7 15 25.96217996344711]
[27.159056458137563 'Conceptual' 5.723699299810074 9.7483607919979
 1.0677966101694913 30 0 7 16 27.159056458137563]
[27.528684978984945 'Conceptual' 5.723699299810074 9.7483607919979
 1.0169491525423728 30 0 7 17 27.528684978984945]
[27.97031705500429 'Conceptual' 5.723699299810074 9.7483607919979
 0.9999999999999999 30 0 7 18 27.97031705500429]
[32.74727665912971 'Conceptual' 5.723699299810074 9.7483607919979
 0.9322033898305084 30 0 7 19 32.74727665912971]
[0.0 'Conceptual' 5.723699299810074 9.7483607919979 0.0 30 0 8 0 0.0]
[4.934477748044348 'Conceptual' 5.723699299810074 9.7483607919979
 10.169491525423728 30 0 8 1 4.934477748044348]
[7.716613075985053 'Conceptual' 5.723699299810074 9.7483607919979
 7.271186440677965 30 0 8 2 7.716613075985053]
[11.121994620803633 'Conceptual' 5.723699299810074 9.7483607919979
 6.0508474576271185 30 0 8 3 11.121994620803633]
[14.277046882333638 'Conceptual' 5.723699299810074 9.7483607919979
 4.576271186440678 30 0 8 4 14.277046882333638]
[17.211675691531436 'Conceptual' 5.723699299810074 9.7483607919979
 4.1525423728813555 30 0 8 5 17.211675691531436]
[19.597127496808703 'Conceptual' 5.723699299810074 9.7483607919979
 3.271186440677966 30 0 8 6 19.597127496808703]
[21.33880066412403 'Conceptual' 5.723699299810074 9.7483607919979
 2.3559322033898304 30 0 8 7 21.33880066412403]
[22.60348223755952 'Conceptual' 5.723699299810074 9.7483607919979
 1.9491525423728813 30 0 8 8 22.60348223755952]
[23.458490988816607 'Conceptual' 5.723699299810074 9.7483607919979
 1.694915254237288 30 0 8 9 23.458490988816607]
[24.13892853485533 'Conceptual' 5.723699299810074 9.7483607919979
 1.6440677966101693 30 0 8 10 24.13892853485533]
[24.69126968384541 'Conceptual' 5.723699299810074 9.7483607919979
 1.4406779661016949 30 0 8 11 24.69126968384541]
[25.11006619485424 'Conceptual' 5.723699299810074 9.7483607919979
 1.3389830508474576 30 0 8 12 25.11006619485424]
[25.459222975704467 'Conceptual' 5.723699299810074 9.7483607919979
 1.2372881355932202 30 0 8 13 25.459222975704467]
[25.73051676989684 'Conceptual' 5.723699299810074 9.7483607919979
 1.1694915254237288 30 0 8 14 25.73051676989684]
[25.96217996344711 'Conceptual' 5.723699299810074 9.7483607919979
 1.0677966101694913 30 0 8 15 25.96217996344711]
[27.159056458137563 'Conceptual' 5.723699299810074 9.7483607919979
 1.0677966101694913 30 0 8 16 27.159056458137563]
[27.528684978984945 'Conceptual' 5.723699299810074 9.7483607919979
 1.0169491525423728 30 0 8 17 27.528684978984945]
[27.97031705500429 'Conceptual' 5.723699299810074 9.7483607919979
 0.9999999999999999 30 0 8 18 27.97031705500429]
[32.74727665912971 'Conceptual' 5.723699299810074 9.7483607919979
 0.9322033898305084 30 0 8 19 32.74727665912971]
