[0.0 'Conceptual' 2.812816174347866 2.405469845505138 0.0 114 3 0 0 0.0]
[4.426381741551834 'Conceptual' 2.812816174347866 2.405469845505138
 10.169491525423728 114 3 0 1 4.426381741551834]
[7.446738468944963 'Conceptual' 2.812816174347866 2.405469845505138
 2.694915254237288 114 3 0 2 7.446738468944963]
[10.695185217795833 'Conceptual' 2.812816174347866 2.405469845505138
 2.966101694915254 114 3 0 3 10.695185217795833]
[13.030305629101747 'Conceptual' 2.812816174347866 2.405469845505138
 2.11864406779661 114 3 0 4 13.030305629101747]
[15.878777862218161 'Conceptual' 2.812816174347866 2.405469845505138
 2.254237288135593 114 3 0 5 15.878777862218161]
[18.545712224687556 'Conceptual' 2.812816174347866 2.405469845505138
 2.2033898305084745 114 3 0 6 18.545712224687556]
[23.465171861141386 'Conceptual' 2.812816174347866 2.405469845505138
 2.084745762711864 114 3 0 7 23.465171861141386]
[25.60662009174017 'Conceptual' 2.812816174347866 2.405469845505138
 1.847457627118644 114 3 0 8 25.60662009174017]
[27.339242085109586 'Conceptual' 2.812816174347866 2.405469845505138
 1.694915254237288 114 3 0 9 27.339242085109586]
[28.795120605962815 'Conceptual' 2.812816174347866 2.405469845505138
 1.5084745762711864 114 3 0 10 28.795120605962815]
[30.970172842784272 'Conceptual' 2.812816174347866 2.405469845505138
 1.5084745762711864 114 3 0 11 30.970172842784272]
[32.06985605161904 'Conceptual' 2.812816174347866 2.405469845505138
 1.406779661016949 114 3 0 12 32.06985605161904]
[33.894629897617634 'Conceptual' 2.812816174347866 2.405469845505138
 1.3389830508474576 114 3 0 13 33.894629897617634]
[35.496593953340536 'Conceptual' 2.812816174347866 2.405469845505138
 1.3050847457627117 114 3 0 14 35.496593953340536]
[36.87408659024324 'Conceptual' 2.812816174347866 2.405469845505138
 1.1864406779661016 114 3 0 15 36.87408659024324]
[38.08180994000804 'Conceptual' 2.812816174347866 2.405469845505138
 1.1016949152542372 114 3 0 16 38.08180994000804]
[39.10580295430135 'Conceptual' 2.812816174347866 2.405469845505138
 1.0169491525423728 114 3 0 17 39.10580295430135]
[40.04526336178377 'Conceptual' 2.812816174347866 2.405469845505138
 0.9999999999999999 114 3 0 18 40.04526336178377]
[43.55549041439035 'Conceptual' 2.812816174347866 2.405469845505138
 0.9999999999999999 114 3 0 19 43.55549041439035]
[0.0 'Conceptual' 2.812816174347866 2.405469845505138 0.0 114 3 1 0 0.0]
[4.426381741551834 'Conceptual' 2.812816174347866 2.405469845505138
 10.169491525423728 114 3 1 1 4.426381741551834]
[7.446738468944963 'Conceptual' 2.812816174347866 2.405469845505138
 2.694915254237288 114 3 1 2 7.446738468944963]
[10.695185217795833 'Conceptual' 2.812816174347866 2.405469845505138
 2.966101694915254 114 3 1 3 10.695185217795833]
[13.030305629101747 'Conceptual' 2.812816174347866 2.405469845505138
 2.11864406779661 114 3 1 4 13.030305629101747]
[15.878777862218161 'Conceptual' 2.812816174347866 2.405469845505138
 2.254237288135593 114 3 1 5 15.878777862218161]
[18.545712224687556 'Conceptual' 2.812816174347866 2.405469845505138
 2.2033898305084745 114 3 1 6 18.545712224687556]
[23.465171861141386 'Conceptual' 2.812816174347866 2.405469845505138
 2.084745762711864 114 3 1 7 23.465171861141386]
[25.60662009174017 'Conceptual' 2.812816174347866 2.405469845505138
 1.847457627118644 114 3 1 8 25.60662009174017]
[27.339242085109586 'Conceptual' 2.812816174347866 2.405469845505138
 1.694915254237288 114 3 1 9 27.339242085109586]
[28.795120605962815 'Conceptual' 2.812816174347866 2.405469845505138
 1.5084745762711864 114 3 1 10 28.795120605962815]
[30.970172842784272 'Conceptual' 2.812816174347866 2.405469845505138
 1.5084745762711864 114 3 1 11 30.970172842784272]
[32.06985605161904 'Conceptual' 2.812816174347866 2.405469845505138
 1.406779661016949 114 3 1 12 32.06985605161904]
[33.894629897617634 'Conceptual' 2.812816174347866 2.405469845505138
 1.3389830508474576 114 3 1 13 33.894629897617634]
[35.496593953340536 'Conceptual' 2.812816174347866 2.405469845505138
 1.3050847457627117 114 3 1 14 35.496593953340536]
[36.87408659024324 'Conceptual' 2.812816174347866 2.405469845505138
 1.1864406779661016 114 3 1 15 36.87408659024324]
[38.08180994000804 'Conceptual' 2.812816174347866 2.405469845505138
 1.1016949152542372 114 3 1 16 38.08180994000804]
[39.10580295430135 'Conceptual' 2.812816174347866 2.405469845505138
 1.0169491525423728 114 3 1 17 39.10580295430135]
[40.04526336178377 'Conceptual' 2.812816174347866 2.405469845505138
 0.9999999999999999 114 3 1 18 40.04526336178377]
[43.55549041439035 'Conceptual' 2.812816174347866 2.405469845505138
 0.9999999999999999 114 3 1 19 43.55549041439035]
[0.0 'Conceptual' 2.812816174347866 2.405469845505138 0.0 114 3 2 0 0.0]
[4.426381741551834 'Conceptual' 2.812816174347866 2.405469845505138
 10.169491525423728 114 3 2 1 4.426381741551834]
[7.446738468944963 'Conceptual' 2.812816174347866 2.405469845505138
 2.694915254237288 114 3 2 2 7.446738468944963]
[10.695185217795833 'Conceptual' 2.812816174347866 2.405469845505138
 2.966101694915254 114 3 2 3 10.695185217795833]
[13.030305629101747 'Conceptual' 2.812816174347866 2.405469845505138
 2.11864406779661 114 3 2 4 13.030305629101747]
[15.878777862218161 'Conceptual' 2.812816174347866 2.405469845505138
 2.254237288135593 114 3 2 5 15.878777862218161]
[18.545712224687556 'Conceptual' 2.812816174347866 2.405469845505138
 2.2033898305084745 114 3 2 6 18.545712224687556]
[23.465171861141386 'Conceptual' 2.812816174347866 2.405469845505138
 2.084745762711864 114 3 2 7 23.465171861141386]
[25.60662009174017 'Conceptual' 2.812816174347866 2.405469845505138
 1.847457627118644 114 3 2 8 25.60662009174017]
[27.339242085109586 'Conceptual' 2.812816174347866 2.405469845505138
 1.694915254237288 114 3 2 9 27.339242085109586]
[28.795120605962815 'Conceptual' 2.812816174347866 2.405469845505138
 1.5084745762711864 114 3 2 10 28.795120605962815]
[30.970172842784272 'Conceptual' 2.812816174347866 2.405469845505138
 1.5084745762711864 114 3 2 11 30.970172842784272]
[32.06985605161904 'Conceptual' 2.812816174347866 2.405469845505138
 1.406779661016949 114 3 2 12 32.06985605161904]
[33.894629897617634 'Conceptual' 2.812816174347866 2.405469845505138
 1.3389830508474576 114 3 2 13 33.894629897617634]
[35.496593953340536 'Conceptual' 2.812816174347866 2.405469845505138
 1.3050847457627117 114 3 2 14 35.496593953340536]
[36.87408659024324 'Conceptual' 2.812816174347866 2.405469845505138
 1.1864406779661016 114 3 2 15 36.87408659024324]
[38.08180994000804 'Conceptual' 2.812816174347866 2.405469845505138
 1.1016949152542372 114 3 2 16 38.08180994000804]
[39.10580295430135 'Conceptual' 2.812816174347866 2.405469845505138
 1.0169491525423728 114 3 2 17 39.10580295430135]
[40.04526336178377 'Conceptual' 2.812816174347866 2.405469845505138
 0.9999999999999999 114 3 2 18 40.04526336178377]
[43.55549041439035 'Conceptual' 2.812816174347866 2.405469845505138
 0.9999999999999999 114 3 2 19 43.55549041439035]
[0.0 'Conceptual' 2.812816174347866 2.405469845505138 0.0 114 3 4 0 0.0]
[4.426381741551834 'Conceptual' 2.812816174347866 2.405469845505138
 10.169491525423728 114 3 4 1 4.426381741551834]
[7.446738468944963 'Conceptual' 2.812816174347866 2.405469845505138
 2.694915254237288 114 3 4 2 7.446738468944963]
[10.695185217795833 'Conceptual' 2.812816174347866 2.405469845505138
 2.966101694915254 114 3 4 3 10.695185217795833]
[13.030305629101747 'Conceptual' 2.812816174347866 2.405469845505138
 2.11864406779661 114 3 4 4 13.030305629101747]
[15.878777862218161 'Conceptual' 2.812816174347866 2.405469845505138
 2.254237288135593 114 3 4 5 15.878777862218161]
[18.545712224687556 'Conceptual' 2.812816174347866 2.405469845505138
 2.2033898305084745 114 3 4 6 18.545712224687556]
[23.465171861141386 'Conceptual' 2.812816174347866 2.405469845505138
 2.084745762711864 114 3 4 7 23.465171861141386]
[25.60662009174017 'Conceptual' 2.812816174347866 2.405469845505138
 1.847457627118644 114 3 4 8 25.60662009174017]
[27.339242085109586 'Conceptual' 2.812816174347866 2.405469845505138
 1.694915254237288 114 3 4 9 27.339242085109586]
[28.795120605962815 'Conceptual' 2.812816174347866 2.405469845505138
 1.5084745762711864 114 3 4 10 28.795120605962815]
[30.970172842784272 'Conceptual' 2.812816174347866 2.405469845505138
 1.5084745762711864 114 3 4 11 30.970172842784272]
[32.06985605161904 'Conceptual' 2.812816174347866 2.405469845505138
 1.406779661016949 114 3 4 12 32.06985605161904]
[33.894629897617634 'Conceptual' 2.812816174347866 2.405469845505138
 1.3389830508474576 114 3 4 13 33.894629897617634]
[35.496593953340536 'Conceptual' 2.812816174347866 2.405469845505138
 1.3050847457627117 114 3 4 14 35.496593953340536]
[36.87408659024324 'Conceptual' 2.812816174347866 2.405469845505138
 1.1864406779661016 114 3 4 15 36.87408659024324]
[38.08180994000804 'Conceptual' 2.812816174347866 2.405469845505138
 1.1016949152542372 114 3 4 16 38.08180994000804]
[39.10580295430135 'Conceptual' 2.812816174347866 2.405469845505138
 1.0169491525423728 114 3 4 17 39.10580295430135]
[40.04526336178377 'Conceptual' 2.812816174347866 2.405469845505138
 0.9999999999999999 114 3 4 18 40.04526336178377]
[43.55549041439035 'Conceptual' 2.812816174347866 2.405469845505138
 0.9999999999999999 114 3 4 19 43.55549041439035]
[0.0 'Conceptual' 2.812816174347866 2.405469845505138 0.0 114 3 5 0 0.0]
[4.426381741551834 'Conceptual' 2.812816174347866 2.405469845505138
 10.169491525423728 114 3 5 1 4.426381741551834]
[7.446738468944963 'Conceptual' 2.812816174347866 2.405469845505138
 2.694915254237288 114 3 5 2 7.446738468944963]
[10.695185217795833 'Conceptual' 2.812816174347866 2.405469845505138
 2.966101694915254 114 3 5 3 10.695185217795833]
[13.030305629101747 'Conceptual' 2.812816174347866 2.405469845505138
 2.11864406779661 114 3 5 4 13.030305629101747]
[15.878777862218161 'Conceptual' 2.812816174347866 2.405469845505138
 2.254237288135593 114 3 5 5 15.878777862218161]
[18.545712224687556 'Conceptual' 2.812816174347866 2.405469845505138
 2.2033898305084745 114 3 5 6 18.545712224687556]
[23.465171861141386 'Conceptual' 2.812816174347866 2.405469845505138
 2.084745762711864 114 3 5 7 23.465171861141386]
[25.60662009174017 'Conceptual' 2.812816174347866 2.405469845505138
 1.847457627118644 114 3 5 8 25.60662009174017]
[27.339242085109586 'Conceptual' 2.812816174347866 2.405469845505138
 1.694915254237288 114 3 5 9 27.339242085109586]
[28.795120605962815 'Conceptual' 2.812816174347866 2.405469845505138
 1.5084745762711864 114 3 5 10 28.795120605962815]
[30.970172842784272 'Conceptual' 2.812816174347866 2.405469845505138
 1.5084745762711864 114 3 5 11 30.970172842784272]
[32.06985605161904 'Conceptual' 2.812816174347866 2.405469845505138
 1.406779661016949 114 3 5 12 32.06985605161904]
[33.894629897617634 'Conceptual' 2.812816174347866 2.405469845505138
 1.3389830508474576 114 3 5 13 33.894629897617634]
[35.496593953340536 'Conceptual' 2.812816174347866 2.405469845505138
 1.3050847457627117 114 3 5 14 35.496593953340536]
[36.87408659024324 'Conceptual' 2.812816174347866 2.405469845505138
 1.1864406779661016 114 3 5 15 36.87408659024324]
[38.08180994000804 'Conceptual' 2.812816174347866 2.405469845505138
 1.1016949152542372 114 3 5 16 38.08180994000804]
[39.10580295430135 'Conceptual' 2.812816174347866 2.405469845505138
 1.0169491525423728 114 3 5 17 39.10580295430135]
[40.04526336178377 'Conceptual' 2.812816174347866 2.405469845505138
 0.9999999999999999 114 3 5 18 40.04526336178377]
[43.55549041439035 'Conceptual' 2.812816174347866 2.405469845505138
 0.9999999999999999 114 3 5 19 43.55549041439035]
[0.0 'Conceptual' 2.812816174347866 2.405469845505138 0.0 114 3 6 0 0.0]
[4.426381741551834 'Conceptual' 2.812816174347866 2.405469845505138
 10.169491525423728 114 3 6 1 4.426381741551834]
[7.446738468944963 'Conceptual' 2.812816174347866 2.405469845505138
 2.694915254237288 114 3 6 2 7.446738468944963]
[10.695185217795833 'Conceptual' 2.812816174347866 2.405469845505138
 2.966101694915254 114 3 6 3 10.695185217795833]
[13.030305629101747 'Conceptual' 2.812816174347866 2.405469845505138
 2.11864406779661 114 3 6 4 13.030305629101747]
[15.878777862218161 'Conceptual' 2.812816174347866 2.405469845505138
 2.254237288135593 114 3 6 5 15.878777862218161]
[18.545712224687556 'Conceptual' 2.812816174347866 2.405469845505138
 2.2033898305084745 114 3 6 6 18.545712224687556]
[23.465171861141386 'Conceptual' 2.812816174347866 2.405469845505138
 2.084745762711864 114 3 6 7 23.465171861141386]
[25.60662009174017 'Conceptual' 2.812816174347866 2.405469845505138
 1.847457627118644 114 3 6 8 25.60662009174017]
[27.339242085109586 'Conceptual' 2.812816174347866 2.405469845505138
 1.694915254237288 114 3 6 9 27.339242085109586]
[28.795120605962815 'Conceptual' 2.812816174347866 2.405469845505138
 1.5084745762711864 114 3 6 10 28.795120605962815]
[30.970172842784272 'Conceptual' 2.812816174347866 2.405469845505138
 1.5084745762711864 114 3 6 11 30.970172842784272]
[32.06985605161904 'Conceptual' 2.812816174347866 2.405469845505138
 1.406779661016949 114 3 6 12 32.06985605161904]
[33.894629897617634 'Conceptual' 2.812816174347866 2.405469845505138
 1.3389830508474576 114 3 6 13 33.894629897617634]
[35.496593953340536 'Conceptual' 2.812816174347866 2.405469845505138
 1.3050847457627117 114 3 6 14 35.496593953340536]
[36.87408659024324 'Conceptual' 2.812816174347866 2.405469845505138
 1.1864406779661016 114 3 6 15 36.87408659024324]
[38.08180994000804 'Conceptual' 2.812816174347866 2.405469845505138
 1.1016949152542372 114 3 6 16 38.08180994000804]
[39.10580295430135 'Conceptual' 2.812816174347866 2.405469845505138
 1.0169491525423728 114 3 6 17 39.10580295430135]
[40.04526336178377 'Conceptual' 2.812816174347866 2.405469845505138
 0.9999999999999999 114 3 6 18 40.04526336178377]
[43.55549041439035 'Conceptual' 2.812816174347866 2.405469845505138
 0.9999999999999999 114 3 6 19 43.55549041439035]
[0.0 'Conceptual' 2.812816174347866 2.405469845505138 0.0 114 3 7 0 0.0]
[4.426381741551834 'Conceptual' 2.812816174347866 2.405469845505138
 10.169491525423728 114 3 7 1 4.426381741551834]
[7.446738468944963 'Conceptual' 2.812816174347866 2.405469845505138
 2.694915254237288 114 3 7 2 7.446738468944963]
[10.695185217795833 'Conceptual' 2.812816174347866 2.405469845505138
 2.966101694915254 114 3 7 3 10.695185217795833]
[13.030305629101747 'Conceptual' 2.812816174347866 2.405469845505138
 2.11864406779661 114 3 7 4 13.030305629101747]
[15.878777862218161 'Conceptual' 2.812816174347866 2.405469845505138
 2.254237288135593 114 3 7 5 15.878777862218161]
[18.545712224687556 'Conceptual' 2.812816174347866 2.405469845505138
 2.2033898305084745 114 3 7 6 18.545712224687556]
[23.465171861141386 'Conceptual' 2.812816174347866 2.405469845505138
 2.084745762711864 114 3 7 7 23.465171861141386]
[25.60662009174017 'Conceptual' 2.812816174347866 2.405469845505138
 1.847457627118644 114 3 7 8 25.60662009174017]
[27.339242085109586 'Conceptual' 2.812816174347866 2.405469845505138
 1.694915254237288 114 3 7 9 27.339242085109586]
[28.795120605962815 'Conceptual' 2.812816174347866 2.405469845505138
 1.5084745762711864 114 3 7 10 28.795120605962815]
[30.970172842784272 'Conceptual' 2.812816174347866 2.405469845505138
 1.5084745762711864 114 3 7 11 30.970172842784272]
[32.06985605161904 'Conceptual' 2.812816174347866 2.405469845505138
 1.406779661016949 114 3 7 12 32.06985605161904]
[33.894629897617634 'Conceptual' 2.812816174347866 2.405469845505138
 1.3389830508474576 114 3 7 13 33.894629897617634]
[35.496593953340536 'Conceptual' 2.812816174347866 2.405469845505138
 1.3050847457627117 114 3 7 14 35.496593953340536]
[36.87408659024324 'Conceptual' 2.812816174347866 2.405469845505138
 1.1864406779661016 114 3 7 15 36.87408659024324]
[38.08180994000804 'Conceptual' 2.812816174347866 2.405469845505138
 1.1016949152542372 114 3 7 16 38.08180994000804]
[39.10580295430135 'Conceptual' 2.812816174347866 2.405469845505138
 1.0169491525423728 114 3 7 17 39.10580295430135]
[40.04526336178377 'Conceptual' 2.812816174347866 2.405469845505138
 0.9999999999999999 114 3 7 18 40.04526336178377]
[43.55549041439035 'Conceptual' 2.812816174347866 2.405469845505138
 0.9999999999999999 114 3 7 19 43.55549041439035]
[0.0 'Conceptual' 2.812816174347866 2.405469845505138 0.0 114 3 8 0 0.0]
[4.426381741551834 'Conceptual' 2.812816174347866 2.405469845505138
 10.169491525423728 114 3 8 1 4.426381741551834]
[7.446738468944963 'Conceptual' 2.812816174347866 2.405469845505138
 2.694915254237288 114 3 8 2 7.446738468944963]
[10.695185217795833 'Conceptual' 2.812816174347866 2.405469845505138
 2.966101694915254 114 3 8 3 10.695185217795833]
[13.030305629101747 'Conceptual' 2.812816174347866 2.405469845505138
 2.11864406779661 114 3 8 4 13.030305629101747]
[15.878777862218161 'Conceptual' 2.812816174347866 2.405469845505138
 2.254237288135593 114 3 8 5 15.878777862218161]
[18.545712224687556 'Conceptual' 2.812816174347866 2.405469845505138
 2.2033898305084745 114 3 8 6 18.545712224687556]
[23.465171861141386 'Conceptual' 2.812816174347866 2.405469845505138
 2.084745762711864 114 3 8 7 23.465171861141386]
[25.60662009174017 'Conceptual' 2.812816174347866 2.405469845505138
 1.847457627118644 114 3 8 8 25.60662009174017]
[27.339242085109586 'Conceptual' 2.812816174347866 2.405469845505138
 1.694915254237288 114 3 8 9 27.339242085109586]
[28.795120605962815 'Conceptual' 2.812816174347866 2.405469845505138
 1.5084745762711864 114 3 8 10 28.795120605962815]
[30.970172842784272 'Conceptual' 2.812816174347866 2.405469845505138
 1.5084745762711864 114 3 8 11 30.970172842784272]
[32.06985605161904 'Conceptual' 2.812816174347866 2.405469845505138
 1.406779661016949 114 3 8 12 32.06985605161904]
[33.894629897617634 'Conceptual' 2.812816174347866 2.405469845505138
 1.3389830508474576 114 3 8 13 33.894629897617634]
[35.496593953340536 'Conceptual' 2.812816174347866 2.405469845505138
 1.3050847457627117 114 3 8 14 35.496593953340536]
[36.87408659024324 'Conceptual' 2.812816174347866 2.405469845505138
 1.1864406779661016 114 3 8 15 36.87408659024324]
[38.08180994000804 'Conceptual' 2.812816174347866 2.405469845505138
 1.1016949152542372 114 3 8 16 38.08180994000804]
[39.10580295430135 'Conceptual' 2.812816174347866 2.405469845505138
 1.0169491525423728 114 3 8 17 39.10580295430135]
[40.04526336178377 'Conceptual' 2.812816174347866 2.405469845505138
 0.9999999999999999 114 3 8 18 40.04526336178377]
[43.55549041439035 'Conceptual' 2.812816174347866 2.405469845505138
 0.9999999999999999 114 3 8 19 43.55549041439035]
