[0.0 'Conceptual' 1.2745843488368829 0.0036601637122689675 0.0 101 0 1 0
 0.0]
[3.8996348397256058 'Conceptual' 1.2745843488368829 0.0036601637122689675
 0.1694915254237288 101 0 1 1 3.8996348397256058]
[7.41126444193406 'Conceptual' 1.2745843488368829 0.0036601637122689675
 2.016949152542373 101 0 1 2 7.41126444193406]
[10.120612761435343 'Conceptual' 1.2745843488368829 0.0036601637122689675
 1.8644067796610169 101 0 1 3 10.120612761435343]
[12.119819042913536 'Conceptual' 1.2745843488368829 0.0036601637122689675
 1.7457627118644066 101 0 1 4 12.119819042913536]
[13.463661077331398 'Conceptual' 1.2745843488368829 0.0036601637122689675
 1.6101694915254237 101 0 1 5 13.463661077331398]
[14.229587659494044 'Conceptual' 1.2745843488368829 0.0036601637122689675
 1.5254237288135593 101 0 1 6 14.229587659494044]
[14.506794091032699 'Conceptual' 1.2745843488368829 0.0036601637122689675
 1.406779661016949 101 0 1 7 14.506794091032699]
[14.385343915892888 'Conceptual' 1.2745843488368829 0.0036601637122689675
 1.3389830508474576 101 0 1 8 14.385343915892888]
[13.954471193191546 'Conceptual' 1.2745843488368829 0.0036601637122689675
 1.2372881355932202 101 0 1 9 13.954471193191546]
[13.297452063154182 'Conceptual' 1.2745843488368829 0.0036601637122689675
 1.1016949152542372 101 0 1 10 13.297452063154182]
[12.114140751976763 'Conceptual' 1.2745843488368829 0.0036601637122689675
 0.1694915254237288 101 0 1 11 12.114140751976763]
[10.933639906928661 'Conceptual' 1.2745843488368829 0.0036601637122689675
 0.1694915254237288 101 0 1 12 10.933639906928661]
[9.8838104205257 'Conceptual' 1.2745843488368829 0.0036601637122689675
 0.1694915254237288 101 0 1 13 9.8838104205257]
[9.034947599901312 'Conceptual' 1.2745843488368829 0.0036601637122689675
 0.1694915254237288 101 0 1 14 9.034947599901312]
[13.775919236329411 'Conceptual' 1.2745843488368829 0.0036601637122689675
 0.1694915254237288 101 0 1 15 13.775919236329411]
[13.46752215704521 'Conceptual' 1.2745843488368829 0.0036601637122689675
 0.1694915254237288 101 0 1 16 13.46752215704521]
[13.405073005677288 'Conceptual' 1.2745843488368829 0.0036601637122689675
 0.1694915254237288 101 0 1 17 13.405073005677288]
[13.555363273098662 'Conceptual' 1.2745843488368829 0.0036601637122689675
 0.1694915254237288 101 0 1 18 13.555363273098662]
[13.878493013670894 'Conceptual' 1.2745843488368829 0.0036601637122689675
 0.1694915254237288 101 0 1 19 13.878493013670894]
[0.0 'Conceptual' 1.2745843488368829 0.0036601637122689675 0.0 101 0 2 0
 0.0]
[3.8996348397256058 'Conceptual' 1.2745843488368829 0.0036601637122689675
 0.1694915254237288 101 0 2 1 3.8996348397256058]
[7.41126444193406 'Conceptual' 1.2745843488368829 0.0036601637122689675
 2.016949152542373 101 0 2 2 7.41126444193406]
[10.120612761435343 'Conceptual' 1.2745843488368829 0.0036601637122689675
 1.8644067796610169 101 0 2 3 10.120612761435343]
[12.119819042913536 'Conceptual' 1.2745843488368829 0.0036601637122689675
 1.7457627118644066 101 0 2 4 12.119819042913536]
[13.463661077331398 'Conceptual' 1.2745843488368829 0.0036601637122689675
 1.6101694915254237 101 0 2 5 13.463661077331398]
[14.229587659494044 'Conceptual' 1.2745843488368829 0.0036601637122689675
 1.5254237288135593 101 0 2 6 14.229587659494044]
[14.506794091032699 'Conceptual' 1.2745843488368829 0.0036601637122689675
 1.406779661016949 101 0 2 7 14.506794091032699]
[14.385343915892888 'Conceptual' 1.2745843488368829 0.0036601637122689675
 1.3389830508474576 101 0 2 8 14.385343915892888]
[13.954471193191546 'Conceptual' 1.2745843488368829 0.0036601637122689675
 1.2372881355932202 101 0 2 9 13.954471193191546]
[13.297452063154182 'Conceptual' 1.2745843488368829 0.0036601637122689675
 1.1016949152542372 101 0 2 10 13.297452063154182]
[12.114140751976763 'Conceptual' 1.2745843488368829 0.0036601637122689675
 0.1694915254237288 101 0 2 11 12.114140751976763]
[10.933639906928661 'Conceptual' 1.2745843488368829 0.0036601637122689675
 0.1694915254237288 101 0 2 12 10.933639906928661]
[9.8838104205257 'Conceptual' 1.2745843488368829 0.0036601637122689675
 0.1694915254237288 101 0 2 13 9.8838104205257]
[9.034947599901312 'Conceptual' 1.2745843488368829 0.0036601637122689675
 0.1694915254237288 101 0 2 14 9.034947599901312]
[13.775919236329411 'Conceptual' 1.2745843488368829 0.0036601637122689675
 0.1694915254237288 101 0 2 15 13.775919236329411]
[13.46752215704521 'Conceptual' 1.2745843488368829 0.0036601637122689675
 0.1694915254237288 101 0 2 16 13.46752215704521]
[13.405073005677288 'Conceptual' 1.2745843488368829 0.0036601637122689675
 0.1694915254237288 101 0 2 17 13.405073005677288]
[13.555363273098662 'Conceptual' 1.2745843488368829 0.0036601637122689675
 0.1694915254237288 101 0 2 18 13.555363273098662]
[13.878493013670894 'Conceptual' 1.2745843488368829 0.0036601637122689675
 0.1694915254237288 101 0 2 19 13.878493013670894]
[0.0 'Conceptual' 1.2745843488368829 0.0036601637122689675 0.0 101 0 3 0
 0.0]
[3.8996348397256058 'Conceptual' 1.2745843488368829 0.0036601637122689675
 0.1694915254237288 101 0 3 1 3.8996348397256058]
[7.41126444193406 'Conceptual' 1.2745843488368829 0.0036601637122689675
 2.016949152542373 101 0 3 2 7.41126444193406]
[10.120612761435343 'Conceptual' 1.2745843488368829 0.0036601637122689675
 1.8644067796610169 101 0 3 3 10.120612761435343]
[12.119819042913536 'Conceptual' 1.2745843488368829 0.0036601637122689675
 1.7457627118644066 101 0 3 4 12.119819042913536]
[13.463661077331398 'Conceptual' 1.2745843488368829 0.0036601637122689675
 1.6101694915254237 101 0 3 5 13.463661077331398]
[14.229587659494044 'Conceptual' 1.2745843488368829 0.0036601637122689675
 1.5254237288135593 101 0 3 6 14.229587659494044]
[14.506794091032699 'Conceptual' 1.2745843488368829 0.0036601637122689675
 1.406779661016949 101 0 3 7 14.506794091032699]
[14.385343915892888 'Conceptual' 1.2745843488368829 0.0036601637122689675
 1.3389830508474576 101 0 3 8 14.385343915892888]
[13.954471193191546 'Conceptual' 1.2745843488368829 0.0036601637122689675
 1.2372881355932202 101 0 3 9 13.954471193191546]
[13.297452063154182 'Conceptual' 1.2745843488368829 0.0036601637122689675
 1.1016949152542372 101 0 3 10 13.297452063154182]
[12.114140751976763 'Conceptual' 1.2745843488368829 0.0036601637122689675
 0.1694915254237288 101 0 3 11 12.114140751976763]
[10.933639906928661 'Conceptual' 1.2745843488368829 0.0036601637122689675
 0.1694915254237288 101 0 3 12 10.933639906928661]
[9.8838104205257 'Conceptual' 1.2745843488368829 0.0036601637122689675
 0.1694915254237288 101 0 3 13 9.8838104205257]
[9.034947599901312 'Conceptual' 1.2745843488368829 0.0036601637122689675
 0.1694915254237288 101 0 3 14 9.034947599901312]
[13.775919236329411 'Conceptual' 1.2745843488368829 0.0036601637122689675
 0.1694915254237288 101 0 3 15 13.775919236329411]
[13.46752215704521 'Conceptual' 1.2745843488368829 0.0036601637122689675
 0.1694915254237288 101 0 3 16 13.46752215704521]
[13.405073005677288 'Conceptual' 1.2745843488368829 0.0036601637122689675
 0.1694915254237288 101 0 3 17 13.405073005677288]
[13.555363273098662 'Conceptual' 1.2745843488368829 0.0036601637122689675
 0.1694915254237288 101 0 3 18 13.555363273098662]
[13.878493013670894 'Conceptual' 1.2745843488368829 0.0036601637122689675
 0.1694915254237288 101 0 3 19 13.878493013670894]
[0.0 'Conceptual' 1.2745843488368829 0.0036601637122689675 0.0 101 0 4 0
 0.0]
[3.8996348397256058 'Conceptual' 1.2745843488368829 0.0036601637122689675
 0.1694915254237288 101 0 4 1 3.8996348397256058]
[7.41126444193406 'Conceptual' 1.2745843488368829 0.0036601637122689675
 2.016949152542373 101 0 4 2 7.41126444193406]
[10.120612761435343 'Conceptual' 1.2745843488368829 0.0036601637122689675
 1.8644067796610169 101 0 4 3 10.120612761435343]
[12.119819042913536 'Conceptual' 1.2745843488368829 0.0036601637122689675
 1.7457627118644066 101 0 4 4 12.119819042913536]
[13.463661077331398 'Conceptual' 1.2745843488368829 0.0036601637122689675
 1.6101694915254237 101 0 4 5 13.463661077331398]
[14.229587659494044 'Conceptual' 1.2745843488368829 0.0036601637122689675
 1.5254237288135593 101 0 4 6 14.229587659494044]
[14.506794091032699 'Conceptual' 1.2745843488368829 0.0036601637122689675
 1.406779661016949 101 0 4 7 14.506794091032699]
[14.385343915892888 'Conceptual' 1.2745843488368829 0.0036601637122689675
 1.3389830508474576 101 0 4 8 14.385343915892888]
[13.954471193191546 'Conceptual' 1.2745843488368829 0.0036601637122689675
 1.2372881355932202 101 0 4 9 13.954471193191546]
[13.297452063154182 'Conceptual' 1.2745843488368829 0.0036601637122689675
 1.1016949152542372 101 0 4 10 13.297452063154182]
[12.114140751976763 'Conceptual' 1.2745843488368829 0.0036601637122689675
 0.1694915254237288 101 0 4 11 12.114140751976763]
[10.933639906928661 'Conceptual' 1.2745843488368829 0.0036601637122689675
 0.1694915254237288 101 0 4 12 10.933639906928661]
[9.8838104205257 'Conceptual' 1.2745843488368829 0.0036601637122689675
 0.1694915254237288 101 0 4 13 9.8838104205257]
[9.034947599901312 'Conceptual' 1.2745843488368829 0.0036601637122689675
 0.1694915254237288 101 0 4 14 9.034947599901312]
[13.775919236329411 'Conceptual' 1.2745843488368829 0.0036601637122689675
 0.1694915254237288 101 0 4 15 13.775919236329411]
[13.46752215704521 'Conceptual' 1.2745843488368829 0.0036601637122689675
 0.1694915254237288 101 0 4 16 13.46752215704521]
[13.405073005677288 'Conceptual' 1.2745843488368829 0.0036601637122689675
 0.1694915254237288 101 0 4 17 13.405073005677288]
[13.555363273098662 'Conceptual' 1.2745843488368829 0.0036601637122689675
 0.1694915254237288 101 0 4 18 13.555363273098662]
[13.878493013670894 'Conceptual' 1.2745843488368829 0.0036601637122689675
 0.1694915254237288 101 0 4 19 13.878493013670894]
[0.0 'Conceptual' 1.2745843488368829 0.0036601637122689675 0.0 101 0 5 0
 0.0]
[3.8996348397256058 'Conceptual' 1.2745843488368829 0.0036601637122689675
 0.1694915254237288 101 0 5 1 3.8996348397256058]
[7.41126444193406 'Conceptual' 1.2745843488368829 0.0036601637122689675
 2.016949152542373 101 0 5 2 7.41126444193406]
[10.120612761435343 'Conceptual' 1.2745843488368829 0.0036601637122689675
 1.8644067796610169 101 0 5 3 10.120612761435343]
[12.119819042913536 'Conceptual' 1.2745843488368829 0.0036601637122689675
 1.7457627118644066 101 0 5 4 12.119819042913536]
[13.463661077331398 'Conceptual' 1.2745843488368829 0.0036601637122689675
 1.6101694915254237 101 0 5 5 13.463661077331398]
[14.229587659494044 'Conceptual' 1.2745843488368829 0.0036601637122689675
 1.5254237288135593 101 0 5 6 14.229587659494044]
[14.506794091032699 'Conceptual' 1.2745843488368829 0.0036601637122689675
 1.406779661016949 101 0 5 7 14.506794091032699]
[14.385343915892888 'Conceptual' 1.2745843488368829 0.0036601637122689675
 1.3389830508474576 101 0 5 8 14.385343915892888]
[13.954471193191546 'Conceptual' 1.2745843488368829 0.0036601637122689675
 1.2372881355932202 101 0 5 9 13.954471193191546]
[13.297452063154182 'Conceptual' 1.2745843488368829 0.0036601637122689675
 1.1016949152542372 101 0 5 10 13.297452063154182]
[12.114140751976763 'Conceptual' 1.2745843488368829 0.0036601637122689675
 0.1694915254237288 101 0 5 11 12.114140751976763]
[10.933639906928661 'Conceptual' 1.2745843488368829 0.0036601637122689675
 0.1694915254237288 101 0 5 12 10.933639906928661]
[9.8838104205257 'Conceptual' 1.2745843488368829 0.0036601637122689675
 0.1694915254237288 101 0 5 13 9.8838104205257]
[9.034947599901312 'Conceptual' 1.2745843488368829 0.0036601637122689675
 0.1694915254237288 101 0 5 14 9.034947599901312]
[13.775919236329411 'Conceptual' 1.2745843488368829 0.0036601637122689675
 0.1694915254237288 101 0 5 15 13.775919236329411]
[13.46752215704521 'Conceptual' 1.2745843488368829 0.0036601637122689675
 0.1694915254237288 101 0 5 16 13.46752215704521]
[13.405073005677288 'Conceptual' 1.2745843488368829 0.0036601637122689675
 0.1694915254237288 101 0 5 17 13.405073005677288]
[13.555363273098662 'Conceptual' 1.2745843488368829 0.0036601637122689675
 0.1694915254237288 101 0 5 18 13.555363273098662]
[13.878493013670894 'Conceptual' 1.2745843488368829 0.0036601637122689675
 0.1694915254237288 101 0 5 19 13.878493013670894]
[0.0 'Conceptual' 1.2745843488368829 0.0036601637122689675 0.0 101 0 6 0
 0.0]
[3.8996348397256058 'Conceptual' 1.2745843488368829 0.0036601637122689675
 0.1694915254237288 101 0 6 1 3.8996348397256058]
[7.41126444193406 'Conceptual' 1.2745843488368829 0.0036601637122689675
 2.016949152542373 101 0 6 2 7.41126444193406]
[10.120612761435343 'Conceptual' 1.2745843488368829 0.0036601637122689675
 1.8644067796610169 101 0 6 3 10.120612761435343]
[12.119819042913536 'Conceptual' 1.2745843488368829 0.0036601637122689675
 1.7457627118644066 101 0 6 4 12.119819042913536]
[13.463661077331398 'Conceptual' 1.2745843488368829 0.0036601637122689675
 1.6101694915254237 101 0 6 5 13.463661077331398]
[14.229587659494044 'Conceptual' 1.2745843488368829 0.0036601637122689675
 1.5254237288135593 101 0 6 6 14.229587659494044]
[14.506794091032699 'Conceptual' 1.2745843488368829 0.0036601637122689675
 1.406779661016949 101 0 6 7 14.506794091032699]
[14.385343915892888 'Conceptual' 1.2745843488368829 0.0036601637122689675
 1.3389830508474576 101 0 6 8 14.385343915892888]
[13.954471193191546 'Conceptual' 1.2745843488368829 0.0036601637122689675
 1.2372881355932202 101 0 6 9 13.954471193191546]
[13.297452063154182 'Conceptual' 1.2745843488368829 0.0036601637122689675
 1.1016949152542372 101 0 6 10 13.297452063154182]
[12.114140751976763 'Conceptual' 1.2745843488368829 0.0036601637122689675
 0.1694915254237288 101 0 6 11 12.114140751976763]
[10.933639906928661 'Conceptual' 1.2745843488368829 0.0036601637122689675
 0.1694915254237288 101 0 6 12 10.933639906928661]
[9.8838104205257 'Conceptual' 1.2745843488368829 0.0036601637122689675
 0.1694915254237288 101 0 6 13 9.8838104205257]
[9.034947599901312 'Conceptual' 1.2745843488368829 0.0036601637122689675
 0.1694915254237288 101 0 6 14 9.034947599901312]
[13.775919236329411 'Conceptual' 1.2745843488368829 0.0036601637122689675
 0.1694915254237288 101 0 6 15 13.775919236329411]
[13.46752215704521 'Conceptual' 1.2745843488368829 0.0036601637122689675
 0.1694915254237288 101 0 6 16 13.46752215704521]
[13.405073005677288 'Conceptual' 1.2745843488368829 0.0036601637122689675
 0.1694915254237288 101 0 6 17 13.405073005677288]
[13.555363273098662 'Conceptual' 1.2745843488368829 0.0036601637122689675
 0.1694915254237288 101 0 6 18 13.555363273098662]
[13.878493013670894 'Conceptual' 1.2745843488368829 0.0036601637122689675
 0.1694915254237288 101 0 6 19 13.878493013670894]
[0.0 'Conceptual' 1.2745843488368829 0.0036601637122689675 0.0 101 0 7 0
 0.0]
[3.8996348397256058 'Conceptual' 1.2745843488368829 0.0036601637122689675
 0.1694915254237288 101 0 7 1 3.8996348397256058]
[7.41126444193406 'Conceptual' 1.2745843488368829 0.0036601637122689675
 2.016949152542373 101 0 7 2 7.41126444193406]
[10.120612761435343 'Conceptual' 1.2745843488368829 0.0036601637122689675
 1.8644067796610169 101 0 7 3 10.120612761435343]
[12.119819042913536 'Conceptual' 1.2745843488368829 0.0036601637122689675
 1.7457627118644066 101 0 7 4 12.119819042913536]
[13.463661077331398 'Conceptual' 1.2745843488368829 0.0036601637122689675
 1.6101694915254237 101 0 7 5 13.463661077331398]
[14.229587659494044 'Conceptual' 1.2745843488368829 0.0036601637122689675
 1.5254237288135593 101 0 7 6 14.229587659494044]
[14.506794091032699 'Conceptual' 1.2745843488368829 0.0036601637122689675
 1.406779661016949 101 0 7 7 14.506794091032699]
[14.385343915892888 'Conceptual' 1.2745843488368829 0.0036601637122689675
 1.3389830508474576 101 0 7 8 14.385343915892888]
[13.954471193191546 'Conceptual' 1.2745843488368829 0.0036601637122689675
 1.2372881355932202 101 0 7 9 13.954471193191546]
[13.297452063154182 'Conceptual' 1.2745843488368829 0.0036601637122689675
 1.1016949152542372 101 0 7 10 13.297452063154182]
[12.114140751976763 'Conceptual' 1.2745843488368829 0.0036601637122689675
 0.1694915254237288 101 0 7 11 12.114140751976763]
[10.933639906928661 'Conceptual' 1.2745843488368829 0.0036601637122689675
 0.1694915254237288 101 0 7 12 10.933639906928661]
[9.8838104205257 'Conceptual' 1.2745843488368829 0.0036601637122689675
 0.1694915254237288 101 0 7 13 9.8838104205257]
[9.034947599901312 'Conceptual' 1.2745843488368829 0.0036601637122689675
 0.1694915254237288 101 0 7 14 9.034947599901312]
[13.775919236329411 'Conceptual' 1.2745843488368829 0.0036601637122689675
 0.1694915254237288 101 0 7 15 13.775919236329411]
[13.46752215704521 'Conceptual' 1.2745843488368829 0.0036601637122689675
 0.1694915254237288 101 0 7 16 13.46752215704521]
[13.405073005677288 'Conceptual' 1.2745843488368829 0.0036601637122689675
 0.1694915254237288 101 0 7 17 13.405073005677288]
[13.555363273098662 'Conceptual' 1.2745843488368829 0.0036601637122689675
 0.1694915254237288 101 0 7 18 13.555363273098662]
[13.878493013670894 'Conceptual' 1.2745843488368829 0.0036601637122689675
 0.1694915254237288 101 0 7 19 13.878493013670894]
[0.0 'Conceptual' 1.2745843488368829 0.0036601637122689675 0.0 101 0 8 0
 0.0]
[3.8996348397256058 'Conceptual' 1.2745843488368829 0.0036601637122689675
 0.1694915254237288 101 0 8 1 3.8996348397256058]
[7.41126444193406 'Conceptual' 1.2745843488368829 0.0036601637122689675
 2.016949152542373 101 0 8 2 7.41126444193406]
[10.120612761435343 'Conceptual' 1.2745843488368829 0.0036601637122689675
 1.8644067796610169 101 0 8 3 10.120612761435343]
[12.119819042913536 'Conceptual' 1.2745843488368829 0.0036601637122689675
 1.7457627118644066 101 0 8 4 12.119819042913536]
[13.463661077331398 'Conceptual' 1.2745843488368829 0.0036601637122689675
 1.6101694915254237 101 0 8 5 13.463661077331398]
[14.229587659494044 'Conceptual' 1.2745843488368829 0.0036601637122689675
 1.5254237288135593 101 0 8 6 14.229587659494044]
[14.506794091032699 'Conceptual' 1.2745843488368829 0.0036601637122689675
 1.406779661016949 101 0 8 7 14.506794091032699]
[14.385343915892888 'Conceptual' 1.2745843488368829 0.0036601637122689675
 1.3389830508474576 101 0 8 8 14.385343915892888]
[13.954471193191546 'Conceptual' 1.2745843488368829 0.0036601637122689675
 1.2372881355932202 101 0 8 9 13.954471193191546]
[13.297452063154182 'Conceptual' 1.2745843488368829 0.0036601637122689675
 1.1016949152542372 101 0 8 10 13.297452063154182]
[12.114140751976763 'Conceptual' 1.2745843488368829 0.0036601637122689675
 0.1694915254237288 101 0 8 11 12.114140751976763]
[10.933639906928661 'Conceptual' 1.2745843488368829 0.0036601637122689675
 0.1694915254237288 101 0 8 12 10.933639906928661]
[9.8838104205257 'Conceptual' 1.2745843488368829 0.0036601637122689675
 0.1694915254237288 101 0 8 13 9.8838104205257]
[9.034947599901312 'Conceptual' 1.2745843488368829 0.0036601637122689675
 0.1694915254237288 101 0 8 14 9.034947599901312]
[13.775919236329411 'Conceptual' 1.2745843488368829 0.0036601637122689675
 0.1694915254237288 101 0 8 15 13.775919236329411]
[13.46752215704521 'Conceptual' 1.2745843488368829 0.0036601637122689675
 0.1694915254237288 101 0 8 16 13.46752215704521]
[13.405073005677288 'Conceptual' 1.2745843488368829 0.0036601637122689675
 0.1694915254237288 101 0 8 17 13.405073005677288]
[13.555363273098662 'Conceptual' 1.2745843488368829 0.0036601637122689675
 0.1694915254237288 101 0 8 18 13.555363273098662]
[13.878493013670894 'Conceptual' 1.2745843488368829 0.0036601637122689675
 0.1694915254237288 101 0 8 19 13.878493013670894]
