[0.0 'Spatial' 2.492911315711678 2.164790960757779 0.0 107 7 0 0 0.0]
[4.373266905447826 'Spatial' 2.492911315711678 2.164790960757779
 10.169491525423728 107 7 0 1 4.373266905447826]
[7.860402100647254 'Spatial' 2.492911315711678 2.164790960757779
 4.576271186440678 107 7 0 2 7.860402100647254]
[11.654521584696456 'Spatial' 2.492911315711678 2.164790960757779
 3.559322033898305 107 7 0 3 11.654521584696456]
[15.245946384503508 'Spatial' 2.492911315711678 2.164790960757779
 3.101694915254237 107 7 0 4 15.245946384503508]
[18.67358647504789 'Spatial' 2.492911315711678 2.164790960757779
 2.796610169491525 107 7 0 5 18.67358647504789]
[21.48872489627606 'Spatial' 2.492911315711678 2.164790960757779
 2.3559322033898304 107 7 0 6 21.48872489627606]
[25.135134577627475 'Spatial' 2.492911315711678 2.164790960757779
 2.4576271186440675 107 7 0 7 25.135134577627475]
[27.607417141500537 'Spatial' 2.492911315711678 2.164790960757779
 2.3559322033898304 107 7 0 8 27.607417141500537]
[29.752718248729806 'Spatial' 2.492911315711678 2.164790960757779
 2.254237288135593 107 7 0 9 29.752718248729806]
[31.544220442784784 'Spatial' 2.492911315711678 2.164790960757779
 1.711864406779661 107 7 0 10 31.544220442784784]
[33.0581854519621 'Spatial' 2.492911315711678 2.164790960757779
 1.6779661016949152 107 7 0 11 33.0581854519621]
[34.29158144546647 'Spatial' 2.492911315711678 2.164790960757779
 1.271186440677966 107 7 0 12 34.29158144546647]
[36.25901751893348 'Spatial' 2.492911315711678 2.164790960757779
 1.2372881355932202 107 7 0 13 36.25901751893348]
[37.21273457340368 'Spatial' 2.492911315711678 2.164790960757779
 1.1694915254237288 107 7 0 14 37.21273457340368]
[38.16510909198732 'Spatial' 2.492911315711678 2.164790960757779
 1.0677966101694913 107 7 0 15 38.16510909198732]
[39.1361909753235 'Spatial' 2.492911315711678 2.164790960757779
 0.9999999999999999 107 7 0 16 39.1361909753235]
[41.1817664214404 'Spatial' 2.492911315711678 2.164790960757779
 0.9322033898305084 107 7 0 17 41.1817664214404]
[42.42790030331338 'Spatial' 2.492911315711678 2.164790960757779
 0.8983050847457626 107 7 0 18 42.42790030331338]
[43.88559001228545 'Spatial' 2.492911315711678 2.164790960757779
 0.8983050847457626 107 7 0 19 43.88559001228545]
[0.0 'Spatial' 2.492911315711678 2.164790960757779 0.0 107 7 1 0 0.0]
[4.373266905447826 'Spatial' 2.492911315711678 2.164790960757779
 10.169491525423728 107 7 1 1 4.373266905447826]
[7.860402100647254 'Spatial' 2.492911315711678 2.164790960757779
 4.576271186440678 107 7 1 2 7.860402100647254]
[11.654521584696456 'Spatial' 2.492911315711678 2.164790960757779
 3.559322033898305 107 7 1 3 11.654521584696456]
[15.245946384503508 'Spatial' 2.492911315711678 2.164790960757779
 3.101694915254237 107 7 1 4 15.245946384503508]
[18.67358647504789 'Spatial' 2.492911315711678 2.164790960757779
 2.796610169491525 107 7 1 5 18.67358647504789]
[21.48872489627606 'Spatial' 2.492911315711678 2.164790960757779
 2.3559322033898304 107 7 1 6 21.48872489627606]
[25.135134577627475 'Spatial' 2.492911315711678 2.164790960757779
 2.4576271186440675 107 7 1 7 25.135134577627475]
[27.607417141500537 'Spatial' 2.492911315711678 2.164790960757779
 2.3559322033898304 107 7 1 8 27.607417141500537]
[29.752718248729806 'Spatial' 2.492911315711678 2.164790960757779
 2.254237288135593 107 7 1 9 29.752718248729806]
[31.544220442784784 'Spatial' 2.492911315711678 2.164790960757779
 1.711864406779661 107 7 1 10 31.544220442784784]
[33.0581854519621 'Spatial' 2.492911315711678 2.164790960757779
 1.6779661016949152 107 7 1 11 33.0581854519621]
[34.29158144546647 'Spatial' 2.492911315711678 2.164790960757779
 1.271186440677966 107 7 1 12 34.29158144546647]
[36.25901751893348 'Spatial' 2.492911315711678 2.164790960757779
 1.2372881355932202 107 7 1 13 36.25901751893348]
[37.21273457340368 'Spatial' 2.492911315711678 2.164790960757779
 1.1694915254237288 107 7 1 14 37.21273457340368]
[38.16510909198732 'Spatial' 2.492911315711678 2.164790960757779
 1.0677966101694913 107 7 1 15 38.16510909198732]
[39.1361909753235 'Spatial' 2.492911315711678 2.164790960757779
 0.9999999999999999 107 7 1 16 39.1361909753235]
[41.1817664214404 'Spatial' 2.492911315711678 2.164790960757779
 0.9322033898305084 107 7 1 17 41.1817664214404]
[42.42790030331338 'Spatial' 2.492911315711678 2.164790960757779
 0.8983050847457626 107 7 1 18 42.42790030331338]
[43.88559001228545 'Spatial' 2.492911315711678 2.164790960757779
 0.8983050847457626 107 7 1 19 43.88559001228545]
[0.0 'Spatial' 2.492911315711678 2.164790960757779 0.0 107 7 2 0 0.0]
[4.373266905447826 'Spatial' 2.492911315711678 2.164790960757779
 10.169491525423728 107 7 2 1 4.373266905447826]
[7.860402100647254 'Spatial' 2.492911315711678 2.164790960757779
 4.576271186440678 107 7 2 2 7.860402100647254]
[11.654521584696456 'Spatial' 2.492911315711678 2.164790960757779
 3.559322033898305 107 7 2 3 11.654521584696456]
[15.245946384503508 'Spatial' 2.492911315711678 2.164790960757779
 3.101694915254237 107 7 2 4 15.245946384503508]
[18.67358647504789 'Spatial' 2.492911315711678 2.164790960757779
 2.796610169491525 107 7 2 5 18.67358647504789]
[21.48872489627606 'Spatial' 2.492911315711678 2.164790960757779
 2.3559322033898304 107 7 2 6 21.48872489627606]
[25.135134577627475 'Spatial' 2.492911315711678 2.164790960757779
 2.4576271186440675 107 7 2 7 25.135134577627475]
[27.607417141500537 'Spatial' 2.492911315711678 2.164790960757779
 2.3559322033898304 107 7 2 8 27.607417141500537]
[29.752718248729806 'Spatial' 2.492911315711678 2.164790960757779
 2.254237288135593 107 7 2 9 29.752718248729806]
[31.544220442784784 'Spatial' 2.492911315711678 2.164790960757779
 1.711864406779661 107 7 2 10 31.544220442784784]
[33.0581854519621 'Spatial' 2.492911315711678 2.164790960757779
 1.6779661016949152 107 7 2 11 33.0581854519621]
[34.29158144546647 'Spatial' 2.492911315711678 2.164790960757779
 1.271186440677966 107 7 2 12 34.29158144546647]
[36.25901751893348 'Spatial' 2.492911315711678 2.164790960757779
 1.2372881355932202 107 7 2 13 36.25901751893348]
[37.21273457340368 'Spatial' 2.492911315711678 2.164790960757779
 1.1694915254237288 107 7 2 14 37.21273457340368]
[38.16510909198732 'Spatial' 2.492911315711678 2.164790960757779
 1.0677966101694913 107 7 2 15 38.16510909198732]
[39.1361909753235 'Spatial' 2.492911315711678 2.164790960757779
 0.9999999999999999 107 7 2 16 39.1361909753235]
[41.1817664214404 'Spatial' 2.492911315711678 2.164790960757779
 0.9322033898305084 107 7 2 17 41.1817664214404]
[42.42790030331338 'Spatial' 2.492911315711678 2.164790960757779
 0.8983050847457626 107 7 2 18 42.42790030331338]
[43.88559001228545 'Spatial' 2.492911315711678 2.164790960757779
 0.8983050847457626 107 7 2 19 43.88559001228545]
[0.0 'Spatial' 2.492911315711678 2.164790960757779 0.0 107 7 3 0 0.0]
[4.373266905447826 'Spatial' 2.492911315711678 2.164790960757779
 10.169491525423728 107 7 3 1 4.373266905447826]
[7.860402100647254 'Spatial' 2.492911315711678 2.164790960757779
 4.576271186440678 107 7 3 2 7.860402100647254]
[11.654521584696456 'Spatial' 2.492911315711678 2.164790960757779
 3.559322033898305 107 7 3 3 11.654521584696456]
[15.245946384503508 'Spatial' 2.492911315711678 2.164790960757779
 3.101694915254237 107 7 3 4 15.245946384503508]
[18.67358647504789 'Spatial' 2.492911315711678 2.164790960757779
 2.796610169491525 107 7 3 5 18.67358647504789]
[21.48872489627606 'Spatial' 2.492911315711678 2.164790960757779
 2.3559322033898304 107 7 3 6 21.48872489627606]
[25.135134577627475 'Spatial' 2.492911315711678 2.164790960757779
 2.4576271186440675 107 7 3 7 25.135134577627475]
[27.607417141500537 'Spatial' 2.492911315711678 2.164790960757779
 2.3559322033898304 107 7 3 8 27.607417141500537]
[29.752718248729806 'Spatial' 2.492911315711678 2.164790960757779
 2.254237288135593 107 7 3 9 29.752718248729806]
[31.544220442784784 'Spatial' 2.492911315711678 2.164790960757779
 1.711864406779661 107 7 3 10 31.544220442784784]
[33.0581854519621 'Spatial' 2.492911315711678 2.164790960757779
 1.6779661016949152 107 7 3 11 33.0581854519621]
[34.29158144546647 'Spatial' 2.492911315711678 2.164790960757779
 1.271186440677966 107 7 3 12 34.29158144546647]
[36.25901751893348 'Spatial' 2.492911315711678 2.164790960757779
 1.2372881355932202 107 7 3 13 36.25901751893348]
[37.21273457340368 'Spatial' 2.492911315711678 2.164790960757779
 1.1694915254237288 107 7 3 14 37.21273457340368]
[38.16510909198732 'Spatial' 2.492911315711678 2.164790960757779
 1.0677966101694913 107 7 3 15 38.16510909198732]
[39.1361909753235 'Spatial' 2.492911315711678 2.164790960757779
 0.9999999999999999 107 7 3 16 39.1361909753235]
[41.1817664214404 'Spatial' 2.492911315711678 2.164790960757779
 0.9322033898305084 107 7 3 17 41.1817664214404]
[42.42790030331338 'Spatial' 2.492911315711678 2.164790960757779
 0.8983050847457626 107 7 3 18 42.42790030331338]
[43.88559001228545 'Spatial' 2.492911315711678 2.164790960757779
 0.8983050847457626 107 7 3 19 43.88559001228545]
[0.0 'Spatial' 2.492911315711678 2.164790960757779 0.0 107 7 4 0 0.0]
[4.373266905447826 'Spatial' 2.492911315711678 2.164790960757779
 10.169491525423728 107 7 4 1 4.373266905447826]
[7.860402100647254 'Spatial' 2.492911315711678 2.164790960757779
 4.576271186440678 107 7 4 2 7.860402100647254]
[11.654521584696456 'Spatial' 2.492911315711678 2.164790960757779
 3.559322033898305 107 7 4 3 11.654521584696456]
[15.245946384503508 'Spatial' 2.492911315711678 2.164790960757779
 3.101694915254237 107 7 4 4 15.245946384503508]
[18.67358647504789 'Spatial' 2.492911315711678 2.164790960757779
 2.796610169491525 107 7 4 5 18.67358647504789]
[21.48872489627606 'Spatial' 2.492911315711678 2.164790960757779
 2.3559322033898304 107 7 4 6 21.48872489627606]
[25.135134577627475 'Spatial' 2.492911315711678 2.164790960757779
 2.4576271186440675 107 7 4 7 25.135134577627475]
[27.607417141500537 'Spatial' 2.492911315711678 2.164790960757779
 2.3559322033898304 107 7 4 8 27.607417141500537]
[29.752718248729806 'Spatial' 2.492911315711678 2.164790960757779
 2.254237288135593 107 7 4 9 29.752718248729806]
[31.544220442784784 'Spatial' 2.492911315711678 2.164790960757779
 1.711864406779661 107 7 4 10 31.544220442784784]
[33.0581854519621 'Spatial' 2.492911315711678 2.164790960757779
 1.6779661016949152 107 7 4 11 33.0581854519621]
[34.29158144546647 'Spatial' 2.492911315711678 2.164790960757779
 1.271186440677966 107 7 4 12 34.29158144546647]
[36.25901751893348 'Spatial' 2.492911315711678 2.164790960757779
 1.2372881355932202 107 7 4 13 36.25901751893348]
[37.21273457340368 'Spatial' 2.492911315711678 2.164790960757779
 1.1694915254237288 107 7 4 14 37.21273457340368]
[38.16510909198732 'Spatial' 2.492911315711678 2.164790960757779
 1.0677966101694913 107 7 4 15 38.16510909198732]
[39.1361909753235 'Spatial' 2.492911315711678 2.164790960757779
 0.9999999999999999 107 7 4 16 39.1361909753235]
[41.1817664214404 'Spatial' 2.492911315711678 2.164790960757779
 0.9322033898305084 107 7 4 17 41.1817664214404]
[42.42790030331338 'Spatial' 2.492911315711678 2.164790960757779
 0.8983050847457626 107 7 4 18 42.42790030331338]
[43.88559001228545 'Spatial' 2.492911315711678 2.164790960757779
 0.8983050847457626 107 7 4 19 43.88559001228545]
[0.0 'Spatial' 2.492911315711678 2.164790960757779 0.0 107 7 5 0 0.0]
[4.373266905447826 'Spatial' 2.492911315711678 2.164790960757779
 10.169491525423728 107 7 5 1 4.373266905447826]
[7.860402100647254 'Spatial' 2.492911315711678 2.164790960757779
 4.576271186440678 107 7 5 2 7.860402100647254]
[11.654521584696456 'Spatial' 2.492911315711678 2.164790960757779
 3.559322033898305 107 7 5 3 11.654521584696456]
[15.245946384503508 'Spatial' 2.492911315711678 2.164790960757779
 3.101694915254237 107 7 5 4 15.245946384503508]
[18.67358647504789 'Spatial' 2.492911315711678 2.164790960757779
 2.796610169491525 107 7 5 5 18.67358647504789]
[21.48872489627606 'Spatial' 2.492911315711678 2.164790960757779
 2.3559322033898304 107 7 5 6 21.48872489627606]
[25.135134577627475 'Spatial' 2.492911315711678 2.164790960757779
 2.4576271186440675 107 7 5 7 25.135134577627475]
[27.607417141500537 'Spatial' 2.492911315711678 2.164790960757779
 2.3559322033898304 107 7 5 8 27.607417141500537]
[29.752718248729806 'Spatial' 2.492911315711678 2.164790960757779
 2.254237288135593 107 7 5 9 29.752718248729806]
[31.544220442784784 'Spatial' 2.492911315711678 2.164790960757779
 1.711864406779661 107 7 5 10 31.544220442784784]
[33.0581854519621 'Spatial' 2.492911315711678 2.164790960757779
 1.6779661016949152 107 7 5 11 33.0581854519621]
[34.29158144546647 'Spatial' 2.492911315711678 2.164790960757779
 1.271186440677966 107 7 5 12 34.29158144546647]
[36.25901751893348 'Spatial' 2.492911315711678 2.164790960757779
 1.2372881355932202 107 7 5 13 36.25901751893348]
[37.21273457340368 'Spatial' 2.492911315711678 2.164790960757779
 1.1694915254237288 107 7 5 14 37.21273457340368]
[38.16510909198732 'Spatial' 2.492911315711678 2.164790960757779
 1.0677966101694913 107 7 5 15 38.16510909198732]
[39.1361909753235 'Spatial' 2.492911315711678 2.164790960757779
 0.9999999999999999 107 7 5 16 39.1361909753235]
[41.1817664214404 'Spatial' 2.492911315711678 2.164790960757779
 0.9322033898305084 107 7 5 17 41.1817664214404]
[42.42790030331338 'Spatial' 2.492911315711678 2.164790960757779
 0.8983050847457626 107 7 5 18 42.42790030331338]
[43.88559001228545 'Spatial' 2.492911315711678 2.164790960757779
 0.8983050847457626 107 7 5 19 43.88559001228545]
[0.0 'Spatial' 2.492911315711678 2.164790960757779 0.0 107 7 6 0 0.0]
[4.373266905447826 'Spatial' 2.492911315711678 2.164790960757779
 10.169491525423728 107 7 6 1 4.373266905447826]
[7.860402100647254 'Spatial' 2.492911315711678 2.164790960757779
 4.576271186440678 107 7 6 2 7.860402100647254]
[11.654521584696456 'Spatial' 2.492911315711678 2.164790960757779
 3.559322033898305 107 7 6 3 11.654521584696456]
[15.245946384503508 'Spatial' 2.492911315711678 2.164790960757779
 3.101694915254237 107 7 6 4 15.245946384503508]
[18.67358647504789 'Spatial' 2.492911315711678 2.164790960757779
 2.796610169491525 107 7 6 5 18.67358647504789]
[21.48872489627606 'Spatial' 2.492911315711678 2.164790960757779
 2.3559322033898304 107 7 6 6 21.48872489627606]
[25.135134577627475 'Spatial' 2.492911315711678 2.164790960757779
 2.4576271186440675 107 7 6 7 25.135134577627475]
[27.607417141500537 'Spatial' 2.492911315711678 2.164790960757779
 2.3559322033898304 107 7 6 8 27.607417141500537]
[29.752718248729806 'Spatial' 2.492911315711678 2.164790960757779
 2.254237288135593 107 7 6 9 29.752718248729806]
[31.544220442784784 'Spatial' 2.492911315711678 2.164790960757779
 1.711864406779661 107 7 6 10 31.544220442784784]
[33.0581854519621 'Spatial' 2.492911315711678 2.164790960757779
 1.6779661016949152 107 7 6 11 33.0581854519621]
[34.29158144546647 'Spatial' 2.492911315711678 2.164790960757779
 1.271186440677966 107 7 6 12 34.29158144546647]
[36.25901751893348 'Spatial' 2.492911315711678 2.164790960757779
 1.2372881355932202 107 7 6 13 36.25901751893348]
[37.21273457340368 'Spatial' 2.492911315711678 2.164790960757779
 1.1694915254237288 107 7 6 14 37.21273457340368]
[38.16510909198732 'Spatial' 2.492911315711678 2.164790960757779
 1.0677966101694913 107 7 6 15 38.16510909198732]
[39.1361909753235 'Spatial' 2.492911315711678 2.164790960757779
 0.9999999999999999 107 7 6 16 39.1361909753235]
[41.1817664214404 'Spatial' 2.492911315711678 2.164790960757779
 0.9322033898305084 107 7 6 17 41.1817664214404]
[42.42790030331338 'Spatial' 2.492911315711678 2.164790960757779
 0.8983050847457626 107 7 6 18 42.42790030331338]
[43.88559001228545 'Spatial' 2.492911315711678 2.164790960757779
 0.8983050847457626 107 7 6 19 43.88559001228545]
[0.0 'Spatial' 2.492911315711678 2.164790960757779 0.0 107 7 8 0 0.0]
[4.373266905447826 'Spatial' 2.492911315711678 2.164790960757779
 10.169491525423728 107 7 8 1 4.373266905447826]
[7.860402100647254 'Spatial' 2.492911315711678 2.164790960757779
 4.576271186440678 107 7 8 2 7.860402100647254]
[11.654521584696456 'Spatial' 2.492911315711678 2.164790960757779
 3.559322033898305 107 7 8 3 11.654521584696456]
[15.245946384503508 'Spatial' 2.492911315711678 2.164790960757779
 3.101694915254237 107 7 8 4 15.245946384503508]
[18.67358647504789 'Spatial' 2.492911315711678 2.164790960757779
 2.796610169491525 107 7 8 5 18.67358647504789]
[21.48872489627606 'Spatial' 2.492911315711678 2.164790960757779
 2.3559322033898304 107 7 8 6 21.48872489627606]
[25.135134577627475 'Spatial' 2.492911315711678 2.164790960757779
 2.4576271186440675 107 7 8 7 25.135134577627475]
[27.607417141500537 'Spatial' 2.492911315711678 2.164790960757779
 2.3559322033898304 107 7 8 8 27.607417141500537]
[29.752718248729806 'Spatial' 2.492911315711678 2.164790960757779
 2.254237288135593 107 7 8 9 29.752718248729806]
[31.544220442784784 'Spatial' 2.492911315711678 2.164790960757779
 1.711864406779661 107 7 8 10 31.544220442784784]
[33.0581854519621 'Spatial' 2.492911315711678 2.164790960757779
 1.6779661016949152 107 7 8 11 33.0581854519621]
[34.29158144546647 'Spatial' 2.492911315711678 2.164790960757779
 1.271186440677966 107 7 8 12 34.29158144546647]
[36.25901751893348 'Spatial' 2.492911315711678 2.164790960757779
 1.2372881355932202 107 7 8 13 36.25901751893348]
[37.21273457340368 'Spatial' 2.492911315711678 2.164790960757779
 1.1694915254237288 107 7 8 14 37.21273457340368]
[38.16510909198732 'Spatial' 2.492911315711678 2.164790960757779
 1.0677966101694913 107 7 8 15 38.16510909198732]
[39.1361909753235 'Spatial' 2.492911315711678 2.164790960757779
 0.9999999999999999 107 7 8 16 39.1361909753235]
[41.1817664214404 'Spatial' 2.492911315711678 2.164790960757779
 0.9322033898305084 107 7 8 17 41.1817664214404]
[42.42790030331338 'Spatial' 2.492911315711678 2.164790960757779
 0.8983050847457626 107 7 8 18 42.42790030331338]
[43.88559001228545 'Spatial' 2.492911315711678 2.164790960757779
 0.8983050847457626 107 7 8 19 43.88559001228545]
