[0.0 'Conceptual' 1.2478126797201707 0.009689710840691753 0.0 9 4 0 0 0.0]
[4.103338922339282 'Conceptual' 1.2478126797201707 0.009689710840691753
 0.1694915254237288 9 4 0 1 4.103338922339282]
[8.270620641495912 'Conceptual' 1.2478126797201707 0.009689710840691753
 0.1694915254237288 9 4 0 2 8.270620641495912]
[12.231044633249308 'Conceptual' 1.2478126797201707 0.009689710840691753
 2.254237288135593 9 4 0 3 12.231044633249308]
[15.8273237248964 'Conceptual' 1.2478126797201707 0.009689710840691753
 1.5254237288135593 9 4 0 4 15.8273237248964]
[19.000010578759614 'Conceptual' 1.2478126797201707 0.009689710840691753
 1.6101694915254237 9 4 0 5 19.000010578759614]
[21.48167532247296 'Conceptual' 1.2478126797201707 0.009689710840691753
 1.5084745762711864 9 4 0 6 21.48167532247296]
[23.29368036226426 'Conceptual' 1.2478126797201707 0.009689710840691753
 1.3559322033898304 9 4 0 7 23.29368036226426]
[24.48195336522692 'Conceptual' 1.2478126797201707 0.009689710840691753
 1.2372881355932202 9 4 0 8 24.48195336522692]
[25.12050140918295 'Conceptual' 1.2478126797201707 0.009689710840691753
 1.1694915254237288 9 4 0 9 25.12050140918295]
[25.314548464539264 'Conceptual' 1.2478126797201707 0.009689710840691753
 1.0677966101694913 9 4 0 10 25.314548464539264]
[29.963067960245084 'Conceptual' 1.2478126797201707 0.009689710840691753
 1.0677966101694913 9 4 0 11 29.963067960245084]
[29.936602266632732 'Conceptual' 1.2478126797201707 0.009689710840691753
 0.9999999999999999 9 4 0 12 29.936602266632732]
[29.736602507744678 'Conceptual' 1.2478126797201707 0.009689710840691753
 0.8983050847457626 9 4 0 13 29.736602507744678]
[29.478008853826896 'Conceptual' 1.2478126797201707 0.009689710840691753
 0.8983050847457626 9 4 0 14 29.478008853826896]
[31.89670347037162 'Conceptual' 1.2478126797201707 0.009689710840691753
 0.8983050847457626 9 4 0 15 31.89670347037162]
[37.14321943454169 'Conceptual' 1.2478126797201707 0.009689710840691753
 0.847457627118644 9 4 0 16 37.14321943454169]
[37.50278936166131 'Conceptual' 1.2478126797201707 0.009689710840691753
 0.8305084745762711 9 4 0 17 37.50278936166131]
[38.01657140049691 'Conceptual' 1.2478126797201707 0.009689710840691753
 0.7288135593220338 9 4 0 18 38.01657140049691]
[38.761605140375714 'Conceptual' 1.2478126797201707 0.009689710840691753
 0.6779661016949152 9 4 0 19 38.761605140375714]
[0.0 'Conceptual' 1.2478126797201707 0.009689710840691753 0.0 9 4 1 0 0.0]
[4.103338922339282 'Conceptual' 1.2478126797201707 0.009689710840691753
 0.1694915254237288 9 4 1 1 4.103338922339282]
[8.270620641495912 'Conceptual' 1.2478126797201707 0.009689710840691753
 0.1694915254237288 9 4 1 2 8.270620641495912]
[12.231044633249308 'Conceptual' 1.2478126797201707 0.009689710840691753
 2.254237288135593 9 4 1 3 12.231044633249308]
[15.8273237248964 'Conceptual' 1.2478126797201707 0.009689710840691753
 1.5254237288135593 9 4 1 4 15.8273237248964]
[19.000010578759614 'Conceptual' 1.2478126797201707 0.009689710840691753
 1.6101694915254237 9 4 1 5 19.000010578759614]
[21.48167532247296 'Conceptual' 1.2478126797201707 0.009689710840691753
 1.5084745762711864 9 4 1 6 21.48167532247296]
[23.29368036226426 'Conceptual' 1.2478126797201707 0.009689710840691753
 1.3559322033898304 9 4 1 7 23.29368036226426]
[24.48195336522692 'Conceptual' 1.2478126797201707 0.009689710840691753
 1.2372881355932202 9 4 1 8 24.48195336522692]
[25.12050140918295 'Conceptual' 1.2478126797201707 0.009689710840691753
 1.1694915254237288 9 4 1 9 25.12050140918295]
[25.314548464539264 'Conceptual' 1.2478126797201707 0.009689710840691753
 1.0677966101694913 9 4 1 10 25.314548464539264]
[29.963067960245084 'Conceptual' 1.2478126797201707 0.009689710840691753
 1.0677966101694913 9 4 1 11 29.963067960245084]
[29.936602266632732 'Conceptual' 1.2478126797201707 0.009689710840691753
 0.9999999999999999 9 4 1 12 29.936602266632732]
[29.736602507744678 'Conceptual' 1.2478126797201707 0.009689710840691753
 0.8983050847457626 9 4 1 13 29.736602507744678]
[29.478008853826896 'Conceptual' 1.2478126797201707 0.009689710840691753
 0.8983050847457626 9 4 1 14 29.478008853826896]
[31.89670347037162 'Conceptual' 1.2478126797201707 0.009689710840691753
 0.8983050847457626 9 4 1 15 31.89670347037162]
[37.14321943454169 'Conceptual' 1.2478126797201707 0.009689710840691753
 0.847457627118644 9 4 1 16 37.14321943454169]
[37.50278936166131 'Conceptual' 1.2478126797201707 0.009689710840691753
 0.8305084745762711 9 4 1 17 37.50278936166131]
[38.01657140049691 'Conceptual' 1.2478126797201707 0.009689710840691753
 0.7288135593220338 9 4 1 18 38.01657140049691]
[38.761605140375714 'Conceptual' 1.2478126797201707 0.009689710840691753
 0.6779661016949152 9 4 1 19 38.761605140375714]
[0.0 'Conceptual' 1.2478126797201707 0.009689710840691753 0.0 9 4 2 0 0.0]
[4.103338922339282 'Conceptual' 1.2478126797201707 0.009689710840691753
 0.1694915254237288 9 4 2 1 4.103338922339282]
[8.270620641495912 'Conceptual' 1.2478126797201707 0.009689710840691753
 0.1694915254237288 9 4 2 2 8.270620641495912]
[12.231044633249308 'Conceptual' 1.2478126797201707 0.009689710840691753
 2.254237288135593 9 4 2 3 12.231044633249308]
[15.8273237248964 'Conceptual' 1.2478126797201707 0.009689710840691753
 1.5254237288135593 9 4 2 4 15.8273237248964]
[19.000010578759614 'Conceptual' 1.2478126797201707 0.009689710840691753
 1.6101694915254237 9 4 2 5 19.000010578759614]
[21.48167532247296 'Conceptual' 1.2478126797201707 0.009689710840691753
 1.5084745762711864 9 4 2 6 21.48167532247296]
[23.29368036226426 'Conceptual' 1.2478126797201707 0.009689710840691753
 1.3559322033898304 9 4 2 7 23.29368036226426]
[24.48195336522692 'Conceptual' 1.2478126797201707 0.009689710840691753
 1.2372881355932202 9 4 2 8 24.48195336522692]
[25.12050140918295 'Conceptual' 1.2478126797201707 0.009689710840691753
 1.1694915254237288 9 4 2 9 25.12050140918295]
[25.314548464539264 'Conceptual' 1.2478126797201707 0.009689710840691753
 1.0677966101694913 9 4 2 10 25.314548464539264]
[29.963067960245084 'Conceptual' 1.2478126797201707 0.009689710840691753
 1.0677966101694913 9 4 2 11 29.963067960245084]
[29.936602266632732 'Conceptual' 1.2478126797201707 0.009689710840691753
 0.9999999999999999 9 4 2 12 29.936602266632732]
[29.736602507744678 'Conceptual' 1.2478126797201707 0.009689710840691753
 0.8983050847457626 9 4 2 13 29.736602507744678]
[29.478008853826896 'Conceptual' 1.2478126797201707 0.009689710840691753
 0.8983050847457626 9 4 2 14 29.478008853826896]
[31.89670347037162 'Conceptual' 1.2478126797201707 0.009689710840691753
 0.8983050847457626 9 4 2 15 31.89670347037162]
[37.14321943454169 'Conceptual' 1.2478126797201707 0.009689710840691753
 0.847457627118644 9 4 2 16 37.14321943454169]
[37.50278936166131 'Conceptual' 1.2478126797201707 0.009689710840691753
 0.8305084745762711 9 4 2 17 37.50278936166131]
[38.01657140049691 'Conceptual' 1.2478126797201707 0.009689710840691753
 0.7288135593220338 9 4 2 18 38.01657140049691]
[38.761605140375714 'Conceptual' 1.2478126797201707 0.009689710840691753
 0.6779661016949152 9 4 2 19 38.761605140375714]
[0.0 'Conceptual' 1.2478126797201707 0.009689710840691753 0.0 9 4 3 0 0.0]
[4.103338922339282 'Conceptual' 1.2478126797201707 0.009689710840691753
 0.1694915254237288 9 4 3 1 4.103338922339282]
[8.270620641495912 'Conceptual' 1.2478126797201707 0.009689710840691753
 0.1694915254237288 9 4 3 2 8.270620641495912]
[12.231044633249308 'Conceptual' 1.2478126797201707 0.009689710840691753
 2.254237288135593 9 4 3 3 12.231044633249308]
[15.8273237248964 'Conceptual' 1.2478126797201707 0.009689710840691753
 1.5254237288135593 9 4 3 4 15.8273237248964]
[19.000010578759614 'Conceptual' 1.2478126797201707 0.009689710840691753
 1.6101694915254237 9 4 3 5 19.000010578759614]
[21.48167532247296 'Conceptual' 1.2478126797201707 0.009689710840691753
 1.5084745762711864 9 4 3 6 21.48167532247296]
[23.29368036226426 'Conceptual' 1.2478126797201707 0.009689710840691753
 1.3559322033898304 9 4 3 7 23.29368036226426]
[24.48195336522692 'Conceptual' 1.2478126797201707 0.009689710840691753
 1.2372881355932202 9 4 3 8 24.48195336522692]
[25.12050140918295 'Conceptual' 1.2478126797201707 0.009689710840691753
 1.1694915254237288 9 4 3 9 25.12050140918295]
[25.314548464539264 'Conceptual' 1.2478126797201707 0.009689710840691753
 1.0677966101694913 9 4 3 10 25.314548464539264]
[29.963067960245084 'Conceptual' 1.2478126797201707 0.009689710840691753
 1.0677966101694913 9 4 3 11 29.963067960245084]
[29.936602266632732 'Conceptual' 1.2478126797201707 0.009689710840691753
 0.9999999999999999 9 4 3 12 29.936602266632732]
[29.736602507744678 'Conceptual' 1.2478126797201707 0.009689710840691753
 0.8983050847457626 9 4 3 13 29.736602507744678]
[29.478008853826896 'Conceptual' 1.2478126797201707 0.009689710840691753
 0.8983050847457626 9 4 3 14 29.478008853826896]
[31.89670347037162 'Conceptual' 1.2478126797201707 0.009689710840691753
 0.8983050847457626 9 4 3 15 31.89670347037162]
[37.14321943454169 'Conceptual' 1.2478126797201707 0.009689710840691753
 0.847457627118644 9 4 3 16 37.14321943454169]
[37.50278936166131 'Conceptual' 1.2478126797201707 0.009689710840691753
 0.8305084745762711 9 4 3 17 37.50278936166131]
[38.01657140049691 'Conceptual' 1.2478126797201707 0.009689710840691753
 0.7288135593220338 9 4 3 18 38.01657140049691]
[38.761605140375714 'Conceptual' 1.2478126797201707 0.009689710840691753
 0.6779661016949152 9 4 3 19 38.761605140375714]
[0.0 'Conceptual' 1.2478126797201707 0.009689710840691753 0.0 9 4 5 0 0.0]
[4.103338922339282 'Conceptual' 1.2478126797201707 0.009689710840691753
 0.1694915254237288 9 4 5 1 4.103338922339282]
[8.270620641495912 'Conceptual' 1.2478126797201707 0.009689710840691753
 0.1694915254237288 9 4 5 2 8.270620641495912]
[12.231044633249308 'Conceptual' 1.2478126797201707 0.009689710840691753
 2.254237288135593 9 4 5 3 12.231044633249308]
[15.8273237248964 'Conceptual' 1.2478126797201707 0.009689710840691753
 1.5254237288135593 9 4 5 4 15.8273237248964]
[19.000010578759614 'Conceptual' 1.2478126797201707 0.009689710840691753
 1.6101694915254237 9 4 5 5 19.000010578759614]
[21.48167532247296 'Conceptual' 1.2478126797201707 0.009689710840691753
 1.5084745762711864 9 4 5 6 21.48167532247296]
[23.29368036226426 'Conceptual' 1.2478126797201707 0.009689710840691753
 1.3559322033898304 9 4 5 7 23.29368036226426]
[24.48195336522692 'Conceptual' 1.2478126797201707 0.009689710840691753
 1.2372881355932202 9 4 5 8 24.48195336522692]
[25.12050140918295 'Conceptual' 1.2478126797201707 0.009689710840691753
 1.1694915254237288 9 4 5 9 25.12050140918295]
[25.314548464539264 'Conceptual' 1.2478126797201707 0.009689710840691753
 1.0677966101694913 9 4 5 10 25.314548464539264]
[29.963067960245084 'Conceptual' 1.2478126797201707 0.009689710840691753
 1.0677966101694913 9 4 5 11 29.963067960245084]
[29.936602266632732 'Conceptual' 1.2478126797201707 0.009689710840691753
 0.9999999999999999 9 4 5 12 29.936602266632732]
[29.736602507744678 'Conceptual' 1.2478126797201707 0.009689710840691753
 0.8983050847457626 9 4 5 13 29.736602507744678]
[29.478008853826896 'Conceptual' 1.2478126797201707 0.009689710840691753
 0.8983050847457626 9 4 5 14 29.478008853826896]
[31.89670347037162 'Conceptual' 1.2478126797201707 0.009689710840691753
 0.8983050847457626 9 4 5 15 31.89670347037162]
[37.14321943454169 'Conceptual' 1.2478126797201707 0.009689710840691753
 0.847457627118644 9 4 5 16 37.14321943454169]
[37.50278936166131 'Conceptual' 1.2478126797201707 0.009689710840691753
 0.8305084745762711 9 4 5 17 37.50278936166131]
[38.01657140049691 'Conceptual' 1.2478126797201707 0.009689710840691753
 0.7288135593220338 9 4 5 18 38.01657140049691]
[38.761605140375714 'Conceptual' 1.2478126797201707 0.009689710840691753
 0.6779661016949152 9 4 5 19 38.761605140375714]
[0.0 'Conceptual' 1.2478126797201707 0.009689710840691753 0.0 9 4 6 0 0.0]
[4.103338922339282 'Conceptual' 1.2478126797201707 0.009689710840691753
 0.1694915254237288 9 4 6 1 4.103338922339282]
[8.270620641495912 'Conceptual' 1.2478126797201707 0.009689710840691753
 0.1694915254237288 9 4 6 2 8.270620641495912]
[12.231044633249308 'Conceptual' 1.2478126797201707 0.009689710840691753
 2.254237288135593 9 4 6 3 12.231044633249308]
[15.8273237248964 'Conceptual' 1.2478126797201707 0.009689710840691753
 1.5254237288135593 9 4 6 4 15.8273237248964]
[19.000010578759614 'Conceptual' 1.2478126797201707 0.009689710840691753
 1.6101694915254237 9 4 6 5 19.000010578759614]
[21.48167532247296 'Conceptual' 1.2478126797201707 0.009689710840691753
 1.5084745762711864 9 4 6 6 21.48167532247296]
[23.29368036226426 'Conceptual' 1.2478126797201707 0.009689710840691753
 1.3559322033898304 9 4 6 7 23.29368036226426]
[24.48195336522692 'Conceptual' 1.2478126797201707 0.009689710840691753
 1.2372881355932202 9 4 6 8 24.48195336522692]
[25.12050140918295 'Conceptual' 1.2478126797201707 0.009689710840691753
 1.1694915254237288 9 4 6 9 25.12050140918295]
[25.314548464539264 'Conceptual' 1.2478126797201707 0.009689710840691753
 1.0677966101694913 9 4 6 10 25.314548464539264]
[29.963067960245084 'Conceptual' 1.2478126797201707 0.009689710840691753
 1.0677966101694913 9 4 6 11 29.963067960245084]
[29.936602266632732 'Conceptual' 1.2478126797201707 0.009689710840691753
 0.9999999999999999 9 4 6 12 29.936602266632732]
[29.736602507744678 'Conceptual' 1.2478126797201707 0.009689710840691753
 0.8983050847457626 9 4 6 13 29.736602507744678]
[29.478008853826896 'Conceptual' 1.2478126797201707 0.009689710840691753
 0.8983050847457626 9 4 6 14 29.478008853826896]
[31.89670347037162 'Conceptual' 1.2478126797201707 0.009689710840691753
 0.8983050847457626 9 4 6 15 31.89670347037162]
[37.14321943454169 'Conceptual' 1.2478126797201707 0.009689710840691753
 0.847457627118644 9 4 6 16 37.14321943454169]
[37.50278936166131 'Conceptual' 1.2478126797201707 0.009689710840691753
 0.8305084745762711 9 4 6 17 37.50278936166131]
[38.01657140049691 'Conceptual' 1.2478126797201707 0.009689710840691753
 0.7288135593220338 9 4 6 18 38.01657140049691]
[38.761605140375714 'Conceptual' 1.2478126797201707 0.009689710840691753
 0.6779661016949152 9 4 6 19 38.761605140375714]
[0.0 'Conceptual' 1.2478126797201707 0.009689710840691753 0.0 9 4 7 0 0.0]
[4.103338922339282 'Conceptual' 1.2478126797201707 0.009689710840691753
 0.1694915254237288 9 4 7 1 4.103338922339282]
[8.270620641495912 'Conceptual' 1.2478126797201707 0.009689710840691753
 0.1694915254237288 9 4 7 2 8.270620641495912]
[12.231044633249308 'Conceptual' 1.2478126797201707 0.009689710840691753
 2.254237288135593 9 4 7 3 12.231044633249308]
[15.8273237248964 'Conceptual' 1.2478126797201707 0.009689710840691753
 1.5254237288135593 9 4 7 4 15.8273237248964]
[19.000010578759614 'Conceptual' 1.2478126797201707 0.009689710840691753
 1.6101694915254237 9 4 7 5 19.000010578759614]
[21.48167532247296 'Conceptual' 1.2478126797201707 0.009689710840691753
 1.5084745762711864 9 4 7 6 21.48167532247296]
[23.29368036226426 'Conceptual' 1.2478126797201707 0.009689710840691753
 1.3559322033898304 9 4 7 7 23.29368036226426]
[24.48195336522692 'Conceptual' 1.2478126797201707 0.009689710840691753
 1.2372881355932202 9 4 7 8 24.48195336522692]
[25.12050140918295 'Conceptual' 1.2478126797201707 0.009689710840691753
 1.1694915254237288 9 4 7 9 25.12050140918295]
[25.314548464539264 'Conceptual' 1.2478126797201707 0.009689710840691753
 1.0677966101694913 9 4 7 10 25.314548464539264]
[29.963067960245084 'Conceptual' 1.2478126797201707 0.009689710840691753
 1.0677966101694913 9 4 7 11 29.963067960245084]
[29.936602266632732 'Conceptual' 1.2478126797201707 0.009689710840691753
 0.9999999999999999 9 4 7 12 29.936602266632732]
[29.736602507744678 'Conceptual' 1.2478126797201707 0.009689710840691753
 0.8983050847457626 9 4 7 13 29.736602507744678]
[29.478008853826896 'Conceptual' 1.2478126797201707 0.009689710840691753
 0.8983050847457626 9 4 7 14 29.478008853826896]
[31.89670347037162 'Conceptual' 1.2478126797201707 0.009689710840691753
 0.8983050847457626 9 4 7 15 31.89670347037162]
[37.14321943454169 'Conceptual' 1.2478126797201707 0.009689710840691753
 0.847457627118644 9 4 7 16 37.14321943454169]
[37.50278936166131 'Conceptual' 1.2478126797201707 0.009689710840691753
 0.8305084745762711 9 4 7 17 37.50278936166131]
[38.01657140049691 'Conceptual' 1.2478126797201707 0.009689710840691753
 0.7288135593220338 9 4 7 18 38.01657140049691]
[38.761605140375714 'Conceptual' 1.2478126797201707 0.009689710840691753
 0.6779661016949152 9 4 7 19 38.761605140375714]
[0.0 'Conceptual' 1.2478126797201707 0.009689710840691753 0.0 9 4 8 0 0.0]
[4.103338922339282 'Conceptual' 1.2478126797201707 0.009689710840691753
 0.1694915254237288 9 4 8 1 4.103338922339282]
[8.270620641495912 'Conceptual' 1.2478126797201707 0.009689710840691753
 0.1694915254237288 9 4 8 2 8.270620641495912]
[12.231044633249308 'Conceptual' 1.2478126797201707 0.009689710840691753
 2.254237288135593 9 4 8 3 12.231044633249308]
[15.8273237248964 'Conceptual' 1.2478126797201707 0.009689710840691753
 1.5254237288135593 9 4 8 4 15.8273237248964]
[19.000010578759614 'Conceptual' 1.2478126797201707 0.009689710840691753
 1.6101694915254237 9 4 8 5 19.000010578759614]
[21.48167532247296 'Conceptual' 1.2478126797201707 0.009689710840691753
 1.5084745762711864 9 4 8 6 21.48167532247296]
[23.29368036226426 'Conceptual' 1.2478126797201707 0.009689710840691753
 1.3559322033898304 9 4 8 7 23.29368036226426]
[24.48195336522692 'Conceptual' 1.2478126797201707 0.009689710840691753
 1.2372881355932202 9 4 8 8 24.48195336522692]
[25.12050140918295 'Conceptual' 1.2478126797201707 0.009689710840691753
 1.1694915254237288 9 4 8 9 25.12050140918295]
[25.314548464539264 'Conceptual' 1.2478126797201707 0.009689710840691753
 1.0677966101694913 9 4 8 10 25.314548464539264]
[29.963067960245084 'Conceptual' 1.2478126797201707 0.009689710840691753
 1.0677966101694913 9 4 8 11 29.963067960245084]
[29.936602266632732 'Conceptual' 1.2478126797201707 0.009689710840691753
 0.9999999999999999 9 4 8 12 29.936602266632732]
[29.736602507744678 'Conceptual' 1.2478126797201707 0.009689710840691753
 0.8983050847457626 9 4 8 13 29.736602507744678]
[29.478008853826896 'Conceptual' 1.2478126797201707 0.009689710840691753
 0.8983050847457626 9 4 8 14 29.478008853826896]
[31.89670347037162 'Conceptual' 1.2478126797201707 0.009689710840691753
 0.8983050847457626 9 4 8 15 31.89670347037162]
[37.14321943454169 'Conceptual' 1.2478126797201707 0.009689710840691753
 0.847457627118644 9 4 8 16 37.14321943454169]
[37.50278936166131 'Conceptual' 1.2478126797201707 0.009689710840691753
 0.8305084745762711 9 4 8 17 37.50278936166131]
[38.01657140049691 'Conceptual' 1.2478126797201707 0.009689710840691753
 0.7288135593220338 9 4 8 18 38.01657140049691]
[38.761605140375714 'Conceptual' 1.2478126797201707 0.009689710840691753
 0.6779661016949152 9 4 8 19 38.761605140375714]
