[0.0 'Spatial' 1.4805250998303572 0.0283799287110923 0.0 106 5 0 0 0.0]
[4.144274823232557 'Spatial' 1.4805250998303572 0.0283799287110923
 0.1694915254237288 106 5 0 1 4.144274823232557]
[8.14833246069508 'Spatial' 1.4805250998303572 0.0283799287110923
 1.1694915254237288 106 5 0 2 8.14833246069508]
[12.010878633489016 'Spatial' 1.4805250998303572 0.0283799287110923
 1.271186440677966 106 5 0 3 12.010878633489016]
[15.736627190282952 'Spatial' 1.4805250998303572 0.0283799287110923
 1.5084745762711864 106 5 0 4 15.736627190282952]
[19.04289065254493 'Spatial' 1.4805250998303572 0.0283799287110923
 1.5254237288135593 106 5 0 5 19.04289065254493]
[21.959403451933927 'Spatial' 1.4805250998303572 0.0283799287110923
 1.4406779661016949 106 5 0 6 21.959403451933927]
[24.802769397569854 'Spatial' 1.4805250998303572 0.0283799287110923
 1.6779661016949152 106 5 0 7 24.802769397569854]
[27.007586908569632 'Spatial' 1.4805250998303572 0.0283799287110923
 1.6779661016949152 106 5 0 8 27.007586908569632]
[28.97042285651626 'Spatial' 1.4805250998303572 0.0283799287110923
 1.5762711864406778 106 5 0 9 28.97042285651626]
[30.553710293629706 'Spatial' 1.4805250998303572 0.0283799287110923
 1.5254237288135593 106 5 0 10 30.553710293629706]
[31.890638965316853 'Spatial' 1.4805250998303572 0.0283799287110923
 1.5762711864406778 106 5 0 11 31.890638965316853]
[32.908777091250364 'Spatial' 1.4805250998303572 0.0283799287110923
 1.5762711864406778 106 5 0 12 32.908777091250364]
[37.94964753141946 'Spatial' 1.4805250998303572 0.0283799287110923
 1.5254237288135593 106 5 0 13 37.94964753141946]
[38.9463116163558 'Spatial' 1.4805250998303572 0.0283799287110923
 1.5084745762711864 106 5 0 14 38.9463116163558]
[39.85572285538908 'Spatial' 1.4805250998303572 0.0283799287110923
 1.4406779661016949 106 5 0 15 39.85572285538908]
[40.7412191897172 'Spatial' 1.4805250998303572 0.0283799287110923
 1.4406779661016949 106 5 0 16 40.7412191897172]
[41.679549113533874 'Spatial' 1.4805250998303572 0.0283799287110923
 1.406779661016949 106 5 0 17 41.679549113533874]
[42.702971447521946 'Spatial' 1.4805250998303572 0.0283799287110923
 1.3389830508474576 106 5 0 18 42.702971447521946]
[43.809720144078995 'Spatial' 1.4805250998303572 0.0283799287110923
 1.1694915254237288 106 5 0 19 43.809720144078995]
[0.0 'Spatial' 1.4805250998303572 0.0283799287110923 0.0 106 5 1 0 0.0]
[4.144274823232557 'Spatial' 1.4805250998303572 0.0283799287110923
 0.1694915254237288 106 5 1 1 4.144274823232557]
[8.14833246069508 'Spatial' 1.4805250998303572 0.0283799287110923
 1.1694915254237288 106 5 1 2 8.14833246069508]
[12.010878633489016 'Spatial' 1.4805250998303572 0.0283799287110923
 1.271186440677966 106 5 1 3 12.010878633489016]
[15.736627190282952 'Spatial' 1.4805250998303572 0.0283799287110923
 1.5084745762711864 106 5 1 4 15.736627190282952]
[19.04289065254493 'Spatial' 1.4805250998303572 0.0283799287110923
 1.5254237288135593 106 5 1 5 19.04289065254493]
[21.959403451933927 'Spatial' 1.4805250998303572 0.0283799287110923
 1.4406779661016949 106 5 1 6 21.959403451933927]
[24.802769397569854 'Spatial' 1.4805250998303572 0.0283799287110923
 1.6779661016949152 106 5 1 7 24.802769397569854]
[27.007586908569632 'Spatial' 1.4805250998303572 0.0283799287110923
 1.6779661016949152 106 5 1 8 27.007586908569632]
[28.97042285651626 'Spatial' 1.4805250998303572 0.0283799287110923
 1.5762711864406778 106 5 1 9 28.97042285651626]
[30.553710293629706 'Spatial' 1.4805250998303572 0.0283799287110923
 1.5254237288135593 106 5 1 10 30.553710293629706]
[31.890638965316853 'Spatial' 1.4805250998303572 0.0283799287110923
 1.5762711864406778 106 5 1 11 31.890638965316853]
[32.908777091250364 'Spatial' 1.4805250998303572 0.0283799287110923
 1.5762711864406778 106 5 1 12 32.908777091250364]
[37.94964753141946 'Spatial' 1.4805250998303572 0.0283799287110923
 1.5254237288135593 106 5 1 13 37.94964753141946]
[38.9463116163558 'Spatial' 1.4805250998303572 0.0283799287110923
 1.5084745762711864 106 5 1 14 38.9463116163558]
[39.85572285538908 'Spatial' 1.4805250998303572 0.0283799287110923
 1.4406779661016949 106 5 1 15 39.85572285538908]
[40.7412191897172 'Spatial' 1.4805250998303572 0.0283799287110923
 1.4406779661016949 106 5 1 16 40.7412191897172]
[41.679549113533874 'Spatial' 1.4805250998303572 0.0283799287110923
 1.406779661016949 106 5 1 17 41.679549113533874]
[42.702971447521946 'Spatial' 1.4805250998303572 0.0283799287110923
 1.3389830508474576 106 5 1 18 42.702971447521946]
[43.809720144078995 'Spatial' 1.4805250998303572 0.0283799287110923
 1.1694915254237288 106 5 1 19 43.809720144078995]
[0.0 'Spatial' 1.4805250998303572 0.0283799287110923 0.0 106 5 2 0 0.0]
[4.144274823232557 'Spatial' 1.4805250998303572 0.0283799287110923
 0.1694915254237288 106 5 2 1 4.144274823232557]
[8.14833246069508 'Spatial' 1.4805250998303572 0.0283799287110923
 1.1694915254237288 106 5 2 2 8.14833246069508]
[12.010878633489016 'Spatial' 1.4805250998303572 0.0283799287110923
 1.271186440677966 106 5 2 3 12.010878633489016]
[15.736627190282952 'Spatial' 1.4805250998303572 0.0283799287110923
 1.5084745762711864 106 5 2 4 15.736627190282952]
[19.04289065254493 'Spatial' 1.4805250998303572 0.0283799287110923
 1.5254237288135593 106 5 2 5 19.04289065254493]
[21.959403451933927 'Spatial' 1.4805250998303572 0.0283799287110923
 1.4406779661016949 106 5 2 6 21.959403451933927]
[24.802769397569854 'Spatial' 1.4805250998303572 0.0283799287110923
 1.6779661016949152 106 5 2 7 24.802769397569854]
[27.007586908569632 'Spatial' 1.4805250998303572 0.0283799287110923
 1.6779661016949152 106 5 2 8 27.007586908569632]
[28.97042285651626 'Spatial' 1.4805250998303572 0.0283799287110923
 1.5762711864406778 106 5 2 9 28.97042285651626]
[30.553710293629706 'Spatial' 1.4805250998303572 0.0283799287110923
 1.5254237288135593 106 5 2 10 30.553710293629706]
[31.890638965316853 'Spatial' 1.4805250998303572 0.0283799287110923
 1.5762711864406778 106 5 2 11 31.890638965316853]
[32.908777091250364 'Spatial' 1.4805250998303572 0.0283799287110923
 1.5762711864406778 106 5 2 12 32.908777091250364]
[37.94964753141946 'Spatial' 1.4805250998303572 0.0283799287110923
 1.5254237288135593 106 5 2 13 37.94964753141946]
[38.9463116163558 'Spatial' 1.4805250998303572 0.0283799287110923
 1.5084745762711864 106 5 2 14 38.9463116163558]
[39.85572285538908 'Spatial' 1.4805250998303572 0.0283799287110923
 1.4406779661016949 106 5 2 15 39.85572285538908]
[40.7412191897172 'Spatial' 1.4805250998303572 0.0283799287110923
 1.4406779661016949 106 5 2 16 40.7412191897172]
[41.679549113533874 'Spatial' 1.4805250998303572 0.0283799287110923
 1.406779661016949 106 5 2 17 41.679549113533874]
[42.702971447521946 'Spatial' 1.4805250998303572 0.0283799287110923
 1.3389830508474576 106 5 2 18 42.702971447521946]
[43.809720144078995 'Spatial' 1.4805250998303572 0.0283799287110923
 1.1694915254237288 106 5 2 19 43.809720144078995]
[0.0 'Spatial' 1.4805250998303572 0.0283799287110923 0.0 106 5 3 0 0.0]
[4.144274823232557 'Spatial' 1.4805250998303572 0.0283799287110923
 0.1694915254237288 106 5 3 1 4.144274823232557]
[8.14833246069508 'Spatial' 1.4805250998303572 0.0283799287110923
 1.1694915254237288 106 5 3 2 8.14833246069508]
[12.010878633489016 'Spatial' 1.4805250998303572 0.0283799287110923
 1.271186440677966 106 5 3 3 12.010878633489016]
[15.736627190282952 'Spatial' 1.4805250998303572 0.0283799287110923
 1.5084745762711864 106 5 3 4 15.736627190282952]
[19.04289065254493 'Spatial' 1.4805250998303572 0.0283799287110923
 1.5254237288135593 106 5 3 5 19.04289065254493]
[21.959403451933927 'Spatial' 1.4805250998303572 0.0283799287110923
 1.4406779661016949 106 5 3 6 21.959403451933927]
[24.802769397569854 'Spatial' 1.4805250998303572 0.0283799287110923
 1.6779661016949152 106 5 3 7 24.802769397569854]
[27.007586908569632 'Spatial' 1.4805250998303572 0.0283799287110923
 1.6779661016949152 106 5 3 8 27.007586908569632]
[28.97042285651626 'Spatial' 1.4805250998303572 0.0283799287110923
 1.5762711864406778 106 5 3 9 28.97042285651626]
[30.553710293629706 'Spatial' 1.4805250998303572 0.0283799287110923
 1.5254237288135593 106 5 3 10 30.553710293629706]
[31.890638965316853 'Spatial' 1.4805250998303572 0.0283799287110923
 1.5762711864406778 106 5 3 11 31.890638965316853]
[32.908777091250364 'Spatial' 1.4805250998303572 0.0283799287110923
 1.5762711864406778 106 5 3 12 32.908777091250364]
[37.94964753141946 'Spatial' 1.4805250998303572 0.0283799287110923
 1.5254237288135593 106 5 3 13 37.94964753141946]
[38.9463116163558 'Spatial' 1.4805250998303572 0.0283799287110923
 1.5084745762711864 106 5 3 14 38.9463116163558]
[39.85572285538908 'Spatial' 1.4805250998303572 0.0283799287110923
 1.4406779661016949 106 5 3 15 39.85572285538908]
[40.7412191897172 'Spatial' 1.4805250998303572 0.0283799287110923
 1.4406779661016949 106 5 3 16 40.7412191897172]
[41.679549113533874 'Spatial' 1.4805250998303572 0.0283799287110923
 1.406779661016949 106 5 3 17 41.679549113533874]
[42.702971447521946 'Spatial' 1.4805250998303572 0.0283799287110923
 1.3389830508474576 106 5 3 18 42.702971447521946]
[43.809720144078995 'Spatial' 1.4805250998303572 0.0283799287110923
 1.1694915254237288 106 5 3 19 43.809720144078995]
[0.0 'Spatial' 1.4805250998303572 0.0283799287110923 0.0 106 5 4 0 0.0]
[4.144274823232557 'Spatial' 1.4805250998303572 0.0283799287110923
 0.1694915254237288 106 5 4 1 4.144274823232557]
[8.14833246069508 'Spatial' 1.4805250998303572 0.0283799287110923
 1.1694915254237288 106 5 4 2 8.14833246069508]
[12.010878633489016 'Spatial' 1.4805250998303572 0.0283799287110923
 1.271186440677966 106 5 4 3 12.010878633489016]
[15.736627190282952 'Spatial' 1.4805250998303572 0.0283799287110923
 1.5084745762711864 106 5 4 4 15.736627190282952]
[19.04289065254493 'Spatial' 1.4805250998303572 0.0283799287110923
 1.5254237288135593 106 5 4 5 19.04289065254493]
[21.959403451933927 'Spatial' 1.4805250998303572 0.0283799287110923
 1.4406779661016949 106 5 4 6 21.959403451933927]
[24.802769397569854 'Spatial' 1.4805250998303572 0.0283799287110923
 1.6779661016949152 106 5 4 7 24.802769397569854]
[27.007586908569632 'Spatial' 1.4805250998303572 0.0283799287110923
 1.6779661016949152 106 5 4 8 27.007586908569632]
[28.97042285651626 'Spatial' 1.4805250998303572 0.0283799287110923
 1.5762711864406778 106 5 4 9 28.97042285651626]
[30.553710293629706 'Spatial' 1.4805250998303572 0.0283799287110923
 1.5254237288135593 106 5 4 10 30.553710293629706]
[31.890638965316853 'Spatial' 1.4805250998303572 0.0283799287110923
 1.5762711864406778 106 5 4 11 31.890638965316853]
[32.908777091250364 'Spatial' 1.4805250998303572 0.0283799287110923
 1.5762711864406778 106 5 4 12 32.908777091250364]
[37.94964753141946 'Spatial' 1.4805250998303572 0.0283799287110923
 1.5254237288135593 106 5 4 13 37.94964753141946]
[38.9463116163558 'Spatial' 1.4805250998303572 0.0283799287110923
 1.5084745762711864 106 5 4 14 38.9463116163558]
[39.85572285538908 'Spatial' 1.4805250998303572 0.0283799287110923
 1.4406779661016949 106 5 4 15 39.85572285538908]
[40.7412191897172 'Spatial' 1.4805250998303572 0.0283799287110923
 1.4406779661016949 106 5 4 16 40.7412191897172]
[41.679549113533874 'Spatial' 1.4805250998303572 0.0283799287110923
 1.406779661016949 106 5 4 17 41.679549113533874]
[42.702971447521946 'Spatial' 1.4805250998303572 0.0283799287110923
 1.3389830508474576 106 5 4 18 42.702971447521946]
[43.809720144078995 'Spatial' 1.4805250998303572 0.0283799287110923
 1.1694915254237288 106 5 4 19 43.809720144078995]
[0.0 'Spatial' 1.4805250998303572 0.0283799287110923 0.0 106 5 6 0 0.0]
[4.144274823232557 'Spatial' 1.4805250998303572 0.0283799287110923
 0.1694915254237288 106 5 6 1 4.144274823232557]
[8.14833246069508 'Spatial' 1.4805250998303572 0.0283799287110923
 1.1694915254237288 106 5 6 2 8.14833246069508]
[12.010878633489016 'Spatial' 1.4805250998303572 0.0283799287110923
 1.271186440677966 106 5 6 3 12.010878633489016]
[15.736627190282952 'Spatial' 1.4805250998303572 0.0283799287110923
 1.5084745762711864 106 5 6 4 15.736627190282952]
[19.04289065254493 'Spatial' 1.4805250998303572 0.0283799287110923
 1.5254237288135593 106 5 6 5 19.04289065254493]
[21.959403451933927 'Spatial' 1.4805250998303572 0.0283799287110923
 1.4406779661016949 106 5 6 6 21.959403451933927]
[24.802769397569854 'Spatial' 1.4805250998303572 0.0283799287110923
 1.6779661016949152 106 5 6 7 24.802769397569854]
[27.007586908569632 'Spatial' 1.4805250998303572 0.0283799287110923
 1.6779661016949152 106 5 6 8 27.007586908569632]
[28.97042285651626 'Spatial' 1.4805250998303572 0.0283799287110923
 1.5762711864406778 106 5 6 9 28.97042285651626]
[30.553710293629706 'Spatial' 1.4805250998303572 0.0283799287110923
 1.5254237288135593 106 5 6 10 30.553710293629706]
[31.890638965316853 'Spatial' 1.4805250998303572 0.0283799287110923
 1.5762711864406778 106 5 6 11 31.890638965316853]
[32.908777091250364 'Spatial' 1.4805250998303572 0.0283799287110923
 1.5762711864406778 106 5 6 12 32.908777091250364]
[37.94964753141946 'Spatial' 1.4805250998303572 0.0283799287110923
 1.5254237288135593 106 5 6 13 37.94964753141946]
[38.9463116163558 'Spatial' 1.4805250998303572 0.0283799287110923
 1.5084745762711864 106 5 6 14 38.9463116163558]
[39.85572285538908 'Spatial' 1.4805250998303572 0.0283799287110923
 1.4406779661016949 106 5 6 15 39.85572285538908]
[40.7412191897172 'Spatial' 1.4805250998303572 0.0283799287110923
 1.4406779661016949 106 5 6 16 40.7412191897172]
[41.679549113533874 'Spatial' 1.4805250998303572 0.0283799287110923
 1.406779661016949 106 5 6 17 41.679549113533874]
[42.702971447521946 'Spatial' 1.4805250998303572 0.0283799287110923
 1.3389830508474576 106 5 6 18 42.702971447521946]
[43.809720144078995 'Spatial' 1.4805250998303572 0.0283799287110923
 1.1694915254237288 106 5 6 19 43.809720144078995]
[0.0 'Spatial' 1.4805250998303572 0.0283799287110923 0.0 106 5 7 0 0.0]
[4.144274823232557 'Spatial' 1.4805250998303572 0.0283799287110923
 0.1694915254237288 106 5 7 1 4.144274823232557]
[8.14833246069508 'Spatial' 1.4805250998303572 0.0283799287110923
 1.1694915254237288 106 5 7 2 8.14833246069508]
[12.010878633489016 'Spatial' 1.4805250998303572 0.0283799287110923
 1.271186440677966 106 5 7 3 12.010878633489016]
[15.736627190282952 'Spatial' 1.4805250998303572 0.0283799287110923
 1.5084745762711864 106 5 7 4 15.736627190282952]
[19.04289065254493 'Spatial' 1.4805250998303572 0.0283799287110923
 1.5254237288135593 106 5 7 5 19.04289065254493]
[21.959403451933927 'Spatial' 1.4805250998303572 0.0283799287110923
 1.4406779661016949 106 5 7 6 21.959403451933927]
[24.802769397569854 'Spatial' 1.4805250998303572 0.0283799287110923
 1.6779661016949152 106 5 7 7 24.802769397569854]
[27.007586908569632 'Spatial' 1.4805250998303572 0.0283799287110923
 1.6779661016949152 106 5 7 8 27.007586908569632]
[28.97042285651626 'Spatial' 1.4805250998303572 0.0283799287110923
 1.5762711864406778 106 5 7 9 28.97042285651626]
[30.553710293629706 'Spatial' 1.4805250998303572 0.0283799287110923
 1.5254237288135593 106 5 7 10 30.553710293629706]
[31.890638965316853 'Spatial' 1.4805250998303572 0.0283799287110923
 1.5762711864406778 106 5 7 11 31.890638965316853]
[32.908777091250364 'Spatial' 1.4805250998303572 0.0283799287110923
 1.5762711864406778 106 5 7 12 32.908777091250364]
[37.94964753141946 'Spatial' 1.4805250998303572 0.0283799287110923
 1.5254237288135593 106 5 7 13 37.94964753141946]
[38.9463116163558 'Spatial' 1.4805250998303572 0.0283799287110923
 1.5084745762711864 106 5 7 14 38.9463116163558]
[39.85572285538908 'Spatial' 1.4805250998303572 0.0283799287110923
 1.4406779661016949 106 5 7 15 39.85572285538908]
[40.7412191897172 'Spatial' 1.4805250998303572 0.0283799287110923
 1.4406779661016949 106 5 7 16 40.7412191897172]
[41.679549113533874 'Spatial' 1.4805250998303572 0.0283799287110923
 1.406779661016949 106 5 7 17 41.679549113533874]
[42.702971447521946 'Spatial' 1.4805250998303572 0.0283799287110923
 1.3389830508474576 106 5 7 18 42.702971447521946]
[43.809720144078995 'Spatial' 1.4805250998303572 0.0283799287110923
 1.1694915254237288 106 5 7 19 43.809720144078995]
[0.0 'Spatial' 1.4805250998303572 0.0283799287110923 0.0 106 5 8 0 0.0]
[4.144274823232557 'Spatial' 1.4805250998303572 0.0283799287110923
 0.1694915254237288 106 5 8 1 4.144274823232557]
[8.14833246069508 'Spatial' 1.4805250998303572 0.0283799287110923
 1.1694915254237288 106 5 8 2 8.14833246069508]
[12.010878633489016 'Spatial' 1.4805250998303572 0.0283799287110923
 1.271186440677966 106 5 8 3 12.010878633489016]
[15.736627190282952 'Spatial' 1.4805250998303572 0.0283799287110923
 1.5084745762711864 106 5 8 4 15.736627190282952]
[19.04289065254493 'Spatial' 1.4805250998303572 0.0283799287110923
 1.5254237288135593 106 5 8 5 19.04289065254493]
[21.959403451933927 'Spatial' 1.4805250998303572 0.0283799287110923
 1.4406779661016949 106 5 8 6 21.959403451933927]
[24.802769397569854 'Spatial' 1.4805250998303572 0.0283799287110923
 1.6779661016949152 106 5 8 7 24.802769397569854]
[27.007586908569632 'Spatial' 1.4805250998303572 0.0283799287110923
 1.6779661016949152 106 5 8 8 27.007586908569632]
[28.97042285651626 'Spatial' 1.4805250998303572 0.0283799287110923
 1.5762711864406778 106 5 8 9 28.97042285651626]
[30.553710293629706 'Spatial' 1.4805250998303572 0.0283799287110923
 1.5254237288135593 106 5 8 10 30.553710293629706]
[31.890638965316853 'Spatial' 1.4805250998303572 0.0283799287110923
 1.5762711864406778 106 5 8 11 31.890638965316853]
[32.908777091250364 'Spatial' 1.4805250998303572 0.0283799287110923
 1.5762711864406778 106 5 8 12 32.908777091250364]
[37.94964753141946 'Spatial' 1.4805250998303572 0.0283799287110923
 1.5254237288135593 106 5 8 13 37.94964753141946]
[38.9463116163558 'Spatial' 1.4805250998303572 0.0283799287110923
 1.5084745762711864 106 5 8 14 38.9463116163558]
[39.85572285538908 'Spatial' 1.4805250998303572 0.0283799287110923
 1.4406779661016949 106 5 8 15 39.85572285538908]
[40.7412191897172 'Spatial' 1.4805250998303572 0.0283799287110923
 1.4406779661016949 106 5 8 16 40.7412191897172]
[41.679549113533874 'Spatial' 1.4805250998303572 0.0283799287110923
 1.406779661016949 106 5 8 17 41.679549113533874]
[42.702971447521946 'Spatial' 1.4805250998303572 0.0283799287110923
 1.3389830508474576 106 5 8 18 42.702971447521946]
[43.809720144078995 'Spatial' 1.4805250998303572 0.0283799287110923
 1.1694915254237288 106 5 8 19 43.809720144078995]
