[0.0 'Conceptual' 1.1036876707240022 6.402579022298363e-05 0.0 123 2 0 0
 0.0]
[4.15884946435772 'Conceptual' 1.1036876707240022 6.402579022298363e-05
 0.28135593220338984 123 2 0 1 4.15884946435772]
[8.273933193567576 'Conceptual' 1.1036876707240022 6.402579022298363e-05
 0.1694915254237288 123 2 0 2 8.273933193567576]
[12.298350725032268 'Conceptual' 1.1036876707240022 6.402579022298363e-05
 0.1694915254237288 123 2 0 3 12.298350725032268]
[16.43331843471939 'Conceptual' 1.1036876707240022 6.402579022298363e-05
 0.1694915254237288 123 2 0 4 16.43331843471939]
[20.441195885092547 'Conceptual' 1.1036876707240022 6.402579022298363e-05
 1.6779661016949152 123 2 0 5 20.441195885092547]
[24.393854728954334 'Conceptual' 1.1036876707240022 6.402579022298363e-05
 1.5762711864406778 123 2 0 6 24.393854728954334]
[28.230009484106503 'Conceptual' 1.1036876707240022 6.402579022298363e-05
 0.1694915254237288 123 2 0 7 28.230009484106503]
[31.163925057113303 'Conceptual' 1.1036876707240022 6.402579022298363e-05
 0.1694915254237288 123 2 0 8 31.163925057113303]
[34.55507576112152 'Conceptual' 1.1036876707240022 6.402579022298363e-05
 0.847457627118644 123 2 0 9 34.55507576112152]
[38.82722777622709 'Conceptual' 1.1036876707240022 6.402579022298363e-05
 0.8305084745762711 123 2 0 10 38.82722777622709]
[41.079279177734506 'Conceptual' 1.1036876707240022 6.402579022298363e-05
 0.847457627118644 123 2 0 11 41.079279177734506]
[42.93536660705248 'Conceptual' 1.1036876707240022 6.402579022298363e-05
 0.847457627118644 123 2 0 12 42.93536660705248]
[44.25315701823547 'Conceptual' 1.1036876707240022 6.402579022298363e-05
 0.8305084745762711 123 2 0 13 44.25315701823547]
[48.615704130573185 'Conceptual' 1.1036876707240022 6.402579022298363e-05
 0.7627118644067796 123 2 0 14 48.615704130573185]
[50.06433255222467 'Conceptual' 1.1036876707240022 6.402579022298363e-05
 0.7627118644067796 123 2 0 15 50.06433255222467]
[51.17181438032587 'Conceptual' 1.1036876707240022 6.402579022298363e-05
 0.7288135593220338 123 2 0 16 51.17181438032587]
[52.12370588294142 'Conceptual' 1.1036876707240022 6.402579022298363e-05
 0.7288135593220338 123 2 0 17 52.12370588294142]
[56.812744605819155 'Conceptual' 1.1036876707240022 6.402579022298363e-05
 0.6779661016949152 123 2 0 18 56.812744605819155]
[61.51420281347756 'Conceptual' 1.1036876707240022 6.402579022298363e-05
 0.6610169491525423 123 2 0 19 61.51420281347756]
[0.0 'Conceptual' 1.1036876707240022 6.402579022298363e-05 0.0 123 2 1 0
 0.0]
[4.15884946435772 'Conceptual' 1.1036876707240022 6.402579022298363e-05
 0.28135593220338984 123 2 1 1 4.15884946435772]
[8.273933193567576 'Conceptual' 1.1036876707240022 6.402579022298363e-05
 0.1694915254237288 123 2 1 2 8.273933193567576]
[12.298350725032268 'Conceptual' 1.1036876707240022 6.402579022298363e-05
 0.1694915254237288 123 2 1 3 12.298350725032268]
[16.43331843471939 'Conceptual' 1.1036876707240022 6.402579022298363e-05
 0.1694915254237288 123 2 1 4 16.43331843471939]
[20.441195885092547 'Conceptual' 1.1036876707240022 6.402579022298363e-05
 1.6779661016949152 123 2 1 5 20.441195885092547]
[24.393854728954334 'Conceptual' 1.1036876707240022 6.402579022298363e-05
 1.5762711864406778 123 2 1 6 24.393854728954334]
[28.230009484106503 'Conceptual' 1.1036876707240022 6.402579022298363e-05
 0.1694915254237288 123 2 1 7 28.230009484106503]
[31.163925057113303 'Conceptual' 1.1036876707240022 6.402579022298363e-05
 0.1694915254237288 123 2 1 8 31.163925057113303]
[34.55507576112152 'Conceptual' 1.1036876707240022 6.402579022298363e-05
 0.847457627118644 123 2 1 9 34.55507576112152]
[38.82722777622709 'Conceptual' 1.1036876707240022 6.402579022298363e-05
 0.8305084745762711 123 2 1 10 38.82722777622709]
[41.079279177734506 'Conceptual' 1.1036876707240022 6.402579022298363e-05
 0.847457627118644 123 2 1 11 41.079279177734506]
[42.93536660705248 'Conceptual' 1.1036876707240022 6.402579022298363e-05
 0.847457627118644 123 2 1 12 42.93536660705248]
[44.25315701823547 'Conceptual' 1.1036876707240022 6.402579022298363e-05
 0.8305084745762711 123 2 1 13 44.25315701823547]
[48.615704130573185 'Conceptual' 1.1036876707240022 6.402579022298363e-05
 0.7627118644067796 123 2 1 14 48.615704130573185]
[50.06433255222467 'Conceptual' 1.1036876707240022 6.402579022298363e-05
 0.7627118644067796 123 2 1 15 50.06433255222467]
[51.17181438032587 'Conceptual' 1.1036876707240022 6.402579022298363e-05
 0.7288135593220338 123 2 1 16 51.17181438032587]
[52.12370588294142 'Conceptual' 1.1036876707240022 6.402579022298363e-05
 0.7288135593220338 123 2 1 17 52.12370588294142]
[56.812744605819155 'Conceptual' 1.1036876707240022 6.402579022298363e-05
 0.6779661016949152 123 2 1 18 56.812744605819155]
[61.51420281347756 'Conceptual' 1.1036876707240022 6.402579022298363e-05
 0.6610169491525423 123 2 1 19 61.51420281347756]
[0.0 'Conceptual' 1.1036876707240022 6.402579022298363e-05 0.0 123 2 3 0
 0.0]
[4.15884946435772 'Conceptual' 1.1036876707240022 6.402579022298363e-05
 0.28135593220338984 123 2 3 1 4.15884946435772]
[8.273933193567576 'Conceptual' 1.1036876707240022 6.402579022298363e-05
 0.1694915254237288 123 2 3 2 8.273933193567576]
[12.298350725032268 'Conceptual' 1.1036876707240022 6.402579022298363e-05
 0.1694915254237288 123 2 3 3 12.298350725032268]
[16.43331843471939 'Conceptual' 1.1036876707240022 6.402579022298363e-05
 0.1694915254237288 123 2 3 4 16.43331843471939]
[20.441195885092547 'Conceptual' 1.1036876707240022 6.402579022298363e-05
 1.6779661016949152 123 2 3 5 20.441195885092547]
[24.393854728954334 'Conceptual' 1.1036876707240022 6.402579022298363e-05
 1.5762711864406778 123 2 3 6 24.393854728954334]
[28.230009484106503 'Conceptual' 1.1036876707240022 6.402579022298363e-05
 0.1694915254237288 123 2 3 7 28.230009484106503]
[31.163925057113303 'Conceptual' 1.1036876707240022 6.402579022298363e-05
 0.1694915254237288 123 2 3 8 31.163925057113303]
[34.55507576112152 'Conceptual' 1.1036876707240022 6.402579022298363e-05
 0.847457627118644 123 2 3 9 34.55507576112152]
[38.82722777622709 'Conceptual' 1.1036876707240022 6.402579022298363e-05
 0.8305084745762711 123 2 3 10 38.82722777622709]
[41.079279177734506 'Conceptual' 1.1036876707240022 6.402579022298363e-05
 0.847457627118644 123 2 3 11 41.079279177734506]
[42.93536660705248 'Conceptual' 1.1036876707240022 6.402579022298363e-05
 0.847457627118644 123 2 3 12 42.93536660705248]
[44.25315701823547 'Conceptual' 1.1036876707240022 6.402579022298363e-05
 0.8305084745762711 123 2 3 13 44.25315701823547]
[48.615704130573185 'Conceptual' 1.1036876707240022 6.402579022298363e-05
 0.7627118644067796 123 2 3 14 48.615704130573185]
[50.06433255222467 'Conceptual' 1.1036876707240022 6.402579022298363e-05
 0.7627118644067796 123 2 3 15 50.06433255222467]
[51.17181438032587 'Conceptual' 1.1036876707240022 6.402579022298363e-05
 0.7288135593220338 123 2 3 16 51.17181438032587]
[52.12370588294142 'Conceptual' 1.1036876707240022 6.402579022298363e-05
 0.7288135593220338 123 2 3 17 52.12370588294142]
[56.812744605819155 'Conceptual' 1.1036876707240022 6.402579022298363e-05
 0.6779661016949152 123 2 3 18 56.812744605819155]
[61.51420281347756 'Conceptual' 1.1036876707240022 6.402579022298363e-05
 0.6610169491525423 123 2 3 19 61.51420281347756]
[0.0 'Conceptual' 1.1036876707240022 6.402579022298363e-05 0.0 123 2 4 0
 0.0]
[4.15884946435772 'Conceptual' 1.1036876707240022 6.402579022298363e-05
 0.28135593220338984 123 2 4 1 4.15884946435772]
[8.273933193567576 'Conceptual' 1.1036876707240022 6.402579022298363e-05
 0.1694915254237288 123 2 4 2 8.273933193567576]
[12.298350725032268 'Conceptual' 1.1036876707240022 6.402579022298363e-05
 0.1694915254237288 123 2 4 3 12.298350725032268]
[16.43331843471939 'Conceptual' 1.1036876707240022 6.402579022298363e-05
 0.1694915254237288 123 2 4 4 16.43331843471939]
[20.441195885092547 'Conceptual' 1.1036876707240022 6.402579022298363e-05
 1.6779661016949152 123 2 4 5 20.441195885092547]
[24.393854728954334 'Conceptual' 1.1036876707240022 6.402579022298363e-05
 1.5762711864406778 123 2 4 6 24.393854728954334]
[28.230009484106503 'Conceptual' 1.1036876707240022 6.402579022298363e-05
 0.1694915254237288 123 2 4 7 28.230009484106503]
[31.163925057113303 'Conceptual' 1.1036876707240022 6.402579022298363e-05
 0.1694915254237288 123 2 4 8 31.163925057113303]
[34.55507576112152 'Conceptual' 1.1036876707240022 6.402579022298363e-05
 0.847457627118644 123 2 4 9 34.55507576112152]
[38.82722777622709 'Conceptual' 1.1036876707240022 6.402579022298363e-05
 0.8305084745762711 123 2 4 10 38.82722777622709]
[41.079279177734506 'Conceptual' 1.1036876707240022 6.402579022298363e-05
 0.847457627118644 123 2 4 11 41.079279177734506]
[42.93536660705248 'Conceptual' 1.1036876707240022 6.402579022298363e-05
 0.847457627118644 123 2 4 12 42.93536660705248]
[44.25315701823547 'Conceptual' 1.1036876707240022 6.402579022298363e-05
 0.8305084745762711 123 2 4 13 44.25315701823547]
[48.615704130573185 'Conceptual' 1.1036876707240022 6.402579022298363e-05
 0.7627118644067796 123 2 4 14 48.615704130573185]
[50.06433255222467 'Conceptual' 1.1036876707240022 6.402579022298363e-05
 0.7627118644067796 123 2 4 15 50.06433255222467]
[51.17181438032587 'Conceptual' 1.1036876707240022 6.402579022298363e-05
 0.7288135593220338 123 2 4 16 51.17181438032587]
[52.12370588294142 'Conceptual' 1.1036876707240022 6.402579022298363e-05
 0.7288135593220338 123 2 4 17 52.12370588294142]
[56.812744605819155 'Conceptual' 1.1036876707240022 6.402579022298363e-05
 0.6779661016949152 123 2 4 18 56.812744605819155]
[61.51420281347756 'Conceptual' 1.1036876707240022 6.402579022298363e-05
 0.6610169491525423 123 2 4 19 61.51420281347756]
[0.0 'Conceptual' 1.1036876707240022 6.402579022298363e-05 0.0 123 2 5 0
 0.0]
[4.15884946435772 'Conceptual' 1.1036876707240022 6.402579022298363e-05
 0.28135593220338984 123 2 5 1 4.15884946435772]
[8.273933193567576 'Conceptual' 1.1036876707240022 6.402579022298363e-05
 0.1694915254237288 123 2 5 2 8.273933193567576]
[12.298350725032268 'Conceptual' 1.1036876707240022 6.402579022298363e-05
 0.1694915254237288 123 2 5 3 12.298350725032268]
[16.43331843471939 'Conceptual' 1.1036876707240022 6.402579022298363e-05
 0.1694915254237288 123 2 5 4 16.43331843471939]
[20.441195885092547 'Conceptual' 1.1036876707240022 6.402579022298363e-05
 1.6779661016949152 123 2 5 5 20.441195885092547]
[24.393854728954334 'Conceptual' 1.1036876707240022 6.402579022298363e-05
 1.5762711864406778 123 2 5 6 24.393854728954334]
[28.230009484106503 'Conceptual' 1.1036876707240022 6.402579022298363e-05
 0.1694915254237288 123 2 5 7 28.230009484106503]
[31.163925057113303 'Conceptual' 1.1036876707240022 6.402579022298363e-05
 0.1694915254237288 123 2 5 8 31.163925057113303]
[34.55507576112152 'Conceptual' 1.1036876707240022 6.402579022298363e-05
 0.847457627118644 123 2 5 9 34.55507576112152]
[38.82722777622709 'Conceptual' 1.1036876707240022 6.402579022298363e-05
 0.8305084745762711 123 2 5 10 38.82722777622709]
[41.079279177734506 'Conceptual' 1.1036876707240022 6.402579022298363e-05
 0.847457627118644 123 2 5 11 41.079279177734506]
[42.93536660705248 'Conceptual' 1.1036876707240022 6.402579022298363e-05
 0.847457627118644 123 2 5 12 42.93536660705248]
[44.25315701823547 'Conceptual' 1.1036876707240022 6.402579022298363e-05
 0.8305084745762711 123 2 5 13 44.25315701823547]
[48.615704130573185 'Conceptual' 1.1036876707240022 6.402579022298363e-05
 0.7627118644067796 123 2 5 14 48.615704130573185]
[50.06433255222467 'Conceptual' 1.1036876707240022 6.402579022298363e-05
 0.7627118644067796 123 2 5 15 50.06433255222467]
[51.17181438032587 'Conceptual' 1.1036876707240022 6.402579022298363e-05
 0.7288135593220338 123 2 5 16 51.17181438032587]
[52.12370588294142 'Conceptual' 1.1036876707240022 6.402579022298363e-05
 0.7288135593220338 123 2 5 17 52.12370588294142]
[56.812744605819155 'Conceptual' 1.1036876707240022 6.402579022298363e-05
 0.6779661016949152 123 2 5 18 56.812744605819155]
[61.51420281347756 'Conceptual' 1.1036876707240022 6.402579022298363e-05
 0.6610169491525423 123 2 5 19 61.51420281347756]
[0.0 'Conceptual' 1.1036876707240022 6.402579022298363e-05 0.0 123 2 6 0
 0.0]
[4.15884946435772 'Conceptual' 1.1036876707240022 6.402579022298363e-05
 0.28135593220338984 123 2 6 1 4.15884946435772]
[8.273933193567576 'Conceptual' 1.1036876707240022 6.402579022298363e-05
 0.1694915254237288 123 2 6 2 8.273933193567576]
[12.298350725032268 'Conceptual' 1.1036876707240022 6.402579022298363e-05
 0.1694915254237288 123 2 6 3 12.298350725032268]
[16.43331843471939 'Conceptual' 1.1036876707240022 6.402579022298363e-05
 0.1694915254237288 123 2 6 4 16.43331843471939]
[20.441195885092547 'Conceptual' 1.1036876707240022 6.402579022298363e-05
 1.6779661016949152 123 2 6 5 20.441195885092547]
[24.393854728954334 'Conceptual' 1.1036876707240022 6.402579022298363e-05
 1.5762711864406778 123 2 6 6 24.393854728954334]
[28.230009484106503 'Conceptual' 1.1036876707240022 6.402579022298363e-05
 0.1694915254237288 123 2 6 7 28.230009484106503]
[31.163925057113303 'Conceptual' 1.1036876707240022 6.402579022298363e-05
 0.1694915254237288 123 2 6 8 31.163925057113303]
[34.55507576112152 'Conceptual' 1.1036876707240022 6.402579022298363e-05
 0.847457627118644 123 2 6 9 34.55507576112152]
[38.82722777622709 'Conceptual' 1.1036876707240022 6.402579022298363e-05
 0.8305084745762711 123 2 6 10 38.82722777622709]
[41.079279177734506 'Conceptual' 1.1036876707240022 6.402579022298363e-05
 0.847457627118644 123 2 6 11 41.079279177734506]
[42.93536660705248 'Conceptual' 1.1036876707240022 6.402579022298363e-05
 0.847457627118644 123 2 6 12 42.93536660705248]
[44.25315701823547 'Conceptual' 1.1036876707240022 6.402579022298363e-05
 0.8305084745762711 123 2 6 13 44.25315701823547]
[48.615704130573185 'Conceptual' 1.1036876707240022 6.402579022298363e-05
 0.7627118644067796 123 2 6 14 48.615704130573185]
[50.06433255222467 'Conceptual' 1.1036876707240022 6.402579022298363e-05
 0.7627118644067796 123 2 6 15 50.06433255222467]
[51.17181438032587 'Conceptual' 1.1036876707240022 6.402579022298363e-05
 0.7288135593220338 123 2 6 16 51.17181438032587]
[52.12370588294142 'Conceptual' 1.1036876707240022 6.402579022298363e-05
 0.7288135593220338 123 2 6 17 52.12370588294142]
[56.812744605819155 'Conceptual' 1.1036876707240022 6.402579022298363e-05
 0.6779661016949152 123 2 6 18 56.812744605819155]
[61.51420281347756 'Conceptual' 1.1036876707240022 6.402579022298363e-05
 0.6610169491525423 123 2 6 19 61.51420281347756]
[0.0 'Conceptual' 1.1036876707240022 6.402579022298363e-05 0.0 123 2 7 0
 0.0]
[4.15884946435772 'Conceptual' 1.1036876707240022 6.402579022298363e-05
 0.28135593220338984 123 2 7 1 4.15884946435772]
[8.273933193567576 'Conceptual' 1.1036876707240022 6.402579022298363e-05
 0.1694915254237288 123 2 7 2 8.273933193567576]
[12.298350725032268 'Conceptual' 1.1036876707240022 6.402579022298363e-05
 0.1694915254237288 123 2 7 3 12.298350725032268]
[16.43331843471939 'Conceptual' 1.1036876707240022 6.402579022298363e-05
 0.1694915254237288 123 2 7 4 16.43331843471939]
[20.441195885092547 'Conceptual' 1.1036876707240022 6.402579022298363e-05
 1.6779661016949152 123 2 7 5 20.441195885092547]
[24.393854728954334 'Conceptual' 1.1036876707240022 6.402579022298363e-05
 1.5762711864406778 123 2 7 6 24.393854728954334]
[28.230009484106503 'Conceptual' 1.1036876707240022 6.402579022298363e-05
 0.1694915254237288 123 2 7 7 28.230009484106503]
[31.163925057113303 'Conceptual' 1.1036876707240022 6.402579022298363e-05
 0.1694915254237288 123 2 7 8 31.163925057113303]
[34.55507576112152 'Conceptual' 1.1036876707240022 6.402579022298363e-05
 0.847457627118644 123 2 7 9 34.55507576112152]
[38.82722777622709 'Conceptual' 1.1036876707240022 6.402579022298363e-05
 0.8305084745762711 123 2 7 10 38.82722777622709]
[41.079279177734506 'Conceptual' 1.1036876707240022 6.402579022298363e-05
 0.847457627118644 123 2 7 11 41.079279177734506]
[42.93536660705248 'Conceptual' 1.1036876707240022 6.402579022298363e-05
 0.847457627118644 123 2 7 12 42.93536660705248]
[44.25315701823547 'Conceptual' 1.1036876707240022 6.402579022298363e-05
 0.8305084745762711 123 2 7 13 44.25315701823547]
[48.615704130573185 'Conceptual' 1.1036876707240022 6.402579022298363e-05
 0.7627118644067796 123 2 7 14 48.615704130573185]
[50.06433255222467 'Conceptual' 1.1036876707240022 6.402579022298363e-05
 0.7627118644067796 123 2 7 15 50.06433255222467]
[51.17181438032587 'Conceptual' 1.1036876707240022 6.402579022298363e-05
 0.7288135593220338 123 2 7 16 51.17181438032587]
[52.12370588294142 'Conceptual' 1.1036876707240022 6.402579022298363e-05
 0.7288135593220338 123 2 7 17 52.12370588294142]
[56.812744605819155 'Conceptual' 1.1036876707240022 6.402579022298363e-05
 0.6779661016949152 123 2 7 18 56.812744605819155]
[61.51420281347756 'Conceptual' 1.1036876707240022 6.402579022298363e-05
 0.6610169491525423 123 2 7 19 61.51420281347756]
[0.0 'Conceptual' 1.1036876707240022 6.402579022298363e-05 0.0 123 2 8 0
 0.0]
[4.15884946435772 'Conceptual' 1.1036876707240022 6.402579022298363e-05
 0.28135593220338984 123 2 8 1 4.15884946435772]
[8.273933193567576 'Conceptual' 1.1036876707240022 6.402579022298363e-05
 0.1694915254237288 123 2 8 2 8.273933193567576]
[12.298350725032268 'Conceptual' 1.1036876707240022 6.402579022298363e-05
 0.1694915254237288 123 2 8 3 12.298350725032268]
[16.43331843471939 'Conceptual' 1.1036876707240022 6.402579022298363e-05
 0.1694915254237288 123 2 8 4 16.43331843471939]
[20.441195885092547 'Conceptual' 1.1036876707240022 6.402579022298363e-05
 1.6779661016949152 123 2 8 5 20.441195885092547]
[24.393854728954334 'Conceptual' 1.1036876707240022 6.402579022298363e-05
 1.5762711864406778 123 2 8 6 24.393854728954334]
[28.230009484106503 'Conceptual' 1.1036876707240022 6.402579022298363e-05
 0.1694915254237288 123 2 8 7 28.230009484106503]
[31.163925057113303 'Conceptual' 1.1036876707240022 6.402579022298363e-05
 0.1694915254237288 123 2 8 8 31.163925057113303]
[34.55507576112152 'Conceptual' 1.1036876707240022 6.402579022298363e-05
 0.847457627118644 123 2 8 9 34.55507576112152]
[38.82722777622709 'Conceptual' 1.1036876707240022 6.402579022298363e-05
 0.8305084745762711 123 2 8 10 38.82722777622709]
[41.079279177734506 'Conceptual' 1.1036876707240022 6.402579022298363e-05
 0.847457627118644 123 2 8 11 41.079279177734506]
[42.93536660705248 'Conceptual' 1.1036876707240022 6.402579022298363e-05
 0.847457627118644 123 2 8 12 42.93536660705248]
[44.25315701823547 'Conceptual' 1.1036876707240022 6.402579022298363e-05
 0.8305084745762711 123 2 8 13 44.25315701823547]
[48.615704130573185 'Conceptual' 1.1036876707240022 6.402579022298363e-05
 0.7627118644067796 123 2 8 14 48.615704130573185]
[50.06433255222467 'Conceptual' 1.1036876707240022 6.402579022298363e-05
 0.7627118644067796 123 2 8 15 50.06433255222467]
[51.17181438032587 'Conceptual' 1.1036876707240022 6.402579022298363e-05
 0.7288135593220338 123 2 8 16 51.17181438032587]
[52.12370588294142 'Conceptual' 1.1036876707240022 6.402579022298363e-05
 0.7288135593220338 123 2 8 17 52.12370588294142]
[56.812744605819155 'Conceptual' 1.1036876707240022 6.402579022298363e-05
 0.6779661016949152 123 2 8 18 56.812744605819155]
[61.51420281347756 'Conceptual' 1.1036876707240022 6.402579022298363e-05
 0.6610169491525423 123 2 8 19 61.51420281347756]
