[0.0 'Spatial' 1.249964443196212 0.02182488523410366 0.0 54 2 0 0 0.0]
[4.1588830833596715 'Spatial' 1.249964443196212 0.02182488523410366
 3.559322033898305 54 2 0 1 4.1588830833596715]
[8.050606082354584 'Spatial' 1.249964443196212 0.02182488523410366
 0.1694915254237288 54 2 0 2 8.050606082354584]
[12.208209566496222 'Spatial' 1.249964443196212 0.02182488523410366
 0.1694915254237288 54 2 0 3 12.208209566496222]
[15.80310092516489 'Spatial' 1.249964443196212 0.02182488523410366
 1.0677966101694913 54 2 0 4 15.80310092516489]
[19.326390362130514 'Spatial' 1.249964443196212 0.02182488523410366
 1.6779661016949152 54 2 0 5 19.326390362130514]
[22.838215457177206 'Spatial' 1.249964443196212 0.02182488523410366
 1.7457627118644066 54 2 0 6 22.838215457177206]
[26.009915040361395 'Spatial' 1.249964443196212 0.02182488523410366
 1.5254237288135593 54 2 0 7 26.009915040361395]
[28.355537001123643 'Spatial' 1.249964443196212 0.02182488523410366
 1.4406779661016949 54 2 0 8 28.355537001123643]
[30.204401951212002 'Spatial' 1.249964443196212 0.02182488523410366
 1.3559322033898304 54 2 0 9 30.204401951212002]
[32.17187604684199 'Spatial' 1.249964443196212 0.02182488523410366
 1.271186440677966 54 2 0 10 32.17187604684199]
[33.69540107118639 'Spatial' 1.249964443196212 0.02182488523410366
 1.1864406779661016 54 2 0 11 33.69540107118639]
[38.57344323127986 'Spatial' 1.249964443196212 0.02182488523410366
 1.1016949152542372 54 2 0 12 38.57344323127986]
[39.7487230493126 'Spatial' 1.249964443196212 0.02182488523410366
 1.0677966101694913 54 2 0 13 39.7487230493126]
[40.94412419598007 'Spatial' 1.249964443196212 0.02182488523410366
 1.0169491525423728 54 2 0 14 40.94412419598007]
[41.922863779020666 'Spatial' 1.249964443196212 0.02182488523410366
 0.9322033898305084 54 2 0 15 41.922863779020666]
[42.73656590414649 'Spatial' 1.249964443196212 0.02182488523410366
 0.8983050847457626 54 2 0 16 42.73656590414649]
[44.0117098122533 'Spatial' 1.249964443196212 0.02182488523410366
 0.8983050847457626 54 2 0 17 44.0117098122533]
[44.99368222614086 'Spatial' 1.249964443196212 0.02182488523410366
 0.8305084745762711 54 2 0 18 44.99368222614086]
[46.37632050854579 'Spatial' 1.249964443196212 0.02182488523410366
 0.7627118644067796 54 2 0 19 46.37632050854579]
[0.0 'Spatial' 1.249964443196212 0.02182488523410366 0.0 54 2 1 0 0.0]
[4.1588830833596715 'Spatial' 1.249964443196212 0.02182488523410366
 3.559322033898305 54 2 1 1 4.1588830833596715]
[8.050606082354584 'Spatial' 1.249964443196212 0.02182488523410366
 0.1694915254237288 54 2 1 2 8.050606082354584]
[12.208209566496222 'Spatial' 1.249964443196212 0.02182488523410366
 0.1694915254237288 54 2 1 3 12.208209566496222]
[15.80310092516489 'Spatial' 1.249964443196212 0.02182488523410366
 1.0677966101694913 54 2 1 4 15.80310092516489]
[19.326390362130514 'Spatial' 1.249964443196212 0.02182488523410366
 1.6779661016949152 54 2 1 5 19.326390362130514]
[22.838215457177206 'Spatial' 1.249964443196212 0.02182488523410366
 1.7457627118644066 54 2 1 6 22.838215457177206]
[26.009915040361395 'Spatial' 1.249964443196212 0.02182488523410366
 1.5254237288135593 54 2 1 7 26.009915040361395]
[28.355537001123643 'Spatial' 1.249964443196212 0.02182488523410366
 1.4406779661016949 54 2 1 8 28.355537001123643]
[30.204401951212002 'Spatial' 1.249964443196212 0.02182488523410366
 1.3559322033898304 54 2 1 9 30.204401951212002]
[32.17187604684199 'Spatial' 1.249964443196212 0.02182488523410366
 1.271186440677966 54 2 1 10 32.17187604684199]
[33.69540107118639 'Spatial' 1.249964443196212 0.02182488523410366
 1.1864406779661016 54 2 1 11 33.69540107118639]
[38.57344323127986 'Spatial' 1.249964443196212 0.02182488523410366
 1.1016949152542372 54 2 1 12 38.57344323127986]
[39.7487230493126 'Spatial' 1.249964443196212 0.02182488523410366
 1.0677966101694913 54 2 1 13 39.7487230493126]
[40.94412419598007 'Spatial' 1.249964443196212 0.02182488523410366
 1.0169491525423728 54 2 1 14 40.94412419598007]
[41.922863779020666 'Spatial' 1.249964443196212 0.02182488523410366
 0.9322033898305084 54 2 1 15 41.922863779020666]
[42.73656590414649 'Spatial' 1.249964443196212 0.02182488523410366
 0.8983050847457626 54 2 1 16 42.73656590414649]
[44.0117098122533 'Spatial' 1.249964443196212 0.02182488523410366
 0.8983050847457626 54 2 1 17 44.0117098122533]
[44.99368222614086 'Spatial' 1.249964443196212 0.02182488523410366
 0.8305084745762711 54 2 1 18 44.99368222614086]
[46.37632050854579 'Spatial' 1.249964443196212 0.02182488523410366
 0.7627118644067796 54 2 1 19 46.37632050854579]
[0.0 'Spatial' 1.249964443196212 0.02182488523410366 0.0 54 2 3 0 0.0]
[4.1588830833596715 'Spatial' 1.249964443196212 0.02182488523410366
 3.559322033898305 54 2 3 1 4.1588830833596715]
[8.050606082354584 'Spatial' 1.249964443196212 0.02182488523410366
 0.1694915254237288 54 2 3 2 8.050606082354584]
[12.208209566496222 'Spatial' 1.249964443196212 0.02182488523410366
 0.1694915254237288 54 2 3 3 12.208209566496222]
[15.80310092516489 'Spatial' 1.249964443196212 0.02182488523410366
 1.0677966101694913 54 2 3 4 15.80310092516489]
[19.326390362130514 'Spatial' 1.249964443196212 0.02182488523410366
 1.6779661016949152 54 2 3 5 19.326390362130514]
[22.838215457177206 'Spatial' 1.249964443196212 0.02182488523410366
 1.7457627118644066 54 2 3 6 22.838215457177206]
[26.009915040361395 'Spatial' 1.249964443196212 0.02182488523410366
 1.5254237288135593 54 2 3 7 26.009915040361395]
[28.355537001123643 'Spatial' 1.249964443196212 0.02182488523410366
 1.4406779661016949 54 2 3 8 28.355537001123643]
[30.204401951212002 'Spatial' 1.249964443196212 0.02182488523410366
 1.3559322033898304 54 2 3 9 30.204401951212002]
[32.17187604684199 'Spatial' 1.249964443196212 0.02182488523410366
 1.271186440677966 54 2 3 10 32.17187604684199]
[33.69540107118639 'Spatial' 1.249964443196212 0.02182488523410366
 1.1864406779661016 54 2 3 11 33.69540107118639]
[38.57344323127986 'Spatial' 1.249964443196212 0.02182488523410366
 1.1016949152542372 54 2 3 12 38.57344323127986]
[39.7487230493126 'Spatial' 1.249964443196212 0.02182488523410366
 1.0677966101694913 54 2 3 13 39.7487230493126]
[40.94412419598007 'Spatial' 1.249964443196212 0.02182488523410366
 1.0169491525423728 54 2 3 14 40.94412419598007]
[41.922863779020666 'Spatial' 1.249964443196212 0.02182488523410366
 0.9322033898305084 54 2 3 15 41.922863779020666]
[42.73656590414649 'Spatial' 1.249964443196212 0.02182488523410366
 0.8983050847457626 54 2 3 16 42.73656590414649]
[44.0117098122533 'Spatial' 1.249964443196212 0.02182488523410366
 0.8983050847457626 54 2 3 17 44.0117098122533]
[44.99368222614086 'Spatial' 1.249964443196212 0.02182488523410366
 0.8305084745762711 54 2 3 18 44.99368222614086]
[46.37632050854579 'Spatial' 1.249964443196212 0.02182488523410366
 0.7627118644067796 54 2 3 19 46.37632050854579]
[0.0 'Spatial' 1.249964443196212 0.02182488523410366 0.0 54 2 4 0 0.0]
[4.1588830833596715 'Spatial' 1.249964443196212 0.02182488523410366
 3.559322033898305 54 2 4 1 4.1588830833596715]
[8.050606082354584 'Spatial' 1.249964443196212 0.02182488523410366
 0.1694915254237288 54 2 4 2 8.050606082354584]
[12.208209566496222 'Spatial' 1.249964443196212 0.02182488523410366
 0.1694915254237288 54 2 4 3 12.208209566496222]
[15.80310092516489 'Spatial' 1.249964443196212 0.02182488523410366
 1.0677966101694913 54 2 4 4 15.80310092516489]
[19.326390362130514 'Spatial' 1.249964443196212 0.02182488523410366
 1.6779661016949152 54 2 4 5 19.326390362130514]
[22.838215457177206 'Spatial' 1.249964443196212 0.02182488523410366
 1.7457627118644066 54 2 4 6 22.838215457177206]
[26.009915040361395 'Spatial' 1.249964443196212 0.02182488523410366
 1.5254237288135593 54 2 4 7 26.009915040361395]
[28.355537001123643 'Spatial' 1.249964443196212 0.02182488523410366
 1.4406779661016949 54 2 4 8 28.355537001123643]
[30.204401951212002 'Spatial' 1.249964443196212 0.02182488523410366
 1.3559322033898304 54 2 4 9 30.204401951212002]
[32.17187604684199 'Spatial' 1.249964443196212 0.02182488523410366
 1.271186440677966 54 2 4 10 32.17187604684199]
[33.69540107118639 'Spatial' 1.249964443196212 0.02182488523410366
 1.1864406779661016 54 2 4 11 33.69540107118639]
[38.57344323127986 'Spatial' 1.249964443196212 0.02182488523410366
 1.1016949152542372 54 2 4 12 38.57344323127986]
[39.7487230493126 'Spatial' 1.249964443196212 0.02182488523410366
 1.0677966101694913 54 2 4 13 39.7487230493126]
[40.94412419598007 'Spatial' 1.249964443196212 0.02182488523410366
 1.0169491525423728 54 2 4 14 40.94412419598007]
[41.922863779020666 'Spatial' 1.249964443196212 0.02182488523410366
 0.9322033898305084 54 2 4 15 41.922863779020666]
[42.73656590414649 'Spatial' 1.249964443196212 0.02182488523410366
 0.8983050847457626 54 2 4 16 42.73656590414649]
[44.0117098122533 'Spatial' 1.249964443196212 0.02182488523410366
 0.8983050847457626 54 2 4 17 44.0117098122533]
[44.99368222614086 'Spatial' 1.249964443196212 0.02182488523410366
 0.8305084745762711 54 2 4 18 44.99368222614086]
[46.37632050854579 'Spatial' 1.249964443196212 0.02182488523410366
 0.7627118644067796 54 2 4 19 46.37632050854579]
[0.0 'Spatial' 1.249964443196212 0.02182488523410366 0.0 54 2 5 0 0.0]
[4.1588830833596715 'Spatial' 1.249964443196212 0.02182488523410366
 3.559322033898305 54 2 5 1 4.1588830833596715]
[8.050606082354584 'Spatial' 1.249964443196212 0.02182488523410366
 0.1694915254237288 54 2 5 2 8.050606082354584]
[12.208209566496222 'Spatial' 1.249964443196212 0.02182488523410366
 0.1694915254237288 54 2 5 3 12.208209566496222]
[15.80310092516489 'Spatial' 1.249964443196212 0.02182488523410366
 1.0677966101694913 54 2 5 4 15.80310092516489]
[19.326390362130514 'Spatial' 1.249964443196212 0.02182488523410366
 1.6779661016949152 54 2 5 5 19.326390362130514]
[22.838215457177206 'Spatial' 1.249964443196212 0.02182488523410366
 1.7457627118644066 54 2 5 6 22.838215457177206]
[26.009915040361395 'Spatial' 1.249964443196212 0.02182488523410366
 1.5254237288135593 54 2 5 7 26.009915040361395]
[28.355537001123643 'Spatial' 1.249964443196212 0.02182488523410366
 1.4406779661016949 54 2 5 8 28.355537001123643]
[30.204401951212002 'Spatial' 1.249964443196212 0.02182488523410366
 1.3559322033898304 54 2 5 9 30.204401951212002]
[32.17187604684199 'Spatial' 1.249964443196212 0.02182488523410366
 1.271186440677966 54 2 5 10 32.17187604684199]
[33.69540107118639 'Spatial' 1.249964443196212 0.02182488523410366
 1.1864406779661016 54 2 5 11 33.69540107118639]
[38.57344323127986 'Spatial' 1.249964443196212 0.02182488523410366
 1.1016949152542372 54 2 5 12 38.57344323127986]
[39.7487230493126 'Spatial' 1.249964443196212 0.02182488523410366
 1.0677966101694913 54 2 5 13 39.7487230493126]
[40.94412419598007 'Spatial' 1.249964443196212 0.02182488523410366
 1.0169491525423728 54 2 5 14 40.94412419598007]
[41.922863779020666 'Spatial' 1.249964443196212 0.02182488523410366
 0.9322033898305084 54 2 5 15 41.922863779020666]
[42.73656590414649 'Spatial' 1.249964443196212 0.02182488523410366
 0.8983050847457626 54 2 5 16 42.73656590414649]
[44.0117098122533 'Spatial' 1.249964443196212 0.02182488523410366
 0.8983050847457626 54 2 5 17 44.0117098122533]
[44.99368222614086 'Spatial' 1.249964443196212 0.02182488523410366
 0.8305084745762711 54 2 5 18 44.99368222614086]
[46.37632050854579 'Spatial' 1.249964443196212 0.02182488523410366
 0.7627118644067796 54 2 5 19 46.37632050854579]
[0.0 'Spatial' 1.249964443196212 0.02182488523410366 0.0 54 2 6 0 0.0]
[4.1588830833596715 'Spatial' 1.249964443196212 0.02182488523410366
 3.559322033898305 54 2 6 1 4.1588830833596715]
[8.050606082354584 'Spatial' 1.249964443196212 0.02182488523410366
 0.1694915254237288 54 2 6 2 8.050606082354584]
[12.208209566496222 'Spatial' 1.249964443196212 0.02182488523410366
 0.1694915254237288 54 2 6 3 12.208209566496222]
[15.80310092516489 'Spatial' 1.249964443196212 0.02182488523410366
 1.0677966101694913 54 2 6 4 15.80310092516489]
[19.326390362130514 'Spatial' 1.249964443196212 0.02182488523410366
 1.6779661016949152 54 2 6 5 19.326390362130514]
[22.838215457177206 'Spatial' 1.249964443196212 0.02182488523410366
 1.7457627118644066 54 2 6 6 22.838215457177206]
[26.009915040361395 'Spatial' 1.249964443196212 0.02182488523410366
 1.5254237288135593 54 2 6 7 26.009915040361395]
[28.355537001123643 'Spatial' 1.249964443196212 0.02182488523410366
 1.4406779661016949 54 2 6 8 28.355537001123643]
[30.204401951212002 'Spatial' 1.249964443196212 0.02182488523410366
 1.3559322033898304 54 2 6 9 30.204401951212002]
[32.17187604684199 'Spatial' 1.249964443196212 0.02182488523410366
 1.271186440677966 54 2 6 10 32.17187604684199]
[33.69540107118639 'Spatial' 1.249964443196212 0.02182488523410366
 1.1864406779661016 54 2 6 11 33.69540107118639]
[38.57344323127986 'Spatial' 1.249964443196212 0.02182488523410366
 1.1016949152542372 54 2 6 12 38.57344323127986]
[39.7487230493126 'Spatial' 1.249964443196212 0.02182488523410366
 1.0677966101694913 54 2 6 13 39.7487230493126]
[40.94412419598007 'Spatial' 1.249964443196212 0.02182488523410366
 1.0169491525423728 54 2 6 14 40.94412419598007]
[41.922863779020666 'Spatial' 1.249964443196212 0.02182488523410366
 0.9322033898305084 54 2 6 15 41.922863779020666]
[42.73656590414649 'Spatial' 1.249964443196212 0.02182488523410366
 0.8983050847457626 54 2 6 16 42.73656590414649]
[44.0117098122533 'Spatial' 1.249964443196212 0.02182488523410366
 0.8983050847457626 54 2 6 17 44.0117098122533]
[44.99368222614086 'Spatial' 1.249964443196212 0.02182488523410366
 0.8305084745762711 54 2 6 18 44.99368222614086]
[46.37632050854579 'Spatial' 1.249964443196212 0.02182488523410366
 0.7627118644067796 54 2 6 19 46.37632050854579]
[0.0 'Spatial' 1.249964443196212 0.02182488523410366 0.0 54 2 7 0 0.0]
[4.1588830833596715 'Spatial' 1.249964443196212 0.02182488523410366
 3.559322033898305 54 2 7 1 4.1588830833596715]
[8.050606082354584 'Spatial' 1.249964443196212 0.02182488523410366
 0.1694915254237288 54 2 7 2 8.050606082354584]
[12.208209566496222 'Spatial' 1.249964443196212 0.02182488523410366
 0.1694915254237288 54 2 7 3 12.208209566496222]
[15.80310092516489 'Spatial' 1.249964443196212 0.02182488523410366
 1.0677966101694913 54 2 7 4 15.80310092516489]
[19.326390362130514 'Spatial' 1.249964443196212 0.02182488523410366
 1.6779661016949152 54 2 7 5 19.326390362130514]
[22.838215457177206 'Spatial' 1.249964443196212 0.02182488523410366
 1.7457627118644066 54 2 7 6 22.838215457177206]
[26.009915040361395 'Spatial' 1.249964443196212 0.02182488523410366
 1.5254237288135593 54 2 7 7 26.009915040361395]
[28.355537001123643 'Spatial' 1.249964443196212 0.02182488523410366
 1.4406779661016949 54 2 7 8 28.355537001123643]
[30.204401951212002 'Spatial' 1.249964443196212 0.02182488523410366
 1.3559322033898304 54 2 7 9 30.204401951212002]
[32.17187604684199 'Spatial' 1.249964443196212 0.02182488523410366
 1.271186440677966 54 2 7 10 32.17187604684199]
[33.69540107118639 'Spatial' 1.249964443196212 0.02182488523410366
 1.1864406779661016 54 2 7 11 33.69540107118639]
[38.57344323127986 'Spatial' 1.249964443196212 0.02182488523410366
 1.1016949152542372 54 2 7 12 38.57344323127986]
[39.7487230493126 'Spatial' 1.249964443196212 0.02182488523410366
 1.0677966101694913 54 2 7 13 39.7487230493126]
[40.94412419598007 'Spatial' 1.249964443196212 0.02182488523410366
 1.0169491525423728 54 2 7 14 40.94412419598007]
[41.922863779020666 'Spatial' 1.249964443196212 0.02182488523410366
 0.9322033898305084 54 2 7 15 41.922863779020666]
[42.73656590414649 'Spatial' 1.249964443196212 0.02182488523410366
 0.8983050847457626 54 2 7 16 42.73656590414649]
[44.0117098122533 'Spatial' 1.249964443196212 0.02182488523410366
 0.8983050847457626 54 2 7 17 44.0117098122533]
[44.99368222614086 'Spatial' 1.249964443196212 0.02182488523410366
 0.8305084745762711 54 2 7 18 44.99368222614086]
[46.37632050854579 'Spatial' 1.249964443196212 0.02182488523410366
 0.7627118644067796 54 2 7 19 46.37632050854579]
[0.0 'Spatial' 1.249964443196212 0.02182488523410366 0.0 54 2 8 0 0.0]
[4.1588830833596715 'Spatial' 1.249964443196212 0.02182488523410366
 3.559322033898305 54 2 8 1 4.1588830833596715]
[8.050606082354584 'Spatial' 1.249964443196212 0.02182488523410366
 0.1694915254237288 54 2 8 2 8.050606082354584]
[12.208209566496222 'Spatial' 1.249964443196212 0.02182488523410366
 0.1694915254237288 54 2 8 3 12.208209566496222]
[15.80310092516489 'Spatial' 1.249964443196212 0.02182488523410366
 1.0677966101694913 54 2 8 4 15.80310092516489]
[19.326390362130514 'Spatial' 1.249964443196212 0.02182488523410366
 1.6779661016949152 54 2 8 5 19.326390362130514]
[22.838215457177206 'Spatial' 1.249964443196212 0.02182488523410366
 1.7457627118644066 54 2 8 6 22.838215457177206]
[26.009915040361395 'Spatial' 1.249964443196212 0.02182488523410366
 1.5254237288135593 54 2 8 7 26.009915040361395]
[28.355537001123643 'Spatial' 1.249964443196212 0.02182488523410366
 1.4406779661016949 54 2 8 8 28.355537001123643]
[30.204401951212002 'Spatial' 1.249964443196212 0.02182488523410366
 1.3559322033898304 54 2 8 9 30.204401951212002]
[32.17187604684199 'Spatial' 1.249964443196212 0.02182488523410366
 1.271186440677966 54 2 8 10 32.17187604684199]
[33.69540107118639 'Spatial' 1.249964443196212 0.02182488523410366
 1.1864406779661016 54 2 8 11 33.69540107118639]
[38.57344323127986 'Spatial' 1.249964443196212 0.02182488523410366
 1.1016949152542372 54 2 8 12 38.57344323127986]
[39.7487230493126 'Spatial' 1.249964443196212 0.02182488523410366
 1.0677966101694913 54 2 8 13 39.7487230493126]
[40.94412419598007 'Spatial' 1.249964443196212 0.02182488523410366
 1.0169491525423728 54 2 8 14 40.94412419598007]
[41.922863779020666 'Spatial' 1.249964443196212 0.02182488523410366
 0.9322033898305084 54 2 8 15 41.922863779020666]
[42.73656590414649 'Spatial' 1.249964443196212 0.02182488523410366
 0.8983050847457626 54 2 8 16 42.73656590414649]
[44.0117098122533 'Spatial' 1.249964443196212 0.02182488523410366
 0.8983050847457626 54 2 8 17 44.0117098122533]
[44.99368222614086 'Spatial' 1.249964443196212 0.02182488523410366
 0.8305084745762711 54 2 8 18 44.99368222614086]
[46.37632050854579 'Spatial' 1.249964443196212 0.02182488523410366
 0.7627118644067796 54 2 8 19 46.37632050854579]
