[0.0 'Conceptual' 0 19.63186484087188 40.30807014069271 0.0 62 0 0 12]
[4.897725419849581 'Conceptual' 0 19.63186484087188 40.30807014069271
 10.169491525423728 62 0 1 20]
[6.920323302321787 'Conceptual' 0 19.63186484087188 40.30807014069271
 5.084745762711863 62 0 2 17]
[10.429521211634077 'Conceptual' 0 19.63186484087188 40.30807014069271
 4.661016949152542 62 0 3 22]
[13.0824166771332 'Conceptual' 0 19.63186484087188 40.30807014069271
 3.7796610169491522 62 0 4 27]
[15.247117714961398 'Conceptual' 0 19.63186484087188 40.30807014069271
 2.8813559322033897 62 0 5 12]
[17.437898503354422 'Conceptual' 0 19.63186484087188 40.30807014069271
 2.5254237288135593 62 0 6 13]
[20.487196538861152 'Conceptual' 0 19.63186484087188 40.30807014069271
 2.0338983050847457 62 0 7 14]
[24.881122705648416 'Conceptual' 0 19.63186484087188 40.30807014069271
 1.9491525423728813 62 0 8 15]
[27.357883658495517 'Conceptual' 0 19.63186484087188 40.30807014069271
 2.0338983050847457 62 0 9 8]
[30.411974124356078 'Conceptual' 0 19.63186484087188 40.30807014069271
 1.7457627118644066 62 0 10 9]
[32.96419752122702 'Conceptual' 0 19.63186484087188 40.30807014069271
 1.9152542372881354 62 0 11 22]
[35.30759772249821 'Conceptual' 0 19.63186484087188 40.30807014069271
 1.406779661016949 62 0 12 38]
[37.6207350463261 'Conceptual' 0 19.63186484087188 40.30807014069271
 1.2372881355932202 62 0 13 20]
[40.37047316360149 'Conceptual' 0 19.63186484087188 40.30807014069271
 1.2372881355932202 62 0 14 21]
[44.92942392118608 'Conceptual' 0 19.63186484087188 40.30807014069271
 1.1864406779661016 62 0 15 14]
[47.315018104002284 'Conceptual' 0 19.63186484087188 40.30807014069271
 1.1864406779661016 62 0 16 12]
[50.23091399210953 'Conceptual' 0 19.63186484087188 40.30807014069271
 1.1864406779661016 62 0 17 22]
[54.68266717372583 'Conceptual' 0 19.63186484087188 40.30807014069271
 1.1864406779661016 62 0 18 12]
[57.49158920798498 'Conceptual' 0 19.63186484087188 40.30807014069271
 1.5084745762711864 62 0 19 21]
[0.0 'Conceptual' 0 19.63186484087188 40.30807014069271 0.0 62 1 0 12]
[4.897725419849581 'Conceptual' 0 19.63186484087188 40.30807014069271
 10.169491525423728 62 1 1 20]
[6.920323302321787 'Conceptual' 0 19.63186484087188 40.30807014069271
 5.084745762711863 62 1 2 17]
[10.429521211634077 'Conceptual' 0 19.63186484087188 40.30807014069271
 4.661016949152542 62 1 3 22]
[13.0824166771332 'Conceptual' 0 19.63186484087188 40.30807014069271
 3.7796610169491522 62 1 4 27]
[15.247117714961398 'Conceptual' 0 19.63186484087188 40.30807014069271
 2.8813559322033897 62 1 5 12]
[17.437898503354422 'Conceptual' 0 19.63186484087188 40.30807014069271
 2.5254237288135593 62 1 6 13]
[20.487196538861152 'Conceptual' 0 19.63186484087188 40.30807014069271
 2.0338983050847457 62 1 7 14]
[24.881122705648416 'Conceptual' 0 19.63186484087188 40.30807014069271
 1.9491525423728813 62 1 8 15]
[27.357883658495517 'Conceptual' 0 19.63186484087188 40.30807014069271
 2.0338983050847457 62 1 9 8]
[30.411974124356078 'Conceptual' 0 19.63186484087188 40.30807014069271
 1.7457627118644066 62 1 10 9]
[32.96419752122702 'Conceptual' 0 19.63186484087188 40.30807014069271
 1.9152542372881354 62 1 11 22]
[35.30759772249821 'Conceptual' 0 19.63186484087188 40.30807014069271
 1.406779661016949 62 1 12 38]
[37.6207350463261 'Conceptual' 0 19.63186484087188 40.30807014069271
 1.2372881355932202 62 1 13 20]
[40.37047316360149 'Conceptual' 0 19.63186484087188 40.30807014069271
 1.2372881355932202 62 1 14 21]
[44.92942392118608 'Conceptual' 0 19.63186484087188 40.30807014069271
 1.1864406779661016 62 1 15 14]
[47.315018104002284 'Conceptual' 0 19.63186484087188 40.30807014069271
 1.1864406779661016 62 1 16 12]
[50.23091399210953 'Conceptual' 0 19.63186484087188 40.30807014069271
 1.1864406779661016 62 1 17 22]
[54.68266717372583 'Conceptual' 0 19.63186484087188 40.30807014069271
 1.1864406779661016 62 1 18 12]
[57.49158920798498 'Conceptual' 0 19.63186484087188 40.30807014069271
 1.5084745762711864 62 1 19 21]
[0.0 'Conceptual' 0 19.63186484087188 40.30807014069271 0.0 62 2 0 12]
[4.897725419849581 'Conceptual' 0 19.63186484087188 40.30807014069271
 10.169491525423728 62 2 1 20]
[6.920323302321787 'Conceptual' 0 19.63186484087188 40.30807014069271
 5.084745762711863 62 2 2 17]
[10.429521211634077 'Conceptual' 0 19.63186484087188 40.30807014069271
 4.661016949152542 62 2 3 22]
[13.0824166771332 'Conceptual' 0 19.63186484087188 40.30807014069271
 3.7796610169491522 62 2 4 27]
[15.247117714961398 'Conceptual' 0 19.63186484087188 40.30807014069271
 2.8813559322033897 62 2 5 12]
[17.437898503354422 'Conceptual' 0 19.63186484087188 40.30807014069271
 2.5254237288135593 62 2 6 13]
[20.487196538861152 'Conceptual' 0 19.63186484087188 40.30807014069271
 2.0338983050847457 62 2 7 14]
[24.881122705648416 'Conceptual' 0 19.63186484087188 40.30807014069271
 1.9491525423728813 62 2 8 15]
[27.357883658495517 'Conceptual' 0 19.63186484087188 40.30807014069271
 2.0338983050847457 62 2 9 8]
[30.411974124356078 'Conceptual' 0 19.63186484087188 40.30807014069271
 1.7457627118644066 62 2 10 9]
[32.96419752122702 'Conceptual' 0 19.63186484087188 40.30807014069271
 1.9152542372881354 62 2 11 22]
[35.30759772249821 'Conceptual' 0 19.63186484087188 40.30807014069271
 1.406779661016949 62 2 12 38]
[37.6207350463261 'Conceptual' 0 19.63186484087188 40.30807014069271
 1.2372881355932202 62 2 13 20]
[40.37047316360149 'Conceptual' 0 19.63186484087188 40.30807014069271
 1.2372881355932202 62 2 14 21]
[44.92942392118608 'Conceptual' 0 19.63186484087188 40.30807014069271
 1.1864406779661016 62 2 15 14]
[47.315018104002284 'Conceptual' 0 19.63186484087188 40.30807014069271
 1.1864406779661016 62 2 16 12]
[50.23091399210953 'Conceptual' 0 19.63186484087188 40.30807014069271
 1.1864406779661016 62 2 17 22]
[54.68266717372583 'Conceptual' 0 19.63186484087188 40.30807014069271
 1.1864406779661016 62 2 18 12]
[57.49158920798498 'Conceptual' 0 19.63186484087188 40.30807014069271
 1.5084745762711864 62 2 19 21]
[0.0 'Conceptual' 0 19.63186484087188 40.30807014069271 0.0 62 3 0 12]
[4.897725419849581 'Conceptual' 0 19.63186484087188 40.30807014069271
 10.169491525423728 62 3 1 20]
[6.920323302321787 'Conceptual' 0 19.63186484087188 40.30807014069271
 5.084745762711863 62 3 2 17]
[10.429521211634077 'Conceptual' 0 19.63186484087188 40.30807014069271
 4.661016949152542 62 3 3 22]
[13.0824166771332 'Conceptual' 0 19.63186484087188 40.30807014069271
 3.7796610169491522 62 3 4 27]
[15.247117714961398 'Conceptual' 0 19.63186484087188 40.30807014069271
 2.8813559322033897 62 3 5 12]
[17.437898503354422 'Conceptual' 0 19.63186484087188 40.30807014069271
 2.5254237288135593 62 3 6 13]
[20.487196538861152 'Conceptual' 0 19.63186484087188 40.30807014069271
 2.0338983050847457 62 3 7 14]
[24.881122705648416 'Conceptual' 0 19.63186484087188 40.30807014069271
 1.9491525423728813 62 3 8 15]
[27.357883658495517 'Conceptual' 0 19.63186484087188 40.30807014069271
 2.0338983050847457 62 3 9 8]
[30.411974124356078 'Conceptual' 0 19.63186484087188 40.30807014069271
 1.7457627118644066 62 3 10 9]
[32.96419752122702 'Conceptual' 0 19.63186484087188 40.30807014069271
 1.9152542372881354 62 3 11 22]
[35.30759772249821 'Conceptual' 0 19.63186484087188 40.30807014069271
 1.406779661016949 62 3 12 38]
[37.6207350463261 'Conceptual' 0 19.63186484087188 40.30807014069271
 1.2372881355932202 62 3 13 20]
[40.37047316360149 'Conceptual' 0 19.63186484087188 40.30807014069271
 1.2372881355932202 62 3 14 21]
[44.92942392118608 'Conceptual' 0 19.63186484087188 40.30807014069271
 1.1864406779661016 62 3 15 14]
[47.315018104002284 'Conceptual' 0 19.63186484087188 40.30807014069271
 1.1864406779661016 62 3 16 12]
[50.23091399210953 'Conceptual' 0 19.63186484087188 40.30807014069271
 1.1864406779661016 62 3 17 22]
[54.68266717372583 'Conceptual' 0 19.63186484087188 40.30807014069271
 1.1864406779661016 62 3 18 12]
[57.49158920798498 'Conceptual' 0 19.63186484087188 40.30807014069271
 1.5084745762711864 62 3 19 21]
[0.0 'Conceptual' 0 19.63186484087188 40.30807014069271 0.0 62 4 0 12]
[4.897725419849581 'Conceptual' 0 19.63186484087188 40.30807014069271
 10.169491525423728 62 4 1 20]
[6.920323302321787 'Conceptual' 0 19.63186484087188 40.30807014069271
 5.084745762711863 62 4 2 17]
[10.429521211634077 'Conceptual' 0 19.63186484087188 40.30807014069271
 4.661016949152542 62 4 3 22]
[13.0824166771332 'Conceptual' 0 19.63186484087188 40.30807014069271
 3.7796610169491522 62 4 4 27]
[15.247117714961398 'Conceptual' 0 19.63186484087188 40.30807014069271
 2.8813559322033897 62 4 5 12]
[17.437898503354422 'Conceptual' 0 19.63186484087188 40.30807014069271
 2.5254237288135593 62 4 6 13]
[20.487196538861152 'Conceptual' 0 19.63186484087188 40.30807014069271
 2.0338983050847457 62 4 7 14]
[24.881122705648416 'Conceptual' 0 19.63186484087188 40.30807014069271
 1.9491525423728813 62 4 8 15]
[27.357883658495517 'Conceptual' 0 19.63186484087188 40.30807014069271
 2.0338983050847457 62 4 9 8]
[30.411974124356078 'Conceptual' 0 19.63186484087188 40.30807014069271
 1.7457627118644066 62 4 10 9]
[32.96419752122702 'Conceptual' 0 19.63186484087188 40.30807014069271
 1.9152542372881354 62 4 11 22]
[35.30759772249821 'Conceptual' 0 19.63186484087188 40.30807014069271
 1.406779661016949 62 4 12 38]
[37.6207350463261 'Conceptual' 0 19.63186484087188 40.30807014069271
 1.2372881355932202 62 4 13 20]
[40.37047316360149 'Conceptual' 0 19.63186484087188 40.30807014069271
 1.2372881355932202 62 4 14 21]
[44.92942392118608 'Conceptual' 0 19.63186484087188 40.30807014069271
 1.1864406779661016 62 4 15 14]
[47.315018104002284 'Conceptual' 0 19.63186484087188 40.30807014069271
 1.1864406779661016 62 4 16 12]
[50.23091399210953 'Conceptual' 0 19.63186484087188 40.30807014069271
 1.1864406779661016 62 4 17 22]
[54.68266717372583 'Conceptual' 0 19.63186484087188 40.30807014069271
 1.1864406779661016 62 4 18 12]
[57.49158920798498 'Conceptual' 0 19.63186484087188 40.30807014069271
 1.5084745762711864 62 4 19 21]
[0.0 'Conceptual' 0 19.63186484087188 40.30807014069271 0.0 62 5 0 12]
[4.897725419849581 'Conceptual' 0 19.63186484087188 40.30807014069271
 10.169491525423728 62 5 1 20]
[6.920323302321787 'Conceptual' 0 19.63186484087188 40.30807014069271
 5.084745762711863 62 5 2 17]
[10.429521211634077 'Conceptual' 0 19.63186484087188 40.30807014069271
 4.661016949152542 62 5 3 22]
[13.0824166771332 'Conceptual' 0 19.63186484087188 40.30807014069271
 3.7796610169491522 62 5 4 27]
[15.247117714961398 'Conceptual' 0 19.63186484087188 40.30807014069271
 2.8813559322033897 62 5 5 12]
[17.437898503354422 'Conceptual' 0 19.63186484087188 40.30807014069271
 2.5254237288135593 62 5 6 13]
[20.487196538861152 'Conceptual' 0 19.63186484087188 40.30807014069271
 2.0338983050847457 62 5 7 14]
[24.881122705648416 'Conceptual' 0 19.63186484087188 40.30807014069271
 1.9491525423728813 62 5 8 15]
[27.357883658495517 'Conceptual' 0 19.63186484087188 40.30807014069271
 2.0338983050847457 62 5 9 8]
[30.411974124356078 'Conceptual' 0 19.63186484087188 40.30807014069271
 1.7457627118644066 62 5 10 9]
[32.96419752122702 'Conceptual' 0 19.63186484087188 40.30807014069271
 1.9152542372881354 62 5 11 22]
[35.30759772249821 'Conceptual' 0 19.63186484087188 40.30807014069271
 1.406779661016949 62 5 12 38]
[37.6207350463261 'Conceptual' 0 19.63186484087188 40.30807014069271
 1.2372881355932202 62 5 13 20]
[40.37047316360149 'Conceptual' 0 19.63186484087188 40.30807014069271
 1.2372881355932202 62 5 14 21]
[44.92942392118608 'Conceptual' 0 19.63186484087188 40.30807014069271
 1.1864406779661016 62 5 15 14]
[47.315018104002284 'Conceptual' 0 19.63186484087188 40.30807014069271
 1.1864406779661016 62 5 16 12]
[50.23091399210953 'Conceptual' 0 19.63186484087188 40.30807014069271
 1.1864406779661016 62 5 17 22]
[54.68266717372583 'Conceptual' 0 19.63186484087188 40.30807014069271
 1.1864406779661016 62 5 18 12]
[57.49158920798498 'Conceptual' 0 19.63186484087188 40.30807014069271
 1.5084745762711864 62 5 19 21]
[0.0 'Conceptual' 0 19.63186484087188 40.30807014069271 0.0 62 6 0 12]
[4.897725419849581 'Conceptual' 0 19.63186484087188 40.30807014069271
 10.169491525423728 62 6 1 20]
[6.920323302321787 'Conceptual' 0 19.63186484087188 40.30807014069271
 5.084745762711863 62 6 2 17]
[10.429521211634077 'Conceptual' 0 19.63186484087188 40.30807014069271
 4.661016949152542 62 6 3 22]
[13.0824166771332 'Conceptual' 0 19.63186484087188 40.30807014069271
 3.7796610169491522 62 6 4 27]
[15.247117714961398 'Conceptual' 0 19.63186484087188 40.30807014069271
 2.8813559322033897 62 6 5 12]
[17.437898503354422 'Conceptual' 0 19.63186484087188 40.30807014069271
 2.5254237288135593 62 6 6 13]
[20.487196538861152 'Conceptual' 0 19.63186484087188 40.30807014069271
 2.0338983050847457 62 6 7 14]
[24.881122705648416 'Conceptual' 0 19.63186484087188 40.30807014069271
 1.9491525423728813 62 6 8 15]
[27.357883658495517 'Conceptual' 0 19.63186484087188 40.30807014069271
 2.0338983050847457 62 6 9 8]
[30.411974124356078 'Conceptual' 0 19.63186484087188 40.30807014069271
 1.7457627118644066 62 6 10 9]
[32.96419752122702 'Conceptual' 0 19.63186484087188 40.30807014069271
 1.9152542372881354 62 6 11 22]
[35.30759772249821 'Conceptual' 0 19.63186484087188 40.30807014069271
 1.406779661016949 62 6 12 38]
[37.6207350463261 'Conceptual' 0 19.63186484087188 40.30807014069271
 1.2372881355932202 62 6 13 20]
[40.37047316360149 'Conceptual' 0 19.63186484087188 40.30807014069271
 1.2372881355932202 62 6 14 21]
[44.92942392118608 'Conceptual' 0 19.63186484087188 40.30807014069271
 1.1864406779661016 62 6 15 14]
[47.315018104002284 'Conceptual' 0 19.63186484087188 40.30807014069271
 1.1864406779661016 62 6 16 12]
[50.23091399210953 'Conceptual' 0 19.63186484087188 40.30807014069271
 1.1864406779661016 62 6 17 22]
[54.68266717372583 'Conceptual' 0 19.63186484087188 40.30807014069271
 1.1864406779661016 62 6 18 12]
[57.49158920798498 'Conceptual' 0 19.63186484087188 40.30807014069271
 1.5084745762711864 62 6 19 21]
[0.0 'Conceptual' 0 19.63186484087188 40.30807014069271 0.0 62 7 0 12]
[4.897725419849581 'Conceptual' 0 19.63186484087188 40.30807014069271
 10.169491525423728 62 7 1 20]
[6.920323302321787 'Conceptual' 0 19.63186484087188 40.30807014069271
 5.084745762711863 62 7 2 17]
[10.429521211634077 'Conceptual' 0 19.63186484087188 40.30807014069271
 4.661016949152542 62 7 3 22]
[13.0824166771332 'Conceptual' 0 19.63186484087188 40.30807014069271
 3.7796610169491522 62 7 4 27]
[15.247117714961398 'Conceptual' 0 19.63186484087188 40.30807014069271
 2.8813559322033897 62 7 5 12]
[17.437898503354422 'Conceptual' 0 19.63186484087188 40.30807014069271
 2.5254237288135593 62 7 6 13]
[20.487196538861152 'Conceptual' 0 19.63186484087188 40.30807014069271
 2.0338983050847457 62 7 7 14]
[24.881122705648416 'Conceptual' 0 19.63186484087188 40.30807014069271
 1.9491525423728813 62 7 8 15]
[27.357883658495517 'Conceptual' 0 19.63186484087188 40.30807014069271
 2.0338983050847457 62 7 9 8]
[30.411974124356078 'Conceptual' 0 19.63186484087188 40.30807014069271
 1.7457627118644066 62 7 10 9]
[32.96419752122702 'Conceptual' 0 19.63186484087188 40.30807014069271
 1.9152542372881354 62 7 11 22]
[35.30759772249821 'Conceptual' 0 19.63186484087188 40.30807014069271
 1.406779661016949 62 7 12 38]
[37.6207350463261 'Conceptual' 0 19.63186484087188 40.30807014069271
 1.2372881355932202 62 7 13 20]
[40.37047316360149 'Conceptual' 0 19.63186484087188 40.30807014069271
 1.2372881355932202 62 7 14 21]
[44.92942392118608 'Conceptual' 0 19.63186484087188 40.30807014069271
 1.1864406779661016 62 7 15 14]
[47.315018104002284 'Conceptual' 0 19.63186484087188 40.30807014069271
 1.1864406779661016 62 7 16 12]
[50.23091399210953 'Conceptual' 0 19.63186484087188 40.30807014069271
 1.1864406779661016 62 7 17 22]
[54.68266717372583 'Conceptual' 0 19.63186484087188 40.30807014069271
 1.1864406779661016 62 7 18 12]
[57.49158920798498 'Conceptual' 0 19.63186484087188 40.30807014069271
 1.5084745762711864 62 7 19 21]
[0.0 'Conceptual' 0 19.63186484087188 40.30807014069271 0.0 62 8 0 12]
[4.897725419849581 'Conceptual' 0 19.63186484087188 40.30807014069271
 10.169491525423728 62 8 1 20]
[6.920323302321787 'Conceptual' 0 19.63186484087188 40.30807014069271
 5.084745762711863 62 8 2 17]
[10.429521211634077 'Conceptual' 0 19.63186484087188 40.30807014069271
 4.661016949152542 62 8 3 22]
[13.0824166771332 'Conceptual' 0 19.63186484087188 40.30807014069271
 3.7796610169491522 62 8 4 27]
[15.247117714961398 'Conceptual' 0 19.63186484087188 40.30807014069271
 2.8813559322033897 62 8 5 12]
[17.437898503354422 'Conceptual' 0 19.63186484087188 40.30807014069271
 2.5254237288135593 62 8 6 13]
[20.487196538861152 'Conceptual' 0 19.63186484087188 40.30807014069271
 2.0338983050847457 62 8 7 14]
[24.881122705648416 'Conceptual' 0 19.63186484087188 40.30807014069271
 1.9491525423728813 62 8 8 15]
[27.357883658495517 'Conceptual' 0 19.63186484087188 40.30807014069271
 2.0338983050847457 62 8 9 8]
[30.411974124356078 'Conceptual' 0 19.63186484087188 40.30807014069271
 1.7457627118644066 62 8 10 9]
[32.96419752122702 'Conceptual' 0 19.63186484087188 40.30807014069271
 1.9152542372881354 62 8 11 22]
[35.30759772249821 'Conceptual' 0 19.63186484087188 40.30807014069271
 1.406779661016949 62 8 12 38]
[37.6207350463261 'Conceptual' 0 19.63186484087188 40.30807014069271
 1.2372881355932202 62 8 13 20]
[40.37047316360149 'Conceptual' 0 19.63186484087188 40.30807014069271
 1.2372881355932202 62 8 14 21]
[44.92942392118608 'Conceptual' 0 19.63186484087188 40.30807014069271
 1.1864406779661016 62 8 15 14]
[47.315018104002284 'Conceptual' 0 19.63186484087188 40.30807014069271
 1.1864406779661016 62 8 16 12]
[50.23091399210953 'Conceptual' 0 19.63186484087188 40.30807014069271
 1.1864406779661016 62 8 17 22]
[54.68266717372583 'Conceptual' 0 19.63186484087188 40.30807014069271
 1.1864406779661016 62 8 18 12]
[57.49158920798498 'Conceptual' 0 19.63186484087188 40.30807014069271
 1.5084745762711864 62 8 19 21]
