[0.0 'Conceptual' 1 1.239556521240718 0.004906640193132965 0.0 9 0 0 0]
[4.099220610640848 'Conceptual' 1 1.239556521240718 0.004906640193132965
 0.1694915254237288 9 0 1 63]
[8.262863140013707 'Conceptual' 1 1.239556521240718 0.004906640193132965
 0.1694915254237288 9 0 2 63]
[12.229707182080459 'Conceptual' 1 1.239556521240718 0.004906640193132965
 2.254237288135593 9 0 3 63]
[15.822317758011646 'Conceptual' 1 1.239556521240718 0.004906640193132965
 1.5254237288135593 9 0 4 63]
[18.99396976095773 'Conceptual' 1 1.239556521240718 0.004906640193132965
 1.5762711864406778 9 0 5 34]
[21.469748269794135 'Conceptual' 1 1.239556521240718 0.004906640193132965
 1.5084745762711864 9 0 6 63]
[23.273076762584566 'Conceptual' 1 1.239556521240718 0.004906640193132965
 1.3559322033898304 9 0 7 63]
[24.452141989475365 'Conceptual' 1 1.239556521240718 0.004906640193132965
 1.2372881355932202 9 0 8 63]
[25.081132305262614 'Conceptual' 1 1.239556521240718 0.004906640193132965
 1.1694915254237288 9 0 9 63]
[25.264768825211373 'Conceptual' 1 1.239556521240718 0.004906640193132965
 1.0677966101694913 9 0 10 63]
[29.91855222525312 'Conceptual' 1 1.239556521240718 0.004906640193132965
 1.0677966101694913 9 0 11 63]
[29.884944013399917 'Conceptual' 1 1.239556521240718 0.004906640193132965
 0.9999999999999999 9 0 12 63]
[29.68038418184436 'Conceptual' 1 1.239556521240718 0.004906640193132965
 0.8983050847457626 9 0 13 63]
[29.428831709184625 'Conceptual' 1 1.239556521240718 0.004906640193132965
 0.8983050847457626 9 0 14 63]
[31.86186524110518 'Conceptual' 1 1.239556521240718 0.004906640193132965
 0.8983050847457626 9 0 15 63]
[37.11590428757891 'Conceptual' 1 1.239556521240718 0.004906640193132965
 0.847457627118644 9 0 16 63]
[37.4851537061475 'Conceptual' 1 1.239556521240718 0.004906640193132965
 0.7627118644067796 9 0 17 63]
[38.014363031501034 'Conceptual' 1 1.239556521240718 0.004906640193132965
 0.7288135593220338 9 0 18 63]
[38.77532623314785 'Conceptual' 1 1.239556521240718 0.004906640193132965
 0.6779661016949152 9 0 19 63]
[0.0 'Conceptual' 1 1.239556521240718 0.004906640193132965 0.0 9 1 0 0]
[4.099220610640848 'Conceptual' 1 1.239556521240718 0.004906640193132965
 0.1694915254237288 9 1 1 63]
[8.262863140013707 'Conceptual' 1 1.239556521240718 0.004906640193132965
 0.1694915254237288 9 1 2 63]
[12.229707182080459 'Conceptual' 1 1.239556521240718 0.004906640193132965
 2.254237288135593 9 1 3 63]
[15.822317758011646 'Conceptual' 1 1.239556521240718 0.004906640193132965
 1.5254237288135593 9 1 4 63]
[18.99396976095773 'Conceptual' 1 1.239556521240718 0.004906640193132965
 1.5762711864406778 9 1 5 34]
[21.469748269794135 'Conceptual' 1 1.239556521240718 0.004906640193132965
 1.5084745762711864 9 1 6 63]
[23.273076762584566 'Conceptual' 1 1.239556521240718 0.004906640193132965
 1.3559322033898304 9 1 7 63]
[24.452141989475365 'Conceptual' 1 1.239556521240718 0.004906640193132965
 1.2372881355932202 9 1 8 63]
[25.081132305262614 'Conceptual' 1 1.239556521240718 0.004906640193132965
 1.1694915254237288 9 1 9 63]
[25.264768825211373 'Conceptual' 1 1.239556521240718 0.004906640193132965
 1.0677966101694913 9 1 10 63]
[29.91855222525312 'Conceptual' 1 1.239556521240718 0.004906640193132965
 1.0677966101694913 9 1 11 63]
[29.884944013399917 'Conceptual' 1 1.239556521240718 0.004906640193132965
 0.9999999999999999 9 1 12 63]
[29.68038418184436 'Conceptual' 1 1.239556521240718 0.004906640193132965
 0.8983050847457626 9 1 13 63]
[29.428831709184625 'Conceptual' 1 1.239556521240718 0.004906640193132965
 0.8983050847457626 9 1 14 63]
[31.86186524110518 'Conceptual' 1 1.239556521240718 0.004906640193132965
 0.8983050847457626 9 1 15 63]
[37.11590428757891 'Conceptual' 1 1.239556521240718 0.004906640193132965
 0.847457627118644 9 1 16 63]
[37.4851537061475 'Conceptual' 1 1.239556521240718 0.004906640193132965
 0.7627118644067796 9 1 17 63]
[38.014363031501034 'Conceptual' 1 1.239556521240718 0.004906640193132965
 0.7288135593220338 9 1 18 63]
[38.77532623314785 'Conceptual' 1 1.239556521240718 0.004906640193132965
 0.6779661016949152 9 1 19 63]
[0.0 'Conceptual' 1 1.239556521240718 0.004906640193132965 0.0 9 2 0 0]
[4.099220610640848 'Conceptual' 1 1.239556521240718 0.004906640193132965
 0.1694915254237288 9 2 1 63]
[8.262863140013707 'Conceptual' 1 1.239556521240718 0.004906640193132965
 0.1694915254237288 9 2 2 63]
[12.229707182080459 'Conceptual' 1 1.239556521240718 0.004906640193132965
 2.254237288135593 9 2 3 63]
[15.822317758011646 'Conceptual' 1 1.239556521240718 0.004906640193132965
 1.5254237288135593 9 2 4 63]
[18.99396976095773 'Conceptual' 1 1.239556521240718 0.004906640193132965
 1.5762711864406778 9 2 5 34]
[21.469748269794135 'Conceptual' 1 1.239556521240718 0.004906640193132965
 1.5084745762711864 9 2 6 63]
[23.273076762584566 'Conceptual' 1 1.239556521240718 0.004906640193132965
 1.3559322033898304 9 2 7 63]
[24.452141989475365 'Conceptual' 1 1.239556521240718 0.004906640193132965
 1.2372881355932202 9 2 8 63]
[25.081132305262614 'Conceptual' 1 1.239556521240718 0.004906640193132965
 1.1694915254237288 9 2 9 63]
[25.264768825211373 'Conceptual' 1 1.239556521240718 0.004906640193132965
 1.0677966101694913 9 2 10 63]
[29.91855222525312 'Conceptual' 1 1.239556521240718 0.004906640193132965
 1.0677966101694913 9 2 11 63]
[29.884944013399917 'Conceptual' 1 1.239556521240718 0.004906640193132965
 0.9999999999999999 9 2 12 63]
[29.68038418184436 'Conceptual' 1 1.239556521240718 0.004906640193132965
 0.8983050847457626 9 2 13 63]
[29.428831709184625 'Conceptual' 1 1.239556521240718 0.004906640193132965
 0.8983050847457626 9 2 14 63]
[31.86186524110518 'Conceptual' 1 1.239556521240718 0.004906640193132965
 0.8983050847457626 9 2 15 63]
[37.11590428757891 'Conceptual' 1 1.239556521240718 0.004906640193132965
 0.847457627118644 9 2 16 63]
[37.4851537061475 'Conceptual' 1 1.239556521240718 0.004906640193132965
 0.7627118644067796 9 2 17 63]
[38.014363031501034 'Conceptual' 1 1.239556521240718 0.004906640193132965
 0.7288135593220338 9 2 18 63]
[38.77532623314785 'Conceptual' 1 1.239556521240718 0.004906640193132965
 0.6779661016949152 9 2 19 63]
[0.0 'Conceptual' 1 1.239556521240718 0.004906640193132965 0.0 9 3 0 0]
[4.099220610640848 'Conceptual' 1 1.239556521240718 0.004906640193132965
 0.1694915254237288 9 3 1 63]
[8.262863140013707 'Conceptual' 1 1.239556521240718 0.004906640193132965
 0.1694915254237288 9 3 2 63]
[12.229707182080459 'Conceptual' 1 1.239556521240718 0.004906640193132965
 2.254237288135593 9 3 3 63]
[15.822317758011646 'Conceptual' 1 1.239556521240718 0.004906640193132965
 1.5254237288135593 9 3 4 63]
[18.99396976095773 'Conceptual' 1 1.239556521240718 0.004906640193132965
 1.5762711864406778 9 3 5 34]
[21.469748269794135 'Conceptual' 1 1.239556521240718 0.004906640193132965
 1.5084745762711864 9 3 6 63]
[23.273076762584566 'Conceptual' 1 1.239556521240718 0.004906640193132965
 1.3559322033898304 9 3 7 63]
[24.452141989475365 'Conceptual' 1 1.239556521240718 0.004906640193132965
 1.2372881355932202 9 3 8 63]
[25.081132305262614 'Conceptual' 1 1.239556521240718 0.004906640193132965
 1.1694915254237288 9 3 9 63]
[25.264768825211373 'Conceptual' 1 1.239556521240718 0.004906640193132965
 1.0677966101694913 9 3 10 63]
[29.91855222525312 'Conceptual' 1 1.239556521240718 0.004906640193132965
 1.0677966101694913 9 3 11 63]
[29.884944013399917 'Conceptual' 1 1.239556521240718 0.004906640193132965
 0.9999999999999999 9 3 12 63]
[29.68038418184436 'Conceptual' 1 1.239556521240718 0.004906640193132965
 0.8983050847457626 9 3 13 63]
[29.428831709184625 'Conceptual' 1 1.239556521240718 0.004906640193132965
 0.8983050847457626 9 3 14 63]
[31.86186524110518 'Conceptual' 1 1.239556521240718 0.004906640193132965
 0.8983050847457626 9 3 15 63]
[37.11590428757891 'Conceptual' 1 1.239556521240718 0.004906640193132965
 0.847457627118644 9 3 16 63]
[37.4851537061475 'Conceptual' 1 1.239556521240718 0.004906640193132965
 0.7627118644067796 9 3 17 63]
[38.014363031501034 'Conceptual' 1 1.239556521240718 0.004906640193132965
 0.7288135593220338 9 3 18 63]
[38.77532623314785 'Conceptual' 1 1.239556521240718 0.004906640193132965
 0.6779661016949152 9 3 19 63]
[0.0 'Conceptual' 1 1.239556521240718 0.004906640193132965 0.0 9 4 0 0]
[4.099220610640848 'Conceptual' 1 1.239556521240718 0.004906640193132965
 0.1694915254237288 9 4 1 63]
[8.262863140013707 'Conceptual' 1 1.239556521240718 0.004906640193132965
 0.1694915254237288 9 4 2 63]
[12.229707182080459 'Conceptual' 1 1.239556521240718 0.004906640193132965
 2.254237288135593 9 4 3 63]
[15.822317758011646 'Conceptual' 1 1.239556521240718 0.004906640193132965
 1.5254237288135593 9 4 4 63]
[18.99396976095773 'Conceptual' 1 1.239556521240718 0.004906640193132965
 1.5762711864406778 9 4 5 34]
[21.469748269794135 'Conceptual' 1 1.239556521240718 0.004906640193132965
 1.5084745762711864 9 4 6 63]
[23.273076762584566 'Conceptual' 1 1.239556521240718 0.004906640193132965
 1.3559322033898304 9 4 7 63]
[24.452141989475365 'Conceptual' 1 1.239556521240718 0.004906640193132965
 1.2372881355932202 9 4 8 63]
[25.081132305262614 'Conceptual' 1 1.239556521240718 0.004906640193132965
 1.1694915254237288 9 4 9 63]
[25.264768825211373 'Conceptual' 1 1.239556521240718 0.004906640193132965
 1.0677966101694913 9 4 10 63]
[29.91855222525312 'Conceptual' 1 1.239556521240718 0.004906640193132965
 1.0677966101694913 9 4 11 63]
[29.884944013399917 'Conceptual' 1 1.239556521240718 0.004906640193132965
 0.9999999999999999 9 4 12 63]
[29.68038418184436 'Conceptual' 1 1.239556521240718 0.004906640193132965
 0.8983050847457626 9 4 13 63]
[29.428831709184625 'Conceptual' 1 1.239556521240718 0.004906640193132965
 0.8983050847457626 9 4 14 63]
[31.86186524110518 'Conceptual' 1 1.239556521240718 0.004906640193132965
 0.8983050847457626 9 4 15 63]
[37.11590428757891 'Conceptual' 1 1.239556521240718 0.004906640193132965
 0.847457627118644 9 4 16 63]
[37.4851537061475 'Conceptual' 1 1.239556521240718 0.004906640193132965
 0.7627118644067796 9 4 17 63]
[38.014363031501034 'Conceptual' 1 1.239556521240718 0.004906640193132965
 0.7288135593220338 9 4 18 63]
[38.77532623314785 'Conceptual' 1 1.239556521240718 0.004906640193132965
 0.6779661016949152 9 4 19 63]
[0.0 'Conceptual' 1 1.239556521240718 0.004906640193132965 0.0 9 5 0 0]
[4.099220610640848 'Conceptual' 1 1.239556521240718 0.004906640193132965
 0.1694915254237288 9 5 1 63]
[8.262863140013707 'Conceptual' 1 1.239556521240718 0.004906640193132965
 0.1694915254237288 9 5 2 63]
[12.229707182080459 'Conceptual' 1 1.239556521240718 0.004906640193132965
 2.254237288135593 9 5 3 63]
[15.822317758011646 'Conceptual' 1 1.239556521240718 0.004906640193132965
 1.5254237288135593 9 5 4 63]
[18.99396976095773 'Conceptual' 1 1.239556521240718 0.004906640193132965
 1.5762711864406778 9 5 5 34]
[21.469748269794135 'Conceptual' 1 1.239556521240718 0.004906640193132965
 1.5084745762711864 9 5 6 63]
[23.273076762584566 'Conceptual' 1 1.239556521240718 0.004906640193132965
 1.3559322033898304 9 5 7 63]
[24.452141989475365 'Conceptual' 1 1.239556521240718 0.004906640193132965
 1.2372881355932202 9 5 8 63]
[25.081132305262614 'Conceptual' 1 1.239556521240718 0.004906640193132965
 1.1694915254237288 9 5 9 63]
[25.264768825211373 'Conceptual' 1 1.239556521240718 0.004906640193132965
 1.0677966101694913 9 5 10 63]
[29.91855222525312 'Conceptual' 1 1.239556521240718 0.004906640193132965
 1.0677966101694913 9 5 11 63]
[29.884944013399917 'Conceptual' 1 1.239556521240718 0.004906640193132965
 0.9999999999999999 9 5 12 63]
[29.68038418184436 'Conceptual' 1 1.239556521240718 0.004906640193132965
 0.8983050847457626 9 5 13 63]
[29.428831709184625 'Conceptual' 1 1.239556521240718 0.004906640193132965
 0.8983050847457626 9 5 14 63]
[31.86186524110518 'Conceptual' 1 1.239556521240718 0.004906640193132965
 0.8983050847457626 9 5 15 63]
[37.11590428757891 'Conceptual' 1 1.239556521240718 0.004906640193132965
 0.847457627118644 9 5 16 63]
[37.4851537061475 'Conceptual' 1 1.239556521240718 0.004906640193132965
 0.7627118644067796 9 5 17 63]
[38.014363031501034 'Conceptual' 1 1.239556521240718 0.004906640193132965
 0.7288135593220338 9 5 18 63]
[38.77532623314785 'Conceptual' 1 1.239556521240718 0.004906640193132965
 0.6779661016949152 9 5 19 63]
[0.0 'Conceptual' 1 1.239556521240718 0.004906640193132965 0.0 9 6 0 0]
[4.099220610640848 'Conceptual' 1 1.239556521240718 0.004906640193132965
 0.1694915254237288 9 6 1 63]
[8.262863140013707 'Conceptual' 1 1.239556521240718 0.004906640193132965
 0.1694915254237288 9 6 2 63]
[12.229707182080459 'Conceptual' 1 1.239556521240718 0.004906640193132965
 2.254237288135593 9 6 3 63]
[15.822317758011646 'Conceptual' 1 1.239556521240718 0.004906640193132965
 1.5254237288135593 9 6 4 63]
[18.99396976095773 'Conceptual' 1 1.239556521240718 0.004906640193132965
 1.5762711864406778 9 6 5 34]
[21.469748269794135 'Conceptual' 1 1.239556521240718 0.004906640193132965
 1.5084745762711864 9 6 6 63]
[23.273076762584566 'Conceptual' 1 1.239556521240718 0.004906640193132965
 1.3559322033898304 9 6 7 63]
[24.452141989475365 'Conceptual' 1 1.239556521240718 0.004906640193132965
 1.2372881355932202 9 6 8 63]
[25.081132305262614 'Conceptual' 1 1.239556521240718 0.004906640193132965
 1.1694915254237288 9 6 9 63]
[25.264768825211373 'Conceptual' 1 1.239556521240718 0.004906640193132965
 1.0677966101694913 9 6 10 63]
[29.91855222525312 'Conceptual' 1 1.239556521240718 0.004906640193132965
 1.0677966101694913 9 6 11 63]
[29.884944013399917 'Conceptual' 1 1.239556521240718 0.004906640193132965
 0.9999999999999999 9 6 12 63]
[29.68038418184436 'Conceptual' 1 1.239556521240718 0.004906640193132965
 0.8983050847457626 9 6 13 63]
[29.428831709184625 'Conceptual' 1 1.239556521240718 0.004906640193132965
 0.8983050847457626 9 6 14 63]
[31.86186524110518 'Conceptual' 1 1.239556521240718 0.004906640193132965
 0.8983050847457626 9 6 15 63]
[37.11590428757891 'Conceptual' 1 1.239556521240718 0.004906640193132965
 0.847457627118644 9 6 16 63]
[37.4851537061475 'Conceptual' 1 1.239556521240718 0.004906640193132965
 0.7627118644067796 9 6 17 63]
[38.014363031501034 'Conceptual' 1 1.239556521240718 0.004906640193132965
 0.7288135593220338 9 6 18 63]
[38.77532623314785 'Conceptual' 1 1.239556521240718 0.004906640193132965
 0.6779661016949152 9 6 19 63]
[0.0 'Conceptual' 1 1.239556521240718 0.004906640193132965 0.0 9 7 0 0]
[4.099220610640848 'Conceptual' 1 1.239556521240718 0.004906640193132965
 0.1694915254237288 9 7 1 63]
[8.262863140013707 'Conceptual' 1 1.239556521240718 0.004906640193132965
 0.1694915254237288 9 7 2 63]
[12.229707182080459 'Conceptual' 1 1.239556521240718 0.004906640193132965
 2.254237288135593 9 7 3 63]
[15.822317758011646 'Conceptual' 1 1.239556521240718 0.004906640193132965
 1.5254237288135593 9 7 4 63]
[18.99396976095773 'Conceptual' 1 1.239556521240718 0.004906640193132965
 1.5762711864406778 9 7 5 34]
[21.469748269794135 'Conceptual' 1 1.239556521240718 0.004906640193132965
 1.5084745762711864 9 7 6 63]
[23.273076762584566 'Conceptual' 1 1.239556521240718 0.004906640193132965
 1.3559322033898304 9 7 7 63]
[24.452141989475365 'Conceptual' 1 1.239556521240718 0.004906640193132965
 1.2372881355932202 9 7 8 63]
[25.081132305262614 'Conceptual' 1 1.239556521240718 0.004906640193132965
 1.1694915254237288 9 7 9 63]
[25.264768825211373 'Conceptual' 1 1.239556521240718 0.004906640193132965
 1.0677966101694913 9 7 10 63]
[29.91855222525312 'Conceptual' 1 1.239556521240718 0.004906640193132965
 1.0677966101694913 9 7 11 63]
[29.884944013399917 'Conceptual' 1 1.239556521240718 0.004906640193132965
 0.9999999999999999 9 7 12 63]
[29.68038418184436 'Conceptual' 1 1.239556521240718 0.004906640193132965
 0.8983050847457626 9 7 13 63]
[29.428831709184625 'Conceptual' 1 1.239556521240718 0.004906640193132965
 0.8983050847457626 9 7 14 63]
[31.86186524110518 'Conceptual' 1 1.239556521240718 0.004906640193132965
 0.8983050847457626 9 7 15 63]
[37.11590428757891 'Conceptual' 1 1.239556521240718 0.004906640193132965
 0.847457627118644 9 7 16 63]
[37.4851537061475 'Conceptual' 1 1.239556521240718 0.004906640193132965
 0.7627118644067796 9 7 17 63]
[38.014363031501034 'Conceptual' 1 1.239556521240718 0.004906640193132965
 0.7288135593220338 9 7 18 63]
[38.77532623314785 'Conceptual' 1 1.239556521240718 0.004906640193132965
 0.6779661016949152 9 7 19 63]
[0.0 'Conceptual' 1 1.239556521240718 0.004906640193132965 0.0 9 8 0 0]
[4.099220610640848 'Conceptual' 1 1.239556521240718 0.004906640193132965
 0.1694915254237288 9 8 1 63]
[8.262863140013707 'Conceptual' 1 1.239556521240718 0.004906640193132965
 0.1694915254237288 9 8 2 63]
[12.229707182080459 'Conceptual' 1 1.239556521240718 0.004906640193132965
 2.254237288135593 9 8 3 63]
[15.822317758011646 'Conceptual' 1 1.239556521240718 0.004906640193132965
 1.5254237288135593 9 8 4 63]
[18.99396976095773 'Conceptual' 1 1.239556521240718 0.004906640193132965
 1.5762711864406778 9 8 5 34]
[21.469748269794135 'Conceptual' 1 1.239556521240718 0.004906640193132965
 1.5084745762711864 9 8 6 63]
[23.273076762584566 'Conceptual' 1 1.239556521240718 0.004906640193132965
 1.3559322033898304 9 8 7 63]
[24.452141989475365 'Conceptual' 1 1.239556521240718 0.004906640193132965
 1.2372881355932202 9 8 8 63]
[25.081132305262614 'Conceptual' 1 1.239556521240718 0.004906640193132965
 1.1694915254237288 9 8 9 63]
[25.264768825211373 'Conceptual' 1 1.239556521240718 0.004906640193132965
 1.0677966101694913 9 8 10 63]
[29.91855222525312 'Conceptual' 1 1.239556521240718 0.004906640193132965
 1.0677966101694913 9 8 11 63]
[29.884944013399917 'Conceptual' 1 1.239556521240718 0.004906640193132965
 0.9999999999999999 9 8 12 63]
[29.68038418184436 'Conceptual' 1 1.239556521240718 0.004906640193132965
 0.8983050847457626 9 8 13 63]
[29.428831709184625 'Conceptual' 1 1.239556521240718 0.004906640193132965
 0.8983050847457626 9 8 14 63]
[31.86186524110518 'Conceptual' 1 1.239556521240718 0.004906640193132965
 0.8983050847457626 9 8 15 63]
[37.11590428757891 'Conceptual' 1 1.239556521240718 0.004906640193132965
 0.847457627118644 9 8 16 63]
[37.4851537061475 'Conceptual' 1 1.239556521240718 0.004906640193132965
 0.7627118644067796 9 8 17 63]
[38.014363031501034 'Conceptual' 1 1.239556521240718 0.004906640193132965
 0.7288135593220338 9 8 18 63]
[38.77532623314785 'Conceptual' 1 1.239556521240718 0.004906640193132965
 0.6779661016949152 9 8 19 63]
