[0.0 'Conceptual' 1 1.6344016348922352 2.5250495643871367 0.0 65 0 0 18]
[4.816415603027421 'Conceptual' 1 1.6344016348922352 2.5250495643871367
 10.169491525423728 65 0 1 21]
[7.230611767313813 'Conceptual' 1 1.6344016348922352 2.5250495643871367
 6.440677966101694 65 0 2 23]
[9.940456536654903 'Conceptual' 1 1.6344016348922352 2.5250495643871367
 4.745762711864407 65 0 3 54]
[13.490540858336312 'Conceptual' 1 1.6344016348922352 2.5250495643871367
 4.288135593220338 65 0 4 5]
[16.237027077031012 'Conceptual' 1 1.6344016348922352 2.5250495643871367
 3.4745762711864403 65 0 5 14]
[18.338777178888 'Conceptual' 1 1.6344016348922352 2.5250495643871367
 2.711864406779661 65 0 6 10]
[21.017432882405338 'Conceptual' 1 1.6344016348922352 2.5250495643871367
 1.6779661016949152 65 0 7 10]
[24.592644130262443 'Conceptual' 1 1.6344016348922352 2.5250495643871367
 2.2033898305084745 65 0 8 15]
[26.71865196436833 'Conceptual' 1 1.6344016348922352 2.5250495643871367
 1.7457627118644066 65 0 9 5]
[29.95890157118812 'Conceptual' 1 1.6344016348922352 2.5250495643871367
 1.847457627118644 65 0 10 10]
[35.06881656699902 'Conceptual' 1 1.6344016348922352 2.5250495643871367
 1.8644067796610169 65 0 11 1]
[37.2357955603261 'Conceptual' 1 1.6344016348922352 2.5250495643871367
 1.6101694915254237 65 0 12 15]
[39.73760509342766 'Conceptual' 1 1.6344016348922352 2.5250495643871367
 1.5762711864406778 65 0 13 4]
[42.2180704430944 'Conceptual' 1 1.6344016348922352 2.5250495643871367
 1.4406779661016949 65 0 14 5]
[45.366444386725725 'Conceptual' 1 1.6344016348922352 2.5250495643871367
 1.271186440677966 65 0 15 4]
[51.855180488827315 'Conceptual' 1 1.6344016348922352 2.5250495643871367
 1.1694915254237288 65 0 16 2]
[55.40865718328329 'Conceptual' 1 1.6344016348922352 2.5250495643871367
 1.2372881355932202 65 0 17 5]
[59.441295272459094 'Conceptual' 1 1.6344016348922352 2.5250495643871367
 1.1016949152542372 65 0 18 3]
[64.50769854982386 'Conceptual' 1 1.6344016348922352 2.5250495643871367
 1.0169491525423728 65 0 19 4]
[0.0 'Conceptual' 1 1.6344016348922352 2.5250495643871367 0.0 65 1 0 18]
[4.816415603027421 'Conceptual' 1 1.6344016348922352 2.5250495643871367
 10.169491525423728 65 1 1 21]
[7.230611767313813 'Conceptual' 1 1.6344016348922352 2.5250495643871367
 6.440677966101694 65 1 2 23]
[9.940456536654903 'Conceptual' 1 1.6344016348922352 2.5250495643871367
 4.745762711864407 65 1 3 54]
[13.490540858336312 'Conceptual' 1 1.6344016348922352 2.5250495643871367
 4.288135593220338 65 1 4 5]
[16.237027077031012 'Conceptual' 1 1.6344016348922352 2.5250495643871367
 3.4745762711864403 65 1 5 14]
[18.338777178888 'Conceptual' 1 1.6344016348922352 2.5250495643871367
 2.711864406779661 65 1 6 10]
[21.017432882405338 'Conceptual' 1 1.6344016348922352 2.5250495643871367
 1.6779661016949152 65 1 7 10]
[24.592644130262443 'Conceptual' 1 1.6344016348922352 2.5250495643871367
 2.2033898305084745 65 1 8 15]
[26.71865196436833 'Conceptual' 1 1.6344016348922352 2.5250495643871367
 1.7457627118644066 65 1 9 5]
[29.95890157118812 'Conceptual' 1 1.6344016348922352 2.5250495643871367
 1.847457627118644 65 1 10 10]
[35.06881656699902 'Conceptual' 1 1.6344016348922352 2.5250495643871367
 1.8644067796610169 65 1 11 1]
[37.2357955603261 'Conceptual' 1 1.6344016348922352 2.5250495643871367
 1.6101694915254237 65 1 12 15]
[39.73760509342766 'Conceptual' 1 1.6344016348922352 2.5250495643871367
 1.5762711864406778 65 1 13 4]
[42.2180704430944 'Conceptual' 1 1.6344016348922352 2.5250495643871367
 1.4406779661016949 65 1 14 5]
[45.366444386725725 'Conceptual' 1 1.6344016348922352 2.5250495643871367
 1.271186440677966 65 1 15 4]
[51.855180488827315 'Conceptual' 1 1.6344016348922352 2.5250495643871367
 1.1694915254237288 65 1 16 2]
[55.40865718328329 'Conceptual' 1 1.6344016348922352 2.5250495643871367
 1.2372881355932202 65 1 17 5]
[59.441295272459094 'Conceptual' 1 1.6344016348922352 2.5250495643871367
 1.1016949152542372 65 1 18 3]
[64.50769854982386 'Conceptual' 1 1.6344016348922352 2.5250495643871367
 1.0169491525423728 65 1 19 4]
[0.0 'Conceptual' 1 1.6344016348922352 2.5250495643871367 0.0 65 2 0 18]
[4.816415603027421 'Conceptual' 1 1.6344016348922352 2.5250495643871367
 10.169491525423728 65 2 1 21]
[7.230611767313813 'Conceptual' 1 1.6344016348922352 2.5250495643871367
 6.440677966101694 65 2 2 23]
[9.940456536654903 'Conceptual' 1 1.6344016348922352 2.5250495643871367
 4.745762711864407 65 2 3 54]
[13.490540858336312 'Conceptual' 1 1.6344016348922352 2.5250495643871367
 4.288135593220338 65 2 4 5]
[16.237027077031012 'Conceptual' 1 1.6344016348922352 2.5250495643871367
 3.4745762711864403 65 2 5 14]
[18.338777178888 'Conceptual' 1 1.6344016348922352 2.5250495643871367
 2.711864406779661 65 2 6 10]
[21.017432882405338 'Conceptual' 1 1.6344016348922352 2.5250495643871367
 1.6779661016949152 65 2 7 10]
[24.592644130262443 'Conceptual' 1 1.6344016348922352 2.5250495643871367
 2.2033898305084745 65 2 8 15]
[26.71865196436833 'Conceptual' 1 1.6344016348922352 2.5250495643871367
 1.7457627118644066 65 2 9 5]
[29.95890157118812 'Conceptual' 1 1.6344016348922352 2.5250495643871367
 1.847457627118644 65 2 10 10]
[35.06881656699902 'Conceptual' 1 1.6344016348922352 2.5250495643871367
 1.8644067796610169 65 2 11 1]
[37.2357955603261 'Conceptual' 1 1.6344016348922352 2.5250495643871367
 1.6101694915254237 65 2 12 15]
[39.73760509342766 'Conceptual' 1 1.6344016348922352 2.5250495643871367
 1.5762711864406778 65 2 13 4]
[42.2180704430944 'Conceptual' 1 1.6344016348922352 2.5250495643871367
 1.4406779661016949 65 2 14 5]
[45.366444386725725 'Conceptual' 1 1.6344016348922352 2.5250495643871367
 1.271186440677966 65 2 15 4]
[51.855180488827315 'Conceptual' 1 1.6344016348922352 2.5250495643871367
 1.1694915254237288 65 2 16 2]
[55.40865718328329 'Conceptual' 1 1.6344016348922352 2.5250495643871367
 1.2372881355932202 65 2 17 5]
[59.441295272459094 'Conceptual' 1 1.6344016348922352 2.5250495643871367
 1.1016949152542372 65 2 18 3]
[64.50769854982386 'Conceptual' 1 1.6344016348922352 2.5250495643871367
 1.0169491525423728 65 2 19 4]
[0.0 'Conceptual' 1 1.6344016348922352 2.5250495643871367 0.0 65 3 0 18]
[4.816415603027421 'Conceptual' 1 1.6344016348922352 2.5250495643871367
 10.169491525423728 65 3 1 21]
[7.230611767313813 'Conceptual' 1 1.6344016348922352 2.5250495643871367
 6.440677966101694 65 3 2 23]
[9.940456536654903 'Conceptual' 1 1.6344016348922352 2.5250495643871367
 4.745762711864407 65 3 3 54]
[13.490540858336312 'Conceptual' 1 1.6344016348922352 2.5250495643871367
 4.288135593220338 65 3 4 5]
[16.237027077031012 'Conceptual' 1 1.6344016348922352 2.5250495643871367
 3.4745762711864403 65 3 5 14]
[18.338777178888 'Conceptual' 1 1.6344016348922352 2.5250495643871367
 2.711864406779661 65 3 6 10]
[21.017432882405338 'Conceptual' 1 1.6344016348922352 2.5250495643871367
 1.6779661016949152 65 3 7 10]
[24.592644130262443 'Conceptual' 1 1.6344016348922352 2.5250495643871367
 2.2033898305084745 65 3 8 15]
[26.71865196436833 'Conceptual' 1 1.6344016348922352 2.5250495643871367
 1.7457627118644066 65 3 9 5]
[29.95890157118812 'Conceptual' 1 1.6344016348922352 2.5250495643871367
 1.847457627118644 65 3 10 10]
[35.06881656699902 'Conceptual' 1 1.6344016348922352 2.5250495643871367
 1.8644067796610169 65 3 11 1]
[37.2357955603261 'Conceptual' 1 1.6344016348922352 2.5250495643871367
 1.6101694915254237 65 3 12 15]
[39.73760509342766 'Conceptual' 1 1.6344016348922352 2.5250495643871367
 1.5762711864406778 65 3 13 4]
[42.2180704430944 'Conceptual' 1 1.6344016348922352 2.5250495643871367
 1.4406779661016949 65 3 14 5]
[45.366444386725725 'Conceptual' 1 1.6344016348922352 2.5250495643871367
 1.271186440677966 65 3 15 4]
[51.855180488827315 'Conceptual' 1 1.6344016348922352 2.5250495643871367
 1.1694915254237288 65 3 16 2]
[55.40865718328329 'Conceptual' 1 1.6344016348922352 2.5250495643871367
 1.2372881355932202 65 3 17 5]
[59.441295272459094 'Conceptual' 1 1.6344016348922352 2.5250495643871367
 1.1016949152542372 65 3 18 3]
[64.50769854982386 'Conceptual' 1 1.6344016348922352 2.5250495643871367
 1.0169491525423728 65 3 19 4]
[0.0 'Conceptual' 1 1.6344016348922352 2.5250495643871367 0.0 65 4 0 18]
[4.816415603027421 'Conceptual' 1 1.6344016348922352 2.5250495643871367
 10.169491525423728 65 4 1 21]
[7.230611767313813 'Conceptual' 1 1.6344016348922352 2.5250495643871367
 6.440677966101694 65 4 2 23]
[9.940456536654903 'Conceptual' 1 1.6344016348922352 2.5250495643871367
 4.745762711864407 65 4 3 54]
[13.490540858336312 'Conceptual' 1 1.6344016348922352 2.5250495643871367
 4.288135593220338 65 4 4 5]
[16.237027077031012 'Conceptual' 1 1.6344016348922352 2.5250495643871367
 3.4745762711864403 65 4 5 14]
[18.338777178888 'Conceptual' 1 1.6344016348922352 2.5250495643871367
 2.711864406779661 65 4 6 10]
[21.017432882405338 'Conceptual' 1 1.6344016348922352 2.5250495643871367
 1.6779661016949152 65 4 7 10]
[24.592644130262443 'Conceptual' 1 1.6344016348922352 2.5250495643871367
 2.2033898305084745 65 4 8 15]
[26.71865196436833 'Conceptual' 1 1.6344016348922352 2.5250495643871367
 1.7457627118644066 65 4 9 5]
[29.95890157118812 'Conceptual' 1 1.6344016348922352 2.5250495643871367
 1.847457627118644 65 4 10 10]
[35.06881656699902 'Conceptual' 1 1.6344016348922352 2.5250495643871367
 1.8644067796610169 65 4 11 1]
[37.2357955603261 'Conceptual' 1 1.6344016348922352 2.5250495643871367
 1.6101694915254237 65 4 12 15]
[39.73760509342766 'Conceptual' 1 1.6344016348922352 2.5250495643871367
 1.5762711864406778 65 4 13 4]
[42.2180704430944 'Conceptual' 1 1.6344016348922352 2.5250495643871367
 1.4406779661016949 65 4 14 5]
[45.366444386725725 'Conceptual' 1 1.6344016348922352 2.5250495643871367
 1.271186440677966 65 4 15 4]
[51.855180488827315 'Conceptual' 1 1.6344016348922352 2.5250495643871367
 1.1694915254237288 65 4 16 2]
[55.40865718328329 'Conceptual' 1 1.6344016348922352 2.5250495643871367
 1.2372881355932202 65 4 17 5]
[59.441295272459094 'Conceptual' 1 1.6344016348922352 2.5250495643871367
 1.1016949152542372 65 4 18 3]
[64.50769854982386 'Conceptual' 1 1.6344016348922352 2.5250495643871367
 1.0169491525423728 65 4 19 4]
[0.0 'Conceptual' 1 1.6344016348922352 2.5250495643871367 0.0 65 5 0 18]
[4.816415603027421 'Conceptual' 1 1.6344016348922352 2.5250495643871367
 10.169491525423728 65 5 1 21]
[7.230611767313813 'Conceptual' 1 1.6344016348922352 2.5250495643871367
 6.440677966101694 65 5 2 23]
[9.940456536654903 'Conceptual' 1 1.6344016348922352 2.5250495643871367
 4.745762711864407 65 5 3 54]
[13.490540858336312 'Conceptual' 1 1.6344016348922352 2.5250495643871367
 4.288135593220338 65 5 4 5]
[16.237027077031012 'Conceptual' 1 1.6344016348922352 2.5250495643871367
 3.4745762711864403 65 5 5 14]
[18.338777178888 'Conceptual' 1 1.6344016348922352 2.5250495643871367
 2.711864406779661 65 5 6 10]
[21.017432882405338 'Conceptual' 1 1.6344016348922352 2.5250495643871367
 1.6779661016949152 65 5 7 10]
[24.592644130262443 'Conceptual' 1 1.6344016348922352 2.5250495643871367
 2.2033898305084745 65 5 8 15]
[26.71865196436833 'Conceptual' 1 1.6344016348922352 2.5250495643871367
 1.7457627118644066 65 5 9 5]
[29.95890157118812 'Conceptual' 1 1.6344016348922352 2.5250495643871367
 1.847457627118644 65 5 10 10]
[35.06881656699902 'Conceptual' 1 1.6344016348922352 2.5250495643871367
 1.8644067796610169 65 5 11 1]
[37.2357955603261 'Conceptual' 1 1.6344016348922352 2.5250495643871367
 1.6101694915254237 65 5 12 15]
[39.73760509342766 'Conceptual' 1 1.6344016348922352 2.5250495643871367
 1.5762711864406778 65 5 13 4]
[42.2180704430944 'Conceptual' 1 1.6344016348922352 2.5250495643871367
 1.4406779661016949 65 5 14 5]
[45.366444386725725 'Conceptual' 1 1.6344016348922352 2.5250495643871367
 1.271186440677966 65 5 15 4]
[51.855180488827315 'Conceptual' 1 1.6344016348922352 2.5250495643871367
 1.1694915254237288 65 5 16 2]
[55.40865718328329 'Conceptual' 1 1.6344016348922352 2.5250495643871367
 1.2372881355932202 65 5 17 5]
[59.441295272459094 'Conceptual' 1 1.6344016348922352 2.5250495643871367
 1.1016949152542372 65 5 18 3]
[64.50769854982386 'Conceptual' 1 1.6344016348922352 2.5250495643871367
 1.0169491525423728 65 5 19 4]
[0.0 'Conceptual' 1 1.6344016348922352 2.5250495643871367 0.0 65 6 0 18]
[4.816415603027421 'Conceptual' 1 1.6344016348922352 2.5250495643871367
 10.169491525423728 65 6 1 21]
[7.230611767313813 'Conceptual' 1 1.6344016348922352 2.5250495643871367
 6.440677966101694 65 6 2 23]
[9.940456536654903 'Conceptual' 1 1.6344016348922352 2.5250495643871367
 4.745762711864407 65 6 3 54]
[13.490540858336312 'Conceptual' 1 1.6344016348922352 2.5250495643871367
 4.288135593220338 65 6 4 5]
[16.237027077031012 'Conceptual' 1 1.6344016348922352 2.5250495643871367
 3.4745762711864403 65 6 5 14]
[18.338777178888 'Conceptual' 1 1.6344016348922352 2.5250495643871367
 2.711864406779661 65 6 6 10]
[21.017432882405338 'Conceptual' 1 1.6344016348922352 2.5250495643871367
 1.6779661016949152 65 6 7 10]
[24.592644130262443 'Conceptual' 1 1.6344016348922352 2.5250495643871367
 2.2033898305084745 65 6 8 15]
[26.71865196436833 'Conceptual' 1 1.6344016348922352 2.5250495643871367
 1.7457627118644066 65 6 9 5]
[29.95890157118812 'Conceptual' 1 1.6344016348922352 2.5250495643871367
 1.847457627118644 65 6 10 10]
[35.06881656699902 'Conceptual' 1 1.6344016348922352 2.5250495643871367
 1.8644067796610169 65 6 11 1]
[37.2357955603261 'Conceptual' 1 1.6344016348922352 2.5250495643871367
 1.6101694915254237 65 6 12 15]
[39.73760509342766 'Conceptual' 1 1.6344016348922352 2.5250495643871367
 1.5762711864406778 65 6 13 4]
[42.2180704430944 'Conceptual' 1 1.6344016348922352 2.5250495643871367
 1.4406779661016949 65 6 14 5]
[45.366444386725725 'Conceptual' 1 1.6344016348922352 2.5250495643871367
 1.271186440677966 65 6 15 4]
[51.855180488827315 'Conceptual' 1 1.6344016348922352 2.5250495643871367
 1.1694915254237288 65 6 16 2]
[55.40865718328329 'Conceptual' 1 1.6344016348922352 2.5250495643871367
 1.2372881355932202 65 6 17 5]
[59.441295272459094 'Conceptual' 1 1.6344016348922352 2.5250495643871367
 1.1016949152542372 65 6 18 3]
[64.50769854982386 'Conceptual' 1 1.6344016348922352 2.5250495643871367
 1.0169491525423728 65 6 19 4]
[0.0 'Conceptual' 1 1.6344016348922352 2.5250495643871367 0.0 65 7 0 18]
[4.816415603027421 'Conceptual' 1 1.6344016348922352 2.5250495643871367
 10.169491525423728 65 7 1 21]
[7.230611767313813 'Conceptual' 1 1.6344016348922352 2.5250495643871367
 6.440677966101694 65 7 2 23]
[9.940456536654903 'Conceptual' 1 1.6344016348922352 2.5250495643871367
 4.745762711864407 65 7 3 54]
[13.490540858336312 'Conceptual' 1 1.6344016348922352 2.5250495643871367
 4.288135593220338 65 7 4 5]
[16.237027077031012 'Conceptual' 1 1.6344016348922352 2.5250495643871367
 3.4745762711864403 65 7 5 14]
[18.338777178888 'Conceptual' 1 1.6344016348922352 2.5250495643871367
 2.711864406779661 65 7 6 10]
[21.017432882405338 'Conceptual' 1 1.6344016348922352 2.5250495643871367
 1.6779661016949152 65 7 7 10]
[24.592644130262443 'Conceptual' 1 1.6344016348922352 2.5250495643871367
 2.2033898305084745 65 7 8 15]
[26.71865196436833 'Conceptual' 1 1.6344016348922352 2.5250495643871367
 1.7457627118644066 65 7 9 5]
[29.95890157118812 'Conceptual' 1 1.6344016348922352 2.5250495643871367
 1.847457627118644 65 7 10 10]
[35.06881656699902 'Conceptual' 1 1.6344016348922352 2.5250495643871367
 1.8644067796610169 65 7 11 1]
[37.2357955603261 'Conceptual' 1 1.6344016348922352 2.5250495643871367
 1.6101694915254237 65 7 12 15]
[39.73760509342766 'Conceptual' 1 1.6344016348922352 2.5250495643871367
 1.5762711864406778 65 7 13 4]
[42.2180704430944 'Conceptual' 1 1.6344016348922352 2.5250495643871367
 1.4406779661016949 65 7 14 5]
[45.366444386725725 'Conceptual' 1 1.6344016348922352 2.5250495643871367
 1.271186440677966 65 7 15 4]
[51.855180488827315 'Conceptual' 1 1.6344016348922352 2.5250495643871367
 1.1694915254237288 65 7 16 2]
[55.40865718328329 'Conceptual' 1 1.6344016348922352 2.5250495643871367
 1.2372881355932202 65 7 17 5]
[59.441295272459094 'Conceptual' 1 1.6344016348922352 2.5250495643871367
 1.1016949152542372 65 7 18 3]
[64.50769854982386 'Conceptual' 1 1.6344016348922352 2.5250495643871367
 1.0169491525423728 65 7 19 4]
[0.0 'Conceptual' 1 1.6344016348922352 2.5250495643871367 0.0 65 8 0 18]
[4.816415603027421 'Conceptual' 1 1.6344016348922352 2.5250495643871367
 10.169491525423728 65 8 1 21]
[7.230611767313813 'Conceptual' 1 1.6344016348922352 2.5250495643871367
 6.440677966101694 65 8 2 23]
[9.940456536654903 'Conceptual' 1 1.6344016348922352 2.5250495643871367
 4.745762711864407 65 8 3 54]
[13.490540858336312 'Conceptual' 1 1.6344016348922352 2.5250495643871367
 4.288135593220338 65 8 4 5]
[16.237027077031012 'Conceptual' 1 1.6344016348922352 2.5250495643871367
 3.4745762711864403 65 8 5 14]
[18.338777178888 'Conceptual' 1 1.6344016348922352 2.5250495643871367
 2.711864406779661 65 8 6 10]
[21.017432882405338 'Conceptual' 1 1.6344016348922352 2.5250495643871367
 1.6779661016949152 65 8 7 10]
[24.592644130262443 'Conceptual' 1 1.6344016348922352 2.5250495643871367
 2.2033898305084745 65 8 8 15]
[26.71865196436833 'Conceptual' 1 1.6344016348922352 2.5250495643871367
 1.7457627118644066 65 8 9 5]
[29.95890157118812 'Conceptual' 1 1.6344016348922352 2.5250495643871367
 1.847457627118644 65 8 10 10]
[35.06881656699902 'Conceptual' 1 1.6344016348922352 2.5250495643871367
 1.8644067796610169 65 8 11 1]
[37.2357955603261 'Conceptual' 1 1.6344016348922352 2.5250495643871367
 1.6101694915254237 65 8 12 15]
[39.73760509342766 'Conceptual' 1 1.6344016348922352 2.5250495643871367
 1.5762711864406778 65 8 13 4]
[42.2180704430944 'Conceptual' 1 1.6344016348922352 2.5250495643871367
 1.4406779661016949 65 8 14 5]
[45.366444386725725 'Conceptual' 1 1.6344016348922352 2.5250495643871367
 1.271186440677966 65 8 15 4]
[51.855180488827315 'Conceptual' 1 1.6344016348922352 2.5250495643871367
 1.1694915254237288 65 8 16 2]
[55.40865718328329 'Conceptual' 1 1.6344016348922352 2.5250495643871367
 1.2372881355932202 65 8 17 5]
[59.441295272459094 'Conceptual' 1 1.6344016348922352 2.5250495643871367
 1.1016949152542372 65 8 18 3]
[64.50769854982386 'Conceptual' 1 1.6344016348922352 2.5250495643871367
 1.0169491525423728 65 8 19 4]
