[0.0 'Conceptual' 1 1.292344982669825 0.13735491144635525 0.0 119 0 0 54]
[4.1098868370474255 'Conceptual' 1 1.292344982669825 0.13735491144635525
 0.1694915254237288 119 0 1 13]
[8.013704106999848 'Conceptual' 1 1.292344982669825 0.13735491144635525
 0.1694915254237288 119 0 2 18]
[11.610130247137091 'Conceptual' 1 1.292344982669825 0.13735491144635525
 2.8813559322033897 119 0 3 28]
[14.50653080783713 'Conceptual' 1 1.292344982669825 0.13735491144635525
 2.423728813559322 119 0 4 34]
[18.435802362837485 'Conceptual' 1 1.292344982669825 0.13735491144635525
 2.423728813559322 119 0 5 32]
[20.65318834283589 'Conceptual' 1 1.292344982669825 0.13735491144635525
 1.8644067796610169 119 0 6 42]
[22.503726017400876 'Conceptual' 1 1.292344982669825 0.13735491144635525
 1.6779661016949152 119 0 7 58]
[23.83347026700772 'Conceptual' 1 1.292344982669825 0.13735491144635525
 1.4406779661016949 119 0 8 58]
[24.872106435724273 'Conceptual' 1 1.292344982669825 0.13735491144635525
 1.3389830508474576 119 0 9 58]
[25.630269792336527 'Conceptual' 1 1.292344982669825 0.13735491144635525
 1.1864406779661016 119 0 10 58]
[26.176816830637986 'Conceptual' 1 1.292344982669825 0.13735491144635525
 1.0677966101694913 119 0 11 58]
[28.444517014046635 'Conceptual' 1 1.292344982669825 0.13735491144635525
 1.0677966101694913 119 0 12 58]
[31.843287758609875 'Conceptual' 1 1.292344982669825 0.13735491144635525
 1.0677966101694913 119 0 13 58]
[34.4764163031395 'Conceptual' 1 1.292344982669825 0.13735491144635525
 0.9999999999999999 119 0 14 58]
[37.8558236165542 'Conceptual' 1 1.292344982669825 0.13735491144635525
 0.9322033898305084 119 0 15 58]
[39.39937180924344 'Conceptual' 1 1.292344982669825 0.13735491144635525
 0.8983050847457626 119 0 16 58]
[40.473520045931004 'Conceptual' 1 1.292344982669825 0.13735491144635525
 0.8983050847457626 119 0 17 58]
[42.162801772366215 'Conceptual' 1 1.292344982669825 0.13735491144635525
 0.8983050847457626 119 0 18 58]
[43.699967531360834 'Conceptual' 1 1.292344982669825 0.13735491144635525
 0.847457627118644 119 0 19 58]
[0.0 'Conceptual' 1 1.292344982669825 0.13735491144635525 0.0 119 1 0 54]
[4.1098868370474255 'Conceptual' 1 1.292344982669825 0.13735491144635525
 0.1694915254237288 119 1 1 13]
[8.013704106999848 'Conceptual' 1 1.292344982669825 0.13735491144635525
 0.1694915254237288 119 1 2 18]
[11.610130247137091 'Conceptual' 1 1.292344982669825 0.13735491144635525
 2.8813559322033897 119 1 3 28]
[14.50653080783713 'Conceptual' 1 1.292344982669825 0.13735491144635525
 2.423728813559322 119 1 4 34]
[18.435802362837485 'Conceptual' 1 1.292344982669825 0.13735491144635525
 2.423728813559322 119 1 5 32]
[20.65318834283589 'Conceptual' 1 1.292344982669825 0.13735491144635525
 1.8644067796610169 119 1 6 42]
[22.503726017400876 'Conceptual' 1 1.292344982669825 0.13735491144635525
 1.6779661016949152 119 1 7 58]
[23.83347026700772 'Conceptual' 1 1.292344982669825 0.13735491144635525
 1.4406779661016949 119 1 8 58]
[24.872106435724273 'Conceptual' 1 1.292344982669825 0.13735491144635525
 1.3389830508474576 119 1 9 58]
[25.630269792336527 'Conceptual' 1 1.292344982669825 0.13735491144635525
 1.1864406779661016 119 1 10 58]
[26.176816830637986 'Conceptual' 1 1.292344982669825 0.13735491144635525
 1.0677966101694913 119 1 11 58]
[28.444517014046635 'Conceptual' 1 1.292344982669825 0.13735491144635525
 1.0677966101694913 119 1 12 58]
[31.843287758609875 'Conceptual' 1 1.292344982669825 0.13735491144635525
 1.0677966101694913 119 1 13 58]
[34.4764163031395 'Conceptual' 1 1.292344982669825 0.13735491144635525
 0.9999999999999999 119 1 14 58]
[37.8558236165542 'Conceptual' 1 1.292344982669825 0.13735491144635525
 0.9322033898305084 119 1 15 58]
[39.39937180924344 'Conceptual' 1 1.292344982669825 0.13735491144635525
 0.8983050847457626 119 1 16 58]
[40.473520045931004 'Conceptual' 1 1.292344982669825 0.13735491144635525
 0.8983050847457626 119 1 17 58]
[42.162801772366215 'Conceptual' 1 1.292344982669825 0.13735491144635525
 0.8983050847457626 119 1 18 58]
[43.699967531360834 'Conceptual' 1 1.292344982669825 0.13735491144635525
 0.847457627118644 119 1 19 58]
[0.0 'Conceptual' 1 1.292344982669825 0.13735491144635525 0.0 119 2 0 54]
[4.1098868370474255 'Conceptual' 1 1.292344982669825 0.13735491144635525
 0.1694915254237288 119 2 1 13]
[8.013704106999848 'Conceptual' 1 1.292344982669825 0.13735491144635525
 0.1694915254237288 119 2 2 18]
[11.610130247137091 'Conceptual' 1 1.292344982669825 0.13735491144635525
 2.8813559322033897 119 2 3 28]
[14.50653080783713 'Conceptual' 1 1.292344982669825 0.13735491144635525
 2.423728813559322 119 2 4 34]
[18.435802362837485 'Conceptual' 1 1.292344982669825 0.13735491144635525
 2.423728813559322 119 2 5 32]
[20.65318834283589 'Conceptual' 1 1.292344982669825 0.13735491144635525
 1.8644067796610169 119 2 6 42]
[22.503726017400876 'Conceptual' 1 1.292344982669825 0.13735491144635525
 1.6779661016949152 119 2 7 58]
[23.83347026700772 'Conceptual' 1 1.292344982669825 0.13735491144635525
 1.4406779661016949 119 2 8 58]
[24.872106435724273 'Conceptual' 1 1.292344982669825 0.13735491144635525
 1.3389830508474576 119 2 9 58]
[25.630269792336527 'Conceptual' 1 1.292344982669825 0.13735491144635525
 1.1864406779661016 119 2 10 58]
[26.176816830637986 'Conceptual' 1 1.292344982669825 0.13735491144635525
 1.0677966101694913 119 2 11 58]
[28.444517014046635 'Conceptual' 1 1.292344982669825 0.13735491144635525
 1.0677966101694913 119 2 12 58]
[31.843287758609875 'Conceptual' 1 1.292344982669825 0.13735491144635525
 1.0677966101694913 119 2 13 58]
[34.4764163031395 'Conceptual' 1 1.292344982669825 0.13735491144635525
 0.9999999999999999 119 2 14 58]
[37.8558236165542 'Conceptual' 1 1.292344982669825 0.13735491144635525
 0.9322033898305084 119 2 15 58]
[39.39937180924344 'Conceptual' 1 1.292344982669825 0.13735491144635525
 0.8983050847457626 119 2 16 58]
[40.473520045931004 'Conceptual' 1 1.292344982669825 0.13735491144635525
 0.8983050847457626 119 2 17 58]
[42.162801772366215 'Conceptual' 1 1.292344982669825 0.13735491144635525
 0.8983050847457626 119 2 18 58]
[43.699967531360834 'Conceptual' 1 1.292344982669825 0.13735491144635525
 0.847457627118644 119 2 19 58]
[0.0 'Conceptual' 1 1.292344982669825 0.13735491144635525 0.0 119 3 0 54]
[4.1098868370474255 'Conceptual' 1 1.292344982669825 0.13735491144635525
 0.1694915254237288 119 3 1 13]
[8.013704106999848 'Conceptual' 1 1.292344982669825 0.13735491144635525
 0.1694915254237288 119 3 2 18]
[11.610130247137091 'Conceptual' 1 1.292344982669825 0.13735491144635525
 2.8813559322033897 119 3 3 28]
[14.50653080783713 'Conceptual' 1 1.292344982669825 0.13735491144635525
 2.423728813559322 119 3 4 34]
[18.435802362837485 'Conceptual' 1 1.292344982669825 0.13735491144635525
 2.423728813559322 119 3 5 32]
[20.65318834283589 'Conceptual' 1 1.292344982669825 0.13735491144635525
 1.8644067796610169 119 3 6 42]
[22.503726017400876 'Conceptual' 1 1.292344982669825 0.13735491144635525
 1.6779661016949152 119 3 7 58]
[23.83347026700772 'Conceptual' 1 1.292344982669825 0.13735491144635525
 1.4406779661016949 119 3 8 58]
[24.872106435724273 'Conceptual' 1 1.292344982669825 0.13735491144635525
 1.3389830508474576 119 3 9 58]
[25.630269792336527 'Conceptual' 1 1.292344982669825 0.13735491144635525
 1.1864406779661016 119 3 10 58]
[26.176816830637986 'Conceptual' 1 1.292344982669825 0.13735491144635525
 1.0677966101694913 119 3 11 58]
[28.444517014046635 'Conceptual' 1 1.292344982669825 0.13735491144635525
 1.0677966101694913 119 3 12 58]
[31.843287758609875 'Conceptual' 1 1.292344982669825 0.13735491144635525
 1.0677966101694913 119 3 13 58]
[34.4764163031395 'Conceptual' 1 1.292344982669825 0.13735491144635525
 0.9999999999999999 119 3 14 58]
[37.8558236165542 'Conceptual' 1 1.292344982669825 0.13735491144635525
 0.9322033898305084 119 3 15 58]
[39.39937180924344 'Conceptual' 1 1.292344982669825 0.13735491144635525
 0.8983050847457626 119 3 16 58]
[40.473520045931004 'Conceptual' 1 1.292344982669825 0.13735491144635525
 0.8983050847457626 119 3 17 58]
[42.162801772366215 'Conceptual' 1 1.292344982669825 0.13735491144635525
 0.8983050847457626 119 3 18 58]
[43.699967531360834 'Conceptual' 1 1.292344982669825 0.13735491144635525
 0.847457627118644 119 3 19 58]
[0.0 'Conceptual' 1 1.292344982669825 0.13735491144635525 0.0 119 4 0 54]
[4.1098868370474255 'Conceptual' 1 1.292344982669825 0.13735491144635525
 0.1694915254237288 119 4 1 13]
[8.013704106999848 'Conceptual' 1 1.292344982669825 0.13735491144635525
 0.1694915254237288 119 4 2 18]
[11.610130247137091 'Conceptual' 1 1.292344982669825 0.13735491144635525
 2.8813559322033897 119 4 3 28]
[14.50653080783713 'Conceptual' 1 1.292344982669825 0.13735491144635525
 2.423728813559322 119 4 4 34]
[18.435802362837485 'Conceptual' 1 1.292344982669825 0.13735491144635525
 2.423728813559322 119 4 5 32]
[20.65318834283589 'Conceptual' 1 1.292344982669825 0.13735491144635525
 1.8644067796610169 119 4 6 42]
[22.503726017400876 'Conceptual' 1 1.292344982669825 0.13735491144635525
 1.6779661016949152 119 4 7 58]
[23.83347026700772 'Conceptual' 1 1.292344982669825 0.13735491144635525
 1.4406779661016949 119 4 8 58]
[24.872106435724273 'Conceptual' 1 1.292344982669825 0.13735491144635525
 1.3389830508474576 119 4 9 58]
[25.630269792336527 'Conceptual' 1 1.292344982669825 0.13735491144635525
 1.1864406779661016 119 4 10 58]
[26.176816830637986 'Conceptual' 1 1.292344982669825 0.13735491144635525
 1.0677966101694913 119 4 11 58]
[28.444517014046635 'Conceptual' 1 1.292344982669825 0.13735491144635525
 1.0677966101694913 119 4 12 58]
[31.843287758609875 'Conceptual' 1 1.292344982669825 0.13735491144635525
 1.0677966101694913 119 4 13 58]
[34.4764163031395 'Conceptual' 1 1.292344982669825 0.13735491144635525
 0.9999999999999999 119 4 14 58]
[37.8558236165542 'Conceptual' 1 1.292344982669825 0.13735491144635525
 0.9322033898305084 119 4 15 58]
[39.39937180924344 'Conceptual' 1 1.292344982669825 0.13735491144635525
 0.8983050847457626 119 4 16 58]
[40.473520045931004 'Conceptual' 1 1.292344982669825 0.13735491144635525
 0.8983050847457626 119 4 17 58]
[42.162801772366215 'Conceptual' 1 1.292344982669825 0.13735491144635525
 0.8983050847457626 119 4 18 58]
[43.699967531360834 'Conceptual' 1 1.292344982669825 0.13735491144635525
 0.847457627118644 119 4 19 58]
[0.0 'Conceptual' 1 1.292344982669825 0.13735491144635525 0.0 119 5 0 54]
[4.1098868370474255 'Conceptual' 1 1.292344982669825 0.13735491144635525
 0.1694915254237288 119 5 1 13]
[8.013704106999848 'Conceptual' 1 1.292344982669825 0.13735491144635525
 0.1694915254237288 119 5 2 18]
[11.610130247137091 'Conceptual' 1 1.292344982669825 0.13735491144635525
 2.8813559322033897 119 5 3 28]
[14.50653080783713 'Conceptual' 1 1.292344982669825 0.13735491144635525
 2.423728813559322 119 5 4 34]
[18.435802362837485 'Conceptual' 1 1.292344982669825 0.13735491144635525
 2.423728813559322 119 5 5 32]
[20.65318834283589 'Conceptual' 1 1.292344982669825 0.13735491144635525
 1.8644067796610169 119 5 6 42]
[22.503726017400876 'Conceptual' 1 1.292344982669825 0.13735491144635525
 1.6779661016949152 119 5 7 58]
[23.83347026700772 'Conceptual' 1 1.292344982669825 0.13735491144635525
 1.4406779661016949 119 5 8 58]
[24.872106435724273 'Conceptual' 1 1.292344982669825 0.13735491144635525
 1.3389830508474576 119 5 9 58]
[25.630269792336527 'Conceptual' 1 1.292344982669825 0.13735491144635525
 1.1864406779661016 119 5 10 58]
[26.176816830637986 'Conceptual' 1 1.292344982669825 0.13735491144635525
 1.0677966101694913 119 5 11 58]
[28.444517014046635 'Conceptual' 1 1.292344982669825 0.13735491144635525
 1.0677966101694913 119 5 12 58]
[31.843287758609875 'Conceptual' 1 1.292344982669825 0.13735491144635525
 1.0677966101694913 119 5 13 58]
[34.4764163031395 'Conceptual' 1 1.292344982669825 0.13735491144635525
 0.9999999999999999 119 5 14 58]
[37.8558236165542 'Conceptual' 1 1.292344982669825 0.13735491144635525
 0.9322033898305084 119 5 15 58]
[39.39937180924344 'Conceptual' 1 1.292344982669825 0.13735491144635525
 0.8983050847457626 119 5 16 58]
[40.473520045931004 'Conceptual' 1 1.292344982669825 0.13735491144635525
 0.8983050847457626 119 5 17 58]
[42.162801772366215 'Conceptual' 1 1.292344982669825 0.13735491144635525
 0.8983050847457626 119 5 18 58]
[43.699967531360834 'Conceptual' 1 1.292344982669825 0.13735491144635525
 0.847457627118644 119 5 19 58]
[0.0 'Conceptual' 1 1.292344982669825 0.13735491144635525 0.0 119 6 0 54]
[4.1098868370474255 'Conceptual' 1 1.292344982669825 0.13735491144635525
 0.1694915254237288 119 6 1 13]
[8.013704106999848 'Conceptual' 1 1.292344982669825 0.13735491144635525
 0.1694915254237288 119 6 2 18]
[11.610130247137091 'Conceptual' 1 1.292344982669825 0.13735491144635525
 2.8813559322033897 119 6 3 28]
[14.50653080783713 'Conceptual' 1 1.292344982669825 0.13735491144635525
 2.423728813559322 119 6 4 34]
[18.435802362837485 'Conceptual' 1 1.292344982669825 0.13735491144635525
 2.423728813559322 119 6 5 32]
[20.65318834283589 'Conceptual' 1 1.292344982669825 0.13735491144635525
 1.8644067796610169 119 6 6 42]
[22.503726017400876 'Conceptual' 1 1.292344982669825 0.13735491144635525
 1.6779661016949152 119 6 7 58]
[23.83347026700772 'Conceptual' 1 1.292344982669825 0.13735491144635525
 1.4406779661016949 119 6 8 58]
[24.872106435724273 'Conceptual' 1 1.292344982669825 0.13735491144635525
 1.3389830508474576 119 6 9 58]
[25.630269792336527 'Conceptual' 1 1.292344982669825 0.13735491144635525
 1.1864406779661016 119 6 10 58]
[26.176816830637986 'Conceptual' 1 1.292344982669825 0.13735491144635525
 1.0677966101694913 119 6 11 58]
[28.444517014046635 'Conceptual' 1 1.292344982669825 0.13735491144635525
 1.0677966101694913 119 6 12 58]
[31.843287758609875 'Conceptual' 1 1.292344982669825 0.13735491144635525
 1.0677966101694913 119 6 13 58]
[34.4764163031395 'Conceptual' 1 1.292344982669825 0.13735491144635525
 0.9999999999999999 119 6 14 58]
[37.8558236165542 'Conceptual' 1 1.292344982669825 0.13735491144635525
 0.9322033898305084 119 6 15 58]
[39.39937180924344 'Conceptual' 1 1.292344982669825 0.13735491144635525
 0.8983050847457626 119 6 16 58]
[40.473520045931004 'Conceptual' 1 1.292344982669825 0.13735491144635525
 0.8983050847457626 119 6 17 58]
[42.162801772366215 'Conceptual' 1 1.292344982669825 0.13735491144635525
 0.8983050847457626 119 6 18 58]
[43.699967531360834 'Conceptual' 1 1.292344982669825 0.13735491144635525
 0.847457627118644 119 6 19 58]
[0.0 'Conceptual' 1 1.292344982669825 0.13735491144635525 0.0 119 7 0 54]
[4.1098868370474255 'Conceptual' 1 1.292344982669825 0.13735491144635525
 0.1694915254237288 119 7 1 13]
[8.013704106999848 'Conceptual' 1 1.292344982669825 0.13735491144635525
 0.1694915254237288 119 7 2 18]
[11.610130247137091 'Conceptual' 1 1.292344982669825 0.13735491144635525
 2.8813559322033897 119 7 3 28]
[14.50653080783713 'Conceptual' 1 1.292344982669825 0.13735491144635525
 2.423728813559322 119 7 4 34]
[18.435802362837485 'Conceptual' 1 1.292344982669825 0.13735491144635525
 2.423728813559322 119 7 5 32]
[20.65318834283589 'Conceptual' 1 1.292344982669825 0.13735491144635525
 1.8644067796610169 119 7 6 42]
[22.503726017400876 'Conceptual' 1 1.292344982669825 0.13735491144635525
 1.6779661016949152 119 7 7 58]
[23.83347026700772 'Conceptual' 1 1.292344982669825 0.13735491144635525
 1.4406779661016949 119 7 8 58]
[24.872106435724273 'Conceptual' 1 1.292344982669825 0.13735491144635525
 1.3389830508474576 119 7 9 58]
[25.630269792336527 'Conceptual' 1 1.292344982669825 0.13735491144635525
 1.1864406779661016 119 7 10 58]
[26.176816830637986 'Conceptual' 1 1.292344982669825 0.13735491144635525
 1.0677966101694913 119 7 11 58]
[28.444517014046635 'Conceptual' 1 1.292344982669825 0.13735491144635525
 1.0677966101694913 119 7 12 58]
[31.843287758609875 'Conceptual' 1 1.292344982669825 0.13735491144635525
 1.0677966101694913 119 7 13 58]
[34.4764163031395 'Conceptual' 1 1.292344982669825 0.13735491144635525
 0.9999999999999999 119 7 14 58]
[37.8558236165542 'Conceptual' 1 1.292344982669825 0.13735491144635525
 0.9322033898305084 119 7 15 58]
[39.39937180924344 'Conceptual' 1 1.292344982669825 0.13735491144635525
 0.8983050847457626 119 7 16 58]
[40.473520045931004 'Conceptual' 1 1.292344982669825 0.13735491144635525
 0.8983050847457626 119 7 17 58]
[42.162801772366215 'Conceptual' 1 1.292344982669825 0.13735491144635525
 0.8983050847457626 119 7 18 58]
[43.699967531360834 'Conceptual' 1 1.292344982669825 0.13735491144635525
 0.847457627118644 119 7 19 58]
[0.0 'Conceptual' 1 1.292344982669825 0.13735491144635525 0.0 119 8 0 54]
[4.1098868370474255 'Conceptual' 1 1.292344982669825 0.13735491144635525
 0.1694915254237288 119 8 1 13]
[8.013704106999848 'Conceptual' 1 1.292344982669825 0.13735491144635525
 0.1694915254237288 119 8 2 18]
[11.610130247137091 'Conceptual' 1 1.292344982669825 0.13735491144635525
 2.8813559322033897 119 8 3 28]
[14.50653080783713 'Conceptual' 1 1.292344982669825 0.13735491144635525
 2.423728813559322 119 8 4 34]
[18.435802362837485 'Conceptual' 1 1.292344982669825 0.13735491144635525
 2.423728813559322 119 8 5 32]
[20.65318834283589 'Conceptual' 1 1.292344982669825 0.13735491144635525
 1.8644067796610169 119 8 6 42]
[22.503726017400876 'Conceptual' 1 1.292344982669825 0.13735491144635525
 1.6779661016949152 119 8 7 58]
[23.83347026700772 'Conceptual' 1 1.292344982669825 0.13735491144635525
 1.4406779661016949 119 8 8 58]
[24.872106435724273 'Conceptual' 1 1.292344982669825 0.13735491144635525
 1.3389830508474576 119 8 9 58]
[25.630269792336527 'Conceptual' 1 1.292344982669825 0.13735491144635525
 1.1864406779661016 119 8 10 58]
[26.176816830637986 'Conceptual' 1 1.292344982669825 0.13735491144635525
 1.0677966101694913 119 8 11 58]
[28.444517014046635 'Conceptual' 1 1.292344982669825 0.13735491144635525
 1.0677966101694913 119 8 12 58]
[31.843287758609875 'Conceptual' 1 1.292344982669825 0.13735491144635525
 1.0677966101694913 119 8 13 58]
[34.4764163031395 'Conceptual' 1 1.292344982669825 0.13735491144635525
 0.9999999999999999 119 8 14 58]
[37.8558236165542 'Conceptual' 1 1.292344982669825 0.13735491144635525
 0.9322033898305084 119 8 15 58]
[39.39937180924344 'Conceptual' 1 1.292344982669825 0.13735491144635525
 0.8983050847457626 119 8 16 58]
[40.473520045931004 'Conceptual' 1 1.292344982669825 0.13735491144635525
 0.8983050847457626 119 8 17 58]
[42.162801772366215 'Conceptual' 1 1.292344982669825 0.13735491144635525
 0.8983050847457626 119 8 18 58]
[43.699967531360834 'Conceptual' 1 1.292344982669825 0.13735491144635525
 0.847457627118644 119 8 19 58]
