[0.0 'Conceptual' 1 14.363375715248992 27.449231063407744 0.0 63 0 0 14]
[4.764480362657101 'Conceptual' 1 14.363375715248992 27.449231063407744
 10.169491525423728 63 0 1 14]
[7.623983361808564 'Conceptual' 1 14.363375715248992 27.449231063407744
 4.728813559322034 63 0 2 14]
[11.294289555541894 'Conceptual' 1 14.363375715248992 27.449231063407744
 3.644067796610169 63 0 3 14]
[15.78116046204763 'Conceptual' 1 14.363375715248992 27.449231063407744
 3.3050847457627115 63 0 4 14]
[19.100289101808198 'Conceptual' 1 14.363375715248992 27.449231063407744
 2.423728813559322 63 0 5 9]
[23.433925355271704 'Conceptual' 1 14.363375715248992 27.449231063407744
 2.2881355932203387 63 0 6 9]
[26.55656167930136 'Conceptual' 1 14.363375715248992 27.449231063407744
 2.0338983050847457 63 0 7 37]
[31.06649977983163 'Conceptual' 1 14.363375715248992 27.449231063407744
 2.016949152542373 63 0 8 34]
[33.87981158279243 'Conceptual' 1 14.363375715248992 27.449231063407744
 1.8644067796610169 63 0 9 50]
[38.31554780079929 'Conceptual' 1 14.363375715248992 27.449231063407744
 1.8135593220338981 63 0 10 52]
[41.91599160093838 'Conceptual' 1 14.363375715248992 27.449231063407744
 1.6779661016949152 63 0 11 41]
[46.159305588945415 'Conceptual' 1 14.363375715248992 27.449231063407744
 1.6779661016949152 63 0 12 45]
[49.947606891751896 'Conceptual' 1 14.363375715248992 27.449231063407744
 1.6101694915254237 63 0 13 50]
[52.72434664255293 'Conceptual' 1 14.363375715248992 27.449231063407744
 1.406779661016949 63 0 14 51]
[56.06160796622673 'Conceptual' 1 14.363375715248992 27.449231063407744
 1.3559322033898304 63 0 15 41]
[59.029649857209535 'Conceptual' 1 14.363375715248992 27.449231063407744
 1.3389830508474576 63 0 16 11]
[62.10381670318395 'Conceptual' 1 14.363375715248992 27.449231063407744
 1.271186440677966 63 0 17 52]
[64.57665542248431 'Conceptual' 1 14.363375715248992 27.449231063407744
 1.271186440677966 63 0 18 54]
[68.59519943232556 'Conceptual' 1 14.363375715248992 27.449231063407744
 1.2372881355932202 63 0 19 49]
[0.0 'Conceptual' 1 14.363375715248992 27.449231063407744 0.0 63 1 0 14]
[4.764480362657101 'Conceptual' 1 14.363375715248992 27.449231063407744
 10.169491525423728 63 1 1 14]
[7.623983361808564 'Conceptual' 1 14.363375715248992 27.449231063407744
 4.728813559322034 63 1 2 14]
[11.294289555541894 'Conceptual' 1 14.363375715248992 27.449231063407744
 3.644067796610169 63 1 3 14]
[15.78116046204763 'Conceptual' 1 14.363375715248992 27.449231063407744
 3.3050847457627115 63 1 4 14]
[19.100289101808198 'Conceptual' 1 14.363375715248992 27.449231063407744
 2.423728813559322 63 1 5 9]
[23.433925355271704 'Conceptual' 1 14.363375715248992 27.449231063407744
 2.2881355932203387 63 1 6 9]
[26.55656167930136 'Conceptual' 1 14.363375715248992 27.449231063407744
 2.0338983050847457 63 1 7 37]
[31.06649977983163 'Conceptual' 1 14.363375715248992 27.449231063407744
 2.016949152542373 63 1 8 34]
[33.87981158279243 'Conceptual' 1 14.363375715248992 27.449231063407744
 1.8644067796610169 63 1 9 50]
[38.31554780079929 'Conceptual' 1 14.363375715248992 27.449231063407744
 1.8135593220338981 63 1 10 52]
[41.91599160093838 'Conceptual' 1 14.363375715248992 27.449231063407744
 1.6779661016949152 63 1 11 41]
[46.159305588945415 'Conceptual' 1 14.363375715248992 27.449231063407744
 1.6779661016949152 63 1 12 45]
[49.947606891751896 'Conceptual' 1 14.363375715248992 27.449231063407744
 1.6101694915254237 63 1 13 50]
[52.72434664255293 'Conceptual' 1 14.363375715248992 27.449231063407744
 1.406779661016949 63 1 14 51]
[56.06160796622673 'Conceptual' 1 14.363375715248992 27.449231063407744
 1.3559322033898304 63 1 15 41]
[59.029649857209535 'Conceptual' 1 14.363375715248992 27.449231063407744
 1.3389830508474576 63 1 16 11]
[62.10381670318395 'Conceptual' 1 14.363375715248992 27.449231063407744
 1.271186440677966 63 1 17 52]
[64.57665542248431 'Conceptual' 1 14.363375715248992 27.449231063407744
 1.271186440677966 63 1 18 54]
[68.59519943232556 'Conceptual' 1 14.363375715248992 27.449231063407744
 1.2372881355932202 63 1 19 49]
[0.0 'Conceptual' 1 14.363375715248992 27.449231063407744 0.0 63 2 0 14]
[4.764480362657101 'Conceptual' 1 14.363375715248992 27.449231063407744
 10.169491525423728 63 2 1 14]
[7.623983361808564 'Conceptual' 1 14.363375715248992 27.449231063407744
 4.728813559322034 63 2 2 14]
[11.294289555541894 'Conceptual' 1 14.363375715248992 27.449231063407744
 3.644067796610169 63 2 3 14]
[15.78116046204763 'Conceptual' 1 14.363375715248992 27.449231063407744
 3.3050847457627115 63 2 4 14]
[19.100289101808198 'Conceptual' 1 14.363375715248992 27.449231063407744
 2.423728813559322 63 2 5 9]
[23.433925355271704 'Conceptual' 1 14.363375715248992 27.449231063407744
 2.2881355932203387 63 2 6 9]
[26.55656167930136 'Conceptual' 1 14.363375715248992 27.449231063407744
 2.0338983050847457 63 2 7 37]
[31.06649977983163 'Conceptual' 1 14.363375715248992 27.449231063407744
 2.016949152542373 63 2 8 34]
[33.87981158279243 'Conceptual' 1 14.363375715248992 27.449231063407744
 1.8644067796610169 63 2 9 50]
[38.31554780079929 'Conceptual' 1 14.363375715248992 27.449231063407744
 1.8135593220338981 63 2 10 52]
[41.91599160093838 'Conceptual' 1 14.363375715248992 27.449231063407744
 1.6779661016949152 63 2 11 41]
[46.159305588945415 'Conceptual' 1 14.363375715248992 27.449231063407744
 1.6779661016949152 63 2 12 45]
[49.947606891751896 'Conceptual' 1 14.363375715248992 27.449231063407744
 1.6101694915254237 63 2 13 50]
[52.72434664255293 'Conceptual' 1 14.363375715248992 27.449231063407744
 1.406779661016949 63 2 14 51]
[56.06160796622673 'Conceptual' 1 14.363375715248992 27.449231063407744
 1.3559322033898304 63 2 15 41]
[59.029649857209535 'Conceptual' 1 14.363375715248992 27.449231063407744
 1.3389830508474576 63 2 16 11]
[62.10381670318395 'Conceptual' 1 14.363375715248992 27.449231063407744
 1.271186440677966 63 2 17 52]
[64.57665542248431 'Conceptual' 1 14.363375715248992 27.449231063407744
 1.271186440677966 63 2 18 54]
[68.59519943232556 'Conceptual' 1 14.363375715248992 27.449231063407744
 1.2372881355932202 63 2 19 49]
[0.0 'Conceptual' 1 14.363375715248992 27.449231063407744 0.0 63 3 0 14]
[4.764480362657101 'Conceptual' 1 14.363375715248992 27.449231063407744
 10.169491525423728 63 3 1 14]
[7.623983361808564 'Conceptual' 1 14.363375715248992 27.449231063407744
 4.728813559322034 63 3 2 14]
[11.294289555541894 'Conceptual' 1 14.363375715248992 27.449231063407744
 3.644067796610169 63 3 3 14]
[15.78116046204763 'Conceptual' 1 14.363375715248992 27.449231063407744
 3.3050847457627115 63 3 4 14]
[19.100289101808198 'Conceptual' 1 14.363375715248992 27.449231063407744
 2.423728813559322 63 3 5 9]
[23.433925355271704 'Conceptual' 1 14.363375715248992 27.449231063407744
 2.2881355932203387 63 3 6 9]
[26.55656167930136 'Conceptual' 1 14.363375715248992 27.449231063407744
 2.0338983050847457 63 3 7 37]
[31.06649977983163 'Conceptual' 1 14.363375715248992 27.449231063407744
 2.016949152542373 63 3 8 34]
[33.87981158279243 'Conceptual' 1 14.363375715248992 27.449231063407744
 1.8644067796610169 63 3 9 50]
[38.31554780079929 'Conceptual' 1 14.363375715248992 27.449231063407744
 1.8135593220338981 63 3 10 52]
[41.91599160093838 'Conceptual' 1 14.363375715248992 27.449231063407744
 1.6779661016949152 63 3 11 41]
[46.159305588945415 'Conceptual' 1 14.363375715248992 27.449231063407744
 1.6779661016949152 63 3 12 45]
[49.947606891751896 'Conceptual' 1 14.363375715248992 27.449231063407744
 1.6101694915254237 63 3 13 50]
[52.72434664255293 'Conceptual' 1 14.363375715248992 27.449231063407744
 1.406779661016949 63 3 14 51]
[56.06160796622673 'Conceptual' 1 14.363375715248992 27.449231063407744
 1.3559322033898304 63 3 15 41]
[59.029649857209535 'Conceptual' 1 14.363375715248992 27.449231063407744
 1.3389830508474576 63 3 16 11]
[62.10381670318395 'Conceptual' 1 14.363375715248992 27.449231063407744
 1.271186440677966 63 3 17 52]
[64.57665542248431 'Conceptual' 1 14.363375715248992 27.449231063407744
 1.271186440677966 63 3 18 54]
[68.59519943232556 'Conceptual' 1 14.363375715248992 27.449231063407744
 1.2372881355932202 63 3 19 49]
[0.0 'Conceptual' 1 14.363375715248992 27.449231063407744 0.0 63 4 0 14]
[4.764480362657101 'Conceptual' 1 14.363375715248992 27.449231063407744
 10.169491525423728 63 4 1 14]
[7.623983361808564 'Conceptual' 1 14.363375715248992 27.449231063407744
 4.728813559322034 63 4 2 14]
[11.294289555541894 'Conceptual' 1 14.363375715248992 27.449231063407744
 3.644067796610169 63 4 3 14]
[15.78116046204763 'Conceptual' 1 14.363375715248992 27.449231063407744
 3.3050847457627115 63 4 4 14]
[19.100289101808198 'Conceptual' 1 14.363375715248992 27.449231063407744
 2.423728813559322 63 4 5 9]
[23.433925355271704 'Conceptual' 1 14.363375715248992 27.449231063407744
 2.2881355932203387 63 4 6 9]
[26.55656167930136 'Conceptual' 1 14.363375715248992 27.449231063407744
 2.0338983050847457 63 4 7 37]
[31.06649977983163 'Conceptual' 1 14.363375715248992 27.449231063407744
 2.016949152542373 63 4 8 34]
[33.87981158279243 'Conceptual' 1 14.363375715248992 27.449231063407744
 1.8644067796610169 63 4 9 50]
[38.31554780079929 'Conceptual' 1 14.363375715248992 27.449231063407744
 1.8135593220338981 63 4 10 52]
[41.91599160093838 'Conceptual' 1 14.363375715248992 27.449231063407744
 1.6779661016949152 63 4 11 41]
[46.159305588945415 'Conceptual' 1 14.363375715248992 27.449231063407744
 1.6779661016949152 63 4 12 45]
[49.947606891751896 'Conceptual' 1 14.363375715248992 27.449231063407744
 1.6101694915254237 63 4 13 50]
[52.72434664255293 'Conceptual' 1 14.363375715248992 27.449231063407744
 1.406779661016949 63 4 14 51]
[56.06160796622673 'Conceptual' 1 14.363375715248992 27.449231063407744
 1.3559322033898304 63 4 15 41]
[59.029649857209535 'Conceptual' 1 14.363375715248992 27.449231063407744
 1.3389830508474576 63 4 16 11]
[62.10381670318395 'Conceptual' 1 14.363375715248992 27.449231063407744
 1.271186440677966 63 4 17 52]
[64.57665542248431 'Conceptual' 1 14.363375715248992 27.449231063407744
 1.271186440677966 63 4 18 54]
[68.59519943232556 'Conceptual' 1 14.363375715248992 27.449231063407744
 1.2372881355932202 63 4 19 49]
[0.0 'Conceptual' 1 14.363375715248992 27.449231063407744 0.0 63 5 0 14]
[4.764480362657101 'Conceptual' 1 14.363375715248992 27.449231063407744
 10.169491525423728 63 5 1 14]
[7.623983361808564 'Conceptual' 1 14.363375715248992 27.449231063407744
 4.728813559322034 63 5 2 14]
[11.294289555541894 'Conceptual' 1 14.363375715248992 27.449231063407744
 3.644067796610169 63 5 3 14]
[15.78116046204763 'Conceptual' 1 14.363375715248992 27.449231063407744
 3.3050847457627115 63 5 4 14]
[19.100289101808198 'Conceptual' 1 14.363375715248992 27.449231063407744
 2.423728813559322 63 5 5 9]
[23.433925355271704 'Conceptual' 1 14.363375715248992 27.449231063407744
 2.2881355932203387 63 5 6 9]
[26.55656167930136 'Conceptual' 1 14.363375715248992 27.449231063407744
 2.0338983050847457 63 5 7 37]
[31.06649977983163 'Conceptual' 1 14.363375715248992 27.449231063407744
 2.016949152542373 63 5 8 34]
[33.87981158279243 'Conceptual' 1 14.363375715248992 27.449231063407744
 1.8644067796610169 63 5 9 50]
[38.31554780079929 'Conceptual' 1 14.363375715248992 27.449231063407744
 1.8135593220338981 63 5 10 52]
[41.91599160093838 'Conceptual' 1 14.363375715248992 27.449231063407744
 1.6779661016949152 63 5 11 41]
[46.159305588945415 'Conceptual' 1 14.363375715248992 27.449231063407744
 1.6779661016949152 63 5 12 45]
[49.947606891751896 'Conceptual' 1 14.363375715248992 27.449231063407744
 1.6101694915254237 63 5 13 50]
[52.72434664255293 'Conceptual' 1 14.363375715248992 27.449231063407744
 1.406779661016949 63 5 14 51]
[56.06160796622673 'Conceptual' 1 14.363375715248992 27.449231063407744
 1.3559322033898304 63 5 15 41]
[59.029649857209535 'Conceptual' 1 14.363375715248992 27.449231063407744
 1.3389830508474576 63 5 16 11]
[62.10381670318395 'Conceptual' 1 14.363375715248992 27.449231063407744
 1.271186440677966 63 5 17 52]
[64.57665542248431 'Conceptual' 1 14.363375715248992 27.449231063407744
 1.271186440677966 63 5 18 54]
[68.59519943232556 'Conceptual' 1 14.363375715248992 27.449231063407744
 1.2372881355932202 63 5 19 49]
[0.0 'Conceptual' 1 14.363375715248992 27.449231063407744 0.0 63 6 0 14]
[4.764480362657101 'Conceptual' 1 14.363375715248992 27.449231063407744
 10.169491525423728 63 6 1 14]
[7.623983361808564 'Conceptual' 1 14.363375715248992 27.449231063407744
 4.728813559322034 63 6 2 14]
[11.294289555541894 'Conceptual' 1 14.363375715248992 27.449231063407744
 3.644067796610169 63 6 3 14]
[15.78116046204763 'Conceptual' 1 14.363375715248992 27.449231063407744
 3.3050847457627115 63 6 4 14]
[19.100289101808198 'Conceptual' 1 14.363375715248992 27.449231063407744
 2.423728813559322 63 6 5 9]
[23.433925355271704 'Conceptual' 1 14.363375715248992 27.449231063407744
 2.2881355932203387 63 6 6 9]
[26.55656167930136 'Conceptual' 1 14.363375715248992 27.449231063407744
 2.0338983050847457 63 6 7 37]
[31.06649977983163 'Conceptual' 1 14.363375715248992 27.449231063407744
 2.016949152542373 63 6 8 34]
[33.87981158279243 'Conceptual' 1 14.363375715248992 27.449231063407744
 1.8644067796610169 63 6 9 50]
[38.31554780079929 'Conceptual' 1 14.363375715248992 27.449231063407744
 1.8135593220338981 63 6 10 52]
[41.91599160093838 'Conceptual' 1 14.363375715248992 27.449231063407744
 1.6779661016949152 63 6 11 41]
[46.159305588945415 'Conceptual' 1 14.363375715248992 27.449231063407744
 1.6779661016949152 63 6 12 45]
[49.947606891751896 'Conceptual' 1 14.363375715248992 27.449231063407744
 1.6101694915254237 63 6 13 50]
[52.72434664255293 'Conceptual' 1 14.363375715248992 27.449231063407744
 1.406779661016949 63 6 14 51]
[56.06160796622673 'Conceptual' 1 14.363375715248992 27.449231063407744
 1.3559322033898304 63 6 15 41]
[59.029649857209535 'Conceptual' 1 14.363375715248992 27.449231063407744
 1.3389830508474576 63 6 16 11]
[62.10381670318395 'Conceptual' 1 14.363375715248992 27.449231063407744
 1.271186440677966 63 6 17 52]
[64.57665542248431 'Conceptual' 1 14.363375715248992 27.449231063407744
 1.271186440677966 63 6 18 54]
[68.59519943232556 'Conceptual' 1 14.363375715248992 27.449231063407744
 1.2372881355932202 63 6 19 49]
[0.0 'Conceptual' 1 14.363375715248992 27.449231063407744 0.0 63 7 0 14]
[4.764480362657101 'Conceptual' 1 14.363375715248992 27.449231063407744
 10.169491525423728 63 7 1 14]
[7.623983361808564 'Conceptual' 1 14.363375715248992 27.449231063407744
 4.728813559322034 63 7 2 14]
[11.294289555541894 'Conceptual' 1 14.363375715248992 27.449231063407744
 3.644067796610169 63 7 3 14]
[15.78116046204763 'Conceptual' 1 14.363375715248992 27.449231063407744
 3.3050847457627115 63 7 4 14]
[19.100289101808198 'Conceptual' 1 14.363375715248992 27.449231063407744
 2.423728813559322 63 7 5 9]
[23.433925355271704 'Conceptual' 1 14.363375715248992 27.449231063407744
 2.2881355932203387 63 7 6 9]
[26.55656167930136 'Conceptual' 1 14.363375715248992 27.449231063407744
 2.0338983050847457 63 7 7 37]
[31.06649977983163 'Conceptual' 1 14.363375715248992 27.449231063407744
 2.016949152542373 63 7 8 34]
[33.87981158279243 'Conceptual' 1 14.363375715248992 27.449231063407744
 1.8644067796610169 63 7 9 50]
[38.31554780079929 'Conceptual' 1 14.363375715248992 27.449231063407744
 1.8135593220338981 63 7 10 52]
[41.91599160093838 'Conceptual' 1 14.363375715248992 27.449231063407744
 1.6779661016949152 63 7 11 41]
[46.159305588945415 'Conceptual' 1 14.363375715248992 27.449231063407744
 1.6779661016949152 63 7 12 45]
[49.947606891751896 'Conceptual' 1 14.363375715248992 27.449231063407744
 1.6101694915254237 63 7 13 50]
[52.72434664255293 'Conceptual' 1 14.363375715248992 27.449231063407744
 1.406779661016949 63 7 14 51]
[56.06160796622673 'Conceptual' 1 14.363375715248992 27.449231063407744
 1.3559322033898304 63 7 15 41]
[59.029649857209535 'Conceptual' 1 14.363375715248992 27.449231063407744
 1.3389830508474576 63 7 16 11]
[62.10381670318395 'Conceptual' 1 14.363375715248992 27.449231063407744
 1.271186440677966 63 7 17 52]
[64.57665542248431 'Conceptual' 1 14.363375715248992 27.449231063407744
 1.271186440677966 63 7 18 54]
[68.59519943232556 'Conceptual' 1 14.363375715248992 27.449231063407744
 1.2372881355932202 63 7 19 49]
[0.0 'Conceptual' 1 14.363375715248992 27.449231063407744 0.0 63 8 0 14]
[4.764480362657101 'Conceptual' 1 14.363375715248992 27.449231063407744
 10.169491525423728 63 8 1 14]
[7.623983361808564 'Conceptual' 1 14.363375715248992 27.449231063407744
 4.728813559322034 63 8 2 14]
[11.294289555541894 'Conceptual' 1 14.363375715248992 27.449231063407744
 3.644067796610169 63 8 3 14]
[15.78116046204763 'Conceptual' 1 14.363375715248992 27.449231063407744
 3.3050847457627115 63 8 4 14]
[19.100289101808198 'Conceptual' 1 14.363375715248992 27.449231063407744
 2.423728813559322 63 8 5 9]
[23.433925355271704 'Conceptual' 1 14.363375715248992 27.449231063407744
 2.2881355932203387 63 8 6 9]
[26.55656167930136 'Conceptual' 1 14.363375715248992 27.449231063407744
 2.0338983050847457 63 8 7 37]
[31.06649977983163 'Conceptual' 1 14.363375715248992 27.449231063407744
 2.016949152542373 63 8 8 34]
[33.87981158279243 'Conceptual' 1 14.363375715248992 27.449231063407744
 1.8644067796610169 63 8 9 50]
[38.31554780079929 'Conceptual' 1 14.363375715248992 27.449231063407744
 1.8135593220338981 63 8 10 52]
[41.91599160093838 'Conceptual' 1 14.363375715248992 27.449231063407744
 1.6779661016949152 63 8 11 41]
[46.159305588945415 'Conceptual' 1 14.363375715248992 27.449231063407744
 1.6779661016949152 63 8 12 45]
[49.947606891751896 'Conceptual' 1 14.363375715248992 27.449231063407744
 1.6101694915254237 63 8 13 50]
[52.72434664255293 'Conceptual' 1 14.363375715248992 27.449231063407744
 1.406779661016949 63 8 14 51]
[56.06160796622673 'Conceptual' 1 14.363375715248992 27.449231063407744
 1.3559322033898304 63 8 15 41]
[59.029649857209535 'Conceptual' 1 14.363375715248992 27.449231063407744
 1.3389830508474576 63 8 16 11]
[62.10381670318395 'Conceptual' 1 14.363375715248992 27.449231063407744
 1.271186440677966 63 8 17 52]
[64.57665542248431 'Conceptual' 1 14.363375715248992 27.449231063407744
 1.271186440677966 63 8 18 54]
[68.59519943232556 'Conceptual' 1 14.363375715248992 27.449231063407744
 1.2372881355932202 63 8 19 49]
