[0.0 'Spatial' 1 1.604176839913438 0.0005696132253730751 0.0 114 0 0 33]
[4.158882596234465 'Spatial' 1 1.604176839913438 0.0005696132253730751
 2.016949152542373 114 0 1 44]
[8.317766166719343 'Spatial' 1 1.604176839913438 0.0005696132253730751
 1.8644067796610169 114 0 2 61]
[12.223839074939225 'Spatial' 1 1.604176839913438 0.0005696132253730751
 0.28135593220338984 114 0 3 62]
[15.733155532616472 'Spatial' 1 1.604176839913438 0.0005696132253730751
 1.1864406779661016 114 0 4 63]
[18.792182608972226 'Spatial' 1 1.604176839913438 0.0005696132253730751
 1.5084745762711864 114 0 5 62]
[21.08241261156356 'Spatial' 1 1.604176839913438 0.0005696132253730751
 1.3559322033898304 114 0 6 60]
[24.584858564467552 'Spatial' 1 1.604176839913438 0.0005696132253730751
 1.4406779661016949 114 0 7 62]
[26.271351690734143 'Spatial' 1 1.604176839913438 0.0005696132253730751
 1.3559322033898304 114 0 8 62]
[27.467630540586065 'Spatial' 1 1.604176839913438 0.0005696132253730751
 1.2372881355932202 114 0 9 62]
[28.21050373407682 'Spatial' 1 1.604176839913438 0.0005696132253730751
 1.1694915254237288 114 0 10 62]
[28.561158840858674 'Spatial' 1 1.604176839913438 0.0005696132253730751
 1.0677966101694913 114 0 11 62]
[28.58805320658383 'Spatial' 1 1.604176839913438 0.0005696132253730751
 0.9999999999999999 114 0 12 62]
[28.392699576081817 'Spatial' 1 1.604176839913438 0.0005696132253730751
 0.9322033898305084 114 0 13 62]
[28.102185412036143 'Spatial' 1 1.604176839913438 0.0005696132253730751
 0.8983050847457626 114 0 14 62]
[27.82674634308585 'Spatial' 1 1.604176839913438 0.0005696132253730751
 0.8305084745762711 114 0 15 62]
[27.69282410120499 'Spatial' 1 1.604176839913438 0.0005696132253730751
 0.8305084745762711 114 0 16 62]
[27.773702871992068 'Spatial' 1 1.604176839913438 0.0005696132253730751
 0.7627118644067796 114 0 17 62]
[28.08843473245342 'Spatial' 1 1.604176839913438 0.0005696132253730751
 0.7627118644067796 114 0 18 62]
[28.672166167050527 'Spatial' 1 1.604176839913438 0.0005696132253730751
 0.7627118644067796 114 0 19 62]
[0.0 'Spatial' 1 1.604176839913438 0.0005696132253730751 0.0 114 1 0 33]
[4.158882596234465 'Spatial' 1 1.604176839913438 0.0005696132253730751
 2.016949152542373 114 1 1 44]
[8.317766166719343 'Spatial' 1 1.604176839913438 0.0005696132253730751
 1.8644067796610169 114 1 2 61]
[12.223839074939225 'Spatial' 1 1.604176839913438 0.0005696132253730751
 0.28135593220338984 114 1 3 62]
[15.733155532616472 'Spatial' 1 1.604176839913438 0.0005696132253730751
 1.1864406779661016 114 1 4 63]
[18.792182608972226 'Spatial' 1 1.604176839913438 0.0005696132253730751
 1.5084745762711864 114 1 5 62]
[21.08241261156356 'Spatial' 1 1.604176839913438 0.0005696132253730751
 1.3559322033898304 114 1 6 60]
[24.584858564467552 'Spatial' 1 1.604176839913438 0.0005696132253730751
 1.4406779661016949 114 1 7 62]
[26.271351690734143 'Spatial' 1 1.604176839913438 0.0005696132253730751
 1.3559322033898304 114 1 8 62]
[27.467630540586065 'Spatial' 1 1.604176839913438 0.0005696132253730751
 1.2372881355932202 114 1 9 62]
[28.21050373407682 'Spatial' 1 1.604176839913438 0.0005696132253730751
 1.1694915254237288 114 1 10 62]
[28.561158840858674 'Spatial' 1 1.604176839913438 0.0005696132253730751
 1.0677966101694913 114 1 11 62]
[28.58805320658383 'Spatial' 1 1.604176839913438 0.0005696132253730751
 0.9999999999999999 114 1 12 62]
[28.392699576081817 'Spatial' 1 1.604176839913438 0.0005696132253730751
 0.9322033898305084 114 1 13 62]
[28.102185412036143 'Spatial' 1 1.604176839913438 0.0005696132253730751
 0.8983050847457626 114 1 14 62]
[27.82674634308585 'Spatial' 1 1.604176839913438 0.0005696132253730751
 0.8305084745762711 114 1 15 62]
[27.69282410120499 'Spatial' 1 1.604176839913438 0.0005696132253730751
 0.8305084745762711 114 1 16 62]
[27.773702871992068 'Spatial' 1 1.604176839913438 0.0005696132253730751
 0.7627118644067796 114 1 17 62]
[28.08843473245342 'Spatial' 1 1.604176839913438 0.0005696132253730751
 0.7627118644067796 114 1 18 62]
[28.672166167050527 'Spatial' 1 1.604176839913438 0.0005696132253730751
 0.7627118644067796 114 1 19 62]
[0.0 'Spatial' 1 1.604176839913438 0.0005696132253730751 0.0 114 2 0 33]
[4.158882596234465 'Spatial' 1 1.604176839913438 0.0005696132253730751
 2.016949152542373 114 2 1 44]
[8.317766166719343 'Spatial' 1 1.604176839913438 0.0005696132253730751
 1.8644067796610169 114 2 2 61]
[12.223839074939225 'Spatial' 1 1.604176839913438 0.0005696132253730751
 0.28135593220338984 114 2 3 62]
[15.733155532616472 'Spatial' 1 1.604176839913438 0.0005696132253730751
 1.1864406779661016 114 2 4 63]
[18.792182608972226 'Spatial' 1 1.604176839913438 0.0005696132253730751
 1.5084745762711864 114 2 5 62]
[21.08241261156356 'Spatial' 1 1.604176839913438 0.0005696132253730751
 1.3559322033898304 114 2 6 60]
[24.584858564467552 'Spatial' 1 1.604176839913438 0.0005696132253730751
 1.4406779661016949 114 2 7 62]
[26.271351690734143 'Spatial' 1 1.604176839913438 0.0005696132253730751
 1.3559322033898304 114 2 8 62]
[27.467630540586065 'Spatial' 1 1.604176839913438 0.0005696132253730751
 1.2372881355932202 114 2 9 62]
[28.21050373407682 'Spatial' 1 1.604176839913438 0.0005696132253730751
 1.1694915254237288 114 2 10 62]
[28.561158840858674 'Spatial' 1 1.604176839913438 0.0005696132253730751
 1.0677966101694913 114 2 11 62]
[28.58805320658383 'Spatial' 1 1.604176839913438 0.0005696132253730751
 0.9999999999999999 114 2 12 62]
[28.392699576081817 'Spatial' 1 1.604176839913438 0.0005696132253730751
 0.9322033898305084 114 2 13 62]
[28.102185412036143 'Spatial' 1 1.604176839913438 0.0005696132253730751
 0.8983050847457626 114 2 14 62]
[27.82674634308585 'Spatial' 1 1.604176839913438 0.0005696132253730751
 0.8305084745762711 114 2 15 62]
[27.69282410120499 'Spatial' 1 1.604176839913438 0.0005696132253730751
 0.8305084745762711 114 2 16 62]
[27.773702871992068 'Spatial' 1 1.604176839913438 0.0005696132253730751
 0.7627118644067796 114 2 17 62]
[28.08843473245342 'Spatial' 1 1.604176839913438 0.0005696132253730751
 0.7627118644067796 114 2 18 62]
[28.672166167050527 'Spatial' 1 1.604176839913438 0.0005696132253730751
 0.7627118644067796 114 2 19 62]
[0.0 'Spatial' 1 1.604176839913438 0.0005696132253730751 0.0 114 3 0 33]
[4.158882596234465 'Spatial' 1 1.604176839913438 0.0005696132253730751
 2.016949152542373 114 3 1 44]
[8.317766166719343 'Spatial' 1 1.604176839913438 0.0005696132253730751
 1.8644067796610169 114 3 2 61]
[12.223839074939225 'Spatial' 1 1.604176839913438 0.0005696132253730751
 0.28135593220338984 114 3 3 62]
[15.733155532616472 'Spatial' 1 1.604176839913438 0.0005696132253730751
 1.1864406779661016 114 3 4 63]
[18.792182608972226 'Spatial' 1 1.604176839913438 0.0005696132253730751
 1.5084745762711864 114 3 5 62]
[21.08241261156356 'Spatial' 1 1.604176839913438 0.0005696132253730751
 1.3559322033898304 114 3 6 60]
[24.584858564467552 'Spatial' 1 1.604176839913438 0.0005696132253730751
 1.4406779661016949 114 3 7 62]
[26.271351690734143 'Spatial' 1 1.604176839913438 0.0005696132253730751
 1.3559322033898304 114 3 8 62]
[27.467630540586065 'Spatial' 1 1.604176839913438 0.0005696132253730751
 1.2372881355932202 114 3 9 62]
[28.21050373407682 'Spatial' 1 1.604176839913438 0.0005696132253730751
 1.1694915254237288 114 3 10 62]
[28.561158840858674 'Spatial' 1 1.604176839913438 0.0005696132253730751
 1.0677966101694913 114 3 11 62]
[28.58805320658383 'Spatial' 1 1.604176839913438 0.0005696132253730751
 0.9999999999999999 114 3 12 62]
[28.392699576081817 'Spatial' 1 1.604176839913438 0.0005696132253730751
 0.9322033898305084 114 3 13 62]
[28.102185412036143 'Spatial' 1 1.604176839913438 0.0005696132253730751
 0.8983050847457626 114 3 14 62]
[27.82674634308585 'Spatial' 1 1.604176839913438 0.0005696132253730751
 0.8305084745762711 114 3 15 62]
[27.69282410120499 'Spatial' 1 1.604176839913438 0.0005696132253730751
 0.8305084745762711 114 3 16 62]
[27.773702871992068 'Spatial' 1 1.604176839913438 0.0005696132253730751
 0.7627118644067796 114 3 17 62]
[28.08843473245342 'Spatial' 1 1.604176839913438 0.0005696132253730751
 0.7627118644067796 114 3 18 62]
[28.672166167050527 'Spatial' 1 1.604176839913438 0.0005696132253730751
 0.7627118644067796 114 3 19 62]
[0.0 'Spatial' 1 1.604176839913438 0.0005696132253730751 0.0 114 4 0 33]
[4.158882596234465 'Spatial' 1 1.604176839913438 0.0005696132253730751
 2.016949152542373 114 4 1 44]
[8.317766166719343 'Spatial' 1 1.604176839913438 0.0005696132253730751
 1.8644067796610169 114 4 2 61]
[12.223839074939225 'Spatial' 1 1.604176839913438 0.0005696132253730751
 0.28135593220338984 114 4 3 62]
[15.733155532616472 'Spatial' 1 1.604176839913438 0.0005696132253730751
 1.1864406779661016 114 4 4 63]
[18.792182608972226 'Spatial' 1 1.604176839913438 0.0005696132253730751
 1.5084745762711864 114 4 5 62]
[21.08241261156356 'Spatial' 1 1.604176839913438 0.0005696132253730751
 1.3559322033898304 114 4 6 60]
[24.584858564467552 'Spatial' 1 1.604176839913438 0.0005696132253730751
 1.4406779661016949 114 4 7 62]
[26.271351690734143 'Spatial' 1 1.604176839913438 0.0005696132253730751
 1.3559322033898304 114 4 8 62]
[27.467630540586065 'Spatial' 1 1.604176839913438 0.0005696132253730751
 1.2372881355932202 114 4 9 62]
[28.21050373407682 'Spatial' 1 1.604176839913438 0.0005696132253730751
 1.1694915254237288 114 4 10 62]
[28.561158840858674 'Spatial' 1 1.604176839913438 0.0005696132253730751
 1.0677966101694913 114 4 11 62]
[28.58805320658383 'Spatial' 1 1.604176839913438 0.0005696132253730751
 0.9999999999999999 114 4 12 62]
[28.392699576081817 'Spatial' 1 1.604176839913438 0.0005696132253730751
 0.9322033898305084 114 4 13 62]
[28.102185412036143 'Spatial' 1 1.604176839913438 0.0005696132253730751
 0.8983050847457626 114 4 14 62]
[27.82674634308585 'Spatial' 1 1.604176839913438 0.0005696132253730751
 0.8305084745762711 114 4 15 62]
[27.69282410120499 'Spatial' 1 1.604176839913438 0.0005696132253730751
 0.8305084745762711 114 4 16 62]
[27.773702871992068 'Spatial' 1 1.604176839913438 0.0005696132253730751
 0.7627118644067796 114 4 17 62]
[28.08843473245342 'Spatial' 1 1.604176839913438 0.0005696132253730751
 0.7627118644067796 114 4 18 62]
[28.672166167050527 'Spatial' 1 1.604176839913438 0.0005696132253730751
 0.7627118644067796 114 4 19 62]
[0.0 'Spatial' 1 1.604176839913438 0.0005696132253730751 0.0 114 5 0 33]
[4.158882596234465 'Spatial' 1 1.604176839913438 0.0005696132253730751
 2.016949152542373 114 5 1 44]
[8.317766166719343 'Spatial' 1 1.604176839913438 0.0005696132253730751
 1.8644067796610169 114 5 2 61]
[12.223839074939225 'Spatial' 1 1.604176839913438 0.0005696132253730751
 0.28135593220338984 114 5 3 62]
[15.733155532616472 'Spatial' 1 1.604176839913438 0.0005696132253730751
 1.1864406779661016 114 5 4 63]
[18.792182608972226 'Spatial' 1 1.604176839913438 0.0005696132253730751
 1.5084745762711864 114 5 5 62]
[21.08241261156356 'Spatial' 1 1.604176839913438 0.0005696132253730751
 1.3559322033898304 114 5 6 60]
[24.584858564467552 'Spatial' 1 1.604176839913438 0.0005696132253730751
 1.4406779661016949 114 5 7 62]
[26.271351690734143 'Spatial' 1 1.604176839913438 0.0005696132253730751
 1.3559322033898304 114 5 8 62]
[27.467630540586065 'Spatial' 1 1.604176839913438 0.0005696132253730751
 1.2372881355932202 114 5 9 62]
[28.21050373407682 'Spatial' 1 1.604176839913438 0.0005696132253730751
 1.1694915254237288 114 5 10 62]
[28.561158840858674 'Spatial' 1 1.604176839913438 0.0005696132253730751
 1.0677966101694913 114 5 11 62]
[28.58805320658383 'Spatial' 1 1.604176839913438 0.0005696132253730751
 0.9999999999999999 114 5 12 62]
[28.392699576081817 'Spatial' 1 1.604176839913438 0.0005696132253730751
 0.9322033898305084 114 5 13 62]
[28.102185412036143 'Spatial' 1 1.604176839913438 0.0005696132253730751
 0.8983050847457626 114 5 14 62]
[27.82674634308585 'Spatial' 1 1.604176839913438 0.0005696132253730751
 0.8305084745762711 114 5 15 62]
[27.69282410120499 'Spatial' 1 1.604176839913438 0.0005696132253730751
 0.8305084745762711 114 5 16 62]
[27.773702871992068 'Spatial' 1 1.604176839913438 0.0005696132253730751
 0.7627118644067796 114 5 17 62]
[28.08843473245342 'Spatial' 1 1.604176839913438 0.0005696132253730751
 0.7627118644067796 114 5 18 62]
[28.672166167050527 'Spatial' 1 1.604176839913438 0.0005696132253730751
 0.7627118644067796 114 5 19 62]
[0.0 'Spatial' 1 1.604176839913438 0.0005696132253730751 0.0 114 6 0 33]
[4.158882596234465 'Spatial' 1 1.604176839913438 0.0005696132253730751
 2.016949152542373 114 6 1 44]
[8.317766166719343 'Spatial' 1 1.604176839913438 0.0005696132253730751
 1.8644067796610169 114 6 2 61]
[12.223839074939225 'Spatial' 1 1.604176839913438 0.0005696132253730751
 0.28135593220338984 114 6 3 62]
[15.733155532616472 'Spatial' 1 1.604176839913438 0.0005696132253730751
 1.1864406779661016 114 6 4 63]
[18.792182608972226 'Spatial' 1 1.604176839913438 0.0005696132253730751
 1.5084745762711864 114 6 5 62]
[21.08241261156356 'Spatial' 1 1.604176839913438 0.0005696132253730751
 1.3559322033898304 114 6 6 60]
[24.584858564467552 'Spatial' 1 1.604176839913438 0.0005696132253730751
 1.4406779661016949 114 6 7 62]
[26.271351690734143 'Spatial' 1 1.604176839913438 0.0005696132253730751
 1.3559322033898304 114 6 8 62]
[27.467630540586065 'Spatial' 1 1.604176839913438 0.0005696132253730751
 1.2372881355932202 114 6 9 62]
[28.21050373407682 'Spatial' 1 1.604176839913438 0.0005696132253730751
 1.1694915254237288 114 6 10 62]
[28.561158840858674 'Spatial' 1 1.604176839913438 0.0005696132253730751
 1.0677966101694913 114 6 11 62]
[28.58805320658383 'Spatial' 1 1.604176839913438 0.0005696132253730751
 0.9999999999999999 114 6 12 62]
[28.392699576081817 'Spatial' 1 1.604176839913438 0.0005696132253730751
 0.9322033898305084 114 6 13 62]
[28.102185412036143 'Spatial' 1 1.604176839913438 0.0005696132253730751
 0.8983050847457626 114 6 14 62]
[27.82674634308585 'Spatial' 1 1.604176839913438 0.0005696132253730751
 0.8305084745762711 114 6 15 62]
[27.69282410120499 'Spatial' 1 1.604176839913438 0.0005696132253730751
 0.8305084745762711 114 6 16 62]
[27.773702871992068 'Spatial' 1 1.604176839913438 0.0005696132253730751
 0.7627118644067796 114 6 17 62]
[28.08843473245342 'Spatial' 1 1.604176839913438 0.0005696132253730751
 0.7627118644067796 114 6 18 62]
[28.672166167050527 'Spatial' 1 1.604176839913438 0.0005696132253730751
 0.7627118644067796 114 6 19 62]
[0.0 'Spatial' 1 1.604176839913438 0.0005696132253730751 0.0 114 7 0 33]
[4.158882596234465 'Spatial' 1 1.604176839913438 0.0005696132253730751
 2.016949152542373 114 7 1 44]
[8.317766166719343 'Spatial' 1 1.604176839913438 0.0005696132253730751
 1.8644067796610169 114 7 2 61]
[12.223839074939225 'Spatial' 1 1.604176839913438 0.0005696132253730751
 0.28135593220338984 114 7 3 62]
[15.733155532616472 'Spatial' 1 1.604176839913438 0.0005696132253730751
 1.1864406779661016 114 7 4 63]
[18.792182608972226 'Spatial' 1 1.604176839913438 0.0005696132253730751
 1.5084745762711864 114 7 5 62]
[21.08241261156356 'Spatial' 1 1.604176839913438 0.0005696132253730751
 1.3559322033898304 114 7 6 60]
[24.584858564467552 'Spatial' 1 1.604176839913438 0.0005696132253730751
 1.4406779661016949 114 7 7 62]
[26.271351690734143 'Spatial' 1 1.604176839913438 0.0005696132253730751
 1.3559322033898304 114 7 8 62]
[27.467630540586065 'Spatial' 1 1.604176839913438 0.0005696132253730751
 1.2372881355932202 114 7 9 62]
[28.21050373407682 'Spatial' 1 1.604176839913438 0.0005696132253730751
 1.1694915254237288 114 7 10 62]
[28.561158840858674 'Spatial' 1 1.604176839913438 0.0005696132253730751
 1.0677966101694913 114 7 11 62]
[28.58805320658383 'Spatial' 1 1.604176839913438 0.0005696132253730751
 0.9999999999999999 114 7 12 62]
[28.392699576081817 'Spatial' 1 1.604176839913438 0.0005696132253730751
 0.9322033898305084 114 7 13 62]
[28.102185412036143 'Spatial' 1 1.604176839913438 0.0005696132253730751
 0.8983050847457626 114 7 14 62]
[27.82674634308585 'Spatial' 1 1.604176839913438 0.0005696132253730751
 0.8305084745762711 114 7 15 62]
[27.69282410120499 'Spatial' 1 1.604176839913438 0.0005696132253730751
 0.8305084745762711 114 7 16 62]
[27.773702871992068 'Spatial' 1 1.604176839913438 0.0005696132253730751
 0.7627118644067796 114 7 17 62]
[28.08843473245342 'Spatial' 1 1.604176839913438 0.0005696132253730751
 0.7627118644067796 114 7 18 62]
[28.672166167050527 'Spatial' 1 1.604176839913438 0.0005696132253730751
 0.7627118644067796 114 7 19 62]
[0.0 'Spatial' 1 1.604176839913438 0.0005696132253730751 0.0 114 8 0 33]
[4.158882596234465 'Spatial' 1 1.604176839913438 0.0005696132253730751
 2.016949152542373 114 8 1 44]
[8.317766166719343 'Spatial' 1 1.604176839913438 0.0005696132253730751
 1.8644067796610169 114 8 2 61]
[12.223839074939225 'Spatial' 1 1.604176839913438 0.0005696132253730751
 0.28135593220338984 114 8 3 62]
[15.733155532616472 'Spatial' 1 1.604176839913438 0.0005696132253730751
 1.1864406779661016 114 8 4 63]
[18.792182608972226 'Spatial' 1 1.604176839913438 0.0005696132253730751
 1.5084745762711864 114 8 5 62]
[21.08241261156356 'Spatial' 1 1.604176839913438 0.0005696132253730751
 1.3559322033898304 114 8 6 60]
[24.584858564467552 'Spatial' 1 1.604176839913438 0.0005696132253730751
 1.4406779661016949 114 8 7 62]
[26.271351690734143 'Spatial' 1 1.604176839913438 0.0005696132253730751
 1.3559322033898304 114 8 8 62]
[27.467630540586065 'Spatial' 1 1.604176839913438 0.0005696132253730751
 1.2372881355932202 114 8 9 62]
[28.21050373407682 'Spatial' 1 1.604176839913438 0.0005696132253730751
 1.1694915254237288 114 8 10 62]
[28.561158840858674 'Spatial' 1 1.604176839913438 0.0005696132253730751
 1.0677966101694913 114 8 11 62]
[28.58805320658383 'Spatial' 1 1.604176839913438 0.0005696132253730751
 0.9999999999999999 114 8 12 62]
[28.392699576081817 'Spatial' 1 1.604176839913438 0.0005696132253730751
 0.9322033898305084 114 8 13 62]
[28.102185412036143 'Spatial' 1 1.604176839913438 0.0005696132253730751
 0.8983050847457626 114 8 14 62]
[27.82674634308585 'Spatial' 1 1.604176839913438 0.0005696132253730751
 0.8305084745762711 114 8 15 62]
[27.69282410120499 'Spatial' 1 1.604176839913438 0.0005696132253730751
 0.8305084745762711 114 8 16 62]
[27.773702871992068 'Spatial' 1 1.604176839913438 0.0005696132253730751
 0.7627118644067796 114 8 17 62]
[28.08843473245342 'Spatial' 1 1.604176839913438 0.0005696132253730751
 0.7627118644067796 114 8 18 62]
[28.672166167050527 'Spatial' 1 1.604176839913438 0.0005696132253730751
 0.7627118644067796 114 8 19 62]
