slurmstepd: error: Unable to create TMPDIR [/wrk/users/kojaakko]: Permission denied
slurmstepd: error: Setting TMPDIR to /tmp
[0.0 'Spatial' 0 0.159798025161095 0.89303482236461 0.0 62 0 0 12 1]
[4.111544060183853 'Spatial' 0 0.159798025161095 0.89303482236461
 0.4888888888888889 62 0 1 20 1]
[3.9982396169933407 'Spatial' 0 0.159798025161095 0.89303482236461
 1.435897435897436 62 0 2 17 1]
[3.8633378974255357 'Spatial' 0 0.159798025161095 0.89303482236461
 1.07008547008547 62 0 3 22 1]
[3.5289898314460135 'Spatial' 0 0.159798025161095 0.89303482236461
 4.102564102564102 62 0 4 27 1]
[1.7331904913502387 'Spatial' 0 0.159798025161095 0.89303482236461
 1.9247863247863248 62 0 5 12 1]
[1.891645349724078 'Spatial' 0 0.159798025161095 0.89303482236461
 2.051282051282051 62 0 6 13 1]
[3.4688231804558645 'Spatial' 0 0.159798025161095 0.89303482236461
 4.102564102564102 62 0 7 14 1]
[3.7264378202486097 'Spatial' 0 0.159798025161095 0.89303482236461
 0.5914529914529914 62 0 8 15 1]
[4.090513307655675 'Spatial' 0 0.159798025161095 0.89303482236461
 0.10256410256410256 62 0 9 8 1]
[4.07370479285376 'Spatial' 0 0.159798025161095 0.89303482236461
 0.10256410256410256 62 0 10 9 1]
[2.223944690655906 'Spatial' 0 0.159798025161095 0.89303482236461
 2.6666666666666665 62 0 11 22 1]
[4.126173232072516 'Spatial' 0 0.159798025161095 0.89303482236461
 0.10256410256410256 62 0 12 38 1]
[2.556239217556411 'Spatial' 0 0.159798025161095 0.89303482236461
 4.102564102564102 62 0 13 20 1]
[1.302093043093328 'Spatial' 0 0.159798025161095 0.89303482236461
 2.6666666666666665 62 0 14 21 1]
[1.08856366243135 'Spatial' 0 0.159798025161095 0.89303482236461
 0.8991452991452991 62 0 15 14 1]
[2.6496989781831743 'Spatial' 0 0.159798025161095 0.89303482236461
 4.102564102564102 62 0 16 12 1]
[2.119393517311917 'Spatial' 0 0.159798025161095 0.89303482236461
 3.258119658119658 62 0 17 22 1]
[1.4233674117287949 'Spatial' 0 0.159798025161095 0.89303482236461
 0.10256410256410256 62 0 18 12 1]
[1.2405902550970698 'Spatial' 0 0.159798025161095 0.89303482236461
 2.871794871794872 62 0 19 21 1]
[0.0 'Spatial' 0 0.00016486400788612757 63.41137893389181 0.0 62 1 0 37 1]
[1.397241732112282 'Spatial' 0 0.00016486400788612757 63.41137893389181
 0.45470085470085464 62 1 1 46 1]
[1.0965089545858804 'Spatial' 0 0.00016486400788612757 63.41137893389181
 0.45470085470085464 62 1 2 44 1]
[0.8128981608124156 'Spatial' 0 0.00016486400788612757 63.41137893389181
 0.6153846153846153 62 1 3 42 1]
[1.6095559054726483 'Spatial' 0 0.00016486400788612757 63.41137893389181
 2.9743589743589745 62 1 4 43 1]
[0.005571032149571824 'Spatial' 0 0.00016486400788612757 63.41137893389181
 0.45470085470085464 62 1 5 53 1]
[3.6109252099148965 'Spatial' 0 0.00016486400788612757 63.41137893389181
 4.102564102564102 62 1 6 49 1]
[2.3026390915360984 'Spatial' 0 0.00016486400788612757 63.41137893389181
 1.9247863247863248 62 1 7 51 1]
[3.7376748563648876 'Spatial' 0 0.00016486400788612757 63.41137893389181
 3.668376068376068 62 1 8 48 1]
[2.6931684072812057 'Spatial' 0 0.00016486400788612757 63.41137893389181
 0.38632478632478634 62 1 9 62 1]
[3.2581111532992937 'Spatial' 0 0.00016486400788612757 63.41137893389181
 2.358974358974359 62 1 10 58 1]
[2.8903973131251828 'Spatial' 0 0.00016486400788612757 63.41137893389181
 1.8222222222222222 62 1 11 59 1]
[2.9444626630965005 'Spatial' 0 0.00016486400788612757 63.41137893389181
 1.7538461538461538 62 1 12 61 1]
[3.044542913704265 'Spatial' 0 0.00016486400788612757 63.41137893389181
 1.7538461538461538 62 1 13 38 1]
[3.218891424746522 'Spatial' 0 0.00016486400788612757 63.41137893389181
 1.9247863247863248 62 1 14 29 1]
[2.8332409907328664 'Spatial' 0 0.00016486400788612757 63.41137893389181
 1.411965811965812 62 1 15 49 1]
[1.3864443498710157 'Spatial' 0 0.00016486400788612757 63.41137893389181
 1.1042735042735041 62 1 16 43 1]
[2.9957542733119946 'Spatial' 0 0.00016486400788612757 63.41137893389181
 1.435897435897436 62 1 17 35 1]
[2.07951153922995 'Spatial' 0 0.00016486400788612757 63.41137893389181
 1.1042735042735041 62 1 18 45 1]
[3.091061544085178 'Spatial' 0 0.00016486400788612757 63.41137893389181
 1.5384615384615385 62 1 19 34 1]
[0.0 'Spatial' 0 0.2627678816740223 2.2101978851109485 0.0 62 2 0 33 1]
[3.587374124362868 'Spatial' 0 0.2627678816740223 2.2101978851109485
 3.282051282051282 62 2 1 13 1]
[3.94400472287811 'Spatial' 0 0.2627678816740223 2.2101978851109485
 1.07008547008547 62 2 2 49 1]
[2.7657199206699103 'Spatial' 0 0.2627678816740223 2.2101978851109485
 3.1794871794871793 62 2 3 40 1]
[3.7951543705003115 'Spatial' 0 0.2627678816740223 2.2101978851109485
 1.07008547008547 62 2 4 17 1]
[3.567608932782978 'Spatial' 0 0.2627678816740223 2.2101978851109485
 1.1726495726495727 62 2 5 1 1]
[3.767707872388142 'Spatial' 0 0.2627678816740223 2.2101978851109485
 1.0256410256410255 62 2 6 29 1]
[2.954168176741886 'Spatial' 0 0.2627678816740223 2.2101978851109485
 4.102564102564102 62 2 7 27 1]
[2.9854750806308763 'Spatial' 0 0.2627678816740223 2.2101978851109485
 4.102564102564102 62 2 8 19 1]
[4.007395370426328 'Spatial' 0 0.2627678816740223 2.2101978851109485
 0.10256410256410256 62 2 9 14 1]
[3.189011643319532 'Spatial' 0 0.2627678816740223 2.2101978851109485
 1.3333333333333335 62 2 10 40 1]
[3.9046392723603756 'Spatial' 0 0.2627678816740223 2.2101978851109485
 0.717948717948718 62 2 11 58 1]
[3.538042144235377 'Spatial' 0 0.2627678816740223 2.2101978851109485
 0.8649572649572649 62 2 12 39 1]
[3.4359256166393704 'Spatial' 0 0.2627678816740223 2.2101978851109485
 0.8649572649572649 62 2 13 52 1]
[3.406109178221587 'Spatial' 0 0.2627678816740223 2.2101978851109485
 0.7623931623931623 62 2 14 10 1]
[3.9544367393415456 'Spatial' 0 0.2627678816740223 2.2101978851109485
 0.41025641025641024 62 2 15 12 1]
[3.9368043284177463 'Spatial' 0 0.2627678816740223 2.2101978851109485
 0.3521367521367521 62 2 16 22 1]
[3.2998151122982833 'Spatial' 0 0.2627678816740223 2.2101978851109485
 4.102564102564102 62 2 17 35 1]
[2.1719675490999526 'Spatial' 0 0.2627678816740223 2.2101978851109485
 1.411965811965812 62 2 18 10 1]
[3.926338548700949 'Spatial' 0 0.2627678816740223 2.2101978851109485
 0.10256410256410256 62 2 19 50 1]
[0.0 'Spatial' 0 0.017280200955744045 4.44939170399183e-06 0.0 62 3 0 30 1]
[4.156202937078537 'Spatial' 0 0.017280200955744045 4.44939170399183e-06
 0.8205128205128205 62 3 1 43 1]
[4.156718515251864 'Spatial' 0 0.017280200955744045 4.44939170399183e-06
 0.6153846153846153 62 3 2 25 1]
[4.156980224783346 'Spatial' 0 0.017280200955744045 4.44939170399183e-06
 0.5128205128205128 62 3 3 9 1]
[4.157674605816795 'Spatial' 0 0.017280200955744045 4.44939170399183e-06
 0.5128205128205128 62 3 4 3 1]
[1.071088423612649 'Spatial' 0 0.017280200955744045 4.44939170399183e-06
 2.198290598290598 62 3 5 4 1]
[4.1588830833596715 'Spatial' 0 0.017280200955744045 4.44939170399183e-06
 3.076923076923077 62 3 6 1 1]
[2.985241609725207 'Spatial' 0 0.017280200955744045 4.44939170399183e-06
 2.871794871794872 62 3 7 7 1]
[0.20716727655777464 'Spatial' 0 0.017280200955744045 4.44939170399183e-06
 2.4034188034188033 62 3 8 5 1]
[4.1588830833596715 'Spatial' 0 0.017280200955744045 4.44939170399183e-06
 4.102564102564102 62 3 9 13 1]
[4.25966438231624 'Spatial' 0 0.017280200955744045 4.44939170399183e-06
 4.102564102564102 62 3 10 62 1]
[4.1588830833596715 'Spatial' 0 0.017280200955744045 4.44939170399183e-06
 4.102564102564102 62 3 11 58 1]
[4.1588830833596715 'Spatial' 0 0.017280200955744045 4.44939170399183e-06
 4.102564102564102 62 3 12 3 1]
[0.011311740689847858 'Spatial' 0 0.017280200955744045
 4.44939170399183e-06 2.5641025641025643 62 3 13 5 1]
[4.78642133070436 'Spatial' 0 0.017280200955744045 4.44939170399183e-06
 4.102564102564102 62 3 14 2 1]
[0.10713366015799677 'Spatial' 0 0.017280200955744045 4.44939170399183e-06
 3.258119658119658 62 3 15 6 1]
[0.25851511158725277 'Spatial' 0 0.017280200955744045 4.44939170399183e-06
 0.10256410256410256 62 3 16 3 1]
[0.02975904385959385 'Spatial' 0 0.017280200955744045 4.44939170399183e-06
 1.2307692307692308 62 3 17 4 1]
[0.06369741191182841 'Spatial' 0 0.017280200955744045 4.44939170399183e-06
 3.3846153846153846 62 3 18 6 1]
[0.0006298016333102192 'Spatial' 0 0.017280200955744045
 4.44939170399183e-06 0.10256410256410256 62 3 19 3 1]
[0.0 'Spatial' 0 0.26305812714500065 0.948198899648182 0.0 62 4 0 28 1]
[4.107988401893637 'Spatial' 0 0.26305812714500065 0.948198899648182
 0.8649572649572649 62 4 1 13 1]
[3.762077523011374 'Spatial' 0 0.26305812714500065 0.948198899648182
 4.102564102564102 62 4 2 37 1]
[3.733915719858805 'Spatial' 0 0.26305812714500065 0.948198899648182
 1.5829059829059828 62 4 3 62 1]
[3.936480905315732 'Spatial' 0 0.26305812714500065 0.948198899648182
 0.7965811965811965 62 4 4 53 1]
[3.68336376852288 'Spatial' 0 0.26305812714500065 0.948198899648182
 1.2307692307692308 62 4 5 59 1]
[3.5600939885132163 'Spatial' 0 0.26305812714500065 0.948198899648182
 1.3333333333333335 62 4 6 10 1]
[3.3696287508866156 'Spatial' 0 0.26305812714500065 0.948198899648182
 1.3094017094017094 62 4 7 9 1]
[4.034824404902868 'Spatial' 0 0.26305812714500065 0.948198899648182
 0.10256410256410256 62 4 8 15 1]
[1.1789253448536259 'Spatial' 0 0.26305812714500065 0.948198899648182
 1.3777777777777778 62 4 9 9 1]
[0.16872016664959488 'Spatial' 0 0.26305812714500065 0.948198899648182
 0.8649572649572649 62 4 10 9 1]
[2.6010084748738325 'Spatial' 0 0.26305812714500065 0.948198899648182
 3.839316239316239 62 4 11 11 1]
[5.144618421636694 'Spatial' 0 0.26305812714500065 0.948198899648182
 4.102564102564102 62 4 12 13 1]
[0.9323938206848714 'Spatial' 0 0.26305812714500065 0.948198899648182
 1.8461538461538463 62 4 13 10 1]
[3.7368158736841686 'Spatial' 0 0.26305812714500065 0.948198899648182
 4.102564102564102 62 4 14 8 1]
[0.050061592617261536 'Spatial' 0 0.26305812714500065 0.948198899648182
 0.5914529914529914 62 4 15 9 1]
[1.3425410777636866 'Spatial' 0 0.26305812714500065 0.948198899648182
 2.6666666666666665 62 4 16 10 1]
[0.050763653464098675 'Spatial' 0 0.26305812714500065 0.948198899648182
 0.5914529914529914 62 4 17 9 1]
[2.972204839972756 'Spatial' 0 0.26305812714500065 0.948198899648182
 4.102564102564102 62 4 18 11 1]
[3.227985746826618 'Spatial' 0 0.26305812714500065 0.948198899648182
 4.102564102564102 62 4 19 8 1]
[0.0 'Spatial' 0 1.070638988475451 4.340235658800981 0.0 62 5 0 52 1]
[4.100397711212342 'Spatial' 0 1.070638988475451 4.340235658800981
 1.0256410256410255 62 5 1 58 1]
[3.9417326944202062 'Spatial' 0 1.070638988475451 4.340235658800981
 1.5829059829059828 62 5 2 33 1]
[3.2718939164175236 'Spatial' 0 1.070638988475451 4.340235658800981
 4.102564102564102 62 5 3 34 1]
[3.5892046921999152 'Spatial' 0 1.070638988475451 4.340235658800981
 4.102564102564102 62 5 4 36 1]
[3.1910464637186307 'Spatial' 0 1.070638988475451 4.340235658800981
 3.223931623931624 62 5 5 41 1]
[3.2462814553989294 'Spatial' 0 1.070638988475451 4.340235658800981
 4.102564102564102 62 5 6 49 1]
[3.1499664336537454 'Spatial' 0 1.070638988475451 4.340235658800981
 4.102564102564102 62 5 7 44 1]
[1.7992431783471374 'Spatial' 0 1.070638988475451 4.340235658800981
 2.4034188034188033 62 5 8 43 1]
[2.407640490934974 'Spatial' 0 1.070638988475451 4.340235658800981
 1.1282051282051282 62 5 9 33 1]
[1.6889685366108222 'Spatial' 0 1.070638988475451 4.340235658800981
 2.3008547008547007 62 5 10 43 1]
[4.082842986492589 'Spatial' 0 1.070638988475451 4.340235658800981
 0.10256410256410256 62 5 11 46 1]
[4.066137318621784 'Spatial' 0 1.070638988475451 4.340235658800981
 0.10256410256410256 62 5 12 47 1]
[1.268851572195422 'Spatial' 0 1.070638988475451 4.340235658800981
 1.1282051282051282 62 5 13 43 1]
[2.265396168681432 'Spatial' 0 1.070638988475451 4.340235658800981
 1.5829059829059828 62 5 14 34 1]
[4.31527559605375 'Spatial' 0 1.070638988475451 4.340235658800981
 0.10256410256410256 62 5 15 28 1]
[2.067516845640778 'Spatial' 0 1.070638988475451 4.340235658800981
 0.8205128205128205 62 5 16 33 1]
[2.274854771785601 'Spatial' 0 1.070638988475451 4.340235658800981
 2.9504273504273506 62 5 17 35 1]
[4.4594754661569525 'Spatial' 0 1.070638988475451 4.340235658800981
 0.10256410256410256 62 5 18 37 1]
[3.3610193021278634 'Spatial' 0 1.070638988475451 4.340235658800981
 4.102564102564102 62 5 19 41 1]
[0.0 'Spatial' 0 0.1615269412478464 1.8994606108175065 0.0 62 6 0 60 1]
[3.759753783325842 'Spatial' 0 0.1615269412478464 1.8994606108175065
 2.051282051282051 62 6 1 20 1]
[3.756246012684276 'Spatial' 0 0.1615269412478464 1.8994606108175065
 1.2068376068376068 62 6 2 22 1]
[3.505252801505521 'Spatial' 0 0.1615269412478464 1.8994606108175065
 1.5829059829059828 62 6 3 17 1]
[4.094347581025906 'Spatial' 0 0.1615269412478464 1.8994606108175065
 0.24957264957264963 62 6 4 10 1]
[4.077540845060536 'Spatial' 0 0.1615269412478464 1.8994606108175065
 0.10256410256410256 62 6 5 2 1]
[3.9047338618764527 'Spatial' 0 0.1615269412478464 1.8994606108175065
 0.7965811965811965 62 6 6 33 1]
[4.043055139203819 'Spatial' 0 0.1615269412478464 1.8994606108175065
 0.10256410256410256 62 6 7 9 1]
[3.5980189918387877 'Spatial' 0 0.1615269412478464 1.8994606108175065
 1.0017094017094017 62 6 8 49 1]
[3.527827972621768 'Spatial' 0 0.1615269412478464 1.8994606108175065
 1.0256410256410255 62 6 9 45 1]
[3.98055869122844 'Spatial' 0 0.1615269412478464 1.8994606108175065
 0.41025641025641024 62 6 10 34 1]
[1.5490066758115986 'Spatial' 0 0.1615269412478464 1.8994606108175065
 1.9247863247863248 62 6 11 18 1]
[2.004267296625541 'Spatial' 0 0.1615269412478464 1.8994606108175065
 1.641025641025641 62 6 12 26 1]
[3.3055255322521724 'Spatial' 0 0.1615269412478464 1.8994606108175065
 2.847863247863248 62 6 13 10 1]
[1.0275233369269916 'Spatial' 0 0.1615269412478464 1.8994606108175065
 2.505982905982906 62 6 14 19 1]
[2.8599011469147446 'Spatial' 0 0.1615269412478464 1.8994606108175065
 4.102564102564102 62 6 15 35 1]
[4.358576924261646 'Spatial' 0 0.1615269412478464 1.8994606108175065
 1.2752136752136753 62 6 16 33 1]
[0.6620539795672663 'Spatial' 0 0.1615269412478464 1.8994606108175065
 1.5829059829059828 62 6 17 26 1]
[3.3248086469138904 'Spatial' 0 0.1615269412478464 1.8994606108175065
 0.5914529914529914 62 6 18 21 1]
[1.2763197296088435 'Spatial' 0 0.1615269412478464 1.8994606108175065
 0.8649572649572649 62 6 19 21 1]
[0.0 'Spatial' 0 0.4417310504081466 52.15932735042128 0.0 62 7 0 10 1]
[3.7331290626616864 'Spatial' 0 0.4417310504081466 52.15932735042128
 1.5384615384615385 62 7 1 14 1]
[3.885212351959925 'Spatial' 0 0.4417310504081466 52.15932735042128
 0.7623931623931623 62 7 2 8 1]
[0.009148970677738696 'Spatial' 0 0.4417310504081466 52.15932735042128
 3.4632478632478634 62 7 3 10 1]
[4.259349896216041 'Spatial' 0 0.4417310504081466 52.15932735042128
 0.10256410256410256 62 7 4 13 1]
[0.027334096705055 'Spatial' 0 0.4417310504081466 52.15932735042128 4.0 62
 7 5 11 1]
[2.4087858701409863 'Spatial' 0 0.4417310504081466 52.15932735042128
 3.8974358974358974 62 7 6 13 1]
[0.2690499882472131 'Spatial' 0 0.4417310504081466 52.15932735042128
 2.2564102564102564 62 7 7 11 1]
[1.1015618838923917 'Spatial' 0 0.4417310504081466 52.15932735042128
 1.9247863247863248 62 7 8 12 1]
[1.3864443498710162 'Spatial' 0 0.4417310504081466 52.15932735042128
 1.5384615384615385 62 7 9 10 1]
[1.3864443498710162 'Spatial' 0 0.4417310504081466 52.15932735042128
 1.435897435897436 62 7 10 12 1]
[2.6390930432632334 'Spatial' 0 0.4417310504081466 52.15932735042128
 1.9487179487179487 62 7 11 9 1]
[0.0006298016333102192 'Spatial' 0 0.4417310504081466 52.15932735042128
 0.10256410256410256 62 7 12 10 1]
[1.1741852027571456 'Spatial' 0 0.4417310504081466 52.15932735042128
 1.1042735042735041 62 7 13 12 1]
[1.3864443498710162 'Spatial' 0 0.4417310504081466 52.15932735042128
 1.0256410256410255 62 7 14 13 1]
[0.0006298016333102192 'Spatial' 0 0.4417310504081466 52.15932735042128
 0.10256410256410256 62 7 15 10 1]
[1.3864443498710162 'Spatial' 0 0.4417310504081466 52.15932735042128
 0.8205128205128205 62 7 16 11 1]
[0.6934571325198738 'Spatial' 0 0.4417310504081466 52.15932735042128
 0.6940170940170939 62 7 17 11 1]
[0.0006298016333102192 'Spatial' 0 0.4417310504081466 52.15932735042128
 0.10256410256410256 62 7 18 10 1]
[0.6934571325198738 'Spatial' 0 0.4417310504081466 52.15932735042128
 0.6153846153846153 62 7 19 11 1]
[0.0 'Spatial' 0 8.326151347897733e-05 0.8412329150996736 0.0 62 8 0 21 1]
[2.0795115392299506 'Spatial' 0 8.326151347897733e-05 0.8412329150996736
 1.2307692307692308 62 8 1 36 1]
[4.127094757073241 'Spatial' 0 8.326151347897733e-05 0.8412329150996736
 0.20512820512820512 62 8 2 10 1]
[4.110508028293755 'Spatial' 0 8.326151347897733e-05 0.8412329150996736
 0.20512820512820512 62 8 3 51 1]
[4.061432256377521 'Spatial' 0 8.326151347897733e-05 0.8412329150996736
 0.24957264957264963 62 8 4 34 1]
[0.000629801633309997 'Spatial' 0 8.326151347897733e-05 0.8412329150996736
 2.051282051282051 62 8 5 28 1]
[4.0604440450286425 'Spatial' 0 8.326151347897733e-05 0.8412329150996736
 0.10256410256410256 62 8 6 26 1]
[3.926630688734845 'Spatial' 0 8.326151347897733e-05 0.8412329150996736
 0.24957264957264963 62 8 7 19 1]
[4.025060544126823 'Spatial' 0 8.326151347897733e-05 0.8412329150996736
 0.20512820512820512 62 8 8 2 1]
[0.6934604701797127 'Spatial' 0 8.326151347897733e-05 0.8412329150996736
 0.38632478632478634 62 8 9 13 1]
[3.9851210782378454 'Spatial' 0 8.326151347897733e-05 0.8412329150996736
 0.20512820512820512 62 8 10 15 1]
[0.0006298016333102192 'Spatial' 0 8.326151347897733e-05
 0.8412329150996736 0.3076923076923077 62 8 11 14 1]
[0.000629801633309997 'Spatial' 0 8.326151347897733e-05 0.8412329150996736
 0.41025641025641024 62 8 12 22 1]
[0.0006298016333102192 'Spatial' 0 8.326151347897733e-05
 0.8412329150996736 0.5128205128205128 62 8 13 6 1]
[0.0006298016333102192 'Spatial' 0 8.326151347897733e-05
 0.8412329150996736 0.41025641025641024 62 8 14 5 1]
[3.8903256810467193 'Spatial' 0 8.326151347897733e-05 0.8412329150996736
 0.20512820512820512 62 8 15 3 1]
[0.0006298016333102192 'Spatial' 0 8.326151347897733e-05
 0.8412329150996736 0.5128205128205128 62 8 16 5 1]
[0.0006298016333102192 'Spatial' 0 8.326151347897733e-05
 0.8412329150996736 0.10256410256410256 62 8 17 5 1]
[0.0006298016333102192 'Spatial' 0 8.326151347897733e-05
 0.8412329150996736 0.10256410256410256 62 8 18 5 1]
[0.0006298016333102192 'Spatial' 0 8.326151347897733e-05
 0.8412329150996736 0.10256410256410256 62 8 19 5 1]
[0.0 'Spatial' 0 0.055816847857567076 0.35339822390940157 0.0 62 9 0 28 1]
[4.138838920531836 'Spatial' 0 0.055816847857567076 0.35339822390940157
 0.38632478632478634 62 9 1 35 1]
[3.9987359158126585 'Spatial' 0 0.055816847857567076 0.35339822390940157
 0.717948717948718 62 9 2 13 1]
[3.8435527807669225 'Spatial' 0 0.055816847857567076 0.35339822390940157
 0.8991452991452991 62 9 3 3 1]
[3.668353301709946 'Spatial' 0 0.055816847857567076 0.35339822390940157
 1.1282051282051282 62 9 4 49 1]
[4.095350731310405 'Spatial' 0 0.055816847857567076 0.35339822390940157
 0.38632478632478634 62 9 5 51 1]
[4.1143641302036515 'Spatial' 0 0.055816847857567076 0.35339822390940157
 0.10256410256410256 62 9 6 54 1]
[2.909300436559143 'Spatial' 0 0.055816847857567076 0.35339822390940157
 1.1042735042735041 62 9 7 48 1]
[0.1297095555530701 'Spatial' 0 0.055816847857567076 0.35339822390940157
 1.3094017094017094 62 9 8 49 1]
[2.8978166397450242 'Spatial' 0 0.055816847857567076 0.35339822390940157
 3.0188034188034187 62 9 9 59 1]
[1.8193260951821146 'Spatial' 0 0.055816847857567076 0.35339822390940157
 2.9504273504273506 62 9 10 59 1]
[0.6944420306064086 'Spatial' 0 0.055816847857567076 0.35339822390940157
 1.9247863247863248 62 9 11 58 1]
[3.242963650323198 'Spatial' 0 0.055816847857567076 0.35339822390940157
 3.1213675213675214 62 9 12 57 1]
[0.0011170051401353295 'Spatial' 0 0.055816847857567076
 0.35339822390940157 1.2068376068376068 62 9 13 58 1]
[4.2834313980148435 'Spatial' 0 0.055816847857567076 0.35339822390940157
 4.102564102564102 62 9 14 56 1]
[3.857158100387104 'Spatial' 0 0.055816847857567076 0.35339822390940157
 4.102564102564102 62 9 15 55 1]
[2.336001337172036 'Spatial' 0 0.055816847857567076 0.35339822390940157
 3.668376068376068 62 9 16 51 1]
[2.8576650297447563 'Spatial' 0 0.055816847857567076 0.35339822390940157
 3.9760683760683757 62 9 17 53 1]
[2.876485299952443 'Spatial' 0 0.055816847857567076 0.35339822390940157
 3.3264957264957262 62 9 18 49 1]
[0.0007979564861665499 'Spatial' 0 0.055816847857567076
 0.35339822390940157 0.8991452991452991 62 9 19 58 1]
[0.0 'Conceptual' 0 0.6572076555004046 1.3988431430116421 0.0 62 0 0 52 1]
[4.142283341176136 'Conceptual' 0 0.6572076555004046 1.3988431430116421
 0.5914529914529914 62 0 1 61 1]
[4.058487273621477 'Conceptual' 0 0.6572076555004046 1.3988431430116421
 1.6170940170940171 62 0 2 57 1]
[3.339816083095001 'Conceptual' 0 0.6572076555004046 1.3988431430116421
 4.102564102564102 62 0 3 61 1]
[2.71020747974658 'Conceptual' 0 0.6572076555004046 1.3988431430116421
 2.12991452991453 62 0 4 61 1]
[3.1171210632011905 'Conceptual' 0 0.6572076555004046 1.3988431430116421
 2.7452991452991453 62 0 5 62 1]
[3.5605337543627416 'Conceptual' 0 0.6572076555004046 1.3988431430116421
 4.102564102564102 62 0 6 58 1]
[4.201483799083971 'Conceptual' 0 0.6572076555004046 1.3988431430116421
 0.10256410256410256 62 0 7 41 1]
[2.6154231656972167 'Conceptual' 0 0.6572076555004046 1.3988431430116421
 2.9743589743589745 62 0 8 59 1]
[3.374322060458344 'Conceptual' 0 0.6572076555004046 1.3988431430116421
 2.4615384615384617 62 0 9 54 1]
[1.994625408647359 'Conceptual' 0 0.6572076555004046 1.3988431430116421
 1.2068376068376068 62 0 10 62 1]
[1.2638824895545349 'Conceptual' 0 0.6572076555004046 1.3988431430116421
 1.0017094017094017 62 0 11 62 1]
[0.7041303794257405 'Conceptual' 0 0.6572076555004046 1.3988431430116421
 0.8649572649572649 62 0 12 62 1]
[5.121068986604593 'Conceptual' 0 0.6572076555004046 1.3988431430116421
 4.102564102564102 62 0 13 57 1]
[3.8513733526801506 'Conceptual' 0 0.6572076555004046 1.3988431430116421
 4.102564102564102 62 0 14 55 1]
[4.0570808002991745 'Conceptual' 0 0.6572076555004046 1.3988431430116421
 4.102564102564102 62 0 15 50 1]
[2.936695716890596 'Conceptual' 0 0.6572076555004046 1.3988431430116421
 4.102564102564102 62 0 16 51 1]
[4.766110577176098 'Conceptual' 0 0.6572076555004046 1.3988431430116421
 0.10256410256410256 62 0 17 48 1]
[2.172564586019935 'Conceptual' 0 0.6572076555004046 1.3988431430116421
 3.258119658119658 62 0 18 52 1]
[2.752798225239488 'Conceptual' 0 0.6572076555004046 1.3988431430116421
 4.102564102564102 62 0 19 51 1]
[0.0 'Conceptual' 0 0.15768070901665046 3.51764092996412e-07 0.0 62 1 0 47
 1]
[4.0009177668499865 'Conceptual' 0 0.15768070901665046
 3.51764092996412e-07 2.5641025641025643 62 1 1 31 1]
[3.8489687126055956 'Conceptual' 0 0.15768070901665046
 3.51764092996412e-07 2.6427350427350427 62 1 2 31 1]
[3.9953448223501495 'Conceptual' 0 0.15768070901665046
 3.51764092996412e-07 3.634188034188034 62 1 3 53 1]
[2.926657513944567 'Conceptual' 0 0.15768070901665046 3.51764092996412e-07
 1.4803418803418804 62 1 4 54 1]
[3.3675065153692008 'Conceptual' 0 0.15768070901665046
 3.51764092996412e-07 2.437606837606838 62 1 5 63 1]
[2.7632563824849052 'Conceptual' 0 0.15768070901665046
 3.51764092996412e-07 2.7111111111111112 62 1 6 47 1]
[4.044883167102804 'Conceptual' 0 0.15768070901665046 3.51764092996412e-07
 4.102564102564102 62 1 7 51 1]
[3.3531389482440495 'Conceptual' 0 0.15768070901665046
 3.51764092996412e-07 4.102564102564102 62 1 8 37 1]
[1.9301009262105013 'Conceptual' 0 0.15768070901665046
 3.51764092996412e-07 1.3333333333333335 62 1 9 62 1]
[2.4944039282573254 'Conceptual' 0 0.15768070901665046
 3.51764092996412e-07 1.993162393162393 62 1 10 55 1]
[4.136652685521093 'Conceptual' 0 0.15768070901665046 3.51764092996412e-07
 4.102564102564102 62 1 11 59 1]
[4.75115601550321 'Conceptual' 0 0.15768070901665046 3.51764092996412e-07
 0.10256410256410256 62 1 12 42 1]
[1.0450415837908476 'Conceptual' 0 0.15768070901665046
 3.51764092996412e-07 1.3333333333333335 62 1 13 54 1]
[2.6214089196716195 'Conceptual' 0 0.15768070901665046
 3.51764092996412e-07 3.3606837606837607 62 1 14 60 1]
[2.946039758048103 'Conceptual' 0 0.15768070901665046 3.51764092996412e-07
 0.10256410256410256 62 1 15 59 1]
[4.379896269029951 'Conceptual' 0 0.15768070901665046 3.51764092996412e-07
 4.102564102564102 62 1 16 37 1]
[1.1912528683031682 'Conceptual' 0 0.15768070901665046
 3.51764092996412e-07 1.7435897435897436 62 1 17 61 1]
[1.6627591750636648 'Conceptual' 0 0.15768070901665046
 3.51764092996412e-07 3.1213675213675214 62 1 18 52 1]
[2.9611515582826358 'Conceptual' 0 0.15768070901665046
 3.51764092996412e-07 0.10256410256410256 62 1 19 63 1]
[0.0 'Conceptual' 0 0.0822793738432214 1.5885152246628047 0.0 62 2 0 50 1]
[3.808806311263179 'Conceptual' 0 0.0822793738432214 1.5885152246628047
 1.7880341880341881 62 2 1 62 1]
[2.620546046072398 'Conceptual' 0 0.0822793738432214 1.5885152246628047
 3.5316239316239315 62 2 2 4 1]
[1.5920485454773914 'Conceptual' 0 0.0822793738432214 1.5885152246628047
 2.7111111111111112 62 2 3 16 1]
[4.094345228888545 'Conceptual' 0 0.0822793738432214 1.5885152246628047
 0.10256410256410256 62 2 4 5 1]
[2.3103361247664393 'Conceptual' 0 0.0822793738432214 1.5885152246628047
 4.102564102564102 62 2 5 27 1]
[4.036556219046578 'Conceptual' 0 0.0822793738432214 1.5885152246628047
 0.4888888888888889 62 2 6 9 1]
[2.675438285961112 'Conceptual' 0 0.0822793738432214 1.5885152246628047
 1.2307692307692308 62 2 7 37 1]
[3.2378065765573103 'Conceptual' 0 0.0822793738432214 1.5885152246628047
 3.5658119658119656 62 2 8 18 1]
[2.3337593597685617 'Conceptual' 0 0.0822793738432214 1.5885152246628047
 4.102564102564102 62 2 9 34 1]
[6.859991216855491 'Conceptual' 0 0.0822793738432214 1.5885152246628047
 4.102564102564102 62 2 10 37 1]
[3.989409356065012 'Conceptual' 0 0.0822793738432214 1.5885152246628047
 0.10256410256410256 62 2 11 54 1]
[3.115122624886534 'Conceptual' 0 0.0822793738432214 1.5885152246628047
 0.8205128205128205 62 2 12 39 1]
[3.9516857669735033 'Conceptual' 0 0.0822793738432214 1.5885152246628047
 0.10256410256410256 62 2 13 29 1]
[1.2549541699969005 'Conceptual' 0 0.0822793738432214 1.5885152246628047
 1.7435897435897436 62 2 14 28 1]
[1.3934190013098313 'Conceptual' 0 0.0822793738432214 1.5885152246628047
 3.839316239316239 62 2 15 35 1]
[1.9228753644454681 'Conceptual' 0 0.0822793738432214 1.5885152246628047
 0.7623931623931623 62 2 16 37 1]
[1.3588483225003491 'Conceptual' 0 0.0822793738432214 1.5885152246628047
 1.0256410256410255 62 2 17 27 1]
[0.9357975519665974 'Conceptual' 0 0.0822793738432214 1.5885152246628047
 2.54017094017094 62 2 18 35 1]
[1.7117247308861527 'Conceptual' 0 0.0822793738432214 1.5885152246628047
 2.12991452991453 62 2 19 36 1]
[0.0 'Conceptual' 0 0.34622413498081733 75.42647335711878 0.0 62 3 0 25 1]
[3.6539840458809416 'Conceptual' 0 0.34622413498081733 75.42647335711878
 1.5145299145299145 62 3 1 29 1]
[0.00064227224905809 'Conceptual' 0 0.34622413498081733 75.42647335711878
 3.4632478632478634 62 3 2 63 1]
[3.0714714230921376 'Conceptual' 0 0.34622413498081733 75.42647335711878
 1.2068376068376068 62 3 3 60 1]
[2.6539453956244747 'Conceptual' 0 0.34622413498081733 75.42647335711878
 3.770940170940171 62 3 4 51 1]
[2.9957587427903736 'Conceptual' 0 0.34622413498081733 75.42647335711878
 3.1555555555555554 62 3 5 50 1]
[1.3864443498710157 'Conceptual' 0 0.34622413498081733 75.42647335711878
 1.9247863247863248 62 3 6 60 1]
[1.7918561312228005 'Conceptual' 0 0.34622413498081733 75.42647335711878
 1.8564102564102565 62 3 7 50 1]
[3.4038931162312465 'Conceptual' 0 0.34622413498081733 75.42647335711878
 2.7452991452991453 62 3 8 55 1]
[0.0006298016333097749 'Conceptual' 0 0.34622413498081733
 75.42647335711878 0.6153846153846153 62 3 9 50 1]
[3.091844081227979 'Conceptual' 0 0.34622413498081733 75.42647335711878
 2.12991452991453 62 3 10 55 1]
[0.6934571325198734 'Conceptual' 0 0.34622413498081733 75.42647335711878
 0.8991452991452991 62 3 11 51 1]
[2.709182934313219 'Conceptual' 0 0.34622413498081733 75.42647335711878
 1.6170940170940171 62 3 12 53 1]
[2.7726202274350418 'Conceptual' 0 0.34622413498081733 75.42647335711878
 1.641025641025641 62 3 13 49 1]
[1.7918594797743592 'Conceptual' 0 0.34622413498081733 75.42647335711878
 1.1042735042735041 62 3 14 52 1]
[1.7918561312228005 'Conceptual' 0 0.34622413498081733 75.42647335711878
 1.0256410256410255 62 3 15 59 1]
[2.6390930432632334 'Conceptual' 0 0.34622413498081733 75.42647335711878
 1.3094017094017094 62 3 16 54 1]
[2.197285686580123 'Conceptual' 0 0.34622413498081733 75.42647335711878
 1.0358974358974358 62 3 17 53 1]
[0.6934571325198734 'Conceptual' 0 0.34622413498081733 75.42647335711878
 0.6153846153846153 62 3 18 51 1]
[0.6934571325198734 'Conceptual' 0 0.34622413498081733 75.42647335711878
 0.10256410256410256 62 3 19 51 1]
[0.0 'Conceptual' 0 2.0752814825308814 82.6041880790558 0.0 62 4 0 59 1]
[3.8543938541064473 'Conceptual' 0 2.0752814825308814 82.6041880790558
 1.7435897435897436 62 4 1 55 1]
[3.979942286489942 'Conceptual' 0 2.0752814825308814 82.6041880790558
 0.8649572649572649 62 4 2 42 1]
[2.0987590861281897 'Conceptual' 0 2.0752814825308814 82.6041880790558
 3.7948717948717947 62 4 3 53 1]
[2.9850445682553066 'Conceptual' 0 2.0752814825308814 82.6041880790558
 3.4871794871794872 62 4 4 37 1]
[1.8110383306824842 'Conceptual' 0 2.0752814825308814 82.6041880790558
 1.9247863247863248 62 4 5 51 1]
[1.1080425271216168 'Conceptual' 0 2.0752814825308814 82.6041880790558
 1.5145299145299145 62 4 6 59 1]
[2.8843451891456353 'Conceptual' 0 2.0752814825308814 82.6041880790558
 2.1538461538461537 62 4 7 62 1]
[1.9485442480887527 'Conceptual' 0 2.0752814825308814 82.6041880790558
 1.435897435897436 62 4 8 50 1]
[2.3034404964595594 'Conceptual' 0 2.0752814825308814 82.6041880790558
 1.411965811965812 62 4 9 54 1]
[3.0317516028868186 'Conceptual' 0 2.0752814825308814 82.6041880790558
 1.9247863247863248 62 4 10 37 1]
[3.135935623021057 'Conceptual' 0 2.0752814825308814 82.6041880790558
 1.8461538461538463 62 4 11 35 1]
[2.723174351669699 'Conceptual' 0 2.0752814825308814 82.6041880790558
 1.3094017094017094 62 4 12 37 1]
[0.01104834835548222 'Conceptual' 0 2.0752814825308814 82.6041880790558
 0.5128205128205128 62 4 13 37 1]
[2.106038953823633 'Conceptual' 0 2.0752814825308814 82.6041880790558
 1.1042735042735041 62 4 14 53 1]
[3.9520994466543193 'Conceptual' 0 2.0752814825308814 82.6041880790558
 3.4632478632478634 62 4 15 10 1]
[2.534944115125098 'Conceptual' 0 2.0752814825308814 82.6041880790558
 1.1384615384615384 62 4 16 46 1]
[2.642092476344566 'Conceptual' 0 2.0752814825308814 82.6041880790558
 1.1282051282051282 62 4 17 52 1]
[1.9674151166187022 'Conceptual' 0 2.0752814825308814 82.6041880790558
 0.923076923076923 62 4 18 52 1]
[1.3907907238924286 'Conceptual' 0 2.0752814825308814 82.6041880790558
 0.717948717948718 62 4 19 59 1]
[0.0 'Conceptual' 0 0.4288922018899398 0.00020788588189942398 0.0 62 5 0
 44 1]
[3.7821802738804875 'Conceptual' 0 0.4288922018899398
 0.00020788588189942398 1.7880341880341881 62 5 1 53 1]
[3.495693291996747 'Conceptual' 0 0.4288922018899398
 0.00020788588189942398 2.0957264957264954 62 5 2 46 1]
[3.0399086975301968 'Conceptual' 0 0.4288922018899398
 0.00020788588189942398 1.7196581196581195 62 5 3 52 1]
[2.9916007699527443 'Conceptual' 0 0.4288922018899398
 0.00020788588189942398 2.12991452991453 62 5 4 54 1]
[2.134772994047889 'Conceptual' 0 0.4288922018899398
 0.00020788588189942398 1.0017094017094017 62 5 5 52 1]
[3.547297273177201 'Conceptual' 0 0.4288922018899398
 0.00020788588189942398 4.102564102564102 62 5 6 55 1]
[4.298220163409144 'Conceptual' 0 0.4288922018899398
 0.00020788588189942398 0.10256410256410256 62 5 7 40 1]
[4.298216744314503 'Conceptual' 0 0.4288922018899398
 0.00020788588189942398 0.10256410256410256 62 5 8 41 1]
[1.1525620867156388 'Conceptual' 0 0.4288922018899398
 0.00020788588189942398 0.8649572649572649 62 5 9 52 1]
[3.18580652090707 'Conceptual' 0 0.4288922018899398 0.00020788588189942398
 3.5658119658119656 62 5 10 51 1]
[4.488186044087065 'Conceptual' 0 0.4288922018899398
 0.00020788588189942398 0.10256410256410256 62 5 11 41 1]
[4.202180033959056 'Conceptual' 0 0.4288922018899398
 0.00020788588189942398 4.102564102564102 62 5 12 58 1]
[4.491900484023274 'Conceptual' 0 0.4288922018899398
 0.00020788588189942398 0.10256410256410256 62 5 13 63 1]
[0.3980851686286106 'Conceptual' 0 0.4288922018899398
 0.00020788588189942398 0.7965811965811965 62 5 14 52 1]
[1.779339076658908 'Conceptual' 0 0.4288922018899398
 0.00020788588189942398 1.993162393162393 62 5 15 53 1]
[4.8907231180146225 'Conceptual' 0 0.4288922018899398
 0.00020788588189942398 0.10256410256410256 62 5 16 48 1]
[3.750023926618336 'Conceptual' 0 0.4288922018899398
 0.00020788588189942398 4.102564102564102 62 5 17 50 1]
[4.777147762380314 'Conceptual' 0 0.4288922018899398
 0.00020788588189942398 4.102564102564102 62 5 18 55 1]
[2.3085133946093848 'Conceptual' 0 0.4288922018899398
 0.00020788588189942398 2.7452991452991453 62 5 19 44 1]
[0.0 'Conceptual' 0 0.23183621901827395 1.1468684378379197e-06 0.0 62 6 0
 48 1]
[3.4879370910007768 'Conceptual' 0 0.23183621901827395
 1.1468684378379197e-06 3.0188034188034187 62 6 1 42 1]
[3.928268175861172 'Conceptual' 0 0.23183621901827395
 1.1468684378379197e-06 4.102564102564102 62 6 2 44 1]
[2.8531597674447577 'Conceptual' 0 0.23183621901827395
 1.1468684378379197e-06 2.505982905982906 62 6 3 43 1]
[4.31078044372881 'Conceptual' 0 0.23183621901827395
 1.1468684378379197e-06 0.10256410256410256 62 6 4 46 1]
[2.773763313861682 'Conceptual' 0 0.23183621901827395
 1.1468684378379197e-06 1.7880341880341881 62 6 5 41 1]
[3.2486680187835875 'Conceptual' 0 0.23183621901827395
 1.1468684378379197e-06 4.102564102564102 62 6 6 52 1]
[2.9800342936961064 'Conceptual' 0 0.23183621901827395
 1.1468684378379197e-06 2.9743589743589745 62 6 7 34 1]
[3.099810259724976 'Conceptual' 0 0.23183621901827395
 1.1468684378379197e-06 4.102564102564102 62 6 8 52 1]
[4.372974849840005 'Conceptual' 0 0.23183621901827395
 1.1468684378379197e-06 0.10256410256410256 62 6 9 47 1]
[2.0853338345746417 'Conceptual' 0 0.23183621901827395
 1.1468684378379197e-06 2.8136752136752134 62 6 10 51 1]
[4.129513941043996 'Conceptual' 0 0.23183621901827395
 1.1468684378379197e-06 0.10256410256410256 62 6 11 46 1]
[3.293111242006115 'Conceptual' 0 0.23183621901827395
 1.1468684378379197e-06 4.102564102564102 62 6 12 45 1]
[2.4914842011518314 'Conceptual' 0 0.23183621901827395
 1.1468684378379197e-06 1.7880341880341881 62 6 13 50 1]
[3.652831667510678 'Conceptual' 0 0.23183621901827395
 1.1468684378379197e-06 4.102564102564102 62 6 14 53 1]
[1.278513572687434 'Conceptual' 0 0.23183621901827395
 1.1468684378379197e-06 2.2324786324786325 62 6 15 43 1]
[1.1028017826847536 'Conceptual' 0 0.23183621901827395
 1.1468684378379197e-06 2.051282051282051 62 6 16 43 1]
[0.9293716287812662 'Conceptual' 0 0.23183621901827395
 1.1468684378379197e-06 1.7435897435897436 62 6 17 43 1]
[3.655959559071853 'Conceptual' 0 0.23183621901827395
 1.1468684378379197e-06 4.102564102564102 62 6 18 45 1]
[4.538236951222692 'Conceptual' 0 0.23183621901827395
 1.1468684378379197e-06 0.10256410256410256 62 6 19 54 1]
[0.0 'Conceptual' 0 0.14666771625907957 0.13371602573693692 0.0 62 7 0 53
 1]
[4.148150111189969 'Conceptual' 0 0.14666771625907957 0.13371602573693692
 0.38632478632478634 62 7 1 60 1]
[3.9556895433616415 'Conceptual' 0 0.14666771625907957 0.13371602573693692
 1.641025641025641 62 7 2 20 1]
[4.009044345272451 'Conceptual' 0 0.14666771625907957 0.13371602573693692
 1.1042735042735041 62 7 3 20 1]
[3.7331937569847313 'Conceptual' 0 0.14666771625907957 0.13371602573693692
 2.6427350427350427 62 7 4 9 1]
[2.7619916466869667 'Conceptual' 0 0.14666771625907957 0.13371602573693692
 3.0188034188034187 62 7 5 2 1]
[4.492111044331743 'Conceptual' 0 0.14666771625907957 0.13371602573693692
 0.10256410256410256 62 7 6 14 1]
[2.8526787892745826 'Conceptual' 0 0.14666771625907957 0.13371602573693692
 2.7452991452991453 62 7 7 18 1]
[2.4449173549321546 'Conceptual' 0 0.14666771625907957 0.13371602573693692
 0.10256410256410256 62 7 8 20 1]
[2.1930575444692044 'Conceptual' 0 0.14666771625907957 0.13371602573693692
 2.3008547008547007 62 7 9 11 1]
[4.81545757106685 'Conceptual' 0 0.14666771625907957 0.13371602573693692
 0.10256410256410256 62 7 10 22 1]
[2.7954125742346414 'Conceptual' 0 0.14666771625907957 0.13371602573693692
 3.770940170940171 62 7 11 17 1]
[4.83144633984322 'Conceptual' 0 0.14666771625907957 0.13371602573693692
 0.10256410256410256 62 7 12 23 1]
[0.32059041169384755 'Conceptual' 0 0.14666771625907957
 0.13371602573693692 1.3094017094017094 62 7 13 10 1]
[1.4072856266714644 'Conceptual' 0 0.14666771625907957 0.13371602573693692
 0.10256410256410256 62 7 14 20 1]
[5.400026093023096 'Conceptual' 0 0.14666771625907957 0.13371602573693692
 0.10256410256410256 62 7 15 23 1]
[0.6111769231903526 'Conceptual' 0 0.14666771625907957 0.13371602573693692
 0.10256410256410256 62 7 16 20 1]
[2.8735458862516876 'Conceptual' 0 0.14666771625907957 0.13371602573693692
 4.102564102564102 62 7 17 16 1]
[0.05140347247607706 'Conceptual' 0 0.14666771625907957
 0.13371602573693692 0.923076923076923 62 7 18 10 1]
[1.3506752163391904 'Conceptual' 0 0.14666771625907957 0.13371602573693692
 3.223931623931624 62 7 19 9 1]
[0.0 'Conceptual' 0 2.7128675546121297 44.533145842605464 0.0 62 8 0 40 1]
[3.7676292410053875 'Conceptual' 0 2.7128675546121297 44.533145842605464
 2.505982905982906 62 8 1 37 1]
[4.127128032255082 'Conceptual' 0 2.7128675546121297 44.533145842605464
 0.24957264957264963 62 8 2 38 1]
[3.6931909057784655 'Conceptual' 0 2.7128675546121297 44.533145842605464
 1.3333333333333335 62 8 3 26 1]
[4.094236144704523 'Conceptual' 0 2.7128675546121297 44.533145842605464
 0.3076923076923077 62 8 4 30 1]
[3.62537208860822 'Conceptual' 0 2.7128675546121297 44.533145842605464
 4.102564102564102 62 8 5 34 1]
[2.9502444916548676 'Conceptual' 0 2.7128675546121297 44.533145842605464
 4.102564102564102 62 8 6 44 1]
[4.043004362927879 'Conceptual' 0 2.7128675546121297 44.533145842605464
 0.28376068376068375 62 8 7 52 1]
[3.5053297284273737 'Conceptual' 0 2.7128675546121297 44.533145842605464
 0.8991452991452991 62 8 8 57 1]
[2.842967231004039 'Conceptual' 0 2.7128675546121297 44.533145842605464
 3.5658119658119656 62 8 9 52 1]
[0.3521344239816974 'Conceptual' 0 2.7128675546121297 44.533145842605464
 0.923076923076923 62 8 10 52 1]
[2.3057716502622143 'Conceptual' 0 2.7128675546121297 44.533145842605464
 2.54017094017094 62 8 11 51 1]
[2.799011266030688 'Conceptual' 0 2.7128675546121297 44.533145842605464
 2.6666666666666665 62 8 12 53 1]
[2.35027634091181 'Conceptual' 0 2.7128675546121297 44.533145842605464
 2.12991452991453 62 8 13 53 1]
[2.560213373044577 'Conceptual' 0 2.7128675546121297 44.533145842605464
 2.2324786324786325 62 8 14 50 1]
[2.9511730950542048 'Conceptual' 0 2.7128675546121297 44.533145842605464
 2.2666666666666666 62 8 15 46 1]
[0.8839764458996756 'Conceptual' 0 2.7128675546121297 44.533145842605464
 1.2068376068376068 62 8 16 44 1]
[3.5041969302761227 'Conceptual' 0 2.7128675546121297 44.533145842605464
 2.9504273504273506 62 8 17 32 1]
[2.001105301198517 'Conceptual' 0 2.7128675546121297 44.533145842605464
 1.4803418803418804 62 8 18 37 1]
[2.6727830188802617 'Conceptual' 0 2.7128675546121297 44.533145842605464
 1.8461538461538463 62 8 19 34 1]
[0.0 'Conceptual' 0 0.0001383046923291064 98.39546767523164 0.0 62 9 0 43
 1]
[3.803798638858201 'Conceptual' 0 0.0001383046923291064 98.39546767523164
 0.5914529914529914 62 9 1 57 1]
[1.0988156013320227 'Conceptual' 0 0.0001383046923291064 98.39546767523164
 4.102564102564102 62 9 2 51 1]
[2.653441247819964 'Conceptual' 0 0.0001383046923291064 98.39546767523164
 1.1282051282051282 62 9 3 14 1]
[3.056000469241807 'Conceptual' 0 0.0001383046923291064 98.39546767523164
 0.717948717948718 62 9 4 24 1]
[1.7927099174967247 'Conceptual' 0 0.0001383046923291064 98.39546767523164
 0.28376068376068375 62 9 5 6 1]
[0.0102093052752368 'Conceptual' 0 0.0001383046923291064 98.39546767523164
 0.923076923076923 62 9 6 3 1]
[2.07951153922995 'Conceptual' 0 0.0001383046923291064 98.39546767523164
 1.9487179487179487 62 9 7 13 1]
[2.9444626630965005 'Conceptual' 0 0.0001383046923291064 98.39546767523164
 2.2324786324786325 62 9 8 11 1]
[2.6390930432632334 'Conceptual' 0 0.0001383046923291064 98.39546767523164
 1.7435897435897436 62 9 9 22 1]
[1.9459915743116158 'Conceptual' 0 0.0001383046923291064 98.39546767523164
 1.3333333333333335 62 9 10 12 1]
[2.4849499821824725 'Conceptual' 0 0.0001383046923291064 98.39546767523164
 1.435897435897436 62 9 11 15 1]
[2.6166994099966665 'Conceptual' 0 0.0001383046923291064 98.39546767523164
 0.5128205128205128 62 9 12 9 1]
[0.029494787342739106 'Conceptual' 0 0.0001383046923291064
 98.39546767523164 0.5914529914529914 62 9 13 28 1]
[2.197285686580123 'Conceptual' 0 0.0001383046923291064 98.39546767523164
 1.1282051282051282 62 9 14 21 1]
[3.2958505696141374 'Conceptual' 0 0.0001383046923291064 98.39546767523164
 1.7435897435897436 62 9 15 36 1]
[2.6615892895624937 'Conceptual' 0 0.0001383046923291064 98.39546767523164
 0.41025641025641024 62 9 16 41 1]
[2.484949982182472 'Conceptual' 0 0.0001383046923291064 98.39546767523164
 1.1282051282051282 62 9 17 20 1]
[3.662870258409098 'Conceptual' 0 0.0001383046923291064 98.39546767523164
 0.317948717948718 62 9 18 0 1]
[2.708082867235333 'Conceptual' 0 0.0001383046923291064 98.39546767523164
 1.1282051282051282 62 9 19 29 1]
