slurmstepd: error: Unable to create TMPDIR [/wrk/users/kojaakko]: Permission denied
slurmstepd: error: Setting TMPDIR to /tmp
[0.0 'Spatial' 0 1.6537347339901456e-17 0.48886117446065996 0.0 48 0 0 49
 1]
[3.6888854540959364 'Spatial' 0 1.6537347339901456e-17 0.48886117446065996
 0.45470085470085464 48 0 1 18 1]
[0.6934571325198738 'Spatial' 0 1.6537347339901456e-17 0.48886117446065996
 0.5128205128205128 48 0 2 19 1]
[0.0006298016333102192 'Spatial' 0 1.6537347339901456e-17
 0.48886117446065996 0.6153846153846153 48 0 3 9 1]
[4.094345228888545 'Spatial' 0 1.6537347339901456e-17 0.48886117446065996
 0.10256410256410256 48 0 4 0 1]
[0.0006298016333102192 'Spatial' 0 1.6537347339901456e-17
 0.48886117446065996 0.10256410256410256 48 0 5 0 1]
[0.0006298016333102192 'Spatial' 0 1.6537347339901456e-17
 0.48886117446065996 0.10256410256410256 48 0 6 0 1]
[0.0006298016333102192 'Spatial' 0 1.6537347339901456e-17
 0.48886117446065996 0.10256410256410256 48 0 7 0 1]
[0.0006298016333102192 'Spatial' 0 1.6537347339901456e-17
 0.48886117446065996 0.10256410256410256 48 0 8 0 1]
[0.0006298016333102192 'Spatial' 0 1.6537347339901456e-17
 0.48886117446065996 0.10256410256410256 48 0 9 0 1]
[0.0006298016333102192 'Spatial' 0 1.6537347339901456e-17
 0.48886117446065996 0.10256410256410256 48 0 10 0 1]
[0.0006298016333102192 'Spatial' 0 1.6537347339901456e-17
 0.48886117446065996 0.10256410256410256 48 0 11 0 1]
[0.0006298016333102192 'Spatial' 0 1.6537347339901456e-17
 0.48886117446065996 0.10256410256410256 48 0 12 0 1]
[0.0006298016333102192 'Spatial' 0 1.6537347339901456e-17
 0.48886117446065996 0.10256410256410256 48 0 13 0 1]
[0.0006298016333102192 'Spatial' 0 1.6537347339901456e-17
 0.48886117446065996 0.10256410256410256 48 0 14 0 1]
[0.0006298016333102192 'Spatial' 0 1.6537347339901456e-17
 0.48886117446065996 0.10256410256410256 48 0 15 0 1]
[0.0006298016333102192 'Spatial' 0 1.6537347339901456e-17
 0.48886117446065996 0.10256410256410256 48 0 16 0 1]
[0.0006298016333102192 'Spatial' 0 1.6537347339901456e-17
 0.48886117446065996 0.10256410256410256 48 0 17 0 1]
[0.0006298016333102192 'Spatial' 0 1.6537347339901456e-17
 0.48886117446065996 0.10256410256410256 48 0 18 0 1]
[0.0006298016333102192 'Spatial' 0 1.6537347339901456e-17
 0.48886117446065996 0.10256410256410256 48 0 19 0 1]
[0.0 'Spatial' 0 0.00016198543648468825 1.8327640290908762 0.0 48 1 0 21 1]
[1.386444349871016 'Spatial' 0 0.00016198543648468825 1.8327640290908762
 1.241025641025641 48 1 1 7 1]
[0.6934571325198738 'Spatial' 0 0.00016198543648468825 1.8327640290908762
 0.41025641025641024 48 1 2 6 1]
[0.0006298016333102192 'Spatial' 0 0.00016198543648468825
 1.8327640290908762 0.41025641025641024 48 1 3 15 1]
[4.094345228888545 'Spatial' 0 0.00016198543648468825 1.8327640290908762
 0.10256410256410256 48 1 4 56 1]
[0.0006298016333102192 'Spatial' 0 0.00016198543648468825
 1.8327640290908762 0.717948717948718 48 1 5 7 1]
[0.0006298016333102192 'Spatial' 0 0.00016198543648468825
 1.8327640290908762 0.10256410256410256 48 1 6 7 1]
[0.0006298016333102192 'Spatial' 0 0.00016198543648468825
 1.8327640290908762 0.10256410256410256 48 1 7 7 1]
[0.0006298016333102192 'Spatial' 0 0.00016198543648468825
 1.8327640290908762 0.10256410256410256 48 1 8 7 1]
[0.0006298016333102192 'Spatial' 0 0.00016198543648468825
 1.8327640290908762 0.10256410256410256 48 1 9 7 1]
[0.0006298016333102192 'Spatial' 0 0.00016198543648468825
 1.8327640290908762 0.10256410256410256 48 1 10 7 1]
[0.0006298016333102192 'Spatial' 0 0.00016198543648468825
 1.8327640290908762 0.10256410256410256 48 1 11 7 1]
[0.0006298016333102192 'Spatial' 0 0.00016198543648468825
 1.8327640290908762 0.10256410256410256 48 1 12 7 1]
[0.0006298016333102192 'Spatial' 0 0.00016198543648468825
 1.8327640290908762 0.10256410256410256 48 1 13 7 1]
[0.0006298016333102192 'Spatial' 0 0.00016198543648468825
 1.8327640290908762 0.10256410256410256 48 1 14 7 1]
[0.0006298016333102192 'Spatial' 0 0.00016198543648468825
 1.8327640290908762 0.10256410256410256 48 1 15 7 1]
[0.0006298016333102192 'Spatial' 0 0.00016198543648468825
 1.8327640290908762 0.10256410256410256 48 1 16 7 1]
[0.0006298016333102192 'Spatial' 0 0.00016198543648468825
 1.8327640290908762 0.10256410256410256 48 1 17 7 1]
[0.0006298016333102192 'Spatial' 0 0.00016198543648468825
 1.8327640290908762 0.10256410256410256 48 1 18 7 1]
[0.0006298016333102192 'Spatial' 0 0.00016198543648468825
 1.8327640290908762 0.10256410256410256 48 1 19 7 1]
[0.0 'Spatial' 0 0.05197281609331399 2.9977948701284878 0.0 48 2 0 9 1]
[2.6204424983153354 'Spatial' 0 0.05197281609331399 2.9977948701284878
 3.736752136752137 48 2 1 54 1]
[2.6853023713656907 'Spatial' 0 0.05197281609331399 2.9977948701284878
 2.1538461538461537 48 2 2 14 1]
[1.9894602674267663 'Spatial' 0 0.05197281609331399 2.9977948701284878
 2.1538461538461537 48 2 3 49 1]
[0.8952112690844108 'Spatial' 0 0.05197281609331399 2.9977948701284878
 2.198290598290598 48 2 4 28 1]
[2.9340274075977666 'Spatial' 0 0.05197281609331399 2.9977948701284878
 0.923076923076923 48 2 5 25 1]
[3.470323690103064 'Spatial' 0 0.05197281609331399 2.9977948701284878
 0.6598290598290598 48 2 6 32 1]
[3.6523387551719746 'Spatial' 0 0.05197281609331399 2.9977948701284878
 0.5572649572649572 48 2 7 16 1]
[3.06857793226735 'Spatial' 0 0.05197281609331399 2.9977948701284878
 0.7965811965811965 48 2 8 30 1]
[4.0060821467030525 'Spatial' 0 0.05197281609331399 2.9977948701284878
 0.3076923076923077 48 2 9 46 1]
[0.5222359459035673 'Spatial' 0 0.05197281609331399 2.9977948701284878
 3.4632478632478634 48 2 10 26 1]
[0.38495059972800655 'Spatial' 0 0.05197281609331399 2.9977948701284878
 3.4632478632478634 48 2 11 26 1]
[0.000629801633309997 'Spatial' 0 0.05197281609331399 2.9977948701284878
 0.717948717948718 48 2 12 26 1]
[1.345500267110895 'Spatial' 0 0.05197281609331399 2.9977948701284878
 4.102564102564102 48 2 13 27 1]
[0.000629801633309997 'Spatial' 0 0.05197281609331399 2.9977948701284878
 0.10256410256410256 48 2 14 26 1]
[3.4418904848651763 'Spatial' 0 0.05197281609331399 2.9977948701284878
 2.358974358974359 48 2 15 25 1]
[0.000629801633309997 'Spatial' 0 0.05197281609331399 2.9977948701284878
 0.10256410256410256 48 2 16 26 1]
[0.000629801633309997 'Spatial' 0 0.05197281609331399 2.9977948701284878
 0.10256410256410256 48 2 17 26 1]
[0.000629801633309997 'Spatial' 0 0.05197281609331399 2.9977948701284878
 0.10256410256410256 48 2 18 26 1]
[0.000629801633309997 'Spatial' 0 0.05197281609331399 2.9977948701284878
 0.10256410256410256 48 2 19 26 1]
[0.0 'Spatial' 0 2.7203613102014377e-20 1.9420335605704329 0.0 48 3 0 21 1]
[2.8903973131251823 'Spatial' 0 2.7203613102014377e-20 1.9420335605704329
 0.5572649572649572 48 3 1 50 1]
[3.0445429137042646 'Spatial' 0 2.7203613102014377e-20 1.9420335605704329
 0.3521367521367521 48 3 2 53 1]
[3.4012087149312666 'Spatial' 0 2.7203613102014377e-20 1.9420335605704329
 0.24957264957264963 48 3 3 27 1]
[0.0006298016333102192 'Spatial' 0 2.7203613102014377e-20
 1.9420335605704329 0.5128205128205128 48 3 4 0 1]
[2.833240990732867 'Spatial' 0 2.7203613102014377e-20 1.9420335605704329
 0.24957264957264963 48 3 5 6 1]
[0.6934571325198738 'Spatial' 0 2.7203613102014377e-20 1.9420335605704329
 0.20512820512820512 48 3 6 5 1]
[0.0006298016333102192 'Spatial' 0 2.7203613102014377e-20
 1.9420335605704329 1.435897435897436 48 3 7 5 1]
[0.0006298016333102192 'Spatial' 0 2.7203613102014377e-20
 1.9420335605704329 0.10256410256410256 48 3 8 5 1]
[0.0006298016333102192 'Spatial' 0 2.7203613102014377e-20
 1.9420335605704329 0.10256410256410256 48 3 9 5 1]
[0.0006298016333102192 'Spatial' 0 2.7203613102014377e-20
 1.9420335605704329 0.10256410256410256 48 3 10 5 1]
[0.0006298016333102192 'Spatial' 0 2.7203613102014377e-20
 1.9420335605704329 0.10256410256410256 48 3 11 5 1]
[0.0006298016333102192 'Spatial' 0 2.7203613102014377e-20
 1.9420335605704329 0.10256410256410256 48 3 12 5 1]
[0.0006298016333102192 'Spatial' 0 2.7203613102014377e-20
 1.9420335605704329 0.10256410256410256 48 3 13 5 1]
[0.0006298016333102192 'Spatial' 0 2.7203613102014377e-20
 1.9420335605704329 0.10256410256410256 48 3 14 5 1]
[0.0006298016333102192 'Spatial' 0 2.7203613102014377e-20
 1.9420335605704329 0.10256410256410256 48 3 15 5 1]
[0.0006298016333102192 'Spatial' 0 2.7203613102014377e-20
 1.9420335605704329 0.10256410256410256 48 3 16 5 1]
[0.0006298016333102192 'Spatial' 0 2.7203613102014377e-20
 1.9420335605704329 0.10256410256410256 48 3 17 5 1]
[0.0006298016333102192 'Spatial' 0 2.7203613102014377e-20
 1.9420335605704329 0.10256410256410256 48 3 18 5 1]
[0.0006298016333102192 'Spatial' 0 2.7203613102014377e-20
 1.9420335605704329 0.10256410256410256 48 3 19 5 1]
[0.0 'Spatial' 0 1.5742869345049834e-06 1.2166429481344292 0.0 48 4 0 54 1]
[3.898635167970956 'Spatial' 0 1.5742869345049834e-06 1.2166429481344292
 0.5572649572649572 48 4 1 51 1]
[1.0992468337988488 'Spatial' 0 1.5742869345049834e-06 1.2166429481344292
 0.5572649572649572 48 4 2 59 1]
[0.0006298016333097749 'Spatial' 0 1.5742869345049834e-06
 1.2166429481344292 0.6153846153846153 48 4 3 58 1]
[2.845249908088314 'Spatial' 0 1.5742869345049834e-06 1.2166429481344292
 0.20512820512820512 48 4 4 57 1]
[0.0006298016333097749 'Spatial' 0 1.5742869345049834e-06
 1.2166429481344292 0.3076923076923077 48 4 5 50 1]
[0.0006298016333097749 'Spatial' 0 1.5742869345049834e-06
 1.2166429481344292 3.1794871794871793 48 4 6 59 1]
[0.0006298016333097749 'Spatial' 0 1.5742869345049834e-06
 1.2166429481344292 1.0256410256410255 48 4 7 58 1]
[0.0006298016333097749 'Spatial' 0 1.5742869345049834e-06
 1.2166429481344292 0.10256410256410256 48 4 8 58 1]
[0.0006298016333097749 'Spatial' 0 1.5742869345049834e-06
 1.2166429481344292 0.10256410256410256 48 4 9 58 1]
[0.0006298016333097749 'Spatial' 0 1.5742869345049834e-06
 1.2166429481344292 0.10256410256410256 48 4 10 58 1]
[0.0006298016333097749 'Spatial' 0 1.5742869345049834e-06
 1.2166429481344292 0.10256410256410256 48 4 11 58 1]
[0.0006298016333097749 'Spatial' 0 1.5742869345049834e-06
 1.2166429481344292 0.10256410256410256 48 4 12 58 1]
[0.0006298016333097749 'Spatial' 0 1.5742869345049834e-06
 1.2166429481344292 0.10256410256410256 48 4 13 58 1]
[0.0006298016333097749 'Spatial' 0 1.5742869345049834e-06
 1.2166429481344292 0.10256410256410256 48 4 14 58 1]
[0.0006298016333097749 'Spatial' 0 1.5742869345049834e-06
 1.2166429481344292 0.10256410256410256 48 4 15 58 1]
[0.0006298016333097749 'Spatial' 0 1.5742869345049834e-06
 1.2166429481344292 0.10256410256410256 48 4 16 58 1]
[0.0006298016333097749 'Spatial' 0 1.5742869345049834e-06
 1.2166429481344292 0.10256410256410256 48 4 17 58 1]
[0.0006298016333097749 'Spatial' 0 1.5742869345049834e-06
 1.2166429481344292 0.10256410256410256 48 4 18 58 1]
[0.0006298016333097749 'Spatial' 0 1.5742869345049834e-06
 1.2166429481344292 0.10256410256410256 48 4 19 58 1]
[0.0 'Spatial' 0 0.13071608400174395 0.03780046196426655 0.0 48 5 0 40 1]
[3.990039128938307 'Spatial' 0 0.13071608400174395 0.03780046196426655
 2.2564102564102564 48 5 1 47 1]
[3.497273686943434 'Spatial' 0 0.13071608400174395 0.03780046196426655
 2.54017094017094 48 5 2 31 1]
[2.596726869798453 'Spatial' 0 0.13071608400174395 0.03780046196426655
 1.5384615384615385 48 5 3 23 1]
[0.8320922102890104 'Spatial' 0 0.13071608400174395 0.03780046196426655
 1.3333333333333335 48 5 4 31 1]
[2.14182583606307 'Spatial' 0 0.13071608400174395 0.03780046196426655
 3.0188034188034187 48 5 5 39 1]
[0.043905257630170925 'Spatial' 0 0.13071608400174395 0.03780046196426655
 0.41025641025641024 48 5 6 31 1]
[2.095393577376468 'Spatial' 0 0.13071608400174395 0.03780046196426655
 2.9743589743589745 48 5 7 30 1]
[0.0010837989681239239 'Spatial' 0 0.13071608400174395 0.03780046196426655
 0.10256410256410256 48 5 8 31 1]
[1.78398491945287 'Spatial' 0 0.13071608400174395 0.03780046196426655
 3.770940170940171 48 5 9 23 1]
[2.908609230646184 'Spatial' 0 0.13071608400174395 0.03780046196426655
 4.102564102564102 48 5 10 15 1]
[0.0008285269341253751 'Spatial' 0 0.13071608400174395 0.03780046196426655
 0.10256410256410256 48 5 11 31 1]
[1.0797356288577284 'Spatial' 0 0.13071608400174395 0.03780046196426655
 3.076923076923077 48 5 12 23 1]
[0.8902937500772291 'Spatial' 0 0.13071608400174395 0.03780046196426655
 2.6666666666666665 48 5 13 23 1]
[2.607502422019468 'Spatial' 0 0.13071608400174395 0.03780046196426655
 4.102564102564102 48 5 14 15 1]
[0.040137700536861956 'Spatial' 0 0.13071608400174395 0.03780046196426655
 1.2307692307692308 48 5 15 23 1]
[0.007574580422626657 'Spatial' 0 0.13071608400174395 0.03780046196426655
 1.07008547008547 48 5 16 23 1]
[2.1686285420492495 'Spatial' 0 0.13071608400174395 0.03780046196426655
 4.102564102564102 48 5 17 22 1]
[1.5929049066007859 'Spatial' 0 0.13071608400174395 0.03780046196426655
 3.9760683760683757 48 5 18 31 1]
[0.0014958620803973924 'Spatial' 0 0.13071608400174395 0.03780046196426655
 1.0017094017094017 48 5 19 23 1]
[0.0 'Spatial' 0 0.003612118605153808 0.8145899499933364 0.0 48 6 0 3 1]
[3.765967324154781 'Spatial' 0 0.003612118605153808 0.8145899499933364
 1.1042735042735041 48 6 1 24 1]
[3.7506625539533727 'Spatial' 0 0.003612118605153808 0.8145899499933364
 0.7965811965811965 48 6 2 48 1]
[3.3763012744653627 'Spatial' 0 0.003612118605153808 0.8145899499933364
 1.07008547008547 48 6 3 59 1]
[3.324324466246171 'Spatial' 0 0.003612118605153808 0.8145899499933364
 0.7965811965811965 48 6 4 35 1]
[1.1438076878191137 'Spatial' 0 0.003612118605153808 0.8145899499933364
 0.7623931623931623 48 6 5 28 1]
[0.4918352065995451 'Spatial' 0 0.003612118605153808 0.8145899499933364
 0.6940170940170939 48 6 6 29 1]
[4.035566260054143 'Spatial' 0 0.003612118605153808 0.8145899499933364
 0.28376068376068375 48 6 7 22 1]
[2.7072810090195865 'Spatial' 0 0.003612118605153808 0.8145899499933364
 0.3521367521367521 48 6 8 14 1]
[0.28836440461232826 'Spatial' 0 0.003612118605153808 0.8145899499933364
 3.4871794871794872 48 6 9 13 1]
[0.0006298016333102192 'Spatial' 0 0.003612118605153808 0.8145899499933364
 0.6153846153846153 48 6 10 14 1]
[1.462344443442271 'Spatial' 0 0.003612118605153808 0.8145899499933364
 3.052991452991453 48 6 11 13 1]
[2.9148629502561163 'Spatial' 0 0.003612118605153808 0.8145899499933364
 4.102564102564102 48 6 12 6 1]
[0.0006298016333102192 'Spatial' 0 0.003612118605153808 0.8145899499933364
 0.41025641025641024 48 6 13 14 1]
[0.0006298016333102192 'Spatial' 0 0.003612118605153808 0.8145899499933364
 0.10256410256410256 48 6 14 14 1]
[0.0006298016333102192 'Spatial' 0 0.003612118605153808 0.8145899499933364
 0.10256410256410256 48 6 15 14 1]
[0.0006298016333102192 'Spatial' 0 0.003612118605153808 0.8145899499933364
 0.10256410256410256 48 6 16 14 1]
[0.0006298016333102192 'Spatial' 0 0.003612118605153808 0.8145899499933364
 0.10256410256410256 48 6 17 14 1]
[0.0006298016333102192 'Spatial' 0 0.003612118605153808 0.8145899499933364
 0.10256410256410256 48 6 18 14 1]
[0.0006298016333102192 'Spatial' 0 0.003612118605153808 0.8145899499933364
 0.10256410256410256 48 6 19 14 1]
[0.0 'Spatial' 0 7.221864010666709e-06 1.006301288342947 0.0 48 7 0 49 1]
[3.50703443433551 'Spatial' 0 7.221864010666709e-06 1.006301288342947
 0.923076923076923 48 7 1 54 1]
[0.000629801633309997 'Spatial' 0 7.221864010666709e-06 1.006301288342947
 0.7623931623931623 48 7 2 38 1]
[3.074669425343786 'Spatial' 0 7.221864010666709e-06 1.006301288342947
 0.8991452991452991 48 7 3 9 1]
[0.6935020034032184 'Spatial' 0 7.221864010666709e-06 1.006301288342947
 1.0017094017094017 48 7 4 0 1]
[0.000629801633309997 'Spatial' 0 7.221864010666709e-06 1.006301288342947
 1.0256410256410255 48 7 5 18 1]
[0.000629801633309997 'Spatial' 0 7.221864010666709e-06 1.006301288342947
 4.0 48 7 6 18 1]
[0.000629801633309997 'Spatial' 0 7.221864010666709e-06 1.006301288342947
 0.10256410256410256 48 7 7 18 1]
[0.000629801633309997 'Spatial' 0 7.221864010666709e-06 1.006301288342947
 0.10256410256410256 48 7 8 18 1]
[0.000629801633309997 'Spatial' 0 7.221864010666709e-06 1.006301288342947
 0.10256410256410256 48 7 9 18 1]
[0.000629801633309997 'Spatial' 0 7.221864010666709e-06 1.006301288342947
 0.10256410256410256 48 7 10 18 1]
[0.000629801633309997 'Spatial' 0 7.221864010666709e-06 1.006301288342947
 0.10256410256410256 48 7 11 18 1]
[0.000629801633309997 'Spatial' 0 7.221864010666709e-06 1.006301288342947
 0.10256410256410256 48 7 12 18 1]
[0.000629801633309997 'Spatial' 0 7.221864010666709e-06 1.006301288342947
 0.10256410256410256 48 7 13 18 1]
[0.000629801633309997 'Spatial' 0 7.221864010666709e-06 1.006301288342947
 0.10256410256410256 48 7 14 18 1]
[0.000629801633309997 'Spatial' 0 7.221864010666709e-06 1.006301288342947
 0.10256410256410256 48 7 15 18 1]
[0.000629801633309997 'Spatial' 0 7.221864010666709e-06 1.006301288342947
 0.10256410256410256 48 7 16 18 1]
[0.000629801633309997 'Spatial' 0 7.221864010666709e-06 1.006301288342947
 0.10256410256410256 48 7 17 18 1]
[0.000629801633309997 'Spatial' 0 7.221864010666709e-06 1.006301288342947
 0.10256410256410256 48 7 18 18 1]
[0.000629801633309997 'Spatial' 0 7.221864010666709e-06 1.006301288342947
 0.10256410256410256 48 7 19 18 1]
[0.0 'Spatial' 0 0.2185361006075515 0.6498105128176417 0.0 48 8 0 21 1]
[3.875387596974216 'Spatial' 0 0.2185361006075515 0.6498105128176417
 1.8905982905982905 48 8 1 17 1]
[3.494704091792832 'Spatial' 0 0.2185361006075515 0.6498105128176417
 1.435897435897436 48 8 2 8 1]
[3.092435416154895 'Spatial' 0 0.2185361006075515 0.6498105128176417
 3.282051282051282 48 8 3 24 1]
[2.4001022723949865 'Spatial' 0 0.2185361006075515 0.6498105128176417
 2.871794871794872 48 8 4 25 1]
[2.866032390189314 'Spatial' 0 0.2185361006075515 0.6498105128176417 4.0
 48 8 5 26 1]
[3.382731333991969 'Spatial' 0 0.2185361006075515 0.6498105128176417
 4.102564102564102 48 8 6 19 1]
[2.9533210864275103 'Spatial' 0 0.2185361006075515 0.6498105128176417
 4.102564102564102 48 8 7 10 1]
[3.795302360525001 'Spatial' 0 0.2185361006075515 0.6498105128176417
 4.102564102564102 48 8 8 2 1]
[1.857340758327778 'Spatial' 0 0.2185361006075515 0.6498105128176417
 2.4034188034188033 48 8 9 9 1]
[1.5666384928510977 'Spatial' 0 0.2185361006075515 0.6498105128176417
 0.8649572649572649 48 8 10 10 1]
[3.142509315936662 'Spatial' 0 0.2185361006075515 0.6498105128176417
 4.102564102564102 48 8 11 11 1]
[1.4590717630530623 'Spatial' 0 0.2185361006075515 0.6498105128176417
 1.7196581196581195 48 8 12 18 1]
[0.07649957547623558 'Spatial' 0 0.2185361006075515 0.6498105128176417
 0.6153846153846153 48 8 13 10 1]
[1.615755785359828 'Spatial' 0 0.2185361006075515 0.6498105128176417
 2.505982905982906 48 8 14 9 1]
[3.1925231491247894 'Spatial' 0 0.2185361006075515 0.6498105128176417
 4.102564102564102 48 8 15 2 1]
[0.012546261188197402 'Spatial' 0 0.2185361006075515 0.6498105128176417
 0.8991452991452991 48 8 16 10 1]
[0.0021141072125536306 'Spatial' 0 0.2185361006075515 0.6498105128176417
 0.10256410256410256 48 8 17 10 1]
[0.0006738776124184567 'Spatial' 0 0.2185361006075515 0.6498105128176417
 0.10256410256410256 48 8 18 10 1]
[0.0006298016333102192 'Spatial' 0 0.2185361006075515 0.6498105128176417
 0.10256410256410256 48 8 19 10 1]
[0.0 'Spatial' 0 0.03842165201709376 0.7993798297745887 0.0 48 9 0 49 1]
[4.135776094936873 'Spatial' 0 0.03842165201709376 0.7993798297745887
 0.38632478632478634 48 9 1 42 1]
[4.112901493247033 'Spatial' 0 0.03842165201709376 0.7993798297745887
 0.38632478632478634 48 9 2 43 1]
[3.7694263934966443 'Spatial' 0 0.03842165201709376 0.7993798297745887
 1.1042735042735041 48 9 3 29 1]
[3.862060199408868 'Spatial' 0 0.03842165201709376 0.7993798297745887
 0.6940170940170939 48 9 4 22 1]
[3.4146526979987164 'Spatial' 0 0.03842165201709376 0.7993798297745887
 1.2068376068376068 48 9 5 17 1]
[2.49229247315123 'Spatial' 0 0.03842165201709376 0.7993798297745887
 3.5316239316239315 48 9 6 27 1]
[1.8113056159721586 'Spatial' 0 0.03842165201709376 0.7993798297745887
 3.1555555555555554 48 9 7 36 1]
[3.2897394470096657 'Spatial' 0 0.03842165201709376 0.7993798297745887
 1.0017094017094017 48 9 8 63 1]
[4.006283880883115 'Spatial' 0 0.03842165201709376 0.7993798297745887
 0.38632478632478634 48 9 9 54 1]
[2.7840796571399653 'Spatial' 0 0.03842165201709376 0.7993798297745887
 1.0017094017094017 48 9 10 4 1]
[2.8302405921285776 'Spatial' 0 0.03842165201709376 0.7993798297745887
 1.0017094017094017 48 9 11 0 1]
[2.496528937196075 'Spatial' 0 0.03842165201709376 0.7993798297745887
 1.0256410256410255 48 9 12 7 1]
[3.8269294916453824 'Spatial' 0 0.03842165201709376 0.7993798297745887
 0.4888888888888889 48 9 13 25 1]
[3.912025805424226 'Spatial' 0 0.03842165201709376 0.7993798297745887
 0.10256410256410256 48 9 14 48 1]
[3.8918233593304303 'Spatial' 0 0.03842165201709376 0.7993798297745887
 0.10256410256410256 48 9 15 51 1]
[3.8592309498862445 'Spatial' 0 0.03842165201709376 0.7993798297745887
 0.41025641025641024 48 9 16 34 1]
[3.850151218724794 'Spatial' 0 0.03842165201709376 0.7993798297745887
 0.10256410256410256 48 9 17 41 1]
[1.6185901798429079 'Spatial' 0 0.03842165201709376 0.7993798297745887
 0.8991452991452991 48 9 18 25 1]
[0.000629801633309997 'Spatial' 0 0.03842165201709376 0.7993798297745887
 0.10256410256410256 48 9 19 25 1]
[0.0 'Conceptual' 0 4.329356053635534 57.64795724222437 0.0 48 0 0 56 1]
[3.626398036415988 'Conceptual' 0 4.329356053635534 57.64795724222437
 4.102564102564102 48 0 1 63 1]
[4.126777812088125 'Conceptual' 0 4.329356053635534 57.64795724222437
 0.3076923076923077 48 0 2 48 1]
[3.704932271822473 'Conceptual' 0 4.329356053635534 57.64795724222437
 4.102564102564102 48 0 3 40 1]
[0.1357620162171222 'Conceptual' 0 4.329356053635534 57.64795724222437
 1.6170940170940171 48 0 4 48 1]
[0.016038657594963708 'Conceptual' 0 4.329356053635534 57.64795724222437
 1.1282051282051282 48 0 5 48 1]
[2.6121129217119052 'Conceptual' 0 4.329356053635534 57.64795724222437
 4.102564102564102 48 0 6 59 1]
[0.7018024920165626 'Conceptual' 0 4.329356053635534 57.64795724222437
 1.2307692307692308 48 0 7 56 1]
[0.6947301273170076 'Conceptual' 0 4.329356053635534 57.64795724222437
 1.0017094017094017 48 0 8 56 1]
[0.6945824934484134 'Conceptual' 0 4.329356053635534 57.64795724222437
 0.8649572649572649 48 0 9 56 1]
[0.026763597131930193 'Conceptual' 0 4.329356053635534 57.64795724222437
 0.10256410256410256 48 0 10 56 1]
[0.026763597131930193 'Conceptual' 0 4.329356053635534 57.64795724222437
 0.10256410256410256 48 0 11 56 1]
[0.026763597131930193 'Conceptual' 0 4.329356053635534 57.64795724222437
 0.10256410256410256 48 0 12 56 1]
[0.026763597131930193 'Conceptual' 0 4.329356053635534 57.64795724222437
 0.10256410256410256 48 0 13 56 1]
[0.026763597131930193 'Conceptual' 0 4.329356053635534 57.64795724222437
 0.10256410256410256 48 0 14 56 1]
[0.026763597131930193 'Conceptual' 0 4.329356053635534 57.64795724222437
 0.10256410256410256 48 0 15 56 1]
[0.026763597131930193 'Conceptual' 0 4.329356053635534 57.64795724222437
 0.10256410256410256 48 0 16 56 1]
[0.026763597131930193 'Conceptual' 0 4.329356053635534 57.64795724222437
 0.10256410256410256 48 0 17 56 1]
[0.026763597131930193 'Conceptual' 0 4.329356053635534 57.64795724222437
 0.10256410256410256 48 0 18 56 1]
[0.026763597131930193 'Conceptual' 0 4.329356053635534 57.64795724222437
 0.10256410256410256 48 0 19 56 1]
[0.0 'Conceptual' 0 0.0015565619982758144 0.8562901129342626 0.0 48 1 0 7
 1]
[2.7810447166689856 'Conceptual' 0 0.0015565619982758144
 0.8562901129342626 3.4632478632478634 48 1 1 63 1]
[4.127134707625684 'Conceptual' 0 0.0015565619982758144 0.8562901129342626
 0.10256410256410256 48 1 2 56 1]
[0.0006314859027241375 'Conceptual' 0 0.0015565619982758144
 0.8562901129342626 4.102564102564102 48 1 3 0 1]
[2.624805683369722 'Conceptual' 0 0.0015565619982758144 0.8562901129342626
 1.2752136752136753 48 1 4 4 1]
[0.01570345923752648 'Conceptual' 0 0.0015565619982758144
 0.8562901129342626 1.5829059829059828 48 1 5 31 1]
[0.04168195969924858 'Conceptual' 0 0.0015565619982758144
 0.8562901129342626 2.358974358974359 48 1 6 7 1]
[0.0006298016333102192 'Conceptual' 0 0.0015565619982758144
 0.8562901129342626 0.10256410256410256 48 1 7 7 1]
[0.0006298016333102192 'Conceptual' 0 0.0015565619982758144
 0.8562901129342626 0.10256410256410256 48 1 8 7 1]
[0.0006298016333102192 'Conceptual' 0 0.0015565619982758144
 0.8562901129342626 0.10256410256410256 48 1 9 7 1]
[0.0006298016333102192 'Conceptual' 0 0.0015565619982758144
 0.8562901129342626 0.10256410256410256 48 1 10 7 1]
[0.0006298016333102192 'Conceptual' 0 0.0015565619982758144
 0.8562901129342626 0.10256410256410256 48 1 11 7 1]
[0.0006298016333102192 'Conceptual' 0 0.0015565619982758144
 0.8562901129342626 0.10256410256410256 48 1 12 7 1]
[0.0006298016333102192 'Conceptual' 0 0.0015565619982758144
 0.8562901129342626 0.10256410256410256 48 1 13 7 1]
[0.0006298016333102192 'Conceptual' 0 0.0015565619982758144
 0.8562901129342626 0.10256410256410256 48 1 14 7 1]
[0.0006298016333102192 'Conceptual' 0 0.0015565619982758144
 0.8562901129342626 0.10256410256410256 48 1 15 7 1]
[0.0006298016333102192 'Conceptual' 0 0.0015565619982758144
 0.8562901129342626 0.10256410256410256 48 1 16 7 1]
[0.0006298016333102192 'Conceptual' 0 0.0015565619982758144
 0.8562901129342626 0.10256410256410256 48 1 17 7 1]
[0.0006298016333102192 'Conceptual' 0 0.0015565619982758144
 0.8562901129342626 0.10256410256410256 48 1 18 7 1]
[0.0006298016333102192 'Conceptual' 0 0.0015565619982758144
 0.8562901129342626 0.10256410256410256 48 1 19 7 1]
[0.0 'Conceptual' 0 0.0008360952591326233 0.08830114614958372 0.0 48 2 0 0
 1]
[3.4104387899179693 'Conceptual' 0 0.0008360952591326233
 0.08830114614958372 1.8905982905982905 48 2 1 56 1]
[1.616778697121781 'Conceptual' 0 0.0008360952591326233
 0.08830114614958372 4.102564102564102 48 2 2 7 1]
[1.714530487214253 'Conceptual' 0 0.0008360952591326233
 0.08830114614958372 1.1042735042735041 48 2 3 23 1]
[0.9506179960095283 'Conceptual' 0 0.0008360952591326233
 0.08830114614958372 0.7965811965811965 48 2 4 31 1]
[4.077538291362988 'Conceptual' 0 0.0008360952591326233
 0.08830114614958372 0.10256410256410256 48 2 5 30 1]
[4.053703576973503 'Conceptual' 0 0.0008360952591326233
 0.08830114614958372 0.28376068376068375 48 2 6 34 1]
[1.352959370303158 'Conceptual' 0 0.0008360952591326233
 0.08830114614958372 0.7623931623931623 48 2 7 35 1]
[4.025055761597739 'Conceptual' 0 0.0008360952591326233
 0.08830114614958372 0.24957264957264963 48 2 8 9 1]
[4.005907118684454 'Conceptual' 0 0.0008360952591326233
 0.08830114614958372 0.24957264957264963 48 2 9 25 1]
[4.1588830833596715 'Conceptual' 0 0.0008360952591326233
 0.08830114614958372 4.102564102564102 48 2 10 42 1]
[0.000629801633309997 'Conceptual' 0 0.0008360952591326233
 0.08830114614958372 0.10256410256410256 48 2 11 25 1]
[4.1588830833596715 'Conceptual' 0 0.0008360952591326233
 0.08830114614958372 4.0 48 2 12 24 1]
[4.1588830833596715 'Conceptual' 0 0.0008360952591326233
 0.08830114614958372 4.0 48 2 13 26 1]
[0.000629801633309997 'Conceptual' 0 0.0008360952591326233
 0.08830114614958372 0.10256410256410256 48 2 14 25 1]
[4.1588830833596715 'Conceptual' 0 0.0008360952591326233
 0.08830114614958372 3.8974358974358974 48 2 15 17 1]
[4.1588830833596715 'Conceptual' 0 0.0008360952591326233
 0.08830114614958372 3.7948717948717947 48 2 16 17 1]
[0.000629801633309997 'Conceptual' 0 0.0008360952591326233
 0.08830114614958372 0.10256410256410256 48 2 17 25 1]
[4.1588830833596715 'Conceptual' 0 0.0008360952591326233
 0.08830114614958372 3.692307692307692 48 2 18 17 1]
[0.000629801633309997 'Conceptual' 0 0.0008360952591326233
 0.08830114614958372 0.10256410256410256 48 2 19 25 1]
[0.0 'Conceptual' 0 0.030254790983379604 0.13449247859443622 0.0 48 3 0 0
 1]
[3.703168870712202 'Conceptual' 0 0.030254790983379604 0.13449247859443622
 3.58974358974359 48 3 1 56 1]
[4.127513973727994 'Conceptual' 0 0.030254790983379604 0.13449247859443622
 0.10256410256410256 48 3 2 1 1]
[4.045635044358998 'Conceptual' 0 0.030254790983379604 0.13449247859443622
 0.6153846153846153 48 3 3 3 1]
[2.9832215297175386 'Conceptual' 0 0.030254790983379604
 0.13449247859443622 1.411965811965812 48 3 4 5 1]
[0.001312477756742445 'Conceptual' 0 0.030254790983379604
 0.13449247859443622 0.10256410256410256 48 3 5 5 1]
[1.6025497432533828 'Conceptual' 0 0.030254790983379604
 0.13449247859443622 3.1213675213675214 48 3 6 4 1]
[2.1618542423087743 'Conceptual' 0 0.030254790983379604
 0.13449247859443622 3.3846153846153846 48 3 7 13 1]
[0.0006298016333102192 'Conceptual' 0 0.030254790983379604
 0.13449247859443622 0.10256410256410256 48 3 8 5 1]
[0.0006298016333102192 'Conceptual' 0 0.030254790983379604
 0.13449247859443622 0.10256410256410256 48 3 9 5 1]
[1.8288700123581516 'Conceptual' 0 0.030254790983379604
 0.13449247859443622 3.5316239316239315 48 3 10 13 1]
[1.4087707815191541 'Conceptual' 0 0.030254790983379604
 0.13449247859443622 3.258119658119658 48 3 11 13 1]
[0.0006298016333102192 'Conceptual' 0 0.030254790983379604
 0.13449247859443622 0.10256410256410256 48 3 12 5 1]
[0.0006298016333102192 'Conceptual' 0 0.030254790983379604
 0.13449247859443622 0.10256410256410256 48 3 13 5 1]
[0.0006298016333102192 'Conceptual' 0 0.030254790983379604
 0.13449247859443622 0.10256410256410256 48 3 14 5 1]
[0.0006298016333102192 'Conceptual' 0 0.030254790983379604
 0.13449247859443622 0.10256410256410256 48 3 15 5 1]
[0.0006298016333102192 'Conceptual' 0 0.030254790983379604
 0.13449247859443622 0.10256410256410256 48 3 16 5 1]
[0.0006298016333102192 'Conceptual' 0 0.030254790983379604
 0.13449247859443622 0.10256410256410256 48 3 17 5 1]
[0.0006298016333102192 'Conceptual' 0 0.030254790983379604
 0.13449247859443622 0.10256410256410256 48 3 18 5 1]
[0.0006298016333102192 'Conceptual' 0 0.030254790983379604
 0.13449247859443622 0.10256410256410256 48 3 19 5 1]
[0.0 'Conceptual' 0 0.14677801633123497 0.6875010474322246 0.0 48 4 0 56 1]
[3.7141152265342825 'Conceptual' 0 0.14677801633123497 0.6875010474322246
 3.839316239316239 48 4 1 63 1]
[3.262843493899613 'Conceptual' 0 0.14677801633123497 0.6875010474322246
 3.8974358974358974 48 4 2 23 1]
[3.8560335458846158 'Conceptual' 0 0.14677801633123497 0.6875010474322246
 1.435897435897436 48 4 3 4 1]
[4.095387280870136 'Conceptual' 0 0.14677801633123497 0.6875010474322246
 0.10256410256410256 48 4 4 12 1]
[3.9854877010576124 'Conceptual' 0 0.14677801633123497 0.6875010474322246
 0.717948717948718 48 4 5 40 1]
[3.9700723774173077 'Conceptual' 0 0.14677801633123497 0.6875010474322246
 0.7623931623931623 48 4 6 58 1]
[2.769260462745556 'Conceptual' 0 0.14677801633123497 0.6875010474322246
 2.7452991452991453 48 4 7 58 1]
[2.291834532672423 'Conceptual' 0 0.14677801633123497 0.6875010474322246
 2.6666666666666665 48 4 8 56 1]
[2.995099760173009 'Conceptual' 0 0.14677801633123497 0.6875010474322246
 2.8136752136752134 48 4 9 59 1]
[1.3534933670391207 'Conceptual' 0 0.14677801633123497 0.6875010474322246
 1.3094017094017094 48 4 10 59 1]
[2.479844966887311 'Conceptual' 0 0.14677801633123497 0.6875010474322246
 2.198290598290598 48 4 11 51 1]
[1.6715990617111895 'Conceptual' 0 0.14677801633123497 0.6875010474322246
 1.8461538461538463 48 4 12 51 1]
[0.5072153879164913 'Conceptual' 0 0.14677801633123497 0.6875010474322246
 1.1042735042735041 48 4 13 59 1]
[4.060605922313504 'Conceptual' 0 0.14677801633123497 0.6875010474322246
 3.429059829059829 48 4 14 43 1]
[3.662414461879602 'Conceptual' 0 0.14677801633123497 0.6875010474322246
 3.052991452991453 48 4 15 43 1]
[2.0472611045651607 'Conceptual' 0 0.14677801633123497 0.6875010474322246
 0.24957264957264963 48 4 16 43 1]
[0.030371719932698833 'Conceptual' 0 0.14677801633123497
 0.6875010474322246 0.45470085470085464 48 4 17 43 1]
[0.0008086217676271888 'Conceptual' 0 0.14677801633123497
 0.6875010474322246 0.45470085470085464 48 4 18 43 1]
[0.2073566997499353 'Conceptual' 0 0.14677801633123497 0.6875010474322246
 1.7880341880341881 48 4 19 51 1]
[0.0 'Conceptual' 0 0.020030549919077423 0.4058897489033793 0.0 48 5 0 54
 1]
[3.378639860922487 'Conceptual' 0 0.020030549919077423 0.4058897489033793
 2.871794871794872 48 5 1 21 1]
[3.085545480712669 'Conceptual' 0 0.020030549919077423 0.4058897489033793
 4.102564102564102 48 5 2 45 1]
[4.111031925683426 'Conceptual' 0 0.020030549919077423 0.4058897489033793
 0.10256410256410256 48 5 3 5 1]
[0.8447863986680116 'Conceptual' 0 0.020030549919077423 0.4058897489033793
 4.0 48 5 4 29 1]
[4.077704035367344 'Conceptual' 0 0.020030549919077423 0.4058897489033793
 0.10256410256410256 48 5 5 14 1]
[2.89426019707588 'Conceptual' 0 0.020030549919077423 0.4058897489033793
 0.5128205128205128 48 5 6 20 1]
[4.043286032761867 'Conceptual' 0 0.020030549919077423 0.4058897489033793
 0.10256410256410256 48 5 7 1 1]
[4.025590825921217 'Conceptual' 0 0.020030549919077423 0.4058897489033793
 0.10256410256410256 48 5 8 24 1]
[4.007576849575636 'Conceptual' 0 0.020030549919077423 0.4058897489033793
 0.10256410256410256 48 5 9 61 1]
[4.612118141380764 'Conceptual' 0 0.020030549919077423 0.4058897489033793
 0.10256410256410256 48 5 10 52 1]
[0.7819501527896007 'Conceptual' 0 0.020030549919077423 0.4058897489033793
 0.10256410256410256 48 5 11 61 1]
[0.0006298016333097749 'Conceptual' 0 0.020030549919077423
 0.4058897489033793 0.10256410256410256 48 5 12 61 1]
[0.0006777396745548765 'Conceptual' 0 0.020030549919077423
 0.4058897489033793 1.9487179487179487 48 5 13 53 1]
[0.0006298016333097749 'Conceptual' 0 0.020030549919077423
 0.4058897489033793 0.10256410256410256 48 5 14 61 1]
[0.0006298016333097749 'Conceptual' 0 0.020030549919077423
 0.4058897489033793 2.1538461538461537 48 5 15 53 1]
[0.0006298016333097749 'Conceptual' 0 0.020030549919077423
 0.4058897489033793 1.9487179487179487 48 5 16 53 1]
[0.0006298016333097749 'Conceptual' 0 0.020030549919077423
 0.4058897489033793 0.10256410256410256 48 5 17 61 1]
[0.0006298016333097749 'Conceptual' 0 0.020030549919077423
 0.4058897489033793 0.10256410256410256 48 5 18 61 1]
[0.0006298016333097749 'Conceptual' 0 0.020030549919077423
 0.4058897489033793 0.10256410256410256 48 5 19 61 1]
[0.0 'Conceptual' 0 0.1221223439079073 1.0105289031789468 0.0 48 6 0 8 1]
[3.3887257452020356 'Conceptual' 0 0.1221223439079073 1.0105289031789468
 4.102564102564102 48 6 1 7 1]
[3.1778771022834933 'Conceptual' 0 0.1221223439079073 1.0105289031789468
 3.282051282051282 48 6 2 47 1]
[3.3092367217374767 'Conceptual' 0 0.1221223439079073 1.0105289031789468
 2.871794871794872 48 6 3 60 1]
[3.8910214059804846 'Conceptual' 0 0.1221223439079073 1.0105289031789468
 0.8649572649572649 48 6 4 2 1]
[3.826049786774345 'Conceptual' 0 0.1221223439079073 1.0105289031789468
 0.8205128205128205 48 6 5 50 1]
[2.1977767452138424 'Conceptual' 0 0.1221223439079073 1.0105289031789468
 2.1538461538461537 48 6 6 22 1]
[3.630971791883537 'Conceptual' 0 0.1221223439079073 1.0105289031789468
 4.102564102564102 48 6 7 38 1]
[1.1621809176206683 'Conceptual' 0 0.1221223439079073 1.0105289031789468
 1.6854700854700855 48 6 8 22 1]
[0.009008049799187297 'Conceptual' 0 0.1221223439079073 1.0105289031789468
 1.1042735042735041 48 6 9 22 1]
[0.000629801633309997 'Conceptual' 0 0.1221223439079073 1.0105289031789468
 0.10256410256410256 48 6 10 22 1]
[1.266252967341385 'Conceptual' 0 0.1221223439079073 1.0105289031789468
 2.916239316239316 48 6 11 23 1]
[2.035771567523887 'Conceptual' 0 0.1221223439079073 1.0105289031789468
 4.0 48 6 12 14 1]
[0.000629801633309997 'Conceptual' 0 0.1221223439079073 1.0105289031789468
 0.10256410256410256 48 6 13 22 1]
[0.000629801633309997 'Conceptual' 0 0.1221223439079073 1.0105289031789468
 0.10256410256410256 48 6 14 22 1]
[1.7592948507719224 'Conceptual' 0 0.1221223439079073 1.0105289031789468
 3.1794871794871793 48 6 15 14 1]
[1.3198851580912117 'Conceptual' 0 0.1221223439079073 1.0105289031789468
 3.076923076923077 48 6 16 23 1]
[2.994024453788752 'Conceptual' 0 0.1221223439079073 1.0105289031789468
 4.102564102564102 48 6 17 6 1]
[0.000629801633309997 'Conceptual' 0 0.1221223439079073 1.0105289031789468
 0.10256410256410256 48 6 18 22 1]
[3.978350056275405 'Conceptual' 0 0.1221223439079073 1.0105289031789468
 4.102564102564102 48 6 19 30 1]
[0.0 'Conceptual' 0 0.0015833690151150618 0.7155386314250405 0.0 48 7 0 0
 1]
[3.1110048430513104 'Conceptual' 0 0.0015833690151150618
 0.7155386314250405 3.1213675213675214 48 7 1 56 1]
[0.01635922061692572 'Conceptual' 0 0.0015833690151150618
 0.7155386314250405 4.102564102564102 48 7 2 7 1]
[4.110874355976469 'Conceptual' 0 0.0015833690151150618 0.7155386314250405
 0.10256410256410256 48 7 3 6 1]
[1.8532256465660373 'Conceptual' 0 0.0015833690151150618
 0.7155386314250405 1.8222222222222222 48 7 4 62 1]
[2.4355386428750414 'Conceptual' 0 0.0015833690151150618
 0.7155386314250405 1.2307692307692308 48 7 5 11 1]
[4.0604440450286425 'Conceptual' 0 0.0015833690151150618
 0.7155386314250405 0.10256410256410256 48 7 6 57 1]
[4.025220560930145 'Conceptual' 0 0.0015833690151150618 0.7155386314250405
 0.3076923076923077 48 7 7 46 1]
[0.09808017417207399 'Conceptual' 0 0.0015833690151150618
 0.7155386314250405 1.8222222222222222 48 7 8 54 1]
[0.000629801633309997 'Conceptual' 0 0.0015833690151150618
 0.7155386314250405 0.717948717948718 48 7 9 46 1]
[0.6491754760319923 'Conceptual' 0 0.0015833690151150618
 0.7155386314250405 3.429059829059829 48 7 10 38 1]
[0.0006315515507231796 'Conceptual' 0 0.0015833690151150618
 0.7155386314250405 3.3846153846153846 48 7 11 38 1]
[0.000629801633309997 'Conceptual' 0 0.0015833690151150618
 0.7155386314250405 0.10256410256410256 48 7 12 38 1]
[0.000629801633309997 'Conceptual' 0 0.0015833690151150618
 0.7155386314250405 0.10256410256410256 48 7 13 38 1]
[0.000629801633309997 'Conceptual' 0 0.0015833690151150618
 0.7155386314250405 0.10256410256410256 48 7 14 38 1]
[0.000629801633309997 'Conceptual' 0 0.0015833690151150618
 0.7155386314250405 0.10256410256410256 48 7 15 38 1]
[0.000629801633309997 'Conceptual' 0 0.0015833690151150618
 0.7155386314250405 0.10256410256410256 48 7 16 38 1]
[0.000629801633309997 'Conceptual' 0 0.0015833690151150618
 0.7155386314250405 0.10256410256410256 48 7 17 38 1]
[0.000629801633309997 'Conceptual' 0 0.0015833690151150618
 0.7155386314250405 0.10256410256410256 48 7 18 38 1]
[0.000629801633309997 'Conceptual' 0 0.0015833690151150618
 0.7155386314250405 0.10256410256410256 48 7 19 38 1]
[0.0 'Conceptual' 0 0.1804867052066853 1.9896033815106747e-06 0.0 48 8 0
 50 1]
[3.961643891641528 'Conceptual' 0 0.1804867052066853
 1.9896033815106747e-06 3.736752136752137 48 8 1 36 1]
[3.857324515052979 'Conceptual' 0 0.1804867052066853
 1.9896033815106747e-06 2.12991452991453 48 8 2 40 1]
[2.8004153829952974 'Conceptual' 0 0.1804867052066853
 1.9896033815106747e-06 1.7196581196581195 48 8 3 32 1]
[1.1516243703402096 'Conceptual' 0 0.1804867052066853
 1.9896033815106747e-06 1.1726495726495727 48 8 4 40 1]
[2.460766770733046 'Conceptual' 0 0.1804867052066853
 1.9896033815106747e-06 2.7452991452991453 48 8 5 48 1]
[2.0053003534558025 'Conceptual' 0 0.1804867052066853
 1.9896033815106747e-06 2.4034188034188033 48 8 6 48 1]
[0.2967956320204544 'Conceptual' 0 0.1804867052066853
 1.9896033815106747e-06 1.1282051282051282 48 8 7 40 1]
[2.287284822714821 'Conceptual' 0 0.1804867052066853
 1.9896033815106747e-06 3.5658119658119656 48 8 8 32 1]
[3.831401371522811 'Conceptual' 0 0.1804867052066853
 1.9896033815106747e-06 4.102564102564102 48 8 9 56 1]
[0.0779782482679532 'Conceptual' 0 0.1804867052066853
 1.9896033815106747e-06 0.10256410256410256 48 8 10 40 1]
[2.247018008469944 'Conceptual' 0 0.1804867052066853
 1.9896033815106747e-06 4.102564102564102 48 8 11 32 1]
[0.010092873235998471 'Conceptual' 0 0.1804867052066853
 1.9896033815106747e-06 0.10256410256410256 48 8 12 40 1]
[0.0011664000638295596 'Conceptual' 0 0.1804867052066853
 1.9896033815106747e-06 0.10256410256410256 48 8 13 40 1]
[0.0006440347857236096 'Conceptual' 0 0.1804867052066853
 1.9896033815106747e-06 0.10256410256410256 48 8 14 40 1]
[2.0343030934012334 'Conceptual' 0 0.1804867052066853
 1.9896033815106747e-06 4.102564102564102 48 8 15 32 1]
[0.000629801633309997 'Conceptual' 0 0.1804867052066853
 1.9896033815106747e-06 0.10256410256410256 48 8 16 40 1]
[0.000629801633309997 'Conceptual' 0 0.1804867052066853
 1.9896033815106747e-06 0.10256410256410256 48 8 17 40 1]
[0.000629801633309997 'Conceptual' 0 0.1804867052066853
 1.9896033815106747e-06 0.10256410256410256 48 8 18 40 1]
[1.9487707411223956 'Conceptual' 0 0.1804867052066853
 1.9896033815106747e-06 4.102564102564102 48 8 19 32 1]
[0.0 'Conceptual' 0 1.8851842712141307 99.15034969324562 0.0 48 9 0 7 1]
[4.142886749357178 'Conceptual' 0 1.8851842712141307 99.15034969324562
 0.28376068376068375 48 9 1 6 1]
[1.9427102101560523 'Conceptual' 0 1.8851842712141307 99.15034969324562
 4.102564102564102 48 9 2 6 1]
[2.58329682846153 'Conceptual' 0 1.8851842712141307 99.15034969324562
 4.044444444444444 48 9 3 4 1]
[4.042709603578641 'Conceptual' 0 1.8851842712141307 99.15034969324562
 0.6940170940170939 48 9 4 2 1]
[3.611236083945295 'Conceptual' 0 1.8851842712141307 99.15034969324562
 2.871794871794872 48 9 5 57 1]
[3.8330790381193682 'Conceptual' 0 1.8851842712141307 99.15034969324562
 0.8205128205128205 48 9 6 42 1]
[3.335478249365668 'Conceptual' 0 1.8851842712141307 99.15034969324562
 1.2307692307692308 48 9 7 16 1]
[3.1861889104924703 'Conceptual' 0 1.8851842712141307 99.15034969324562
 1.2068376068376068 48 9 8 31 1]
[3.5218259789232693 'Conceptual' 0 1.8851842712141307 99.15034969324562
 2.6427350427350427 48 9 9 25 1]
[2.627791205442383 'Conceptual' 0 1.8851842712141307 99.15034969324562
 1.2752136752136753 48 9 10 55 1]
[3.0732475918494084 'Conceptual' 0 1.8851842712141307 99.15034969324562
 0.8205128205128205 48 9 11 29 1]
[3.610122771413719 'Conceptual' 0 1.8851842712141307 99.15034969324562
 2.12991452991453 48 9 12 50 1]
[2.6679860717894845 'Conceptual' 0 1.8851842712141307 99.15034969324562
 0.8205128205128205 48 9 13 52 1]
[2.1845384407166963 'Conceptual' 0 1.8851842712141307 99.15034969324562
 0.8205128205128205 48 9 14 40 1]
[1.9217007662427834 'Conceptual' 0 1.8851842712141307 99.15034969324562
 1.3094017094017094 48 9 15 41 1]
[1.6276448215026047 'Conceptual' 0 1.8851842712141307 99.15034969324562
 0.9675213675213674 48 9 16 41 1]
[2.6661850485525296 'Conceptual' 0 1.8851842712141307 99.15034969324562
 1.3094017094017094 48 9 17 57 1]
[1.9230581328120893 'Conceptual' 0 1.8851842712141307 99.15034969324562
 0.8649572649572649 48 9 18 57 1]
[1.9526796003097955 'Conceptual' 0 1.8851842712141307 99.15034969324562
 0.8205128205128205 48 9 19 57 1]
